0.0,0.0,2.5026565708685666e-07
0.023219954648526078,0.0,1.7273123376071453e-07
0.046439909297052155,0.0,1.8095033738063648e-07
0.06965986394557823,0.0,3.7854715628782287e-07
0.09287981859410431,0.0,1.4240595191949978e-07
0.11609977324263039,0.0,6.568370736204088e-08
0.13931972789115646,0.0,1.8261016521137208e-07
0.16253968253968254,0.0,6.499021765193902e-07
0.18575963718820862,0.0,2.596470949356444e-07
0.2089795918367347,0.0,3.1240415410138667e-07
0.23219954648526078,0.0,3.765508154174313e-07
0.25541950113378686,0.0,1.782254912541248e-07
0.2786394557823129,0.0,8.346250979229808e-08
0.301859410430839,0.0,2.1724463294958696e-07
0.3250793650793651,0.0,4.920984792988747e-07
0.3482993197278912,0.0,4.30435648013372e-07
0.37151927437641724,0.0,4.5770229917252436e-07
0.3947392290249433,0.0,1.6825015336507931e-07
0.4179591836734694,0.0,3.822151484200731e-08
0.44117913832199546,0.0,1.7174625099869445e-07
0.46439909297052157,0.0,2.3730535758659244e-07
0.4876190476190476,0.0,4.234771040501073e-07
0.5108390022675737,0.0,3.7902827898506075e-07
0.5340589569160998,541.03723,0.00016363525355700403
0.5572789115646258,541.66376,0.00041024439269676805
0.5804988662131519,359.08246,0.0004594273050315678
0.603718820861678,366.92773,0.0005077676614746451
0.626938775510204,367.61835,0.0005988274933770299
0.6501587301587302,363.87778,0.000766118464525789
0.6733786848072563,355.02094,0.0007964390097185969
0.6965986394557824,346.60892,0.0008015696657821536
0.7198185941043084,348.8533,0.0008170561632141471
0.7430385487528345,361.92047,0.0008881096728146076
0.7662585034013606,376.27576,0.0009098061127588153
0.7894784580498866,381.18988,0.0009480172302573919
0.8126984126984127,363.59146,0.0010632663033902645
0.8359183673469388,347.7906,0.0011116752866655588
0.8591383219954649,336.57272,0.001293947803787887
0.8823582766439909,341.2023,0.0012188629480078816
0.905578231292517,354.23254,0.0010380959138274193
0.9287981859410431,369.58896,0.0012354759965091944
0.9520181405895691,379.18103,0.001091887941583991
0.9752380952380952,368.67596,0.0012690341100096703
0.9984580498866213,349.4224,0.0013741685543209314
1.0216780045351475,335.1914,0.0014708633534610271
1.0448979591836736,336.9692,0.0014618344139307737
1.0681179138321997,346.7786,0.0011959291296079755
1.0913378684807256,365.92407,0.0011568977497518063
1.1145578231292517,379.6152,0.0010425843065604568
1.1377777777777778,379.48163,0.0011488515883684158
1.1609977324263039,360.86563,0.0013439100002869964
1.18421768707483,346.59793,0.0014547827886417508
1.207437641723356,339.10593,0.0016759070567786694
1.2306575963718822,344.15808,0.0013504482340067625
1.253877551020408,357.75006,0.0013009707909077406
1.2770975056689342,370.60773,0.00124719412997365
1.3003174603174603,379.20288,0.001280390191823244
1.3235374149659864,373.84592,0.001202394487336278
1.3467573696145125,361.1523,0.0014269785024225712
1.3699773242630386,2460.746,0.0013159604277461767
1.3931972789115648,350.3587,0.0011675599962472916
1.4164172335600906,355.97943,0.001223560655489564
1.4396371882086167,362.27713,0.0011753629660233855
1.4628571428571429,365.2437,0.00115624675527215
1.486077097505669,362.76245,0.001208356348797679
1.509297052154195,360.42404,0.0010417297016829252
1.5325170068027212,362.56497,0.0010436384472995996
1.5557369614512473,367.33722,0.0009788929019123316
1.5789569160997732,375.2052,0.0009055708069354296
1.6021768707482993,392.36243,0.001118712592869997
1.6253968253968254,417.3581,0.0008713213610462844
1.6486167800453515,446.44818,0.0011725083459168673
1.6718367346938776,465.93903,0.0010565703269094229
1.6950566893424037,463.50116,0.0014360074419528246
1.7182766439909298,449.43796,0.0016444326611235738
1.7414965986394557,438.01715,0.0013775296974927187
1.7647165532879818,435.19705,0.0018644873052835464
1.787936507936508,443.91837,0.003022687276825309
1.811156462585034,458.93103,0.0027812779881060123
1.8343764172335602,2401.534,0.004016296472400427
1.8575963718820863,2360.1682,0.004645556211471558
1.8808163265306124,460.1149,0.003983898088335991
1.9040362811791383,438.556,0.0023508635349571705
1.9272562358276644,425.09073,0.0023383130319416523
1.9504761904761905,432.34387,0.003348900703713298
1.9736961451247166,446.87842,0.005358771421015263
1.9969160997732427,2359.3643,0.004495775327086449
2.020136054421769,475.30167,0.005093149840831757
2.043356009070295,461.392,0.004400158300995827
2.066575963718821,442.41696,0.002879758831113577
2.089795918367347,425.16946,0.0026172534562647343
2.1130158730158732,426.87503,0.0034280528780072927
2.1362358276643993,440.63788,0.0048459554091095924
2.159455782312925,459.9462,0.005471002776175737
2.182675736961451,475.8642,0.0061553590930998325
2.2058956916099772,2343.9692,0.005224207416176796
2.2291156462585033,457.49683,0.0043085599318146706
2.2523356009070294,441.2935,0.004009109456092119
2.2755555555555556,434.01944,0.0038991691544651985
2.2987755102040817,439.02206,0.004492316395044327
2.3219954648526078,450.63553,0.00622515706345439
2.345215419501134,2336.4417,0.005497699603438377
2.36843537414966,468.98886,0.0049133095890283585
2.391655328798186,459.93683,0.003812151961028576
2.414875283446712,451.77792,0.004622728563845158
2.4380952380952383,447.64188,0.00491004204377532
2.4613151927437644,449.68414,0.005853788927197456
2.48453514739229,2309.959,0.0056122830137610435
2.507755102040816,467.52744,0.003553684800863266
2.5309750566893423,470.93503,0.002748841419816017
2.5541950113378684,479.1133,0.002885830821469426
2.5774149659863945,509.89352,0.009721074253320694
2.6006349206349206,551.92267,0.02147051692008972
2.6238548752834467,588.09863,0.020592719316482544
2.647074829931973,597.00916,0.020334143191576004
2.670294784580499,586.3025,0.01817724108695984
2.693514739229025,564.40625,0.01603413000702858
2.716734693877551,545.63666,0.011456260457634926
2.7399546485260773,537.7746,0.015492817386984825
2.7631746031746034,541.90753,0.02182425744831562
2.7863945578231295,552.0098,0.032176002860069275
2.809614512471655,563.45435,0.035123445093631744
2.8328344671201813,575.3253,0.03509727120399475
2.8560544217687074,576.2749,0.03680409491062164
2.8792743764172335,555.12585,0.017205823212862015
2.9024943310657596,527.57245,0.007372007705271244
2.9257142857142857,514.49835,0.008786393329501152
2.948934240362812,526.7328,0.025623807683587074
2.972154195011338,550.86395,0.0406697578728199
2.995374149659864,587.86346,0.035689808428287506
3.01859410430839,600.86676,0.0410592257976532
3.0418140589569163,594.3362,0.035732921212911606
3.0650340136054424,553.2127,0.015536658465862274
3.0882539682539685,525.725,0.008588150143623352
3.1114739229024946,517.06976,0.010904520750045776
3.1346938775510207,529.2547,0.032065048813819885
3.1579138321995464,553.6268,0.04984147846698761
3.1811337868480725,587.9226,0.044073231518268585
3.2043537414965986,601.4501,0.05160318687558174
3.2275736961451247,595.9089,0.04571518301963806
3.250793650793651,568.91974,0.029996201395988464
3.274013605442177,542.7894,0.01446976326406002
3.297233560090703,528.0251,0.02060519903898239
3.320453514739229,536.3969,0.04270779713988304
3.3436734693877552,556.49664,0.05964856594800949
3.3668934240362813,577.54095,0.05003298819065094
3.3901133786848074,593.0343,0.055326495319604874
3.4133333333333336,589.04956,0.059173427522182465
3.4365532879818597,572.6003,0.058092184364795685
3.4597732426303858,558.7764,0.053915880620479584
3.4829931972789114,554.3688,0.07150666415691376
3.5062131519274375,562.42267,0.08235914260149002
3.5294331065759637,572.588,0.07982440292835236
3.5526530612244898,578.8283,0.061432044953107834
3.575873015873016,583.28827,0.026203997433185577
3.599092970521542,613.29565,0.027618389576673508
3.622312925170068,701.7049,0.05153590813279152
3.645532879818594,749.5064,0.04921817034482956
3.6687528344671203,770.1438,0.03556179255247116
3.6919727891156464,770.79047,0.041737813502550125
3.7151927437641725,753.75024,0.04040903598070145
3.7384126984126986,725.906,0.03228382766246796
3.7616326530612247,711.02545,0.03948765620589256
3.784852607709751,704.9371,0.059336598962545395
3.8080725623582765,709.96063,0.08149248361587524
3.8312925170068026,726.6205,0.09385180473327637
3.8545124716553287,752.0427,0.08837351202964783
3.877732426303855,773.76715,0.08341322839260101
3.900952380952381,772.40625,0.1194671019911766
3.924172335600907,739.41797,0.12263985723257065
3.947392290249433,696.0664,0.11203646659851074
3.9706122448979593,683.62146,0.13051626086235046
3.9938321995464854,703.65564,0.15577346086502075
4.017052154195011,739.4594,0.14439919590950012
4.040272108843538,767.88043,0.1548253893852234
4.063492063492063,790.6405,0.2388070821762085
4.08671201814059,792.47107,0.1805027276277542
4.1099319727891155,764.9318,0.17425629496574402
4.133151927437642,723.1077,0.12473190575838089
4.156371882086168,705.5048,0.12971767783164978
4.179591836734694,708.4227,0.14026524126529694
4.20281179138322,741.79004,0.12726905941963196
4.2260317460317465,769.249,0.14161062240600586
4.249251700680272,794.75854,0.1572750061750412
4.272471655328799,806.0961,0.1612994372844696
4.295691609977324,793.26514,0.14726665616035461
4.31891156462585,761.418,0.15515092015266418
4.342131519274377,725.6813,0.12652425467967987
4.365351473922902,714.67706,0.13406923413276672
4.388571428571429,724.31696,0.12678010761737823
4.4117913832199545,746.9567,0.11063413321971893
4.435011337868481,771.91956,0.10669071972370148
4.458231292517007,782.8992,0.1010415256023407
4.481451247165533,764.7296,0.12197688221931458
4.504671201814059,743.75507,0.10074207931756973
4.527891156462585,739.59155,0.08803166449069977
4.551111111111111,741.7084,0.05617830529808998
4.574331065759638,723.1917,0.04182117059826851
4.597551020408163,641.7234,0.07283465564250946
4.62077097505669,591.4877,0.04968378692865372
4.6439909297052155,568.4356,0.04116905480623245
4.667210884353741,563.6022,0.03192892670631409
4.690430839002268,563.69336,0.025534633547067642
4.713650793650793,559.78015,0.01789398118853569
4.73687074829932,550.08215,0.010649517178535461
4.760090702947846,540.0514,0.010654089972376823
4.783310657596372,537.27563,0.017584623768925667
4.806530612244898,549.57336,0.032713811844587326
4.829750566893424,568.7073,0.0377117395401001
4.85297052154195,576.4604,0.04142420366406441
4.876190476190477,570.9487,0.03338664770126343
4.899410430839002,547.4273,0.013830361887812614
4.922630385487529,521.5671,0.009348172694444656
4.9458503401360545,513.5941,0.01217389851808548
4.96907029478458,532.16406,0.03549464792013168
4.992290249433107,555.83966,0.05371464043855667
5.015510204081632,581.30286,0.045039933174848557
5.038730158730159,594.10614,0.04497901350259781
5.061950113378685,578.05975,0.036669354885816574
5.085170068027211,551.6283,0.015029052272439003
5.108390022675737,530.3289,0.011063174344599247
5.131609977324263,525.15857,0.015400982461869717
5.154829931972789,535.6144,0.04191865026950836
5.178049886621316,571.2662,0.0479583740234375
5.201269841269841,598.8507,0.04912031441926956
5.224489795918368,607.749,0.04831157997250557
5.2477097505668935,591.00214,0.03421822190284729
5.27092970521542,553.2152,0.01601097360253334
5.294149659863946,530.1886,0.010772566311061382
5.317369614512471,521.8981,0.011261492036283016
5.340589569160998,530.0652,0.03094901517033577
5.363809523809524,554.25964,0.05215572938323021
5.38702947845805,578.59985,0.042555585503578186
5.410249433106576,586.2702,0.04163505136966705
5.433469387755102,570.31714,0.030236827209591866
5.456689342403628,550.83704,0.017845124006271362
5.479909297052155,543.4437,0.02184642106294632
5.50312925170068,550.98126,0.0301767997443676
5.526349206349207,559.6193,0.03619713336229324
5.5495691609977325,563.12506,0.02550322189927101
5.572789115646259,547.5768,0.004979852586984634
5.596009070294785,498.02847,0.002703520469367504
5.61922902494331,479.73517,0.002246683929115534
5.642448979591837,478.75494,0.0018996288999915123
5.6656689342403626,477.289,0.0017386707477271557
5.688888888888889,469.52188,0.0015662163496017456
5.712108843537415,460.38123,0.0020417915657162666
5.735328798185941,457.7238,0.002210332779213786
5.758548752834467,463.49475,0.001700904220342636
5.7817687074829935,475.95673,0.0023859343491494656
5.804988662131519,486.07748,0.002474704058840871
5.828208616780046,484.1386,0.003317207796499133
5.851428571428571,468.02792,0.004802142269909382
5.874648526077098,451.19534,0.004384741187095642
5.897868480725624,444.71494,0.004244151525199413
5.92108843537415,447.96213,0.005411539692431688
5.944308390022676,461.47366,0.0030959341675043106
5.9675283446712015,480.88858,0.003070257604122162
5.990748299319728,488.54333,0.003061833558604121
6.013968253968254,480.19867,0.004896426573395729
6.03718820861678,459.3972,0.004887551534920931
6.060408163265306,446.17636,0.003333072643727064
6.0836281179138325,441.98056,0.003916804678738117
6.106848072562358,449.42038,0.004728051833808422
6.130068027210885,467.12473,0.003444543108344078
6.15328798185941,486.96448,0.0026194765232503414
6.176507936507937,490.56714,0.0030097891576588154
6.199727891156463,478.31744,0.004228417761623859
6.222947845804989,457.68436,0.004230013117194176
6.246167800453515,446.9148,0.0030986391939222813
6.269387755102041,444.3101,0.004042653366923332
6.292607709750567,453.37097,0.004051233641803265
6.315827664399093,471.38232,0.003446821589022875
6.339047619047619,487.2426,0.0027147834189236164
6.362267573696145,488.51898,0.003309351159259677
6.3854875283446715,479.7774,0.0037158920895308256
6.408707482993197,465.89813,0.0037989411503076553
6.431927437641724,456.9763,0.0046753957867622375
6.455147392290249,456.68283,0.003938404843211174
6.478367346938776,460.6553,0.0032439064234495163
6.501587301587302,468.14966,0.0032121753320097923
6.524807256235828,473.95224,0.0037493715062737465
6.548027210884354,470.29868,0.003617500886321068
6.57124716553288,463.4025,0.002863218542188406
6.594467120181406,462.6519,0.00234658969566226
6.617687074829932,465.758,0.0019067960092797875
6.640907029478458,455.7415,0.0015988382510840893
6.664126984126984,420.31744,0.0011069951578974724
6.6873469387755105,395.24826,0.0003880013828165829
6.710566893424036,379.9472,0.0002833404578268528
6.733786848072563,386.10602,0.00039408475277014077
6.757006802721088,401.05386,0.0005105090094730258
6.780226757369615,405.7412,0.0004716200055554509
6.8034467120181406,394.46713,0.0003370250342413783
6.826666666666667,375.35373,0.0003533720737323165
6.849886621315193,358.84024,0.0003986467490904033
6.873106575963719,352.8441,0.00036357942735776305
6.896326530612245,354.1595,0.00040203239768743515
6.9195464852607715,362.68277,0.00047618584358133376
6.942766439909297,369.7572,0.0004791070241481066
6.965986394557823,373.02338,0.0004745437763631344
6.989206349206349,369.37247,0.000564415124244988
7.012426303854875,365.58783,0.0007088544662110507
7.035646258503402,363.3274,0.0008586170733906329
7.058866213151927,362.52487,0.0008473672205582261
7.082086167800454,364.45245,0.0008966288878582418
7.1053061224489795,365.6958,0.0008428615983575583
7.128526077097506,366.32886,0.0008694950956851244
7.151746031746032,367.4528,0.0007365434430539608
7.174965986394558,365.6072,0.0006937911384738982
7.198185941043084,362.33566,0.0006707211141474545
7.2214058956916105,361.2503,0.0006920644082129002
7.244625850340136,362.87753,0.000753140717279166
7.267845804988662,367.53003,0.0008685911307111382
7.291065759637188,2254.1372,0.0008338257321156561
7.314285714285714,377.82425,0.0006949929520487785
7.337505668934241,366.8792,0.0006645844550803304
7.360725623582766,352.2822,0.0006700963713228703
7.383945578231293,340.0341,0.0008220456074923277
7.4071655328798185,344.43378,0.0006433594389818609
7.430385487528345,360.25775,0.000740793882869184
7.453605442176871,371.22256,0.0007431844132952392
7.476825396825397,2260.3945,0.0005835739430040121
7.500045351473923,367.3775,0.0005927677266299725
7.5232653061224495,351.74777,0.000659737444948405
7.546485260770975,338.7949,0.0007655046647414565
7.569705215419502,338.7396,0.0007527560810558498
7.592925170068027,351.2319,0.0005371048464439809
7.616145124716553,369.1373,0.0005444650887511671
7.63936507936508,378.6639,0.0003939515445381403
7.662585034013605,372.9598,0.000459390867035836
7.685804988662132,354.64847,0.0004755599657073617
7.7090249433106575,335.74142,0.000515861320309341
7.732244897959184,337.1698,0.0005434306804090738
7.75546485260771,357.01895,0.0004366496577858925
7.778684807256236,385.65717,4.9252525059273466e-05
7.801904761904762,0.0,3.021776137757115e-06
7.8251247165532885,0.0,7.47228114050813e-07
7.848344671201814,0.0,3.889717845595442e-07
7.871564625850341,0.0,1.5139175957301632e-07
7.894784580498866,0.0,2.9814054869348183e-07
7.918004535147393,0.0,1.1901711332029663e-06
7.9412244897959186,0.0,1.3106018741382286e-06
7.964444444444444,0.0,8.104425432975404e-07
7.987664399092971,0.0,3.021223164978437e-07
8.010884353741497,0.0,7.189009920693934e-08
8.034104308390022,0.0,5.044967110734433e-08
8.057324263038549,0.0,4.2346528061898425e-07
8.080544217687075,0.0,3.3386277209501714e-07
8.103764172335602,0.0,3.4298045648029074e-07
8.126984126984127,0.0,6.951522664166987e-07
8.150204081632653,0.0,6.288537406362593e-07
8.17342403628118,0.0,3.0369028536370024e-07
8.196643990929706,0.0,1.2282634997973219e-07
8.219863945578231,0.0,3.328186721773818e-07
8.243083900226758,0.0,3.8502184906974435e-07
8.266303854875284,0.0,3.6867095332127064e-07
8.289523809523809,0.0,4.786670615430921e-07
8.312743764172335,0.0,1.9374419935047626e-07
8.335963718820862,0.0,2.6870293368119746e-07
8.359183673469389,0.0,3.652885425253771e-07
8.382403628117913,0.0,1.8956779967993498e-07
8.40562358276644,0.0,1.8491755326977e-07
