0.0,0.0,1.4925717550795525e-08
0.023219954648526078,0.0,2.971501089632511e-08
0.046439909297052155,0.0,4.1329258237965405e-08
0.06965986394557823,0.0,3.2657226256560534e-08
0.09287981859410431,0.0,8.03711373009719e-08
0.11609977324263039,0.0,9.462746675126255e-08
0.13931972789115646,0.0,6.043774192221463e-08
0.16253968253968254,0.0,3.3967808121815324e-08
0.18575963718820862,0.0,8.416918717557564e-08
0.2089795918367347,0.0,3.990771801909432e-08
0.23219954648526078,0.0,3.272452886449173e-08
0.25541950113378686,0.0,1.7291313270106912e-08
0.2786394557823129,0.0,2.5096596800722182e-08
0.301859410430839,0.0,3.6999153962824494e-08
0.3250793650793651,0.0,1.577791408635676e-07
0.3482993197278912,0.0,1.2313648767303675e-07
0.37151927437641724,0.0,8.532879292033613e-08
0.3947392290249433,0.0,1.0721305443439633e-07
0.4179591836734694,0.0,2.5744157028384507e-08
0.44117913832199546,0.0,8.767892722971737e-08
0.46439909297052157,0.0,2.771139406831935e-08
0.4876190476190476,0.0,2.1771484171040356e-08
0.5108390022675737,0.0,3.1203853723127395e-08
0.5340589569160998,0.0,1.0854546417249367e-07
0.5572789115646258,0.0,1.448179318686016e-07
0.5804988662131519,356.3864,0.0006610419950447977
0.603718820861678,361.0076,0.001686034956946969
0.626938775510204,355.42313,0.002129713539034128
0.6501587301587302,353.39957,0.0019872807897627354
0.6733786848072563,353.74918,0.002103529404848814
0.6965986394557824,357.67078,0.002158933086320758
0.7198185941043084,357.5778,0.0023100622929632664
0.7430385487528345,352.31995,0.002342338440939784
0.7662585034013606,347.33908,0.0026566116139292717
0.7894784580498866,344.20917,0.0028564902022480965
0.8126984126984127,342.92377,0.002816451946273446
0.8359183673469388,343.4665,0.0029846695251762867
0.8591383219954649,344.71164,0.0031378348357975483
0.8823582766439909,344.82663,0.003475348697975278
0.905578231292517,345.3856,0.003823423059657216
0.9287981859410431,345.77823,0.004094310104846954
0.9520181405895691,346.30975,0.004340856336057186
0.9752380952380952,348.04034,0.004731751047074795
0.9984580498866213,350.0023,0.004647987894713879
1.0216780045351475,350.8908,0.0038233534432947636
1.0448979591836736,352.2651,0.002947299974039197
1.0681179138321997,359.1502,0.0025578434579074383
1.0913378684807256,381.77454,0.0032744661439210176
1.1145578231292517,403.47806,0.004530317150056362
1.1377777777777778,412.5097,0.0050389268435537815
1.1609977324263039,412.09915,0.005583559162914753
1.18421768707483,405.74265,0.006057399325072765
1.207437641723356,399.58844,0.005947142373770475
1.2306575963718822,396.57593,0.00642391387373209
1.253877551020408,397.29773,0.006526061333715916
1.2770975056689342,398.5764,0.006639610975980759
1.3003174603174603,398.6148,0.006965056527405977
1.3235374149659864,399.26828,0.007366877514868975
1.3467573696145125,398.71738,0.007353608030825853
1.3699773242630386,397.11176,0.007769833784550428
1.3931972789115648,396.51657,0.008472050540149212
1.4164172335600906,398.33667,0.009507237933576107
1.4396371882086167,401.98248,0.009214512072503567
1.4628571428571429,405.75903,0.008890002965927124
1.486077097505669,408.14825,0.008693740703165531
1.509297052154195,408.61234,0.0073353443294763565
1.5325170068027212,409.53595,0.006261414848268032
1.5557369614512473,421.2584,0.005734391510486603
1.5789569160997732,443.72366,0.005309411324560642
1.6021768707482993,454.82126,0.005030008032917976
1.6253968253968254,454.3444,0.005961893126368523
1.6486167800453515,448.2933,0.0073648784309625626
1.6718367346938776,444.45566,0.00878974236547947
1.6950566893424037,444.44037,0.009139745496213436
1.7182766439909298,447.0392,0.00923900492489338
1.7414965986394557,449.8902,0.00917435996234417
1.7647165532879818,450.85608,0.009197283536195755
1.787936507936508,448.7566,0.009712436236441135
1.811156462585034,446.14157,0.010524695739150047
1.8343764172335602,445.31216,0.010738000273704529
1.8575963718820863,445.98688,0.011310910806059837
1.8808163265306124,445.5584,0.012032922357320786
1.9040362811791383,445.39133,0.012364852242171764
1.9272562358276644,448.1394,0.01186955813318491
1.9504761904761905,451.62057,0.01064418163150549
1.9736961451247166,451.58084,0.009608015418052673
1.9969160997732427,446.7264,0.009001756086945534
2.020136054421769,442.57883,0.008059145882725716
2.043356009070295,451.82254,0.007345772348344326
2.066575963718821,472.16815,0.008842862211167812
2.089795918367347,483.8382,0.010600333102047443
2.1130158730158732,483.9328,0.010770287364721298
2.1362358276643993,480.85196,0.01114737894386053
2.159455782312925,479.75497,0.011699778959155083
2.182675736961451,480.44012,0.012134447693824768
2.2058956916099772,481.9567,0.012562711723148823
2.2291156462585033,482.05676,0.01226835884153843
2.2523356009070294,479.6693,0.011908180080354214
2.2755555555555556,477.8208,0.012325478717684746
2.2987755102040817,479.3135,0.013480119407176971
2.3219954648526078,482.5212,0.014658434316515923
2.345215419501134,485.5472,0.01663806661963463
2.36843537414966,487.4051,0.01765800639986992
2.391655328798186,487.8109,0.01741226576268673
2.414875283446712,486.35184,0.015654651448130608
2.4380952380952383,484.03314,0.013876821845769882
2.4613151927437644,485.40823,0.01357841957360506
2.48453514739229,496.0348,0.016513144597411156
2.507755102040816,521.705,0.020498786121606827
2.5309750566893423,535.3853,0.016885025426745415
2.5541950113378684,541.16144,0.01706821843981743
2.5774149659863945,537.13684,0.01940092071890831
2.6006349206349206,534.0562,0.020949721336364746
2.6238548752834467,535.8492,0.020799804478883743
2.647074829931973,540.2283,0.019962221384048462
2.670294784580499,540.07166,0.02076461911201477
2.693514739229025,536.6012,0.02242010459303856
2.716734693877551,534.2435,0.024273507297039032
2.7399546485260773,531.8348,0.02730575203895569
2.7631746031746034,529.503,0.029209019616246223
2.7863945578231295,530.15094,0.029253579676151276
2.809614512471655,535.5799,0.026199258863925934
2.8328344671201813,542.00146,0.02493394911289215
2.8560544217687074,544.2206,0.02610066905617714
2.8792743764172335,544.51556,0.02592289075255394
2.9024943310657596,542.0231,0.025450926274061203
2.9257142857142857,538.6394,0.025607392191886902
2.948934240362812,536.43884,0.024143021553754807
2.972154195011338,544.5267,0.02567232772707939
2.995374149659864,571.1739,0.0337664857506752
3.01859410430839,595.5108,0.05148215591907501
3.0418140589569163,606.469,0.050763219594955444
3.0650340136054424,608.2575,0.05294976383447647
3.0882539682539685,604.366,0.05395155027508736
3.1114739229024946,603.80707,0.057534441351890564
3.1346938775510207,606.14716,0.06107034534215927
3.1579138321995464,608.77026,0.065802663564682
3.1811337868480725,608.9571,0.06751947849988937
3.2043537414965986,608.7472,0.07010206580162048
3.2275736961451247,608.15027,0.07317007333040237
3.250793650793651,608.2558,0.0763900876045227
3.274013605442177,608.76544,0.07702711224555969
3.297233560090703,610.8482,0.07784564048051834
3.320453514739229,613.7248,0.0783705934882164
3.3436734693877552,614.9474,0.0786292627453804
3.3668934240362813,614.7176,0.07647430151700974
3.3901133786848074,613.5796,0.06910368800163269
3.4133333333333336,612.49097,0.05008682981133461
3.4365532879818597,618.2811,0.02759718894958496
3.4597732426303858,638.5293,0.03074689954519272
3.4829931972789114,659.6894,0.02991875633597374
3.5062131519274375,670.84607,0.02663421258330345
3.5294331065759637,672.3832,0.030865833163261414
3.5526530612244898,669.5038,0.03339791297912598
3.575873015873016,670.5489,0.03368786722421646
3.599092970521542,673.7247,0.032219111919403076
3.622312925170068,677.80444,0.030994916334748268
3.645532879818594,678.66437,0.03249146416783333
3.6687528344671203,676.7082,0.03408534824848175
3.6919727891156464,674.8697,0.03688879311084747
3.7151927437641725,673.4901,0.03773108869791031
3.7384126984126986,674.6555,0.0355309322476387
3.7616326530612247,677.88513,0.03638329356908798
3.784852607709751,681.18915,0.03719773516058922
3.8080725623582765,680.6394,0.03883710503578186
3.8312925170068026,679.3412,0.03925773501396179
3.8545124716553287,677.392,0.038455989211797714
3.877732426303855,675.0081,0.035295531153678894
3.900952380952381,675.1783,0.03007631003856659
3.924172335600907,684.3073,0.03652765601873398
3.947392290249433,697.8674,0.05548441410064697
3.9706122448979593,709.02704,0.070616714656353
3.9938321995464854,714.91376,0.07300969958305359
4.017052154195011,712.17236,0.0676591545343399
4.040272108843538,707.39575,0.06635283678770065
4.063492063492063,707.0564,0.0758889764547348
4.08671201814059,711.7416,0.08566560596227646
4.1099319727891155,716.59753,0.08788976073265076
4.133151927437642,718.47736,0.08959746360778809
4.156371882086168,716.17303,0.09110599011182785
4.179591836734694,713.6633,0.09238123893737793
4.20281179138322,712.8822,0.09683995693922043
4.2260317460317465,715.1134,0.09869521856307983
4.249251700680272,718.7282,0.09988822788000107
4.272471655328799,720.53687,0.10260270535945892
4.295691609977324,721.3153,0.10393945872783661
4.31891156462585,721.58685,0.10448688268661499
4.342131519274377,721.93384,0.1035270243883133
4.365351473922902,723.5082,0.09227284789085388
4.388571428571429,729.08136,0.06595849990844727
4.4117913832199545,742.8883,0.04571977257728577
4.435011337868481,766.7306,0.043490372598171234
4.458231292517007,788.01385,0.04913172125816345
4.481451247165533,798.33704,0.04406198859214783
4.504671201814059,799.19135,0.051960818469524384
4.527891156462585,793.331,0.05823950842022896
4.551111111111111,791.8772,0.059012867510318756
4.574331065759638,796.1456,0.05097081512212753
4.597551020408163,802.02875,0.047174714505672455
4.62077097505669,804.4033,0.051560357213020325
4.6439909297052155,802.2838,0.05653432756662369
4.667210884353741,798.8518,0.06028903275728226
4.690430839002268,796.3756,0.06289280205965042
4.713650793650793,794.59717,0.06213622912764549
4.73687074829932,792.85486,0.06316541135311127
4.760090702947846,791.9182,0.06537069380283356
4.783310657596372,791.572,0.06653720885515213
4.806530612244898,792.8563,0.06422986090183258
4.829750566893424,795.2008,0.06228434294462204
4.85297052154195,794.97675,0.0628274530172348
4.876190476190477,788.1496,0.06560008972883224
4.899410430839002,771.2234,0.059896908700466156
4.922630385487529,742.161,0.11384130269289017
4.9458503401360545,718.16254,0.11728760600090027
4.96907029478458,708.39453,0.10811371356248856
4.992290249433107,708.3112,0.1167638972401619
5.015510204081632,715.28064,0.11431451886892319
5.038730158730159,721.5858,0.10745246708393097
5.061950113378685,721.35724,0.1105881929397583
5.085170068027211,715.3006,0.10004524886608124
5.108390022675737,707.9584,0.08672985434532166
5.131609977324263,703.53284,0.08651844412088394
5.154829931972789,704.2076,0.09344509989023209
5.178049886621316,706.5349,0.10093936324119568
5.201269841269841,708.1708,0.09856335073709488
5.224489795918368,707.809,0.09389806538820267
5.2477097505668935,706.5927,0.08973482251167297
5.27092970521542,705.9976,0.09269443899393082
5.294149659863946,707.9729,0.10165509581565857
5.317369614512471,710.6036,0.10412336885929108
5.340589569160998,710.6337,0.10238926112651825
5.363809523809524,707.773,0.08403603732585907
5.38702947845805,697.4076,0.05294831842184067
5.410249433106576,675.18896,0.06577146053314209
5.433469387755102,661.8271,0.07984773814678192
5.456689342403628,658.6436,0.07505962252616882
5.479909297052155,663.0596,0.06229148060083389
5.50312925170068,668.7284,0.0537676140666008
5.526349206349207,670.8736,0.05589411035180092
5.5495691609977325,668.1835,0.060492776334285736
5.572789115646259,666.3795,0.06241639703512192
5.596009070294785,665.2573,0.06429678201675415
5.61922902494331,664.4175,0.06585177779197693
5.642448979591837,663.8764,0.06698036193847656
5.6656689342403626,664.1184,0.06641378998756409
5.688888888888889,664.9214,0.06439659744501114
5.712108843537415,666.3068,0.059552356600761414
5.735328798185941,668.16113,0.059663236141204834
5.758548752834467,668.1278,0.059657588601112366
5.7817687074829935,669.7863,0.05494433268904686
5.804988662131519,672.3108,0.05318855494260788
5.828208616780046,671.2146,0.06262743473052979
5.851428571428571,663.2672,0.08653761446475983
5.874648526077098,637.206,0.09244135767221451
5.897868480725624,608.8908,0.09697245806455612
5.92108843537415,594.0,0.08202068507671356
5.944308390022676,591.4194,0.09247187525033951
5.9675283446712015,597.4944,0.09215512871742249
5.990748299319728,604.7508,0.09044315665960312
6.013968253968254,609.1054,0.09423041343688965
6.03718820861678,608.1064,0.09533862769603729
6.060408163265306,605.80273,0.0925312489271164
6.0836281179138325,602.6515,0.08918781578540802
6.106848072562358,600.7596,0.08719013631343842
6.130068027210885,600.64404,0.08898574858903885
6.15328798185941,601.9469,0.08719135820865631
6.176507936507937,600.00793,0.08438590168952942
6.199727891156463,598.00616,0.08662717044353485
6.222947845804989,598.69135,0.08841194212436676
6.246167800453515,600.3413,0.09080497920513153
6.269387755102041,602.50305,0.09498745948076248
6.292607709750567,605.2879,0.09939828515052795
6.315827664399093,608.18646,0.10289600491523743
6.339047619047619,605.75415,0.08990468829870224
6.362267573696145,590.4221,0.04633334279060364
6.3854875283446715,550.4877,0.047774188220500946
6.408707482993197,534.53265,0.04743383452296257
6.431927437641724,529.0733,0.04141921550035477
6.455147392290249,533.1097,0.03407536447048187
6.478367346938776,538.796,0.030748799443244934
6.501587301587302,539.74066,0.03050869330763817
6.524807256235828,536.3813,0.03214026987552643
6.548027210884354,533.3126,0.034271374344825745
6.57124716553288,531.3918,0.03598140925168991
6.594467120181406,531.07104,0.03663542494177818
6.617687074829932,530.80493,0.037422630935907364
6.640907029478458,530.63025,0.036787934601306915
6.664126984126984,531.12274,0.03672539442777634
6.6873469387755105,531.4108,0.03678707405924797
6.710566893424036,531.92633,0.03565150126814842
6.733786848072563,534.2251,0.03256075084209442
6.757006802721088,535.3708,0.03181867301464081
6.780226757369615,535.46796,0.03283075988292694
6.8034467120181406,533.602,0.03708377480506897
6.826666666666667,527.2287,0.040817685425281525
6.849886621315193,510.74277,0.026817094534635544
6.873106575963719,487.40274,0.02128351852297783
6.896326530612245,474.76633,0.018640577793121338
6.9195464852607715,471.91473,0.017697669565677643
6.942766439909297,474.44318,0.01767219975590706
6.965986394557823,476.4909,0.016300396993756294
6.989206349206349,474.1643,0.01501377858221531
7.012426303854875,471.5798,0.01493080798536539
7.035646258503402,470.60175,0.01481953077018261
7.058866213151927,470.98193,0.014853297732770443
7.082086167800454,472.70724,0.015473466366529465
7.1053061224489795,474.4921,0.015542099252343178
7.128526077097506,474.91812,0.01561901718378067
7.151746031746032,474.0527,0.014974547550082207
7.174965986394558,472.37738,0.014889460057020187
7.198185941043084,471.70474,0.014662518166005611
7.2214058956916105,471.68527,0.014819998294115067
7.244625850340136,472.37064,0.015173008665442467
7.267845804988662,473.71133,0.0157206691801548
7.291065759637188,475.5725,0.01635824888944626
7.314285714285714,477.40952,0.015454109758138657
7.337505668934241,475.62985,0.01372777670621872
7.360725623582766,467.48804,0.013988489285111427
7.383945578231293,454.38516,0.014546846970915794
7.4071655328798185,443.19513,0.015224624425172806
7.430385487528345,441.65842,0.013618754222989082
7.453605442176871,442.78952,0.012620712630450726
7.476825396825397,443.77954,0.012842953205108643
7.500045351473923,442.96518,0.012308759614825249
7.5232653061224495,440.30023,0.011948790401220322
7.546485260770975,437.87158,0.011462119407951832
7.569705215419502,437.0383,0.011047204956412315
7.592925170068027,438.4668,0.011352697387337685
7.616145124716553,440.46298,0.011442482471466064
7.63936507936508,442.18054,0.011819230392575264
7.662585034013605,442.97244,0.011639021337032318
7.685804988662132,442.39648,0.012270965613424778
7.7090249433106575,441.42184,0.011923758313059807
7.732244897959184,440.8971,0.012099292129278183
7.75546485260771,442.58252,0.011741583235561848
7.778684807256236,444.80402,0.011893730610609055
7.801904761904762,443.99808,0.012313926592469215
7.8251247165532885,438.78583,0.012148621492087841
7.848344671201814,425.96527,0.011853274889290333
7.871564625850341,409.43845,0.010214615613222122
7.894784580498866,394.34778,0.008270598948001862
7.918004535147393,390.03766,0.007376082241535187
7.9412244897959186,392.01538,0.007357106544077396
7.964444444444444,394.17938,0.007585730403661728
7.987664399092971,394.59802,0.0075805652886629105
8.010884353741497,393.8744,0.007058055140078068
8.034104308390022,392.61816,0.006761005148291588
8.057324263038549,391.91782,0.007033192552626133
8.080544217687075,392.61572,0.00766025111079216
8.103764172335602,394.31726,0.007885519415140152
8.126984126984127,395.05658,0.008114989846944809
8.150204081632653,394.70572,0.00782465748488903
8.17342403628118,393.77347,0.007577239535748959
8.196643990929706,393.16318,0.007668619509786367
8.219863945578231,393.33392,0.0078077493235468864
8.243083900226758,394.3499,0.008330589160323143
8.266303854875284,396.87448,0.008878863416612148
8.289523809523809,399.25513,0.008616775274276733
8.312743764172335,400.41736,0.008532039821147919
8.335963718820862,398.68692,0.007307766936719418
8.359183673469389,391.82803,0.005441328510642052
8.382403628117913,378.3484,0.00554956728592515
8.40562358276644,367.4244,0.0069685038179159164
8.428843537414966,362.1377,0.006554827559739351
8.452063492063493,360.48175,0.005749720148742199
8.475283446712018,363.14304,0.005360801238566637
8.498503401360544,367.58768,0.0050898040644824505
8.52172335600907,369.0275,0.005155285354703665
8.544943310657597,367.39532,0.0053543588146567345
8.568163265306122,364.72495,0.005424702540040016
8.591383219954649,361.89954,0.005139160435646772
8.614603174603175,359.22702,0.005054947454482317
8.6378231292517,358.5058,0.005401568952947855
8.661043083900227,359.11166,0.005141047760844231
8.684263038548753,359.1833,0.004764243960380554
8.70748299319728,358.82996,0.004968239460140467
8.730702947845804,357.9403,0.004834991414099932
8.753922902494331,356.50284,0.004512301646173
8.777142857142858,354.8759,0.004540625028312206
8.800362811791384,354.94022,0.004705911036580801
8.823582766439909,355.77982,0.004747418686747551
8.846802721088435,356.07065,0.004614731762558222
8.870022675736962,355.7038,0.00467153824865818
8.893242630385489,356.69815,0.0045048268511891365
8.916462585034013,359.17004,0.003978979308158159
8.93968253968254,363.84586,0.002185257850214839
8.962902494331066,366.97742,0.0004893147852271795
8.986122448979591,0.0,6.36230379313929e-06
9.009342403628118,0.0,1.4687248039990664e-07
9.032562358276644,0.0,8.174993126885965e-08
9.05578231292517,0.0,4.467983671929687e-08
9.079002267573696,0.0,3.930290404241532e-08
9.102222222222222,0.0,2.188789949286729e-08
9.125442176870749,0.0,1.5033128875074908e-07
9.148662131519275,0.0,1.6821195458760485e-07
9.1718820861678,0.0,1.9666003936436027e-08
9.195102040816327,0.0,5.9086232795380056e-08
9.218321995464853,0.0,3.358491085236892e-08
9.24154195011338,0.0,2.088745532091707e-08
9.264761904761905,0.0,3.060995368286967e-08
9.287981859410431,0.0,5.0615199143067e-08
9.311201814058958,0.0,1.995613274630159e-08
9.334421768707482,0.0,3.2781827030703425e-08
9.357641723356009,0.0,2.5169356376864016e-08
9.380861678004536,0.0,2.6396264729555696e-08
9.404081632653062,0.0,3.1483068596571684e-08
9.427301587301587,0.0,2.087199391098693e-08
9.450521541950113,0.0,1.7886122805066407e-08
9.47374149659864,0.0,3.3293872547801584e-08
9.496961451247167,0.0,2.4358087102882564e-08
9.520181405895691,0.0,6.031132215866819e-08
9.543401360544218,0.0,3.071818355238065e-08
9.566621315192744,0.0,2.0317202142905444e-08
9.58984126984127,0.0,1.674106897553429e-08
9.613061224489796,0.0,6.422669684980065e-08
9.636281179138322,0.0,4.873436409980059e-08
9.659501133786849,0.0,6.207665137480944e-08
9.682721088435374,0.0,8.939332474255934e-08
9.7059410430839,0.0,5.969104677205905e-08
9.729160997732427,0.0,7.041217031655833e-08
9.752380952380953,0.0,1.4245415513869375e-08
9.775600907029478,0.0,1.4577381080016494e-08
9.798820861678005,0.0,3.0091541702859104e-08
9.822040816326531,0.0,7.924154488136992e-08
9.845260770975058,0.0,1.2629061529878527e-07
9.868480725623582,0.0,6.325808499241248e-08
9.891700680272109,0.0,2.2247149900067598e-08
9.914920634920636,0.0,8.775714377406985e-09
9.93814058956916,0.0,9.347786544822156e-09
9.961360544217687,0.0,1.9594153854995966e-08
9.984580498866213,0.0,2.081651473417878e-08
10.00780045351474,0.0,2.3487700673285872e-08
10.031020408163265,0.0,2.572960511315614e-08
10.054240362811791,0.0,2.41116140387021e-08
10.077460317460318,0.0,3.677178028738126e-08
10.100680272108844,0.0,1.978150976356119e-08
10.12390022675737,0.0,1.994612830458209e-08
10.147120181405896,0.0,1.1717929737642407e-08
10.170340136054422,0.0,1.3247699826024473e-08
10.193560090702949,0.0,2.3860593501012772e-08
10.216780045351474,0.0,1.4196302799973637e-08
10.24,0.0,1.5630575944669545e-08
10.263219954648527,0.0,2.444357960484922e-08
10.286439909297052,0.0,7.2183865995612e-08
10.309659863945578,0.0,2.3088432499207556e-08
10.332879818594105,0.0,2.0178049453534186e-08
10.356099773242631,0.0,2.490924089215696e-08
10.379319727891156,0.0,5.447236617328599e-08
10.402539682539683,0.0,2.6301677280571312e-08
10.425759637188209,0.0,1.654552761465311e-08
10.448979591836736,0.0,1.2391865311656147e-08
10.47219954648526,0.0,4.8351466830354184e-08
10.495419501133787,0.0,2.869546733563766e-08
