0.0,0.0,1.980333763640374e-07
0.023219954648526078,0.0,2.1217510948190466e-07
0.046439909297052155,0.0,1.877797330962494e-07
0.06965986394557823,0.0,3.0301453080028296e-07
0.09287981859410431,0.0,1.3993030734127387e-07
0.11609977324263039,0.0,1.0667190508684143e-07
0.13931972789115646,0.0,2.443548510200344e-07
0.16253968253968254,0.0,4.857156454818323e-08
0.18575963718820862,0.0,1.6245667211478576e-07
0.2089795918367347,0.0,2.1668347471859306e-07
0.23219954648526078,0.0,1.0556550478213467e-06
0.25541950113378686,0.0,6.638583727180958e-07
0.2786394557823129,0.0,1.327571226283908e-07
0.301859410430839,0.0,9.264476830139756e-08
0.3250793650793651,0.0,2.6254565455019474e-07
0.3482993197278912,352.64404,6.27712142886594e-05
0.37151927437641724,360.41556,0.0001438278704881668
0.3947392290249433,353.54797,0.00014986669702921063
0.4179591836734694,353.33432,0.00017275617574341595
0.44117913832199546,351.3161,0.0002465777797624469
0.46439909297052157,346.7645,0.00048398878425359726
0.4876190476190476,349.87823,0.0005695831496268511
0.5108390022675737,358.34552,0.0008133281953632832
0.5340589569160998,363.83618,0.0015420777490362525
0.5572789115646258,363.00894,0.0018494951073080301
0.5804988662131519,361.48627,0.0013000254984945059
0.603718820861678,353.9314,0.0007781079621054232
0.626938775510204,343.46246,0.0015897550620138645
0.6501587301587302,346.69333,0.0015285519184544683
0.6733786848072563,357.0627,0.0021487704943865538
0.6965986394557824,372.44778,0.003217564430087805
0.7198185941043084,378.4403,0.0021158363670110703
0.7430385487528345,375.43192,0.0023664110340178013
0.7662585034013606,365.1141,0.0014866739511489868
0.7894784580498866,347.96454,0.0016393647529184818
0.8126984126984127,341.65744,0.002156659495085478
0.8359183673469388,348.2528,0.0018488408531993628
0.8591383219954649,366.65176,0.0038283560425043106
0.8823582766439909,381.79913,0.002449789084494114
0.905578231292517,386.49094,0.0025249342434108257
0.9287981859410431,373.60245,0.0020209355279803276
0.9520181405895691,356.92398,0.001195068471133709
0.9752380952380952,339.67807,0.002297260332852602
0.9984580498866213,341.60608,0.002032920718193054
1.0216780045351475,347.15558,0.0021166556980460882
1.0448979591836736,369.32578,0.003785517066717148
1.0681179138321997,383.1044,0.002529570832848549
1.0913378684807256,388.21265,0.002656034892424941
1.1145578231292517,373.08835,0.002174871973693371
1.1377777777777778,357.5229,0.0011166190961375833
1.1609977324263039,350.09143,0.0014437318313866854
1.18421768707483,373.0826,0.004294644109904766
1.207437641723356,401.64142,0.009605742990970612
1.2306575963718822,445.7679,0.005387988407164812
1.253877551020408,470.67828,0.007092548068612814
1.2770975056689342,473.21136,0.005460038315504789
1.3003174603174603,454.3611,0.008507716469466686
1.3235374149659864,433.52994,0.013536736369132996
1.3467573696145125,423.50085,0.01410294882953167
1.3699773242630386,433.66507,0.006993884686380625
1.3931972789115648,461.1177,0.00839938037097454
1.4164172335600906,477.66107,0.012647181749343872
1.4396371882086167,485.3259,0.014006957411766052
1.4628571428571429,479.6658,0.009068159386515617
1.486077097505669,456.64328,0.012660418637096882
1.509297052154195,431.12476,0.017618423327803612
1.5325170068027212,422.07605,0.01946399360895157
1.5557369614512473,427.71616,0.0121614346280694
1.5789569160997732,458.36725,0.011708306148648262
1.6021768707482993,480.65125,0.016545549035072327
1.6253968253968254,487.7656,0.01738991215825081
1.6486167800453515,485.29776,0.01560899242758751
1.6718367346938776,464.23685,0.011712515726685524
1.6950566893424037,437.47,0.020384754985570908
1.7182766439909298,425.4314,0.023218289017677307
1.7414965986394557,429.5661,0.014450294896960258
1.7647165532879818,460.6779,0.015256568789482117
1.787936507936508,485.85846,0.015592962503433228
1.811156462585034,494.8491,0.01650160737335682
1.8343764172335602,490.43115,0.021203506737947464
1.8575963718820863,466.41193,0.012954840436577797
1.8808163265306124,443.2848,0.019221145659685135
1.9040362811791383,441.32153,0.014001362957060337
1.9272562358276644,464.79785,0.015586904250085354
1.9504761904761905,491.15253,0.0039907111786305904
1.9736961451247166,554.5303,0.0030624675564467907
1.9969160997732427,572.6288,0.004537572152912617
2.020136054421769,554.08527,0.00566937867552042
2.043356009070295,528.733,0.007916312664747238
2.066575963718821,504.2438,0.012944295071065426
2.089795918367347,504.97314,0.004528866149485111
2.1130158730158732,525.44183,0.005882838740944862
2.1362358276643993,551.52454,0.003531338647007942
2.159455782312925,575.91394,0.007536213845014572
2.182675736961451,579.71564,0.007782311644405127
2.2058956916099772,553.2091,0.007117731496691704
2.2291156462585033,526.65656,0.009900614619255066
2.2523356009070294,503.1088,0.017102457582950592
2.2755555555555556,504.05988,0.006610260345041752
2.2987755102040817,523.506,0.0070663755759596825
2.3219954648526078,550.5923,0.004076099023222923
2.345215419501134,575.2507,0.009240580722689629
2.36843537414966,577.79456,0.007806882262229919
2.391655328798186,557.0073,0.007039397954940796
2.414875283446712,531.2934,0.010245261713862419
2.4380952380952383,509.97693,0.00928284041583538
2.4613151927437644,509.03104,0.0046971263363957405
2.48453514739229,527.1095,0.008854154497385025
2.507755102040816,552.00134,0.005415154621005058
2.5309750566893423,579.6336,0.007625746540725231
2.5541950113378684,588.6307,0.010504050180315971
2.5774149659863945,583.05554,0.008005945943295956
2.6006349206349206,541.65845,0.012268653139472008
2.6238548752834467,523.06964,0.0062471600249409676
2.647074829931973,520.4714,0.010418258607387543
2.670294784580499,544.9678,0.004786427598446608
2.693514739229025,578.16583,0.007245953194797039
2.716734693877551,638.31726,0.0380079448223114
2.7399546485260773,661.51697,0.07116858661174774
2.7631746031746034,675.57886,0.09003002196550369
2.7863945578231295,679.76245,0.09426679462194443
2.809614512471655,679.2058,0.08859129250049591
2.8328344671201813,682.056,0.054225098341703415
2.8560544217687074,702.4005,0.03869335353374481
2.8792743764172335,725.3653,0.06343165040016174
2.9024943310657596,742.664,0.05701607093214989
2.9257142857142857,747.7434,0.07034744322299957
2.948934240362812,735.2642,0.0653577670454979
2.972154195011338,703.4393,0.06705334782600403
2.995374149659864,680.49036,0.10388796031475067
3.01859410430839,675.13873,0.1053142100572586
3.0418140589569163,684.6332,0.05741765350103378
3.0650340136054424,727.68384,0.07989288866519928
3.0882539682539685,753.59607,0.07401464134454727
3.1114739229024946,758.4809,0.10226713120937347
3.1346938775510207,739.35876,0.081816166639328
3.1579138321995464,695.30304,0.11003349721431732
3.1811337868480725,671.2456,0.07768262177705765
3.2043537414965986,664.3245,0.12526410818099976
3.2275736961451247,696.0373,0.09886723011732101
3.250793650793651,743.5959,0.07835540175437927
3.274013605442177,768.35724,0.04841766506433487
3.297233560090703,770.9394,0.13226532936096191
3.320453514739229,741.0597,0.110990010201931
3.3436734693877552,699.06537,0.1484932154417038
3.3668934240362813,683.29926,0.20482167601585388
3.3901133786848074,691.61395,0.10944926738739014
3.4133333333333336,739.02167,0.11512071639299393
3.4365532879818597,757.03467,0.09108687937259674
3.4597732426303858,750.4362,0.05589081346988678
3.4829931972789114,673.6496,0.008476132526993752
3.5062131519274375,543.5208,0.00507760513573885
3.5294331065759637,518.674,0.002139998134225607
3.5526530612244898,517.2049,0.004266104195266962
3.575873015873016,534.18353,0.0044705504551529884
3.599092970521542,544.1777,0.004408734850585461
3.622312925170068,542.6623,0.007189480122178793
3.645532879818594,526.0223,0.004924877546727657
3.6687528344671203,507.45743,0.006869354285299778
3.6919727891156464,507.28265,0.0034635034389793873
3.7151927437641725,524.1431,0.006073496304452419
3.7384126984126986,545.0131,0.002406107261776924
3.7616326530612247,564.4155,0.0028162163216620684
3.784852607709751,564.91754,0.00270158052444458
3.8080725623582765,548.875,0.007160564418882132
3.8312925170068026,529.43085,0.007008396089076996
3.8545124716553287,505.81558,0.011646559461951256
3.877732426303855,503.62863,0.00602833041921258
3.900952380952381,521.04663,0.006058419588953257
3.924172335600907,545.7651,0.0028212557081133127
3.947392290249433,568.5756,0.0046769361943006516
3.9706122448979593,568.7169,0.0034690862521529198
3.9938321995464854,553.748,0.006035790778696537
4.017052154195011,531.07336,0.006473539862781763
4.040272108843538,508.38593,0.008467250503599644
4.063492063492063,504.9925,0.00479175616055727
4.08671201814059,523.22174,0.006145649589598179
4.1099319727891155,548.5873,0.0027061353903263807
4.133151927437642,573.04663,0.005745599512010813
4.156371882086168,575.2941,0.0034349425695836544
4.179591836734694,551.54333,0.0057289814576506615
4.20281179138322,504.70117,0.010847620666027069
4.2260317460317465,443.16476,0.011223390698432922
4.249251700680272,427.7362,0.014270073734223843
4.272471655328799,433.9213,0.008090793155133724
4.295691609977324,460.60965,0.007613512221723795
4.31891156462585,472.4434,0.007183307781815529
4.342131519274377,471.0278,0.004471929743885994
4.365351473922902,453.79318,0.006871289573609829
4.388571428571429,435.9307,0.01084800437092781
4.4117913832199545,426.06104,0.012297072447836399
4.435011337868481,428.4734,0.009639715775847435
4.458231292517007,442.67874,0.005849071312695742
4.481451247165533,462.0862,0.006964918226003647
4.504671201814059,472.2298,0.007714502513408661
4.527891156462585,471.67145,0.005747513845562935
4.551111111111111,457.79858,0.00793352909386158
4.574331065759638,435.30252,0.01125701516866684
4.597551020408163,418.65494,0.010834373533725739
4.62077097505669,419.21954,0.012034023180603981
4.6439909297052155,437.48773,0.007311403285712004
4.667210884353741,463.19122,0.008512965403497219
4.690430839002268,476.333,0.010385695844888687
4.713650793650793,474.21902,0.0063428254798054695
4.73687074829932,456.77383,0.008067015558481216
4.760090702947846,435.15082,0.011871421709656715
4.783310657596372,420.13657,0.011544108390808105
4.806530612244898,420.69653,0.011517316102981567
4.829750566893424,438.99527,0.006673079915344715
4.85297052154195,466.38797,0.009180665016174316
4.876190476190477,479.20566,0.011357737705111504
4.899410430839002,477.35635,0.007418632507324219
4.922630385487529,459.71994,0.0067442539148032665
4.9458503401360545,434.99023,0.00987788662314415
4.96907029478458,420.60626,0.00985158421099186
4.992290249433107,418.37646,0.009896591305732727
5.015510204081632,424.83432,0.009702449664473534
5.038730158730159,426.8962,0.008742709644138813
5.061950113378685,416.92825,0.003941204398870468
5.085170068027211,378.93942,0.001257027150131762
5.108390022675737,350.26456,0.000911983079276979
5.131609977324263,342.4718,0.0012062019668519497
5.154829931972789,354.4587,0.0009181428467854857
5.178049886621316,367.12466,0.0019600242376327515
5.201269841269841,366.344,0.0015873137162998319
5.224489795918368,362.5415,0.0006825370364822447
5.2477097505668935,349.1413,0.0007135074702091515
5.27092970521542,340.55923,0.0011324065271764994
5.294149659863946,340.11804,0.0008868317818269134
5.317369614512471,343.59863,0.0009356420487165451
5.340589569160998,357.55408,0.0013408558443188667
5.363809523809524,372.58478,0.0016411531250923872
5.38702947845805,377.6547,0.0011444691335782409
5.410249433106576,374.85898,0.0012701372615993023
5.433469387755102,364.88373,0.0007041356293484569
5.456689342403628,344.18384,0.0009754291386343539
5.479909297052155,337.11652,0.0006938910228200257
5.50312925170068,337.156,0.000677011557854712
5.526349206349207,349.0071,0.0009615186718292534
5.5495691609977325,366.02777,0.001714545302093029
5.572789115646259,373.6174,0.0012564670760184526
5.596009070294785,377.54562,0.0011821277439594269
5.61922902494331,368.03412,0.0008847531280480325
5.642448979591837,351.2537,0.0007113530300557613
5.6656689342403626,335.52017,0.0007533015450462699
5.688888888888889,334.54916,0.0005833221366629004
5.712108843537415,342.18845,0.0007434114813804626
5.735328798185941,359.9851,0.0013535987818613648
5.758548752834467,377.55435,0.0012245576363056898
5.7817687074829935,384.16162,0.0010066338581964374
5.804988662131519,374.78302,0.0008755839662626386
5.828208616780046,357.01175,0.00046598006156273186
5.851428571428571,338.28928,0.0007877672323957086
5.874648526077098,337.80057,0.00046256306814029813
5.897868480725624,341.0919,0.0005692312261089683
5.92108843537415,360.5167,0.0011689801467582583
5.944308390022676,382.71,0.0011989644262939692
5.9675283446712015,393.6882,0.001202727435156703
5.990748299319728,386.63156,0.0007079296046867967
6.013968253968254,363.51282,0.00036554946564137936
6.03718820861678,337.519,0.0005035555805079639
6.060408163265306,332.35785,0.000273856392595917
6.0836281179138325,341.27295,0.00034174835309386253
6.106848072562358,362.16174,0.000700111617334187
6.130068027210885,377.4828,0.000532769423443824
6.15328798185941,375.52136,0.0004235093656461686
6.176507936507937,363.3068,0.0001837537274695933
6.199727891156463,338.9237,0.00024947882047854364
6.222947845804989,327.75528,0.00015238916967064142
6.246167800453515,328.47162,0.00016376929124817252
6.269387755102041,359.96597,0.0003354601503815502
6.292607709750567,380.00912,0.00026489252923056483
6.315827664399093,384.79663,0.00018338634981773794
6.339047619047619,358.44153,3.372635183040984e-05
6.362267573696145,0.0,6.363592547131702e-06
6.3854875283446715,0.0,7.79663423600141e-07
6.408707482993197,0.0,1.0296125765307806e-06
6.431927437641724,0.0,1.9095023162662983e-07
6.455147392290249,0.0,2.3876964405644685e-07
6.478367346938776,0.0,4.2382180254207924e-07
6.501587301587302,0.0,1.861235432443209e-07
6.524807256235828,0.0,1.976713065232616e-06
6.548027210884354,0.0,2.266401679662522e-06
6.57124716553288,0.0,2.9862694645999e-06
6.594467120181406,0.0,5.191971467866097e-06
6.617687074829932,0.0,4.637227903003804e-06
6.640907029478458,0.0,3.324974386487156e-06
6.664126984126984,0.0,5.963681360299233e-06
6.6873469387755105,0.0,7.53450694901403e-06
6.710566893424036,0.0,3.0809660529484972e-06
6.733786848072563,0.0,4.2430474422872066e-07
6.757006802721088,0.0,1.1757638276321813e-06
6.780226757369615,0.0,7.139715307857841e-08
