0.0,0.0,3.0195587896741927e-07
0.023219954648526078,0.0,1.5508703654631972e-07
0.046439909297052155,0.0,2.932802090072073e-07
0.06965986394557823,0.0,2.2855601855553687e-07
0.09287981859410431,0.0,7.314956746995449e-07
0.11609977324263039,0.0,6.744412530679256e-07
0.13931972789115646,0.0,5.73465513298288e-07
0.16253968253968254,0.0,3.902077878592536e-07
0.18575963718820862,0.0,3.641771399998106e-07
0.2089795918367347,0.0,1.7042930267052725e-07
0.23219954648526078,0.0,2.1034520614193752e-07
0.25541950113378686,0.0,3.313416527817026e-07
0.2786394557823129,0.0,1.275993781746365e-07
0.301859410430839,0.0,4.0723898564465344e-07
0.3250793650793651,262.75052,2.5703482606331818e-05
0.3482993197278912,273.10977,0.00011042180994991213
0.37151927437641724,272.06204,0.0001227394095622003
0.3947392290249433,270.12216,0.000110313601908274
0.4179591836734694,267.45474,0.00010010857658926398
0.44117913832199546,263.67017,0.00012108180089853704
0.46439909297052157,262.59467,0.00014717387966811657
0.4876190476190476,263.5945,0.00017075239156838506
0.5108390022675737,264.68887,0.00021958228899165988
0.5340589569160998,266.42862,0.0002762155490927398
0.5572789115646258,267.1702,0.00035757647128775716
0.5804988662131519,267.29007,0.00048510864144191146
0.603718820861678,266.8832,0.000570992415305227
0.626938775510204,87.86406,0.0005930056795477867
0.6501587301587302,86.85599,0.0005671321414411068
0.6733786848072563,258.25143,0.0004937435733154416
0.6965986394557824,255.2267,0.0005120433634147048
0.7198185941043084,254.08331,0.0005675004213117063
0.7430385487528345,257.00095,0.000740426650736481
0.7662585034013606,264.15265,0.0016383484471589327
0.7894784580498866,271.90488,0.0022030179388821125
0.8126984126984127,276.41977,0.0020741429179906845
0.8359183673469388,274.53433,0.0016887923702597618
0.8591383219954649,266.3377,0.0010159973753616214
0.8823582766439909,257.42035,0.000923936371691525
0.905578231292517,253.95377,0.0008215417619794607
0.9287981859410431,256.65848,0.0011731532867997885
0.9520181405895691,265.8751,0.00240493007004261
0.9752380952380952,275.56485,0.0030681779608130455
0.9984580498866213,284.46024,0.0033909191843122244
1.0216780045351475,283.77194,0.002668315079063177
1.0448979591836736,276.58783,0.0020163822919130325
1.0681179138321997,266.5045,0.0011614968534559011
1.0913378684807256,257.31174,0.001047622412443161
1.1145578231292517,255.92632,0.0008751063141971827
1.1377777777777778,258.63504,0.0013572508469223976
1.1609977324263039,266.21255,0.0026838297490030527
1.18421768707483,275.77686,0.003215585835278034
1.207437641723356,282.46085,0.003359616966918111
1.2306575963718822,280.47183,0.002765939338132739
1.253877551020408,274.80283,0.002376807387918234
1.2770975056689342,268.80206,0.0017727307276800275
1.3003174603174603,264.00238,0.0018187528476119041
1.3235374149659864,264.65137,0.0024944732431322336
1.3467573696145125,270.36633,0.0036251749843358994
1.3699773242630386,280.05435,0.003212167415767908
1.3931972789115648,296.44812,0.0014367360854521394
1.4164172335600906,319.88986,0.0018498202553018928
1.4396371882086167,334.2148,0.002111750654876232
1.4628571428571429,337.57257,0.0021526452619582415
1.486077097505669,333.34067,0.001809422392398119
1.509297052154195,326.24097,0.002442209981381893
1.5325170068027212,324.23108,0.0025442561600357294
1.5557369614512473,327.07117,0.002849453128874302
1.5789569160997732,337.92514,0.0033980158623307943
1.6021768707482993,354.05585,0.003921947441995144
1.6253968253968254,363.68256,0.005419183988124132
1.6486167800453515,360.84604,0.0034677961375564337
1.6718367346938776,348.53763,0.0033268090337514877
1.6950566893424037,337.30844,0.0038375151343643665
1.7182766439909298,328.9923,0.0027876445092260838
1.7414965986394557,326.8064,0.0038634203374385834
1.7647165532879818,336.99084,0.003956669941544533
1.787936507936508,351.27307,0.004498157650232315
1.811156462585034,362.1036,0.0052185747772455215
1.8343764172335602,361.72528,0.0041678897105157375
1.8575963718820863,348.666,0.003495029406622052
1.8808163265306124,337.42432,0.004373151808977127
1.9040362811791383,329.6238,0.003125489689409733
1.9272562358276644,326.04984,0.004091338254511356
1.9504761904761905,334.10107,0.004044052213430405
1.9736961451247166,344.51904,0.004792758263647556
1.9969160997732427,360.84625,0.005958483554422855
2.020136054421769,366.62643,0.007464386522769928
2.043356009070295,356.74487,0.0032004097010940313
2.066575963718821,341.55634,0.004895639605820179
2.089795918367347,331.94168,0.0035931644961237907
2.1130158730158732,326.90924,0.004498980473726988
2.1362358276643993,334.80554,0.004793358035385609
2.159455782312925,350.3717,0.006079220678657293
2.182675736961451,368.7027,0.010115650482475758
2.2058956916099772,378.46094,0.006541094742715359
2.2291156462585033,374.21698,0.007489415351301432
2.2523356009070294,357.71826,0.004039551597088575
2.2755555555555556,342.09128,0.006543692201375961
2.2987755102040817,342.62775,0.007053825072944164
2.3219954648526078,352.91452,0.007764740847051144
2.345215419501134,377.07227,0.01443907804787159
2.36843537414966,401.51996,0.022075805813074112
2.391655328798186,410.87137,0.019890235736966133
2.414875283446712,403.37143,0.011988349258899689
2.4380952380952383,386.9884,0.009473874233663082
2.4613151927437644,371.5626,0.011962718330323696
2.48453514739229,369.22415,0.013313906267285347
2.507755102040816,378.63187,0.011777212843298912
2.5309750566893423,397.2465,0.01973596215248108
2.5541950113378684,409.06372,0.02028295397758484
2.5774149659863945,411.60394,0.01776815950870514
2.6006349206349206,404.02594,0.013383349403738976
2.6238548752834467,392.21655,0.009847315028309822
2.647074829931973,381.18588,0.010030283592641354
2.670294784580499,378.93222,0.010684331879019737
2.693514739229025,387.72964,0.01594219170510769
2.716734693877551,402.71744,0.022137008607387543
2.7399546485260773,418.40143,0.024233613163232803
2.7631746031746034,422.87347,0.023186806589365005
2.7863945578231295,414.85632,0.01672190986573696
2.809614512471655,399.967,0.010789081454277039
2.8328344671201813,383.86517,0.009873666800558567
2.8560544217687074,376.0096,0.01074514351785183
2.8792743764172335,381.95667,0.012364745140075684
2.9024943310657596,397.78885,0.021065033972263336
2.9257142857142857,416.92462,0.024445295333862305
2.948934240362812,425.41068,0.026113305240869522
2.972154195011338,419.7179,0.01963970437645912
2.995374149659864,404.21713,0.012747857719659805
3.01859410430839,387.93292,0.010401878505945206
3.0418140589569163,377.86975,0.011842692270874977
3.0650340136054424,383.2001,0.013558145612478256
3.0882539682539685,396.6768,0.025392476469278336
3.1114739229024946,415.94812,0.027697578072547913
3.1346938775510207,424.54114,0.028414376080036163
3.1579138321995464,419.23428,0.021773524582386017
3.1811337868480725,403.55148,0.013761579059064388
3.2043537414965986,388.04385,0.011535707861185074
3.2275736961451247,379.39264,0.012988912872970104
3.250793650793651,385.4856,0.02016340382397175
3.274013605442177,401.8662,0.032933130860328674
3.297233560090703,419.51697,0.03428235650062561
3.320453514739229,427.2824,0.033299364149570465
3.3436734693877552,418.5994,0.022106152027845383
3.3668934240362813,402.46622,0.018160128965973854
3.3901133786848074,400.14322,0.02460521087050438
3.4133333333333336,418.4433,0.02066931501030922
3.4365532879818597,466.2492,0.010569240897893906
3.4597732426303858,526.4496,0.005376606713980436
3.4829931972789114,551.71545,0.003940689377486706
3.5062131519274375,560.99457,0.004430823028087616
3.5294331065759637,544.0855,0.009749699383974075
3.5526530612244898,525.3611,0.009950125589966774
3.575873015873016,517.1999,0.010054074227809906
3.599092970521542,521.456,0.012258274480700493
3.622312925170068,536.1483,0.00748475082218647
3.645532879818594,561.77606,0.019308174028992653
3.6687528344671203,567.4922,0.022293956950306892
3.6919727891156464,563.6799,0.010874908417463303
3.7151927437641725,542.70245,0.02249646559357643
3.7384126984126986,521.5059,0.02469654381275177
3.7616326530612247,504.40033,0.025103207677602768
3.784852607709751,1022.2179,0.01750720664858818
3.8080725623582765,543.9167,0.010149627923965454
3.8312925170068026,567.84076,0.02621845342218876
3.8545124716553287,574.2336,0.027278661727905273
3.877732426303855,571.7061,0.01702038012444973
3.900952380952381,546.1335,0.024275952950119972
3.924172335600907,511.7486,0.030916601419448853
3.947392290249433,498.18964,0.033512599766254425
3.9706122448979593,506.23428,0.023749658837914467
3.9938321995464854,529.5147,0.015191390179097652
4.017052154195011,566.2894,0.026299819350242615
4.040272108843538,575.7433,0.028107088059186935
4.063492063492063,576.7631,0.028951609507203102
4.08671201814059,552.7833,0.020243927836418152
4.1099319727891155,525.74084,0.028640244156122208
4.133151927437642,505.40805,0.031976405531167984
4.156371882086168,509.87952,0.026641108095645905
4.179591836734694,527.7329,0.017322754487395287
4.20281179138322,556.894,0.02541251853108406
4.2260317460317465,575.0181,0.028027310967445374
4.249251700680272,577.4479,0.030693508684635162
4.272471655328799,566.09827,0.01645466685295105
4.295691609977324,530.8818,0.027471482753753662
4.31891156462585,518.6999,0.026614921167492867
4.342131519274377,520.13434,0.023927651345729828
4.365351473922902,545.22485,0.01400960423052311
4.388571428571429,565.14343,0.027942143380641937
4.4117913832199545,565.2264,0.015243465080857277
4.435011337868481,508.72336,0.020693641155958176
4.458231292517007,437.61633,0.019911400973796844
4.481451247165533,399.18323,0.010373900644481182
4.504671201814059,390.01358,0.010828830301761627
4.527891156462585,397.41733,0.01781315915286541
4.551111111111111,413.41382,0.019984494894742966
4.574331065759638,420.5645,0.017520563676953316
4.597551020408163,413.39496,0.01298508606851101
4.62077097505669,401.0319,0.010057022795081139
4.6439909297052155,391.15012,0.007518068887293339
4.667210884353741,386.51276,0.008592712692916393
4.690430839002268,393.27237,0.013064200058579445
4.713650793650793,408.2843,0.01561136543750763
4.73687074829932,425.73257,0.013827716000378132
4.760090702947846,432.94095,0.016238726675510406
4.783310657596372,423.3183,0.014142516069114208
4.806530612244898,402.29315,0.008238386362791061
4.829750566893424,385.80228,0.007462275214493275
4.85297052154195,381.52347,0.007882226258516312
4.876190476190477,390.06845,0.012043295428156853
4.899410430839002,405.44824,0.015613752417266369
4.922630385487529,423.5984,0.014300229027867317
4.9458503401360545,431.28625,0.01595194824039936
4.96907029478458,424.59872,0.01509036310017109
4.992290249433107,405.2331,0.008657429367303848
5.015510204081632,388.4832,0.007042478770017624
5.038730158730159,379.84113,0.007567038759589195
5.061950113378685,386.62616,0.011471699923276901
5.085170068027211,402.97217,0.016556501388549805
5.108390022675737,424.2886,0.013303890824317932
5.131609977324263,436.19977,0.012827652506530285
5.154829931972789,432.0397,0.01766928844153881
5.178049886621316,416.8292,0.012138698250055313
5.201269841269841,397.6833,0.00857753586024046
5.224489795918368,390.19238,0.009817736223340034
5.2477097505668935,396.64767,0.014126145280897617
5.27092970521542,409.75583,0.016130611300468445
5.294149659863946,420.51114,0.015598667785525322
5.317369614512471,417.3563,0.009761512279510498
5.340589569160998,396.96393,0.004813109990209341
5.363809523809524,358.80548,0.0037061977200210094
5.38702947845805,344.86523,0.004202017094939947
5.410249433106576,341.44083,0.004291294142603874
5.433469387755102,346.79395,0.003860066644847393
5.456689342403628,355.86462,0.002801663940772414
5.479909297052155,360.46378,0.0025621112436056137
5.50312925170068,349.64426,0.002686053980141878
5.526349206349207,337.81894,0.0039008709136396646
5.5495691609977325,332.18674,0.0030468013137578964
5.572789115646259,330.75272,0.0037400329019874334
5.596009070294785,336.60242,0.003353352891281247
5.61922902494331,346.86603,0.003294074907898903
5.642448979591837,359.23502,0.0034447843208909035
5.6656689342403626,364.39038,0.004910179879516363
5.688888888888889,356.78012,0.0026871231384575367
5.712108843537415,346.75293,0.0034816679544746876
5.735328798185941,337.77896,0.003558969125151634
5.758548752834467,329.53473,0.0036174508277326822
5.7817687074829935,329.67645,0.004229377955198288
5.804988662131519,337.3367,0.0035149832256138325
5.828208616780046,352.41226,0.0032864371314644814
5.851428571428571,362.32938,0.003959523048251867
5.874648526077098,363.1759,0.004347721580415964
5.897868480725624,354.73456,0.002113030292093754
5.92108843537415,342.90915,0.0037993858568370342
5.944308390022676,333.9939,0.003039816627278924
5.9675283446712015,326.607,0.003589120926335454
5.990748299319728,328.3747,0.0039286017417907715
6.013968253968254,337.9224,0.003124527633190155
6.03718820861678,355.2091,0.002882217289879918
6.060408163265306,364.3444,0.004282593261450529
6.0836281179138325,362.59927,0.0035107354633510113
6.106848072562358,352.475,0.00238398602232337
6.130068027210885,337.9407,0.0037674815393984318
6.15328798185941,329.48178,0.0028773772064596415
6.176507936507937,327.98608,0.003737085033208132
6.199727891156463,339.5667,0.0026941869873553514
6.222947845804989,359.30682,0.003928708843886852
6.246167800453515,370.24777,0.004581383429467678
6.269387755102041,366.2656,0.0032421895302832127
6.292607709750567,353.43365,0.002242942340672016
6.315827664399093,328.95096,0.0024352087639272213
6.339047619047619,292.8835,0.004095076117664576
6.362267573696145,280.3199,0.003317835507914424
6.3854875283446715,271.54593,0.0027735941112041473
6.408707482993197,268.4614,0.0028623405378311872
6.431927437641724,272.35858,0.003031302709132433
6.455147392290249,281.82962,0.0030102445743978024
6.478367346938776,285.08658,0.003116014413535595
6.501587301587302,279.28983,0.0022747539915144444
6.524807256235828,269.89404,0.001660699024796486
6.548027210884354,260.75906,0.0010455064475536346
6.57124716553288,253.75688,0.0008845627889968455
6.594467120181406,253.17616,0.0008946596644818783
6.617687074829932,259.48752,0.0014529455220326781
6.640907029478458,268.71237,0.002443114295601845
6.664126984126984,279.3928,0.0022418959997594357
6.6873469387755105,286.94144,0.0024833055213093758
6.710566893424036,281.8199,0.0018053418025374413
6.733786848072563,270.6632,0.001268137013539672
6.757006802721088,259.08987,0.0008978150435723364
6.780226757369615,250.71675,0.0009253965690732002
6.8034467120181406,250.65945,0.0009247384150512516
6.826666666666667,259.17615,0.001324394135735929
6.849886621315193,269.75763,0.002112732734531164
6.873106575963719,279.21518,0.0018390618497505784
6.896326530612245,287.94315,0.0020546033047139645
6.9195464852607715,284.26102,0.0017075494397431612
6.942766439909297,273.42102,0.0013207332231104374
6.965986394557823,263.24084,0.0008971948409453034
6.989206349206349,254.71202,0.0007750051445327699
7.012426303854875,254.85939,0.0007749951910227537
7.035646258503402,263.08676,0.0015179882757365704
7.058866213151927,272.01285,0.0018749989103525877
7.082086167800454,281.3215,0.0017428073333576322
7.1053061224489795,286.26105,0.001889553153887391
7.128526077097506,280.94235,0.0013597370125353336
7.151746031746032,271.03555,0.0010332770179957151
7.174965986394558,260.94644,0.0006731046596542001
7.198185941043084,252.99428,0.0006662688683718443
7.2214058956916105,255.39526,0.0007626561564393342
7.244625850340136,264.46173,0.001448007533326745
7.267845804988662,274.22925,0.0015894558746367693
7.291065759637188,284.1509,0.0014814578462392092
7.314285714285714,287.80063,0.001572408014908433
7.337505668934241,280.7667,0.0010778851574286819
7.360725623582766,268.88052,0.0008583221351727843
7.383945578231293,258.4797,0.000609551090747118
7.4071655328798185,84.03447,0.0005375298787839711
7.430385487528345,256.2251,0.0006346090231090784
7.453605442176871,266.5651,0.001296553062275052
7.476825396825397,276.59503,0.0012716780183836818
7.500045351473923,287.65265,0.0012890900252386928
7.5232653061224495,288.22906,0.0013378876028582454
7.546485260770975,278.8812,0.0007546124397777021
7.569705215419502,263.55566,0.0005115857347846031
7.592925170068027,250.90916,0.0005795607576146722
7.616145124716553,83.14232,0.0005342119839042425
7.63936507936508,256.94635,0.0006490726955235004
7.662585034013605,270.2538,0.001102323760278523
7.685804988662132,281.34314,0.0009352832566946745
7.7090249433106575,289.13657,0.0010433492716401815
7.732244897959184,280.6547,0.0005603661993518472
7.75546485260771,263.99042,0.0003343842108733952
7.778684807256236,248.43639,0.000421663949964568
7.801904761904762,245.50691,0.00044438132317736745
7.8251247165532885,254.33806,0.0003300672397017479
7.848344671201814,270.87418,0.0006337498198263347
7.871564625850341,282.3635,0.0005389760481193662
7.894784580498866,286.14395,0.00043486530194059014
7.918004535147393,271.34326,0.00020667645731009543
7.9412244897959186,257.54422,0.00013960192154627293
7.964444444444444,245.40291,0.000185984987183474
7.987664399092971,254.51688,0.00017790115089155734
8.010884353741497,274.57846,0.00016718596452847123
8.034104308390022,55.734005,2.7028467229683883e-05
8.057324263038549,0.0,1.0368512448621914e-06
8.080544217687075,0.0,3.565955921658315e-07
8.103764172335602,0.0,8.690813046996482e-07
8.126984126984127,0.0,6.168884283397347e-07
8.150204081632653,0.0,4.2618012230377644e-07
8.17342403628118,0.0,4.055573299410753e-07
8.196643990929706,0.0,4.2548799683572724e-07
8.219863945578231,0.0,4.51123014499899e-07
8.243083900226758,0.0,1.1075917427660897e-07
8.266303854875284,0.0,3.6940036807209253e-07
8.289523809523809,0.0,4.3592990550678223e-07
8.312743764172335,0.0,2.1329105948098004e-07
8.335963718820862,0.0,6.069667506380938e-07
8.359183673469389,0.0,5.470610631164163e-07
8.382403628117913,0.0,1.2631517165573314e-07
8.40562358276644,0.0,5.737583705922589e-07
8.428843537414966,0.0,3.930454113287851e-07
8.452063492063493,0.0,4.2934516386594623e-08
