0.0,0.0,3.154937076033093e-07
0.023219954648526078,0.0,2.1385221771197394e-07
0.046439909297052155,0.0,2.8882368496851996e-07
0.06965986394557823,0.0,2.0356219465611503e-07
0.09287981859410431,0.0,1.665439413045533e-07
0.11609977324263039,0.0,3.4413278626743704e-07
0.13931972789115646,0.0,2.694214344955981e-07
0.16253968253968254,0.0,3.3698961487971246e-07
0.18575963718820862,0.0,2.598462742753327e-07
0.2089795918367347,0.0,1.1917200026800856e-07
0.23219954648526078,0.0,2.4966539058368653e-08
0.25541950113378686,0.0,9.812993084779009e-08
0.2786394557823129,0.0,5.1930328481830657e-08
0.301859410430839,0.0,7.574180926894769e-08
0.3250793650793651,0.0,4.6867899072822183e-07
0.3482993197278912,0.0,3.2477782951900735e-07
0.37151927437641724,0.0,3.944705895264633e-07
0.3947392290249433,0.0,6.947648216737434e-07
0.4179591836734694,0.0,3.446740265644621e-06
0.44117913832199546,98.50379,4.009645999758504e-05
0.46439909297052157,501.7612,0.00011550642375368625
0.4876190476190476,484.32986,0.00029939980595372617
0.5108390022675737,254.15598,0.00031125859823077917
0.5340589569160998,260.3484,0.0004477298352867365
0.5572789115646258,251.89278,0.0005798224010504782
0.5804988662131519,482.57715,0.000327730318531394
0.603718820861678,1493.907,0.00033152461401186883
0.626938775510204,1476.3601,0.000469487247755751
0.6501587301587302,1481.0929,0.0004482546937651932
0.6733786848072563,241.63358,0.0005048303864896297
0.6965986394557824,257.6265,0.00031840475276112556
0.7198185941043084,403.70493,0.00030884501757100224
0.7430385487528345,1447.2576,0.00039846415165811777
0.7662585034013606,128.69476,0.0005289075197651982
0.7894784580498866,124.82734,0.0005868726875633001
0.8126984126984127,238.72998,0.0006135881412774324
0.8359183673469388,476.8986,0.0007627297891303897
0.8591383219954649,499.72565,0.0008200813317671418
0.8823582766439909,1468.9996,0.0007303060265257955
0.905578231292517,1468.8198,0.0008169132051989436
0.9287981859410431,1454.8822,0.0007477066246792674
0.9520181405895691,127.98153,0.0008524261647835374
0.9752380952380952,127.22755,0.000756268622353673
0.9984580498866213,2773.0603,0.0008185709011740983
1.0216780045351475,445.45688,0.0010406896471977234
1.0448979591836736,156.45537,0.0012610116973519325
1.0681179138321997,156.44753,0.0015751192113384604
1.0913378684807256,438.65115,0.0009226062684319913
1.1145578231292517,2686.3877,0.0008876606007106602
1.1377777777777778,2817.787,0.0008679395541548729
1.1609977324263039,2729.0212,0.0008560443529859185
1.18421768707483,428.878,0.0013967142440378666
1.207437641723356,148.7515,0.0013466429663822055
1.2306575963718822,149.85901,0.0014953019563108683
1.253877551020408,148.10275,0.0016055208398029208
1.2770975056689342,145.16843,0.0014464367413893342
1.3003174603174603,429.4014,0.0014594967942684889
1.3235374149659864,144.03864,0.0016784967156127095
1.3467573696145125,147.287,0.0014856201596558094
1.3699773242630386,151.18204,0.0009791424963623285
1.3931972789115648,158.2177,0.000807211094070226
1.4164172335600906,166.48917,0.0011601634323596954
1.4396371882086167,169.80766,0.0012343265116214752
1.4628571428571429,168.04831,0.0012453091330826283
1.486077097505669,163.25624,0.0007324611651711166
1.509297052154195,158.02687,0.001500618876889348
1.5325170068027212,2742.2817,0.001210937276482582
1.5557369614512473,2731.9575,0.0013042318169027567
1.5789569160997732,155.76297,0.0011275282595306635
1.6021768707482993,502.9744,0.0011633583344519138
1.6253968253968254,2833.5508,0.0012909696670249104
1.6486167800453515,2811.3467,0.001156497048214078
1.6718367346938776,512.00793,0.0017823355738073587
1.6950566893424037,166.33144,0.0018566438229754567
1.7182766439909298,2203.552,0.002670310903340578
1.7414965986394557,158.62181,0.0027926836628466845
1.7647165532879818,2787.5876,0.0022878728341311216
1.787936507936508,167.46767,0.0018282978562638164
1.811156462585034,2731.7717,0.0011099358089268208
1.8343764172335602,2600.7544,0.0006993725546635687
1.8575963718820863,370.0891,0.0009226318215951324
1.8808163265306124,2117.1245,0.001691858982667327
1.9040362811791383,2744.405,0.0021270369179546833
1.9272562358276644,2696.3,0.002450750209391117
1.9504761904761905,2691.8455,0.002430176129564643
1.9736961451247166,2722.0972,0.0015519054140895605
1.9969160997732427,357.13406,0.001269591972231865
2.020136054421769,2614.355,0.0014257573056966066
2.043356009070295,2730.3438,0.0016120215877890587
2.066575963718821,531.2473,0.002035708399489522
2.089795918367347,503.93918,0.002819242188706994
2.1130158730158732,2738.2415,0.002781960181891918
2.1362358276643993,161.98024,0.0027021262794733047
2.159455782312925,2694.816,0.0024910960346460342
2.182675736961451,521.6044,0.0025391732342541218
2.2058956916099772,360.00238,0.0011976221576333046
2.2291156462585033,2735.3503,0.0017490843310952187
2.2523356009070294,528.7408,0.0028518910985440016
2.2755555555555556,171.5439,0.00267341872677207
2.2987755102040817,169.20752,0.0013634369242936373
2.3219954648526078,375.02493,0.0012611212441697717
2.345215419501134,419.0538,0.0020523371640592813
2.36843537414966,214.97711,0.002317753154784441
2.391655328798186,214.7708,0.0019675891380757093
2.414875283446712,351.95197,0.0016711954958736897
2.4380952380952383,189.08278,0.0013651447370648384
2.4613151927437644,368.79932,0.0014144559390842915
2.48453514739229,368.47833,0.001336915185675025
2.507755102040816,2096.6843,0.0018596145091578364
2.5309750566893423,1374.2319,0.0016389642842113972
2.5541950113378684,1417.4465,0.0017331691924482584
2.5774149659863945,1429.3646,0.0019756676629185677
2.6006349206349206,2147.398,0.0021338756196200848
2.6238548752834467,2656.8574,0.0016279593110084534
2.647074829931973,2611.4485,0.001739724655635655
2.670294784580499,2657.6306,0.003142933826893568
2.693514739229025,2143.8467,0.002522238064557314
2.716734693877551,348.1109,0.002351345494389534
2.7399546485260773,1410.6299,0.0025027431547641754
2.7631746031746034,2185.7969,0.002782338997349143
2.7863945578231295,2158.7317,0.001760805957019329
2.809614512471655,202.66331,0.0020949726458638906
2.8328344671201813,436.50378,0.002186788246035576
2.8560544217687074,232.46222,0.003006524173542857
2.8792743764172335,238.35239,0.002883933950215578
2.9024943310657596,231.55681,0.0023627523332834244
2.9257142857142857,2107.9927,0.00174719316419214
2.948934240362812,203.64519,0.0015783591661602259
2.972154195011338,203.26491,0.0014988220063969493
2.995374149659864,2129.2861,0.001939112669788301
3.01859410430839,217.07428,0.002222749637439847
3.0418140589569163,458.0287,0.0031092038843780756
3.0650340136054424,458.93723,0.0018703748937696218
3.0882539682539685,220.28148,0.002727014943957329
3.1114739229024946,2123.2705,0.0029825097881257534
3.1346938775510207,420.26215,0.003421795554459095
3.1579138321995464,213.005,0.003026990219950676
3.1811337868480725,222.47754,0.003950230311602354
3.2043537414965986,460.2043,0.005481269210577011
3.2275736961451247,461.76462,0.0031634022016078234
3.250793650793651,223.25662,0.0021863277070224285
3.274013605442177,219.15396,0.001924537355080247
3.297233560090703,493.47162,0.003065807279199362
3.320453514739229,244.72867,0.007043027319014072
3.3436734693877552,259.79507,0.008624953217804432
3.3668934240362813,531.77094,0.008934933692216873
3.3901133786848074,261.37476,0.007090437225997448
3.4133333333333336,504.84845,0.00281969690695405
3.4365532879818597,228.58784,0.0016279814299196005
3.4597732426303858,221.95267,0.002230769256129861
3.4829931972789114,231.67993,0.0036631301045417786
3.5062131519274375,244.1655,0.006339294835925102
3.5294331065759637,256.9002,0.007648134604096413
3.5526530612244898,524.3354,0.00662527559325099
3.575873015873016,260.7634,0.007702257949858904
3.599092970521542,252.22229,0.0037788196932524443
3.622312925170068,2113.0051,0.0031948948744684458
3.645532879818594,235.98395,0.002986650448292494
3.6687528344671203,242.48549,0.004346325062215328
3.6919727891156464,252.77583,0.004538842011243105
3.7151927437641725,263.73224,0.0021921764127910137
3.7384126984126986,543.3941,0.0018591175321489573
3.7616326530612247,550.46893,0.0023406061809509993
3.784852607709751,273.19275,0.0017520763212814927
3.8080725623582765,529.89594,0.0029043303802609444
3.8312925170068026,256.40497,0.0019098862539976835
3.8545124716553287,432.4905,0.001775222597643733
3.877732426303855,243.32271,0.002113929484039545
3.900952380952381,253.64145,0.0031808684580028057
3.924172335600907,544.28534,0.0025225430727005005
3.947392290249433,554.98505,0.004471448715776205
3.9706122448979593,278.4215,0.0027953018434345722
3.9938321995464854,495.61203,0.0021629207767546177
4.017052154195011,253.00636,0.0018654491286724806
4.040272108843538,2068.3972,0.0017758591566234827
4.063492063492063,236.2789,0.001913591055199504
4.08671201814059,242.28459,0.0027869497425854206
4.1099319727891155,256.45428,0.003757252125069499
4.133151927437642,268.04385,0.0032415445894002914
4.156371882086168,269.09528,0.0033194883726537228
4.179591836734694,268.97327,0.0025260213296860456
4.20281179138322,264.2755,0.002316516824066639
4.2260317460317465,262.62393,0.002984321676194668
4.249251700680272,268.15552,0.0022712538484483957
4.272471655328799,286.84998,0.0015911818481981754
4.295691609977324,308.09232,0.0006573296268470585
4.31891156462585,2603.8633,0.001212612260133028
4.342131519274377,591.7652,0.0015056063421070576
4.365351473922902,276.05807,0.0023223585449159145
4.388571428571429,522.85815,0.0032270934898406267
4.4117913832199545,262.78958,0.0024016820825636387
4.435011337868481,542.6949,0.0017499309033155441
4.458231292517007,286.37286,0.002017667982727289
4.481451247165533,2118.2156,0.002721775323152542
4.504671201814059,2148.237,0.003049519844353199
4.527891156462585,2096.7393,0.0021363659761846066
4.551111111111111,1408.0011,0.0025266583543270826
4.574331065759638,2118.6147,0.0031768823973834515
4.597551020408163,520.1924,0.0034115882590413094
4.62077097505669,531.4189,0.0022455533035099506
4.6439909297052155,282.3079,0.0021253079175949097
4.667210884353741,2079.8604,0.0032448964193463326
4.690430839002268,2092.434,0.0024325461126863956
4.713650793650793,276.54092,0.004004298709332943
4.73687074829932,259.3148,0.0038280668668448925
4.760090702947846,722.5103,0.002363845705986023
4.783310657596372,242.82977,0.001470145070925355
4.806530612244898,2104.6453,0.0016358774155378342
4.829750566893424,268.68295,0.0015155361033976078
4.85297052154195,1354.373,0.0018375645158812404
4.876190476190477,527.8154,0.0014714606804773211
4.899410430839002,255.73827,0.001357757719233632
4.922630385487529,721.22723,0.0019094145391136408
4.9458503401360545,240.80775,0.0012586177326738834
4.96907029478458,502.73914,0.0021570734679698944
4.992290249433107,263.118,0.002050678711384535
5.015510204081632,271.12027,0.0020882817916572094
5.038730158730159,271.37372,0.0021766386926174164
5.061950113378685,261.76523,0.0017457889625802636
5.085170068027211,720.21985,0.0024686793331056833
5.108390022675737,711.10065,0.0020308741368353367
5.131609977324263,490.31293,0.002048830036073923
5.154829931972789,2111.1287,0.0022918060421943665
5.178049886621316,269.4068,0.0024530861992388964
5.201269841269841,539.63574,0.004231500439345837
5.224489795918368,519.59076,0.0024835914373397827
5.2477097505668935,2129.9907,0.0029229186475276947
5.27092970521542,2111.4302,0.0021569272503256798
5.294149659863946,2165.147,0.0012186081148684025
5.317369614512471,499.23563,0.002019049134105444
5.340589569160998,254.42189,0.0025697224773466587
5.363809523809524,259.36505,0.002024187706410885
5.38702947845805,505.1481,0.0013767881318926811
5.410249433106576,705.19904,0.0015833082143217325
5.433469387755102,1384.9811,0.0014626868069171906
5.456689342403628,690.5469,0.0016574363689869642
5.479909297052155,2640.1855,0.001279991352930665
5.50312925170068,247.7265,0.0024166773073375225
5.526349206349207,254.81248,0.0028440849855542183
5.5495691609977325,257.2539,0.002523600123822689
5.572789115646259,504.38702,0.0014409851282835007
5.596009070294785,1407.939,0.001619265996851027
5.61922902494331,436.6829,0.0015795208746567369
5.642448979591837,2149.7183,0.0017607619520276785
5.6656689342403626,2115.7646,0.0014124047011137009
5.688888888888889,2027.9243,0.0013237146195024252
5.712108843537415,2115.9824,0.0014609366189688444
5.735328798185941,214.70967,0.0014265193603932858
5.758548752834467,216.65242,0.0014665271155536175
5.7817687074829935,213.03487,0.001306350459344685
5.804988662131519,2095.4385,0.001069922698661685
5.828208616780046,2657.7822,0.000983190257102251
5.851428571428571,409.54614,0.001321946270763874
5.874648526077098,211.58495,0.0014789659762755036
5.897868480725624,222.35689,0.001887983176857233
5.92108843537415,2727.49,0.0017134235240519047
5.944308390022676,447.54266,0.0017106663435697556
5.9675283446712015,2117.12,0.001629536971449852
5.990748299319728,2057.1729,0.000821425230242312
6.013968253968254,2137.0422,0.0011132293147966266
6.03718820861678,2094.6914,0.001022576354444027
6.060408163265306,2102.3364,0.0010299107525497675
6.0836281179138325,2106.2217,0.0009538830490782857
6.106848072562358,2140.3394,0.0005817534402012825
6.130068027210885,2108.5078,0.0006783837452530861
6.15328798185941,198.84901,0.0004903715453110635
6.176507936507937,2823.4387,0.0005760895437560976
6.199727891156463,2152.6038,0.0008459058590233326
6.222947845804989,2094.7102,0.0007005813531577587
6.246167800453515,2700.8748,0.0007172250188887119
6.269387755102041,2149.0825,0.0008195461123250425
6.292607709750567,2693.714,0.0006198744522407651
6.315827664399093,2102.1016,0.0007035591406747699
6.339047619047619,200.1295,0.0006694421172142029
6.362267573696145,2648.533,0.0007273551309481263
6.3854875283446715,200.73929,0.0008672203402966261
6.408707482993197,2099.8997,0.0006747931474819779
6.431927437641724,2782.6614,0.0004799199814442545
6.455147392290249,2760.4888,0.0006963229971006513
6.478367346938776,2106.916,0.0005833873874507844
6.501587301587302,198.86635,0.0005060283583588898
6.524807256235828,203.83844,0.0004866188974119723
6.548027210884354,196.58916,0.000505144998896867
6.57124716553288,130.67673,0.0005282443598844111
6.594467120181406,485.9703,0.0005739260232076049
6.617687074829932,479.69345,0.000457542366348207
6.640907029478458,1323.1401,0.0004675256786867976
6.664126984126984,1371.1466,0.0005328541155904531
6.6873469387755105,350.01953,0.0005874959169887006
6.710566893424036,346.39716,0.0006225054967217147
6.733786848072563,348.48453,0.000644258689135313
6.757006802721088,1385.7036,0.0005307823303155601
6.780226757369615,339.73474,0.00045646552462130785
6.8034467120181406,168.68726,0.0005142343579791486
6.826666666666667,341.46045,0.0007446501404047012
6.849886621315193,1395.6101,0.0008151230867952108
6.873106575963719,2128.4822,0.000851005781441927
6.896326530612245,2097.3408,0.0009717453503981233
6.9195464852607715,1388.3416,0.0007765625487081707
6.942766439909297,168.91731,0.0011283120838925242
6.965986394557823,477.18982,0.0016655517974868417
6.989206349206349,456.54614,0.0007329044165089726
7.012426303854875,491.14636,0.0008093042415566742
7.035646258503402,161.0136,0.0007809585658833385
7.058866213151927,168.01822,0.000912841351237148
7.082086167800454,168.07661,0.0008376849582418799
7.1053061224489795,166.50781,0.0005868133157491684
7.128526077097506,2116.5637,0.00040980393532663584
7.151746031746032,159.49963,0.0005397929926402867
7.174965986394558,471.8864,0.0005179226282052696
7.198185941043084,155.65967,0.000534060294739902
7.2214058956916105,160.62129,0.0005835447227582335
7.244625850340136,166.90303,0.0009890076471492648
7.267845804988662,168.5944,0.0009058356517925858
7.291065759637188,166.25879,0.0005158903077244759
7.314285714285714,2111.5593,0.0005171014927327633
7.337505668934241,2144.9954,0.000557278108317405
7.360725623582766,166.14024,0.0006757860537618399
7.383945578231293,163.51762,0.0006177540053613484
7.4071655328798185,154.26749,0.0005903756245970726
7.430385487528345,434.49786,0.0004620301479008049
7.453605442176871,2164.5286,0.0005045118741691113
7.476825396825397,2096.2092,0.000604477128945291
7.500045351473923,427.77417,0.0007021139026619494
7.5232653061224495,2128.54,0.000784527393989265
7.546485260770975,150.51115,0.0006945811910554767
7.569705215419502,147.01035,0.0006797263631597161
7.592925170068027,145.34169,0.0006150909466668963
7.616145124716553,144.4583,0.0007446138188242912
7.63936507936508,143.51753,0.0007483723456971347
7.662585034013605,143.94926,0.0009134281426668167
7.685804988662132,143.87166,0.0009599952027201653
7.7090249433106575,143.73695,0.000941722362767905
7.732244897959184,142.98349,0.0008764330996200442
7.75546485260771,143.41156,0.0009370827465318143
7.778684807256236,145.02234,0.001051571685820818
7.801904761904762,146.71046,0.0012590300757437944
7.8251247165532885,147.60664,0.0010798319708555937
7.848344671201814,147.08424,0.0010668712202459574
7.871564625850341,436.03183,0.0007341813179664314
7.894784580498866,2115.8499,0.0001754534459905699
7.918004535147393,481.46777,0.00016379644512198865
7.9412244897959186,117.816315,0.0003584411460906267
7.964444444444444,2665.7483,0.00023564539151266217
7.987664399092971,2132.0007,0.000225078736548312
8.010884353741497,2111.5933,0.00027099635917693377
8.034104308390022,104.68272,0.0002297311875736341
8.057324263038549,2673.2842,0.0003068481746595353
8.080544217687075,2105.9976,0.00031136831967160106
8.103764172335602,2783.467,0.0003903393808286637
8.126984126984127,2775.6423,0.00037844700273126364
8.150204081632653,2707.5156,0.00040958859608508646
8.17342403628118,2742.054,0.0003288306761533022
8.196643990929706,2174.792,0.00028654609923250973
8.219863945578231,2711.096,0.0002963129081763327
8.243083900226758,2707.2368,0.000326434092130512
8.266303854875284,2732.5227,0.0002740139316301793
8.289523809523809,2093.6226,0.00025862830807454884
8.312743764172335,2079.754,0.000342382350936532
8.335963718820862,2150.316,0.00028228870360180736
8.359183673469389,2162.3674,0.00025538422050885856
8.382403628117913,2147.8127,0.00021720619406551123
8.40562358276644,407.44086,0.0002161458251066506
8.428843537414966,405.76465,0.00017299584578722715
8.452063492063493,2132.3718,0.0002284771326230839
8.475283446712018,2115.9773,0.0002721181372180581
8.498503401360544,2766.2878,0.00026114031788893044
8.52172335600907,2762.7183,0.00026599675766192377
8.544943310657597,2135.1587,0.0002475460642017424
8.568163265306122,396.3346,0.0002253470302093774
8.591383219954649,140.01257,0.00033102388260886073
8.614603174603175,432.5861,0.0003615927998907864
8.6378231292517,420.73618,0.00022786839690525085
8.661043083900227,2741.1292,0.00023541951668448746
8.684263038548753,473.33737,0.0002638092264533043
8.70748299319728,2775.602,0.00028939300682395697
8.730702947845804,2771.634,0.00027503768797032535
8.753922902494331,126.45205,0.00023578631225973368
8.777142857142858,406.0545,0.00031032570404931903
8.800362811791384,137.09094,0.00019221112597733736
8.823582766439909,376.34595,7.313410606002435e-05
8.846802721088435,115.80127,2.3954078642418608e-05
8.870022675736962,0.0,2.7290534490020946e-06
8.893242630385489,0.0,1.2034652172587812e-06
8.916462585034013,0.0,5.671554390573874e-07
8.93968253968254,0.0,8.762981451582164e-08
8.962902494331066,0.0,2.801907612592913e-07
8.986122448979591,0.0,1.1562588042579591e-07
9.009342403628118,0.0,9.456471161684021e-08
9.032562358276644,0.0,2.0154675439698622e-07
9.05578231292517,0.0,8.602364687249064e-08
9.079002267573696,0.0,7.912058208603412e-08
9.102222222222222,0.0,1.3579574442701414e-07
9.125442176870749,0.0,1.0365029083914123e-06
9.148662131519275,0.0,7.616899893037044e-07
9.1718820861678,0.0,4.74922671855893e-07
9.195102040816327,0.0,4.834491846850142e-07
9.218321995464853,0.0,2.2239782992983237e-07
9.24154195011338,0.0,2.7888927434105426e-07
9.264761904761905,0.0,5.393094397732057e-07
9.287981859410431,0.0,2.2583753889193758e-07
9.311201814058958,0.0,5.547190085053444e-08
9.334421768707482,0.0,5.525453161681071e-08
9.357641723356009,0.0,9.438281267648563e-08
9.380861678004536,0.0,1.5014484233688563e-07
9.404081632653062,0.0,2.0917104848194867e-07
9.427301587301587,0.0,1.5953173715388402e-07
9.450521541950113,0.0,8.739334589336067e-08
9.47374149659864,0.0,7.195012585725635e-08
9.496961451247167,0.0,4.0146005630958825e-08
9.520181405895691,0.0,7.590460882056504e-08
9.543401360544218,0.0,5.0848939281422645e-08
9.566621315192744,0.0,2.0209608919685706e-07
9.58984126984127,0.0,5.216315912548453e-07
9.613061224489796,0.0,2.2301446733763441e-07
9.636281179138322,0.0,3.1474974093725905e-07
9.659501133786849,0.0,6.747422958142124e-07
9.682721088435374,0.0,9.993736966862343e-07
