0.0,0.0,1.8179707694798708e-07
0.023219954648526078,0.0,3.947025106754154e-07
0.046439909297052155,0.0,4.4823264033766463e-07
0.06965986394557823,0.0,3.0822502594674006e-07
0.09287981859410431,0.0,3.845734681817703e-07
0.11609977324263039,0.0,2.6595535018714145e-07
0.13931972789115646,0.0,1.610142135177739e-07
0.16253968253968254,0.0,1.7467300494899973e-07
0.18575963718820862,0.0,1.3376029528444633e-07
0.2089795918367347,0.0,6.96272763889283e-08
0.23219954648526078,0.0,1.9978506315965205e-07
0.25541950113378686,0.0,3.131326593575068e-07
0.2786394557823129,0.0,1.126800270867534e-07
0.301859410430839,0.0,1.4809120330028236e-07
0.3250793650793651,0.0,7.203288987511769e-07
0.3482993197278912,0.0,9.720278285385575e-06
0.37151927437641724,119.2457,4.034206358483061e-05
0.3947392290249433,608.7711,8.966419409262016e-05
0.4179591836734694,126.62497,0.00013775969273410738
0.44117913832199546,637.4931,0.00022047499078325927
0.46439909297052157,638.16077,0.00030061803408898413
0.4876190476190476,637.233,0.0007883834769017994
0.5108390022675737,614.5433,0.0011774924350902438
0.5340589569160998,122.58236,0.0013100199867039919
0.5572789115646258,121.87212,0.0015984725905582309
0.5804988662131519,119.69245,0.0017342234496027231
0.603718820861678,120.86355,0.0015181700000539422
0.626938775510204,686.10913,0.0012449739733710885
0.6501587301587302,572.443,0.0011770242126658559
0.6733786848072563,675.8901,0.0009796670638024807
0.6965986394557824,629.8915,0.003030265448614955
0.7198185941043084,608.3333,0.003112939652055502
0.7430385487528345,119.55068,0.003322221338748932
0.7662585034013606,601.45374,0.004293724894523621
0.7894784580498866,620.16077,0.001569155603647232
0.8126984126984127,654.10315,0.0009879883145913482
0.8359183673469388,667.73065,0.0010274492669850588
0.8591383219954649,220.21242,0.0021699273493140936
0.8823582766439909,126.43454,0.0044045401737093925
0.905578231292517,623.28674,0.0030097435228526592
0.9287981859410431,656.58435,0.001737432787194848
0.9520181405895691,294.04517,0.0037448364309966564
0.9752380952380952,155.10745,0.002338329330086708
0.9984580498866213,158.09805,0.003993017133325338
1.0216780045351475,610.0747,0.00200216774828732
1.0448979591836736,139.28871,0.0007747998461127281
1.0681179138321997,667.39923,0.0008565672906115651
1.0913378684807256,668.2522,0.0011708473321050406
1.1145578231292517,139.27544,0.0026276269927620888
1.1377777777777778,148.00507,0.003509253030642867
1.1609977324263039,305.81332,0.004186732694506645
1.18421768707483,306.50024,0.004198162816464901
1.207437641723356,148.01785,0.003033869434148073
1.2306575963718822,142.91873,0.002167502883821726
1.253877551020408,139.60643,0.0027125999331474304
1.2770975056689342,142.53438,0.0044052391313016415
1.3003174603174603,147.45,0.00391946779564023
1.3235374149659864,150.54472,0.004528459161520004
1.3467573696145125,155.61119,0.002062394982203841
1.3699773242630386,327.5253,0.0023916063364595175
1.3931972789115648,335.5412,0.0018679816275835037
1.4164172335600906,170.25201,0.0018639758927747607
1.4396371882086167,168.17458,0.0016404028283432126
1.4628571428571429,325.34076,0.0019026375375688076
1.486077097505669,158.32016,0.0023807391989976168
1.509297052154195,157.89703,0.0017033843323588371
1.5325170068027212,324.52716,0.0016126642003655434
1.5557369614512473,330.32358,0.0022826562635600567
1.5789569160997732,333.5909,0.002103960607200861
1.6021768707482993,331.06946,0.0016188927693292499
1.6253968253968254,320.58582,0.0025917028542608023
1.6486167800453515,310.028,0.003529768902808428
1.6718367346938776,155.97014,0.0028153290040791035
1.6950566893424037,484.12964,0.002071690745651722
1.7182766439909298,334.513,0.001706847338937223
1.7414965986394557,341.593,0.0015499612782150507
1.7647165532879818,341.04688,0.0021246769465506077
1.787936507936508,331.0836,0.002486951183527708
1.811156462585034,327.46304,0.0018496547127142549
1.8343764172335602,332.6049,0.0017595355166122317
1.8575963718820863,698.24615,0.0015172797720879316
1.8808163265306124,897.60724,0.0016982047818601131
1.9040362811791383,921.36957,0.0016163487453013659
1.9272562358276644,183.95111,0.001468810485675931
1.9504761904761905,350.30075,0.0015136557631194592
1.9736961451247166,649.9166,0.001291744876652956
1.9969160997732427,318.62698,0.001802239567041397
2.020136054421769,321.73914,0.00176797597669065
2.043356009070295,336.82916,0.001625897129997611
2.066575963718821,358.6399,0.0016058050096035004
2.089795918367347,555.1019,0.0015467382036149502
2.1130158730158732,181.42851,0.0019866584334522486
2.1362358276643993,340.9859,0.00266842870041728
2.159455782312925,333.7297,0.0025481288321316242
2.182675736961451,330.89017,0.0022141048684716225
2.2058956916099772,350.76242,0.0018152828561142087
2.2291156462585033,571.50226,0.005890834145247936
2.2523356009070294,592.597,0.007254527881741524
2.2755555555555556,603.11554,0.0068049356341362
2.2987755102040817,589.51355,0.0023799275513738394
2.3219954648526078,180.98425,0.0016655551735311747
2.345215419501134,351.84277,0.0013839791063219309
2.36843537414966,176.23558,0.0017270961543545127
2.391655328798186,570.9239,0.006245077587664127
2.414875283446712,599.7478,0.00606309249997139
2.4380952380952383,211.68239,0.0045211827382445335
2.4613151927437644,601.7072,0.0053375642746686935
2.48453514739229,570.3702,0.0012243171222507954
2.507755102040816,359.07095,0.0012801247648894787
2.5309750566893423,359.6759,0.002130985725671053
2.5541950113378684,573.3773,0.008308123797178268
2.5774149659863945,613.9644,0.004286610055714846
2.6006349206349206,219.81403,0.002327319700270891
2.6238548752834467,222.3915,0.004333209246397018
2.647074829931973,627.58844,0.010086377151310444
2.670294784580499,606.5714,0.009068412706255913
2.693514739229025,610.03,0.003370613558217883
2.716734693877551,677.631,0.0022355434484779835
2.7399546485260773,233.9246,0.0024660094641149044
2.7631746031746034,236.15253,0.0020921090617775917
2.7863945578231295,663.4046,0.003056286135688424
2.809614512471655,617.50507,0.007994095794856548
2.8328344671201813,589.8285,0.004400961101055145
2.8560544217687074,576.7935,0.0074745360761880875
2.8792743764172335,591.78345,0.005279417149722576
2.9024943310657596,654.2743,0.0015519041335210204
2.9257142857142857,221.54346,0.0017231300007551908
2.948934240362812,222.75725,0.002733347937464714
2.972154195011338,637.811,0.006346509791910648
2.995374149659864,616.8928,0.010828192345798016
3.01859410430839,603.6611,0.010799171403050423
3.0418140589569163,601.9585,0.00518841715529561
3.0650340136054424,681.3357,0.0026063178665935993
3.0882539682539685,249.99576,0.003228286514058709
3.1114739229024946,548.5724,0.002298107836395502
3.1346938775510207,1047.0851,0.004760600160807371
3.1579138321995464,1012.31616,0.0024697519838809967
3.1811337868480725,443.1854,0.0029232539236545563
3.2043537414965986,217.54443,0.00262453593313694
3.2275736961451247,221.9278,0.0026983676943928003
3.250793650793651,478.09558,0.004993951879441738
3.274013605442177,253.32202,0.0032931012101471424
3.297233560090703,546.7701,0.00424141064286232
3.320453514739229,271.74365,0.004692938644438982
3.3436734693877552,506.4532,0.004828588105738163
3.3668934240362813,232.14267,0.0031229346059262753
3.3901133786848074,224.91539,0.003221461083739996
3.4133333333333336,696.09656,0.0043998463079333305
3.4365532879818597,502.4111,0.00957733765244484
3.4597732426303858,261.80103,0.009172812104225159
3.4829931972789114,263.95294,0.007983662188053131
3.5062131519274375,717.8887,0.00460745207965374
3.5294331065759637,231.41425,0.004092039540410042
3.5526530612244898,730.1755,0.004567996598780155
3.575873015873016,505.44177,0.0063765994273126125
3.599092970521542,556.8505,0.007473827339708805
3.622312925170068,572.9901,0.00923801027238369
3.645532879818594,569.0096,0.0060927290469408035
3.6687528344671203,260.44067,0.003516898024827242
3.6919727891156464,231.54845,0.0024462526198476553
3.7151927437641725,677.898,0.002178431488573551
3.7384126984126986,230.75288,0.0029573533684015274
3.7616326530612247,500.69577,0.005840008147060871
3.784852607709751,534.03424,0.003380670677870512
3.8080725623582765,552.0153,0.003751252545043826
3.8312925170068026,526.4031,0.004724798258394003
3.8545124716553287,720.53186,0.003302005585283041
3.877732426303855,235.91597,0.003967957105487585
3.900952380952381,236.84384,0.004941105842590332
3.924172335600907,503.2707,0.011852378025650978
3.947392290249433,534.33185,0.008586115203797817
3.9706122448979593,552.5959,0.009788626804947853
3.9938321995464854,1063.9076,0.013039163313806057
4.017052154195011,196.70467,0.005304783117026091
4.040272108843538,998.6657,0.010151064023375511
4.063492063492063,1050.4784,0.016303077340126038
4.08671201814059,597.20825,0.04002094641327858
4.1099319727891155,619.8735,0.023515664041042328
4.133151927437642,629.9267,0.03305649012327194
4.156371882086168,611.0325,0.014436847530305386
4.179591836734694,514.37354,0.007979415357112885
4.20281179138322,250.26244,0.007093846332281828
4.2260317460317465,1018.08923,0.011453945189714432
4.249251700680272,554.46295,0.01804901473224163
4.272471655328799,595.7673,0.04349648207426071
4.295691609977324,614.98865,0.04195212572813034
4.31891156462585,619.5121,0.042985837906599045
4.342131519274377,606.9028,0.01407843828201294
4.365351473922902,528.6299,0.01026659645140171
4.388571428571429,503.6784,0.007536951452493668
4.4117913832199545,1027.3206,0.011715913191437721
4.435011337868481,552.68286,0.014703250490128994
4.458231292517007,591.9271,0.03260047733783722
4.481451247165533,604.4222,0.037144843488931656
4.504671201814059,604.93646,0.013252459466457367
4.527891156462585,534.3841,0.008185163140296936
4.551111111111111,502.4213,0.005481501575559378
4.574331065759638,237.75009,0.006442852318286896
4.597551020408163,481.61722,0.007106605917215347
4.62077097505669,506.3369,0.006016477011144161
4.6439909297052155,808.2974,0.0035075023770332336
4.667210884353741,546.11945,0.003388798562809825
4.690430839002268,526.3909,0.006149234250187874
4.713650793650793,195.67305,0.005112365819513798
4.73687074829932,233.72105,0.004300023894757032
4.760090702947846,232.0046,0.005317091941833496
4.783310657596372,479.14392,0.006555677391588688
4.806530612244898,510.11273,0.0046650925651192665
4.829750566893424,547.3509,0.004853908903896809
4.85297052154195,2463.465,0.0041897231712937355
4.876190476190477,524.5165,0.006195386406034231
4.899410430839002,489.14108,0.005826981738209724
4.922630385487529,238.56693,0.006141806952655315
4.9458503401360545,242.62355,0.004653949290513992
4.96907029478458,499.2636,0.006089173723012209
4.992290249433107,257.05533,0.005666669458150864
5.015510204081632,512.0653,0.0043140435591340065
5.038730158730159,235.53038,0.003646895522251725
5.061950113378685,671.97253,0.0034967754036188126
5.085170068027211,221.52045,0.00346252229064703
5.108390022675737,232.62704,0.0033602495677769184
5.131609977324263,492.52728,0.0037420722655951977
5.154829931972789,253.02943,0.004567647352814674
5.178049886621316,254.90651,0.0037185545079410076
5.201269841269841,242.07953,0.003832710674032569
5.224489795918368,234.16124,0.0032781949266791344
5.2477097505668935,225.64304,0.003280972596257925
5.27092970521542,226.23483,0.003204693552106619
5.294149659863946,718.592,0.0034597180783748627
5.317369614512471,502.78424,0.0036728600971400738
5.340589569160998,258.46082,0.003279668977484107
5.363809523809524,515.1298,0.0038170674815773964
5.38702947845805,237.50542,0.005629869177937508
5.410249433106576,611.28546,0.005947180092334747
5.433469387755102,561.5834,0.0032644106540828943
5.456689342403628,560.4923,0.009427575394511223
5.479909297052155,598.6034,0.007244481705129147
5.50312925170068,662.77795,0.0030265874229371548
5.526349206349207,228.38132,0.002931159920990467
5.5495691609977325,224.8661,0.003574177622795105
5.572789115646259,218.5068,0.005594429560005665
5.596009070294785,631.3404,0.014208122156560421
5.61922902494331,614.13574,0.014855454675853252
5.642448979591837,606.18774,0.014452032744884491
5.6656689342403626,615.85406,0.005082309246063232
5.688888888888889,663.22754,0.0035163378342986107
5.712108843537415,673.7231,0.003961971495300531
5.735328798185941,219.0026,0.005624242592602968
5.758548752834467,636.1174,0.011508269235491753
5.7817687074829935,625.5534,0.01703198254108429
5.804988662131519,621.12366,0.012503976002335548
5.828208616780046,633.00146,0.0038844915106892586
5.851428571428571,217.51982,0.003892745589837432
5.874648526077098,651.1676,0.007802469655871391
5.897868480725624,617.5937,0.01172453723847866
5.92108843537415,586.93164,0.0032984453719109297
5.944308390022676,564.0791,0.003372031729668379
5.9675283446712015,563.57025,0.006685871165245771
5.990748299319728,580.63715,0.01025494933128357
6.013968253968254,597.70264,0.010949162766337395
6.03718820861678,599.71814,0.006936315447092056
6.060408163265306,583.69556,0.003305247984826565
6.0836281179138325,562.8287,0.0018342381808906794
6.106848072562358,361.6126,0.0019018329912796617
6.130068027210885,182.69499,0.0039659831672906876
6.15328798185941,573.54065,0.009773890487849712
6.176507936507937,595.83435,0.010240303352475166
6.199727891156463,616.995,0.009934751316905022
6.222947845804989,613.08154,0.007246098015457392
6.246167800453515,571.30365,0.0023571494966745377
6.269387755102041,908.1339,0.0020891609601676464
6.292607709750567,541.16583,0.003259126329794526
6.315827664399093,569.30347,0.008926835842430592
6.339047619047619,581.4984,0.011044143699109554
6.362267573696145,584.63995,0.005262266378849745
6.3854875283446715,568.2024,0.0019471077248454094
6.408707482993197,969.74335,0.0021531842648983
6.431927437641724,636.7259,0.001750285504385829
6.455147392290249,318.88727,0.0013233758509159088
6.478367346938776,328.03928,0.0017199089052155614
6.501587301587302,169.89986,0.001625526463612914
6.524807256235828,877.09106,0.0017463950207456946
6.548027210884354,174.25237,0.001677916501648724
6.57124716553288,343.60098,0.002047168556600809
6.594467120181406,337.24298,0.0021861502900719643
6.617687074829932,330.3371,0.0018926968332380056
6.640907029478458,332.48788,0.002116500400006771
6.664126984126984,339.55527,0.0018131849355995655
6.6873469387755105,349.19034,0.001871975138783455
6.710566893424036,349.54214,0.0017319737235084176
6.733786848072563,343.22162,0.0021965624764561653
6.757006802721088,336.44397,0.002301106695085764
6.780226757369615,328.9484,0.001808951492421329
6.8034467120181406,329.16754,0.0017371219582855701
6.826666666666667,335.62195,0.0024680448696017265
6.849886621315193,343.66705,0.0021426756866276264
6.873106575963719,344.51898,0.0023179843556135893
6.896326530612245,335.12677,0.0019331331131979823
6.9195464852607715,320.28073,0.0026429363060742617
6.942766439909297,154.60825,0.003748608287423849
6.965986394557823,153.52202,0.002806176897138357
6.989206349206349,623.7331,0.0014906434807926416
7.012426303854875,324.0139,0.0011595269897952676
7.035646258503402,329.49133,0.001656927284784615
7.058866213151927,329.12817,0.0012415244709700346
7.082086167800454,162.43602,0.0013112620217725635
7.1053061224489795,160.40665,0.0014263633638620377
7.128526077097506,159.48119,0.0013493230799213052
7.151746031746032,322.38602,0.001436858787201345
7.174965986394558,324.7567,0.0014191381633281708
7.198185941043084,323.9208,0.0015437647234648466
7.2214058956916105,161.08966,0.0017428930150344968
7.244625850340136,160.94344,0.0014840546064078808
7.267845804988662,324.1605,0.0018373416969552636
7.291065759637188,161.75462,0.0020099696703255177
7.314285714285714,157.67313,0.004458670970052481
7.337505668934241,148.78085,0.0028266787994652987
7.360725623582766,673.96497,0.0017559517873451114
7.383945578231293,663.8794,0.001582876779139042
7.4071655328798185,671.8862,0.0011939294636249542
7.430385487528345,276.5738,0.00208470830693841
7.453605442176871,147.12566,0.0023696147836744785
7.476825396825397,297.8249,0.002431760309264064
7.500045351473923,292.85242,0.0019025059882551432
7.5232653061224495,143.05786,0.0012398625258356333
7.546485260770975,680.83215,0.0010585677810013294
7.569705215419502,670.4938,0.0012153855059295893
7.592925170068027,268.7193,0.0014411865267902613
7.616145124716553,139.01974,0.0019787258934229612
7.63936507936508,566.67566,0.002541126450523734
7.662585034013605,293.97305,0.00304241431877017
7.685804988662132,296.72064,0.002670865971595049
7.7090249433106575,290.89478,0.0023723840713500977
7.732244897959184,142.25058,0.0018109133234247565
7.75546485260771,139.09279,0.001710500568151474
7.778684807256236,139.79056,0.0018368185264989734
7.801904761904762,278.92392,0.0010857429588213563
7.8251247165532885,958.6186,0.0007649327162653208
7.848344671201814,634.106,0.00145882205106318
7.871564625850341,593.54254,0.0008766994578763843
7.894784580498866,570.09326,0.0008548970217816532
7.918004535147393,571.41266,0.0019096876494586468
7.9412244897959186,119.825325,0.0010903463698923588
7.964444444444444,676.467,0.0008854108746163547
7.987664399092971,569.0626,0.001494114869274199
8.010884353741497,289.46683,0.0011964618461206555
8.034104308390022,135.4301,0.0006110573885962367
8.057324263038549,126.40104,0.0013740052236244082
8.080544217687075,121.17676,0.0009694366017356515
8.103764172335602,585.1604,0.0007898657349869609
8.126984126984127,116.975426,0.0013078161282464862
8.150204081632653,123.2155,0.0005831579910591245
8.17342403628118,660.25604,0.00035637206747196615
8.196643990929706,137.63472,0.0005270361434668303
8.219863945578231,672.16595,0.0005376330227591097
8.243083900226758,127.69547,0.0012013313826173544
8.266303854875284,122.18438,0.0013881493359804153
8.289523809523809,592.49274,0.0009974009590223432
8.312743764172335,117.454865,0.0012308114673942327
8.335963718820862,606.96356,0.0009152097627520561
8.359183673469389,655.3528,0.00037960882764309645
8.382403628117913,949.09564,0.000291996548185125
8.40562358276644,629.78094,0.000568591000046581
8.428843537414966,634.96533,0.0010012994753196836
8.452063492063493,607.08875,0.0006349371979013085
8.475283446712018,572.6444,0.0006605329690501094
8.498503401360544,566.8802,0.0008189412765204906
8.52172335600907,587.63257,0.0009401005227118731
8.544943310657597,124.135544,0.00040573428850620985
8.568163265306122,551.62354,0.0008775054011493921
8.591383219954649,566.77783,0.0006994238938204944
8.614603174603175,667.3774,0.0005324999219737947
8.6378231292517,619.0853,0.0007194894715212286
8.661043083900227,568.02844,0.00027401652187108994
8.684263038548753,975.10925,0.0003702901885844767
8.70748299319728,557.7465,0.0007562881801277399
8.730702947845804,592.6349,0.0006012143567204475
8.753922902494331,511.34348,0.0002675778232514858
8.777142857142858,537.01447,0.00025973678566515446
8.800362811791384,131.79854,0.0004866545205004513
8.823582766439909,615.7112,0.0007350624073296785
8.846802721088435,590.7073,0.0006868342752568424
8.870022675736962,114.738594,0.0008034611237235367
8.893242630385489,116.53262,0.0007062704535201192
8.916462585034013,510.61035,0.0003933723783120513
8.93968253968254,134.34949,8.170651562977582e-05
8.962902494331066,131.15158,1.284454992855899e-05
8.986122448979591,0.0,1.0545663826633245e-06
9.009342403628118,0.0,4.952362360199913e-07
9.032562358276644,0.0,3.6576784623321146e-07
9.05578231292517,0.0,2.0608513295883313e-07
9.079002267573696,0.0,1.6189824236789718e-07
9.102222222222222,0.0,7.274866220541298e-08
9.125442176870749,0.0,8.239658200182021e-08
9.148662131519275,0.0,1.4825218386249617e-07
9.1718820861678,0.0,2.3331631382461637e-07
9.195102040816327,0.0,1.8594982975628227e-07
9.218321995464853,0.0,3.1375930120702833e-07
9.24154195011338,0.0,4.34621142630931e-07
9.264761904761905,0.0,1.2926830095238984e-07
9.287981859410431,0.0,1.0812709660967812e-07
9.311201814058958,0.0,1.5234127204166725e-07
9.334421768707482,0.0,7.404742063954473e-08
9.357641723356009,0.0,1.977005013031885e-07
9.380861678004536,0.0,1.80663846549578e-07
9.404081632653062,0.0,2.0519291865639389e-07
9.427301587301587,0.0,1.7813545127864927e-07
9.450521541950113,0.0,2.2267431631917134e-07
9.47374149659864,0.0,2.455744834151119e-07
9.496961451247167,0.0,1.889693521661684e-07
9.520181405895691,0.0,1.348198566120118e-07
9.543401360544218,0.0,1.623375283088535e-07
9.566621315192744,0.0,1.8159698811359704e-07
9.58984126984127,0.0,1.5258683561114594e-07
9.613061224489796,0.0,2.8301928978180513e-07
9.636281179138322,0.0,2.96501639240887e-07
9.659501133786849,0.0,8.065944712143391e-08
9.682721088435374,0.0,4.100729711353779e-08
9.7059410430839,0.0,1.4921442925697193e-07
9.729160997732427,0.0,1.4860870578559116e-07
9.752380952380953,0.0,7.828384696040303e-08
