0.0,0.0,4.108323992113583e-07
0.023219954648526078,0.0,6.232712621567771e-07
0.046439909297052155,0.0,2.3188658815342933e-07
0.06965986394557823,0.0,1.928729034261778e-07
0.09287981859410431,0.0,2.1520008886000142e-07
0.11609977324263039,0.0,2.775177563307807e-07
0.13931972789115646,0.0,1.9546405383152887e-07
0.16253968253968254,0.0,2.9759576136711985e-07
0.18575963718820862,0.0,2.353581294300966e-07
0.2089795918367347,0.0,2.956458047265187e-07
0.23219954648526078,0.0,2.2889344108989462e-07
0.25541950113378686,0.0,5.175124897505157e-07
0.2786394557823129,0.0,2.7386977308196947e-07
0.301859410430839,0.0,6.428144843084738e-07
0.3250793650793651,0.0,7.035068847471848e-07
0.3482993197278912,0.0,3.095683496212587e-07
0.37151927437641724,0.0,8.894494385458529e-07
0.3947392290249433,0.0,9.059585863724351e-07
0.4179591836734694,0.0,2.80935455521103e-06
0.44117913832199546,0.0,6.74240891385125e-06
0.46439909297052157,121.84683,1.298887400480453e-05
0.4876190476190476,135.39124,7.578000077046454e-05
0.5108390022675737,126.457275,0.00024515041150152683
0.5340589569160998,129.77316,0.0002809352008625865
0.5572789115646258,514.7669,0.0006068660877645016
0.5804988662131519,498.74762,0.0003742284025065601
0.603718820861678,156.7091,0.0005476686637848616
0.626938775510204,2118.079,0.0006435870891436934
0.6501587301587302,151.17621,0.0006494314875453711
0.6733786848072563,469.51294,0.0010246216552332044
0.6965986394557824,168.35164,0.0007576436037197709
0.7198185941043084,367.7914,0.0004978199722245336
0.7430385487528345,545.48724,0.0008638194995000958
0.7662585034013606,168.61664,0.0017377202166244388
0.7894784580498866,482.65018,0.0015362020349130034
0.8126984126984127,154.54088,0.0018738944781944156
0.8359183673469388,153.20177,0.0020530917681753635
0.8591383219954649,162.25778,0.0010897937463596463
0.8823582766439909,508.3536,0.0009312325855717063
0.905578231292517,2680.8982,0.0012605739757418633
0.9287981859410431,2681.1309,0.0009387972531840205
0.9520181405895691,179.60466,0.001454496174119413
0.9752380952380952,170.5316,0.0027796034701168537
0.9984580498866213,166.07147,0.002341550076380372
1.0216780045351475,168.14531,0.0006831556092947721
1.0448979591836736,198.30981,0.0011444385163486004
1.0681179138321997,214.18791,0.0025253761559724808
1.0913378684807256,226.75273,0.0018606164958328009
1.1145578231292517,443.9426,0.0014851766172796488
1.1377777777777778,1411.061,0.001292217755690217
1.1609977324263039,2755.4377,0.00129965681117028
1.18421768707483,2730.625,0.001553546404466033
1.207437641723356,557.6888,0.0015737318899482489
1.2306575963718822,576.7737,0.0013940425124019384
1.253877551020408,199.6992,0.0012857713736593723
1.2770975056689342,411.47327,0.0012356529477983713
1.3003174603174603,1417.6952,0.0017887731082737446
1.3235374149659864,1401.9799,0.0018535441486164927
1.3467573696145125,2157.9265,0.0023487249854952097
1.3699773242630386,1373.497,0.0023114620707929134
1.3931972789115648,1384.7255,0.001876558642834425
1.4164172335600906,202.26048,0.0017025271663442254
1.4396371882086167,1412.9479,0.0017189134377986193
1.4628571428571429,1402.0586,0.0013305473839864135
1.486077097505669,209.90195,0.0022237072698771954
1.509297052154195,230.11266,0.0020802621729671955
1.5325170068027212,235.94084,0.0022127048578113317
1.5557369614512473,237.43005,0.0027605523355305195
1.5789569160997732,225.59619,0.0016935162711888552
1.6021768707482993,211.09854,0.0014817432966083288
1.6253968253968254,350.3164,0.0016488981200382113
1.6486167800453515,1387.9813,0.0017285833600908518
1.6718367346938776,1411.1276,0.0018791548209264874
1.6950566893424037,210.26697,0.0022948328405618668
1.7182766439909298,216.45073,0.002740745199844241
1.7414965986394557,224.53233,0.0025223768316209316
1.7647165532879818,220.47987,0.0027198405005037785
1.787936507936508,430.33694,0.0020763124339282513
1.811156462585034,1432.6094,0.002079889876767993
1.8343764172335602,1431.6782,0.00313415564596653
1.8575963718820863,214.21597,0.004152562469244003
1.8808163265306124,229.30615,0.005052528344094753
1.9040362811791383,235.41571,0.0037600193172693253
1.9272562358276644,226.57281,0.0024511052761226892
1.9504761904761905,211.0759,0.0015690827276557684
1.9736961451247166,208.18733,0.0016602585092186928
1.9969160997732427,222.3175,0.002558469772338867
2.020136054421769,238.1546,0.0024047563783824444
2.043356009070295,244.57771,0.0021619563922286034
2.066575963718821,243.69212,0.0019453293643891811
2.089795918367347,235.66592,0.0017335455631837249
2.1130158730158732,217.39827,0.00178369355853647
2.1362358276643993,2695.9265,0.0014987982576712966
2.159455782312925,210.90108,0.0017902310937643051
2.182675736961451,218.9706,0.0024307966232299805
2.2058956916099772,232.69702,0.0024570589885115623
2.2291156462585033,239.64493,0.002782398834824562
2.2523356009070294,240.53262,0.003147947136312723
2.2755555555555556,231.10022,0.0025654465425759554
2.2987755102040817,221.8323,0.002175058238208294
2.3219954648526078,225.41133,0.0020541271660476923
2.345215419501134,230.93935,0.0023170211352407932
2.36843537414966,504.7513,0.004318045452237129
2.391655328798186,264.42554,0.003048862796276808
2.414875283446712,549.10236,0.003940267954021692
2.4380952380952383,275.25763,0.003531077643856406
2.4613151927437644,269.63544,0.004155490547418594
2.48453514739229,261.70212,0.0024486370384693146
2.507755102040816,2153.5125,0.0015910243382677436
2.5309750566893423,2212.126,0.0012621209025382996
2.5541950113378684,253.43193,0.002123758662492037
2.5774149659863945,2164.1956,0.0023284032940864563
2.6006349206349206,550.88226,0.002493609208613634
2.6238548752834467,2165.0393,0.0022923590149730444
2.647074829931973,522.1648,0.002119222888723016
2.670294784580499,251.4221,0.002132738707587123
2.693514739229025,244.70361,0.002145523438230157
2.716734693877551,251.56487,0.0031467722728848457
2.7399546485260773,2105.3074,0.0027729510329663754
2.7631746031746034,539.6895,0.0022262330166995525
2.7863945578231295,2130.6726,0.004018627107143402
2.809614512471655,520.798,0.003550276393070817
2.8328344671201813,2112.4023,0.0024971812963485718
2.8560544217687074,564.8208,0.0031025244388729334
2.8792743764172335,298.9035,0.0011648137588053942
2.9024943310657596,323.1662,0.0007079620263539255
2.9257142857142857,618.985,0.0027561536990106106
2.948934240362812,291.22958,0.0035153706558048725
2.972154195011338,280.74994,0.0031270375475287437
2.995374149659864,1368.459,0.002491286490112543
3.01859410430839,273.93118,0.004053134936839342
3.0418140589569163,282.55176,0.003388336393982172
3.0650340136054424,576.17926,0.0032794754952192307
3.0882539682539685,2070.0923,0.0026612007059156895
3.1114739229024946,291.96335,0.0033623119816184044
3.1346938775510207,284.9202,0.0037533780559897423
3.1579138321995464,279.2255,0.0034062699414789677
3.1811337868480725,283.6337,0.002773615997284651
3.2043537414965986,288.42322,0.003017364302650094
3.2275736961451247,294.63928,0.0039231982082128525
3.250793650793651,306.86075,0.0018208774272352457
3.274013605442177,1386.2152,0.0023839138448238373
3.297233560090703,365.35385,0.0008198454743251204
3.320453514739229,381.2176,0.0006502679898403585
3.3436734693877552,1116.8728,0.001760570565238595
3.3668934240362813,1067.4518,0.003097115084528923
3.3901133786848074,2116.6384,0.006102783605456352
3.4133333333333336,2097.491,0.005365528166294098
3.4365532879818597,2134.479,0.004609015304595232
3.4597732426303858,1257.465,0.0019776527769863605
3.4829931972789114,330.9243,0.004722957499325275
3.5062131519274375,698.34247,0.006807484198361635
3.5294331065759637,2097.585,0.0032195867970585823
3.5526530612244898,330.29312,0.003373446175828576
3.575873015873016,2148.1458,0.0069541470147669315
3.599092970521542,2117.6118,0.00782826729118824
3.622312925170068,2113.8635,0.005904928781092167
3.645532879818594,314.17004,0.002594819525256753
3.6687528344671203,325.15414,0.002378364559262991
3.6919727891156464,661.7288,0.0027074331883341074
3.7151927437641725,329.15454,0.0030114338733255863
3.7384126984126986,320.763,0.003075414802879095
3.7616326530612247,316.35916,0.0017281832406297326
3.784852607709751,2075.106,0.002206279896199703
3.8080725623582765,366.12897,0.0013002550695091486
3.8312925170068026,2686.4436,0.001300818519666791
3.8545124716553287,2651.9248,0.0024166388902813196
3.877732426303855,2121.7632,0.003007624763995409
3.900952380952381,2200.7078,0.004305975511670113
3.924172335600907,2155.6553,0.004429467488080263
3.947392290249433,2192.4417,0.002214528154581785
3.9706122448979593,2070.266,0.006525344215333462
3.9938321995464854,2129.8062,0.0027966764755547047
4.017052154195011,2218.68,0.003506106324493885
4.040272108843538,2123.049,0.005795758683234453
4.063492063492063,1381.8242,0.004223523195832968
4.08671201814059,2110.8738,0.009568101726472378
4.1099319727891155,2125.3086,0.007280454505234957
4.133151927437642,2189.7874,0.002718886826187372
4.156371882086168,2067.71,0.006341027561575174
4.179591836734694,2140.259,0.006516731344163418
4.20281179138322,719.4194,0.005775206722319126
4.2260317460317465,707.319,0.0042090448550879955
4.249251700680272,1369.2551,0.005101119168102741
4.272471655328799,657.4953,0.0033340544905513525
4.295691609977324,1303.79,0.0024272077716886997
4.31891156462585,2130.4412,0.0011938539100810885
4.342131519274377,401.34415,0.0019980932120233774
4.365351473922902,431.017,0.003058457048609853
4.388571428571429,435.66165,0.004854962229728699
4.4117913832199545,419.29987,0.0023698140867054462
4.435011337868481,2712.2163,0.0033214681316167116
4.458231292517007,2599.2556,0.00271458737552166
4.481451247165533,2583.0457,0.0036271424032747746
4.504671201814059,2659.788,0.003249123925343156
4.527891156462585,2384.344,0.002689264714717865
4.551111111111111,406.34885,0.003460467094555497
4.574331065759638,413.91333,0.0031064897775650024
4.597551020408163,2832.728,0.003940289840102196
4.62077097505669,2686.11,0.006140915211290121
4.6439909297052155,2612.6638,0.004591706208884716
4.667210884353741,2596.3635,0.0050901006907224655
4.690430839002268,2682.9043,0.0032411820720881224
4.713650793650793,397.88065,0.002900336869060993
4.73687074829932,406.9437,0.002839966444298625
4.760090702947846,2751.3606,0.005120369605720043
4.783310657596372,2632.625,0.0039133368991315365
4.806530612244898,341.48495,0.006122739985585213
4.829750566893424,651.2109,0.003114155726507306
4.85297052154195,1299.0411,0.003258863929659128
4.876190476190477,1353.2875,0.00241723726503551
4.899410430839002,2605.803,0.0024031437933444977
4.922630385487529,2628.2424,0.002200127812102437
4.9458503401360545,2621.0115,0.0023939823731780052
4.96907029478458,718.9896,0.003969869576394558
4.992290249433107,1342.4666,0.0029089271556586027
5.015510204081632,639.58795,0.0025571738369762897
5.038730158730159,658.3717,0.003426041454076767
5.061950113378685,701.3029,0.0029484094120562077
5.085170068027211,364.5088,0.00267425668425858
5.108390022675737,365.67014,0.0027226440142840147
5.131609977324263,705.5819,0.00658915750682354
5.154829931972789,337.1984,0.003843241138383746
5.178049886621316,1299.863,0.002524213632568717
5.201269841269841,325.33508,0.004399741068482399
5.224489795918368,697.20105,0.005779831670224667
5.2477097505668935,361.01987,0.00372606934979558
5.27092970521542,364.25613,0.005992556922137737
5.294149659863946,352.31924,0.006736344657838345
5.317369614512471,320.54306,0.0034106860402971506
5.340589569160998,2683.747,0.00241835811175406
5.363809523809524,2151.215,0.002285097958520055
5.38702947845805,2596.5374,0.0023506470024585724
5.410249433106576,680.9247,0.0050215162336826324
5.433469387755102,350.2986,0.005941818468272686
5.456689342403628,352.42795,0.005205940455198288
5.479909297052155,1386.1454,0.002361912513151765
5.50312925170068,2198.3755,0.0030428911559283733
5.526349206349207,2140.6152,0.0029510636813938618
5.5495691609977325,2141.6646,0.0023560645058751106
5.572789115646259,314.01535,0.002037975937128067
5.596009070294785,1322.8962,0.00313737103715539
5.61922902494331,337.10092,0.003548535518348217
5.642448979591837,669.9128,0.0018745491979643703
5.6656689342403626,1300.5015,0.002532816492021084
5.688888888888889,2137.8604,0.003325928468257189
5.712108843537415,1404.1973,0.004348366521298885
5.735328798185941,253.65295,0.0031650676392018795
5.758548752834467,511.0111,0.0026505710557103157
5.7817687074829935,1416.7268,0.0025699022226035595
5.804988662131519,1457.3192,0.0016050918493419886
5.828208616780046,2100.6995,0.0017517138039693236
5.851428571428571,2102.005,0.0018611836712807417
5.874648526077098,1452.0367,0.003249037778005004
5.897868480725624,1407.9761,0.003080434398725629
5.92108843537415,1366.1384,0.0024217520840466022
5.944308390022676,532.7241,0.002304159104824066
5.9675283446712015,1372.6283,0.0035826191306114197
5.990748299319728,290.46417,0.0020906466525048018
6.013968253968254,2108.0466,0.002111357869580388
6.03718820861678,2128.9897,0.0020736188162118196
6.060408163265306,1454.144,0.002881842665374279
6.0836281179138325,280.87445,0.002578479703515768
6.106848072562358,256.0171,0.006071910262107849
6.130068027210885,477.3206,0.011127069592475891
6.15328798185941,470.32468,0.009659357368946075
6.176507936507937,475.75845,0.001841233461163938
6.199727891156463,1361.8214,0.002041806699708104
6.222947845804989,1413.7749,0.0013750677462667227
6.246167800453515,284.82434,0.001849994296208024
6.269387755102041,1367.461,0.0016630615573376417
6.292607709750567,253.08289,0.0046880608424544334
6.315827664399093,236.1102,0.00891176238656044
6.339047619047619,466.56097,0.007441723253577948
6.362267573696145,238.28403,0.002587843919172883
6.3854875283446715,473.40543,0.0017619873397052288
6.408707482993197,1372.3538,0.0024884336162358522
6.431927437641724,1383.3248,0.0016784316394478083
6.455147392290249,526.23865,0.0015769521705806255
6.478367346938776,254.92368,0.002368099056184292
6.501587301587302,245.27197,0.0023445654660463333
6.524807256235828,249.27351,0.0019556614570319653
6.548027210884354,2086.285,0.0019695654045790434
6.57124716553288,261.70752,0.0025756240356713533
6.594467120181406,249.7735,0.0063959816470742226
6.617687074829932,476.06598,0.0033193379640579224
6.640907029478458,220.00758,0.002133395057171583
6.664126984126984,218.39197,0.0020581483840942383
6.6873469387755105,230.09883,0.001467150286771357
6.710566893424036,240.28896,0.001579134725034237
6.733786848072563,244.3364,0.0016529187560081482
6.757006802721088,242.0359,0.002021924825385213
6.780226757369615,237.78267,0.0026347446255385876
6.8034467120181406,225.15707,0.0022485791705548763
6.826666666666667,217.85486,0.002388173947110772
6.849886621315193,219.30498,0.003133878344669938
6.873106575963719,1369.0527,0.0029480131343007088
6.896326530612245,233.93794,0.0028347447514533997
6.9195464852607715,238.82686,0.0026318803429603577
6.942766439909297,238.67923,0.0031214538030326366
6.965986394557823,466.3295,0.0027517792768776417
6.989206349206349,224.0756,0.002431823406368494
7.012426303854875,226.05588,0.004101132974028587
7.035646258503402,233.56761,0.0051270294934511185
7.058866213151927,476.29514,0.0069612739607691765
7.082086167800454,475.57904,0.0060548000037670135
7.1053061224489795,233.31255,0.002563231624662876
7.128526077097506,443.4829,0.0020175979007035494
7.151746031746032,208.23413,0.0009413204388692975
7.174965986394558,2646.7434,0.0009022126905620098
7.198185941043084,206.78183,0.0015730797313153744
7.2214058956916105,212.41466,0.0019384785555303097
7.244625850340136,220.11005,0.0019531960133463144
7.267845804988662,225.88618,0.0020057226065546274
7.291065759637188,222.90805,0.0018333292100578547
7.314285714285714,220.2758,0.0017845708644017577
7.337505668934241,215.34941,0.0018926956690847874
7.360725623582766,2098.6843,0.0010169825982302427
7.383945578231293,207.71985,0.001468474743887782
7.4071655328798185,211.86949,0.0022011823020875454
7.430385487528345,219.66017,0.002546419156715274
7.453605442176871,228.47406,0.0026442555245012045
7.476825396825397,225.2901,0.0021254755556583405
7.500045351473923,436.97678,0.0013661638367921114
7.5232653061224495,2111.4062,0.001136123202741146
7.546485260770975,2559.0566,0.0009514396078884602
7.569705215419502,2533.3816,0.0008440252859145403
7.592925170068027,2122.9756,0.0009811250492930412
7.616145124716553,1372.5269,0.0008269919781014323
7.63936507936508,2628.2693,0.0009026403422467411
7.662585034013605,2589.1816,0.0010507430415600538
7.685804988662132,2115.6123,0.0008900616085156798
7.7090249433106575,2564.9763,0.0007922209333628416
7.732244897959184,536.4645,0.0009599475306458771
7.75546485260771,2539.8032,0.0006507922662422061
7.778684807256236,2630.0828,0.0009033386595547199
7.801904761904762,1366.5563,0.0009135926957242191
7.8251247165532885,2617.8237,0.0007840016623958945
7.848344671201814,1407.4698,0.0009832914220169187
7.871564625850341,2123.2197,0.0008861334645189345
7.894784580498866,2608.3442,0.0007885249215178192
7.918004535147393,2645.958,0.0009046682389453053
7.9412244897959186,2102.392,0.0011850931914523244
7.964444444444444,1373.8644,0.0010020228801295161
7.987664399092971,1385.2068,0.0010703555308282375
8.010884353741497,2620.0303,0.000733332009986043
8.034104308390022,129.84964,0.0012480139266699553
8.057324263038549,487.23233,0.0013904189690947533
8.080544217687075,479.20633,0.001385757583193481
8.103764172335602,487.70523,0.0007054645102471113
8.126984126984127,523.5556,0.0005694301798939705
8.150204081632653,535.7512,0.000645178894046694
8.17342403628118,533.40045,0.0006260763620957732
8.196643990929706,175.03009,0.0007900407072156668
8.219863945578231,169.10106,0.000917340163141489
8.243083900226758,486.11075,0.000919767189770937
8.266303854875284,479.73404,0.0009192345896735787
8.289523809523809,499.4104,0.0008214411209337413
8.312743764172335,2115.1287,0.0006598684703931212
8.335963718820862,2168.8804,0.0004627808812074363
8.359183673469389,2198.2842,0.0006037071580067277
8.382403628117913,2136.4734,0.0007989166770130396
8.40562358276644,169.9131,0.0008900772081688046
8.428843537414966,483.13593,0.0015492849051952362
8.452063492063493,156.75995,0.0021836692467331886
8.475283446712018,155.04669,0.0011187855852767825
8.498503401360544,506.6236,0.0007573351613245904
8.52172335600907,2141.5774,0.0004472578293643892
8.544943310657597,2607.492,0.0005489992909133434
8.568163265306122,368.1705,0.0006791066844016314
8.591383219954649,1394.7306,0.0007496099569834769
8.614603174603175,166.59355,0.0009252853342331946
8.6378231292517,477.34055,0.0014288233360275626
8.661043083900227,158.5629,0.000782589428126812
8.684263038548753,503.16998,0.0006589283002540469
8.70748299319728,359.9331,0.000444308650912717
8.730702947845804,2089.2578,0.0005901239346712828
8.753922902494331,2607.973,0.0005762492073699832
8.777142857142858,1388.8175,0.0005701571935787797
8.800362811791384,166.53046,0.0006573160644620657
8.823582766439909,481.1679,0.0006504491320811212
8.846802721088435,2092.1382,0.0006636064499616623
8.870022675736962,361.12094,0.0007819617167115211
8.893242630385489,386.07217,0.00015870854258537292
8.916462585034013,172.20381,3.382996510481462e-05
8.93968253968254,0.0,4.853528480452951e-06
8.962902494331066,0.0,9.786417649593204e-07
8.986122448979591,0.0,4.1628663893789053e-07
9.009342403628118,0.0,2.1709001885028556e-07
9.032562358276644,0.0,3.72690919903107e-07
9.05578231292517,0.0,2.4251221475424245e-07
9.079002267573696,0.0,2.346387191209942e-07
9.102222222222222,0.0,1.567004801472649e-07
9.125442176870749,0.0,4.628955139196478e-07
9.148662131519275,0.0,4.901157808490098e-07
9.1718820861678,0.0,1.2317741493461654e-07
9.195102040816327,0.0,1.7472666513640434e-07
9.218321995464853,0.0,3.3360356610501185e-07
9.24154195011338,0.0,3.0552837415598333e-07
9.264761904761905,0.0,4.5002889237366617e-07
9.287981859410431,0.0,1.1657084542093799e-07
9.311201814058958,0.0,1.6175908967852592e-07
9.334421768707482,0.0,2.947781467810273e-07
9.357641723356009,0.0,3.1464151106774807e-07
9.380861678004536,0.0,3.34580363414716e-07
9.404081632653062,0.0,1.9336857803864405e-07
9.427301587301587,0.0,1.7242109606740996e-07
