0.0,0.0,6.441659934353083e-07
0.023219954648526078,0.0,5.534129741135985e-07
0.046439909297052155,0.0,3.8629514165222645e-07
0.06965986394557823,0.0,3.0505998438457027e-07
0.09287981859410431,0.0,6.230056897038594e-07
0.11609977324263039,0.0,1.5608529793098569e-06
0.13931972789115646,0.0,2.2402327886084095e-06
0.16253968253968254,0.0,9.04112312127836e-07
0.18575963718820862,0.0,6.32175215287134e-07
0.2089795918367347,0.0,2.355700416956097e-07
0.23219954648526078,0.0,4.141265890211798e-07
0.25541950113378686,0.0,4.265284587745555e-07
0.2786394557823129,0.0,9.030336514115334e-07
0.301859410430839,0.0,8.51054210215807e-07
0.3250793650793651,0.0,6.077034413465299e-07
0.3482993197278912,0.0,9.204604793922044e-07
0.37151927437641724,0.0,2.2706171876052395e-07
0.3947392290249433,0.0,1.6354006220353767e-06
0.4179591836734694,117.957954,5.608914216281846e-05
0.44117913832199546,130.00705,0.00010498310439288616
0.46439909297052157,402.09106,0.00013208392192609608
0.4876190476190476,397.59482,0.00016081496141850948
0.5108390022675737,776.9786,0.00017572178330738097
0.5340589569160998,771.22394,0.00022009317763149738
0.5572789115646258,773.391,0.00028780719731003046
0.5804988662131519,764.46387,0.00032826955430209637
0.603718820861678,763.2668,0.000278855295618996
0.626938775510204,759.8974,0.000236769876210019
0.6501587301587302,124.56705,0.00025130552239716053
0.6733786848072563,124.98453,0.0002809874713420868
0.6965986394557824,384.67355,0.0004758968425448984
0.7198185941043084,131.91205,0.0004723048768937588
0.7430385487528345,137.27141,0.000473256892291829
0.7662585034013606,139.84103,0.0005332110449671745
0.7894784580498866,138.27975,0.00048475508810952306
0.8126984126984127,134.72852,0.0004685286257881671
0.8359183673469388,134.3594,0.0005177006241865456
0.8591383219954649,137.33632,0.0007339043659158051
0.8823582766439909,420.49136,0.0009053211542777717
0.905578231292517,429.69095,0.0008729338296689093
0.9287981859410431,146.94301,0.0005531198112294078
0.9520181405895691,149.58423,0.000650098780170083
0.9752380952380952,153.59233,0.0006729838205501437
0.9984580498866213,156.97101,0.0008620807202532887
1.0216780045351475,156.50876,0.000711228174623102
1.0448979591836736,151.80933,0.0004311222583055496
1.0681179138321997,148.1279,0.0006464967154897749
1.0913378684807256,147.00148,0.0006175449816510081
1.1145578231292517,147.46443,0.0007357500144280493
1.1377777777777778,149.12323,0.0008348741685040295
1.1609977324263039,149.94609,0.0009876906406134367
1.18421768707483,150.26472,0.0010592241305857897
1.207437641723356,149.79584,0.0011424132389947772
1.2306575963718822,149.22272,0.001248328946530819
1.253877551020408,149.32993,0.0013006862718611956
1.2770975056689342,150.37018,0.00154917873442173
1.3003174603174603,151.3835,0.0015488206408917904
1.3235374149659864,152.61313,0.0016170181334018707
1.3467573696145125,153.62067,0.0015695511829108
1.3699773242630386,154.1049,0.0012645444367080927
1.3931972789115648,154.75293,0.001093682018108666
1.4164172335600906,155.35013,0.0011315887095406651
1.4396371882086167,158.2009,0.0013488279655575752
1.4628571428571429,498.9449,0.0010084530804306269
1.486077097505669,517.6051,0.0012897728011012077
1.509297052154195,529.04974,0.0010441055055707693
1.5325170068027212,177.81268,0.0012133006239309907
1.5557369614512473,519.0045,0.0012199149932712317
1.5789569160997732,167.50635,0.0017372255679219961
1.6021768707482993,165.13335,0.0017937227385118604
1.6253968253968254,165.97336,0.0017528668977320194
1.6486167800453515,167.84604,0.0016171263996511698
1.6718367346938776,514.3996,0.0019904784858226776
1.6950566893424037,129.49524,0.0023182786535471678
1.7182766439909298,170.14131,0.002398787997663021
1.7414965986394557,167.62016,0.0021042677108198404
1.7647165532879818,166.12599,0.0018110109958797693
1.787936507936508,167.5328,0.0017382903024554253
1.811156462585034,513.51776,0.001985859125852585
1.8343764172335602,130.01477,0.0020622252486646175
1.8575963718820863,174.89333,0.001960910391062498
1.8808163265306124,176.51639,0.001931502716615796
1.9040362811791383,178.70662,0.0014051051111891866
1.9272562358276644,539.2017,0.000821779016405344
1.9504761904761905,181.83342,0.0006603947258554399
1.9736961451247166,181.68047,0.0008005397394299507
1.9969160997732427,178.86447,0.0011930991895496845
2.020136054421769,528.7957,0.0014024147531017661
2.043356009070295,522.0471,0.0012331150937825441
2.066575963718821,129.48091,0.0015249957796186209
2.089795918367347,131.10054,0.0018936593551188707
2.1130158730158732,530.9654,0.0015791282057762146
2.1362358276643993,539.57733,0.0014800040517002344
2.159455782312925,135.61928,0.0022961143404245377
2.182675736961451,529.27167,0.002886473434045911
2.2058956916099772,520.5374,0.0027068653143942356
2.2291156462585033,172.20732,0.002744007855653763
2.2523356009070294,130.88371,0.003181108506396413
2.2755555555555556,531.3055,0.0023531680926680565
2.2987755102040817,546.7552,0.0018657397013157606
2.3219954648526078,560.316,0.0018938719294965267
2.345215419501134,190.42647,0.0018541882745921612
2.36843537414966,192.80005,0.0015051949303597212
2.391655328798186,198.36015,0.0015292854513972998
2.414875283446712,206.00186,0.0017432663589715958
2.4380952380952383,213.04713,0.0019106811378151178
2.4613151927437644,213.93341,0.0019488706020638347
2.48453514739229,204.26173,0.0013689016923308372
2.507755102040816,197.31001,0.0015149249229580164
2.5309750566893423,192.21797,0.0017877193167805672
2.5541950113378684,193.33879,0.002277017803862691
2.5774149659863945,196.73882,0.0024231658317148685
2.6006349206349206,199.70438,0.002323226071894169
2.6238548752834467,202.5297,0.00300918472930789
2.647074829931973,201.16216,0.003268080996349454
2.670294784580499,198.31288,0.0026080224197357893
2.693514739229025,196.61044,0.0029507034923881292
2.716734693877551,198.04395,0.0029431558214128017
2.7399546485260773,201.23936,0.003206611145287752
2.7631746031746034,204.31522,0.0036307924892753363
2.7863945578231295,209.03413,0.0027066203765571117
2.809614512471655,217.3102,0.0026637688279151917
2.8328344671201813,227.40157,0.0025554695166647434
2.8560544217687074,230.95593,0.0023542314302176237
2.8792743764172335,228.86168,0.0022449949756264687
2.9024943310657596,221.11278,0.002309109317138791
2.9257142857142857,216.95515,0.0020661288872361183
2.948934240362812,215.98889,0.0022547217085957527
2.972154195011338,220.72125,0.002754881512373686
2.995374149659864,227.32773,0.001924904529005289
3.01859410430839,229.57993,0.001916697365231812
3.0418140589569163,227.10225,0.0030347153078764677
3.0650340136054424,221.41205,0.0038627011235803366
3.0882539682539685,218.15997,0.003735556500032544
3.1114739229024946,217.11067,0.005305606871843338
3.1346938775510207,219.93927,0.006257141008973122
3.1579138321995464,224.09065,0.004873592406511307
3.1811337868480725,226.9552,0.004232194274663925
3.2043537414965986,229.98825,0.004011736251413822
3.2275736961451247,233.87613,0.006219340488314629
3.250793650793651,239.23648,0.005266794003546238
3.274013605442177,499.5459,0.003666485194116831
3.297233560090703,255.09828,0.004661922343075275
3.320453514739229,508.29724,0.003153034020215273
3.3436734693877552,245.67339,0.004847311414778233
3.3668934240362813,480.93622,0.007406056392937899
3.3901133786848074,239.74881,0.0059962947852909565
3.4133333333333336,966.3108,0.003184510860592127
3.4365532879818597,249.37366,0.0037496769800782204
3.4597732426303858,256.18002,0.004549631383270025
3.4829931972789114,255.90965,0.0033544772304594517
3.5062131519274375,248.4921,0.0033952509984374046
3.5294331065759637,488.4117,0.0067763677798211575
3.5526530612244898,241.92465,0.007515076547861099
3.575873015873016,244.34074,0.004534968174993992
3.599092970521542,248.95253,0.003466847352683544
3.622312925170068,254.9708,0.0053587113507092
3.645532879818594,259.91574,0.007056363858282566
3.6687528344671203,261.2251,0.00660985242575407
3.6919727891156464,265.82727,0.0049740904942154884
3.7151927437641725,267.61835,0.005103562958538532
3.7384126984126986,265.7827,0.005926764104515314
3.7616326530612247,260.37546,0.003390106139704585
3.784852607709751,255.44499,0.003279122058302164
3.8080725623582765,253.7906,0.005190408322960138
3.8312925170068026,259.21542,0.007862681522965431
3.8545124716553287,263.32422,0.007579805329442024
3.877732426303855,266.3046,0.00831485353410244
3.900952380952381,266.32764,0.009452080354094505
3.924172335600907,263.59686,0.007923576980829239
3.947392290249433,259.621,0.005889345891773701
3.9706122448979593,257.2865,0.006727269385010004
3.9938321995464854,258.14838,0.009932495653629303
4.017052154195011,262.55643,0.010016088373959064
4.040272108843538,266.15112,0.00954524613916874
4.063492063492063,266.38147,0.01098070852458477
4.08671201814059,264.85593,0.00972787942737341
4.1099319727891155,266.30347,0.0059557389467954636
4.133151927437642,549.74426,0.007868997752666473
4.156371882086168,285.55447,0.009078193455934525
4.179591836734694,292.06708,0.007106698118150234
4.20281179138322,294.51764,0.006860783323645592
4.2260317460317465,288.08994,0.00714438920840621
4.249251700680272,284.1829,0.006287208292633295
4.272471655328799,280.97043,0.0065361736342310905
4.295691609977324,282.3178,0.008118757046759129
4.31891156462585,288.07953,0.007700465153902769
4.342131519274377,293.90005,0.00859609805047512
4.365351473922902,298.0685,0.011941581964492798
4.388571428571429,299.53592,0.0101547222584486
4.4117913832199545,296.2322,0.006673817057162523
4.435011337868481,291.32123,0.008699396625161171
4.458231292517007,286.60587,0.00824941135942936
4.481451247165533,287.07928,0.007443681359291077
4.504671201814059,290.66507,0.0070649078115820885
4.527891156462585,297.6378,0.010905014351010323
4.551111111111111,300.56003,0.010836161673069
4.574331065759638,298.49933,0.006948467344045639
4.597551020408163,293.4443,0.006590944714844227
4.62077097505669,288.67358,0.007425741292536259
4.6439909297052155,289.20004,0.005558457691222429
4.667210884353741,292.28595,0.005064412951469421
4.690430839002268,294.19406,0.005203566513955593
4.713650793650793,295.10263,0.005013100802898407
4.73687074829932,292.00668,0.006463456898927689
4.760090702947846,284.0616,0.004654459655284882
4.783310657596372,534.0183,0.004161077085882425
4.806530612244898,260.98892,0.0033152238465845585
4.829750566893424,256.10788,0.0034491487313061953
4.85297052154195,254.48709,0.004377805627882481
4.876190476190477,256.67654,0.0050873965956270695
4.899410430839002,258.54816,0.0049410052597522736
4.922630385487529,258.19193,0.00450769392773509
4.9458503401360545,257.42532,0.00464553851634264
4.96907029478458,256.99017,0.005185086280107498
4.992290249433107,257.9955,0.006078729405999184
5.015510204081632,258.9905,0.005983103532344103
5.038730158730159,258.21057,0.005976732820272446
5.061950113378685,257.91272,0.006613922771066427
5.085170068027211,257.45636,0.006495448760688305
5.108390022675737,256.71945,0.0073113758116960526
5.131609977324263,257.33392,0.008428974077105522
5.154829931972789,257.50354,0.009102879092097282
5.178049886621316,258.38416,0.009403323754668236
5.201269841269841,259.27118,0.008464802987873554
5.224489795918368,258.485,0.0070822290144860744
5.2477097505668935,257.01614,0.005168605595827103
5.27092970521542,252.53313,0.0037525813095271587
5.294149659863946,245.26524,0.005466933362185955
5.317369614512471,241.70428,0.007282034493982792
5.340589569160998,240.78448,0.007059749215841293
5.363809523809524,241.42563,0.00601073307916522
5.38702947845805,242.61552,0.00448568956926465
5.410249433106576,244.29608,0.003726591821759939
5.433469387755102,245.14984,0.0043875547125935555
5.456689342403628,244.82814,0.005374465137720108
5.479909297052155,244.78014,0.005153965204954147
5.50312925170068,244.74214,0.0057215881533920765
5.526349206349207,244.29332,0.006708116736263037
5.5495691609977325,243.69753,0.00858340784907341
5.572789115646259,243.69525,0.01155686192214489
5.596009070294785,243.155,0.012158587574958801
5.61922902494331,489.4438,0.012186773121356964
5.642448979591837,961.4508,0.01342405192553997
5.6656689342403626,244.36557,0.012979533523321152
5.688888888888889,244.8594,0.014722876250743866
5.712108843537415,242.9771,0.017786100506782532
5.735328798185941,469.25073,0.007995089516043663
5.758548752834467,446.45068,0.0060591138899326324
5.7817687074829935,214.11,0.0041025904938578606
5.804988662131519,210.60703,0.0034828048665076494
5.828208616780046,212.17392,0.0032656381372362375
5.851428571428571,172.80577,0.0035813748836517334
5.874648526077098,218.12004,0.004371568560600281
5.897868480725624,219.26791,0.003754965029656887
5.92108843537415,174.33246,0.0024897237308323383
5.944308390022676,172.34317,0.0021210096310824156
5.9675283446712015,214.33229,0.002225526375696063
5.990748299319728,214.81433,0.002159242518246174
6.013968253968254,172.59972,0.002242226619273424
6.03718820861678,173.16577,0.0023834751918911934
6.060408163265306,173.83522,0.00237802742049098
6.0836281179138325,216.03125,0.0022905771620571613
6.106848072562358,216.61194,0.0022182613611221313
6.130068027210885,215.9818,0.0023367127869278193
6.15328798185941,214.15988,0.0023509361781179905
6.176507936507937,85.228516,0.002210964448750019
6.199727891156463,210.2229,0.002716889139264822
6.222947845804989,203.04039,0.0024781920947134495
6.246167800453515,189.3245,0.0013587628491222858
6.269387755102041,180.59125,0.0008524426957592368
6.292607709750567,136.0539,0.0011925572762265801
6.315827664399093,186.2199,0.0012792374473065138
6.339047619047619,575.40967,0.0009415861568413675
6.362267573696145,197.10275,0.0007412496488541365
6.3854875283446715,198.4133,0.00105393142439425
6.408707482993197,193.02158,0.0012284896802157164
6.431927437641724,189.00781,0.0015935470582917333
6.455147392290249,187.84946,0.0015342042315751314
6.478367346938776,188.6621,0.0015290463343262672
6.501587301587302,192.21169,0.0016233620699495077
6.524807256235828,195.64088,0.0012918685097247362
6.548027210884354,197.17824,0.0014375441242009401
6.57124716553288,196.08955,0.0018884007586166263
6.594467120181406,193.67691,0.0021161730401217937
6.617687074829932,958.99304,0.002686155028641224
6.640907029478458,189.39973,0.0028019570745527744
6.664126984126984,190.80562,0.0022100345231592655
6.6873469387755105,193.52258,0.001956238877028227
6.710566893424036,194.9607,0.0014420103980228305
6.733786848072563,194.5081,0.0019052962306886911
6.757006802721088,190.76039,0.0017169384518638253
6.780226757369615,559.6485,0.0014124385779723525
6.8034467120181406,177.03473,0.0014913950581103563
6.826666666666667,167.5039,0.000925355707295239
6.849886621315193,164.2756,0.000984353944659233
6.873106575963719,837.4463,0.0016511629801243544
6.896326530612245,170.96823,0.0011108377948403358
6.9195464852607715,174.59293,0.0010371251264587045
6.942766439909297,176.2403,0.0012426904868334532
6.965986394557823,173.9962,0.0014043465489521623
6.989206349206349,859.491,0.0012207722757011652
7.012426303854875,169.73103,0.0014610462822020054
7.035646258503402,170.34705,0.0014575737295672297
7.058866213151927,171.44914,0.0014127555768936872
7.082086167800454,172.10683,0.0015187098179012537
7.1053061224489795,172.50385,0.0016623933333903551
7.128526077097506,172.24313,0.0015625681262463331
7.151746031746032,172.89885,0.0010917444014921784
7.174965986394558,171.67972,0.0011080540716648102
7.198185941043084,129.99916,0.0012534946436062455
7.2214058956916105,173.5931,0.0012399436673149467
7.244625850340136,177.0062,0.0012764653656631708
7.267845804988662,889.1094,0.0013570836745202541
7.291065759637188,175.59413,0.0015372287016361952
7.314285714285714,169.75163,0.0008302805945277214
7.337505668934241,640.06915,0.0009525798377580941
7.360725623582766,624.5134,0.0008294708095490932
7.383945578231293,155.19948,0.0007801296305842698
7.4071655328798185,156.75502,0.000545801711268723
7.430385487528345,160.49486,0.00037382511072792113
7.453605442176871,162.40408,0.00043603539234027267
7.476825396825397,161.72533,0.00047683442244306207
7.500045351473923,160.00673,0.0006057635182514787
7.5232653061224495,159.31671,0.0005931614432483912
7.546485260770975,159.50848,0.0006213274318724871
7.569705215419502,160.20404,0.0005418401560746133
7.592925170068027,161.14505,0.0005114083178341389
7.616145124716553,161.48839,0.0005669238744303584
7.63936507936508,3085.8506,0.0006213606102392077
7.662585034013605,163.36989,0.0005660972092300653
7.685804988662132,163.73541,0.0005691733676940203
7.7090249433106575,163.57405,0.0005321446806192398
7.732244897959184,163.50896,0.0005954773514531553
7.75546485260771,162.76894,0.0006647763075307012
7.778684807256236,160.85071,0.0007580553065054119
7.801904761904762,157.007,0.000877553946338594
7.8251247165532885,591.34796,0.0011105474550276995
7.848344671201814,141.13849,0.000782736693508923
7.871564625850341,139.14738,0.0009207926923409104
7.894784580498866,140.41455,0.0011934061767533422
7.918004535147393,142.58727,0.0011583494488149881
7.9412244897959186,144.48706,0.0011100929696112871
7.964444444444444,145.1503,0.000985917286016047
7.987664399092971,144.32674,0.0011458811350166798
8.010884353741497,143.10016,0.0011079329997301102
8.034104308390022,143.2506,0.0010712132789194584
8.057324263038549,143.52065,0.001229704124853015
8.080544217687075,143.7005,0.0011780258500948548
8.103764172335602,143.63678,0.0010948756244033575
8.126984126984127,144.29793,0.0011947409948334098
8.150204081632653,145.28564,0.0010219975374639034
8.17342403628118,145.53172,0.0009618840995244682
8.196643990929706,145.40154,0.0011987310135737062
8.219863945578231,145.23833,0.0011462809052318335
8.243083900226758,145.16628,0.0012340648099780083
8.266303854875284,145.03717,0.0011723045026883483
8.289523809523809,146.64806,0.0009179190965369344
8.312743764172335,146.77127,0.0010912464931607246
8.335963718820862,144.77061,0.0009379104594700038
8.359183673469389,276.04028,0.0004355353012215346
8.382403628117913,779.40216,0.0004399039316922426
8.40562358276644,758.1292,0.00034032651456072927
8.428843537414966,753.185,0.00040579261258244514
8.452063492063493,126.129364,0.0004573980113491416
8.475283446712018,128.58502,0.0004096096963621676
8.498503401360544,262.19348,0.0003752813208848238
8.52172335600907,133.12686,0.00039812581962905824
8.544943310657597,130.89699,0.00043546987581066787
8.568163265306122,127.76818,0.00034898833837360144
8.591383219954649,125.72412,0.0003259840013924986
8.614603174603175,124.86726,0.00028873811243101954
8.6378231292517,125.104164,0.00033034858643077314
8.661043083900227,126.819115,0.0003549461835063994
8.684263038548753,129.00189,0.00031626533018425107
8.70748299319728,132.6019,0.000292343960609287
8.730702947845804,265.0485,0.0002809939906001091
8.753922902494331,131.6906,0.00031078141182661057
8.777142857142858,128.09785,0.00031667889561504126
8.800362811791384,125.89704,0.00031652720645070076
8.823582766439909,124.599396,0.00029194552917033434
8.846802721088435,124.95019,0.00032846012618392706
8.870022675736962,126.59563,0.00033967383205890656
8.893242630385489,260.95932,0.0003063924377784133
8.916462585034013,132.8965,0.0003063817275688052
8.93968253968254,132.63667,0.0003044724289793521
8.962902494331066,128.69777,0.0002835604827851057
8.986122448979591,124.85753,0.0002612881944514811
9.009342403628118,859.19995,0.00024494025274179876
9.032562358276644,488.6559,0.00023724211496300995
9.05578231292517,126.0141,0.00022830496891401708
9.079002267573696,516.6078,0.0001869662810349837
9.102222222222222,87.47365,0.00018300606461707503
9.125442176870749,132.2352,0.00017750996630638838
9.148662131519275,128.41426,0.00013330104411579669
9.1718820861678,124.448074,9.269826114177704e-05
9.195102040816327,122.462364,0.00010682381252991036
9.218321995464853,122.73523,0.00011732821440091357
9.24154195011338,123.91827,0.00010153139010071754
9.264761904761905,128.74883,5.104856245452538e-05
9.287981859410431,137.73436,1.650547346798703e-05
9.311201814058958,0.0,9.939815754478332e-06
9.334421768707482,0.0,8.641844942758325e-06
9.357641723356009,0.0,1.3399985618889332e-06
9.380861678004536,0.0,3.2649859349476174e-07
9.404081632653062,0.0,5.953943400527351e-07
9.427301587301587,0.0,1.9786239136010408e-07
9.450521541950113,0.0,1.7359343473799527e-07
9.47374149659864,0.0,2.4231667339336127e-07
9.496961451247167,0.0,1.2940290616825223e-07
9.520181405895691,0.0,7.411017577396706e-08
9.543401360544218,0.0,3.7047811929369345e-07
9.566621315192744,0.0,2.4230575945694e-07
9.58984126984127,0.0,2.1162395569263026e-07
9.613061224489796,0.0,4.04801539843902e-07
9.636281179138322,0.0,2.3372467694571242e-07
9.659501133786849,0.0,1.7958063835976645e-07
9.682721088435374,0.0,2.584783942438662e-07
9.7059410430839,0.0,1.1337488103890792e-07
9.729160997732427,0.0,9.056293492903933e-08
9.752380952380953,0.0,3.3750438888091594e-08
9.775600907029478,0.0,4.548019205685705e-08
9.798820861678005,0.0,9.778887033462524e-08
9.822040816326531,0.0,1.8631271814228967e-07
9.845260770975058,0.0,2.86852809949778e-07
9.868480725623582,0.0,1.8046830518869683e-07
