0.0,0.0,8.986989996628836e-08
0.023219954648526078,0.0,1.2697546480922028e-07
0.046439909297052155,0.0,1.2647615221794695e-07
0.06965986394557823,0.0,8.552433428121731e-08
0.09287981859410431,0.0,1.4410034054890275e-07
0.11609977324263039,0.0,1.5779460227349773e-07
0.13931972789115646,0.0,1.9380058802198619e-07
0.16253968253968254,0.0,1.22987330541946e-07
0.18575963718820862,0.0,2.617980499053374e-07
0.2089795918367347,0.0,2.470196704962291e-07
0.23219954648526078,0.0,1.751541276462376e-07
0.25541950113378686,0.0,1.4116358215687796e-07
0.2786394557823129,0.0,1.398184394929558e-07
0.301859410430839,0.0,7.272228685906157e-08
0.3250793650793651,0.0,1.5962505131028593e-06
0.3482993197278912,362.43716,6.791955092921853e-05
0.37151927437641724,175.2375,0.00016706588212400675
0.3947392290249433,174.07396,0.00023179088020697236
0.4179591836734694,175.33809,0.0002695901785045862
0.44117913832199546,176.21153,0.0003038360155187547
0.46439909297052157,177.15671,0.000308360526105389
0.4876190476190476,177.72672,0.0003104274801444262
0.5108390022675737,176.30963,0.0003130329423584044
0.5340589569160998,173.96904,0.0003259604563936591
0.5572789115646258,171.72565,0.00040083035128191113
0.5804988662131519,170.72696,0.00039724906673654914
0.603718820861678,172.98392,0.0005833250470459461
0.626938775510204,176.37508,0.0006602072389796376
0.6501587301587302,177.62335,0.0006750744068995118
0.6733786848072563,176.4082,0.0006153641152195632
0.6965986394557824,129.85698,0.0005935815861448646
0.7198185941043084,168.64328,0.0006244477117434144
0.7430385487528345,166.7265,0.0006473399698734283
0.7662585034013606,167.39447,0.000569312775041908
0.7894784580498866,170.2965,0.0005179154686629772
0.8126984126984127,174.0111,0.000669761560857296
0.8359183673469388,176.36143,0.0005902639823034406
0.8591383219954649,178.11679,0.0005208625225350261
0.8823582766439909,182.03758,0.0005830696318298578
0.905578231292517,372.0881,0.0006449404172599316
0.9287981859410431,194.3921,0.0005450309254229069
0.9520181405895691,197.76358,0.0006299048545770347
0.9752380952380952,198.92577,0.00051214819541201
0.9984580498866213,194.95695,0.000685267848894
1.0216780045351475,2479.0806,0.0007180406246334314
1.0448979591836736,191.11137,0.0006408349145203829
1.0681179138321997,194.49823,0.00046752707567065954
1.0913378684807256,197.88101,0.0005634921253658831
1.1145578231292517,201.28304,0.0005258807213976979
1.1377777777777778,201.5948,0.0005609113723039627
1.1609977324263039,2571.8604,0.0006770049803890288
1.18421768707483,2482.9314,0.0006159405456855893
1.207437641723356,2450.4307,0.0006947934743948281
1.2306575963718822,2465.4895,0.0007608722662553191
1.253877551020408,2531.226,0.0009611740824766457
1.2770975056689342,2596.2385,0.0008051368640735745
1.3003174603174603,2611.6455,0.0009494484402239323
1.3235374149659864,2570.3237,0.001045134966261685
1.3467573696145125,2563.6619,0.0010333943646401167
1.3699773242630386,200.01585,0.0011575616663321853
1.3931972789115648,209.6538,0.0013989921426400542
1.4164172335600906,220.40959,0.001457463949918747
1.4396371882086167,227.29167,0.0015303953550755978
1.4628571428571429,224.74539,0.0014973089564591646
1.486077097505669,218.5903,0.0017574027879163623
1.509297052154195,2552.1707,0.0016028278041630983
1.5325170068027212,2546.8994,0.0017302811611443758
1.5557369614512473,215.4973,0.0014631994999945164
1.5789569160997732,222.1237,0.0014898760709911585
1.6021768707482993,226.77153,0.001509504159912467
1.6253968253968254,227.99771,0.001688647549599409
1.6486167800453515,228.56795,0.0018031913787126541
1.6718367346938776,223.98828,0.0018509903457015753
1.6950566893424037,219.62682,0.002036595717072487
1.7182766439909298,217.66098,0.0020022185053676367
1.7414965986394557,220.32672,0.0022538728080689907
1.7647165532879818,225.38197,0.0023102296981960535
1.787936507936508,228.76505,0.002276814077049494
1.811156462585034,227.65027,0.002168429084122181
1.8343764172335602,226.41586,0.0024305381812155247
1.8575963718820863,2521.782,0.0032076251227408648
1.8808163265306124,2579.6978,0.0024702581577003
1.9040362811791383,237.56648,0.00269951019436121
1.9272562358276644,2613.1243,0.0027672923170030117
1.9504761904761905,2568.1443,0.0037339571863412857
1.9736961451247166,2547.8555,0.0033767421264201403
1.9969160997732427,2542.0137,0.0037554833106696606
2.020136054421769,2558.2114,0.0032830138225108385
2.043356009070295,2593.7534,0.0028362725861370564
2.066575963718821,238.14627,0.0029225994367152452
2.089795918367347,239.91621,0.0030809217132627964
2.1130158730158732,2631.9155,0.0033716396428644657
2.1362358276643993,2590.643,0.003961596172302961
2.159455782312925,2581.373,0.00390156963840127
2.182675736961451,2578.15,0.003399146720767021
2.2058956916099772,2602.4807,0.003224702551960945
2.2291156462585033,238.46164,0.003041817806661129
2.2523356009070294,2645.6707,0.0031090318225324154
2.2755555555555556,2641.4707,0.0034003164619207382
2.2987755102040817,2610.72,0.003213061485439539
2.3219954648526078,236.89125,0.00319303129799664
2.345215419501134,240.1961,0.0027794288471341133
2.36843537414966,246.17468,0.0030959234572947025
2.391655328798186,2596.361,0.002993983216583729
2.414875283446712,527.04333,0.0031373922247439623
2.4380952380952383,2629.4988,0.003332688705995679
2.4613151927437644,2601.5435,0.003503663931041956
2.48453514739229,2580.919,0.003296856302767992
2.507755102040816,2616.158,0.002828724682331085
2.5309750566893423,2913.623,0.002962737809866667
2.5541950113378684,533.46533,0.0029860115610063076
2.5774149659863945,534.00183,0.0030800749082118273
2.6006349206349206,531.8746,0.003077863249927759
2.6238548752834467,2609.4414,0.0036981026642024517
2.647074829931973,2610.2954,0.0034007232170552015
2.670294784580499,2597.2463,0.003281128592789173
2.693514739229025,2596.5134,0.002906709909439087
2.716734693877551,2871.94,0.0028794393874704838
2.7399546485260773,2896.8037,0.0028924071229994297
2.7631746031746034,2920.3818,0.003050364786759019
2.7863945578231295,2939.4075,0.0032194466330111027
2.809614512471655,2667.2886,0.003261724952608347
2.8328344671201813,2634.1985,0.0032558487728238106
2.8560544217687074,2900.157,0.002948562614619732
2.8792743764172335,2939.7927,0.003293620655313134
2.9024943310657596,2987.5125,0.003123423084616661
2.9257142857142857,2534.0132,0.003193384036421776
2.948934240362812,289.3453,0.0027660750783979893
2.972154195011338,2962.5352,0.0035866538528352976
2.995374149659864,294.5035,0.0030725570395588875
3.01859410430839,872.53076,0.002838010201230645
3.0418140589569163,2925.6138,0.002901814179494977
3.0650340136054424,2943.3208,0.0038119331002235413
3.0882539682539685,594.4055,0.004546124953776598
3.1114739229024946,598.40216,0.0043748002499341965
3.1346938775510207,305.78534,0.003541139420121908
3.1579138321995464,310.86118,0.0034763566218316555
3.1811337868480725,305.35565,0.003471520496532321
3.2043537414965986,303.45053,0.003635123837739229
3.2275736961451247,2980.7212,0.0029327375814318657
3.250793650793651,294.3028,0.002816419815644622
3.274013605442177,2987.0352,0.0038068541325628757
3.297233560090703,601.1143,0.004011991899460554
3.320453514739229,599.1249,0.004201543517410755
3.3436734693877552,598.839,0.004458922892808914
3.3668934240362813,597.33417,0.004303892143070698
3.3901133786848074,890.4229,0.003256536554545164
3.4133333333333336,294.79935,0.0035868752747774124
3.4365532879818597,300.99652,0.003220133250579238
3.4597732426303858,2510.2522,0.0031753957737237215
3.4829931972789114,2597.1948,0.0034013495314866304
3.5062131519274375,2965.2446,0.004235319793224335
3.5294331065759637,2960.5115,0.0034583942033350468
3.5526530612244898,2593.746,0.003439483232796192
3.575873015873016,2586.0806,0.0031160423532128334
3.599092970521542,2566.786,0.0029349718242883682
3.622312925170068,2592.5112,0.003207386238500476
3.645532879818594,2935.1262,0.0045600775629282
3.6687528344671203,2981.935,0.005837117321789265
3.6919727891156464,3022.9712,0.005950626451522112
3.7151927437641725,3036.0403,0.0059287091717123985
3.7384126984126986,2999.1162,0.0054143276065588
3.7616326530612247,2959.6506,0.0042687105014920235
3.784852607709751,2594.8235,0.0036945794709026814
3.8080725623582765,2594.9775,0.004122685641050339
3.8312925170068026,2963.625,0.005756891332566738
3.8545124716553287,2998.4873,0.006691703572869301
3.877732426303855,3031.5872,0.005958598107099533
3.900952380952381,3053.0305,0.006008055526763201
3.924172335600907,3019.3145,0.00531456433236599
3.947392290249433,2988.5337,0.004741496406495571
3.9706122448979593,2972.209,0.005695978179574013
3.9938321995464854,3027.8584,0.004845049232244492
4.017052154195011,342.4959,0.004147026687860489
4.040272108843538,2795.1,0.004583386704325676
4.063492063492063,2808.9546,0.0049509392119944096
4.08671201814059,2791.5989,0.004991514608263969
4.1099319727891155,3123.6772,0.00517057441174984
4.133151927437642,3105.1377,0.005241905339062214
4.156371882086168,689.9415,0.0053499056957662106
4.179591836734694,2769.004,0.005314175970852375
4.20281179138322,2783.1624,0.004689869936555624
4.2260317460317465,2809.489,0.004292274825274944
4.249251700680272,2817.9639,0.004446009639650583
4.272471655328799,2812.1143,0.004454754292964935
4.295691609977324,2802.6248,0.004663066007196903
4.31891156462585,693.59875,0.004892593249678612
4.342131519274377,689.4275,0.004931069910526276
4.365351473922902,689.71857,0.004950389266014099
4.388571428571429,2780.4685,0.004720819648355246
4.4117913832199545,2813.8865,0.004252973478287458
4.435011337868481,2827.8398,0.003765162080526352
4.458231292517007,2835.693,0.003660404123365879
4.481451247165533,2824.7378,0.003552813548594713
4.504671201814059,2829.0056,0.0036079976707696915
4.527891156462585,2508.3489,0.0039052795618772507
4.551111111111111,2940.8726,0.005517277866601944
4.574331065759638,3003.527,0.0065057361498475075
4.597551020408163,3024.7112,0.006885365583002567
4.62077097505669,3053.9521,0.007198394276201725
4.6439909297052155,3054.5803,0.00875919684767723
4.667210884353741,3026.65,0.008261936716735363
4.690430839002268,3032.4841,0.007945161312818527
4.713650793650793,3057.485,0.007103780284523964
4.73687074829932,3121.365,0.007293051108717918
4.760090702947846,776.61835,0.007372202351689339
4.783310657596372,785.65265,0.007363186217844486
4.806530612244898,794.3848,0.006922638975083828
4.829750566893424,797.04285,0.007017920725047588
4.85297052154195,3177.6892,0.008210266940295696
4.876190476190477,3114.0254,0.009048990905284882
4.899410430839002,3066.472,0.010550321079790592
4.922630385487529,3046.74,0.006993745919317007
4.9458503401360545,3064.5156,0.005168524105101824
4.96907029478458,389.5296,0.00536443293094635
4.992290249433107,394.7327,0.006005199160426855
5.015510204081632,2780.0208,0.006577934604138136
5.038730158730159,792.65216,0.007063027936965227
5.061950113378685,3153.477,0.007748148869723082
5.085170068027211,780.18,0.009679095819592476
5.108390022675737,3047.7349,0.010958749800920486
5.131609977324263,3024.8823,0.008630217984318733
5.154829931972789,3071.2139,0.007635804824531078
5.178049886621316,773.4624,0.008789828978478909
5.201269841269841,783.4067,0.009101008996367455
5.224489795918368,788.8872,0.009782313369214535
5.2477097505668935,788.98773,0.009549840353429317
5.27092970521542,782.3715,0.009887083433568478
5.294149659863946,3049.8477,0.009781531058251858
5.317369614512471,2572.7363,0.007273774594068527
5.340589569160998,361.50134,0.004987316206097603
5.363809523809524,2846.907,0.005079101771116257
5.38702947845805,2517.6567,0.005499753635376692
5.410249433106576,2527.004,0.004813178442418575
5.433469387755102,2872.1848,0.004290480632334948
5.456689342403628,3156.9731,0.005311470944434404
5.479909297052155,3128.4731,0.005891087464988232
5.50312925170068,3119.6477,0.006113938055932522
5.526349206349207,3123.56,0.005620745476335287
5.5495691609977325,3149.6213,0.005458535626530647
5.572789115646259,2836.2493,0.0057322559878230095
5.596009070294785,2860.943,0.005816823337227106
5.61922902494331,2857.5073,0.005239751189947128
5.642448979591837,352.3286,0.006477476097643375
5.6656689342403626,3028.2166,0.0070298765785992146
5.688888888888889,2996.5957,0.006906658411026001
5.712108843537415,3024.332,0.006557987071573734
5.735328798185941,341.24176,0.005264955572783947
5.758548752834467,2791.9275,0.005732893943786621
5.7817687074829935,2833.8025,0.005934913642704487
5.804988662131519,2803.1719,0.006498799193650484
5.828208616780046,348.95966,0.007054775021970272
5.851428571428571,3023.9446,0.005439743399620056
5.874648526077098,329.9752,0.0037894458509981632
5.897868480725624,2590.4739,0.0035738786682486534
5.92108843537415,326.50705,0.0037269145250320435
5.944308390022676,2958.4617,0.004666510038077831
5.9675283446712015,2967.2363,0.004973539151251316
5.990748299319728,2971.891,0.005041507072746754
6.013968253968254,2968.547,0.004823635332286358
6.03718820861678,2633.0947,0.004422793164849281
6.060408163265306,2626.7976,0.0045941611751914024
6.0836281179138325,2949.972,0.0052690934389829636
6.106848072562358,2967.566,0.005723490845412016
6.130068027210885,2974.857,0.007067774422466755
6.15328798185941,2987.6843,0.00654261652380228
6.176507936507937,2977.5493,0.006067821756005287
6.199727891156463,2972.9443,0.005603267811238766
6.222947845804989,2615.8794,0.004519591573625803
6.246167800453515,2593.9465,0.004923881031572819
6.269387755102041,2599.4912,0.004170110449194908
6.292607709750567,2935.9722,0.004763190634548664
6.315827664399093,2983.9075,0.006804441101849079
6.339047619047619,3013.9963,0.007440533954650164
6.362267573696145,2973.0835,0.00545703899115324
6.3854875283446715,992.60895,0.004691580776125193
6.408707482993197,2570.3315,0.004446137696504593
6.431927437641724,917.24963,0.003759154584258795
6.455147392290249,295.37708,0.0026831533759832382
6.478367346938776,291.68173,0.0021267312113195658
6.501587301587302,870.75366,0.0020692015532404184
6.524807256235828,290.95258,0.002134632784873247
6.548027210884354,291.182,0.0020883027464151382
6.57124716553288,291.5266,0.0021674917079508305
6.594467120181406,290.77518,0.0022045692894607782
6.617687074829932,290.92337,0.0025873228441923857
6.640907029478458,2942.506,0.0032484116964042187
6.664126984126984,293.69302,0.0033327999990433455
6.6873469387755105,2940.5354,0.003337140427902341
6.710566893424036,292.55948,0.0029103090055286884
6.733786848072563,289.94473,0.003466530703008175
6.757006802721088,852.7997,0.003465793328359723
6.780226757369615,283.5777,0.003217782126739621
6.8034467120181406,288.7416,0.0031084162183105946
6.826666666666667,2981.6848,0.00397743284702301
6.849886621315193,600.26416,0.004314892925322056
6.873106575963719,597.41736,0.0038591763004660606
6.896326530612245,295.24606,0.0029686244670301676
6.9195464852607715,855.4645,0.003259373363107443
6.942766439909297,3023.8647,0.001964857568964362
6.965986394557823,2954.91,0.0018467474728822708
6.989206349206349,2929.1863,0.0022917159367352724
7.012426303854875,2914.546,0.0025928004179149866
7.035646258503402,2914.3667,0.002525660675019026
7.058866213151927,2909.352,0.002503205556422472
7.082086167800454,2614.5752,0.0025801118463277817
7.1053061224489795,2596.5498,0.0021990519016981125
7.128526077097506,2871.9868,0.002126644365489483
7.151746031746032,2892.1096,0.002326116431504488
7.174965986394558,2627.578,0.002422910649329424
7.198185941043084,262.02475,0.0021494270768016577
7.2214058956916105,262.26227,0.0021984418854117393
7.244625850340136,2569.2458,0.0024384602438658476
7.267845804988662,2545.9998,0.0019053639844059944
7.291065759637188,2543.6729,0.0020627127960324287
7.314285714285714,2550.2808,0.0021626674570143223
7.337505668934241,259.59918,0.0021906965412199497
7.360725623582766,2918.5183,0.0026981178671121597
7.383945578231293,2931.5693,0.0026301308535039425
7.4071655328798185,264.76035,0.0026264272164553404
7.430385487528345,3108.2,0.00240714056417346
7.453605442176871,1002.5799,0.0018369111930951476
7.476825396825397,242.98807,0.0021922229789197445
7.500045351473923,239.92242,0.002264605602249503
7.5232653061224495,3021.7708,0.002157923299819231
7.546485260770975,3027.0007,0.0022737733088433743
7.569705215419502,233.67169,0.0022855340503156185
7.592925170068027,235.59644,0.0027261897921562195
7.616145124716553,3043.7466,0.0023874943144619465
7.63936507936508,3024.7122,0.0027139950543642044
7.662585034013605,3021.482,0.0025048903189599514
7.685804988662132,3019.5625,0.0025683282874524593
7.7090249433106575,234.48308,0.002276090905070305
7.732244897959184,236.40508,0.0021240648347884417
7.75546485260771,237.5493,0.0021025766618549824
7.778684807256236,237.88773,0.002134498208761215
7.801904761904762,234.54495,0.0019923115614801645
7.8251247165532885,228.18098,0.001365553354844451
7.848344671201814,224.87859,0.0014666770584881306
7.871564625850341,228.78316,0.002053888514637947
7.894784580498866,234.62395,0.0018258754862472415
7.918004535147393,239.35081,0.0023188029881566763
7.9412244897959186,238.84377,0.0025452172849327326
7.964444444444444,3043.141,0.0026463582180440426
7.987664399092971,229.46333,0.0017071353504434228
8.010884353741497,222.901,0.0017088691238313913
8.034104308390022,2864.38,0.0017039889935404062
8.057324263038549,221.16936,0.0017451865132898092
8.080544217687075,223.65549,0.0018722617533057928
8.103764172335602,224.5243,0.0018220706842839718
8.126984126984127,223.79402,0.001912776380777359
8.150204081632653,178.19185,0.002064755652099848
8.17342403628118,221.31715,0.002103793900460005
8.196643990929706,223.62901,0.002193442080169916
8.219863945578231,225.51225,0.0020055235363543034
8.243083900226758,225.89429,0.0018106474308297038
8.266303854875284,225.41454,0.002069785725325346
8.289523809523809,178.1614,0.0016185697168111801
8.312743764172335,3000.7046,0.0016567627899348736
8.335963718820862,2988.6355,0.001553089590743184
8.359183673469389,173.73787,0.0017805316019803286
8.382403628117913,222.84222,0.002126985229551792
8.40562358276644,226.68228,0.0024814677890390158
8.428843537414966,2512.873,0.0021226999815553427
8.452063492063493,224.57301,0.0021861898712813854
8.475283446712018,174.13419,0.0019181553507223725
8.498503401360544,2524.1072,0.0008653373224660754
8.52172335600907,2523.2014,0.0005490545881912112
8.544943310657597,2501.4685,0.0007542569073848426
8.568163265306122,2533.2383,0.0008102471474558115
8.591383219954649,2554.7434,0.0009408883051946759
8.614603174603175,2581.9304,0.0008532382780686021
8.6378231292517,2576.518,0.0009915826376527548
8.661043083900227,2551.7622,0.0008974242955446243
8.684263038548753,2539.3286,0.001136854523792863
8.70748299319728,2537.5063,0.0010624552378430963
8.730702947845804,2558.1807,0.0010212701745331287
8.753922902494331,2579.1433,0.0011619068682193756
8.777142857142858,2576.7068,0.0010557477362453938
8.800362811791384,2566.7349,0.0010409061796963215
8.823582766439909,2504.6626,0.0005887662409804761
8.846802721088435,186.41145,0.0006611098069697618
8.870022675736962,184.34975,0.0006413437658920884
8.893242630385489,188.71046,0.0007620999240316451
8.916462585034013,2549.9385,0.0010020791087299585
8.93968253968254,2598.5117,0.0010092686861753464
8.962902494331066,2562.8647,0.000980094075202942
8.986122448979591,2528.1199,0.0009423543815501034
9.009342403628118,2484.7004,0.0008187573403120041
9.032562358276644,188.08981,0.0006512795225717127
9.05578231292517,183.79913,0.0005967853940092027
9.079002267573696,890.49005,0.0005783197702839971
9.102222222222222,875.5779,0.0007252200739458203
9.125442176870749,175.18604,0.0006849198252893984
9.148662131519275,2491.889,0.0006406736792996526
9.1718820861678,2497.978,0.0005634139524772763
9.195102040816327,2491.2026,0.0005659343441948295
9.218321995464853,2483.511,0.0004982771351933479
9.24154195011338,2473.42,0.0005525381420738995
9.264761904761905,131.84947,0.0005995710380375385
9.287981859410431,2451.4387,0.0005554765230044723
9.311201814058958,2465.109,0.0005210000090301037
9.334421768707482,174.90352,0.0005006127175875008
9.357641723356009,174.56363,0.0005044308491051197
9.380861678004536,175.98589,0.0005174599355086684
9.404081632653062,175.3281,0.0005933138309046626
9.427301587301587,174.99545,0.0006371221970766783
9.450521541950113,131.52724,0.0006847385666333139
9.47374149659864,171.81389,0.0006273157196119428
9.496961451247167,167.84416,0.0004328161012381315
9.520181405895691,165.80026,0.0004923365777358413
9.543401360544218,499.66452,0.0006446241750381887
9.566621315192744,169.68755,0.0006395494565367699
9.58984126984127,2513.616,0.0008130503119900823
9.613061224489796,2513.921,0.0007300234865397215
9.636281179138322,178.78198,0.0006672783056274056
9.659501133786849,175.54926,0.0007400561589747667
9.682721088435374,172.24359,0.0006471746601164341
9.7059410430839,168.07933,0.0004389428358990699
9.729160997732427,166.6122,0.0004853521240875125
9.752380952380953,167.1257,0.0006257648346945643
9.775600907029478,171.7215,0.0004986761487089097
9.798820861678005,2513.1853,0.0008144944440573454
9.822040816326531,179.65468,0.0005803443491458893
9.845260770975058,177.3403,0.00047139640082605183
9.868480725623582,171.46121,0.0003824900195468217
9.891700680272109,488.90244,0.0003481582971289754
9.914920634920636,154.84227,0.0003096548607572913
9.93814058956916,152.7131,0.000291712349280715
9.961360544217687,159.27686,0.0004206164157949388
9.984580498866213,350.6225,0.00032862790976651013
10.00780045351474,181.36433,0.00011190227814950049
10.031020408163265,175.41446,1.27688372231205e-05
10.054240362811791,0.0,6.247901183087379e-07
10.077460317460318,0.0,2.8997237677685916e-07
10.100680272108844,0.0,2.0581956050591543e-07
10.12390022675737,0.0,2.831411620718427e-07
10.147120181405896,0.0,1.8663467926671728e-07
10.170340136054422,0.0,4.0819941204972565e-07
10.193560090702949,0.0,2.785554897855036e-07
10.216780045351474,0.0,1.5451223589479923e-07
10.24,0.0,3.122659109067172e-08
10.263219954648527,0.0,5.630863597616553e-08
10.286439909297052,0.0,7.689504855079576e-08
10.309659863945578,0.0,1.4897159417159855e-07
10.332879818594105,0.0,6.5202584664803e-08
10.356099773242631,0.0,3.400782588869333e-08
10.379319727891156,0.0,7.337530405493453e-08
10.402539682539683,0.0,5.2535142458509654e-08
10.425759637188209,0.0,4.015419108327478e-08
10.448979591836736,0.0,1.2451801012502983e-07
10.47219954648526,0.0,2.843444235622883e-08
