0.0,0.0,6.109148671384901e-07
0.023219954648526078,0.0,3.3645937946857885e-07
0.046439909297052155,0.0,1.5281148080248386e-07
0.06965986394557823,0.0,8.742972568143159e-08
0.09287981859410431,0.0,9.995983418775722e-08
0.11609977324263039,0.0,1.2896180123789236e-07
0.13931972789115646,0.0,7.083781383698806e-08
0.16253968253968254,0.0,7.658854883629829e-08
0.18575963718820862,0.0,1.038442860590294e-07
0.2089795918367347,0.0,1.813832568586804e-07
0.23219954648526078,0.0,2.0648712961701676e-07
0.25541950113378686,0.0,1.855187292676419e-07
0.2786394557823129,0.0,3.7509744288399816e-07
0.301859410430839,0.0,3.006944098160602e-07
0.3250793650793651,0.0,3.5741686588153243e-07
0.3482993197278912,0.0,3.153828401991632e-06
0.37151927437641724,135.35631,3.997059684479609e-05
0.3947392290249433,124.09107,0.0001086323318304494
0.4179591836734694,118.58428,0.0001384927163599059
0.44117913832199546,478.66556,0.00016112573212012649
0.46439909297052157,480.57642,0.0001790226815501228
0.4876190476190476,120.986115,0.0002042507112491876
0.5108390022675737,121.3731,0.0002609744551591575
0.5340589569160998,122.48542,0.00032271043164655566
0.5572789115646258,377.68912,0.00032051996095106006
0.5804988662131519,389.1804,0.00037208618596196175
0.603718820861678,129.17705,0.000358235789462924
0.626938775510204,128.43033,0.0003782314888667315
0.6501587301587302,127.53758,0.00039975502295419574
0.6733786848072563,127.34441,0.00042176275746896863
0.6965986394557824,126.20332,0.0004835777508560568
0.7198185941043084,126.5223,0.00048617334687151015
0.7430385487528345,127.51341,0.0005120441201142967
0.7662585034013606,129.58379,0.0005990823265165091
0.7894784580498866,131.93677,0.0007287432090379298
0.8126984126984127,132.99713,0.0007588358130306005
0.8359183673469388,132.77408,0.0006397321121767163
0.8591383219954649,130.89766,0.0004952044109813869
0.8823582766439909,128.98598,0.0005166068440303206
0.905578231292517,128.78885,0.0005407215794548392
0.9287981859410431,129.69691,0.0006511014653369784
0.9520181405895691,132.28137,0.000639556790702045
0.9752380952380952,397.59457,0.0005086339660920203
0.9984580498866213,400.24335,0.0004732821835204959
1.0216780045351475,409.31052,0.0006565218791365623
1.0448979591836736,141.45053,0.0013774577528238297
1.0681179138321997,441.58148,0.0014698600862175226
1.0913378684807256,442.53693,0.0013944513630121946
1.1145578231292517,144.4512,0.0012304089032113552
1.1377777777777778,141.44093,0.0012582519557327032
1.1609977324263039,141.62692,0.0013329993234947324
1.18421768707483,142.89108,0.0013869956601411104
1.207437641723356,143.66106,0.0013448524987325072
1.2306575963718822,145.24348,0.001494848052971065
1.253877551020408,146.50716,0.002022568369284272
1.2770975056689342,147.97241,0.0017829539719969034
1.3003174603174603,145.99434,0.001329663093201816
1.3235374149659864,141.04709,0.0010626986622810364
1.3467573696145125,136.89857,0.0009743731934577227
1.3699773242630386,137.33015,0.0011496563674882054
1.3931972789115648,140.52367,0.001478604506701231
1.4164172335600906,145.26404,0.0018205879023298621
1.4396371882086167,148.12737,0.0019908559042960405
1.4628571428571429,147.35387,0.0017094127833843231
1.486077097505669,144.98581,0.0013120719231665134
1.509297052154195,143.12143,0.0012331074103713036
1.5325170068027212,142.93385,0.0013796244747936726
1.5557369614512473,143.92389,0.001032359665259719
1.5789569160997732,146.7233,0.0012520506279543042
1.6021768707482993,150.50038,0.001887074438855052
1.6253968253968254,155.37775,0.0026715362910181284
1.6486167800453515,160.06732,0.0023012408055365086
1.6718367346938776,162.26378,0.0020331155974417925
1.6950566893424037,162.3441,0.002294085919857025
1.7182766439909298,159.91237,0.0024893740192055702
1.7414965986394557,159.02391,0.002374136820435524
1.7647165532879818,160.56294,0.0020013381727039814
1.787936507936508,163.77657,0.001894751563668251
1.811156462585034,167.16072,0.001914101536385715
1.8343764172335602,169.09103,0.002001616172492504
1.8575963718820863,169.07043,0.0021110186353325844
1.8808163265306124,167.2788,0.0023845203686505556
1.9040362811791383,163.57158,0.0026405530516058207
1.9272562358276644,159.90187,0.0025620791129767895
1.9504761904761905,158.09073,0.002956261159852147
1.9736961451247166,159.0915,0.0027535604313015938
1.9969160997732427,161.88347,0.0023294170387089252
2.020136054421769,165.9014,0.0022477414458990097
2.043356009070295,168.50922,0.00220791669562459
2.066575963718821,168.96584,0.0023049102164804935
2.089795918367347,167.82101,0.002582354238256812
2.1130158730158732,165.09256,0.002985770348459482
2.1362358276643993,160.78922,0.0031144116073846817
2.159455782312925,159.99083,0.002690347842872143
2.182675736961451,165.77188,0.0026031427551060915
2.2058956916099772,169.99808,0.0026536532677710056
2.2291156462585033,521.2639,0.0025245784781873226
2.2523356009070294,131.72475,0.0026245624758303165
2.2755555555555556,174.69084,0.0028367729391902685
2.2987755102040817,129.41283,0.002721244003623724
2.3219954648526078,169.52896,0.002785304794088006
2.345215419501134,169.71077,0.002951600356027484
2.36843537414966,171.53699,0.00285676633939147
2.391655328798186,528.6761,0.002154985908418894
2.414875283446712,134.96158,0.0017970590852200985
2.4380952380952383,541.37506,0.0021915631368756294
2.4613151927437644,133.22075,0.002940020989626646
2.48453514739229,172.46849,0.003205717308446765
2.507755102040816,168.50597,0.0031095920130610466
2.5309750566893423,166.39034,0.0028815744444727898
2.5541950113378684,166.91621,0.0028396849520504475
2.5774149659863945,169.70627,0.0028259241953492165
2.6006349206349206,525.15497,0.002273387974128127
2.6238548752834467,134.15097,0.002489481819793582
2.647074829931973,177.59404,0.0031115910969674587
2.670294784580499,130.26898,0.0032408060505986214
2.693514739229025,171.31151,0.0031689023599028587
2.716734693877551,169.91846,0.0032393045257776976
2.7399546485260773,170.95377,0.0030893580988049507
2.7631746031746034,528.7253,0.0022218103986233473
2.7863945578231295,182.99619,0.002176214475184679
2.809614512471655,568.34375,0.0018498684512451291
2.8328344671201813,193.95442,0.0019072359427809715
2.8560544217687074,194.62643,0.0015732869505882263
2.8792743764172335,191.1719,0.002015921985730529
2.9024943310657596,188.80745,0.0027071312069892883
2.9257142857142857,187.73836,0.0024653479922562838
2.948934240362812,188.94373,0.0019318233244121075
2.972154195011338,192.10786,0.0013705152086913586
2.995374149659864,194.83107,0.0018463707529008389
3.01859410430839,197.8027,0.001690680393949151
3.0418140589569163,198.56473,0.0017992728389799595
3.0650340136054424,195.44305,0.0015530241653323174
3.0882539682539685,190.23177,0.002581982407718897
3.1114739229024946,185.7152,0.0021362185943871737
3.1346938775510207,185.11967,0.0018958617001771927
3.1579138321995464,559.572,0.0019378017168492079
3.1811337868480725,192.44998,0.001565372571349144
3.2043537414965986,196.75928,0.0023962724953889847
3.2275736961451247,200.22626,0.001840412151068449
3.250793650793651,196.86926,0.001744378125295043
3.274013605442177,190.41045,0.0023943877313286066
3.297233560090703,186.37637,0.002900576451793313
3.320453514739229,185.75946,0.0024599810130894184
3.3436734693877552,566.3257,0.002152626868337393
3.3668934240362813,197.09856,0.0035398826003074646
3.3901133786848074,621.65265,0.0035163969732820988
3.4133333333333336,214.69429,0.0030274975579231977
3.4365532879818597,215.65544,0.0029975413344800472
3.4597732426303858,210.21275,0.004171481356024742
3.4829931972789114,206.0148,0.0043650660663843155
3.5062131519274375,205.78104,0.004732009023427963
3.5294331065759637,622.5001,0.004412556067109108
3.5526530612244898,214.26152,0.004404805134981871
3.575873015873016,221.7185,0.005262619350105524
3.599092970521542,228.61998,0.005682399496436119
3.622312925170068,229.19064,0.005830578971654177
3.645532879818594,222.6305,0.005253426730632782
3.6687528344671203,216.01883,0.004219472873955965
3.6919727891156464,209.81389,0.004930625669658184
3.7151927437641725,208.35863,0.005221381783485413
3.7384126984126986,213.27171,0.004131803289055824
3.7616326530612247,220.71141,0.005556035786867142
3.784852607709751,224.56839,0.005904632154852152
3.8080725623582765,224.09268,0.005611144006252289
3.8312925170068026,221.6522,0.005675122141838074
3.8545124716553287,217.4474,0.004896155092865229
3.877732426303855,214.72353,0.004450526088476181
3.900952380952381,216.77264,0.00556822819635272
3.924172335600907,224.6981,0.006122153252363205
3.947392290249433,235.34547,0.005849157925695181
3.9706122448979593,244.79845,0.006280326284468174
3.9938321995464854,246.61372,0.0062437099404633045
4.017052154195011,242.97823,0.0062285372987389565
4.040272108843538,471.80197,0.0071826716884970665
4.063492063492063,233.00398,0.00705445883795619
4.08671201814059,234.25923,0.0073550185188651085
4.1099319727891155,239.91872,0.007011410314589739
4.133151927437642,245.8698,0.007573261857032776
4.156371882086168,250.09325,0.0076124221086502075
4.179591836734694,250.10495,0.008199078030884266
4.20281179138322,248.37581,0.0077247172594070435
4.2260317460317465,244.67796,0.008901884779334068
4.249251700680272,241.93346,0.008290891535580158
4.272471655328799,240.75604,0.007673394866287708
4.295691609977324,243.62798,0.00795018207281828
4.31891156462585,251.05797,0.008741013705730438
4.342131519274377,256.36646,0.00923007819801569
4.365351473922902,257.78018,0.00943170115351677
4.388571428571429,250.96475,0.00880473293364048
4.4117913832199545,244.87308,0.008853082545101643
4.435011337868481,242.2427,0.009151332080364227
4.458231292517007,240.57314,0.008299533277750015
4.481451247165533,242.03773,0.00839427299797535
4.504671201814059,506.05475,0.009594336152076721
4.527891156462585,263.8349,0.011968191713094711
4.551111111111111,271.14,0.01228398084640503
4.574331065759638,270.8992,0.010302872397005558
4.597551020408163,264.9722,0.010108547285199165
4.62077097505669,258.1876,0.009078112430870533
4.6439909297052155,250.02795,0.00872591882944107
4.667210884353741,248.29987,0.008104121312499046
4.690430839002268,250.40747,0.007659999653697014
4.713650793650793,252.44283,0.008157629519701004
4.73687074829932,260.34967,0.008457997813820839
4.760090702947846,264.32944,0.010844836011528969
4.783310657596372,264.66733,0.010388522408902645
4.806530612244898,264.08826,0.009387201629579067
4.829750566893424,259.70743,0.008773923851549625
4.85297052154195,252.36198,0.00853022187948227
4.876190476190477,496.67468,0.008721433579921722
4.899410430839002,248.93924,0.007962459698319435
4.922630385487529,252.30714,0.008355839177966118
4.9458503401360545,262.9017,0.010445894673466682
4.96907029478458,266.9675,0.012525617145001888
4.992290249433107,269.2828,0.010939737781882286
5.015510204081632,266.63013,0.00979796051979065
5.038730158730159,261.71576,0.008905877359211445
5.061950113378685,255.89099,0.007714420091360807
5.085170068027211,249.40396,0.008163855411112309
5.108390022675737,254.92033,0.008225517347455025
5.131609977324263,265.1911,0.012308432720601559
5.154829931972789,272.44995,0.01309269666671753
5.178049886621316,287.42365,0.008877524174749851
5.201269841269841,295.73816,0.00956946425139904
5.224489795918368,295.19904,0.008840629830956459
5.2477097505668935,289.6793,0.01173713244497776
5.27092970521542,285.62692,0.013752244412899017
5.294149659863946,282.30093,0.01618850976228714
5.317369614512471,283.08994,0.014827907085418701
5.340589569160998,287.30527,0.009520847350358963
5.363809523809524,293.25504,0.00940709374845028
5.38702947845805,299.22726,0.01589076779782772
5.410249433106576,304.78528,0.01992589607834816
5.433469387755102,303.47897,0.013022011145949364
5.456689342403628,297.291,0.00826406292617321
5.479909297052155,289.4248,0.012418873608112335
5.50312925170068,282.06375,0.015162132680416107
5.526349206349207,279.19443,0.016379987820982933
5.5495691609977325,287.6313,0.009489723481237888
5.572789115646259,296.92938,0.013340627774596214
5.596009070294785,302.98642,0.01722829043865204
5.61922902494331,302.8476,0.014428144320845604
5.642448979591837,298.2286,0.010011116042733192
5.6656689342403626,290.79535,0.014578054659068584
5.688888888888889,282.4734,0.016017291694879532
5.712108843537415,276.36777,0.015712667256593704
5.735328798185941,277.1544,0.014894569292664528
5.758548752834467,285.2245,0.01008756272494793
5.7817687074829935,292.72968,0.009283885359764099
5.804988662131519,295.43658,0.011180246248841286
5.828208616780046,294.98395,0.010395281948149204
5.851428571428571,289.88696,0.016679562628269196
5.874648526077098,277.81647,0.01481393538415432
5.897868480725624,265.68692,0.0110672852024436
5.92108843537415,258.46338,0.009202510118484497
5.944308390022676,254.37022,0.009027095511555672
5.9675283446712015,255.2502,0.009042340330779552
5.990748299319728,257.90448,0.008784227073192596
6.013968253968254,256.66928,0.008886643685400486
6.03718820861678,256.54337,0.00909142941236496
6.060408163265306,257.3031,0.009540002793073654
6.0836281179138325,259.01718,0.009758190251886845
6.106848072562358,261.81763,0.01044257078319788
6.130068027210885,263.58224,0.010981723666191101
6.15328798185941,263.4296,0.0105152428150177
6.176507936507937,260.36032,0.009545639157295227
6.199727891156463,253.67117,0.00852946937084198
6.222947845804989,248.7159,0.009239546954631805
6.246167800453515,250.08319,0.008535552769899368
6.269387755102041,253.45062,0.008911585435271263
6.292607709750567,257.63876,0.00924600102007389
6.315827664399093,259.31662,0.00947210006415844
6.339047619047619,258.47946,0.009523140266537666
6.362267573696145,258.1877,0.009119223803281784
6.3854875283446715,254.37871,0.009601166471838951
6.408707482993197,248.15707,0.008800053969025612
6.431927437641724,244.76793,0.009095443412661552
6.455147392290249,243.05222,0.007896112278103828
6.478367346938776,243.25374,0.008082336746156216
6.501587301587302,244.63083,0.008071845397353172
6.524807256235828,246.01161,0.007955051958560944
6.548027210884354,246.70348,0.008165586739778519
6.57124716553288,246.74054,0.008069911040365696
6.594467120181406,245.94563,0.007395863067358732
6.617687074829932,245.76106,0.008190786466002464
6.640907029478458,246.3113,0.00806727446615696
6.664126984126984,246.13977,0.008341391570866108
6.6873469387755105,246.41522,0.007863437756896019
6.710566893424036,246.16005,0.008312021382153034
6.733786848072563,245.96791,0.008308949880301952
6.757006802721088,244.87022,0.007992561906576157
6.780226757369615,244.06927,0.0083712637424469
6.8034467120181406,243.85411,0.00870249979197979
6.826666666666667,246.06024,0.008487146347761154
6.849886621315193,247.95506,0.008035099133849144
6.873106575963719,248.2018,0.007991536520421505
6.896326530612245,247.95854,0.008200900629162788
6.9195464852607715,245.765,0.0079349335283041
6.942766439909297,243.02513,0.008337829262018204
6.965986394557823,240.34065,0.008217222057282925
6.989206349206349,237.90814,0.008934374898672104
7.012426303854875,237.0069,0.00828561745584011
7.035646258503402,236.59569,0.00840029027312994
7.058866213151927,234.63895,0.008252022787928581
7.082086167800454,230.73914,0.00817658007144928
7.1053061224489795,224.94275,0.007509057410061359
7.128526077097506,220.19745,0.005970175378024578
7.151746031746032,215.67365,0.0055342772975564
7.174965986394558,2366.8066,0.00622145738452673
7.198185941043084,2381.505,0.006885095499455929
7.2214058956916105,2401.9402,0.007346336729824543
7.244625850340136,2412.0264,0.007315963972359896
7.267845804988662,2413.0803,0.007278403267264366
7.291065759637188,2404.4849,0.006628916133195162
7.314285714285714,2390.3982,0.006592271849513054
7.337505668934241,2388.9846,0.006636517122387886
7.360725623582766,2407.7913,0.00728309340775013
7.383945578231293,2422.8772,0.007503483444452286
7.4071655328798185,222.19447,0.008045313879847527
7.430385487528345,222.22945,0.007267668843269348
7.453605442176871,221.09789,0.0056532928720116615
7.476825396825397,216.44806,0.0038388490211218596
7.500045351473923,211.79503,0.004090248141437769
7.5232653061224495,209.56346,0.004861645866185427
7.546485260770975,213.9004,0.006446973420679569
7.569705215419502,2404.6797,0.007144248113036156
7.592925170068027,222.26389,0.0072240522131323814
7.616145124716553,221.40656,0.007783586159348488
7.63936507936508,218.82098,0.005943830590695143
7.662585034013605,214.4153,0.004311878699809313
7.685804988662132,207.15407,0.0042978450655937195
7.7090249433106575,200.9676,0.003093020524829626
7.732244897959184,198.53957,0.002964444924145937
7.75546485260771,596.98944,0.002735429210588336
7.778684807256236,600.31055,0.002857411280274391
7.801904761904762,198.53278,0.002673510229215026
7.8251247165532885,196.94708,0.002719832118600607
7.848344671201814,195.46721,0.0026719109155237675
7.871564625850341,193.27058,0.0022297308314591646
7.894784580498866,192.69719,0.0021903403103351593
7.918004535147393,192.37897,0.002293279394507408
7.9412244897959186,193.93227,0.0027639814652502537
7.964444444444444,199.11305,0.0034157228656113148
7.987664399092971,204.68578,0.0036038935650140047
8.010884353741497,199.70598,0.0024797189980745316
8.034104308390022,192.83142,0.0027839653193950653
8.057324263038549,187.66345,0.0033763288520276546
8.080544217687075,185.72308,0.0038272857200354338
8.103764172335602,557.845,0.002975884824991226
8.126984126984127,192.02737,0.0020694383420050144
8.150204081632653,587.66534,0.002463221549987793
8.17342403628118,593.8756,0.0026485768612474203
8.196643990929706,592.4242,0.0023278670851141214
8.219863945578231,194.91083,0.0030035185627639294
8.243083900226758,190.20612,0.003698389045894146
8.266303854875284,184.00858,0.00420503132045269
8.289523809523809,538.08405,0.004358759615570307
8.312743764172335,527.02783,0.004044120665639639
8.335963718820862,131.99765,0.0038989121094346046
8.359183673469389,132.46353,0.0038742676842957735
8.382403628117913,177.14822,0.0037181307561695576
8.40562358276644,176.52634,0.003681835951283574
8.428843537414966,175.59535,0.0039361026138067245
8.452063492063493,130.79482,0.004576665814965963
8.475283446712018,130.07182,0.004511556122452021
8.498503401360544,131.05675,0.0041826628148555756
8.52172335600907,132.24693,0.004159224219620228
8.544943310657597,132.86,0.0033061266876757145
8.568163265306122,179.72377,0.0026860120706260204
8.591383219954649,182.35016,0.003325680736452341
8.614603174603175,133.78613,0.00393315777182579
8.6378231292517,172.9288,0.0031841681338846684
8.661043083900227,169.7908,0.0023032650351524353
8.684263038548753,167.96826,0.0029228723142296076
8.70748299319728,170.06517,0.003952359315007925
8.730702947845804,526.3144,0.00299133756197989
8.753922902494331,181.24332,0.002688222099095583
8.777142857142858,549.528,0.002845770912244916
8.800362811791384,540.4769,0.0031147345434874296
8.823582766439909,523.1699,0.002785413060337305
8.846802721088435,169.3659,0.0017676014686003327
8.870022675736962,163.7789,0.0013949378626421094
8.893242630385489,161.50632,0.0015758482040837407
8.916462585034013,164.5896,0.0025862769689410925
8.93968253968254,168.30467,0.0036037848331034184
8.962902494331066,170.38667,0.003420637920498848
8.986122448979591,170.89972,0.0033357134088873863
9.009342403628118,169.056,0.002584500703960657
9.032562358276644,167.40096,0.0024431205820292234
9.05578231292517,167.33221,0.0023834267631173134
9.079002267573696,167.4097,0.002240912988781929
9.102222222222222,167.0354,0.0023452499881386757
9.125442176870749,166.76436,0.0018802923150360584
9.148662131519275,165.4016,0.0018629349069669843
9.1718820861678,165.3886,0.0018599506001919508
9.195102040816327,124.82504,0.001826299587264657
9.218321995464853,163.41077,0.0015953078400343657
9.24154195011338,160.17131,0.0017306192312389612
9.264761904761905,159.54701,0.002257782965898514
9.287981859410431,162.89284,0.0024962928146123886
9.311201814058958,164.29776,0.002718172734603286
9.334421768707482,165.82986,0.002454314148053527
9.357641723356009,167.37598,0.0023140888661146164
9.380861678004536,166.78336,0.001888530794531107
9.404081632653062,165.35437,0.00228592986240983
9.427301587301587,163.6832,0.001759234583005309
9.450521541950113,160.32016,0.0012815108057111502
9.47374149659864,155.82483,0.0014194280374795198
9.496961451247167,152.83006,0.0009171663550660014
9.520181405895691,450.7149,0.0009311135509051383
9.543401360544218,446.7314,0.0010270467028021812
9.566621315192744,440.55783,0.00121469481382519
9.58984126984127,434.49344,0.001031970838084817
9.613061224489796,429.9536,0.0007451134151779115
9.636281179138322,142.77765,0.0010905943345278502
9.659501133786849,144.34317,0.0009238987695425749
9.682721088435374,438.65198,0.0009130121907219291
9.7059410430839,145.9779,0.0009302484104409814
9.729160997732427,144.85262,0.0008666826179251075
9.752380952380953,144.51913,0.001048192847520113
9.775600907029478,144.44897,0.0011388789862394333
9.798820861678005,144.16362,0.0011127401376143098
9.822040816326531,144.4121,0.0011219666339457035
9.845260770975058,145.29266,0.0010047093965113163
9.868480725623582,144.83041,0.0009646965190768242
9.891700680272109,142.92287,0.0009900594595819712
9.914920634920636,140.99837,0.0008884121780283749
9.93814058956916,141.37187,0.0007965332479216158
9.961360544217687,141.64572,0.0009156613377854228
9.984580498866213,142.38918,0.0008511022897437215
10.00780045351474,142.4923,0.0007073223823681474
10.031020408163265,139.62573,0.00048396651982329786
10.054240362811791,135.55835,0.0004889873671345413
10.077460317460318,535.86804,0.0004385602369438857
10.100680272108844,132.66922,0.0003901397867593914
10.12390022675737,131.67117,0.00036653768620453775
10.147120181405896,131.2874,0.00034428422804921865
10.170340136054422,131.14247,0.0003802261780947447
10.193560090702949,130.2269,0.00039515848038718104
10.216780045351474,130.1914,0.000368662120308727
10.24,130.56313,0.0003741417021956295
10.263219954648527,130.14885,0.000344816071446985
10.286439909297052,898.4,0.00029529992025345564
10.309659863945578,895.11365,0.0003443530877120793
10.332879818594105,901.2067,0.000367351109161973
10.356099773242631,898.0721,0.00036765349796041846
10.379319727891156,900.3794,0.00033712509321048856
10.402539682539683,130.33096,0.000409791391575709
10.425759637188209,131.40717,0.000477365218102932
10.448979591836736,130.92267,0.0004400269244797528
10.47219954648526,128.83418,0.00040546825039200485
10.495419501133787,887.7231,0.0004467583494260907
10.518639455782314,500.47134,0.0004043102671857923
10.54185941043084,882.2191,0.00038706877967342734
10.565079365079365,391.32922,0.00038221845170482993
10.588299319727891,405.7986,0.00035286444472149014
10.611519274376418,409.7978,0.00033964947215281427
10.634739229024943,135.59477,0.00031597804627381265
10.65795918367347,399.48077,0.00028985500102862716
10.681179138321996,127.811226,0.00026078539667651057
10.704399092970522,494.42084,0.0003096904547419399
10.727619047619047,489.0835,0.0003017687704414129
10.750839002267574,123.605774,0.00025479888427071273
10.7740589569161,394.4465,0.0002760969800874591
10.797278911564627,418.1388,0.0003153764409944415
10.820498866213152,423.39993,0.00021866447059437633
10.843718820861678,412.5312,9.196324390359223e-05
10.866938775510205,124.90211,5.7966979511547834e-05
10.890158730158731,122.16523,2.119986675097607e-05
10.913378684807256,117.1764,1.4847275451757014e-05
10.936598639455783,117.47998,2.9655884645762853e-05
10.95981859410431,128.53499,3.2572101190453395e-05
10.983038548752834,142.4133,1.0083730558108073e-05
11.00625850340136,0.0,1.7479233065387234e-06
11.029478458049887,0.0,4.814328349311836e-07
11.052698412698414,0.0,2.5962526706280187e-07
11.075918367346938,0.0,1.8345326679991558e-07
11.099138321995465,0.0,5.4986230679787695e-08
11.122358276643991,0.0,3.627528712968342e-07
11.145578231292518,0.0,2.555461833253503e-07
11.168798185941043,0.0,1.9950039131799713e-07
11.19201814058957,0.0,3.359309630468488e-07
11.215238095238096,0.0,2.387378117418848e-07
11.23845804988662,0.0,2.923670763266273e-07
11.261678004535147,0.0,3.327122612972744e-07
11.284897959183674,0.0,1.2582768249558285e-07
11.3081179138322,0.0,1.3087355910101905e-07
11.331337868480725,0.0,3.3057312975870445e-07
11.354557823129252,0.0,4.942703526467085e-07
11.377777777777778,0.0,2.6171255740337074e-07
11.400997732426305,0.0,2.658362063812092e-08
