0.0,0.0,1.1880729289259762e-08
0.023219954648526078,0.0,2.4863766157068312e-08
0.046439909297052155,0.0,4.5367414713837206e-08
0.06965986394557823,0.0,3.7126483221072704e-08
0.09287981859410431,0.0,3.4107870305888355e-08
0.11609977324263039,0.0,4.084085958311334e-08
0.13931972789115646,0.0,4.408502718433738e-08
0.16253968253968254,0.0,4.2295141611248255e-08
0.18575963718820862,0.0,3.936202119803056e-08
0.2089795918367347,0.0,1.586522557772696e-08
0.23219954648526078,0.0,3.1296622182708234e-08
0.25541950113378686,0.0,4.899538907920942e-08
0.2786394557823129,0.0,1.0486473911441863e-07
0.301859410430839,0.0,6.764184945495799e-08
0.3250793650793651,0.0,8.95797711564228e-08
0.3482993197278912,0.0,7.294238457689062e-08
0.37151927437641724,0.0,3.622153599280864e-08
0.3947392290249433,0.0,4.939465725328773e-08
0.4179591836734694,0.0,5.984657036606222e-08
0.44117913832199546,0.0,4.709509084932506e-07
0.46439909297052157,0.0,6.263284376473166e-06
0.4876190476190476,353.16306,1.2332597179920413e-05
0.5108390022675737,174.25478,2.2716663806932047e-05
0.5340589569160998,172.41537,4.335869016358629e-05
0.5572789115646258,171.07979,5.1110939239151776e-05
0.5804988662131519,167.64032,3.251084854127839e-05
0.603718820861678,164.97765,3.7701931432820857e-05
0.626938775510204,165.72198,7.452388672390953e-05
0.6501587301587302,167.46068,0.00014116914826445282
0.6733786848072563,169.98932,0.0002818773209583014
0.6965986394557824,172.42143,0.0003165836969856173
0.7198185941043084,172.39136,0.0002916970697697252
0.7430385487528345,168.95325,0.00017287973605562001
0.7662585034013606,164.54906,0.00010274932719767094
0.7894784580498866,322.96768,0.00014593044761568308
0.8126984126984127,166.446,0.0002297360624652356
0.8359183673469388,171.44595,0.0002934932126663625
0.8591383219954649,359.31308,0.0002591990341898054
0.8823582766439909,367.26147,0.0003952467814087868
0.905578231292517,361.28754,0.00020433701865840703
0.9287981859410431,172.43811,0.00023338687606155872
0.9520181405895691,168.62376,0.00018230496789328754
0.9752380952380952,166.76509,0.00014372970326803625
0.9984580498866213,169.06245,0.00027949275681748986
1.0216780045351475,173.94926,0.00022896744485478848
1.0448979591836736,182.88135,0.00034659082302823663
1.0681179138321997,368.9884,0.0003415693936403841
1.0913378684807256,367.98773,0.00041961477836593986
1.1145578231292517,361.8929,0.0002406799467280507
1.1377777777777778,173.12436,0.00026503816479817033
1.1609977324263039,169.48961,0.0002493340871296823
1.18421768707483,167.70471,0.00023452610184904188
1.207437641723356,170.45644,0.00036034308141097426
1.2306575963718822,356.38022,0.00029288389487192035
1.253877551020408,379.48718,0.00025670218747109175
1.2770975056689342,199.34097,0.0003647193079814315
1.3003174603174603,396.88736,0.0003021035226993263
1.3235374149659864,188.42851,0.0002609723014757037
1.3467573696145125,366.9156,0.00037251331377774477
1.3699773242630386,181.9738,0.00041265180334448814
1.3931972789115648,368.17227,0.00038164539728313684
1.4164172335600906,379.53088,0.00028055248549208045
1.4396371882086167,200.87363,0.0003855217364616692
1.4628571428571429,406.59546,0.0003806823515333235
1.486077097505669,403.37878,0.00039551116060465574
1.509297052154195,388.71164,0.00028947851387783885
1.5325170068027212,369.8462,0.00037524625076912344
1.5557369614512473,181.97368,0.00043349017505533993
1.5789569160997732,369.02698,0.00035182019928470254
1.6021768707482993,384.31424,0.00030062661971896887
1.6253968253968254,406.53018,0.00023747762315906584
1.6486167800453515,209.46133,0.0002448462473694235
1.6718367346938776,411.68567,0.0003213797172065824
1.6950566893424037,395.20547,0.00031719691469334066
1.7182766439909298,378.24265,0.0002810169826261699
1.7414965986394557,187.8858,0.00026268610963597894
1.7647165532879818,381.3437,0.00024418876273557544
1.787936507936508,397.02176,0.000312721764203161
1.811156462585034,417.14154,0.00024788075825199485
1.8343764172335602,213.32303,0.0003406503819860518
1.8575963718820863,210.89758,0.0003943814372178167
1.8808163265306124,413.33524,0.00038049696013331413
1.9040362811791383,199.85957,0.00047410978004336357
1.9272562358276644,201.5584,0.0003243143146391958
1.9504761904761905,411.64233,0.0002197223948314786
1.9736961451247166,215.55301,0.0002612951211631298
1.9969160997732427,222.53908,0.00021833251230418682
2.020136054421769,221.75497,0.00036102745798416436
2.043356009070295,433.82617,0.0004591440374497324
2.066575963718821,421.68283,0.0004133633628953248
2.089795918367347,206.69989,0.00035391084384173155
2.1130158730158732,210.55186,0.00032415433088317513
2.1362358276643993,428.66595,0.00033858336973935366
2.159455782312925,445.75565,0.00020404739188961685
2.182675736961451,229.29912,0.00022954052838031203
2.2058956916099772,226.32993,0.0003440704895183444
2.2291156462585033,219.18752,0.0005880757234990597
2.2523356009070294,423.45444,0.00056128716096282
2.2755555555555556,205.50424,0.0004636663943529129
2.2987755102040817,414.67355,0.0004415813600644469
2.3219954648526078,428.4506,0.00046095706056803465
2.345215419501134,445.88925,0.00024429141194559634
2.36843537414966,230.74435,0.0002836646744981408
2.391655328798186,231.22456,0.00033062027068808675
2.414875283446712,220.67708,0.0006728453445248306
2.4380952380952383,429.2133,0.0007363553741015494
2.4613151927437644,209.10513,0.0006514023989439011
2.48453514739229,211.7777,0.0006849992787465453
2.507755102040816,434.81506,0.00037776411045342684
2.5309750566893423,231.44382,0.0004593836492858827
2.5541950113378684,237.34947,0.0005416508647613227
2.5774149659863945,239.94122,0.0006012403755448759
2.6006349206349206,237.2774,0.0004539783694781363
2.6238548752834467,225.50885,0.0006515363929793239
2.647074829931973,216.44919,0.0008838523644953966
2.670294784580499,216.17055,0.0007941604708321393
2.693514739229025,438.74728,0.0004277575353626162
2.716734693877551,228.49232,0.00043844201718457043
2.7399546485260773,236.0027,0.0006263244431465864
2.7631746031746034,238.90533,0.0006742653786204755
2.7863945578231295,237.16466,0.0005707916570827365
2.809614512471655,228.65535,0.0005038308445364237
2.8328344671201813,441.51678,0.0007632016204297543
2.8560544217687074,220.15067,0.0005990165518596768
2.8792743764172335,224.12349,0.00041465944377705455
2.9024943310657596,231.3908,0.0005307819228619337
2.9257142857142857,236.9151,0.0006033710087649524
2.948934240362812,239.913,0.0006185055244714022
2.972154195011338,238.69531,0.0006147224921733141
2.995374149659864,231.38457,0.00047895440366119146
3.01859410430839,443.79645,0.0007414545398205519
3.0418140589569163,220.49817,0.000681602512486279
3.0650340136054424,221.02637,0.00047243968583643436
3.0882539682539685,231.84792,0.0005689177196472883
3.1114739229024946,238.25197,0.0006355703226290643
3.1346938775510207,240.81757,0.0006512346444651484
3.1579138321995464,239.3895,0.0008364419918507338
3.1811337868480725,234.02841,0.0007103363168425858
3.2043537414965986,228.07281,0.000578820239752531
3.2275736961451247,225.65282,0.0006191486027091742
3.250793650793651,230.36604,0.0006349923787638545
3.274013605442177,237.76385,0.0005448434967547655
3.297233560090703,248.28545,0.000367831060430035
3.320453514739229,258.63904,0.0005132959340699017
3.3436734693877552,263.1946,0.0005267510423436761
3.3668934240362813,258.83414,0.0004840976616833359
3.3901133786848074,249.972,0.0010231812484562397
3.4133333333333336,242.56895,0.000943895778618753
3.4365532879818597,245.02147,0.0005994614912196994
3.4597732426303858,250.53584,0.0004132769536226988
3.4829931972789114,263.95853,0.0006800236878916621
3.5062131519274375,269.3643,0.0005706909578293562
3.5294331065759637,269.89688,0.0005921549745835364
3.5526530612244898,263.5709,0.0006071262760087848
3.575873015873016,502.1682,0.0010232701897621155
3.599092970521542,244.70071,0.0012282305397093296
3.622312925170068,247.03743,0.0007656612433493137
3.645532879818594,251.03358,0.0004462286306079477
3.6687528344671203,262.7638,0.0006916045676916838
3.6919727891156464,807.6545,0.0006867966149002314
3.7151927437641725,268.59247,0.0006564414361491799
3.7384126984126986,263.81516,0.0006350195617415011
3.7616326530612247,508.3231,0.000582550885155797
3.784852607709751,251.24689,0.000689211767166853
3.8080725623582765,248.40509,0.0005030048778280616
3.8312925170068026,255.62497,0.00041855379822663963
3.8545124716553287,261.45712,0.0007770956726744771
3.877732426303855,267.19733,0.0006933162803761661
3.900952380952381,271.48972,0.0006403553998097777
3.924172335600907,272.1247,0.000751521612983197
3.947392290249433,268.84323,0.0008915947400964797
3.9706122448979593,265.13727,0.0009689396247267723
3.9938321995464854,263.86847,0.0008564862655475736
4.017052154195011,266.88898,0.0005233658594079316
4.040272108843538,848.07324,0.0006648171111010015
4.063492063492063,295.5116,0.0006130421534180641
4.08671201814059,299.6201,0.000742165429983288
4.1099319727891155,296.08646,0.0010790836531668901
4.133151927437642,290.1904,0.0008735205046832561
4.156371882086168,281.5731,0.0005385153344832361
4.179591836734694,275.95554,0.0005306159146130085
4.20281179138322,279.40683,0.001087887561880052
4.2260317460317465,290.03992,0.0007280211430042982
4.249251700680272,303.9374,0.0006916625425219536
4.272471655328799,314.95935,0.000620733480900526
4.295691609977324,311.64395,0.0007021097117103636
4.31891156462585,301.10672,0.0013540962245315313
4.342131519274377,291.1693,0.0013299642596393824
4.365351473922902,283.6519,0.0008730344707146287
4.388571428571429,281.24182,0.0013261506101116538
4.4117913832199545,288.94022,0.0011053436901420355
4.435011337868481,299.6981,0.0007429732941091061
4.458231292517007,313.07178,0.0006751175387762487
4.481451247165533,312.7013,0.0007224160945042968
4.504671201814059,303.70236,0.001039600814692676
4.527891156462585,297.297,0.001751433010213077
4.551111111111111,292.68793,0.0014957471285015345
4.574331065759638,290.9658,0.0013138428330421448
4.597551020408163,293.24164,0.0013539651408791542
4.62077097505669,300.27386,0.0007728323107585311
4.6439909297052155,311.795,0.0007459576008841395
4.667210884353741,317.70654,0.000814925879240036
4.690430839002268,312.8381,0.0008751717396080494
4.713650793650793,306.37302,0.0010052273282781243
4.73687074829932,302.2477,0.001327896723523736
4.760090702947846,302.05084,0.0009125634096562862
4.783310657596372,307.86395,0.0006271525053307414
4.806530612244898,318.38776,0.0007979587535373867
4.829750566893424,327.6957,0.0011736296582967043
4.85297052154195,329.19122,0.0010633936617523432
4.876190476190477,323.875,0.0007354309782385826
4.899410430839002,319.45013,0.0007924308301880956
4.922630385487529,310.26376,0.0011548243928700686
4.9458503401360545,306.8247,0.0009300237288698554
4.96907029478458,311.97012,0.0007008067332208157
4.992290249433107,323.53946,0.001203328836709261
5.015510204081632,336.7728,0.001405311282724142
5.038730158730159,340.9671,0.0014552773209288716
5.061950113378685,335.9042,0.0011809124844148755
5.085170068027211,325.0734,0.0006941093015484512
5.108390022675737,317.25238,0.000785165699198842
5.131609977324263,312.27228,0.0008161529549397528
5.154829931972789,314.4317,0.0007150957244448364
5.178049886621316,324.44656,0.0013062641955912113
5.201269841269841,335.44077,0.0015661679208278656
5.224489795918368,340.20776,0.0015315278433263302
5.2477097505668935,338.40665,0.0014643430477008224
5.27092970521542,330.58325,0.0010609631426632404
5.294149659863946,321.63596,0.0008254885906353593
5.317369614512471,323.94122,0.0008743157959543169
5.340589569160998,325.93286,0.0012133533600717783
5.363809523809524,334.549,0.0016004254575818777
5.38702947845805,350.27798,0.0016117943450808525
5.410249433106576,362.31805,0.00204535573720932
5.433469387755102,361.97006,0.001833183690905571
5.456689342403628,348.54178,0.0015013932716101408
5.479909297052155,338.86734,0.0012647237163037062
5.50312925170068,333.4641,0.000930500915274024
5.526349206349207,326.69644,0.001005488564260304
5.5495691609977325,332.94617,0.001414602855220437
5.572789115646259,343.67352,0.0015997912269085646
5.596009070294785,348.6915,0.0016612192848697305
5.61922902494331,350.83963,0.0016220558900386095
5.642448979591837,348.71744,0.0014923450071364641
5.6656689342403626,343.4869,0.0011926392326131463
5.688888888888889,339.4527,0.001006168546155095
5.712108843537415,334.27225,0.0009967925725504756
5.735328798185941,333.3562,0.001284999307245016
5.758548752834467,342.73917,0.0015533084515482187
5.7817687074829935,353.05734,0.0014183912426233292
5.804988662131519,358.41364,0.0014765302184969187
5.828208616780046,352.71924,0.0014771755086258054
5.851428571428571,344.58768,0.001391478581354022
5.874648526077098,340.95114,0.001285058562643826
5.897868480725624,339.30246,0.0013483976945281029
5.92108843537415,339.89584,0.0015420244308188558
5.944308390022676,345.25784,0.0016566470731049776
5.9675283446712015,355.0071,0.0015325157437473536
5.990748299319728,360.70673,0.0018693803576752543
6.013968253968254,357.87964,0.0019012547563761473
6.03718820861678,355.28546,0.0015471812803298235
6.060408163265306,351.1841,0.0015129696112126112
6.0836281179138325,351.6262,0.001369752106256783
6.106848072562358,356.29807,0.0011700158938765526
6.130068027210885,360.24115,0.0011059462558478117
6.15328798185941,367.68976,0.0007583474507555366
6.176507936507937,385.9211,0.001028345781378448
6.199727891156463,399.0735,0.0013649056199938059
6.222947845804989,402.36502,0.0014648952055722475
6.246167800453515,401.62607,0.0013555854093283415
6.269387755102041,392.77634,0.0008682772750034928
6.292607709750567,379.784,0.0010848160600289702
6.315827664399093,373.68372,0.0011384545359760523
6.339047619047619,375.23154,0.0008027996518649161
6.362267573696145,385.6287,0.001148076495155692
6.3854875283446715,392.56097,0.0016016110312193632
6.408707482993197,396.27832,0.0017776057356968522
6.431927437641724,394.71094,0.0013167475117370486
6.455147392290249,386.2827,0.001052401727065444
6.478367346938776,378.01517,0.001283561927266419
6.501587301587302,373.7582,0.0013696749228984118
6.524807256235828,375.24915,0.0009137036977335811
6.548027210884354,384.0724,0.0013168839504942298
6.57124716553288,393.58026,0.0020052941981703043
6.594467120181406,399.55157,0.0022257775999605656
6.617687074829932,399.2873,0.0017404778627678752
6.640907029478458,391.0617,0.0011226619826629758
6.664126984126984,1128.5237,0.0016078485641628504
6.6873469387755105,370.31644,0.0015148537931963801
6.710566893424036,370.94263,0.0011968949111178517
6.733786848072563,378.54495,0.000992684392258525
6.757006802721088,388.6589,0.001993591198697686
6.780226757369615,395.2524,0.0022532895673066378
6.8034467120181406,394.58804,0.0016387959476560354
6.826666666666667,388.06317,0.0011603315360844135
6.849886621315193,374.55103,0.001636110246181488
6.873106575963719,358.2747,0.0012391137424856424
6.896326530612245,344.18472,0.001038825255818665
6.9195464852607715,341.61804,0.0010873344726860523
6.942766439909297,343.92584,0.0010848174570128322
6.965986394557823,346.05927,0.0010485420934855938
6.989206349206349,346.9945,0.0011316495947539806
7.012426303854875,347.2433,0.0011840933002531528
7.035646258503402,343.82394,0.0011032626498490572
7.058866213151927,339.8639,0.0008869663579389453
7.082086167800454,334.58865,0.000632559705991298
7.1053061224489795,329.619,0.0006305447313934565
7.128526077097506,331.9969,0.0008679445600137115
7.151746031746032,341.09225,0.0011268192902207375
7.174965986394558,346.52164,0.0012552153784781694
7.198185941043084,349.03748,0.0012504702899605036
7.2214058956916105,349.5238,0.0013159567024558783
7.244625850340136,345.05594,0.001203869003802538
7.267845804988662,340.96234,0.000970476889051497
7.291065759637188,337.2702,0.0006370469345711172
7.314285714285714,332.08786,0.0005946782184764743
7.337505668934241,331.555,0.0008783040102571249
7.360725623582766,340.7762,0.0011639795266091824
7.383945578231293,347.6102,0.0012320654932409525
7.4071655328798185,351.54254,0.0011811925796791911
7.430385487528345,353.1315,0.0012843620497733355
7.453605442176871,347.13345,0.0012035605031996965
7.476825396825397,342.21204,0.0010842224583029747
7.500045351473923,338.7742,0.0008333633886650205
7.5232653061224495,335.10995,0.0008536993991583586
7.546485260770975,334.76257,0.0010424228385090828
7.569705215419502,341.12524,0.0012303761905059218
7.592925170068027,346.1288,0.0013691367348656058
7.616145124716553,347.95447,0.0012305653654038906
7.63936507936508,344.81973,0.001001993427053094
7.662585034013605,338.93463,0.0007964023388922215
7.685804988662132,970.5709,0.0013888530666008592
7.7090249433106575,320.61295,0.0008497417438775301
7.732244897959184,324.3439,0.0005693444982171059
7.75546485260771,326.62766,0.000636887620203197
7.778684807256236,330.12982,0.0006707778666168451
7.801904761904762,331.3827,0.0007060060743242502
7.8251247165532885,328.66196,0.0009127742960117757
7.848344671201814,324.05234,0.0015267081325873733
7.871564625850341,319.26013,0.0017802432412281632
7.894784580498866,315.5941,0.0013676967937499285
7.918004535147393,320.2214,0.000593368080444634
7.9412244897959186,327.34085,0.0007856067386455834
7.964444444444444,333.84222,0.000929233618080616
7.987664399092971,335.9018,0.000876718491781503
8.010884353741497,333.85822,0.0007556695491075516
8.034104308390022,327.46887,0.0010696074459701777
8.057324263038549,320.9732,0.001577430753968656
8.080544217687075,315.86243,0.0019228006713092327
8.103764172335602,314.74136,0.001197999226860702
8.126984126984127,321.86667,0.0006071701645851135
8.150204081632653,329.2827,0.0009085506317205727
8.17342403628118,335.17303,0.0010578441433608532
8.196643990929706,337.11743,0.0010728901252150536
8.219863945578231,335.10638,0.0008326846873387694
8.243083900226758,328.88956,0.0007915174355730414
8.266303854875284,323.691,0.0008125730673782527
8.289523809523809,320.6221,0.0006916724960319698
8.312743764172335,319.04214,0.00048363939276896417
8.335963718820862,323.72278,0.0007045339443720877
8.359183673469389,329.2068,0.0010062591172754765
8.382403628117913,334.11456,0.0008368749404326081
8.40562358276644,332.60345,0.0005557817639783025
8.428843537414966,325.7917,0.00043609319254755974
8.452063492063493,931.2546,0.0014509165193885565
8.475283446712018,907.00397,0.0023256507702171803
8.498503401360544,294.2832,0.0009875140385702252
8.52172335600907,293.0666,0.0011005853302776814
8.544943310657597,293.87753,0.001585519639775157
8.568163265306122,294.091,0.00137732841540128
8.591383219954649,291.97736,0.0007297672564163804
8.614603174603175,289.086,0.0005323435179889202
8.6378231292517,286.3877,0.0004105414845980704
8.661043083900227,283.93747,0.00039017508970573545
8.684263038548753,284.48886,0.0007044697413221002
8.70748299319728,288.9674,0.00158436200581491
8.730702947845804,294.78427,0.0028721848502755165
8.753922902494331,298.716,0.0031327158212661743
8.777142857142858,297.8899,0.0027342962566763163
8.800362811791384,291.06235,0.000563343521207571
8.823582766439909,283.7795,0.0002794899046421051
8.846802721088435,278.03598,0.0002459523966535926
8.870022675736962,278.87872,0.0003816697862930596
8.893242630385489,285.02573,0.0011978468392044306
8.916462585034013,294.03043,0.0021781576797366142
8.93968253968254,300.75436,0.0012617441825568676
8.962902494331066,301.90826,0.001946340431459248
8.986122448979591,297.36545,0.002085161628201604
9.009342403628118,288.73178,0.0004980318481102586
9.032562358276644,281.70682,0.0003232352901250124
9.05578231292517,279.95117,0.00043618245399557054
9.079002267573696,284.4832,0.0011998667614534497
9.102222222222222,292.95663,0.002075308933854103
9.125442176870749,300.38126,0.0011822950327768922
9.148662131519275,301.08762,0.0020596703980118036
9.1718820861678,295.85556,0.0016501510981470346
9.195102040816327,868.0456,0.00032275135163217783
9.218321995464853,272.71567,0.00035777114680968225
9.24154195011338,263.1358,0.00029897416243329644
9.264761904761905,257.36423,0.0002443324774503708
9.287981859410431,256.51105,0.00024901615688577294
9.311201814058958,257.9669,0.00029142136918380857
9.334421768707482,258.99863,0.0003012626548297703
9.357641723356009,258.84485,0.0002946941240224987
9.380861678004536,257.88394,0.0002666325308382511
9.404081632653062,255.58932,0.00023443708778358996
9.427301587301587,252.74057,0.00022149919823277742
9.450521541950113,253.62874,0.00021173045388422906
9.47374149659864,257.0048,0.00023905246052891016
9.496961451247167,260.58008,0.00032091597677208483
9.520181405895691,262.2332,0.0003765793808270246
9.543401360544218,261.45734,0.0003762348787859082
9.566621315192744,258.05862,0.00030968658393248916
9.58984126984127,251.30388,0.00030120013980194926
9.613061224489796,247.54417,0.000297200633212924
9.636281179138322,252.01906,0.00026957227964885533
9.659501133786849,256.80603,0.0003054201079066843
9.682721088435374,263.565,0.00042425369611009955
9.7059410430839,265.6929,0.00042767461854964495
9.729160997732427,267.37473,0.00046200797078199685
9.752380952380953,265.08173,0.00048164918553084135
9.775600907029478,260.68698,0.00034849977237172425
9.798820861678005,252.21297,0.0003154245496261865
9.822040816326531,247.87457,0.0002824462135322392
9.845260770975058,253.13704,0.0002792240120470524
9.868480725623582,257.51105,0.0003456332487985492
9.891700680272109,261.97153,0.0004778337897732854
9.914920634920636,262.23776,0.00045355060137808323
9.93814058956916,259.78674,0.00032577052479609847
9.961360544217687,493.85046,0.0005416851490736008
9.984580498866213,461.98077,0.0006938659935258329
10.00780045351474,224.69223,0.0007110110600478947
10.031020408163265,224.15453,0.0004927733680233359
10.054240362811791,228.16055,0.000373711867723614
10.077460317460318,228.36166,0.0003706582065206021
10.100680272108844,229.16289,0.0004457992035895586
10.12390022675737,228.22372,0.0005849298322573304
10.147120181405896,224.87596,0.0008140249410644174
10.170340136054422,220.12746,0.00102713773958385
10.193560090702949,215.49236,0.0009497915161773562
10.216780045351474,216.76329,0.0007853469578549266
10.24,222.80933,0.0005803349195048213
10.263219954648527,229.14151,0.0004718273994512856
10.286439909297052,233.84406,0.0005512299248948693
10.309659863945578,235.37483,0.0006441096775233746
10.332879818594105,233.08554,0.0006138995522633195
10.356099773242631,227.7243,0.0006827613105997443
10.379319727891156,222.915,0.0008626555791124701
10.402539682539683,222.29785,0.0006394116790033877
10.425759637188209,225.99525,0.00042534276144579053
10.448979591836736,231.64124,0.00046243061660788953
10.47219954648526,236.36667,0.0005997928674332798
10.495419501133787,236.82336,0.0006992769776843488
10.518639455782314,233.3917,0.0006744515849277377
10.54185941043084,225.7253,0.0008444853010587394
10.565079365079365,222.39204,0.0008310125558637083
10.588299319727891,222.11139,0.0006473822286352515
10.611519274376418,224.72823,0.0004133194452151656
10.634739229024943,230.71794,0.0004743860918097198
10.65795918367347,236.24179,0.0005362197407521307
10.681179138321996,238.38884,0.0006592320278286934
10.704399092970522,236.08955,0.0006041252054274082
10.727619047619047,225.5077,0.0008766732644289732
10.750839002267574,211.83907,0.0010942487278953195
10.7740589569161,205.87982,0.0009111774852499366
10.797278911564627,208.40132,0.0006773986387997866
10.820498866213152,213.53516,0.0007283145096153021
10.843718820861678,218.63538,0.0005951202474534512
10.866938775510205,221.56439,0.0005734257865697145
10.890158730158731,220.61938,0.0007302490994334221
10.913378684807256,218.61298,0.0008734847651794553
10.936598639455783,215.8049,0.001020258292555809
10.95981859410431,211.76308,0.0009658634662628174
10.983038548752834,208.21104,0.0008030428434722126
11.00625850340136,421.2973,0.0006540027097798884
11.029478458049887,436.19727,0.0003415777755435556
11.052698412698414,227.55917,0.0003223383682779968
11.075918367346938,229.10606,0.00037406134651973844
11.099138321995465,225.22832,0.000555529841221869
11.122358276643991,218.05936,0.0009373803623020649
11.145578231292518,426.73123,0.0010128295980393887
11.168798185941043,208.12012,0.0008149573695845902
11.19201814058957,420.40863,0.0007565062260255218
11.215238095238096,435.57364,0.000398843374568969
11.23845804988662,229.0986,0.0003737431834451854
11.261678004535147,232.85152,0.0005146058974787593
11.284897959183674,233.78123,0.0004887377144768834
11.3081179138322,230.88846,0.00041047128615900874
11.331337868480725,221.35297,0.000720949552487582
11.354557823129252,215.77002,0.000853167031891644
11.377777777777778,216.17822,0.0006978714372962713
11.400997732426305,438.83356,0.00036765329423360527
11.42421768707483,227.87222,0.000335198943503201
11.447437641723356,232.04305,0.00043161946814507246
11.470657596371883,233.52126,0.00036735981120727956
11.49387755102041,227.36621,0.0004137209616601467
11.517097505668934,425.8761,0.0007030011038295925
11.54031746031746,398.51642,0.0006136853480711579
11.563537414965987,387.2927,0.0004071210860274732
11.586757369614512,193.04692,0.0004889041883870959
11.609977324263038,196.03735,0.0006323624984361231
11.633197278911565,198.62343,0.0006837572436779737
11.656417233560092,197.86832,0.000664879335090518
11.679637188208616,392.25732,0.0005716508021578193
11.702857142857143,191.2897,0.0003883045574184507
11.72607709750567,189.29404,0.0003580329939723015
11.749297052154196,190.02876,0.0003718598745763302
11.77251700680272,192.99701,0.0005061973351985216
11.795736961451247,198.13268,0.0006297220243141055
11.818956916099774,402.48346,0.0005563702434301376
11.8421768707483,405.00916,0.0007018421310931444
11.865396825396825,398.5814,0.00065143674146384
11.888616780045352,387.74252,0.0004045187961310148
11.911836734693878,188.70056,0.00039681600173935294
11.935056689342403,189.7335,0.0003753856581170112
11.95827664399093,192.18347,0.0004493549349717796
11.981496598639456,195.99156,0.0005766841350123286
12.004716553287983,400.4216,0.0005130047793500125
12.027936507936507,407.16193,0.0005532008362933993
12.051156462585034,402.83368,0.0006910039810463786
12.07437641723356,393.7756,0.000546867900993675
12.097596371882087,190.87006,0.0003997950116172433
12.120816326530612,190.2116,0.00036141666350886226
12.144036281179138,191.35295,0.00039638596354052424
12.167256235827665,194.7743,0.0005376529879868031
12.190476190476192,397.0791,0.00048336293548345566
12.213696145124716,204.89961,0.0004075991455465555
12.236916099773243,405.6902,0.0005253291456028819
12.26013605442177,394.56702,0.00038875380414538085
12.283356009070294,374.9577,0.00027508492348715663
12.30657596371882,179.01207,0.00015519294538535178
12.329795918367347,175.51144,0.00011962804273935035
12.353015873015874,175.92741,0.00011849805014207959
12.376235827664399,177.15396,0.00011662321048788726
12.399455782312925,177.37813,0.00011199530126759782
12.422675736961452,176.02388,0.00011208959767827764
12.445895691609978,173.76906,0.00016094085003715008
12.469115646258503,171.86508,0.00022533621813636273
12.49233560090703,171.43767,0.0002681508776731789
12.515555555555556,173.56761,0.00019509188132360578
12.538775510204083,177.68922,0.00011896104115294293
12.561995464852608,180.44487,0.00016219669487327337
12.585215419501134,176.69489,0.00011759071639971808
12.60843537414966,172.89738,0.00018673084559850395
12.631655328798185,169.3388,0.00017816325998865068
12.654875283446712,167.21378,0.00011150137288495898
12.678095238095239,168.31874,0.0001609363971510902
12.701315192743765,171.5456,0.0002465038560330868
12.72453514739229,175.27164,0.00012667820556089282
12.747755102040816,178.7669,0.00011645611084531993
12.770975056689343,177.44193,0.00011862443352583796
12.79419501133787,174.09148,0.00017147682956419885
12.817414965986394,170.18454,0.00021729859872721136
12.84063492063492,166.58499,9.391509229317307e-05
12.863854875283447,326.8346,0.00012350834731478244
12.887074829931972,167.11827,0.0001631012128200382
12.910294784580499,344.94482,0.00024738782667554915
12.933514739229025,173.16673,0.0002164659381378442
12.956734693877552,174.01288,0.0001754162658471614
12.979954648526077,173.28514,0.00023018378124106675
13.003174603174603,170.17413,0.0002469921892043203
13.02639455782313,166.78326,0.00011726917000487447
13.049614512471656,323.9889,0.0001555727212689817
13.072834467120181,165.27054,0.00016782377497293055
13.096054421768708,168.27977,0.0001896080793812871
13.119274376417234,172.02014,0.0002435817732475698
13.14249433106576,175.92537,0.00012764250277541578
13.165714285714285,180.12456,0.0001961541420314461
13.188934240362812,178.71974,0.00013832074182573706
13.212154195011339,174.16638,0.00015939166769385338
13.235374149659863,169.92717,0.00020773452706634998
13.25859410430839,166.49142,0.00011245362838963047
13.281814058956916,165.72568,0.0001253727386938408
13.305034013605443,168.00587,0.00016108719864860177
13.328253968253968,171.31241,0.0002622352330945432
13.351473922902494,174.83185,0.00015498606080655009
13.374693877551021,177.98479,0.000107141378975939
13.397913832199547,176.34674,0.00011970832565566525
13.421133786848072,172.53801,0.00021094124531373382
13.444353741496599,168.11143,0.000150835418025963
13.467573696145125,164.23001,0.0001310745719820261
13.490793650793652,163.84613,0.0001862650824477896
13.514013605442177,166.84521,0.00018611812265589833
13.537233560090703,171.55437,0.0002367447450524196
13.56045351473923,176.23285,0.00013833412958774716
13.583673469387755,181.3918,0.00026632362278178334
13.606893424036281,179.25316,0.0001675132371019572
13.630113378684808,174.02606,0.0001485796383349225
13.653333333333334,169.48604,0.00020844186656177044
13.676553287981859,166.3866,9.934636182151735e-05
13.699773242630386,329.06183,9.671227599028498e-05
13.722993197278912,169.61275,0.00018209581321571022
13.746213151927439,173.10541,0.0001973586913663894
13.769433106575963,177.17174,0.00010732504597399384
13.79265306122449,179.89223,0.00017115019727498293
13.815873015873017,176.82864,0.00011958909453824162
13.839092970521543,171.80537,0.00021535535051953048
13.862312925170068,167.79745,0.0001498846831964329
13.885532879818594,165.42673,9.486405178904533e-05
13.908752834467121,330.0509,0.00012553772830870003
13.931972789115646,346.26926,0.0002121822180924937
13.955192743764172,356.54486,0.00013584003318101168
13.978412698412699,182.25795,0.00023579690605401993
14.001632653061225,178.73625,0.00012257754860911518
14.02485260770975,173.12952,0.00015519715088885278
14.048072562358277,168.37065,0.00015474692918360233
14.071292517006803,163.9822,0.00012121027248213068
14.09451247165533,162.82324,0.00016995714395307004
14.117732426303855,165.65283,0.0001603583514224738
14.140952380952381,169.68925,0.00020967255113646388
14.164172335600908,172.89685,0.000173657521372661
14.187392290249434,175.62401,6.757869414286688e-05
14.210612244897959,175.3321,9.42021724767983e-05
14.233832199546486,172.17355,0.000187197481864132
14.257052154195012,168.68713,0.0001550860470160842
14.280272108843537,166.81282,8.616127161076292e-05
14.303492063492063,167.87062,0.00010704768646974117
14.32671201814059,170.49574,0.00019161497766617686
14.349931972789117,174.25507,0.0001138537481892854
14.373151927437641,183.91518,8.017100481083617e-05
14.396371882086168,0.0,5.337125912774354e-06
14.419591836734694,0.0,9.679433787823655e-07
14.442811791383221,0.0,8.311326382681727e-08
14.466031746031746,0.0,3.30246621160768e-08
14.489251700680272,0.0,3.02898115478456e-08
14.512471655328799,0.0,2.1933374227955937e-08
14.535691609977324,0.0,2.2323547455016524e-08
14.55891156462585,0.0,2.6178895495831966e-08
14.582131519274377,0.0,3.408058546483517e-08
14.605351473922903,0.0,1.8727405404206365e-08
14.628571428571428,0.0,1.4870238373987377e-08
14.651791383219955,0.0,2.7929672796744853e-08
14.675011337868481,0.0,1.2565578799694777e-08
14.698231292517008,0.0,4.690991772804409e-08
14.721451247165533,0.0,3.926561475964263e-08
14.744671201814059,0.0,4.902176442556083e-08
14.767891156462586,0.0,2.5464942154940218e-08
14.791111111111112,0.0,2.4270775611512363e-08
