0.0,0.0,1.652979335631244e-07
0.023219954648526078,0.0,2.4267319531645626e-07
0.046439909297052155,0.0,1.4404213288798928e-07
0.06965986394557823,0.0,1.7861202650237828e-07
0.09287981859410431,0.0,3.246386768296361e-07
0.11609977324263039,0.0,2.0506377040874213e-07
0.13931972789115646,0.0,1.4446413842961192e-07
0.16253968253968254,0.0,5.698802851838991e-08
0.18575963718820862,0.0,1.6089234122773632e-07
0.2089795918367347,0.0,7.27850419934839e-08
0.23219954648526078,0.0,3.502045728964731e-07
0.25541950113378686,0.0,3.7831814552191645e-06
0.2786394557823129,146.21434,6.460230360971764e-05
0.301859410430839,156.4924,0.00026142841670662165
0.3250793650793651,663.8297,0.0005431062309071422
0.3482993197278912,516.4905,0.0007184908608905971
0.37151927437641724,530.3014,0.0007519522914662957
0.3947392290249433,537.38403,0.0007124750409275293
0.4179591836734694,180.16241,0.0006812945939600468
0.44117913832199546,180.21669,0.0007984457770362496
0.46439909297052157,180.40997,0.0009675288456492126
0.4876190476190476,180.26083,0.0012376714730635285
0.5108390022675737,180.41759,0.0015201246133074164
0.5340589569160998,180.10509,0.0018756650388240814
0.5572789115646258,180.39728,0.002096935175359249
0.5804988662131519,180.29158,0.002613762626424432
0.603718820861678,178.88002,0.003695438150316477
0.626938775510204,178.64424,0.004243071656674147
0.6501587301587302,180.0011,0.0033526208717375994
0.6733786848072563,361.53925,0.0012066492345184088
0.6965986394557824,183.97383,0.00038825912633910775
0.7198185941043084,189.9366,0.001471453346312046
0.7430385487528345,658.2956,0.0034410320222377777
0.7662585034013606,222.51247,0.0035833390429615974
0.7894784580498866,225.205,0.0026788394898176193
0.8126984126984127,226.34529,0.0024688029661774635
0.8359183673469388,228.10718,0.0035739317536354065
0.8591383219954649,230.65004,0.005755367688834667
0.8823582766439909,229.65291,0.00797425676137209
0.905578231292517,225.27054,0.010879882611334324
0.9287981859410431,222.14133,0.01254316046833992
0.9520181405895691,220.43233,0.013610822148621082
0.9752380952380952,221.19131,0.019040828570723534
0.9984580498866213,225.11122,0.021932419389486313
1.0216780045351475,228.72789,0.031335197389125824
1.0448979591836736,229.34492,0.03593507409095764
1.0681179138321997,228.70732,0.017793653532862663
1.0913378684807256,228.66534,0.004255189560353756
1.1145578231292517,234.5041,0.005283864215016365
1.1377777777777778,788.37756,0.0038048105780035257
1.1609977324263039,272.16986,0.0029927913565188646
1.18421768707483,277.4477,0.00240133423358202
1.207437641723356,272.92657,0.0022031296975910664
1.2306575963718822,267.91193,0.0020502381958067417
1.253877551020408,266.70984,0.0028597707860171795
1.2770975056689342,264.8695,0.0039296080358326435
1.3003174603174603,265.3125,0.004760339856147766
1.3235374149659864,265.96378,0.006385487504303455
1.3467573696145125,266.0431,0.007940893992781639
1.3699773242630386,266.1802,0.009325820952653885
1.3931972789115648,266.2245,0.00972018949687481
1.4164172335600906,267.35815,0.011028531938791275
1.4396371882086167,268.2257,0.013579418882727623
1.4628571428571429,268.22507,0.015223931521177292
1.486077097505669,267.66342,0.015822885558009148
1.509297052154195,268.13535,0.016326166689395905
1.5325170068027212,269.63394,0.01142902672290802
1.5557369614512473,1039.9382,0.0036775998305529356
1.5789569160997732,254.88475,0.0015096534043550491
1.6021768707482993,289.47253,0.0012033793609589338
1.6253968253968254,328.95914,0.0017253626137971878
1.6486167800453515,342.50098,0.0014904846902936697
1.6718367346938776,351.59955,0.0020088735036551952
1.6950566893424037,352.4821,0.0016374813858419657
1.7182766439909298,354.3944,0.001318142400123179
1.7414965986394557,354.756,0.0020131024066358805
1.7647165532879818,354.10797,0.0027939407154917717
1.787936507936508,354.26703,0.003596574766561389
1.811156462585034,351.9025,0.005459056235849857
1.8343764172335602,351.02768,0.00700704101473093
1.8575963718820863,352.3284,0.009036721661686897
1.8808163265306124,353.3463,0.011918526142835617
1.9040362811791383,354.1791,0.01399274356663227
1.9272562358276644,354.52933,0.016710013151168823
1.9504761904761905,356.9096,0.01982087269425392
1.9736961451247166,359.23264,0.028572218492627144
1.9969160997732427,352.17285,0.026161449030041695
2.020136054421769,652.70447,0.008949768729507923
2.043356009070295,890.4584,0.005562772508710623
2.066575963718821,273.49503,0.0045274049043655396
2.089795918367347,268.049,0.0028183830436319113
2.1130158730158732,267.69366,0.002112189307808876
2.1362358276643993,266.658,0.001817711046896875
2.159455782312925,263.47836,0.0017555397935211658
2.182675736961451,262.27478,0.0020759000908583403
2.2058956916099772,263.95895,0.0026632160879671574
2.2291156462585033,266.17838,0.0032657624687999487
2.2523356009070294,266.58664,0.004214750602841377
2.2755555555555556,266.9442,0.005553592462092638
2.2987755102040817,266.7486,0.006870676297694445
2.3219954648526078,266.33347,0.007920637726783752
2.345215419501134,266.43704,0.008985289372503757
2.36843537414966,267.14154,0.00952666811645031
2.391655328798186,268.33374,0.011020775884389877
2.414875283446712,268.7583,0.012659371830523014
2.4380952380952383,268.6989,0.012918651103973389
2.4613151927437644,263.1615,0.009503724053502083
2.48453514739229,234.71263,0.004291658289730549
2.507755102040816,654.5502,0.0024688756093382835
2.5309750566893423,216.84685,0.0022484883666038513
2.5541950113378684,218.53557,0.0018066243501380086
2.5774149659863945,219.35703,0.0014507529558613896
2.6006349206349206,218.59195,0.0016531723085790873
2.6238548752834467,218.83246,0.0021859128028154373
2.647074829931973,220.48494,0.002954430878162384
2.670294784580499,222.59901,0.003868765663355589
2.693514739229025,223.36885,0.005015451926738024
2.716734693877551,223.40462,0.005767202936112881
2.7399546485260773,222.63739,0.006706086918711662
2.7631746031746034,221.43527,0.006698944605886936
2.7863945578231295,221.52162,0.00621428620070219
2.809614512471655,222.97559,0.005899081006646156
2.8328344671201813,224.19398,0.006688984576612711
2.8560544217687074,224.25598,0.007379994727671146
2.8792743764172335,223.84431,0.008102616295218468
2.9024943310657596,222.89497,0.008480150252580643
2.9257142857142857,223.20685,0.00863597821444273
2.948934240362812,224.50258,0.00858384184539318
2.972154195011338,224.94472,0.007596155628561974
2.995374149659864,223.72615,0.005671866238117218
3.01859410430839,218.10057,0.0021306462585926056
3.0418140589569163,715.6178,0.002364872954785824
3.0650340136054424,696.0253,0.0017679000739008188
3.0882539682539685,170.5254,0.0011477521620690823
3.1114739229024946,174.37979,0.0011981823481619358
3.1346938775510207,706.97107,0.000940210884436965
3.1579138321995464,175.74371,0.0008541147690266371
3.1811337868480725,174.08609,0.000790208054240793
3.2043537414965986,176.4678,0.000726104190107435
3.2275736961451247,712.28174,0.0006855942774564028
3.250793650793651,180.07283,0.0007368144579231739
3.274013605442177,178.38496,0.0008560019778087735
3.297233560090703,177.63914,0.0010006000520661473
3.320453514739229,177.33545,0.0011785442475229502
3.3436734693877552,177.41193,0.0012504272162914276
3.3668934240362813,177.47078,0.0014202245511114597
3.3901133786848074,176.55458,0.0015673525631427765
3.4133333333333336,175.93797,0.0016891687409952283
3.4365532879818597,175.52675,0.002046979032456875
3.4597732426303858,174.3146,0.00224844878539443
3.4829931972789114,174.61493,0.002047595102339983
3.5062131519274375,175.8112,0.001981711946427822
3.5294331065759637,176.57286,0.0020613353699445724
3.5526530612244898,175.42479,0.0022517098113894463
3.575873015873016,175.298,0.002324790460988879
3.599092970521542,175.92613,0.002450411906465888
3.622312925170068,175.51392,0.002670097164809704
3.645532879818594,174.56,0.002566617913544178
3.6687528344671203,174.734,0.002319861203432083
3.6919727891156464,175.75891,0.0021870986092835665
3.7151927437641725,176.63348,0.0019368312787264585
3.7384126984126986,177.02829,0.001849899534136057
3.7616326530612247,176.56282,0.0019954312592744827
3.784852607709751,174.9115,0.0022631902247667313
3.8080725623582765,173.87198,0.0021767099387943745
3.8312925170068026,174.6363,0.002069240901619196
3.8545124716553287,175.44524,0.0020992918871343136
3.877732426303855,175.73602,0.0018672295846045017
3.900952380952381,706.4437,0.00140512571670115
3.924172335600907,357.9888,0.0011747847311198711
3.947392290249433,179.9857,0.0010943642118945718
3.9706122448979593,177.70255,0.001302081160247326
3.9938321995464854,703.7885,0.0015681928489357233
4.017052154195011,693.26904,0.0014760722406208515
4.040272108843538,172.09485,0.0015110657550394535
4.063492063492063,174.30115,0.001527827000245452
4.08671201814059,705.36395,0.0013568835565820336
4.1099319727891155,176.6215,0.0013602861436083913
4.133151927437642,173.4244,0.0012040751753374934
4.156371882086168,172.21086,0.0011777664767578244
4.179591836734694,173.61551,0.0012435747776180506
4.20281179138322,180.08469,0.0008060792461037636
4.2260317460317465,732.41077,0.0007823384366929531
4.249251700680272,182.79036,0.0007168587762862444
4.272471655328799,180.26047,0.0007773435208946466
4.295691609977324,702.69525,0.0008887631120160222
4.31891156462585,691.8264,0.0008162386948242784
4.342131519274377,173.34235,0.0008160470752045512
4.365351473922902,703.7841,0.0006458616117015481
4.388571428571429,714.28235,0.00047658011317253113
4.4117913832199545,178.49287,0.0004569533630274236
4.435011337868481,704.0913,0.00036972196539863944
4.458231292517007,176.50406,0.00014007360732648522
4.481451247165533,708.04114,1.4304193427960854e-05
4.504671201814059,0.0,2.4823384592309594e-06
4.527891156462585,0.0,1.0426592780277133e-06
4.551111111111111,0.0,2.5547706172801554e-07
4.574331065759638,0.0,1.3294902601046488e-07
4.597551020408163,0.0,2.0637344277929515e-07
4.62077097505669,0.0,1.54324879986234e-07
4.6439909297052155,0.0,8.174811227945611e-08
4.667210884353741,0.0,7.113794708857313e-08
4.690430839002268,0.0,9.13569238036871e-08
4.713650793650793,0.0,1.379139575874433e-07
4.73687074829932,0.0,4.1167731978930533e-07
4.760090702947846,0.0,1.4738998288521543e-07
4.783310657596372,0.0,2.0797688193852082e-07
4.806530612244898,0.0,1.9258823158452287e-07
4.829750566893424,0.0,6.685431799269281e-07
4.85297052154195,0.0,4.696885298471898e-07
4.876190476190477,0.0,4.096018528798595e-07
4.899410430839002,0.0,1.748758222674951e-07
4.922630385487529,0.0,3.441164153628051e-08
