0.0,0.0,2.111019057338126e-07
0.023219954648526078,0.0,1.911630533868447e-07
0.046439909297052155,0.0,1.799280653358437e-07
0.06965986394557823,0.0,1.8148784874938428e-07
0.09287981859410431,0.0,6.899063009768724e-08
0.11609977324263039,0.0,9.851646609604359e-08
0.13931972789115646,0.0,2.216611392213963e-07
0.16253968253968254,0.0,1.992893885471858e-07
0.18575963718820862,0.0,1.5150453691603616e-07
0.2089795918367347,0.0,7.116341294022277e-08
0.23219954648526078,0.0,6.497170943475794e-06
0.25541950113378686,136.11678,6.01468127570115e-05
0.2786394557823129,118.781296,9.399471309734508e-05
0.301859410430839,249.85219,0.0001449306437280029
0.3250793650793651,263.10208,0.0001544590195408091
0.3482993197278912,260.25555,0.00010997462959494442
0.37151927437641724,124.57859,0.00010634143836796284
0.3947392290249433,121.32608,0.00013108219718560576
0.4179591836734694,121.46713,0.00014592186198569834
0.44117913832199546,123.77881,0.0001414347207173705
0.46439909297052157,127.96699,0.0001425860245944932
0.4876190476190476,266.18945,0.0002097942488035187
0.5108390022675737,133.6541,0.00018667677068151534
0.5340589569160998,262.2575,0.00011749262193916366
0.5572789115646258,123.748215,0.00011982668365817517
0.5804988662131519,120.384544,0.00011879535304615274
0.603718820861678,120.95898,0.00012696431076619774
0.626938775510204,123.2188,0.0001416352461092174
0.6501587301587302,127.219315,0.00013940801727585495
0.6733786848072563,266.0959,0.00023142280406318605
0.6965986394557824,266.40533,0.00023317584418691695
0.7198185941043084,134.99298,0.00020885886624455452
0.7430385487528345,88.161644,0.00016114063328132033
0.7662585034013606,259.18866,0.0001033681764965877
0.7894784580498866,84.02229,9.714788757264614e-05
0.8126984126984127,127.91896,0.00011695934517774731
0.8359183673469388,86.797585,0.00012911681551486254
0.8591383219954649,129.77847,0.00013337958080228418
0.8823582766439909,130.75934,0.00014358709449879825
0.905578231292517,130.56499,0.00013941628276370466
0.9287981859410431,86.689285,0.00011967799218837172
0.9520181405895691,128.81891,0.0001355479471385479
0.9752380952380952,263.21628,0.00016560369112994522
0.9984580498866213,147.74866,0.00017459143418818712
1.0216780045351475,155.63861,0.00024021579883992672
1.0448979591836736,164.56786,0.0004942824016325176
1.0681179138321997,169.69489,0.0006941165775060654
1.0913378684807256,168.81364,0.0005797852645628154
1.1145578231292517,163.33868,0.0002541333669796586
1.1377777777777778,157.22572,0.00017056928481906652
1.1609977324263039,315.31534,0.0002672212722245604
1.18421768707483,162.25731,0.0005342748481780291
1.207437641723356,165.23152,0.000706668826751411
1.2306575963718822,164.98958,0.0005465760477818549
1.253877551020408,162.15636,0.00025997834745794535
1.2770975056689342,157.86919,0.00016116646293085068
1.3003174603174603,152.59033,0.00019382320169825107
1.3235374149659864,152.81598,0.0002049832692136988
1.3467573696145125,156.06929,0.0002455364738125354
1.3699773242630386,161.36333,0.0005922807613387704
1.3931972789115648,167.46965,0.000987968873232603
1.4164172335600906,168.83723,0.0008181708981283009
1.4396371882086167,165.58987,0.00027138300356455147
1.4628571428571429,310.97217,0.00017603086598683149
1.486077097505669,301.96024,0.00020705275528598577
1.509297052154195,153.22874,0.0002293956931680441
1.5325170068027212,157.74754,0.00036839887616224587
1.5557369614512473,164.10414,0.0007408317760564387
1.5789569160997732,168.60547,0.0008663711487315595
1.6021768707482993,338.72516,0.0005073759239166975
1.6253968253968254,162.6815,0.00022489734692499042
1.6486167800453515,158.27586,0.00018669519340619445
1.6718367346938776,157.25005,0.0002752230502665043
1.6950566893424037,162.40396,0.00047712045488879085
1.7182766439909298,165.7652,0.0006614811136387289
1.7414965986394557,167.4895,0.0006717344513162971
1.7647165532879818,167.65572,0.0005806269473396242
1.787936507936508,167.63065,0.0005181886372156441
1.811156462585034,170.30638,0.00044744578190147877
1.8343764172335602,357.05807,0.00022914550208952278
1.8575963718820863,385.44482,0.0002241296460852027
1.8808163265306124,197.95834,0.00020817917538806796
1.9040362811791383,193.39296,0.00025313490186817944
1.9272562358276644,186.20444,0.0002909174654632807
1.9504761904761905,182.56163,0.00037827022606506944
1.9736961451247166,183.20099,0.00039682461647316813
1.9969160997732427,190.3676,0.00032652076333761215
2.020136054421769,198.1638,0.0002608736394904554
2.043356009070295,205.55582,0.0003972575068473816
2.066575963718821,198.84941,0.0005541821592487395
2.089795918367347,189.30905,0.0005985161988064647
2.1130158730158732,182.72849,0.0006865512114018202
2.1362358276643993,178.78664,0.0006710955640301108
2.159455782312925,182.60764,0.0007003492210060358
2.182675736961451,380.6303,0.000632183626294136
2.2058956916099772,195.36032,0.0007534045726060867
2.2291156462585033,192.38684,0.0008337830659002066
2.2523356009070294,186.16316,0.0007332894601859152
2.2755555555555556,180.74777,0.0008517165551893413
2.2987755102040817,178.86119,0.000734121014829725
2.3219954648526078,369.63303,0.0008429819718003273
2.345215419501134,194.61026,0.0007251640781760216
2.36843537414966,203.42146,0.0007093662861734629
2.391655328798186,203.02788,0.0008729396504350007
2.414875283446712,193.55864,0.0008066559094004333
2.4380952380952383,188.37253,0.0006892886594869196
2.4613151927437644,187.36427,0.0005508811445906758
2.48453514739229,189.54028,0.0006833419902250171
2.507755102040816,196.96124,0.0005726469680666924
2.5309750566893423,206.34508,0.0006392658688127995
2.5541950113378684,201.52895,0.0006035369005985558
2.5774149659863945,195.23476,0.0004595187783706933
2.6006349206349206,197.98163,0.00026735401479527354
2.6238548752834467,212.10216,0.00023899623192846775
2.647074829931973,234.54349,0.0003904129844158888
2.670294784580499,257.8329,0.0004835100844502449
2.693514739229025,273.673,0.00045120343565940857
2.716734693877551,272.1197,0.00043628239654935896
2.7399546485260773,267.86478,0.0005112897488288581
2.7631746031746034,265.17914,0.0005144645110704005
2.7863945578231295,262.00992,0.00046168576227501035
2.809614512471655,257.7202,0.0003187757101841271
2.8328344671201813,256.50003,0.0003634815220721066
2.8560544217687074,262.48758,0.0006206253310665488
2.8792743764172335,266.70697,0.0007591313915327191
2.9024943310657596,269.31268,0.0007280732970684767
2.9257142857142857,267.9764,0.0007097315392456949
2.948934240362812,262.7208,0.0005188690265640616
2.972154195011338,83.74012,0.0004639723338186741
2.995374149659864,244.27113,0.0005603667814284563
3.01859410430839,252.24945,0.0004527036799117923
3.0418140589569163,263.53647,0.000769763661082834
3.0650340136054424,270.82507,0.0008256456349045038
3.0882539682539685,271.14117,0.000758527428843081
3.1114739229024946,267.76187,0.000778840621933341
3.1346938775510207,260.95218,0.0005444021080620587
3.1579138321995464,82.95331,0.0004330038500484079
3.1811337868480725,246.7103,0.0005226078792475164
3.2043537414965986,259.41806,0.0007614674977958202
3.2275736961451247,270.2829,0.0010322998277842999
3.250793650793651,274.12125,0.0008466035360470414
3.274013605442177,271.7758,0.0009619762422516942
3.297233560090703,263.73907,0.0008850835147313774
3.320453514739229,254.80911,0.0005940256523899734
3.3436734693877552,254.88911,0.0007054259185679257
3.3668934240362813,266.8558,0.00113925791811198
3.3901133786848074,266.88605,0.0008379650535061955
3.4133333333333336,250.7514,0.0003675101324915886
3.4365532879818597,394.65115,0.0004851624835282564
3.4597732426303858,177.8394,0.0004694393137469888
3.4829931972789114,173.53674,0.0002726484090089798
3.5062131519274375,181.74701,0.00017138230032287538
3.5294331065759637,195.43472,0.0002664326748345047
3.5526530612244898,203.11475,0.0002201837341999635
3.575873015873016,206.88583,0.00022830285888630897
3.599092970521542,197.63152,0.00023231247905641794
3.622312925170068,191.06056,0.00018216422176919878
3.645532879818594,189.98146,0.00018727259885054082
3.6687528344671203,192.3998,0.00019745247846003622
3.6919727891156464,197.86221,0.00017106074665207416
3.7151927437641725,204.70374,0.00019584553956519812
3.7384126984126986,205.66298,0.00021257271873764694
3.7616326530612247,201.61792,0.00023253598192241043
3.784852607709751,194.99431,0.00017010032024700195
3.8080725623582765,190.67458,0.00020898481307085603
3.8312925170068026,193.24562,0.00021720631048083305
3.8545124716553287,199.25314,0.00017210404621437192
3.877732426303855,206.2611,0.00020269263768568635
3.900952380952381,205.2125,0.00021132078836672008
3.924172335600907,201.27533,0.000178807124029845
3.947392290249433,193.1452,0.0001963784743566066
3.9706122448979593,186.1133,0.00018087777425535023
3.9938321995464854,188.29384,0.00017646689957473427
4.017052154195011,193.91116,0.00020793512521777302
4.040272108843538,203.88232,0.0001790300157153979
4.063492063492063,206.7671,0.00020573109213728458
4.08671201814059,198.13744,0.0002368605782976374
4.1099319727891155,191.71115,0.0002573688398115337
4.133151927437642,189.64806,0.0002746102400124073
4.156371882086168,192.27005,0.00021795349312014878
4.179591836734694,194.97911,0.00016830269305501133
4.20281179138322,194.03186,0.00018097003339789808
4.2260317460317465,359.7655,0.0002851950703188777
4.249251700680272,166.95444,0.00018899574934039265
4.272471655328799,159.46623,8.193285611923784e-05
4.295691609977324,156.6069,0.00010266408207826316
4.31891156462585,160.96442,0.00019299329142086208
4.342131519274377,164.87154,0.00028699898393824697
4.365351473922902,165.59352,0.0002805907861329615
4.388571428571429,163.85408,0.00018024476594291627
4.4117913832199545,159.22897,0.00012993279960937798
4.435011337868481,154.12392,0.00010172754991799593
4.458231292517007,154.08287,0.00010043051588581875
4.481451247165533,158.0767,0.0001503021630924195
4.504671201814059,163.57867,0.00036241021007299423
4.527891156462585,168.6219,0.0005084937438368797
4.551111111111111,169.82538,0.0005401893868111074
4.574331065759638,167.01523,0.00030343944672495127
4.597551020408163,161.91754,0.000151249289046973
4.62077097505669,154.96828,0.00015056628035381436
4.6439909297052155,306.51022,0.0001445314264856279
4.667210884353741,158.87486,0.00024796935031190515
4.690430839002268,166.48795,0.0005642222822643816
4.713650793650793,171.40776,0.0006717320648021996
4.73687074829932,172.13445,0.0007616025977768004
4.760090702947846,168.98279,0.0005132609512656927
4.783310657596372,164.90793,0.0002342113439226523
4.806530612244898,314.51407,0.00016124959802255034
4.829750566893424,154.71127,0.00015620839258190244
4.85297052154195,156.83073,0.0002758114424068481
4.876190476190477,166.08888,0.0006385510787367821
4.899410430839002,170.2031,0.0007603842532262206
4.922630385487529,170.29668,0.0007483804365620017
4.9458503401360545,167.58812,0.0004091639129910618
4.96907029478458,162.77373,0.0002693276619538665
4.992290249433107,160.30336,0.0003167280519846827
5.015510204081632,161.71684,0.00043127022217959166
5.038730158730159,164.64114,0.0003046307829208672
5.061950113378685,160.02849,0.00016432019765488803
5.085170068027211,142.13406,0.00015659251948818564
5.108390022675737,124.60012,0.00012340392277110368
5.131609977324263,118.85437,0.00014861937961541116
5.154829931972789,119.48923,0.0001535791961941868
5.178049886621316,123.69532,0.00018020940478891134
5.201269841269841,127.60122,0.00017253935220651329
5.224489795918368,264.98996,0.0002252532576676458
5.2477097505668935,131.40334,0.00018137547885999084
5.27092970521542,127.96066,0.00011973103391937912
5.294149659863946,126.16919,0.00011858042853418738
5.317369614512471,125.57479,0.00012536701979115605
5.340589569160998,126.223495,0.00011769939737860113
5.363809523809524,128.30247,0.00013932862202636898
5.38702947845805,87.71204,0.00018648343393579125
5.410249433106576,133.02943,0.00019006029469892383
5.433469387755102,130.96828,0.00015501062443945557
5.456689342403628,127.20166,0.00012579199392348528
5.479909297052155,124.77527,0.00012576556764543056
5.50312925170068,125.690094,0.00011193664977326989
5.526349206349207,129.05344,0.00014836421178188175
5.5495691609977325,90.2352,0.00019218053785152733
5.572789115646259,273.28772,0.0001583461998961866
5.596009070294785,135.35603,0.00017268849478568882
5.61922902494331,264.9687,0.0001472297590225935
5.642448979591837,126.46728,7.865288353059441e-05
5.6656689342403626,124.4385,0.00010462875798111781
5.688888888888889,125.126434,0.00011070487380493432
5.712108843537415,87.81535,0.00014546529564540833
5.735328798185941,135.00592,0.00016779277939349413
5.758548752834467,269.8789,0.0001387938391417265
5.7817687074829935,134.75044,0.000126081591588445
5.804988662131519,264.7419,0.00012662654626183212
5.828208616780046,259.11066,0.0001130435848608613
5.851428571428571,128.71564,7.400789763778448e-05
5.874648526077098,132.18764,1.972769678104669e-05
5.897868480725624,0.0,2.3805350792827085e-06
5.92108843537415,0.0,5.400743248173967e-07
5.944308390022676,0.0,2.5486224330961704e-07
5.9675283446712015,0.0,1.5164550859481096e-07
5.990748299319728,0.0,8.295592124341056e-08
6.013968253968254,0.0,1.3889075489714742e-07
6.03718820861678,0.0,2.0777315512532368e-07
6.060408163265306,0.0,2.1097184799145907e-07
6.0836281179138325,0.0,3.060358721995726e-07
6.106848072562358,0.0,1.2371856428217143e-07
6.130068027210885,0.0,4.57202986581251e-09
