0.0,0.0,1.0107578418683261e-07
0.023219954648526078,0.0,3.249078872613609e-08
0.046439909297052155,0.0,4.221692506689578e-08
0.06965986394557823,0.0,8.67239577928558e-08
0.09287981859410431,0.0,5.370566213969141e-08
0.11609977324263039,0.0,5.249148671282455e-08
0.13931972789115646,0.0,3.571494744392112e-08
0.16253968253968254,0.0,5.148967829882167e-07
0.18575963718820862,0.0,3.0515184334944934e-06
0.2089795918367347,0.0,5.800954568258021e-06
0.23219954648526078,1566.7185,1.3025181942794006e-05
0.25541950113378686,0.0,8.969154805527069e-06
0.2786394557823129,0.0,8.691383300174493e-06
0.301859410430839,519.5078,1.8118091247742996e-05
0.3250793650793651,516.0347,4.9325055442750454e-05
0.3482993197278912,525.0835,4.475143941817805e-05
0.37151927437641724,1516.8376,6.80212106090039e-05
0.3947392290249433,447.66193,6.54106552246958e-05
0.4179591836734694,1604.6066,6.348978058667853e-05
0.44117913832199546,526.4713,9.502412285655737e-05
0.46439909297052157,522.5504,7.335227564908564e-05
0.4876190476190476,1489.7975,5.6709999626036733e-05
0.5108390022675737,1515.4717,7.425478543154895e-05
0.5340589569160998,1523.8008,6.329145253403112e-05
0.5572789115646258,1528.6521,7.227895548567176e-05
0.5804988662131519,1528.2982,7.53062849980779e-05
0.603718820861678,1530.7312,7.921955693745986e-05
0.626938775510204,1525.6847,7.923586235847324e-05
0.6501587301587302,1519.542,8.725588122615591e-05
0.6733786848072563,1499.9362,8.2111764641013e-05
0.6965986394557824,1496.9667,8.779301424510777e-05
0.7198185941043084,1490.8708,8.896150393411517e-05
0.7430385487528345,1498.0939,6.601087807212025e-05
0.7662585034013606,1496.9872,9.029885404743254e-05
0.7894784580498866,1512.9141,8.214371337089688e-05
0.8126984126984127,1515.3528,7.169904711190611e-05
0.8359183673469388,1506.9983,0.00011487277515698224
0.8591383219954649,1505.0231,9.972450061468408e-05
0.8823582766439909,1520.1223,7.95040323282592e-05
0.905578231292517,1517.9772,7.47135782148689e-05
0.9287981859410431,1498.384,7.135992927942425e-05
0.9520181405895691,1526.6483,9.53637863858603e-05
0.9752380952380952,486.78726,0.00012149001122452319
0.9984580498866213,434.19308,0.00023700080055277795
1.0216780045351475,113.07245,0.00036430254112929106
1.0448979591836736,116.980225,0.00033611455000936985
1.0681179138321997,115.81046,0.0003685199189931154
1.0913378684807256,2254.8345,0.0002592260716482997
1.1145578231292517,2249.0593,0.0003091334365308285
1.1377777777777778,2252.6501,0.00023968116147443652
1.1609977324263039,1516.3021,0.0003385516756679863
1.18421768707483,1540.8245,0.00030318042263388634
1.207437641723356,111.97062,0.0003835911920759827
1.2306575963718822,113.86528,0.00041867687832564116
1.253877551020408,114.43753,0.0003618064511101693
1.2770975056689342,112.644005,0.00039646460209041834
1.3003174603174603,1539.2739,0.00033412460470572114
1.3235374149659864,1516.5073,0.0004036581376567483
1.3467573696145125,1518.4276,0.0003570286207832396
1.3699773242630386,111.31374,0.00040217419154942036
1.3931972789115648,1496.4498,0.0004910500720143318
1.4164172335600906,117.15106,0.0005011995672248304
1.4396371882086167,114.840004,0.00036547728814184666
1.4628571428571429,1561.6129,0.0003972188860643655
1.486077097505669,1527.5391,0.0003167299728374928
1.509297052154195,110.33625,0.00042421784019097686
1.5325170068027212,1471.5322,0.0004860401386395097
1.5557369614512473,1489.4856,0.00043071270920336246
1.5789569160997732,1489.6127,0.0005401548696681857
1.6021768707482993,1489.5687,0.00048518116818740964
1.6253968253968254,1485.7977,0.0004482304211705923
1.6486167800453515,115.04593,0.00044753093970939517
1.6718367346938776,119.31299,0.000533069483935833
1.6950566893424037,126.137215,0.0004716809780802578
1.7182766439909298,1482.7109,0.0004084306419827044
1.7414965986394557,1507.6525,0.00043952054693363607
1.7647165532879818,1498.9282,0.0006420774734579027
1.787936507936508,266.97424,0.0006591209676116705
1.811156462585034,261.63513,0.0006902053719386458
1.8343764172335602,129.63892,0.0007006648229435086
1.8575963718820863,1456.9635,0.0006885856273584068
1.8808163265306124,1475.66,0.0007151258178055286
1.9040362811791383,1487.4746,0.0006286673014983535
1.9272562358276644,1502.2225,0.0007314766407944262
1.9504761904761905,136.09018,0.0008509979816153646
1.9736961451247166,268.3836,0.0009182270150631666
1.9969160997732427,131.68803,0.0009177780011668801
2.020136054421769,131.57721,0.0009501035674475133
2.043356009070295,132.65428,0.000877385726198554
2.066575963718821,269.06808,0.0006020280998200178
2.089795918367347,274.86606,0.0005538355326279998
2.1130158730158732,139.04193,0.0006395229138433933
2.1362358276643993,275.22122,0.0009310423047281802
2.159455782312925,268.50516,0.0010226421291008592
2.182675736961451,262.82935,0.0010082635562866926
2.2058956916099772,130.06082,0.0010607701260596514
2.2291156462585033,132.01271,0.0010049816919490695
2.2523356009070294,269.7204,0.000728798913769424
2.2755555555555556,274.27478,0.0007895362796261907
2.2987755102040817,137.37077,0.0010130649898201227
2.3219954648526078,135.09256,0.0011456523789092898
2.345215419501134,133.98207,0.0010913892183452845
2.36843537414966,271.1787,0.0008974239462986588
2.391655328798186,1442.8912,0.0006418944685719907
2.414875283446712,508.14786,0.0010459760669618845
2.4380952380952383,529.8046,0.0007989880978129804
2.4613151927437644,373.90707,0.0008258494781330228
2.48453514739229,375.7844,0.001357879489660263
2.507755102040816,184.0977,0.001534185605123639
2.5309750566893423,133.52917,0.0014457431389018893
2.5541950113378684,131.69418,0.0014531123451888561
2.5774149659863945,178.54181,0.0014883715193718672
2.6006349206349206,363.7177,0.0015709514264017344
2.6238548752834467,372.19974,0.0014358417829498649
2.647074829931973,375.6092,0.0015021726721897721
2.670294784580499,376.7236,0.001986593473702669
2.693514739229025,372.3836,0.002052783500403166
2.716734693877551,367.59625,0.0024464051239192486
2.7399546485260773,136.36295,0.0024688311386853456
2.7631746031746034,133.31406,0.0024015200324356556
2.7863945578231295,179.30983,0.002305523492395878
2.809614512471655,367.71564,0.001831528963521123
2.8328344671201813,373.29733,0.001697768922895193
2.8560544217687074,374.4803,0.0023413733579218388
2.8792743764172335,183.38167,0.003021791111677885
2.9024943310657596,537.9774,0.0030290817376226187
2.9257142857142857,131.76714,0.0028888052329421043
2.948934240362812,131.43098,0.002699329284951091
2.972154195011338,532.3911,0.0023501471150666475
2.995374149659864,547.2519,0.0017452979227527976
3.01859410430839,374.76358,0.0014149245107546449
3.0418140589569163,186.33003,0.0022907534148544073
3.0650340136054424,135.01367,0.0022655650973320007
3.0882539682539685,506.6661,0.0011813344899564981
3.1114739229024946,523.5392,0.0015000028070062399
3.1346938775510207,134.0452,0.0014886101707816124
3.1579138321995464,134.85039,0.0009143577190116048
3.1811337868480725,274.65622,0.0008714758441783488
3.2043537414965986,138.57697,0.0009006576146930456
3.2275736961451247,136.30151,0.0010810906533151865
3.250793650793651,269.86386,0.0012992469128221273
3.274013605442177,267.01968,0.0014803273370489478
3.297233560090703,131.95374,0.0014911612961441278
3.320453514739229,132.22243,0.0012585209915414453
3.3436734693877552,133.45398,0.0012165887746959925
3.3668934240362813,134.46152,0.0011315203737467527
3.3901133786848074,134.9052,0.0011111961212009192
3.4133333333333336,134.05818,0.0012647607363760471
3.4365532879818597,132.79292,0.0012518682051450014
3.4597732426303858,131.42302,0.0011033735936507583
3.4829931972789114,129.73329,0.0010305035393685102
3.5062131519274375,130.10304,0.0011366521939635277
3.5294331065759637,132.17648,0.0010386971989646554
3.5526530612244898,268.75278,0.0009690789738669991
3.575873015873016,272.49756,0.000850504613481462
3.599092970521542,136.68045,0.0010926759568974376
3.622312925170068,269.58633,0.0012531208340078592
3.645532879818594,265.08377,0.0011759342160075903
3.6687528344671203,260.48294,0.0010088748531416059
3.6919727891156464,129.28366,0.0010948937851935625
3.7151927437641725,131.76457,0.0010920611675828695
3.7384126984126986,266.3687,0.0010009597754105926
3.7616326530612247,268.89996,0.000978637021034956
3.784852607709751,266.8581,0.0008703552884981036
3.8080725623582765,1426.054,0.0005455717910081148
3.8312925170068026,570.6557,0.00047231881762854755
3.8545124716553287,543.39655,0.0004751328960992396
3.877732426303855,107.37104,0.000381199992261827
3.900952380952381,1430.1676,0.0002882283297367394
3.924172335600907,1457.7191,0.00033614292624406517
3.947392290249433,1470.1171,0.0003005714388564229
3.9706122448979593,1449.6034,0.000461867603007704
3.9938321995464854,1439.815,0.00042678375029936433
4.017052154195011,1434.1161,0.0004631296615116298
4.040272108843538,1428.6921,0.000474923086585477
4.063492063492063,1435.6362,0.0003796620003413409
4.08671201814059,2705.5056,0.0004505727847572416
4.1099319727891155,1468.1871,0.0003493065305519849
4.133151927437642,1451.104,0.0005514469812624156
4.156371882086168,1431.9843,0.0004929634160362184
4.179591836734694,1427.3585,0.00044235814129933715
4.20281179138322,1430.501,0.0004917922196909785
4.2260317460317465,1436.9072,0.00038009718991816044
4.249251700680272,2706.4482,0.00044614955550059676
4.272471655328799,1467.5232,0.00038619566475972533
4.295691609977324,1460.5515,0.00041476311162114143
4.31891156462585,1449.9137,0.0004362337349448353
4.342131519274377,1446.116,0.0003410350764170289
4.365351473922902,1441.9089,0.0004506742407102138
4.388571428571429,1445.9261,0.0003162383509334177
4.4117913832199545,2687.2542,0.0004132260801270604
4.435011337868481,2694.5103,0.00040777752292342484
4.458231292517007,1452.4434,0.0003629238053690642
4.481451247165533,1445.838,0.00043938850285485387
4.504671201814059,1438.6724,0.00033125438494607806
4.527891156462585,108.09476,0.00038587982999160886
4.551111111111111,103.60411,0.00024828308960422873
4.574331065759638,485.6019,7.952911255415529e-05
4.597551020408163,538.853,3.766108784475364e-05
4.62077097505669,531.518,2.7782536562881432e-05
4.6439909297052155,528.8968,6.1018337873974815e-05
4.667210884353741,524.57355,6.916442362125963e-05
4.690430839002268,171.67976,8.503189019393176e-05
4.713650793650793,172.27032,9.538293670630082e-05
4.73687074829932,1487.8947,0.00010484279482625425
4.760090702947846,1497.1998,9.671619045548141e-05
4.783310657596372,1502.2137,9.529482485959306e-05
4.806530612244898,1496.9397,0.00010542385280132294
4.829750566893424,528.1969,0.00010679068509489298
4.85297052154195,1502.1482,0.00011375466419849545
4.876190476190477,1495.4998,0.00013124753604643047
4.899410430839002,528.98883,0.0001403063943143934
4.922630385487529,1418.8342,0.00012512021930888295
4.9458503401360545,1435.403,0.00012502633035182953
4.96907029478458,1427.718,0.00013001276238355786
4.992290249433107,533.0196,0.00012350472388789058
5.015510204081632,535.78986,0.00014894662308506668
5.038730158730159,534.74304,0.0001329521182924509
5.061950113378685,532.8949,0.0001272205845452845
5.085170068027211,531.35046,0.00014551368076354265
5.108390022675737,531.74536,0.0001426584058208391
5.131609977324263,533.732,0.00012939420412294567
5.154829931972789,531.0679,0.0001259180426131934
5.178049886621316,530.5421,0.0001510647707618773
5.201269841269841,530.9736,0.00014523754362016916
5.224489795918368,533.4081,0.00013296112592797726
5.2477097505668935,1424.693,0.00015467900084331632
5.27092970521542,1420.7784,0.00016054460138548166
5.294149659863946,533.5188,0.0001599681272637099
5.317369614512471,1425.2303,0.0001429839467164129
5.340589569160998,1423.817,0.00015030284703243524
5.363809523809524,530.73694,0.00014611042570322752
5.38702947845805,531.6935,0.000147136757732369
5.410249433106576,1427.0022,0.00014689756790176034
5.433469387755102,1430.8303,0.00016711832722648978
5.456689342403628,1432.4606,0.00015641722711734474
5.479909297052155,532.13464,0.0001453802833566442
5.50312925170068,530.6445,0.00014420237857848406
5.526349206349207,532.4838,0.00014197321434039623
5.5495691609977325,1422.002,0.00013728492194786668
5.572789115646259,175.95465,0.0001299627183470875
5.596009070294785,1418.0062,0.00013101016520522535
5.61922902494331,1425.0568,0.00014197558630257845
5.642448979591837,1427.1819,0.00014007420395500958
5.6656689342403626,1425.9163,0.0001142226392403245
5.688888888888889,1425.2782,0.00010123303945874795
5.712108843537415,176.87613,9.789514297153801e-05
5.735328798185941,1490.3191,7.510282739531249e-05
5.758548752834467,1494.5737,5.1171184168197215e-05
5.7817687074829935,0.0,9.547743502480444e-06
5.804988662131519,0.0,1.6657204469083808e-06
5.828208616780046,0.0,9.968825906980783e-07
5.851428571428571,0.0,4.826515578315593e-07
5.874648526077098,0.0,1.5564091881969944e-07
5.897868480725624,0.0,8.02565409685485e-08
5.92108843537415,0.0,4.520370566751808e-08
5.944308390022676,0.0,4.490902938414365e-08
5.9675283446712015,0.0,3.929653757950291e-08
5.990748299319728,0.0,7.931885193102062e-08
6.013968253968254,0.0,4.6140485210344195e-08
6.03718820861678,0.0,7.028938853181899e-08
6.060408163265306,0.0,3.8741745811421424e-08
6.0836281179138325,0.0,3.349668986629695e-08
6.106848072562358,0.0,2.9639522836077958e-08
6.130068027210885,0.0,2.981323632411659e-08
