0.0,0.0,1.0276198736391962e-07
0.023219954648526078,0.0,1.6542799130547792e-07
0.046439909297052155,0.0,5.176025297259912e-08
0.06965986394557823,0.0,5.7280885812360793e-08
0.09287981859410431,0.0,1.861735654529184e-08
0.11609977324263039,0.0,1.7404090613126755e-08
0.13931972789115646,0.0,4.5804881665389985e-08
0.16253968253968254,0.0,4.956064003636129e-07
0.18575963718820862,0.0,2.077022145385854e-07
0.2089795918367347,0.0,1.8258187992614694e-06
0.23219954648526078,565.4284,1.3174303603591397e-05
0.25541950113378686,628.82117,3.360724076628685e-05
0.2786394557823129,631.49695,0.00015648793487343937
0.301859410430839,124.62907,0.00023533952480647713
0.3250793650793651,640.5899,0.00034292147029191256
0.3482993197278912,129.2477,0.0004136854549869895
0.37151927437641724,129.83954,0.0004732217639684677
0.3947392290249433,129.66553,0.0004862857749685645
0.4179591836734694,130.38864,0.0004601571417879313
0.44117913832199546,130.23509,0.0004737932758871466
0.46439909297052157,129.38774,0.00048516649985685945
0.4876190476190476,130.39278,0.0005027614533901215
0.5108390022675737,131.55025,0.0004993054899387062
0.5340589569160998,132.15639,0.0005628849030472338
0.5572789115646258,132.6718,0.0005810704315081239
0.5804988662131519,132.74016,0.0006241766968742013
0.603718820861678,131.58873,0.0006758866365998983
0.626938775510204,129.82385,0.0005918938550166786
0.6501587301587302,129.58176,0.0005827819695696235
0.6733786848072563,675.3509,0.0007544491090811789
0.6965986394557824,140.9672,0.0009678547503426671
0.7198185941043084,145.85936,0.0010492642177268863
0.7430385487528345,149.04109,0.001177363796159625
0.7662585034013606,150.89232,0.001264070742763579
0.7894784580498866,150.32051,0.0012915596598759294
0.8126984126984127,147.10529,0.0012476567644625902
0.8359183673469388,146.73668,0.0013599940575659275
0.8591383219954649,146.91925,0.0013380756136029959
0.8823582766439909,147.86891,0.0012247562408447266
0.905578231292517,147.94196,0.0014519825344905257
0.9287981859410431,147.86862,0.0013222749112173915
0.9520181405895691,148.37613,0.0014429092407226562
0.9752380952380952,148.1613,0.0013416821602731943
0.9984580498866213,148.03241,0.0015125353820621967
1.0216780045351475,147.24344,0.0015853277873247862
1.0448979591836736,146.92014,0.0013858720194548368
1.0681179138321997,149.94312,0.0012997372541576624
1.0913378684807256,316.7337,0.001063999836333096
1.1145578231292517,162.64894,0.0010612766491249204
1.1377777777777778,166.0404,0.0010170047171413898
1.1609977324263039,167.1281,0.0013418986927717924
1.18421768707483,165.18031,0.0018131001852452755
1.207437641723356,164.03766,0.0020852568559348583
1.2306575963718822,163.02829,0.0021005289163440466
1.253877551020408,162.8798,0.0019158958457410336
1.2770975056689342,163.90984,0.0015236195176839828
1.3003174603174603,165.00835,0.0013550003059208393
1.3235374149659864,165.40356,0.0017539298860356212
1.3467573696145125,165.08192,0.0019388216314837337
1.3699773242630386,164.38914,0.0021159350872039795
1.3931972789115648,163.31834,0.0021648206748068333
1.4164172335600906,162.98228,0.0021790347527712584
1.4396371882086167,163.51468,0.00216656643897295
1.4628571428571429,165.64398,0.0015685107791796327
1.486077097505669,338.97882,0.0016263779252767563
1.509297052154195,345.82828,0.0016365497140213847
1.5325170068027212,175.00282,0.0016752465162426233
1.5557369614512473,350.8183,0.0017812119331210852
1.5789569160997732,174.87564,0.0018923322204500437
1.6021768707482993,173.18825,0.0018070973455905914
1.6253968253968254,172.78719,0.001774071715772152
1.6486167800453515,173.00374,0.0018239220371469855
1.6718367346938776,173.327,0.0019149433355778456
1.6950566893424037,173.31773,0.00194862752687186
1.7182766439909298,173.6365,0.0019749116618186235
1.7414965986394557,174.28278,0.0019043602515012026
1.7647165532879818,175.38371,0.0018672328442335129
1.787936507936508,175.74312,0.0021424780134111643
1.811156462585034,174.19218,0.0023488416336476803
1.8343764172335602,173.66032,0.0020174821838736534
1.8575963718820863,177.06453,0.0015820248518139124
1.8808163265306124,186.40184,0.0017650420777499676
1.9040362811791383,192.68663,0.0028595575131475925
1.9272562358276644,199.20076,0.002932126633822918
1.9504761904761905,606.82007,0.0037979530170559883
1.9736961451247166,201.28322,0.0038030273281037807
1.9969160997732427,198.2898,0.0036469059996306896
2.020136054421769,196.93253,0.0031243329867720604
2.043356009070295,197.56566,0.0033539626747369766
2.066575963718821,197.20862,0.0034430520609021187
2.089795918367347,197.09991,0.003369930200278759
2.1130158730158732,197.28433,0.003954519983381033
2.1362358276643993,197.58292,0.0037411190569400787
2.159455782312925,197.49101,0.003836731193587184
2.182675736961451,196.70224,0.0034411288797855377
2.2058956916099772,196.13783,0.0033620712347328663
2.2291156462585033,197.6068,0.0032071496825665236
2.2523356009070294,199.29446,0.0033525661565363407
2.2755555555555556,204.44196,0.0032753709238022566
2.2987755102040817,212.9662,0.0028036946896463633
2.3219954648526078,222.43597,0.002184458775445819
2.345215419501134,226.83907,0.0024434628430753946
2.36843537414966,227.90094,0.0028315135277807713
2.391655328798186,224.4894,0.003649936057627201
2.414875283446712,220.7351,0.004779970273375511
2.4380952380952383,218.2628,0.005240248050540686
2.4613151927437644,217.14551,0.004950953181833029
2.48453514739229,218.54153,0.004222533665597439
2.507755102040816,220.47438,0.0037551738787442446
2.5309750566893423,222.11104,0.003871879307553172
2.5541950113378684,221.97325,0.004295130260288715
2.5774149659863945,222.4085,0.004205875564366579
2.6006349206349206,223.41197,0.004480603151023388
2.6238548752834467,223.55516,0.004112915601581335
2.647074829931973,223.93211,0.0037775151431560516
2.670294784580499,225.41539,0.0030730711296200752
2.693514739229025,229.17502,0.0026674093678593636
2.716734693877551,238.30103,0.002123420126736164
2.7399546485260773,248.61052,0.0020838319323956966
2.7631746031746034,256.24976,0.003383370814844966
2.7863945578231295,260.26797,0.0038611064665019512
2.809614512471655,255.08588,0.0035261944867670536
2.8328344671201813,245.79465,0.003782249055802822
2.8560544217687074,243.77547,0.003724439302459359
2.8792743764172335,244.88919,0.003811154281720519
2.9024943310657596,247.47455,0.004289059434086084
2.9257142857142857,251.17818,0.004933977499604225
2.948934240362812,252.19963,0.004655546508729458
2.972154195011338,249.34076,0.0051930369809269905
2.995374149659864,246.57716,0.005321460776031017
3.01859410430839,245.68286,0.005838359240442514
3.0418140589569163,246.38553,0.006226574070751667
3.0650340136054424,249.05652,0.006284235045313835
3.0882539682539685,252.61906,0.006836674176156521
3.1114739229024946,258.6576,0.005497264675796032
3.1346938775510207,266.50342,0.00503802252933383
3.1579138321995464,266.8198,0.005846179556101561
3.1811337868480725,267.07977,0.007302206940948963
3.2043537414965986,262.39758,0.010758006945252419
3.2275736961451247,256.61273,0.012888927012681961
3.250793650793651,254.01564,0.013632712885737419
3.274013605442177,256.91965,0.011779505759477615
3.297233560090703,262.20453,0.010006945580244064
3.320453514739229,265.34482,0.010213827714323997
3.3436734693877552,266.2946,0.010641558095812798
3.3668934240362813,264.8722,0.011872507631778717
3.3901133786848074,261.67044,0.012409762479364872
3.4133333333333336,258.74197,0.012876451015472412
3.4365532879818597,258.37994,0.01481236144900322
3.4597732426303858,263.09158,0.015467362478375435
3.4829931972789114,266.1672,0.01480012945830822
3.5062131519274375,268.99222,0.012751679867506027
3.5294331065759637,273.67892,0.010122912004590034
3.5526530612244898,282.95847,0.013173015788197517
3.575873015873016,292.96265,0.017773844301700592
3.599092970521542,599.6516,0.020541900768876076
3.622312925170068,603.15826,0.017615512013435364
3.645532879818594,297.12628,0.011751512996852398
3.6687528344671203,291.4699,0.01580493152141571
3.6919727891156464,290.25696,0.019483741372823715
3.7151927437641725,291.27386,0.023483095690608025
3.7384126984126986,294.8927,0.02767709083855152
3.7616326530612247,597.37964,0.03683963045477867
3.784852607709751,602.34845,0.043068163096904755
3.8080725623582765,601.0349,0.034481778740882874
3.8312925170068026,297.25613,0.02953934669494629
3.8545124716553287,295.34283,0.027204200625419617
3.877732426303855,294.91174,0.03130979463458061
3.900952380952381,296.6112,0.03294961899518967
3.924172335600907,597.81793,0.03510477393865585
3.947392290249433,599.46277,0.026817679405212402
3.9706122448979593,293.1863,0.0148377800360322
3.9938321995464854,546.6193,0.012994645163416862
4.017052154195011,519.2458,0.00964622013270855
4.040272108843538,258.2206,0.010066736489534378
4.063492063492063,260.80768,0.011493640020489693
4.08671201814059,263.58316,0.011551087722182274
4.1099319727891155,264.70187,0.011603863909840584
4.133151927437642,266.5003,0.011538608931005001
4.156371882086168,267.36163,0.012253237888216972
4.179591836734694,266.66306,0.012417223304510117
4.20281179138322,264.93094,0.011449681594967842
4.2260317460317465,262.99182,0.011053582653403282
4.249251700680272,261.066,0.010996619239449501
4.272471655328799,261.0801,0.011998200789093971
4.295691609977324,263.86404,0.012920279987156391
4.31891156462585,265.947,0.013141699135303497
4.342131519274377,265.69806,0.012072808109223843
4.365351473922902,262.56824,0.008733220398426056
4.388571428571429,746.16174,0.008344557136297226
4.4117913832199545,244.05984,0.007414177525788546
4.435011337868481,243.35507,0.006150370463728905
4.458231292517007,243.31781,0.00594934169203043
4.481451247165533,243.54999,0.005919193848967552
4.504671201814059,244.20872,0.005759363528341055
4.527891156462585,244.91745,0.005723035894334316
4.551111111111111,245.11006,0.00524978619068861
4.574331065759638,246.43166,0.005374256521463394
4.597551020408163,246.68991,0.005295240320265293
4.62077097505669,247.10832,0.005227133631706238
4.6439909297052155,246.99976,0.005709955468773842
4.667210884353741,246.5382,0.0059398869052529335
4.690430839002268,246.14296,0.006056427955627441
4.713650793650793,246.31647,0.006049157120287418
4.73687074829932,245.28192,0.006470373831689358
4.760090702947846,240.78539,0.006904087029397488
4.783310657596372,226.70001,0.00920234713703394
4.806530612244898,216.82774,0.008625210262835026
4.829750566893424,216.39342,0.0080097746104002
4.85297052154195,217.90457,0.006819313857704401
4.876190476190477,219.60857,0.005952040199190378
4.899410430839002,220.47289,0.006076380144804716
4.922630385487529,220.60701,0.00606041494756937
4.9458503401360545,220.83783,0.00698096863925457
4.96907029478458,219.77034,0.007604577578604221
4.992290249433107,219.71162,0.008418216370046139
5.015510204081632,218.6334,0.009668314829468727
5.038730158730159,218.38388,0.009539855644106865
5.061950113378685,219.90323,0.00823376514017582
5.085170068027211,221.08461,0.008931076154112816
5.108390022675737,219.63809,0.010884026065468788
5.131609977324263,218.53752,0.011319168843328953
5.154829931972789,216.67496,0.011210803873836994
5.178049886621316,210.54517,0.006323233712464571
5.201269841269841,608.95074,0.0044448962435126305
5.224489795918368,196.8595,0.003384622512385249
5.2477097505668935,195.01486,0.0033732906449586153
5.27092970521542,194.7691,0.0038356645964086056
5.294149659863946,195.5744,0.0042960382997989655
5.317369614512471,195.86829,0.00469183549284935
5.340589569160998,195.70175,0.004684368148446083
5.363809523809524,195.15147,0.004847356118261814
5.38702947845805,194.45825,0.004923119209706783
5.410249433106576,193.84201,0.004600195679813623
5.433469387755102,193.21156,0.004716003313660622
5.456689342403628,193.73547,0.005854749586433172
5.479909297052155,194.93484,0.006151924841105938
5.50312925170068,195.59831,0.006790618412196636
5.526349206349207,196.42143,0.006935187615454197
5.5495691609977325,195.50598,0.005002953112125397
5.572789115646259,190.95094,0.0025952153373509645
5.596009070294785,364.76114,0.00297465268522501
5.61922902494331,174.92027,0.0027112308889627457
5.642448979591837,349.84387,0.0024665084201842546
5.6656689342403626,175.52109,0.0023245762567967176
5.688888888888889,175.49849,0.0023505794815719128
5.712108843537415,174.70906,0.0022942055948078632
5.735328798185941,174.22693,0.002320749219506979
5.758548752834467,173.96703,0.002298252657055855
5.7817687074829935,174.07474,0.0024875011295080185
5.804988662131519,173.83855,0.0025344043970108032
5.828208616780046,174.48796,0.0025646730791777372
5.851428571428571,175.17348,0.0026084748096764088
5.874648526077098,175.361,0.002906843088567257
5.897868480725624,174.51039,0.0031172127928584814
5.92108843537415,173.41919,0.003147093579173088
5.944308390022676,172.88753,0.003168176393955946
5.9675283446712015,170.99783,0.0032021382357925177
5.990748299319728,168.49521,0.0028032141271978617
6.013968253968254,165.94054,0.002887742593884468
6.03718820861678,165.21057,0.0025863046757876873
6.060408163265306,164.42131,0.0029147807508707047
6.0836281179138325,164.9121,0.0023858961649239063
6.106848072562358,165.37236,0.002326530870050192
6.130068027210885,165.49152,0.0027610708493739367
6.15328798185941,165.13936,0.002946628723293543
6.176507936507937,164.63799,0.0028824107721447945
6.199727891156463,164.56404,0.002955042291432619
6.222947845804989,164.80133,0.003127515548840165
6.246167800453515,165.26268,0.003089458215981722
6.269387755102041,165.74568,0.0029950581956654787
6.292607709750567,166.13374,0.002686947351321578
6.315827664399093,166.03307,0.002507132478058338
6.339047619047619,165.70955,0.002525540068745613
6.362267573696145,163.96465,0.00235879048705101
6.3854875283446715,616.9792,0.0027841615956276655
6.408707482993197,143.73604,0.002610569354146719
6.431927437641724,143.9866,0.002216557040810585
6.455147392290249,146.38593,0.0018094235565513372
6.478367346938776,148.80032,0.0017230561934411526
6.501587301587302,149.54356,0.001735050231218338
6.524807256235828,149.27296,0.0019790157675743103
6.548027210884354,148.95474,0.0018673710292205215
6.57124716553288,149.08012,0.0020272107794880867
6.594467120181406,148.80754,0.002015352249145508
6.617687074829932,148.98792,0.002076806966215372
6.640907029478458,149.05115,0.0021060584113001823
6.664126984126984,148.45233,0.0021905850153416395
6.6873469387755105,147.40971,0.0021615782752633095
6.710566893424036,146.96286,0.001989189302548766
6.733786848072563,147.51001,0.001989892218261957
6.757006802721088,147.70755,0.0017209290526807308
6.780226757369615,147.26836,0.0017559855477884412
6.8034467120181406,145.84958,0.001645911717787385
6.826666666666667,284.4569,0.0009702597744762897
6.849886621315193,653.9286,0.0009696662309579551
6.873106575963719,627.64417,0.000728511018678546
6.896326530612245,625.74615,0.0005725059891119599
6.9195464852607715,129.08884,0.0005606518243439496
6.942766439909297,130.50824,0.0006068235961720347
6.965986394557823,130.73273,0.0006383981090039015
6.989206349206349,129.89223,0.0006350838812068105
7.012426303854875,128.96336,0.0005878658848814666
7.035646258503402,128.74776,0.0006200720090419054
7.058866213151927,130.23369,0.0006398542900569737
7.082086167800454,131.62497,0.0006378386169672012
7.1053061224489795,664.5989,0.0006664138054475188
7.128526077097506,133.8664,0.0006670795846730471
7.151746031746032,131.78946,0.0007600518874824047
7.174965986394558,130.71661,0.0007604292477481067
7.198185941043084,130.44046,0.0007687115576118231
7.2214058956916105,129.03459,0.0007773494580760598
7.244625850340136,128.54459,0.0007791768293827772
7.267845804988662,129.69228,0.0008167595369741321
7.291065759637188,131.06143,0.0007484300294891
7.314285714285714,132.72864,0.0006783694261685014
7.337505668934241,133.99034,0.0006166559760458767
7.360725623582766,132.96715,0.0006982231861911714
7.383945578231293,130.43245,0.0007684875745326281
7.4071655328798185,128.77763,0.0007177715306170285
7.430385487528345,128.06097,0.0006714914343319833
7.453605442176871,130.02625,0.0005794682074338198
7.476825396825397,132.888,0.0004962809034623206
7.500045351473923,671.0216,0.00045491589116863906
7.5232653061224495,134.51122,0.00048186007188633084
7.546485260770975,655.1179,0.0005089759360998869
7.569705215419502,640.8904,0.00039978791028261185
7.592925170068027,126.83821,0.00029995047952979803
7.616145124716553,129.93292,0.0002093686198350042
7.63936507936508,275.9386,2.20040965359658e-05
7.662585034013605,0.0,3.826336069323588e-06
7.685804988662132,0.0,3.6419623938854784e-07
7.7090249433106575,0.0,1.820653778850101e-07
7.732244897959184,0.0,9.322593541583046e-08
7.75546485260771,0.0,4.408593667903915e-08
7.778684807256236,0.0,4.930370778311044e-08
7.801904761904762,0.0,1.8506398191675544e-08
7.8251247165532885,0.0,4.3046384234912694e-08
7.848344671201814,0.0,4.928551788907498e-08
7.871564625850341,0.0,7.518337952205911e-08
