0.0,0.0,8.242659532697871e-08
0.023219954648526078,0.0,7.517610356444493e-08
0.046439909297052155,0.0,6.051868695067242e-08
0.06965986394557823,0.0,5.5939381127245724e-08
0.09287981859410431,0.0,7.572907634312287e-08
0.11609977324263039,0.0,4.51191226602532e-08
0.13931972789115646,0.0,7.715880201430991e-08
0.16253968253968254,0.0,6.622758519370109e-08
0.18575963718820862,0.0,4.87943907501176e-08
0.2089795918367347,0.0,2.9616785468533635e-08
0.23219954648526078,0.0,3.510012902552262e-08
0.25541950113378686,0.0,5.100810085423291e-08
0.2786394557823129,0.0,1.1099928087787703e-07
0.301859410430839,0.0,2.922124622273259e-06
0.3250793650793651,254.9211,0.00019314604287501425
0.3482993197278912,251.3066,0.0003825472085736692
0.37151927437641724,270.80243,0.000589697272516787
0.3947392290249433,252.11604,0.0005915586953051388
0.4179591836734694,298.20776,0.0005630642990581691
0.44117913832199546,299.82578,0.000624096835963428
0.46439909297052157,303.9037,0.0006158245960250497
0.4876190476190476,301.60086,0.0006575577426701784
0.5108390022675737,285.3616,0.0006658252095803618
0.5340589569160998,735.3248,0.0007082545198500156
0.5572789115646258,280.96616,0.0007524564862251282
0.5804988662131519,264.0855,0.0007514486787840724
0.603718820861678,278.6849,0.0007276787655428052
0.626938775510204,249.60014,0.0007135772029869258
0.6501587301587302,265.53116,0.0006013999809511006
0.6733786848072563,277.48257,0.00043696578359231353
0.6965986394557824,312.66663,0.00044074581819586456
0.7198185941043084,312.00058,0.0005393297178670764
0.7430385487528345,295.4474,0.0006441156147047877
0.7662585034013606,283.0338,0.0005789885763078928
0.7894784580498866,285.3273,0.0005146743496879935
0.8126984126984127,293.48212,0.0005429888842627406
0.8359183673469388,421.29895,0.0006598156760446727
0.8591383219954649,273.88702,0.0005185100017115474
0.8823582766439909,278.55582,0.0003622666699811816
0.905578231292517,324.40402,0.0003925244964193553
0.9287981859410431,2910.369,0.0005037153023295105
0.9520181405895691,290.4741,0.0005953994113951921
0.9752380952380952,281.00488,0.00048634596168994904
0.9984580498866213,273.8997,0.0004309912328608334
1.0216780045351475,289.53564,0.0005098436959087849
1.0448979591836736,304.82486,0.0006220550276339054
1.0681179138321997,275.0562,0.0004898989573121071
1.0913378684807256,275.55844,0.00044633238576352596
1.1145578231292517,301.42365,0.0004974151961505413
1.1377777777777778,288.65427,0.0005702107446268201
1.1609977324263039,293.3233,0.0005783842643722892
1.18421768707483,242.39996,0.0005609573563560843
1.207437641723356,236.48854,0.0006361533887684345
1.2306575963718822,270.89877,0.0006698606302961707
1.253877551020408,277.50003,0.0005238943267613649
1.2770975056689342,2593.1372,0.00046219845535233617
1.3003174603174603,280.46832,0.00045304367085918784
1.3235374149659864,294.37277,0.0004373383417259902
1.3467573696145125,320.78476,0.00048812167369760573
1.3699773242630386,330.266,0.0010893482249230146
1.3931972789115648,339.91245,0.0018955913837999105
1.4164172335600906,407.6419,0.0021252967417240143
1.4396371882086167,403.0971,0.0015753037296235561
1.4628571428571429,276.26996,0.0008388368296436965
1.486077097505669,234.74332,0.0009177197352983057
1.509297052154195,384.507,0.001641088631004095
1.5325170068027212,399.95316,0.0024731804151088
1.5557369614512473,297.4581,0.0025025312788784504
1.5789569160997732,311.5544,0.0018647355027496815
1.6021768707482993,403.99252,0.0016831447137519717
1.6253968253968254,412.0569,0.002127082087099552
1.6486167800453515,411.8207,0.0037092305719852448
1.6718367346938776,393.0092,0.001955312443897128
1.6950566893424037,275.92575,0.0011227086652070284
1.7182766439909298,283.58658,0.0015116494614630938
1.7414965986394557,283.71616,0.00296997744590044
1.7647165532879818,406.9492,0.0032923303078860044
1.787936507936508,725.0257,0.0023178025148808956
1.811156462585034,412.2396,0.0018459841376170516
1.8343764172335602,742.5472,0.0017145760357379913
1.8575963718820863,412.643,0.0029002875089645386
1.8808163265306124,399.34622,0.003058230970054865
1.9040362811791383,278.18314,0.001420757151208818
1.9272562358276644,374.21237,0.001345955184660852
1.9504761904761905,282.99057,0.0025808457285165787
1.9736961451247166,404.00613,0.003084156196564436
1.9969160997732427,417.58817,0.0020721987821161747
2.020136054421769,356.12903,0.0017105320002883673
2.043356009070295,354.2757,0.0017881318926811218
2.066575963718821,418.3878,0.002959522884339094
2.089795918367347,728.21985,0.002152815228328109
2.1130158730158732,390.35922,0.0013655598741024733
2.1362358276643993,386.48727,0.0019993791356682777
2.159455782312925,404.81863,0.0029268949292600155
2.182675736961451,415.33105,0.002012489130720496
2.2058956916099772,393.16412,0.0016919656191021204
2.2291156462585033,418.9328,0.0017875824123620987
2.2523356009070294,724.212,0.0029594069346785545
2.2755555555555556,681.18774,0.003437579143792391
2.2987755102040817,289.06683,0.003441165667027235
2.3219954648526078,408.13333,0.0030740387737751007
2.345215419501134,412.27658,0.0022832017857581377
2.36843537414966,362.67746,0.0014426468405872583
2.391655328798186,391.8712,0.00308817345649004
2.414875283446712,406.84045,0.0058976830914616585
2.4380952380952383,405.66516,0.006149080581963062
2.4613151927437644,398.05667,0.0040297177620232105
2.48453514739229,389.2834,0.0031378658022731543
2.507755102040816,387.76727,0.0034228626172989607
2.5309750566893423,393.15802,0.00463393609970808
2.5541950113378684,402.33792,0.006305606570094824
2.5774149659863945,693.6459,0.004741906654089689
2.6006349206349206,426.17114,0.003770658280700445
2.6238548752834467,423.3783,0.004638029262423515
2.647074829931973,412.37045,0.007635054644197226
2.670294784580499,398.91336,0.005154587794095278
2.693514739229025,387.4516,0.003504178486764431
2.716734693877551,384.29706,0.0034405705519020557
2.7399546485260773,389.4157,0.004674521274864674
2.7631746031746034,286.63214,0.0061271581798791885
2.7863945578231295,2172.729,0.005103191360831261
2.809614512471655,423.74542,0.0049277315847575665
2.8328344671201813,419.20914,0.007421617861837149
2.8560544217687074,407.44327,0.0077141327783465385
2.8792743764172335,394.95334,0.003678328823298216
2.9024943310657596,381.88086,0.0024478482082486153
2.9257142857142857,379.5663,0.002374435542151332
2.948934240362812,383.63217,0.0029911533929407597
2.972154195011338,394.22556,0.0050924234092235565
2.995374149659864,407.24445,0.006942181847989559
3.01859410430839,2099.5647,0.006630321964621544
3.0418140589569163,414.1131,0.009132523089647293
3.0650340136054424,407.94666,0.006218653172254562
3.0882539682539685,398.17368,0.0031790644861757755
3.1114739229024946,552.4757,0.0022522802464663982
3.1346938775510207,419.9546,0.002386684762313962
3.1579138321995464,390.73407,0.004169439896941185
3.1811337868480725,405.58978,0.005410579964518547
3.2043537414965986,419.23413,0.003940250724554062
3.2275736961451247,424.43622,0.004095977172255516
3.250793650793651,415.69574,0.00631057471036911
3.274013605442177,406.26727,0.005837499629706144
3.297233560090703,395.9212,0.005289314780384302
3.320453514739229,398.64383,0.005769944749772549
3.3436734693877552,410.48077,0.00536578893661499
3.3668934240362813,423.2446,0.004233951680362225
3.3901133786848074,391.2993,0.008402499370276928
3.4133333333333336,618.032,0.011186908930540085
3.4365532879818597,537.90173,0.012952033430337906
3.4597732426303858,544.91724,0.013478955253958702
3.4829931972789114,528.455,0.012760872952640057
3.5062131519274375,513.5506,0.013454670086503029
3.5294331065759637,636.0201,0.011329181492328644
3.5526530612244898,638.57806,0.013648650608956814
3.575873015873016,685.54266,0.01708471216261387
3.599092970521542,540.03204,0.016872305423021317
3.622312925170068,250.41248,0.019370434805750847
3.645532879818594,2476.974,0.02235390804708004
3.6687528344671203,547.1129,0.020004749298095703
3.6919727891156464,531.098,0.01827779784798622
3.7151927437641725,663.17084,0.016268638893961906
3.7384126984126986,655.7581,0.01180311106145382
3.7616326530612247,403.36456,0.014287840574979782
3.784852607709751,648.7671,0.01534508727490902
3.8080725623582765,554.9753,0.02004169672727585
3.8312925170068026,573.1642,0.017578788101673126
3.8545124716553287,559.8816,0.01821436546742916
3.877732426303855,540.5414,0.016585612669587135
3.900952380952381,637.36865,0.01590740494430065
3.924172335600907,631.4805,0.010943461209535599
3.947392290249433,647.28754,0.010166982188820839
3.9706122448979593,516.5987,0.012566274031996727
3.9938321995464854,544.1392,0.013572593219578266
4.017052154195011,566.33356,0.01375595387071371
4.040272108843538,567.4485,0.012172698974609375
4.063492063492063,547.64014,0.012873882427811623
4.08671201814059,106.55842,0.012570543214678764
4.1099319727891155,648.2594,0.010915957391262054
4.133151927437642,172.16681,0.0074000428430736065
4.156371882086168,662.3233,0.009070182219147682
4.179591836734694,529.1692,0.009272552095353603
4.20281179138322,557.447,0.011018920689821243
4.2260317460317465,559.2656,0.010708373039960861
4.249251700680272,548.6148,0.009197099134325981
4.272471655328799,74.26952,0.01064927875995636
4.295691609977324,652.4293,0.012560741975903511
4.31891156462585,2051.1492,0.013345396146178246
4.342131519274377,416.9969,0.010709928348660469
4.365351473922902,183.88995,0.013117841444909573
4.388571428571429,407.9064,0.0050423638895154
4.4117913832199545,420.61523,0.005583424586802721
4.435011337868481,677.71655,0.0037730950862169266
4.458231292517007,392.59833,0.0040023112669587135
4.481451247165533,401.88217,0.005920414812862873
4.504671201814059,410.4558,0.005773669574409723
4.527891156462585,414.2871,0.006338967010378838
4.551111111111111,32.12288,0.0074806781485676765
4.574331065759638,401.86688,0.005499572493135929
4.597551020408163,405.6378,0.00247594085521996
4.62077097505669,343.8528,0.0019482346251606941
4.6439909297052155,755.4409,0.0018290956504642963
4.667210884353741,404.82516,0.0024948609061539173
4.690430839002268,398.07523,0.005722768604755402
4.713650793650793,409.4783,0.007287253625690937
4.73687074829932,413.3524,0.007894346490502357
4.760090702947846,407.39053,0.006335962563753128
4.783310657596372,396.72617,0.0027464181184768677
4.806530612244898,386.44162,0.0016961171058937907
4.829750566893424,361.46533,0.0018490789225324988
4.85297052154195,371.35788,0.00190067442599684
4.876190476190477,386.1862,0.003247882705181837
4.899410430839002,400.8315,0.004696735180914402
4.922630385487529,414.02045,0.004409682936966419
4.9458503401360545,415.82816,0.005187285132706165
4.96907029478458,407.3484,0.0062169041484594345
4.992290249433107,396.58612,0.0025551440194249153
5.015510204081632,407.41113,0.0013176233042031527
5.038730158730159,350.60413,0.001424308749847114
5.061950113378685,379.37555,0.0014904547715559602
5.085170068027211,536.393,0.0016123417299240828
5.108390022675737,394.6642,0.0038095968775451183
5.131609977324263,407.11804,0.004680631682276726
5.154829931972789,411.18213,0.005496963858604431
5.178049886621316,403.08606,0.0033324770629405975
5.201269841269841,391.62848,0.0015980347525328398
5.224489795918368,341.25107,0.0011833414901047945
5.2477097505668935,527.6119,0.0014479740057140589
5.27092970521542,392.2114,0.002961406484246254
5.294149659863946,2067.6245,0.004852916579693556
5.317369614512471,409.32092,0.0036184904165565968
5.340589569160998,408.0787,0.0011930610053241253
5.363809523809524,725.1707,0.0016287420876324177
5.38702947845805,681.41113,0.0023996378295123577
5.410249433106576,405.83395,0.0021676504984498024
5.433469387755102,382.7297,0.0018140661995857954
5.456689342403628,417.71426,0.0018602109048515558
5.479909297052155,415.5912,0.002320583676919341
5.50312925170068,409.83594,0.0026192970108240843
5.526349206349207,399.01337,0.0018568013329058886
5.5495691609977325,752.0798,0.0012026028707623482
5.572789115646259,385.41086,0.0010797905270010233
5.596009070294785,391.7592,0.001429475611075759
5.61922902494331,401.87134,0.0022061308845877647
5.642448979591837,297.53586,0.0015554241836071014
5.6656689342403626,354.70615,0.0012046213960275054
5.688888888888889,425.13025,0.001317752874456346
5.712108843537415,413.91507,0.002009081654250622
5.735328798185941,405.33673,0.001989674288779497
5.758548752834467,133.72481,0.0008062238339334726
5.7817687074829935,413.01694,0.0006677728379145265
5.804988662131519,366.83423,0.0009023244492709637
5.828208616780046,292.10995,0.0015953900292515755
5.851428571428571,408.73004,0.0014822474913671613
5.874648526077098,351.7975,0.0011109181214123964
5.897868480725624,232.60854,0.000928774883504957
5.92108843537415,416.55005,0.001161052961833775
5.944308390022676,408.10825,0.001999820815399289
5.9675283446712015,392.77298,0.0010236100060865283
5.990748299319728,280.98755,0.0006937592988833785
6.013968253968254,282.95212,0.0009028850472532213
6.03718820861678,399.5269,0.001573418965563178
6.060408163265306,299.24817,0.0012610836420208216
6.0836281179138325,314.10788,0.0008424092666245997
6.106848072562358,360.01315,0.0007399522000923753
6.130068027210885,729.3354,0.001194619107991457
6.15328798185941,714.6119,0.0011647343635559082
6.176507936507937,363.92035,0.0004952132003381848
6.199727891156463,395.0716,0.0007296218536794186
6.222947845804989,294.66962,0.0012784183491021395
6.246167800453515,397.03625,0.0011299028992652893
6.269387755102041,302.93842,0.0011062799021601677
6.292607709750567,409.32864,0.000981183722615242
6.315827664399093,304.422,0.0003209011338185519
6.339047619047619,411.29694,0.000368208420695737
6.362267573696145,250.00957,0.00035676220431923866
6.3854875283446715,418.3367,0.00034715497167780995
6.408707482993197,251.40599,0.0005198343424126506
6.431927437641724,247.99146,0.0003957612789236009
6.455147392290249,297.0441,0.0003816074749920517
6.478367346938776,300.98575,0.0004009213880635798
6.501587301587302,288.66025,0.00041855720337480307
6.524807256235828,290.68756,0.00033742276718840003
6.548027210884354,290.3927,0.0003090128884650767
6.57124716553288,237.65654,0.00038962659891694784
6.594467120181406,252.90982,0.0004770247614942491
6.617687074829932,336.04648,0.00026150178746320307
6.640907029478458,284.83447,0.00028349802596494555
6.664126984126984,296.3624,0.00028993174782954156
6.6873469387755105,299.14175,0.0003854420210700482
6.710566893424036,279.41083,0.0003930891107302159
6.733786848072563,287.1161,0.00025514105800539255
6.757006802721088,290.3689,0.00025160127552226186
6.780226757369615,290.4765,0.0003425327595323324
6.8034467120181406,257.06158,0.0004228495236020535
6.826666666666667,288.11914,0.00022784942120779306
6.849886621315193,287.69583,0.0002771749277599156
6.873106575963719,285.2744,0.00027108273934572935
6.896326530612245,297.17023,0.0003319320676382631
6.9195464852607715,296.54764,0.00043094524880871177
6.942766439909297,291.6586,0.0002735934976954013
6.965986394557823,182.95459,0.0002120690915035084
6.989206349206349,281.40277,0.0003040519659407437
7.012426303854875,301.72006,0.00041764223715290427
7.035646258503402,260.57553,0.00021789036691188812
7.058866213151927,289.43393,0.00026554230134934187
7.082086167800454,288.42337,0.000281479733530432
7.1053061224489795,310.5594,0.0002760716015473008
7.128526077097506,295.22623,0.0003822286962531507
7.151746031746032,286.70148,0.0002712220302782953
7.174965986394558,250.97713,0.0002114287344738841
7.198185941043084,416.56708,0.00026805803645402193
7.2214058956916105,247.7359,0.000433290028013289
7.244625850340136,255.53378,0.00022492781863547862
7.267845804988662,413.2438,0.00023511145263910294
7.291065759637188,290.04977,0.000256638100836426
7.314285714285714,57.84592,0.00030008642352186143
7.337505668934241,241.05846,0.00035851504071615636
7.360725623582766,289.74353,0.0004044187080580741
7.383945578231293,252.71649,0.0002541354042477906
7.4071655328798185,185.70898,0.00023563296417705715
7.430385487528345,407.94736,0.0003521655744407326
7.453605442176871,262.4504,0.0003035823756363243
7.476825396825397,299.71976,0.00018111505778506398
7.500045351473923,281.75635,0.00023097189841791987
7.5232653061224495,279.0104,0.00025210779858753085
7.546485260770975,195.54396,0.00036474154330790043
7.569705215419502,285.9406,0.00030169045203365386
7.592925170068027,287.18253,0.0001636089727981016
7.616145124716553,249.83786,0.00014889669546391815
7.63936507936508,290.19998,0.00017384294187650084
7.662585034013605,289.41428,7.969240687089041e-05
7.685804988662132,0.0,4.302423803892452e-06
7.7090249433106575,0.0,3.109853423666209e-07
7.732244897959184,0.0,9.49548848439008e-08
7.75546485260771,0.0,6.909340299898759e-08
7.778684807256236,0.0,6.101709004724398e-08
7.801904761904762,0.0,2.013894118135795e-08
7.8251247165532885,0.0,2.8644535632338375e-08
7.848344671201814,0.0,9.633095032768324e-08
7.871564625850341,0.0,7.851576810935512e-08
7.894784580498866,0.0,3.256573108956218e-07
7.918004535147393,0.0,3.574314177967608e-08
7.9412244897959186,0.0,7.182461558841169e-08
7.964444444444444,0.0,1.0278745321556926e-07
7.987664399092971,0.0,2.573597157606855e-08
8.010884353741497,0.0,4.555840860120952e-08
8.034104308390022,0.0,6.020491127856076e-08
8.057324263038549,0.0,3.261538950027898e-08
8.080544217687075,0.0,1.306671038037166e-07
8.103764172335602,0.0,8.919778338167816e-08
8.126984126984127,0.0,4.919456841889769e-08
