0.0,0.0,4.620778781827539e-08
0.023219954648526078,0.0,6.38856363366358e-08
0.046439909297052155,0.0,1.3043791113886982e-07
0.06965986394557823,0.0,1.2140390026615933e-07
0.09287981859410431,0.0,1.307744241785258e-07
0.11609977324263039,0.0,1.561629687785171e-07
0.13931972789115646,0.0,8.358438208233565e-08
0.16253968253968254,0.0,8.447568689007312e-08
0.18575963718820862,0.0,9.047926141647622e-08
0.2089795918367347,0.0,1.218813849845901e-07
0.23219954648526078,0.0,2.62953108176589e-08
0.25541950113378686,0.0,1.8969330994877964e-08
0.2786394557823129,0.0,2.167689672205597e-08
0.301859410430839,0.0,4.6314198698382825e-08
0.3250793650793651,0.0,4.922549123875797e-08
0.3482993197278912,0.0,3.4344338928349316e-08
0.37151927437641724,0.0,4.697085387306288e-08
0.3947392290249433,0.0,3.53056748281233e-08
0.4179591836734694,0.0,6.673326424788684e-08
0.44117913832199546,0.0,3.3113792596850544e-08
0.46439909297052157,0.0,2.935121301561594e-08
0.4876190476190476,0.0,5.0321432354394346e-08
0.5108390022675737,0.0,5.181027518119663e-08
0.5340589569160998,0.0,6.417485565179959e-08
0.5572789115646258,360.2811,4.825656651519239e-05
0.5804988662131519,374.65042,0.0002818611974362284
0.603718820861678,374.68854,0.000491185171995312
0.626938775510204,376.4926,0.0006139813922345638
0.6501587301587302,377.0278,0.0006817311514168978
0.6733786848072563,374.7045,0.000751049374230206
0.6965986394557824,369.49927,0.0009132578270509839
0.7198185941043084,358.6824,0.0012559411115944386
0.7430385487528345,348.5009,0.0012111158575862646
0.7662585034013606,349.4232,0.0013350655790418386
0.7894784580498866,107.689804,0.000793718674685806
0.8126984126984127,81.2032,0.0009486093767918646
0.8359183673469388,382.5734,0.0007634917856194079
0.8591383219954649,380.8307,0.0008300543413497508
0.8823582766439909,373.42084,0.0007191774202510715
0.905578231292517,287.46942,0.0009429079946130514
0.9287981859410431,355.95544,0.0011142491130158305
0.9520181405895691,346.5174,0.0012453505769371986
0.9752380952380952,352.89316,0.0009082857286557555
0.9984580498866213,370.19455,0.0008184270700439811
1.0216780045351475,381.80505,0.0008106132736429572
1.0448979591836736,234.29134,0.0010090019786730409
1.0681179138321997,379.61548,0.0007863426581025124
1.0913378684807256,373.01434,0.0007303782622329891
1.1145578231292517,287.3596,0.0009415522799827158
1.1377777777777778,365.39676,0.000992397777736187
1.1609977324263039,378.56735,0.0011788972187787294
1.18421768707483,405.75333,0.002503881696611643
1.207437641723356,379.7215,0.0025070998817682266
1.2306575963718822,470.68478,0.0025846785865724087
1.253877551020408,375.51462,0.0029079639352858067
1.2770975056689342,408.16113,0.002567528747022152
1.3003174603174603,281.94177,0.0020069226156920195
1.3235374149659864,393.01144,0.002126624109223485
1.3467573696145125,402.33557,0.002712653484195471
1.3699773242630386,408.9764,0.0027073374949395657
1.3931972789115648,440.06387,0.002068436937406659
1.4164172335600906,384.37878,0.0020656981505453587
1.4396371882086167,472.1344,0.002273630816489458
1.4628571428571429,390.2021,0.002851555123925209
1.486077097505669,400.10165,0.0022775265388190746
1.509297052154195,392.62088,0.0022389674559235573
1.5325170068027212,397.10236,0.0031455974094569683
1.5557369614512473,387.2174,0.003148739691823721
1.5789569160997732,394.46338,0.002589744282886386
1.6021768707482993,446.7626,0.0029629592318087816
1.6253968253968254,401.9396,0.0023372932337224483
1.6486167800453515,382.3365,0.00239598099142313
1.6718367346938776,407.61304,0.0030341236852109432
1.6950566893424037,403.56888,0.0031221038661897182
1.7182766439909298,389.1071,0.0033823661506175995
1.7414965986394557,379.1889,0.0031489022076129913
1.7647165532879818,477.69937,0.005059447139501572
1.787936507936508,477.65552,0.004803945310413837
1.811156462585034,478.5728,0.0053829532116651535
1.8343764172335602,302.08322,0.006600730121135712
1.8575963718820863,463.6033,0.006503940559923649
1.8808163265306124,492.25616,0.005738277919590473
1.9040362811791383,493.40988,0.005322534590959549
1.9272562358276644,457.35782,0.006061237305402756
1.9504761904761905,474.71533,0.005192647688090801
1.9736961451247166,485.8425,0.0025211500469595194
1.9969160997732427,489.5219,0.0024385692086070776
2.020136054421769,478.5923,0.004562804475426674
2.043356009070295,469.21878,0.005998116917908192
2.066575963718821,496.61105,0.005279995501041412
2.089795918367347,508.28314,0.005058410577476025
2.1130158730158732,486.62015,0.00573949608951807
2.1362358276643993,476.7322,0.004104703664779663
2.159455782312925,499.14246,0.002635022858157754
2.182675736961451,506.00366,0.0033455733209848404
2.2058956916099772,492.8944,0.0034167321864515543
2.2291156462585033,479.3125,0.006691341288387775
2.2523356009070294,464.05017,0.007387569639831781
2.2755555555555556,411.2075,0.007162776775658131
2.2987755102040817,472.9096,0.0067303599789738655
2.3219954648526078,491.81152,0.0040889643132686615
2.345215419501134,515.29083,0.005764679051935673
2.36843537414966,514.7957,0.005610983818769455
2.391655328798186,502.2033,0.006392638199031353
2.414875283446712,483.8357,0.007342316210269928
2.4380952380952383,472.06665,0.010024957358837128
2.4613151927437644,407.06616,0.009038041345775127
2.48453514739229,478.17825,0.0066766804084181786
2.507755102040816,495.32275,0.004389225039631128
2.5309750566893423,522.2005,0.004857609048485756
2.5541950113378684,528.2986,0.004514055326581001
2.5774149659863945,515.3949,0.005373639054596424
2.6006349206349206,498.11594,0.005288184620440006
2.6238548752834467,477.90848,0.007091381587088108
2.647074829931973,484.6231,0.007074789144098759
2.670294784580499,470.70688,0.006425139028578997
2.693514739229025,482.83734,0.004631337709724903
2.716734693877551,506.96942,0.005393138155341148
2.7399546485260773,526.80804,0.004964394494891167
2.7631746031746034,526.3035,0.004739624448120594
2.7863945578231295,509.70367,0.004561620764434338
2.809614512471655,493.40942,0.004642508924007416
2.8328344671201813,480.2223,0.006312231998890638
2.8560544217687074,479.5033,0.005813093855977058
2.8792743764172335,499.64328,0.006135068368166685
2.9024943310657596,540.6705,0.010874339379370213
2.9257142857142857,557.33746,0.013918844982981682
2.948934240362812,565.5193,0.01597706973552704
2.972154195011338,554.69916,0.017087450250983238
2.995374149659864,543.65875,0.009527463465929031
3.01859410430839,516.4432,0.009663468226790428
3.0418140589569163,516.69684,0.009389957413077354
3.0650340136054424,532.5544,0.012384738773107529
3.0882539682539685,552.2742,0.015612348914146423
3.1114739229024946,529.6199,0.011664202436804771
3.1346938775510207,575.5592,0.013201387599110603
3.1579138321995464,546.0028,0.018168780952692032
3.1811337868480725,544.79895,0.013547150418162346
3.2043537414965986,525.82324,0.010251035913825035
3.2275736961451247,3058.8052,0.01019459031522274
3.250793650793651,541.39276,0.013401993550360203
3.274013605442177,562.5768,0.013349400833249092
3.297233560090703,661.4831,0.008966555818915367
3.320453514739229,658.546,0.011641453020274639
3.3436734693877552,513.26776,0.01707252487540245
3.3668934240362813,560.8926,0.03249749541282654
3.3901133786848074,547.526,0.02751525491476059
3.4133333333333336,545.7575,0.024623572826385498
3.4365532879818597,557.39514,0.024596232920885086
3.4597732426303858,626.742,0.03492531180381775
3.4829931972789114,628.3578,0.03527487441897392
3.5062131519274375,639.81525,0.037128716707229614
3.5294331065759637,633.31274,0.05030513554811478
3.5526530612244898,552.48444,0.042636558413505554
3.575873015873016,580.87445,0.026237107813358307
3.599092970521542,663.0618,0.026814036071300507
3.622312925170068,595.99646,0.030520612373948097
3.645532879818594,624.7945,0.04484080523252487
3.6687528344671203,650.22565,0.04317270219326019
3.6919727891156464,656.0156,0.048944197595119476
3.7151927437641725,642.23413,0.0507223904132843
3.7384126984126986,534.313,0.0513073205947876
3.7616326530612247,533.0117,0.025509167462587357
3.784852607709751,581.1772,0.02130231261253357
3.8080725623582765,578.7301,0.022693194448947906
3.8312925170068026,679.0748,0.04408453404903412
3.8545124716553287,655.8303,0.047796353697776794
3.877732426303855,671.0667,0.06654129922389984
3.900952380952381,666.24335,0.07413813471794128
3.924172335600907,693.83734,0.06285393983125687
3.947392290249433,551.0682,0.06733009219169617
3.9706122448979593,604.7693,0.04605507478117943
3.9938321995464854,612.829,0.05245872586965561
4.017052154195011,670.5352,0.08939386904239655
4.040272108843538,696.56793,0.0880240947008133
4.063492063492063,719.75104,0.06811273843050003
4.08671201814059,715.4846,0.10143956542015076
4.1099319727891155,692.96466,0.14875681698322296
4.133151927437642,672.8702,0.1274803876876831
4.156371882086168,653.3469,0.08978748321533203
4.179591836734694,1460.4838,0.08059516549110413
4.20281179138322,673.3572,0.09412075579166412
4.2260317460317465,701.8935,0.05692370608448982
4.249251700680272,1223.1392,0.04598578065633774
4.272471655328799,522.1581,0.06580241024494171
4.295691609977324,709.0672,0.12042639404535294
4.31891156462585,677.12933,0.1367148458957672
4.342131519274377,665.07025,0.12103284895420074
4.365351473922902,671.8324,0.11518849432468414
4.388571428571429,696.97034,0.0693361908197403
4.4117913832199545,217.31682,0.035467565059661865
4.435011337868481,756.96454,0.03235940635204315
4.458231292517007,216.57831,0.05099435895681381
4.481451247165533,731.18414,0.09946237504482269
4.504671201814059,695.5426,0.1498483121395111
4.527891156462585,684.4291,0.13811826705932617
4.551111111111111,694.32043,0.09471601992845535
4.574331065759638,724.41376,0.0451490581035614
4.597551020408163,1249.7708,0.044281914830207825
4.62077097505669,535.10645,0.06479485332965851
4.6439909297052155,546.6553,0.062239792197942734
4.667210884353741,743.04614,0.07673341035842896
4.690430839002268,722.0748,0.09504453837871552
4.713650793650793,712.9891,0.09192344546318054
4.73687074829932,134.04637,0.06817680597305298
4.760090702947846,137.63179,0.04933533817529678
4.783310657596372,111.12286,0.05455273389816284
4.806530612244898,1298.1691,0.05244893580675125
4.829750566893424,1587.0457,0.0719667300581932
4.85297052154195,1502.5509,0.06439964473247528
4.876190476190477,734.30475,0.08212009817361832
4.899410430839002,721.5376,0.08203467726707458
4.922630385487529,136.54921,0.0625283271074295
4.9458503401360545,107.95562,0.0638500526547432
4.96907029478458,1574.9331,0.05708855763077736
4.992290249433107,329.45395,0.042194582521915436
5.015510204081632,586.0813,0.06891147792339325
5.038730158730159,550.21655,0.12171473354101181
5.061950113378685,238.73044,0.11066148430109024
5.085170068027211,771.07416,0.09926845133304596
5.108390022675737,1401.0748,0.12218035757541656
5.131609977324263,1534.54,0.0830211192369461
5.154829931972789,1550.7476,0.040210213512182236
5.178049886621316,318.904,0.04368177056312561
5.201269841269841,51.293007,0.05995826795697212
5.224489795918368,573.34717,0.10306916385889053
5.2477097505668935,1606.2466,0.1313106268644333
5.27092970521542,1561.3075,0.1491391807794571
5.294149659863946,1568.6984,0.14098677039146423
5.317369614512471,1588.818,0.10153645277023315
5.340589569160998,1589.5892,0.057292744517326355
5.363809523809524,343.6286,0.043682124465703964
5.38702947845805,184.30475,0.05855787172913551
5.410249433106576,594.3144,0.08063993602991104
5.433469387755102,1567.8545,0.09201283007860184
5.456689342403628,1576.3269,0.09212575852870941
5.479909297052155,1594.7776,0.08020568639039993
5.50312925170068,324.91815,0.07038343697786331
5.526349206349207,595.35547,0.06691572070121765
5.5495691609977325,1687.3306,0.07695241272449493
5.572789115646259,1650.5116,0.10169251263141632
5.596009070294785,1546.2397,0.06350703537464142
5.61922902494331,244.72643,0.04900301992893219
5.642448979591837,733.1559,0.042927928268909454
5.6656689342403626,1466.2123,0.04012486711144447
5.688888888888889,1471.9014,0.06297998130321503
5.712108843537415,541.6746,0.05697226896882057
5.735328798185941,108.23355,0.03830821067094803
5.758548752834467,732.6922,0.06875643134117126
5.7817687074829935,210.08784,0.10229595005512238
5.804988662131519,701.4292,0.09287934005260468
5.828208616780046,718.8602,0.05683252960443497
5.851428571428571,229.32957,0.03611348941922188
5.874648526077098,86.49364,0.045993953943252563
5.897868480725624,1560.803,0.04756832495331764
5.92108843537415,578.2999,0.03764985501766205
5.944308390022676,741.5329,0.06914955377578735
5.9675283446712015,719.6643,0.09732019901275635
5.990748299319728,708.496,0.08794577419757843
6.013968253968254,710.25366,0.05962984263896942
6.03718820861678,505.67615,0.038920849561691284
6.060408163265306,511.55133,0.035187214612960815
6.0836281179138325,1535.5485,0.05413533002138138
6.106848072562358,41.371773,0.05086888372898102
6.130068027210885,225.66838,0.05674251914024353
6.15328798185941,697.2438,0.09419237077236176
6.176507936507937,673.59015,0.0947442576289177
6.199727891156463,684.90137,0.08274392783641815
6.222947845804989,716.79974,0.04909788817167282
6.246167800453515,761.7471,0.039324335753917694
6.269387755102041,749.9742,0.05426595360040665
6.292607709750567,25.201487,0.07067137956619263
6.315827664399093,684.9006,0.10112622380256653
6.339047619047619,671.0519,0.09844845533370972
6.362267573696145,669.9109,0.10104000568389893
6.3854875283446715,680.4793,0.08265253156423569
6.408707482993197,569.54816,0.049394167959690094
6.431927437641724,1065.4487,0.03567887842655182
6.455147392290249,758.12726,0.03615700826048851
6.478367346938776,742.21655,0.06657485663890839
6.501587301587302,711.179,0.09546711295843124
6.524807256235828,686.3942,0.10986694693565369
6.548027210884354,672.3234,0.09704633057117462
6.57124716553288,678.7137,0.08957423269748688
6.594467120181406,701.0347,0.0636008232831955
6.617687074829932,510.1825,0.03645249083638191
6.640907029478458,750.5304,0.03756941854953766
6.664126984126984,1205.7545,0.06823622435331345
6.6873469387755105,675.5,0.05731858313083649
6.710566893424036,640.2818,0.034799084067344666
6.733786848072563,552.5864,0.03260784596204758
6.757006802721088,617.6077,0.03999743610620499
6.780226757369615,1084.4651,0.05853588506579399
6.8034467120181406,1246.725,0.0607253760099411
6.826666666666667,656.78253,0.04816477745771408
6.849886621315193,626.0186,0.0382256954908371
6.873106575963719,549.295,0.01931759901344776
6.896326530612245,516.73456,0.020374197512865067
6.9195464852607715,390.3731,0.01918761059641838
6.942766439909297,91.55148,0.04262311011552811
6.965986394557823,636.6699,0.03606846183538437
6.989206349206349,257.18896,0.04316498339176178
7.012426303854875,656.3078,0.04283807799220085
7.035646258503402,634.8651,0.04241159185767174
7.058866213151927,696.4214,0.033021580427885056
7.082086167800454,520.81384,0.019565336406230927
7.1053061224489795,674.5189,0.02136896178126335
7.128526077097506,241.47821,0.039509985595941544
7.151746031746032,627.71075,0.03207411617040634
7.174965986394558,651.11444,0.03579472005367279
7.198185941043084,193.1704,0.03182949870824814
7.2214058956916105,441.49142,0.015254881232976913
7.244625850340136,563.08453,0.012120181694626808
7.267845804988662,548.60394,0.009319107979536057
7.291065759637188,549.9774,0.009749535471200943
7.314285714285714,563.5844,0.010571267455816269
7.337505668934241,577.68036,0.009722627699375153
7.360725623582766,408.87708,0.010371526703238487
7.383945578231293,564.3075,0.010098796337842941
7.4071655328798185,542.85815,0.006742309778928757
7.430385487528345,526.52405,0.0057739801704883575
7.453605442176871,528.58606,0.0066444347612559795
7.476825396825397,541.14575,0.009152224287390709
7.500045351473923,563.2694,0.009805968031287193
7.5232653061224495,180.28311,0.006929618306457996
7.546485260770975,871.3374,0.008892932906746864
7.569705215419502,565.3913,0.009766249917447567
7.592925170068027,535.5722,0.006353101693093777
7.616145124716553,520.61847,0.0057974644005298615
7.63936507936508,519.57153,0.006064713001251221
7.662585034013605,533.88116,0.007776414975523949
7.685804988662132,555.38544,0.011373946443200111
7.7090249433106575,541.71954,0.008776243776082993
7.732244897959184,570.67664,0.008961443789303303
7.75546485260771,541.7114,0.0045028855092823505
7.778684807256236,496.1745,0.002902822569012642
7.801904761904762,478.41476,0.003363835159689188
7.8251247165532885,484.39316,0.003050260478630662
7.848344671201814,498.29678,0.004436722490936518
7.871564625850341,510.97046,0.005933491513133049
7.894784580498866,508.71893,0.006200743373483419
7.918004535147393,495.0414,0.004105877131223679
7.9412244897959186,480.00226,0.0043189506977796555
7.964444444444444,482.1698,0.005663386546075344
7.987664399092971,463.31073,0.005626012571156025
8.010884353741497,476.533,0.004295313730835915
8.034104308390022,493.15814,0.004103193990886211
8.057324263038549,512.49664,0.00517971022054553
8.080544217687075,513.2164,0.005205852445214987
8.103764172335602,500.68707,0.004846022929996252
8.126984126984127,484.75986,0.0033663189969956875
8.150204081632653,468.3152,0.0053769368678331375
8.17342403628118,518.9268,0.006070346105843782
8.196643990929706,473.23367,0.0050674122758209705
8.219863945578231,489.7844,0.0050662001594901085
8.243083900226758,515.9833,0.0057603782042860985
8.266303854875284,508.41168,0.00496281310915947
8.289523809523809,486.78897,0.0026756655424833298
8.312743764172335,476.93884,0.0035890662111341953
8.335963718820862,453.41257,0.0038280151784420013
8.359183673469389,468.82556,0.003727307543158531
8.382403628117913,479.83096,0.0024986150674521923
8.40562358276644,488.19635,0.002324747620150447
8.428843537414966,482.90088,0.002993905683979392
8.452063492063493,472.54684,0.004534639418125153
8.475283446712018,477.0682,0.0049896445125341415
8.498503401360544,441.2199,0.003958053886890411
8.52172335600907,531.2853,0.0036728624254465103
8.544943310657597,446.7774,0.004744317382574081
8.568163265306122,464.4309,0.0038937157951295376
8.591383219954649,480.4453,0.0024011265486478806
8.614603174603175,484.379,0.002371462993323803
8.6378231292517,477.3592,0.0033512492664158344
8.661043083900227,156.13336,0.004025604575872421
8.684263038548753,392.8148,0.002916710451245308
8.70748299319728,1042.6938,0.0030359975062310696
8.730702947845804,451.34427,0.004780561197549105
8.753922902494331,470.53256,0.0036071522627025843
8.777142857142858,480.12128,0.00237442459911108
8.800362811791384,476.69614,0.003157776314765215
8.823582766439909,438.929,0.0014569077175110579
8.846802721088435,399.1689,0.001745383022353053
8.870022675736962,382.17407,0.0019515142776072025
8.893242630385489,469.9384,0.0019388124346733093
8.916462585034013,425.72922,0.0015429423656314611
8.93968253968254,429.00366,0.0013295493554323912
8.962902494331066,391.7704,0.00177565508056432
8.986122448979591,467.98944,0.0023542018607258797
9.009342403628118,651.9856,0.0021647007670253515
9.032562358276644,396.59845,0.0018501118756830692
9.05578231292517,393.4689,0.0016989323776215315
9.079002267573696,394.79727,0.0015457066474482417
9.102222222222222,394.13962,0.0015570370014756918
9.125442176870749,404.2198,0.0014781466452404857
9.148662131519275,457.24268,0.00128564506303519
9.1718820861678,481.1522,0.0013396772556006908
9.195102040816327,377.05438,0.0015921921003609896
9.218321995464853,406.32388,0.0014490268658846617
9.24154195011338,394.4066,0.001334922038950026
9.264761904761905,395.34204,0.0013690032064914703
9.287981859410431,1071.953,0.0016019233735278249
9.311201814058958,472.12094,0.0013589360751211643
9.334421768707482,449.39548,0.001003136159852147
9.357641723356009,384.6896,0.0010480711935088038
9.380861678004536,85.2656,0.0004027155227959156
9.404081632653062,644.9266,0.00046977458987385035
9.427301587301587,363.45633,0.0004365962522570044
9.450521541950113,373.39417,0.0004306429182179272
9.47374149659864,256.18378,0.0003239898360334337
9.496961451247167,376.8017,0.0003686712007038295
9.520181405895691,683.7409,0.0004509535792749375
9.543401360544218,222.90999,0.0004988720174878836
9.566621315192744,357.66772,0.0004904213128611445
9.58984126984127,334.2382,0.0006736993091180921
9.613061224489796,348.6533,0.000672383641358465
9.636281179138322,103.810455,0.0003788591711781919
9.659501133786849,670.2408,0.00044387520756572485
9.682721088435374,379.913,0.0003392018552403897
9.7059410430839,380.43433,0.0003413182566873729
9.729160997732427,373.69052,0.00032983600976876915
9.752380952380953,364.56494,0.00036064538289792836
9.775600907029478,355.8775,0.000396889285184443
9.798820861678005,326.38507,0.00048047662130557
9.822040816326531,350.37793,0.0005358402850106359
9.845260770975058,100.52847,0.0003188978007528931
9.868480725623582,372.90253,0.00040992541471496224
9.891700680272109,383.73373,0.0003570260596461594
9.914920634920636,384.41727,0.0003955827560275793
9.93814058956916,378.50897,0.0003205454850103706
9.961360544217687,369.08365,0.0003321906551718712
9.984580498866213,379.2459,0.0003956985892727971
10.00780045351474,262.3471,0.0005377517663873732
10.031020408163265,371.45358,0.0005396391497924924
10.054240362811791,363.14676,0.0003884379402734339
10.077460317460318,370.63007,0.0002860660897567868
10.100680272108844,377.64194,0.0002343734522582963
10.12390022675737,378.0244,0.0002490876358933747
10.147120181405896,372.0347,0.00025330870994366705
10.170340136054422,361.2459,0.0003148765827063471
10.193560090702949,649.77606,0.000395172624848783
10.216780045351474,126.79213,0.0005145973991602659
10.24,352.91452,0.0004122987447772175
10.263219954648527,363.57535,0.00024620548356324434
10.286439909297052,372.18716,0.00026426464319229126
10.309659863945578,378.96655,0.0002139262214768678
10.332879818594105,378.02338,0.00024252466391772032
10.356099773242631,371.53592,0.00023987446911633015
10.379319727891156,359.2224,0.0003200386418029666
10.402539682539683,621.1293,0.000390346918720752
10.425759637188209,656.4043,0.00039920207927934825
10.448979591836736,368.43634,0.0002372715389356017
10.47219954648526,384.20178,0.0002973138471134007
10.495419501133787,389.99832,2.5540113711031154e-05
10.518639455782314,0.0,1.266689650947228e-07
10.54185941043084,0.0,1.1791507859015837e-07
10.565079365079365,0.0,6.566824595211074e-08
10.588299319727891,0.0,3.627974365372211e-08
10.611519274376418,0.0,2.4193468561861664e-08
10.634739229024943,0.0,5.8507794165052474e-08
10.65795918367347,0.0,4.237790562910959e-08
10.681179138321996,0.0,2.0736479200422764e-08
10.704399092970522,0.0,3.902914613718167e-08
10.727619047619047,0.0,2.1680534700863063e-08
10.750839002267574,0.0,3.2862772059161216e-08
10.7740589569161,0.0,6.346272130031139e-08
10.797278911564627,0.0,7.760718290228397e-08
10.820498866213152,0.0,1.2634518498089164e-07
10.843718820861678,0.0,1.701591827441007e-07
10.866938775510205,0.0,8.182996680261567e-08
10.890158730158731,0.0,4.119738150620833e-08
10.913378684807256,0.0,1.3192220649216324e-08
10.936598639455783,0.0,4.375033313408494e-08
10.95981859410431,0.0,3.9766746340319514e-08
10.983038548752834,0.0,3.4722688724286854e-08
11.00625850340136,0.0,1.0577423381619155e-08
11.029478458049887,0.0,4.588400770444423e-08
11.052698412698414,0.0,2.7442183636594564e-08
11.075918367346938,0.0,3.126842784695327e-08
11.099138321995465,0.0,5.606580089079216e-08
11.122358276643991,0.0,1.197286110254936e-07
11.145578231292518,0.0,6.468962965300307e-08
11.168798185941043,0.0,4.418234311742708e-08
11.19201814058957,0.0,3.815421223407611e-08
11.215238095238096,0.0,4.396861186251044e-08
11.23845804988662,0.0,5.818037607241422e-08
11.261678004535147,0.0,5.473975761560723e-08
