0.0,0.0,2.1643609215971082e-07
0.023219954648526078,0.0,1.1609063221840188e-07
0.046439909297052155,0.0,1.0023813956649974e-07
0.06965986394557823,0.0,2.095530362566933e-07
0.09287981859410431,0.0,1.5459590940736234e-07
0.11609977324263039,0.0,1.2379859981592745e-07
0.13931972789115646,0.0,2.107053660438396e-07
0.16253968253968254,0.0,1.573989720782265e-07
0.18575963718820862,0.0,1.683547452557832e-07
0.2089795918367347,0.0,5.696892912965268e-08
0.23219954648526078,0.0,7.138169166864827e-08
0.25541950113378686,0.0,1.509388312115334e-07
0.2786394557823129,0.0,2.803117240546271e-07
0.301859410430839,0.0,2.621336534502916e-07
0.3250793650793651,0.0,1.246771716978401e-07
0.3482993197278912,0.0,1.396474544890225e-07
0.37151927437641724,0.0,6.838035915279761e-08
0.3947392290249433,0.0,8.956976671470329e-08
0.4179591836734694,0.0,3.127388481516391e-08
0.44117913832199546,0.0,3.5831362765748054e-08
0.46439909297052157,0.0,9.970335668185726e-08
0.4876190476190476,0.0,5.6663338909856975e-08
0.5108390022675737,0.0,3.0225237424019724e-08
0.5340589569160998,0.0,5.716810846934095e-08
0.5572789115646258,0.0,9.273117029806599e-08
0.5804988662131519,0.0,1.2618693290278316e-07
0.603718820861678,0.0,9.377799869980663e-08
0.626938775510204,0.0,8.54806785355322e-08
0.6501587301587302,643.58734,5.145119212102145e-05
0.6733786848072563,719.49164,0.0003963810740970075
0.6965986394557824,745.7793,0.0006634191377088428
0.7198185941043084,712.8455,0.0008088009199127555
0.7430385487528345,848.6533,0.0008742974023334682
0.7662585034013606,704.033,0.0010561890667304397
0.7894784580498866,714.6327,0.0013991413870826364
0.8126984126984127,324.95477,0.0015935851261019707
0.8359183673469388,698.54175,0.0018383749993517995
0.8591383219954649,423.49335,0.0019962936639785767
0.8823582766439909,702.47516,0.0020324927754700184
0.905578231292517,351.6856,0.0019820425659418106
0.9287981859410431,218.10437,0.001576733309775591
0.9520181405895691,235.29915,0.0017104563303291798
0.9752380952380952,1090.0472,0.0018331925384700298
0.9984580498866213,1106.3638,0.001716050785034895
1.0216780045351475,243.054,0.001917302724905312
1.0448979591836736,220.66797,0.002215025946497917
1.0681179138321997,674.08826,0.0023174379020929337
1.0913378684807256,341.98373,0.0020903595723211765
1.1145578231292517,350.0129,0.001640901667997241
1.1377777777777778,834.792,0.0014534728834405541
1.1609977324263039,1001.14417,0.0025536566972732544
1.18421768707483,1057.6699,0.00330789340659976
1.207437641723356,237.60924,0.0020909993909299374
1.2306575963718822,245.25464,0.0018959410954266787
1.253877551020408,212.96582,0.0021457578986883163
1.2770975056689342,683.65576,0.0019476719899103045
1.3003174603174603,240.98009,0.0017644469626247883
1.3235374149659864,1114.611,0.003319241339340806
1.3467573696145125,1040.7412,0.002322009764611721
1.3699773242630386,415.42697,0.0033189798705279827
1.3931972789115648,1137.7184,0.006133371498435736
1.4164172335600906,390.078,0.0026536118239164352
1.4396371882086167,229.58685,0.0018784886924549937
1.4628571428571429,914.1476,0.0017843543319031596
1.486077097505669,253.43944,0.002007722854614258
1.509297052154195,902.073,0.0030688210390508175
1.5325170068027212,1036.3064,0.0011280816979706287
1.5557369614512473,425.65915,0.0007601765100844204
1.5789569160997732,978.76166,0.0015033707022666931
1.6021768707482993,406.7863,0.004917886108160019
1.6253968253968254,1149.2646,0.002571484539657831
1.6486167800453515,246.75842,0.0019305762834846973
1.6718367346938776,1116.1924,0.0021039596758782864
1.6950566893424037,1078.1774,0.003276368835940957
1.7182766439909298,1087.1002,0.0021473357919603586
1.7414965986394557,408.89386,0.000859259394928813
1.7647165532879818,746.41223,0.0010591271566227078
1.787936507936508,953.9656,0.0017710175598040223
1.811156462585034,247.90244,0.005125918425619602
1.8343764172335602,248.48405,0.004971939139068127
1.8575963718820863,1056.1257,0.005517869256436825
1.8808163265306124,1056.2767,0.004565964452922344
1.9040362811791383,413.45874,0.0016793669201433659
1.9272562358276644,178.25014,0.0015947702340781689
1.9504761904761905,1050.9321,0.0018338437657803297
1.9736961451247166,718.3785,0.0024121233727782965
1.9969160997732427,306.77847,0.0021063992753624916
2.020136054421769,955.8141,0.003917085938155651
2.043356009070295,531.59216,0.004509640857577324
2.066575963718821,175.72206,0.0025784384924918413
2.089795918367347,403.3044,0.0017643023747950792
2.1130158730158732,174.18138,0.0013640429824590683
2.1362358276643993,526.28375,0.0010685002198442817
2.159455782312925,514.7112,0.0017425051191821694
2.182675736961451,707.82086,0.002788489917293191
2.2058956916099772,315.89993,0.0022456625010818243
2.2291156462585033,745.13763,0.002228069119155407
2.2523356009070294,1086.5715,0.0027029565535485744
2.2755555555555556,527.10815,0.0017820550128817558
2.2987755102040817,491.29742,0.00145260663703084
2.3219954648526078,494.54477,0.0016772858798503876
2.345215419501134,455.34348,0.002443999517709017
2.36843537414966,518.5462,0.0034422525204718113
2.391655328798186,354.40552,0.003287827130407095
2.414875283446712,691.45825,0.002983994781970978
2.4380952380952383,496.34003,0.002910732291638851
2.4613151927437644,487.4293,0.0024495339021086693
2.48453514739229,492.4525,0.0017536722589284182
2.507755102040816,494.0687,0.0020600405987352133
2.5309750566893423,1151.6201,0.0027514949906617403
2.5541950113378684,1136.3026,0.003494211472570896
2.5774149659863945,459.0975,0.003652912564575672
2.6006349206349206,457.2792,0.0032900087535381317
2.6238548752834467,462.0392,0.003007492981851101
2.647074829931973,477.15704,0.0023791752755641937
2.670294784580499,493.26047,0.0014581221621483564
2.693514739229025,503.4742,0.0017951184418052435
2.716734693877551,494.96475,0.002456049434840679
2.7399546485260773,481.45132,0.003203114029020071
2.7631746031746034,462.9549,0.0038024215027689934
2.7863945578231295,459.1963,0.0036579701118171215
2.809614512471655,298.69287,0.0034137931652367115
2.8328344671201813,481.16565,0.0025164184626191854
2.8560544217687074,499.545,0.00183354620821774
2.8792743764172335,506.01202,0.002361822407692671
2.9024943310657596,498.82385,0.0032148470636457205
2.9257142857142857,480.53876,0.004346538335084915
2.948934240362812,305.34348,0.006163750309497118
2.972154195011338,310.7265,0.005741083063185215
2.995374149659864,487.50934,0.004060807172209024
3.01859410430839,506.79837,0.004419257864356041
3.0418140589569163,102.39809,0.004693944472819567
3.0650340136054424,218.19868,0.006266956217586994
3.0882539682539685,645.93036,0.00633642915636301
3.1114739229024946,527.3278,0.005852086935192347
3.1346938775510207,509.47403,0.007905623875558376
3.1579138321995464,502.0714,0.00842988584190607
3.1811337868480725,503.11227,0.007521023973822594
3.2043537414965986,515.3531,0.007078283466398716
3.2275736961451247,533.22906,0.008919566869735718
3.250793650793651,559.5215,0.01273912563920021
3.274013605442177,3092.5366,0.01476930920034647
3.297233560090703,658.0618,0.013189364224672318
3.320453514739229,530.4058,0.008338578045368195
3.3436734693877552,515.8148,0.009616289287805557
3.3668934240362813,520.8026,0.008567720651626587
3.3901133786848074,643.80804,0.015064421109855175
3.4133333333333336,626.6253,0.017253274098038673
3.4365532879818597,1238.94,0.014451779425144196
3.4597732426303858,385.09637,0.018413227051496506
3.4829931972789114,619.3272,0.013131355866789818
3.5062131519274375,531.65094,0.010343100875616074
3.5294331065759637,217.69003,0.013795053586363792
3.5526530612244898,570.55493,0.02812359482049942
3.575873015873016,607.42004,0.060513343662023544
3.599092970521542,639.5214,0.07304000854492188
3.622312925170068,642.9977,0.06897961348295212
3.645532879818594,722.8431,0.044925473630428314
3.6687528344671203,570.8333,0.03611234948039055
3.6919727891156464,562.76636,0.04589598998427391
3.7151927437641725,566.4269,0.032969601452350616
3.7384126984126986,580.2863,0.03916877508163452
3.7616326530612247,639.2101,0.06549949944019318
3.784852607709751,659.06744,0.06901964545249939
3.8080725623582765,254.86238,0.061659425497055054
3.8312925170068026,711.882,0.039274126291275024
3.8545124716553287,578.23846,0.03183522820472717
3.877732426303855,569.4992,0.0372484028339386
3.900952380952381,574.54535,0.025062933564186096
3.924172335600907,613.76434,0.0494571290910244
3.947392290249433,649.58417,0.07148589938879013
3.9706122448979593,663.4637,0.08418786525726318
3.9938321995464854,651.1324,0.07395093142986298
4.017052154195011,242.5871,0.056849781423807144
4.040272108843538,1181.0345,0.07664917409420013
4.063492063492063,623.698,0.10605990141630173
4.08671201814059,658.60016,0.11516983807086945
4.1099319727891155,682.36334,0.13285525143146515
4.133151927437642,701.6389,0.13649848103523254
4.156371882086168,696.2069,0.19334213435649872
4.179591836734694,678.9993,0.198737233877182
4.20281179138322,655.9099,0.13103078305721283
4.2260317460317465,623.16986,0.08238622546195984
4.249251700680272,628.0174,0.07386764883995056
4.272471655328799,664.30597,0.09439323097467422
4.295691609977324,678.2881,0.13636749982833862
4.31891156462585,717.1435,0.07679246366024017
4.342131519274377,735.8487,0.08020894974470139
4.365351473922902,717.4928,0.1856807917356491
4.388571428571429,674.69244,0.16633543372154236
4.4117913832199545,639.9772,0.12311170995235443
4.435011337868481,263.319,0.13544687628746033
4.458231292517007,668.2712,0.1681315302848816
4.481451247165533,696.834,0.12893207371234894
4.504671201814059,729.1603,0.07140462100505829
4.527891156462585,1033.9718,0.06860451400279999
4.551111111111111,725.4421,0.1137455478310585
4.574331065759638,703.1778,0.17809708416461945
4.597551020408163,675.7402,0.16436725854873657
4.62077097505669,673.33575,0.16482123732566833
4.6439909297052155,693.9533,0.13275839388370514
4.667210884353741,730.50024,0.05933035910129547
4.690430839002268,280.7477,0.04464475065469742
4.713650793650793,755.59515,0.06795075535774231
4.73687074829932,214.20192,0.12717074155807495
4.760090702947846,686.26306,0.13244152069091797
4.783310657596372,146.23006,0.09578496217727661
4.806530612244898,661.2842,0.0945543646812439
4.829750566893424,684.0134,0.08687842637300491
4.85297052154195,718.8895,0.039317041635513306
4.876190476190477,163.03436,0.03652048856019974
4.899410430839002,536.0212,0.055760130286216736
4.922630385487529,749.4964,0.09349733591079712
4.9458503401360545,682.70435,0.1526133120059967
4.96907029478458,152.15096,0.14279228448867798
4.992290249433107,678.93634,0.1346660554409027
5.015510204081632,712.40216,0.07390186190605164
5.038730158730159,1357.8796,0.033425889909267426
5.061950113378685,91.05956,0.05457976087927818
5.085170068027211,792.77466,0.08051247894763947
5.108390022675737,1431.7465,0.09473004192113876
5.131609977324263,536.3441,0.1535649597644806
5.154829931972789,717.53894,0.17059019207954407
5.178049886621316,553.3214,0.11249590665102005
5.201269841269841,519.214,0.102596215903759
5.224489795918368,1425.3997,0.07441579550504684
5.2477097505668935,45.439487,0.06243505701422691
5.27092970521542,878.0726,0.0838407501578331
5.294149659863946,1572.7732,0.17660710215568542
5.317369614512471,1528.0951,0.09393810480833054
5.340589569160998,290.92255,0.09790180623531342
5.363809523809524,1471.8605,0.1281706988811493
5.38702947845805,1342.57,0.09217844903469086
5.410249433106576,50.428474,0.046458303928375244
5.433469387755102,627.1292,0.04582834243774414
5.456689342403628,896.6914,0.08822332322597504
5.479909297052155,1631.2803,0.2073236107826233
5.50312925170068,1561.4003,0.19500410556793213
5.526349206349207,1474.4042,0.08775611221790314
5.5495691609977325,1317.7836,0.08723264187574387
5.572789115646259,1558.7556,0.1388227343559265
5.596009070294785,1588.1946,0.06584784388542175
5.61922902494331,1560.7268,0.0626337081193924
5.642448979591837,345.85297,0.1040908545255661
5.6656689342403626,1540.7516,0.2360374927520752
5.688888888888889,1546.4403,0.25179582834243774
5.712108843537415,1504.8622,0.2314203530550003
5.735328798185941,1588.1426,0.17362457513809204
5.758548752834467,1545.8064,0.1182907223701477
5.7817687074829935,1371.256,0.09453698992729187
5.804988662131519,1409.2704,0.10564236342906952
5.828208616780046,1360.3696,0.08442363142967224
5.851428571428571,501.0632,0.05359451472759247
5.874648526077098,1327.1819,0.030654065310955048
5.897868480725624,770.7055,0.0398515984416008
5.92108843537415,509.70312,0.08392621576786041
5.944308390022676,487.97513,0.13507559895515442
5.9675283446712015,678.40717,0.14634008705615997
5.990748299319728,665.19446,0.13857531547546387
6.013968253968254,672.7653,0.14619159698486328
6.03718820861678,700.4228,0.08455497026443481
6.060408163265306,289.46848,0.04003056511282921
6.0836281179138325,1535.9342,0.04910997301340103
6.106848072562358,1489.2145,0.06382158398628235
6.130068027210885,142.78378,0.12964579463005066
6.15328798185941,672.858,0.14503076672554016
6.176507936507937,905.4213,0.14236432313919067
6.199727891156463,671.38556,0.15167823433876038
6.222947845804989,690.6625,0.09415383636951447
6.246167800453515,281.49344,0.043684400618076324
6.269387755102041,829.7031,0.02806827425956726
6.292607709750567,107.950356,0.07574248313903809
6.315827664399093,703.97797,0.13714349269866943
6.339047619047619,661.3463,0.12089312076568604
6.362267573696145,654.566,0.10030148178339005
6.3854875283446715,673.9603,0.11299294233322144
6.408707482993197,207.89384,0.08624152839183807
6.431927437641724,215.09164,0.07332557439804077
6.455147392290249,206.241,0.11076447367668152
6.478367346938776,678.04913,0.12778568267822266
6.501587301587302,247.59857,0.08447147905826569
6.524807256235828,696.41394,0.08946380764245987
6.548027210884354,627.7874,0.10304970294237137
6.57124716553288,653.5215,0.11190831661224365
6.594467120181406,686.5645,0.09824883937835693
6.617687074829932,515.35706,0.06188717111945152
6.640907029478458,722.54675,0.0913575142621994
6.664126984126984,688.06323,0.14134690165519714
6.6873469387755105,645.712,0.09663326293230057
6.710566893424036,626.23395,0.10247979313135147
6.733786848072563,252.32886,0.11277711391448975
6.757006802721088,667.8496,0.13871777057647705
6.780226757369615,694.0927,0.1045801192522049
6.8034467120181406,702.45544,0.10996033251285553
6.826666666666667,674.86835,0.05565892159938812
6.849886621315193,657.4448,0.012825403362512589
6.873106575963719,567.7812,0.013549068942666054
6.896326530612245,211.8105,0.015346912667155266
6.9195464852607715,1218.522,0.03305412456393242
6.942766439909297,415.03662,0.03740326315164566
6.965986394557823,711.9311,0.03028208762407303
6.989206349206349,682.0624,0.014456250704824924
7.012426303854875,77.34073,0.017036013305187225
7.035646258503402,1179.5427,0.017972290515899658
7.058866213151927,674.2524,0.01919439807534218
7.082086167800454,1100.8557,0.016374405473470688
7.1053061224489795,673.0714,0.027030769735574722
7.128526077097506,626.62933,0.030836069956421852
7.151746031746032,667.7804,0.02687305398285389
7.174965986394558,543.1853,0.014616817235946655
7.198185941043084,555.6624,0.01792311482131481
7.2214058956916105,554.2543,0.018649213016033173
7.244625850340136,565.8658,0.017741316929459572
7.267845804988662,406.6603,0.020588604733347893
7.291065759637188,551.65283,0.03311649709939957
7.314285714285714,679.9684,0.01926591247320175
7.337505668934241,499.768,0.006503650918602943
7.360725623582766,508.35684,0.004704850725829601
7.383945578231293,505.9119,0.005145285278558731
7.4071655328798185,529.71277,0.005366229452192783
7.430385487528345,549.81024,0.008221685886383057
7.453605442176871,483.08157,0.008814424276351929
7.476825396825397,1212.6046,0.006463868543505669
7.500045351473923,530.1083,0.004697171505540609
7.5232653061224495,510.93158,0.005626280326396227
7.546485260770975,518.9238,0.006099605467170477
7.569705215419502,502.43872,0.005364338867366314
7.592925170068027,519.1343,0.004803335759788752
7.616145124716553,533.384,0.004847449716180563
7.63936507936508,663.357,0.006946585141122341
7.662585034013605,631.4568,0.006867697462439537
7.685804988662132,190.14258,0.005311393178999424
7.7090249433106575,514.19684,0.005168609321117401
7.732244897959184,529.7033,0.0051739877089858055
7.75546485260771,550.6902,0.004454592242836952
7.778684807256236,1190.3754,0.005324945785105228
7.801904761904762,530.95874,0.00479719415307045
7.8251247165532885,545.26904,0.005086835939437151
7.848344671201814,526.3536,0.003384730312973261
7.871564625850341,1095.6812,0.003841958474367857
7.894784580498866,459.70917,0.004369090311229229
7.918004535147393,1183.6439,0.0036767376586794853
7.9412244897959186,491.13754,0.0031323274597525597
7.964444444444444,501.3274,0.0035995221696794033
7.987664399092971,95.960846,0.003782732877880335
8.010884353741497,480.4097,0.004741223528981209
8.034104308390022,472.61066,0.005351572297513485
8.057324263038549,714.661,0.005161181092262268
8.080544217687075,446.46967,0.00518274400383234
8.103764172335602,1147.8389,0.005477721802890301
8.126984126984127,478.5626,0.004374617710709572
8.150204081632653,495.5365,0.003866450395435095
8.17342403628118,1049.6202,0.0038937870413064957
8.196643990929706,476.90344,0.004819624125957489
8.219863945578231,471.54413,0.005066537298262119
8.243083900226758,733.7346,0.004792452789843082
8.266303854875284,721.74384,0.005425404291599989
8.289523809523809,68.49956,0.005142722278833389
8.312743764172335,485.0755,0.003240505000576377
8.335963718820862,493.02835,0.00366884539835155
8.359183673469389,481.83603,0.0036716172471642494
8.382403628117913,699.93365,0.004758150782436132
8.40562358276644,1141.3657,0.004410142544656992
8.428843537414966,1158.358,0.004443458281457424
8.452063492063493,1144.8258,0.003645961871370673
8.475283446712018,1167.126,0.0034723372664302588
8.498503401360544,1132.4076,0.003824583487585187
8.52172335600907,518.6493,0.004030504263937473
8.544943310657597,279.73737,0.0043216897174716
8.568163265306122,955.0023,0.004377255216240883
8.591383219954649,1039.6792,0.003541297046467662
8.614603174603175,424.6662,0.003198683727532625
8.6378231292517,1072.6471,0.003683274146169424
8.661043083900227,171.63039,0.0038344692438840866
8.684263038548753,1251.0623,0.0030643027275800705
8.70748299319728,1124.7036,0.0033686754759401083
8.730702947845804,471.2398,0.0039663780480623245
8.753922902494331,146.91342,0.003566362429410219
8.777142857142858,1094.1342,0.0032098093070089817
8.800362811791384,422.8181,0.0027942308224737644
8.823582766439909,179.88893,0.003409006167203188
8.846802721088435,1133.8342,0.0042334990575909615
8.870022675736962,1180.7037,0.003454627236351371
8.893242630385489,459.88046,0.0029749395325779915
8.916462585034013,1165.7491,0.0031125429086387157
8.93968253968254,1064.4846,0.002090824767947197
8.962902494331066,664.21643,0.0013826604699715972
8.986122448979591,280.89932,0.0022315070964396
9.009342403628118,414.55334,0.001416427898220718
9.032562358276644,1160.1842,0.001733920769765973
9.05578231292517,422.58386,0.0021924623288214207
9.079002267573696,1127.6641,0.0024056469555944204
9.102222222222222,246.27158,0.0018228702247142792
9.125442176870749,1007.9614,0.0012632732978090644
9.148662131519275,683.8756,0.0014165494358167052
9.1718820861678,993.09485,0.00128220918122679
9.195102040816327,700.01733,0.0021922544110566378
9.218321995464853,326.8137,0.002461433643475175
9.24154195011338,416.52457,0.0023171021603047848
9.264761904761905,1152.9668,0.003065836615860462
9.287981859410431,1179.1832,0.0026435661129653454
9.311201814058958,394.99957,0.0015563660999760032
9.334421768707482,385.40033,0.0009906357154250145
9.357641723356009,1045.7703,0.001041917596012354
9.380861678004536,244.67067,0.0017183581367135048
9.404081632653062,1138.6055,0.0018000910058617592
9.427301587301587,3104.8474,0.0020072474144399166
9.450521541950113,407.46643,0.0016614756314083934
9.47374149659864,394.388,0.0009193031582981348
9.496961451247167,692.3905,0.0011110380291938782
9.520181405895691,680.13025,0.0014172522351145744
9.543401360544218,336.0928,0.001197907142341137
9.566621315192744,703.5073,0.0011221433524042368
9.58984126984127,722.21484,0.0006283072871156037
9.613061224489796,737.5982,0.0006257054046727717
9.636281179138322,1172.0388,0.000624577165581286
9.659501133786849,681.0123,0.0008412089082412422
9.682721088435374,1193.0907,0.0010207247687503695
9.7059410430839,485.11438,0.001040163217112422
9.729160997732427,665.0361,0.0010709456400945783
9.752380952380953,341.00427,0.0011037061922252178
9.775600907029478,244.75143,0.0009286933927796781
9.798820861678005,713.5746,0.0006907116039656103
9.822040816326531,1087.7096,0.0007698861882090569
9.845260770975058,330.6206,0.0006824871525168419
9.868480725623582,710.4919,0.0008470300817862153
9.891700680272109,705.81805,0.0010307710617780685
9.914920634920636,671.7636,0.0010368856601417065
9.93814058956916,669.7051,0.0010125311091542244
9.961360544217687,1128.6499,0.0009990688413381577
9.984580498866213,696.4677,0.000542299123480916
10.00780045351474,969.9284,0.0004765577323269099
10.031020408163265,1084.2355,0.0005596308619715273
10.054240362811791,1041.3892,0.0005087145837023854
10.077460317460318,680.1511,0.0007291070651262999
10.100680272108844,680.1431,0.0007851010886952281
10.12390022675737,640.1917,0.0006260319496504962
10.147120181405896,670.0629,0.0007652803906239569
10.170340136054422,318.8638,0.0006541897892020643
10.193560090702949,646.3807,0.0003807951579801738
10.216780045351474,668.92456,0.0003771736519411206
10.24,220.74687,0.00039305834798142314
10.263219954648527,1043.7401,0.0004807044460903853
10.286439909297052,610.0085,0.0007202327251434326
10.309659863945578,655.8752,0.0005325584206730127
10.332879818594105,331.8122,0.0004870934644713998
10.356099773242631,435.3669,0.0006244141841307282
10.379319727891156,1006.34894,0.0008058016537688673
10.402539682539683,677.79376,0.00039496112731285393
10.425759637188209,712.17755,0.00043496026773937047
10.448979591836736,224.3089,0.0004592249169945717
10.47219954648526,686.7538,0.000590419047512114
10.495419501133787,391.52646,0.0008352407021448016
10.518639455782314,686.8008,0.0005855822237208486
10.54185941043084,670.76666,0.00048162369057536125
10.565079365079365,244.41797,0.0007576076313853264
10.588299319727891,73.14473,0.0004292899975553155
10.611519274376418,371.75885,0.00036588843795470893
10.634739229024943,1093.7063,0.00043957435991615057
10.65795918367347,1071.5273,0.00039034715155139565
10.681179138321996,71.6702,0.0006362965796142817
10.704399092970522,643.2266,0.00040950533002614975
10.727619047619047,326.94873,0.0005009878659620881
10.750839002267574,214.78568,0.0004391139082144946
10.7740589569161,229.6288,0.00010140018275706097
10.797278911564627,0.0,1.5473369785468094e-06
10.820498866213152,0.0,7.42329575587064e-07
10.843718820861678,0.0,9.655923349782825e-08
10.866938775510205,0.0,6.478694558609277e-08
10.890158730158731,0.0,3.785862645599991e-08
10.913378684807256,0.0,3.573313733795658e-08
10.936598639455783,0.0,5.9591911849565804e-08
10.95981859410431,0.0,2.1136656869202852e-08
10.983038548752834,0.0,6.012032827129588e-08
11.00625850340136,0.0,4.699995770351961e-08
11.029478458049887,0.0,5.5374584917444736e-08
11.052698412698414,0.0,9.179893822874874e-08
11.075918367346938,0.0,2.2545464162249118e-08
11.099138321995465,0.0,2.605611371109262e-08
11.122358276643991,0.0,3.910099621862173e-08
11.145578231292518,0.0,7.625385478604585e-08
11.168798185941043,0.0,8.308688848046586e-08
11.19201814058957,0.0,4.4836269808001816e-08
11.215238095238096,0.0,8.962524589151144e-08
11.23845804988662,0.0,4.539924702839926e-08
11.261678004535147,0.0,1.4547367754857987e-08
11.284897959183674,0.0,1.355419954052195e-08
11.3081179138322,0.0,5.2528775995597243e-08
11.331337868480725,0.0,4.693356459029019e-08
11.354557823129252,0.0,8.335155143868178e-08
11.377777777777778,0.0,4.696812538895756e-08
11.400997732426305,0.0,4.009780241176486e-08
11.42421768707483,0.0,5.290348781272769e-08
11.447437641723356,0.0,2.940760168712586e-08
11.470657596371883,0.0,2.7874193619936705e-08
11.49387755102041,0.0,4.3264662963338196e-08
11.517097505668934,0.0,3.7030986277386546e-08
11.54031746031746,0.0,3.136119630653411e-08
11.563537414965987,0.0,7.080598152242601e-08
11.586757369614512,0.0,3.854711394524202e-08
11.609977324263038,0.0,4.410048859426752e-08
11.633197278911565,0.0,3.127115633105859e-08
11.656417233560092,0.0,8.121969585772604e-08
11.679637188208616,0.0,5.370475264498964e-08
11.702857142857143,0.0,8.396273187827319e-08
11.72607709750567,0.0,7.377821020781994e-09
