0.0,0.0,2.0962943381164223e-08
0.023219954648526078,0.0,3.759487299248576e-08
0.046439909297052155,0.0,4.9556547310203314e-08
0.06965986394557823,0.0,4.8392394091933966e-08
0.09287981859410431,0.0,3.152126737404615e-08
0.11609977324263039,0.0,1.5496880223508924e-08
0.13931972789115646,0.0,3.344848664710298e-08
0.16253968253968254,0.0,3.250443114666268e-08
0.18575963718820862,0.0,2.7424903237260878e-08
0.2089795918367347,0.0,2.0910192688461393e-08
0.23219954648526078,0.0,2.0081643015146255e-08
0.25541950113378686,0.0,1.4657416613772511e-08
0.2786394557823129,0.0,2.3438587959390134e-08
0.301859410430839,0.0,2.0071638573426753e-08
0.3250793650793651,0.0,1.3615135685540736e-08
0.3482993197278912,0.0,2.891647454816848e-08
0.37151927437641724,0.0,1.9212166080251336e-08
0.3947392290249433,0.0,3.849891072604805e-08
0.4179591836734694,0.0,8.228744263760746e-08
0.44117913832199546,0.0,5.03196133649908e-08
0.46439909297052157,0.0,3.7099198380019516e-08
0.4876190476190476,0.0,1.886564859887585e-08
0.5108390022675737,0.0,5.246238288236782e-08
0.5340589569160998,0.0,3.091099642915651e-08
0.5572789115646258,0.0,1.956141204573214e-08
0.5804988662131519,0.0,1.652097125770524e-08
0.603718820861678,0.0,5.270703695714474e-08
0.626938775510204,0.0,5.4044903663452715e-08
0.6501587301587302,27.240158,0.00015842783614061773
0.6733786848072563,637.7509,0.0006924649933353066
0.6965986394557824,338.0396,0.0007931237341836095
0.7198185941043084,811.5961,0.0010042520007118583
0.7430385487528345,637.01544,0.0012604023795574903
0.7662585034013606,578.9093,0.0012384353904053569
0.7894784580498866,347.23935,0.0015961001627147198
0.8126984126984127,948.8871,0.0012455536052584648
0.8359183673469388,745.2046,0.0010937898186966777
0.8591383219954649,708.22644,0.0013541127555072308
0.8823582766439909,51.52059,0.002359716221690178
0.905578231292517,207.52153,0.0026531792245805264
0.9287981859410431,739.4099,0.002426041755825281
0.9520181405895691,336.9229,0.0018732313765212893
0.9752380952380952,349.88895,0.0023194067180156708
0.9984580498866213,751.03687,0.0019376728450879455
1.0216780045351475,685.85364,0.0016837960574775934
1.0448979591836736,726.58746,0.0024281709920614958
1.0681179138321997,354.4656,0.0030194083228707314
1.0913378684807256,221.5623,0.0023151994682848454
1.1145578231292517,339.279,0.002107820473611355
1.1377777777777778,345.15283,0.0027657609898597
1.1609977324263039,818.4138,0.0022644554264843464
1.18421768707483,1163.9674,0.001591779524460435
1.207437641723356,774.3693,0.0014985515736043453
1.2306575963718822,743.6875,0.002676832489669323
1.253877551020408,740.65753,0.0027013663202524185
1.2770975056689342,208.79482,0.00222718995064497
1.3003174603174603,770.2164,0.0024133073166012764
1.3235374149659864,353.05942,0.0033580679446458817
1.3467573696145125,744.78314,0.002377106109634042
1.3699773242630386,758.6005,0.0021972209215164185
1.3931972789115648,791.7252,0.0029541850090026855
1.4164172335600906,739.269,0.0047738198190927505
1.4396371882086167,356.29572,0.0038525282870978117
1.4628571428571429,840.74115,0.0018105676863342524
1.486077097505669,768.7213,0.0010600588284432888
1.509297052154195,293.00006,0.0008507147431373596
1.5325170068027212,176.50108,0.0013838843442499638
1.5557369614512473,907.33154,0.001124449074268341
1.5789569160997732,819.69696,0.001312827691435814
1.6021768707482993,776.5266,0.0014423432294279337
1.6253968253968254,436.38077,0.001434685313142836
1.6486167800453515,973.4261,0.0021037410479038954
1.6718367346938776,912.5619,0.004215333145111799
1.6950566893424037,930.2637,0.004549245350062847
1.7182766439909298,917.16174,0.004370212554931641
1.7414965986394557,918.474,0.002404047641903162
1.7647165532879818,801.92847,0.002717816038057208
1.787936507936508,292.08243,0.0027041372377425432
1.811156462585034,294.30984,0.0021726954728364944
1.8343764172335602,847.94086,0.0026288176886737347
1.8575963718820863,64.869415,0.004957516212016344
1.8808163265306124,947.99695,0.004763105884194374
1.9040362811791383,1035.6139,0.004329823888838291
1.9272562358276644,50.169575,0.002364109270274639
1.9504761904761905,835.92847,0.002393584232777357
1.9736961451247166,815.201,0.0024225651286542416
1.9969160997732427,297.21585,0.0017987728351727128
2.020136054421769,443.04395,0.0024287616834044456
2.043356009070295,887.9164,0.004064238164573908
2.066575963718821,923.9788,0.004043579567223787
2.089795918367347,913.1179,0.0035545076243579388
2.1130158730158732,926.58997,0.002037722384557128
2.1362358276643993,164.99745,0.0024596196599304676
2.159455782312925,294.56973,0.002377767115831375
2.182675736961451,833.4534,0.00189686706289649
2.2058956916099772,879.583,0.003174329176545143
2.2291156462585033,309.3637,0.004914700053632259
2.2523356009070294,904.706,0.005009245127439499
2.2755555555555556,938.0135,0.0038743552286177874
2.2987755102040817,889.0173,0.0023522707633674145
2.3219954648526078,328.6779,0.003463487606495619
2.345215419501134,952.4131,0.0051654488779604435
2.36843537414966,361.84793,0.01971539296209812
2.391655328798186,1065.5571,0.03266504406929016
2.414875283446712,1083.5787,0.018858201801776886
2.4380952380952383,1010.2694,0.004425517283380032
2.4613151927437644,471.762,0.005287847016006708
2.48453514739229,844.40265,0.008007543161511421
2.507755102040816,1031.7063,0.030483275651931763
2.5309750566893423,1089.0483,0.037815872579813004
2.5541950113378684,115.68907,0.026250924915075302
2.5774149659863945,1018.15875,0.044397156685590744
2.6006349206349206,1065.9226,0.027057185769081116
2.6238548752834467,1010.28815,0.00628094095736742
2.647074829931973,962.2372,0.00702551519498229
2.670294784580499,158.6665,0.009898554533720016
2.693514739229025,1032.3063,0.0323791466653347
2.716734693877551,1086.2292,0.044284969568252563
2.7399546485260773,1108.8173,0.040794212371110916
2.7631746031746034,37.00645,0.043708764016628265
2.7863945578231295,1070.635,0.02462593838572502
2.809614512471655,1027.8573,0.006309079937636852
2.8328344671201813,457.1765,0.007093451917171478
2.8560544217687074,1030.5312,0.013343827798962593
2.8792743764172335,1059.2295,0.03605450317263603
2.9024943310657596,1089.0131,0.03275546804070473
2.9257142857142857,1125.2556,0.03159234672784805
2.948934240362812,1092.9147,0.03346099331974983
2.972154195011338,1039.2415,0.011195057071745396
2.995374149659864,592.7765,0.006421305239200592
3.01859410430839,975.5105,0.008874700404703617
3.0418140589569163,1021.79877,0.026910677552223206
3.0650340136054424,1135.1161,0.04219931364059448
3.0882539682539685,1110.7767,0.048207953572273254
3.1114739229024946,1205.2207,0.037540264427661896
3.1346938775510207,1066.9937,0.023427192121744156
3.1579138321995464,1186.6722,0.025317739695310593
3.1811337868480725,1164.6758,0.029465582221746445
3.2043537414965986,126.72883,0.011976386420428753
3.2275736961451247,690.21857,0.008234518580138683
3.250793650793651,84.46638,0.0182061567902565
3.274013605442177,727.0463,0.02396341785788536
3.297233560090703,700.5093,0.020427029579877853
3.320453514739229,662.4661,0.03599773347377777
3.3436734693877552,678.8039,0.030750103294849396
3.3668934240362813,698.24817,0.03632664680480957
3.3901133786848074,715.10675,0.05924428999423981
3.4133333333333336,46.68303,0.041777171194553375
3.4365532879818597,728.2796,0.04647918790578842
3.4597732426303858,710.4208,0.04053688049316406
3.4829931972789114,656.4784,0.0743439793586731
3.5062131519274375,434.56982,0.0995638370513916
3.5294331065759637,661.9407,0.07239282876253128
3.5526530612244898,197.6032,0.03612828254699707
3.575873015873016,732.468,0.057441480457782745
3.599092970521542,690.71313,0.038088295608758926
3.622312925170068,718.1883,0.04119624197483063
3.645532879818594,722.2421,0.04742302745580673
3.6687528344671203,21.533203,0.07281280308961868
3.6919727891156464,537.6549,0.10878230631351471
3.7151927437641725,842.3054,0.07877539098262787
3.7384126984126986,691.50494,0.03814138472080231
3.7616326530612247,150.12842,0.057389650493860245
3.784852607709751,761.252,0.04379323869943619
3.8080725623582765,768.55835,0.04312872141599655
3.8312925170068026,736.8517,0.05323728173971176
3.8545124716553287,239.61229,0.0616026371717453
3.877732426303855,443.19952,0.11239588260650635
3.900952380952381,243.39464,0.08113285899162292
3.924172335600907,102.23244,0.043347783386707306
3.947392290249433,719.73627,0.06291984766721725
3.9706122448979593,739.19714,0.041084494441747665
3.9938321995464854,958.6848,0.0319640189409256
4.017052154195011,649.05023,0.04726317897439003
4.040272108843538,205.82904,0.015209327451884747
4.063492063492063,203.62347,0.010209658183157444
4.08671201814059,847.4124,0.012441768310964108
4.1099319727891155,1111.2974,0.02368110977113247
4.133151927437642,1046.3243,0.03136913478374481
4.156371882086168,1048.9653,0.020172467455267906
4.179591836734694,953.9428,0.009297016076743603
4.20281179138322,208.12723,0.006935345474630594
4.2260317460317465,951.0523,0.01008419319987297
4.249251700680272,1041.2697,0.026100005954504013
4.272471655328799,1061.2539,0.04994320124387741
4.295691609977324,213.65141,0.021688422188162804
4.31891156462585,1128.7169,0.021031413227319717
4.342131519274377,1099.8883,0.038579657673835754
4.365351473922902,354.6703,0.012173852883279324
4.388571428571429,997.01416,0.007377990521490574
4.4117913832199545,485.06863,0.009190557524561882
4.435011337868481,1036.2266,0.02348526380956173
4.458231292517007,387.20255,0.04562273621559143
4.481451247165533,1110.828,0.0317482128739357
4.504671201814059,219.89626,0.024675291031599045
4.527891156462585,1086.3014,0.03376472741365433
4.551111111111111,1081.5447,0.012613285332918167
4.574331065759638,340.55817,0.00608427356928587
4.597551020408163,1031.5009,0.007530646398663521
4.62077097505669,1014.6927,0.019178319722414017
4.6439909297052155,1065.5308,0.037221506237983704
4.667210884353741,1115.0297,0.04503701627254486
4.690430839002268,1123.7926,0.040423549711704254
4.713650793650793,374.1565,0.02409309893846512
4.73687074829932,1042.1031,0.006462595425546169
4.760090702947846,434.28323,0.005872281268239021
4.783310657596372,994.6126,0.009136142209172249
4.806530612244898,1058.1863,0.024881446734070778
4.829750566893424,1030.4662,0.040826886892318726
4.85297052154195,1088.2122,0.04754970222711563
4.876190476190477,1072.3066,0.0368674099445343
4.899410430839002,1022.89496,0.007488182280212641
4.922630385487529,335.98172,0.004249535035341978
4.9458503401360545,926.4083,0.0025480168405920267
4.96907029478458,435.73102,0.0018353682244196534
4.992290249433107,793.12756,0.0017783542862161994
5.015510204081632,131.96269,0.0025527768302708864
5.038730158730159,915.2267,0.0022463849745690823
5.061950113378685,88.21592,0.002002239227294922
5.085170068027211,797.49304,0.0021291086450219154
5.108390022675737,837.6401,0.002496927510946989
5.131609977324263,347.86996,0.0020078555680811405
5.154829931972789,881.4981,0.0027407417073845863
5.178049886621316,931.7442,0.00471709668636322
5.201269841269841,929.42175,0.004632074385881424
5.224489795918368,300.68103,0.0033178734593093395
5.2477097505668935,49.013546,0.001831229543313384
5.27092970521542,805.00824,0.0023032668977975845
5.294149659863946,296.79532,0.002108403015881777
5.317369614512471,860.0689,0.0016278577968478203
5.340589569160998,864.82446,0.002582141663879156
5.363809523809524,1059.7152,0.004235239699482918
5.38702947845805,945.2159,0.004362705163657665
5.410249433106576,944.5301,0.0031255013309419155
5.433469387755102,48.914787,0.0016590936575084925
5.456689342403628,784.71136,0.002585514448583126
5.479909297052155,162.19191,0.0025954407174140215
5.50312925170068,802.9056,0.0019611320458352566
5.526349206349207,34.20611,0.0022296151146292686
5.5495691609977325,1006.04755,0.004432068206369877
5.572789115646259,934.9578,0.0044202241115272045
5.596009070294785,942.4361,0.0030210756231099367
5.61922902494331,963.5449,0.0016287793405354023
5.642448979591837,809.91986,0.002094212919473648
5.6656689342403626,801.7763,0.002053546719253063
5.688888888888889,290.36642,0.0014455132186412811
5.712108843537415,944.75336,0.0027733673341572285
5.735328798185941,933.54895,0.0037960687186568975
5.758548752834467,42.14457,0.0026861890219151974
5.7817687074829935,297.9224,0.0015555217396467924
5.804988662131519,777.4845,0.0026940160896629095
5.828208616780046,790.46106,0.0024018967524170876
5.851428571428571,651.98566,0.0020553325302898884
5.874648526077098,912.1368,0.00115590775385499
5.897868480725624,145.25343,0.0013585085980594158
5.92108843537415,748.02795,0.00118068209849298
5.944308390022676,729.404,0.0013890000991523266
5.9675283446712015,734.30566,0.001893743290565908
5.990748299319728,345.87686,0.0016852440312504768
6.013968253968254,344.39532,0.0019206759752705693
6.03718820861678,346.52982,0.0020822922233492136
6.060408163265306,1068.2552,0.002144137630239129
6.0836281179138325,755.0231,0.001282725133933127
6.106848072562358,1064.2958,0.0013541872613132
6.130068027210885,73.41175,0.002676894422620535
6.15328798185941,787.89526,0.00325802736915648
6.176507936507937,893.5432,0.004225017502903938
6.199727891156463,651.23517,0.0030753419268876314
6.222947845804989,339.03354,0.0019084985833615065
6.246167800453515,144.69183,0.0016837883740663528
6.269387755102041,724.9246,0.0009711822494864464
6.292607709750567,742.76196,0.0012024219613522291
6.315827664399093,951.32904,0.0014284331118687987
6.339047619047619,205.4988,0.0023476448841392994
6.362267573696145,661.0243,0.0022314065136015415
6.3854875283446715,769.36285,0.0015212665311992168
6.408707482993197,704.4414,0.0008934956276789308
6.431927437641724,733.69165,0.0007636789232492447
6.455147392290249,623.0505,0.00048394716577604413
6.478367346938776,542.1819,0.0005504295695573092
6.501587301587302,119.56425,0.0006067458307370543
6.524807256235828,738.6658,0.0009557658922858536
6.548027210884354,204.93263,0.000822479254566133
6.57124716553288,762.285,0.0003920152666978538
6.594467120181406,106.94319,0.00038512301398441195
6.617687074829932,637.36066,0.00022422151232603937
6.640907029478458,366.6617,0.00019191256433259696
6.664126984126984,509.4914,0.00027272599982097745
6.6873469387755105,124.74165,0.00027287882403470576
6.710566893424036,626.19196,0.00022234255447983742
6.733786848072563,327.64597,0.00020286014478188008
6.757006802721088,354.83554,0.00020952033810317516
6.780226757369615,371.41043,0.00012827235332224518
6.8034467120181406,344.72046,2.016962753259577e-05
6.826666666666667,0.0,1.1746005839086138e-06
6.849886621315193,0.0,6.66168489260599e-08
6.873106575963719,0.0,3.488639777060598e-08
6.896326530612245,0.0,5.637321009999141e-08
6.9195464852607715,0.0,3.1042873160913587e-08
6.942766439909297,0.0,2.7583155315369368e-08
6.965986394557823,0.0,3.717286745086312e-08
6.989206349206349,0.0,5.9558260545600206e-08
7.012426303854875,0.0,2.8159774956293404e-08
7.035646258503402,0.0,2.4982000468298793e-08
7.058866213151927,0.0,1.848366082413122e-08
7.082086167800454,0.0,1.8323589756619185e-08
7.1053061224489795,0.0,2.8414433472789824e-08
7.128526077097506,0.0,1.3903445506002754e-08
7.151746031746032,0.0,3.261175152147189e-08
7.174965986394558,0.0,2.9933289624750614e-08
7.198185941043084,0.0,4.718276613857597e-08
7.2214058956916105,0.0,4.543107934296131e-08
7.244625850340136,0.0,3.3126525522675365e-08
7.267845804988662,0.0,2.7653186407405883e-08
7.291065759637188,0.0,3.9791302697267383e-08
7.314285714285714,0.0,5.709443939849734e-08
7.337505668934241,0.0,5.170477379579097e-08
7.360725623582766,0.0,2.8608155844267458e-08
7.383945578231293,0.0,3.5141965781804174e-08
7.4071655328798185,0.0,1.8796527001541108e-08
7.430385487528345,0.0,3.7701283872593194e-08
7.453605442176871,0.0,1.869466359494254e-08
7.476825396825397,0.0,2.730484993662685e-08
7.500045351473923,0.0,3.5409357224125415e-08
7.5232653061224495,0.0,3.340483090141788e-08
7.546485260770975,0.0,5.025685823056847e-08
7.569705215419502,0.0,2.6051566237583756e-08
7.592925170068027,0.0,3.289551386842504e-08
7.616145124716553,0.0,1.718217390589416e-08
7.63936507936508,0.0,2.1718733478337526e-09
