0.0,0.0,7.088601705618203e-08
0.023219954648526078,0.0,9.397899702889845e-08
0.046439909297052155,0.0,9.493032848695293e-08
0.06965986394557823,0.0,1.7712773114908487e-07
0.09287981859410431,0.0,1.7470392776886e-07
0.11609977324263039,0.0,9.492941899225116e-08
0.13931972789115646,0.0,6.897698767716065e-08
0.16253968253968254,0.0,2.9241164156701416e-08
0.18575963718820862,0.0,6.813115760451183e-08
0.2089795918367347,0.0,1.7111233319155872e-08
0.23219954648526078,0.0,1.673470251262188e-08
0.25541950113378686,0.0,2.0627339836210012e-08
0.2786394557823129,0.0,9.498216968495399e-08
0.301859410430839,0.0,6.822901923442259e-07
0.3250793650793651,340.24243,0.00011772912694141269
0.3482993197278912,356.51575,0.0004854612343478948
0.37151927437641724,350.87653,0.0005852525355294347
0.3947392290249433,356.8065,0.0005676813889294863
0.4179591836734694,360.63217,0.0005643200129270554
0.44117913832199546,227.54857,0.0005908634047955275
0.46439909297052157,356.31857,0.0005924591096118093
0.4876190476190476,351.5428,0.0007110924343578517
0.5108390022675737,352.11584,0.0007593585760332644
0.5340589569160998,350.1137,0.0007870039553381503
0.5572789115646258,350.72546,0.0008362322114408016
0.5804988662131519,355.908,0.0008616322302259505
0.603718820861678,360.3658,0.0009025829494930804
0.626938775510204,576.3742,0.0012496871640905738
0.6501587301587302,372.95032,0.0016408683732151985
0.6733786848072563,374.70184,0.001592663349583745
0.6965986394557824,410.81595,0.0016419757157564163
0.7198185941043084,350.66818,0.0007919894997030497
0.7430385487528345,340.3636,0.0007627664599567652
0.7662585034013606,335.34113,0.0005897649098187685
0.7894784580498866,343.17746,0.0007337396964430809
0.8126984126984127,349.58115,0.0010160859674215317
0.8359183673469388,369.18762,0.0010613224003463984
0.8591383219954649,371.61456,0.0014788060216233134
0.8823582766439909,370.6058,0.0016111315926536918
0.905578231292517,360.1198,0.0009968787198886275
0.9287981859410431,341.5989,0.0008922737324610353
0.9520181405895691,337.11722,0.0006236531771719456
0.9752380952380952,336.29016,0.0006575221195816994
0.9984580498866213,343.83487,0.0008104423177428544
1.0216780045351475,355.52588,0.000992689747363329
1.0448979591836736,362.6159,0.001039172988384962
1.0681179138321997,367.50992,0.001138448715209961
1.0913378684807256,363.1722,0.0011082638520747423
1.1145578231292517,77.59175,0.0008152960799634457
1.1377777777777778,344.93524,0.001083816634491086
1.1609977324263039,346.78796,0.0010678123217076063
1.18421768707483,351.17337,0.0012080507585778832
1.207437641723356,357.96967,0.001175243640318513
1.2306575963718822,363.95593,0.0010792287066578865
1.253877551020408,366.919,0.0012990781106054783
1.2770975056689342,365.1221,0.0014213330578058958
1.3003174603174603,364.00858,0.0012622561771422625
1.3235374149659864,362.1217,0.0011405427940189838
1.3467573696145125,364.77817,0.0012502922909334302
1.3699773242630386,376.05734,0.0014591292710974813
1.3931972789115648,409.20938,0.0018953868420794606
1.4164172335600906,356.39142,0.0026304442435503006
1.4396371882086167,510.34058,0.0031917961314320564
1.4628571428571429,920.0915,0.003139990149065852
1.486077097505669,456.1139,0.0038440916687250137
1.509297052154195,450.40717,0.004049322567880154
1.5325170068027212,632.6572,0.003447257913649082
1.5557369614512473,748.52344,0.003045237623155117
1.5789569160997732,443.8584,0.0030412913765758276
1.6021768707482993,362.21906,0.003352764528244734
1.6253968253968254,789.9956,0.0039732009172439575
1.6486167800453515,320.4766,0.00406375527381897
1.6718367346938776,857.41156,0.003643585368990898
1.6950566893424037,457.78314,0.003421969711780548
1.7182766439909298,709.0927,0.003901770804077387
1.7414965986394557,441.85944,0.0031348171178251505
1.7647165532879818,127.61638,0.0024851937778294086
1.787936507936508,425.5317,0.002966188360005617
1.811156462585034,427.6678,0.0032290699891746044
1.8343764172335602,437.0668,0.003315354697406292
1.8575963718820863,762.73706,0.004782864823937416
1.8808163265306124,466.89377,0.003894910216331482
1.9040362811791383,708.2699,0.004190581385046244
1.9272562358276644,786.38715,0.003477827413007617
1.9504761904761905,452.0267,0.004892080090939999
1.9736961451247166,450.32672,0.004012703895568848
1.9969160997732427,429.79538,0.0032418640330433846
2.020136054421769,433.18286,0.0036392302718013525
2.043356009070295,163.07756,0.0041312891989946365
2.066575963718821,457.83734,0.005459069274365902
2.089795918367347,182.01407,0.005105534568428993
2.1130158730158732,745.056,0.005791333504021168
2.1362358276643993,739.2413,0.0042878990061581135
2.159455782312925,323.3194,0.004732940346002579
2.182675736961451,171.21887,0.005922125652432442
2.2058956916099772,446.49854,0.005594656802713871
2.2291156462585033,601.6293,0.0058985608629882336
2.2523356009070294,814.9733,0.006800164468586445
2.2755555555555556,316.4757,0.007061221171170473
2.2987755102040817,846.16956,0.0057924361899495125
2.3219954648526078,596.01117,0.005031638778746128
2.345215419501134,104.279884,0.0034278095699846745
2.36843537414966,766.6474,0.0041711414232850075
2.391655328798186,374.20804,0.014421438798308372
2.414875283446712,207.79572,0.015858832746744156
2.4380952380952383,563.72327,0.017693448811769485
2.4613151927437644,1058.323,0.022967755794525146
2.48453514739229,561.1393,0.027450723573565483
2.507755102040816,370.67963,0.027648143470287323
2.5309750566893423,1056.0701,0.025564294308423996
2.5541950113378684,954.73926,0.02681376039981842
2.5774149659863945,905.8935,0.025595953688025475
2.6006349206349206,975.6254,0.02062910422682762
2.6238548752834467,1014.52844,0.022939829155802727
2.647074829931973,1113.3331,0.027602482587099075
2.670294784580499,390.86667,0.025864306837320328
2.693514739229025,1045.0244,0.028171472251415253
2.716734693877551,369.34412,0.019989319145679474
2.7399546485260773,987.5515,0.014002875424921513
2.7631746031746034,509.80505,0.01497500017285347
2.7863945578231295,942.58496,0.01885165274143219
2.809614512471655,1048.8558,0.018780849874019623
2.8328344671201813,1078.8885,0.01767604798078537
2.8560544217687074,564.77576,0.022602546960115433
2.8792743764172335,425.31662,0.020632479339838028
2.9024943310657596,1046.8181,0.021366668865084648
2.9257142857142857,379.92105,0.0184842087328434
2.948934240362812,367.96567,0.012331381440162659
2.972154195011338,815.4539,0.01117614097893238
2.995374149659864,1004.2349,0.014993973076343536
3.01859410430839,979.1809,0.019969113171100616
3.0418140589569163,954.87225,0.020290646702051163
3.0650340136054424,1108.9512,0.02432991936802864
3.0882539682539685,553.5834,0.02623344212770462
3.1114739229024946,696.44885,0.02567559853196144
3.1346938775510207,363.5503,0.021720485761761665
3.1579138321995464,1024.0328,0.013684017583727837
3.1811337868480725,1024.4471,0.013164195232093334
3.2043537414965986,1032.0914,0.014713108539581299
3.2275736961451247,987.63824,0.018584826961159706
3.250793650793651,541.94116,0.022595098242163658
3.274013605442177,1085.1257,0.023616695776581764
3.297233560090703,957.2131,0.026569746434688568
3.320453514739229,1093.703,0.029934633523225784
3.3436734693877552,1047.2517,0.02714558318257332
3.3668934240362813,1093.0797,0.03684718906879425
3.3901133786848074,44.205204,0.049411699175834656
3.4133333333333336,1192.4437,0.019436396658420563
3.4365532879818597,262.09113,0.03167864307761192
3.4597732426303858,715.0112,0.026541640982031822
3.4829931972789114,746.8769,0.021672120317816734
3.5062131519274375,524.9292,0.033361662179231644
3.5294331065759637,156.11942,0.04916777461767197
3.5526530612244898,263.4553,0.04983428865671158
3.575873015873016,1345.1937,0.055455468595027924
3.599092970521542,699.6174,0.06337769329547882
3.622312925170068,698.88324,0.05964292585849762
3.645532879818594,1312.4896,0.049859754741191864
3.6687528344671203,535.7415,0.049510207027196884
3.6919727891156464,1084.0012,0.03477662056684494
3.7151927437641725,214.78862,0.03899312764406204
3.7384126984126986,219.29315,0.05500636249780655
3.7616326530612247,274.49194,0.06168026104569435
3.784852607709751,260.91428,0.05367414653301239
3.8080725623582765,196.36574,0.05158907175064087
3.8312925170068026,245.70607,0.0490909144282341
3.8545124716553287,695.94446,0.061712734401226044
3.877732426303855,719.52234,0.04882890731096268
3.900952380952381,558.1561,0.04383780434727669
3.924172335600907,732.129,0.051507703959941864
3.947392290249433,527.3946,0.06407220661640167
3.9706122448979593,273.12695,0.056782931089401245
3.9938321995464854,1266.461,0.06000104174017906
4.017052154195011,1308.6064,0.060763053596019745
4.040272108843538,98.72507,0.04319988936185837
4.063492063492063,695.5386,0.061392642557621
4.08671201814059,721.1439,0.05112084746360779
4.1099319727891155,624.9482,0.05237894132733345
4.133151927437642,572.3624,0.06474181264638901
4.156371882086168,714.99646,0.0637875571846962
4.179591836734694,700.95874,0.05346349626779556
4.20281179138322,674.05457,0.03935735672712326
4.2260317460317465,683.34393,0.04642825573682785
4.249251700680272,690.8529,0.06208353489637375
4.272471655328799,571.495,0.05322127789258957
4.295691609977324,733.6597,0.0491986982524395
4.31891156462585,1163.6643,0.047861307859420776
4.342131519274377,552.1845,0.057062581181526184
4.365351473922902,709.94,0.051574528217315674
4.388571428571429,259.3952,0.058091968297958374
4.4117913832199545,698.22107,0.06079687550663948
4.435011337868481,1324.9606,0.05451466143131256
4.458231292517007,498.9238,0.0516863614320755
4.481451247165533,701.7243,0.06477546691894531
4.504671201814059,259.23242,0.07734513282775879
4.527891156462585,434.41653,0.024001345038414
4.551111111111111,817.3902,0.008195233531296253
4.574331065759638,380.24567,0.009912203997373581
4.597551020408163,544.07166,0.014269660227000713
4.62077097505669,852.6998,0.022752633318305016
4.6439909297052155,624.95935,0.02409522980451584
4.667210884353741,217.48788,0.013777263462543488
4.690430839002268,385.21063,0.00830462109297514
4.713650793650793,994.9784,0.006138810887932777
4.73687074829932,1043.34,0.0067280069924890995
4.760090702947846,967.9202,0.009450143203139305
4.783310657596372,77.613434,0.01014041155576706
4.806530612244898,1002.5833,0.010649852454662323
4.829750566893424,679.9094,0.01323913224041462
4.85297052154195,206.93622,0.011510008946061134
4.876190476190477,369.31744,0.00915569718927145
4.899410430839002,368.11594,0.005532521288841963
4.922630385487529,99.345985,0.002896873978897929
4.9458503401360545,507.19165,0.003563426900655031
4.96907029478458,942.73096,0.006988437380641699
4.992290249433107,1051.9246,0.011893280781805515
5.015510204081632,1065.7389,0.014461086131632328
5.038730158730159,1094.6975,0.01751125603914261
5.061950113378685,787.02814,0.014672799967229366
5.085170068027211,201.89023,0.009244224056601524
5.108390022675737,1053.7551,0.005463588982820511
5.131609977324263,1022.26337,0.003173207864165306
5.154829931972789,512.05133,0.0038691931404173374
5.178049886621316,516.54315,0.006833849474787712
5.201269841269841,954.89014,0.010234476998448372
5.224489795918368,1105.6991,0.016406182199716568
5.2477097505668935,1120.8434,0.020482975989580154
5.27092970521542,1106.3807,0.014969827607274055
5.294149659863946,162.47963,0.0053370650857687
5.317369614512471,527.7434,0.004592916928231716
5.340589569160998,529.0528,0.004565488081425428
5.363809523809524,207.16385,0.005815468728542328
5.38702947845805,682.91736,0.007452493999153376
5.410249433106576,369.12167,0.008499130606651306
5.433469387755102,838.7068,0.006471140310168266
5.456689342403628,523.6671,0.004530554637312889
5.479909297052155,1023.67456,0.0022864248603582382
5.50312925170068,97.09615,0.0014382328372448683
5.526349206349207,857.8759,0.0009717163629829884
5.5495691609977325,792.3313,0.000997542985714972
5.572789115646259,553.5129,0.0010824899654835463
5.596009070294785,745.36707,0.0014805258251726627
5.61922902494331,180.58345,0.0017559935804456472
5.642448979591837,464.5425,0.00134372862521559
5.6656689342403626,710.9421,0.0015431955689564347
5.688888888888889,483.74335,0.0016211912734434009
5.712108843537415,94.642204,0.0012001609429717064
5.735328798185941,308.78494,0.0012386728776618838
5.758548752834467,441.58463,0.0014592501102015376
5.7817687074829935,344.8356,0.0020309248939156532
5.804988662131519,462.8074,0.0015987553633749485
5.828208616780046,821.9299,0.0015689218416810036
5.851428571428571,326.04648,0.0016670997720211744
5.874648526077098,598.7267,0.0020163331646472216
5.897868480725624,165.69608,0.0013272528303787112
5.92108843537415,421.3825,0.0015319408848881721
5.944308390022676,729.8977,0.0016373137477785349
5.9675283446712015,429.7531,0.0016171889146789908
5.990748299319728,450.0458,0.001927325502038002
6.013968253968254,363.71054,0.0020352655556052923
6.03718820861678,181.0668,0.002354619326069951
6.060408163265306,453.71124,0.001560982083901763
6.0836281179138325,722.3493,0.0018072276143357158
6.106848072562358,436.93542,0.0015410907799378037
6.130068027210885,427.06995,0.0013921366771683097
6.15328798185941,430.16138,0.0014704130589962006
6.176507936507937,439.6901,0.0014631706289947033
6.199727891156463,348.3621,0.0017275814898312092
6.222947845804989,465.9884,0.0012591136619448662
6.246167800453515,685.3785,0.0011558745754882693
6.269387755102041,483.94064,0.0008786865510046482
6.292607709750567,135.66183,0.0012576087610796094
6.315827664399093,441.11023,0.001064475392922759
6.339047619047619,431.68347,0.0009523540502414107
6.362267573696145,302.22318,0.001060466980561614
6.3854875283446715,442.89407,0.0012809971813112497
6.408707482993197,355.17374,0.0015586267691105604
6.431927437641724,399.3416,0.0014147036708891392
6.455147392290249,452.59238,0.0013768419157713652
6.478367346938776,444.93076,0.0013915697345510125
6.501587301587302,436.64023,0.0009728747536428273
6.524807256235828,356.1616,0.0007991530001163483
6.548027210884354,311.40012,0.0007793515687808394
6.57124716553288,804.49,0.0007399037713184953
6.594467120181406,408.7688,0.00047355054994113743
6.617687074829932,371.08365,0.00036754191387444735
6.640907029478458,358.20523,0.0002654799318406731
6.664126984126984,353.07602,0.0003363183350302279
6.6873469387755105,359.41312,0.0004194300272502005
6.710566893424036,107.68972,0.0005116232205182314
6.733786848072563,340.50174,0.0005606956547126174
6.757006802721088,356.29114,0.00036582350730895996
6.780226757369615,351.2347,0.00033925031311810017
6.8034467120181406,349.0844,0.0003744157438632101
6.826666666666667,349.65042,0.0003718773368746042
6.849886621315193,80.0566,0.0004000237968284637
6.873106575963719,360.6735,0.00043423305032774806
6.896326530612245,368.47174,0.0005318397306837142
6.9195464852607715,370.81577,0.0006971769616939127
6.942766439909297,367.4867,0.0006874697282910347
6.965986394557823,356.63574,0.000383824750315398
6.989206349206349,342.4491,0.00034088644315488636
7.012426303854875,336.7887,0.00025324965827167034
7.035646258503402,340.41772,0.0002837663050740957
7.058866213151927,348.4946,0.0003524799831211567
7.082086167800454,362.79202,0.0003956948930863291
7.1053061224489795,375.4734,0.00046961766202002764
7.128526077097506,361.74597,0.0005472057382576168
7.151746031746032,365.1636,0.00041041741496883333
7.174965986394558,343.6505,0.00023606271133758128
7.198185941043084,343.64288,0.00017938006203621626
7.2214058956916105,335.3982,0.00020356124150566757
7.244625850340136,342.6956,0.00023754977155476809
7.267845804988662,352.32126,0.0002892264164984226
7.291065759637188,100.38831,0.0002897410886362195
7.314285714285714,379.42877,0.0003018018906004727
7.337505668934241,346.6932,0.00032864772947505116
7.360725623582766,362.66855,0.0001814188144635409
7.383945578231293,338.13864,0.00010757707786979154
7.4071655328798185,327.82242,9.459504508413374e-05
7.430385487528345,331.79642,0.00010091021249536425
7.453605442176871,335.3057,0.00010653358913259581
7.476825396825397,146.09023,0.00011934649228351191
7.500045351473923,351.5174,0.00014905756688676775
7.5232653061224495,359.3748,0.00014804293459746987
7.546485260770975,357.42267,0.00011370192078175023
7.569705215419502,344.5798,0.0001133298865170218
7.592925170068027,344.1025,0.00011599817662499845
7.616145124716553,353.40128,0.00011550784984137863
7.63936507936508,359.36316,9.923147445078939e-05
7.662585034013605,379.20108,3.504516280372627e-05
7.685804988662132,0.0,2.6580510166240856e-06
7.7090249433106575,0.0,5.522942956304178e-07
7.732244897959184,0.0,5.180081643629819e-07
7.75546485260771,0.0,1.7788806871976703e-07
7.778684807256236,0.0,1.6499780031153932e-07
7.801904761904762,0.0,3.2411571737611666e-07
7.8251247165532885,0.0,2.576653059804812e-07
7.848344671201814,0.0,4.886560418526642e-07
7.871564625850341,0.0,3.5009179555345327e-07
7.894784580498866,0.0,1.168651579064317e-06
7.918004535147393,0.0,7.834705684217624e-07
7.9412244897959186,0.0,4.929843271384016e-07
7.964444444444444,0.0,8.243696356657892e-07
7.987664399092971,0.0,3.284285412519239e-07
8.010884353741497,0.0,6.924528861418366e-08
8.034104308390022,0.0,2.5691133487271145e-07
8.057324263038549,0.0,2.430851964163594e-07
8.080544217687075,0.0,2.2007770894560963e-07
8.103764172335602,0.0,6.048321665730327e-08
8.126984126984127,0.0,8.414281182922423e-08
8.150204081632653,0.0,7.074049790389836e-08
