0.0,0.0,5.433557817013934e-07
0.023219954648526078,0.0,3.598706825869158e-07
0.046439909297052155,0.0,2.6343514036852866e-07
0.06965986394557823,0.0,2.0292372937547043e-07
0.09287981859410431,0.0,3.519107849569991e-07
0.11609977324263039,0.0,3.7891459214733914e-07
0.13931972789115646,0.0,3.4814001992344856e-07
0.16253968253968254,0.0,3.83965925720986e-07
0.18575963718820862,0.0,3.694112820085138e-07
0.2089795918367347,0.0,3.922123141819611e-07
0.23219954648526078,0.0,8.426008207607083e-06
0.25541950113378686,238.03835,0.00043817650293931365
0.2786394557823129,761.0846,0.000568048213608563
0.301859410430839,707.6872,0.00037749973125755787
0.3250793650793651,716.99316,0.0003885490004904568
0.3482993197278912,703.87335,0.0006300205131992698
0.37151927437641724,714.5553,0.0014736851444467902
0.3947392290249433,361.16388,0.002716877032071352
0.4179591836734694,818.6272,0.0029591668862849474
0.44117913832199546,687.82086,0.0023430376313626766
0.46439909297052157,346.86783,0.0036550392396748066
0.4876190476190476,136.43935,0.0062945568934082985
0.5108390022675737,678.3889,0.007920969277620316
0.5340589569160998,660.59314,0.006917471531778574
0.5572789115646258,652.57666,0.005196302197873592
0.5804988662131519,760.41455,0.006951112765818834
0.603718820861678,754.7651,0.008928113617002964
0.626938775510204,362.37247,0.008946887217462063
0.6501587301587302,689.61316,0.00893424078822136
0.6733786848072563,729.5982,0.01084878109395504
0.6965986394557824,733.823,0.016299908980727196
0.7198185941043084,831.8182,0.019952023401856422
0.7430385487528345,1069.3302,0.017756648361682892
0.7662585034013606,1089.7241,0.015153930522501469
0.7894784580498866,938.03,0.007445068564265966
0.8126984126984127,166.55074,0.012369444593787193
0.8359183673469388,811.96,0.01506547350436449
0.8591383219954649,861.00964,0.006677696015685797
0.8823582766439909,452.58768,0.0045621092431247234
0.905578231292517,451.6926,0.005045918747782707
0.9287981859410431,270.85922,0.011128604412078857
0.9520181405895691,688.6825,0.01219660323113203
0.9752380952380952,790.66486,0.011112636886537075
0.9984580498866213,286.72205,0.00554456003010273
1.0216780045351475,996.8012,0.005803910084068775
1.0448979591836736,1031.9426,0.0071691181510686874
1.0681179138321997,102.35379,0.009863598272204399
1.0913378684807256,653.5853,0.015427624806761742
1.1145578231292517,287.4175,0.026174869388341904
1.1377777777777778,498.99323,0.023925285786390305
1.1609977324263039,285.96173,0.012883706018328667
1.18421768707483,353.0509,0.008842529729008675
1.207437641723356,373.77048,0.009902283549308777
1.2306575963718822,1099.3743,0.01126185990869999
1.253877551020408,292.8858,0.014120410196483135
1.2770975056689342,820.44476,0.028907794505357742
1.3003174603174603,161.39049,0.026582159101963043
1.3235374149659864,874.0564,0.013542165979743004
1.3467573696145125,1024.8167,0.0098164863884449
1.3699773242630386,1127.8192,0.00644505163654685
1.3931972789115648,343.56598,0.00861632451415062
1.4164172335600906,345.34598,0.004941338673233986
1.4396371882086167,1047.109,0.010134313255548477
1.4628571428571429,494.88263,0.01152027491480112
1.486077097505669,334.825,0.009930463507771492
1.509297052154195,1077.2566,0.006803436670452356
1.5325170068027212,1121.478,0.019131220877170563
1.5557369614512473,1134.3981,0.027188580483198166
1.5789569160997732,1110.4159,0.01603263057768345
1.6021768707482993,73.672806,0.007013814523816109
1.6253968253968254,333.99194,0.022526800632476807
1.6486167800453515,973.1392,0.02234026789665222
1.6718367346938776,338.7933,0.016317173838615417
1.6950566893424037,1068.0303,0.02921399101614952
1.7182766439909298,1106.3428,0.07449276745319366
1.7414965986394557,1133.7169,0.06732779741287231
1.7647165532879818,1097.881,0.014826515689492226
1.787936507936508,1094.0859,0.01296980306506157
1.811156462585034,1030.6615,0.016080155968666077
1.8343764172335602,364.07822,0.01102476380765438
1.8575963718820863,1150.22,0.026171274483203888
1.8808163265306124,1178.359,0.05081424117088318
1.9040362811791383,1130.7357,0.03574970364570618
1.9272562358276644,1128.1053,0.011828325688838959
1.9504761904761905,76.456116,0.006667549256235361
1.9736961451247166,1093.6112,0.011627677828073502
1.9969160997732427,1167.1852,0.024060308933258057
2.020136054421769,1098.3538,0.04068771004676819
2.043356009070295,680.64606,0.09448453038930893
2.066575963718821,728.82245,0.14402437210083008
2.089795918367347,735.0637,0.2356805056333542
2.1130158730158732,742.3577,0.2759976387023926
2.1362358276643993,692.23975,0.45293712615966797
2.159455782312925,687.96655,0.5228725671768188
2.182675736961451,697.5776,0.312629759311676
2.2058956916099772,253.17174,0.4460781216621399
2.2291156462585033,750.1486,0.4385954737663269
2.2523356009070294,759.3927,0.5257196426391602
2.2755555555555556,740.6613,0.5825449824333191
2.2987755102040817,701.9407,0.5980637073516846
2.3219954648526078,678.88074,0.7104620337486267
2.345215419501134,677.2522,0.7267836332321167
2.36843537414966,691.65125,0.4811097979545593
2.391655328798186,738.9169,0.5029188394546509
2.414875283446712,773.5554,0.22681374847888947
2.4380952380952383,671.3943,0.37655729055404663
2.4613151927437644,734.65356,0.5911816358566284
2.48453514739229,705.9172,0.5790284872055054
2.507755102040816,691.55896,0.6898505687713623
2.5309750566893423,698.7704,0.46004194021224976
2.5541950113378684,733.25946,0.5000692009925842
2.5774149659863945,737.77637,0.2738262414932251
2.6006349206349206,258.58182,0.07780998200178146
2.6238548752834467,1097.0139,0.019968576729297638
2.647074829931973,1127.3558,0.005332881584763527
2.670294784580499,76.341225,0.00625727279111743
2.693514739229025,1074.2671,0.01874770037829876
2.716734693877551,1090.863,0.0247492715716362
2.7399546485260773,1105.1837,0.018303869292140007
2.7631746031746034,1056.0586,0.009098132140934467
2.7863945578231295,1043.572,0.008899295702576637
2.809614512471655,624.99335,0.010504443198442459
2.8328344671201813,1091.8712,0.021971385926008224
2.8560544217687074,1104.4579,0.04181177169084549
2.8792743764172335,1102.5839,0.04558950290083885
2.9024943310657596,1137.6797,0.05617734417319298
2.9257142857142857,1115.7811,0.026127666234970093
2.948934240362812,1157.7041,0.00993818324059248
2.972154195011338,340.69812,0.014063568785786629
2.995374149659864,1080.1315,0.009170543402433395
3.01859410430839,1102.3888,0.026565566658973694
3.0418140589569163,1119.5927,0.04738546162843704
3.0650340136054424,1119.5857,0.040977850556373596
3.0882539682539685,1123.2975,0.0611843466758728
3.1114739229024946,1106.2191,0.011438246816396713
3.1346938775510207,1029.0724,0.018627246841788292
3.1579138321995464,364.7405,0.01723339408636093
3.1811337868480725,1030.8582,0.016756150871515274
3.2043537414965986,449.46045,0.013695270754396915
3.2275736961451247,1046.0775,0.011502562090754509
3.250793650793651,173.86955,0.010399984195828438
3.274013605442177,1025.8552,0.010554855689406395
3.297233560090703,1021.2464,0.012391170486807823
3.320453514739229,283.97055,0.015056050382554531
3.3436734693877552,278.1215,0.021357344463467598
3.3668934240362813,866.53015,0.025435257703065872
3.3901133786848074,853.39374,0.022301822900772095
3.4133333333333336,440.75174,0.010269169695675373
3.4365532879818597,794.3074,0.00801890715956688
3.4597732426303858,321.46124,0.008779957890510559
3.4829931972789114,801.35986,0.009973855689167976
3.5062131519274375,1138.6658,0.01594981923699379
3.5294331065759637,859.92194,0.02293870970606804
3.5526530612244898,837.9784,0.019894136115908623
3.575873015873016,173.22212,0.013349922373890877
3.599092970521542,169.05765,0.006095629185438156
3.622312925170068,1109.6471,0.0056516025215387344
3.645532879818594,1141.1552,0.006763503886759281
3.6687528344671203,1074.4448,0.007652620319277048
3.6919727891156464,296.9353,0.015105677768588066
3.7151927437641725,800.1594,0.014987144619226456
3.7384126984126986,415.6346,0.011925052851438522
3.7616326530612247,712.50806,0.0060082124546170235
3.784852607709751,1005.2774,0.005079222377389669
3.8080725623582765,1079.2257,0.0069091832265257835
3.8312925170068026,760.23517,0.004303900524973869
3.8545124716553287,237.8089,0.002106508705765009
3.877732426303855,345.50946,0.0024845032021403313
3.900952380952381,348.5351,0.002471196698024869
3.924172335600907,218.228,0.002120362129062414
3.947392290249433,658.70026,0.0019413175759837031
3.9706122448979593,1057.489,0.0016486782114952803
3.9938321995464854,1044.0569,0.0024238338228315115
4.017052154195011,628.3497,0.004125137813389301
4.040272108843538,659.9644,0.00467316247522831
4.063492063492063,716.19165,0.0038594547659158707
4.08671201814059,240.76962,0.0030989935621619225
4.1099319727891155,1054.944,0.004457756876945496
4.133151927437642,1100.9159,0.006306715775281191
4.156371882086168,1043.7865,0.0032452556770294905
4.179591836734694,672.038,0.0038006906397640705
4.20281179138322,1114.3447,0.006170905660837889
4.2260317460317465,735.93494,0.005279112607240677
4.249251700680272,872.5009,0.004842489957809448
4.272471655328799,703.1971,0.003570371540263295
4.295691609977324,359.1145,0.004379477817565203
4.31891156462585,1140.3884,0.00637844018638134
4.342131519274377,1056.6807,0.004320519044995308
4.365351473922902,1051.9082,0.0029211482033133507
4.388571428571429,1096.1267,0.003510722890496254
4.4117913832199545,1076.0588,0.002469729632139206
4.435011337868481,757.8315,0.0028549772687256336
4.458231292517007,693.2769,0.0036244243383407593
4.481451247165533,71.50529,0.003887796774506569
4.504671201814059,252.76074,0.006371966563165188
4.527891156462585,1135.9718,0.007459645159542561
4.551111111111111,1079.2921,0.006046907976269722
4.574331065759638,1126.1818,0.0030788590665906668
4.597551020408163,688.66785,0.003955666907131672
4.62077097505669,336.22812,0.0038943684194236994
4.6439909297052155,373.70456,0.0036483535077422857
4.667210884353741,669.2018,0.0028887020889669657
4.690430839002268,706.02893,0.004012582823634148
4.713650793650793,1113.5096,0.006507839076220989
4.73687074829932,1070.758,0.0043822540901601315
4.760090702947846,1083.7876,0.0021457872353494167
4.783310657596372,696.2571,0.0026130289770662785
4.806530612244898,1122.8286,0.0017903177067637444
4.829750566893424,480.31,0.0018259529024362564
4.85297052154195,674.3493,0.0022354107350111008
4.876190476190477,1103.0682,0.0022927019745111465
4.899410430839002,1062.1968,0.0037545091472566128
4.922630385487529,1145.024,0.0037804252933710814
4.9458503401360545,1074.1377,0.002073438372462988
4.96907029478458,1114.5221,0.0024057934060692787
4.992290249433107,726.7561,0.002074435818940401
5.015510204081632,721.5806,0.0018590434920042753
5.038730158730159,1095.2042,0.001800397178158164
5.061950113378685,246.44019,0.002018505707383156
5.085170068027211,368.74487,0.003538496093824506
5.108390022675737,731.58356,0.0034618752542883158
5.131609977324263,1029.3107,0.0015820085536688566
5.154829931972789,1097.5553,0.0015909218927845359
5.178049886621316,354.44202,0.0009302789112553
5.201269841269841,662.66425,0.0010257491376250982
5.224489795918368,134.93279,0.001178181730210781
5.2477097505668935,1060.7706,0.001433112658560276
5.27092970521542,741.7884,0.0020701794419437647
5.294149659863946,1089.5394,0.0022012111730873585
5.317369614512471,237.44836,0.0009605139493942261
5.340589569160998,721.62445,0.0008468591840937734
5.363809523809524,341.77484,0.0004095160693395883
5.38702947845805,713.25397,0.0005772459553554654
5.410249433106576,52.019543,0.0007915019523352385
5.433469387755102,863.9504,0.00045931467320770025
5.456689342403628,237.27104,0.0003778411482926458
5.479909297052155,229.32043,1.5182224160525948e-05
5.50312925170068,0.0,3.301956894574687e-06
5.526349206349207,0.0,7.888984328019433e-07
5.5495691609977325,0.0,4.3596901377895847e-07
5.572789115646259,0.0,8.270226317108609e-07
5.596009070294785,0.0,4.7797857405385e-07
5.61922902494331,0.0,1.0691537681850605e-06
5.642448979591837,0.0,4.899147825199179e-07
5.6656689342403626,0.0,4.2705687519628555e-07
5.688888888888889,0.0,1.8441460269968957e-07
5.712108843537415,0.0,2.443648554617539e-07
5.735328798185941,0.0,7.464759619324468e-07
5.758548752834467,0.0,3.481254680082202e-07
5.7817687074829935,0.0,2.279430191265419e-07
5.804988662131519,0.0,7.898233889136463e-08
