0.0,0.0,1.1081465345341712e-07
0.023219954648526078,0.0,1.3383396435528994e-07
0.046439909297052155,0.0,1.8612081476021558e-07
0.06965986394557823,0.0,1.5217665350064635e-07
0.09287981859410431,0.0,7.157723302952945e-08
0.11609977324263039,0.0,5.977199180051684e-08
0.13931972789115646,0.0,8.191364031517878e-08
0.16253968253968254,0.0,1.3866156223230064e-07
0.18575963718820862,0.0,8.843835530569777e-08
0.2089795918367347,0.0,6.47723936708644e-08
0.23219954648526078,0.0,1.5604928194079548e-07
0.25541950113378686,0.0,1.5999466995708644e-07
0.2786394557823129,0.0,1.632815838092938e-07
0.301859410430839,0.0,1.0586154530756176e-07
0.3250793650793651,0.0,2.213266270700842e-06
0.3482993197278912,267.6668,1.0575792657618877e-05
0.37151927437641724,230.07542,1.0607159310893621e-05
0.3947392290249433,0.0,7.348784492933191e-06
0.4179591836734694,0.0,5.367119229049422e-06
0.44117913832199546,0.0,7.280908903339878e-06
0.46439909297052157,208.30238,1.2987336049263831e-05
0.4876190476190476,279.5472,3.719965025084093e-05
0.5108390022675737,269.97107,8.231244282796979e-05
0.5340589569160998,230.1775,0.00012453150702640414
0.5572789115646258,1061.4299,0.00014424409891944379
0.5804988662131519,920.00037,0.0001299235300393775
0.603718820861678,333.13522,0.0001112146201194264
0.626938775510204,252.21118,0.0002121809229720384
0.6501587301587302,991.3787,0.00019421070464886725
0.6733786848072563,1054.8778,0.0001355082931695506
0.6965986394557824,991.37286,0.0004300576401874423
0.7198185941043084,1086.344,0.0005270108813419938
0.7430385487528345,941.07025,0.0005487105809152126
0.7662585034013606,1042.3445,0.000444495293777436
0.7894784580498866,333.3358,0.0001909981365315616
0.8126984126984127,342.04492,0.0001951708400156349
0.8359183673469388,336.37537,0.00016871733532752842
0.8591383219954649,287.37683,0.0005540879210457206
0.8823582766439909,990.12244,0.0006912529352121055
0.905578231292517,367.65512,0.000711692962795496
0.9287981859410431,356.28394,0.0005269041284918785
0.9520181405895691,1086.2764,0.0003673819301184267
0.9752380952380952,320.4628,0.00036440984695218503
0.9984580498866213,916.6436,0.0005765125388279557
1.0216780045351475,290.10947,0.00039651122642681
1.0448979591836736,874.3254,0.00018309554434381425
1.0681179138321997,308.0978,0.0001553177135065198
1.0913378684807256,299.18652,0.00024745066184550524
1.1145578231292517,296.0298,0.00037119947955943644
1.1377777777777778,287.83725,0.0006660677026957273
1.1609977324263039,288.49622,0.0006050783558748662
1.18421768707483,853.3462,0.00033015719964168966
1.207437641723356,705.4109,0.00029969727620482445
1.2306575963718822,1054.8096,0.00026561811682768166
1.253877551020408,1028.6843,0.00033300300128757954
1.2770975056689342,300.9977,0.0003214036114513874
1.3003174603174603,290.7835,0.00041184265865013003
1.3235374149659864,289.24057,0.0006390598136931658
1.3467573696145125,290.70392,0.0004803159390576184
1.3699773242630386,293.19815,0.000343154591973871
1.3931972789115648,295.73398,0.00035731244133785367
1.4164172335600906,1040.6646,0.00034952512942254543
1.4396371882086167,285.17145,0.00037788739427924156
1.4628571428571429,392.29764,0.0004025581292808056
1.486077097505669,294.65332,0.0003932120162062347
1.509297052154195,184.6813,0.0003378097026143223
1.5325170068027212,87.58706,0.00029216756229288876
1.5557369614512473,209.8833,0.0006140886107459664
1.5789569160997732,334.0962,0.0007269943016581237
1.6021768707482993,928.13074,0.0006812914507463574
1.6253968253968254,1022.37665,0.0005993458325974643
1.6486167800453515,214.03558,0.0004014043661300093
1.6718367346938776,588.055,0.00038290309021249413
1.6950566893424037,632.51697,0.0005768237169831991
1.7182766439909298,739.2287,0.0007139765075407922
1.7414965986394557,1049.2048,0.0006662118248641491
1.7647165532879818,862.63354,0.0006321242544800043
1.787936507936508,970.4221,0.0007797930156812072
1.811156462585034,204.52151,0.0005126860924065113
1.8343764172335602,244.57063,0.000397611380321905
1.8575963718820863,1025.296,0.0002731814456637949
1.8808163265306124,339.55054,0.0005303594516590238
1.9040362811791383,993.81,0.0007105538970790803
1.9272562358276644,1001.2276,0.00072954420465976
1.9504761904761905,908.576,0.0007109413854777813
1.9736961451247166,637.3896,0.000914240546990186
1.9969160997732427,334.17755,0.0007642442942596972
2.020136054421769,220.66338,0.0005416249623522162
2.043356009070295,326.9998,0.0006229317514225841
2.066575963718821,964.3039,0.0007235290249809623
2.089795918367347,908.5751,0.0007175023201853037
2.1130158730158732,1016.0716,0.000974705268163234
2.1362358276643993,1022.1284,0.0012402120046317577
2.159455782312925,353.97113,0.0009099644958041608
2.182675736961451,971.3834,0.0008679658058099449
2.2058956916099772,339.54056,0.0010285131866112351
2.2291156462585033,964.3188,0.0009832947980612516
2.2523356009070294,1018.6646,0.0009836347308009863
2.2755555555555556,1087.0332,0.0012003157753497362
2.2987755102040817,1087.5541,0.0012825129088014364
2.3219954648526078,1073.193,0.001406926428899169
2.345215419501134,349.86652,0.0009957945439964533
2.36843537414966,340.15903,0.0010500871576368809
2.391655328798186,330.09222,0.0007592199835926294
2.414875283446712,134.44908,0.0007598098600283265
2.4380952380952383,1020.4436,0.0010158224031329155
2.4613151927437644,1022.9901,0.0010604615090414882
2.48453514739229,735.86755,0.001133495825342834
2.507755102040816,1162.4961,0.0015614146832376719
2.5309750566893423,739.7401,0.0014844317920506
2.5541950113378684,1054.0273,0.001257559866644442
2.5774149659863945,953.9656,0.000996406190097332
2.6006349206349206,1101.5936,0.001105617149733007
2.6238548752834467,1061.596,0.0009855481330305338
2.647074829931973,350.7977,0.0009714469779282808
2.670294784580499,1107.7402,0.001543386373668909
2.693514739229025,769.7088,0.0011012688046321273
2.716734693877551,1007.3891,0.0007450723205693066
2.7399546485260773,1082.9631,0.001122045679949224
2.7631746031746034,361.10898,0.0012147120432928205
2.7863945578231295,364.47702,0.0009732465841807425
2.809614512471655,74.26073,0.001173794618807733
2.8328344671201813,758.5916,0.002141127362847328
2.8560544217687074,803.40643,0.0026918002404272556
2.8792743764172335,800.25903,0.0024696248583495617
2.9024943310657596,971.29095,0.0014569233171641827
2.9257142857142857,1153.3271,0.0013950499705970287
2.948934240362812,1082.1849,0.0016969905700534582
2.972154195011338,340.96872,0.0013410814572125673
2.995374149659864,280.3066,0.002336410339921713
3.01859410430839,744.70886,0.00345940375700593
3.0418140589569163,802.33466,0.0033988128416240215
3.0650340136054424,812.0805,0.004190576262772083
3.0882539682539685,1091.4711,0.002065408043563366
3.1114739229024946,1095.9471,0.0015901501756161451
3.1346938775510207,991.0027,0.001597927650436759
3.1579138321995464,1009.47064,0.0014987415634095669
3.1811337868480725,759.12787,0.003718148684129119
3.2043537414965986,283.76172,0.0018703204113990068
3.2275736961451247,91.31792,0.0013889679685235023
3.250793650793651,166.4706,0.002240445464849472
3.274013605442177,816.6342,0.00382908433675766
3.297233560090703,758.1067,0.0037256451323628426
3.320453514739229,866.66656,0.0028651822358369827
3.3436734693877552,94.58198,0.001213551382534206
3.3668934240362813,1110.6222,0.0013653298374265432
3.3901133786848074,1096.8944,0.0016747836489230394
3.4133333333333336,472.64337,0.0014014121843501925
3.4365532879818597,1057.9279,0.0020657763816416264
3.4597732426303858,289.4357,0.004255214706063271
3.4829931972789114,795.6022,0.004051867872476578
3.5062131519274375,280.83887,0.0024345286656171083
3.5294331065759637,344.9963,0.0011383960954844952
3.5526530612244898,90.35664,0.0018387790769338608
3.575873015873016,760.8754,0.0016001870390027761
3.599092970521542,1024.0496,0.002048381371423602
3.622312925170068,281.45752,0.004047210328280926
3.645532879818594,976.3431,0.005583953578025103
3.6687528344671203,839.34796,0.004653025418519974
3.6919727891156464,281.0169,0.001970620360225439
3.7151927437641725,1040.4763,0.002155909314751625
3.7384126984126986,330.03186,0.004369062837213278
3.7616326530612247,708.85675,0.00452784076333046
3.784852607709751,1043.3022,0.004547681659460068
3.8080725623582765,1010.93097,0.0034575373865664005
3.8312925170068026,194.29681,0.0021948746871203184
3.8545124716553287,1046.0923,0.0026512229815125465
3.877732426303855,144.38507,0.004382959567010403
3.900952380952381,1047.7872,0.0035209273919463158
3.924172335600907,1065.3422,0.004093817435204983
3.947392290249433,1065.752,0.003455759957432747
3.9706122448979593,1078.506,0.004131932742893696
3.9938321995464854,1022.2986,0.0034664967097342014
4.017052154195011,372.5285,0.002514803083613515
4.040272108843538,335.77237,0.004184173420071602
4.063492063492063,1029.5675,0.0038318377919495106
4.08671201814059,1088.7057,0.005232479888945818
4.1099319727891155,1085.3899,0.00609322264790535
4.133151927437642,1058.3987,0.00418003648519516
4.156371882086168,1010.0856,0.004685758147388697
4.179591836734694,145.90231,0.0030416944064199924
4.20281179138322,1059.5233,0.0033775330521166325
4.2260317460317465,149.59149,0.005236406344920397
4.249251700680272,1071.5082,0.005141152534633875
4.272471655328799,1090.158,0.00782248005270958
4.295691609977324,1099.9984,0.00680301059037447
4.31891156462585,1106.2559,0.0035998858511447906
4.342131519274377,1077.9192,0.004413715563714504
4.365351473922902,1084.9232,0.003852772293612361
4.388571428571429,1104.8981,0.004406270571053028
4.4117913832199545,1116.2914,0.0054996926337480545
4.435011337868481,1068.2091,0.005648518912494183
4.458231292517007,1116.4452,0.007122424431145191
4.481451247165533,1099.8293,0.004606802016496658
4.504671201814059,1042.779,0.0037831866648048162
4.527891156462585,1047.5054,0.0035706390626728535
4.551111111111111,1060.2358,0.0033555212430655956
4.574331065759638,1112.2599,0.005382027942687273
4.597551020408163,380.9317,0.003859980497509241
4.62077097505669,1148.787,0.007076578680425882
4.6439909297052155,1109.6823,0.006303789094090462
4.667210884353741,1076.2701,0.002994782757014036
4.690430839002268,1022.6391,0.0036203288473188877
4.713650793650793,1039.7277,0.0033132610842585564
4.73687074829932,1082.793,0.003512314986437559
4.760090702947846,1105.8267,0.006349474657326937
4.783310657596372,1114.3574,0.004203527234494686
4.806530612244898,1128.7839,0.007601316086947918
4.829750566893424,1104.5771,0.003348143072798848
4.85297052154195,1044.4032,0.0023205922916531563
4.876190476190477,1065.6787,0.0018786460859701037
4.899410430839002,1103.2478,0.0039223674684762955
4.922630385487529,1116.6531,0.001938947825692594
4.9458503401360545,242.0634,0.0028319433331489563
4.96907029478458,647.92334,0.0038352669216692448
4.992290249433107,644.8381,0.0026597389951348305
5.015510204081632,1198.4476,0.0014114819932729006
5.038730158730159,398.52393,0.0021442105062305927
5.061950113378685,401.56393,0.00143634551204741
5.085170068027211,176.77898,0.003689901437610388
5.108390022675737,1141.9353,0.0034839243162423372
5.131609977324263,1048.175,0.005078720860183239
5.154829931972789,1155.7551,0.004152872134000063
5.178049886621316,419.09146,0.0028118337504565716
5.201269841269841,1122.6873,0.00557510182261467
5.224489795918368,1120.8042,0.005940951406955719
5.2477097505668935,1120.743,0.0037566409446299076
5.27092970521542,54.33799,0.004539673216640949
5.294149659863946,1205.3169,0.0051184832118451595
5.317369614512471,1032.1085,0.006775622256100178
5.340589569160998,137.14879,0.006302484776824713
5.363809523809524,409.38486,0.0035253416281193495
5.38702947845805,1140.603,0.007146515883505344
5.410249433106576,1114.8239,0.007683800999075174
5.433469387755102,1100.2195,0.004246846307069063
5.456689342403628,1103.2704,0.00361117091961205
5.479909297052155,1098.5317,0.0030683325603604317
5.50312925170068,1234.4319,0.0027453871443867683
5.526349206349207,1104.6544,0.002606610767543316
5.5495691609977325,1142.6792,0.0027228035032749176
5.572789115646259,1085.4165,0.002883173990994692
5.596009070294785,1132.3483,0.002979201963171363
5.61922902494331,1086.5604,0.002830682322382927
5.642448979591837,1108.7236,0.003088512923568487
5.6656689342403626,1086.4598,0.004335043020546436
5.688888888888889,1099.3182,0.0052681369706988335
5.712108843537415,1106.0487,0.005766959395259619
5.735328798185941,1100.7716,0.005059622693806887
5.758548752834467,1093.833,0.0035443089436739683
5.7817687074829935,1137.8083,0.0017549898475408554
5.804988662131519,1090.1399,0.0016572150634601712
5.828208616780046,1109.9288,0.002754495246335864
5.851428571428571,1099.6,0.004294960759580135
5.874648526077098,1097.1129,0.0040241265669465065
5.897868480725624,1112.5215,0.002331432420760393
5.92108843537415,1088.8641,0.0015057011041790247
5.944308390022676,1000.4564,0.0018622700590640306
5.9675283446712015,490.0179,0.002086530439555645
5.990748299319728,55.87692,0.0018090636003762484
6.013968253968254,1216.9108,0.001251172972843051
6.03718820861678,1062.7461,0.0013746172189712524
6.060408163265306,322.55463,0.0022185517009347677
6.0836281179138325,979.1285,0.0022567864507436752
6.106848072562358,960.0236,0.0015704696998000145
6.130068027210885,353.62805,0.00191889435518533
6.15328798185941,1006.5364,0.0028168335556983948
6.176507936507937,1050.2161,0.001997895073145628
6.199727891156463,1069.5869,0.0028753001242876053
6.222947845804989,1062.7805,0.0025260753463953733
6.246167800453515,1070.973,0.0021036528050899506
6.269387755102041,1134.9674,0.0027899211272597313
6.292607709750567,361.39682,0.0013660758268088102
6.315827664399093,474.45172,0.0015793006168678403
6.339047619047619,1034.9911,0.0027367218863219023
6.362267573696145,1113.0181,0.0020192996598780155
6.3854875283446715,1136.7614,0.0014842168893665075
6.408707482993197,1083.012,0.0021040192805230618
6.431927437641724,806.2909,0.0009459396824240685
6.455147392290249,1034.2571,0.001052186475135386
6.478367346938776,1022.22095,0.0008747239480726421
6.501587301587302,1048.6624,0.0007756754057481885
6.524807256235828,460.6893,0.0007501011714339256
6.548027210884354,1094.7784,0.0010147013235837221
6.57124716553288,1069.7704,0.0012650091666728258
6.594467120181406,292.48764,0.0017019135411828756
6.617687074829932,178.21866,0.0023811054416000843
6.640907029478458,946.3343,0.0016947188414633274
6.664126984126984,129.96086,0.0009976645233109593
6.6873469387755105,1129.4447,0.0006742349942214787
6.710566893424036,341.81693,0.000585767556913197
6.733786848072563,1074.3201,0.0010243202559649944
6.757006802721088,1019.46643,0.0014586972538381815
6.780226757369615,838.953,0.002166952472180128
6.8034467120181406,1133.6266,0.002128557302057743
6.826666666666667,167.67874,0.0013891707640141249
6.849886621315193,1044.4092,0.0010316981934010983
6.873106575963719,993.0254,0.0010711455252021551
6.896326530612245,1053.0936,0.001065489836037159
6.9195464852607715,167.09338,0.001511374837718904
6.942766439909297,694.9334,0.0011959875700995326
6.965986394557823,271.19675,0.0004955295007675886
6.989206349206349,711.4733,0.00047060422366485
7.012426303854875,642.77783,0.0009097144939005375
7.035646258503402,153.30609,0.0013611747417598963
7.058866213151927,950.4105,0.001060775713995099
7.082086167800454,1042.7598,0.0005894745700061321
7.1053061224489795,1091.6515,0.0016839605523273349
7.128526077097506,1082.5756,0.0021288259886205196
7.151746031746032,1077.0782,0.0012092008255422115
7.174965986394558,1040.9427,0.0013916093157604337
7.198185941043084,57.16396,0.002320538740605116
7.2214058956916105,823.5749,0.002429468557238579
7.244625850340136,805.8247,0.002330755814909935
7.267845804988662,862.044,0.0017183158779516816
7.291065759637188,910.95667,0.0011672801338136196
7.314285714285714,1054.5762,0.0021727927960455418
7.337505668934241,1126.3723,0.0009900724980980158
7.360725623582766,162.27625,0.0023052969481796026
7.383945578231293,165.16373,0.0026254714466631413
7.4071655328798185,841.7274,0.003208821639418602
7.430385487528345,814.1156,0.002931042108684778
7.453605442176871,162.263,0.0023193894885480404
7.476825396825397,1062.4285,0.0009022609447129071
7.500045351473923,877.56964,0.0008628053474240005
7.5232653061224495,1043.0593,0.0006999277393333614
7.546485260770975,1097.3739,0.0007930795545689762
7.569705215419502,1063.2233,0.0012030553771182895
7.592925170068027,366.13593,0.001275317627005279
7.616145124716553,359.34192,0.0007586562423966825
7.63936507936508,1061.9183,0.0005529892514459789
7.662585034013605,344.5234,0.0004998943768441677
7.685804988662132,1095.9395,0.0006159080076031387
7.7090249433106575,347.6577,0.0006850850768387318
7.732244897959184,1094.8816,0.0007616792572662234
7.75546485260771,1086.0658,0.0009579731267876923
7.778684807256236,1103.1724,0.001141309505328536
7.801904761904762,1003.3642,0.0006995761068537831
7.8251247165532885,1061.6285,0.0006075349519960582
7.848344671201814,751.70514,0.000664358027279377
7.871564625850341,741.59735,0.0007363494951277971
7.894784580498866,1077.1912,0.0006778232054784894
7.918004535147393,1042.702,0.0006526801735162735
7.9412244897959186,1082.8787,0.0006705094710923731
7.964444444444444,1003.58923,0.0006059175939299166
7.987664399092971,1001.2688,0.00044333579717203975
8.010884353741497,1158.9493,0.0003386674798093736
8.034104308390022,1085.5697,0.0004279493587091565
8.057324263038549,977.4696,0.0004945284454151988
8.080544217687075,954.7802,0.0005000394303351641
8.103764172335602,1061.2299,0.0005506824236363173
8.126984126984127,1010.7937,0.0004681347345467657
8.150204081632653,214.81508,0.00037827561027370393
8.17342403628118,531.7157,0.00038046910776756704
8.196643990929706,719.4392,0.0003987598465755582
8.219863945578231,688.4713,0.0005300939083099365
8.243083900226758,1030.0303,0.0005263585480861366
8.266303854875284,1001.56537,0.0005352261941879988
8.289523809523809,63.807976,0.0005970147904008627
8.312743764172335,873.9012,0.0005798388738185167
8.335963718820862,953.8218,0.00038587304879911244
8.359183673469389,656.86816,0.00038689037319272757
8.382403628117913,706.4595,0.00036798216751776636
8.40562358276644,727.49713,0.0004537404456641525
8.428843537414966,1065.981,0.0004996313946321607
8.452063492063493,775.4095,0.0005842887330800295
8.475283446712018,1058.5168,0.0004784235206898302
8.498503401360544,746.9413,0.0002524291630834341
8.52172335600907,289.65546,0.0005183357279747725
8.544943310657597,937.57184,0.0005258767050690949
8.568163265306122,287.8004,0.00037597608752548695
8.591383219954649,122.24554,0.00020148063777014613
8.614603174603175,290.99496,0.00020066124852746725
8.6378231292517,340.35858,0.00021920974540989846
8.661043083900227,287.42395,0.0002813514438457787
8.684263038548753,291.41684,0.0005314940353855491
8.70748299319728,947.5463,0.0006603375659324229
8.730702947845804,287.93906,0.0005409321747720242
8.753922902494331,292.5869,0.00034029691596515477
8.777142857142858,237.0353,0.0002671661495696753
8.800362811791384,1072.3439,0.00020694687555078417
8.823582766439909,1047.2719,0.00030942505691200495
8.846802721088435,685.2425,0.0004969429573975503
8.870022675736962,926.4334,0.000772795407101512
8.893242630385489,283.07278,0.0007666791789233685
8.916462585034013,287.28638,0.0006535319844260812
8.93968253968254,289.88617,0.000387641106499359
8.962902494331066,227.17212,0.0003296619688626379
8.986122448979591,293.62003,0.00040422435267828405
9.009342403628118,288.6252,0.0005715038860216737
9.032562358276644,286.77814,0.0008313572034239769
9.05578231292517,1065.1929,0.0006596054299734533
9.079002267573696,274.25183,0.0003642793744802475
9.102222222222222,93.47168,0.0001536356285214424
9.125442176870749,227.63197,0.00024328871222678572
9.148662131519275,1093.9231,0.00030102464370429516
9.1718820861678,925.44055,0.00015005726891104132
9.195102040816327,277.98682,0.00023596732353325933
9.218321995464853,1075.1663,0.00031123185181058943
9.24154195011338,54.925327,0.00016988824063446373
9.264761904761905,279.2732,0.00023581285495311022
9.287981859410431,1034.5402,0.0003139586478937417
9.311201814058958,455.25308,0.000361885002348572
9.334421768707482,334.26816,0.00029569666367024183
9.357641723356009,1003.85443,0.00014440715312957764
9.380861678004536,269.90826,0.00040300225373357534
9.404081632653062,1016.3046,0.0005003184778615832
9.427301587301587,1091.8496,0.0003931997634936124
9.450521541950113,1050.4498,0.00018791879119817168
9.47374149659864,872.728,0.00044728093780577183
9.496961451247167,429.16345,0.0005722482455894351
9.520181405895691,241.40562,0.0005358310882002115
9.543401360544218,720.997,0.00035057406057603657
9.566621315192744,244.36722,0.0003223932289984077
9.58984126984127,834.68646,0.0005618544528260827
9.613061224489796,937.347,0.0004728322965092957
9.636281179138322,267.21738,0.00020711836987175047
9.659501133786849,253.82907,0.00033494969829916954
9.682721088435374,782.4556,0.000513749779202044
9.7059410430839,702.7418,0.0005395745392888784
9.729160997732427,723.52344,0.0003090785467065871
9.752380952380953,259.79343,0.0002760629286058247
9.775600907029478,763.1911,0.0005470243049785495
9.798820861678005,952.25323,0.0005350175779312849
9.822040816326531,252.98131,0.0002682792255654931
9.845260770975058,244.85034,0.00026519401581026614
9.868480725623582,742.1637,0.0004422295605763793
9.891700680272109,445.2817,0.0003889314248226583
9.914920634920636,1085.6943,0.0005234017735347152
9.93814058956916,251.37434,0.0001587159640621394
9.961360544217687,1078.645,0.0003346686135046184
9.984580498866213,865.9904,0.00043757277308031917
10.00780045351474,270.91586,0.0002279074105899781
10.031020408163265,277.46262,0.0003214780881535262
10.054240362811791,717.4412,0.00041498360224068165
10.077460317460318,91.92686,0.0002961599384434521
10.100680272108844,238.14844,0.00042637527803890407
10.12390022675737,246.12024,0.00018550707318354398
10.147120181405896,268.55887,0.0001350136153632775
10.170340136054422,270.71573,0.0002363179373787716
10.193560090702949,267.901,0.00012045826588291675
10.216780045351474,278.85992,0.00010824983473867178
10.24,251.08282,0.00020618506823666394
10.263219954648527,1105.0286,0.00024005361774470657
10.286439909297052,718.89935,0.0002165576588595286
10.309659863945578,662.61224,7.03873229213059e-05
10.332879818594105,268.94846,0.00010027486132457852
10.356099773242631,274.57303,0.0001407492090947926
10.379319727891156,887.17755,0.00012841510761063546
10.402539682539683,711.9937,9.551153925713152e-05
10.425759637188209,983.34863,7.974453910719603e-05
10.448979591836736,778.00543,6.713323818985373e-05
10.47219954648526,275.36212,4.1458424675511196e-05
10.495419501133787,245.44107,1.2438880730769597e-05
10.518639455782314,0.0,1.17248509923229e-06
10.54185941043084,0.0,2.800506990752183e-07
10.565079365079365,0.0,8.988445188151672e-08
10.588299319727891,0.0,8.35625542094931e-08
10.611519274376418,0.0,2.7716851036529988e-08
10.634739229024943,0.0,4.762296157423407e-08
10.65795918367347,0.0,2.176057023461908e-07
10.681179138321996,0.0,2.385331754339859e-07
10.704399092970522,0.0,3.416917024878785e-07
10.727619047619047,0.0,5.551382855628617e-07
10.750839002267574,0.0,4.149333108216524e-07
10.7740589569161,0.0,5.85890120419208e-07
10.797278911564627,0.0,5.155116014066152e-07
10.820498866213152,0.0,3.1810577638680115e-07
10.843718820861678,0.0,1.5216937754303217e-07
10.866938775510205,0.0,8.030838216654956e-08
10.890158730158731,0.0,5.028141458751634e-08
10.913378684807256,0.0,1.1985503078904003e-07
10.936598639455783,0.0,2.283268258906901e-07
10.95981859410431,0.0,2.432498149573803e-07
10.983038548752834,0.0,2.0547849999275059e-07
11.00625850340136,0.0,2.5682129489723593e-07
11.029478458049887,0.0,5.210767994867638e-08
11.052698412698414,0.0,7.761173037579283e-08
11.075918367346938,0.0,5.706169758923352e-09
