0.0,0.0,3.6613164411392063e-07
0.023219954648526078,0.0,3.94836206396576e-07
0.046439909297052155,0.0,2.1747109713032842e-07
0.06965986394557823,0.0,3.253344402764924e-07
0.09287981859410431,0.0,4.004614311270416e-07
0.11609977324263039,0.0,1.812386472010985e-07
0.13931972789115646,0.0,4.9022673920262605e-08
0.16253968253968254,0.0,3.703280526679009e-08
0.18575963718820862,0.0,4.387493390822783e-08
0.2089795918367347,0.0,4.041976353619248e-08
0.23219954648526078,0.0,6.443588063120842e-08
0.25541950113378686,0.0,5.899437383050099e-08
0.2786394557823129,0.0,6.76282070344314e-08
0.301859410430839,0.0,1.6359990695491433e-07
0.3250793650793651,0.0,1.0591338650556281e-07
0.3482993197278912,0.0,1.6102967492770404e-07
0.37151927437641724,0.0,1.2462714948924258e-07
0.3947392290249433,0.0,9.272298484575003e-08
0.4179591836734694,0.0,7.806556823197752e-08
0.44117913832199546,0.0,6.445952749345452e-08
0.46439909297052157,0.0,7.524058673880063e-07
0.4876190476190476,0.0,1.025389792630449e-06
0.5108390022675737,0.0,2.271945049869828e-07
0.5340589569160998,0.0,1.0435996955493465e-07
0.5572789115646258,0.0,9.603536454960704e-08
0.5804988662131519,0.0,6.220670911716297e-08
0.603718820861678,0.0,1.0959774954244494e-07
0.626938775510204,0.0,1.4738634490640834e-07
0.6501587301587302,0.0,7.81339349487098e-06
0.6733786848072563,79.05746,2.185851553804241e-05
0.6965986394557824,441.1755,3.689196819323115e-05
0.7198185941043084,508.06482,4.972465831087902e-05
0.7430385487528345,560.1365,6.183997902553529e-05
0.7662585034013606,520.05676,7.736959378235042e-05
0.7894784580498866,554.1908,8.952752250479534e-05
0.8126984126984127,275.0098,9.533394768368453e-05
0.8359183673469388,522.7064,0.00011937402450712398
0.8591383219954649,539.11597,0.00014481577090919018
0.8823582766439909,562.18774,0.00015781681577209383
0.905578231292517,542.6328,0.00018637094763107598
0.9287981859410431,289.03214,0.0001890078856376931
0.9520181405895691,544.0978,0.00018463583546690643
0.9752380952380952,207.55046,0.00019618823716882616
0.9984580498866213,260.0769,0.00019755432731471956
1.0216780045351475,568.9749,0.0002149015781469643
1.0448979591836736,601.1019,0.000265051843598485
1.0681179138321997,560.5522,0.00028185214614495635
1.0913378684807256,588.3465,0.000271990749752149
1.1145578231292517,2742.136,0.00026208115741610527
1.1377777777777778,587.9409,0.00022554660972673446
1.1609977324263039,581.971,0.00025917039602063596
1.18421768707483,593.0963,0.0002983557933475822
1.207437641723356,596.06146,0.000262069224845618
1.2306575963718822,584.4769,0.000288235314656049
1.253877551020408,270.48853,0.00030413921922445297
1.2770975056689342,503.0484,0.00031974533339962363
1.3003174603174603,342.4353,0.00034100981429219246
1.3235374149659864,327.69742,0.0003742185072042048
1.3467573696145125,560.1917,0.00027926109032705426
1.3699773242630386,501.2305,0.00023404783860314637
1.3931972789115648,503.54324,0.00025528387050144374
1.4164172335600906,521.4016,0.00030796878854744136
1.4396371882086167,547.5907,0.00033268664265051484
1.4628571428571429,619.1367,0.0003134552971459925
1.486077097505669,579.18353,0.00020591981592588127
1.509297052154195,599.2978,0.00017406056576874107
1.5325170068027212,601.9578,0.0002331637078896165
1.5557369614512473,598.56976,0.0003014742396771908
1.5789569160997732,262.04803,0.00032858503982424736
1.6021768707482993,539.44446,0.00028180162189528346
1.6253968253968254,567.51904,0.00026875745970755816
1.6486167800453515,328.71176,0.00022578972857445478
1.6718367346938776,268.8425,0.0001365050411550328
1.6950566893424037,2961.3909,0.00014769354311283678
1.7182766439909298,357.38177,0.0001690689823590219
1.7414965986394557,266.81256,0.0003098752931691706
1.7647165532879818,561.4946,0.00034539634361863136
1.787936507936508,554.81537,0.00029642938170582056
1.811156462585034,249.0391,0.0003018905408680439
1.8343764172335602,257.4376,0.0003542925987858325
1.8575963718820863,591.62805,0.0002855026687029749
1.8808163265306124,267.02255,0.00020542400307022035
1.9040362811791383,234.70233,0.0002123979211319238
1.9272562358276644,264.67282,0.00025351549265906215
1.9504761904761905,255.51486,0.0002931273775175214
1.9736961451247166,522.5458,0.0003153626748826355
1.9969160997732427,316.04236,0.0002558297710493207
2.020136054421769,265.4993,0.00020582778961397707
2.043356009070295,613.146,0.00020522311388049275
2.066575963718821,576.8828,0.00027824711287394166
2.089795918367347,338.59442,0.0003459620929788798
2.1130158730158732,229.5241,0.0003300594980828464
2.1362358276643993,230.3426,0.0002991221263073385
2.159455782312925,218.02237,0.00032230300712399185
2.182675736961451,316.7273,0.00035437490441836417
2.2058956916099772,327.3398,0.00047865029773674905
2.2291156462585033,612.0288,0.0005281651974655688
2.2523356009070294,372.5279,0.00047723855823278427
2.2755555555555556,583.2024,0.0005488665774464607
2.2987755102040817,626.74146,0.0007073982269503176
2.3219954648526078,324.5938,0.00045649343519471586
2.345215419501134,265.6583,0.00047712118248455226
2.36843537414966,385.83127,0.0004342087486293167
2.391655328798186,547.2751,0.0005812904564663768
2.414875283446712,592.2989,0.0006365643348544836
2.4380952380952383,356.86777,0.0005627407226711512
2.4613151927437644,672.88434,0.0005230538663454354
2.48453514739229,242.10358,0.0007060820353217423
2.507755102040816,532.2219,0.0004764346231240779
2.5309750566893423,315.29932,0.0004982260870747268
2.5541950113378684,566.4742,0.0004140674718655646
2.5774149659863945,332.23166,0.0005374339525587857
2.6006349206349206,593.0019,0.0004434811417013407
2.6238548752834467,553.8307,0.0004112104943487793
2.647074829931973,661.90497,0.0004922170774079859
2.670294784580499,623.2276,0.0006666897097602487
2.693514739229025,337.6049,0.0008275201544165611
2.716734693877551,331.45972,0.0006023546447977424
2.7399546485260773,335.2635,0.0006161176133900881
2.7631746031746034,131.94547,0.000632811919786036
2.7863945578231295,580.63605,0.0005627343780361116
2.809614512471655,116.641426,0.0006516185239888728
2.8328344671201813,268.86548,0.000693437410518527
2.8560544217687074,568.75073,0.0007720127468928695
2.8792743764172335,571.07916,0.0008939566323533654
2.9024943310657596,555.8507,0.0009204515954479575
2.9257142857142857,552.81433,0.000811029807664454
2.948934240362812,581.7904,0.0006914188852533698
2.972154195011338,571.4736,0.0006129256216809154
2.995374149659864,602.08575,0.0006641856743954122
3.01859410430839,649.4791,0.0005551629001274705
3.0418140589569163,365.8327,0.0006848167977295816
3.0650340136054424,574.9843,0.0006423200247809291
3.0882539682539685,560.7772,0.0006313323974609375
3.1114739229024946,549.4187,0.0003560018667485565
3.1346938775510207,381.05356,0.00044541191891767085
3.1579138321995464,320.1567,0.0003977019223384559
3.1811337868480725,397.4351,0.00043610495049506426
3.2043537414965986,388.46524,0.00036797410575672984
3.2275736961451247,267.1751,0.0005765410605818033
3.250793650793651,547.617,0.0006287293508648872
3.274013605442177,416.34064,0.0006816325476393104
3.297233560090703,373.89423,0.0005598079296760261
3.320453514739229,328.65298,0.0008242474868893623
3.3436734693877552,555.9432,0.0010153606999665499
3.3668934240362813,191.42755,0.0009726055432111025
3.3901133786848074,533.2551,0.0007268544868566096
3.4133333333333336,652.12085,0.0007172918412834406
3.4365532879818597,546.1512,0.0008051482727751136
3.4597732426303858,559.2718,0.0007864746730774641
3.4829931972789114,368.13474,0.0009611694258637726
3.5062131519274375,392.7064,0.0008519756374880672
3.5294331065759637,337.48083,0.001239455072209239
3.5526530612244898,539.0553,0.0010956886690109968
3.575873015873016,326.6245,0.0008489259635098279
3.599092970521542,275.86276,0.0007033210713416338
3.622312925170068,369.50082,0.0009632622823119164
3.645532879818594,391.30627,0.0009534282144159079
3.6687528344671203,273.6025,0.0007983669056557119
3.6919727891156464,407.2077,0.0010266909375786781
3.7151927437641725,347.78168,0.0009249916183762252
3.7384126984126986,523.28534,0.0009890964720398188
3.7616326530612247,604.9894,0.0008012346224859357
3.784852607709751,372.48074,0.0009383384604007006
3.8080725623582765,330.3469,0.0009490508818998933
3.8312925170068026,328.99017,0.000991802429780364
3.8545124716553287,421.17316,0.0010765496408566833
3.877732426303855,567.4084,0.0009350998443551362
3.900952380952381,161.58035,0.0009422819712199271
3.924172335600907,258.48605,0.0010222012642771006
3.947392290249433,368.60123,0.001117372652515769
3.9706122448979593,577.7964,0.0012928372016176581
3.9938321995464854,517.21643,0.0012958473525941372
4.017052154195011,421.6028,0.001461266539990902
4.040272108843538,377.02362,0.0018408950418233871
4.063492063492063,164.52391,0.0014034435153007507
4.08671201814059,524.58704,0.001545364735648036
4.1099319727891155,575.87585,0.001859645009972155
4.133151927437642,348.3554,0.0017036949284374714
4.156371882086168,423.19745,0.0018998680170625448
4.179591836734694,337.529,0.0018916086992248893
4.20281179138322,421.4176,0.0019370645750313997
4.2260317460317465,576.6888,0.0017276834696531296
4.249251700680272,618.09064,0.0021755583584308624
4.272471655328799,159.16286,0.0008725515217520297
4.295691609977324,644.4609,0.0007086772820912302
4.31891156462585,562.703,0.0016473388532176614
4.342131519274377,569.91394,0.0022779330611228943
4.365351473922902,466.86288,0.0013465757947415113
4.388571428571429,386.78226,0.0013924331869930029
4.4117913832199545,585.2908,0.0020916529465466738
4.435011337868481,498.5511,0.0010520531795918941
4.458231292517007,523.0022,0.0009421108406968415
4.481451247165533,524.9009,0.0011806186521425843
4.504671201814059,2808.3386,0.0009259002399630845
4.527891156462585,438.05634,0.0027455007657408714
4.551111111111111,560.8739,0.0031204093247652054
4.574331065759638,402.1104,0.0030897660180926323
4.597551020408163,490.11514,0.0032939547672867775
4.62077097505669,507.8106,0.0011820245999842882
4.6439909297052155,528.98315,0.0021617200691252947
4.667210884353741,530.9877,0.0017507688608020544
4.690430839002268,518.80945,0.0012186049716547132
4.713650793650793,410.9189,0.002865310525521636
4.73687074829932,166.34456,0.0017458060756325722
4.760090702947846,599.8346,0.002524003619328141
4.783310657596372,521.6549,0.0012381693813949823
4.806530612244898,537.1595,0.0015815270598977804
4.829750566893424,547.35596,0.0015968024963513017
4.85297052154195,540.2311,0.001607268932275474
4.876190476190477,525.55383,0.0010084318928420544
4.899410430839002,462.4582,0.002069904003292322
4.922630385487529,491.69916,0.002907179296016693
4.9458503401360545,504.59528,0.0010378486476838589
4.96907029478458,531.2372,0.001825678045861423
4.992290249433107,548.6944,0.002039461862295866
5.015510204081632,551.4072,0.0023828037083148956
5.038730158730159,542.3383,0.002570776268839836
5.061950113378685,524.57764,0.0014658579602837563
5.085170068027211,436.336,0.0036793970502913
5.108390022675737,540.33734,0.005171083379536867
5.131609977324263,493.86725,0.001800210913643241
5.154829931972789,535.8266,0.0028113697189837694
5.178049886621316,554.8236,0.0024876699317246675
5.201269841269841,558.9891,0.0021045587491244078
5.224489795918368,544.1888,0.0026773568242788315
5.2477097505668935,527.0343,0.0018686822149902582
5.27092970521542,445.0372,0.004077326972037554
5.294149659863946,496.2814,0.0027004126459360123
5.317369614512471,531.95184,0.002597568091005087
5.340589569160998,563.70593,0.0036882073618471622
5.363809523809524,590.20294,0.00688864104449749
5.38702947845805,601.22235,0.006123521365225315
5.410249433106576,599.57495,0.005472547374665737
5.433469387755102,585.85406,0.0027728176210075617
5.456689342403628,570.8065,0.002096777083352208
5.479909297052155,566.2246,0.0018964351620525122
5.50312925170068,572.0061,0.0026108683086931705
5.526349206349207,585.4654,0.0037147882394492626
5.5495691609977325,603.0524,0.005127592943608761
5.572789115646259,610.9809,0.008862728253006935
5.596009070294785,607.60474,0.010546919889748096
5.61922902494331,593.6647,0.009003208950161934
5.642448979591837,572.3433,0.004391680937260389
5.6656689342403626,3036.7385,0.0034365630708634853
5.688888888888889,572.85516,0.006787271238863468
5.712108843537415,601.62885,0.011404832825064659
5.735328798185941,620.306,0.009610931389033794
5.758548752834467,633.3311,0.00947690661996603
5.7817687074829935,613.8228,0.018018383532762527
5.804988662131519,591.02484,0.012296780943870544
5.828208616780046,564.70245,0.003993267193436623
5.851428571428571,565.9862,0.005318757612258196
5.874648526077098,592.5183,0.013272562064230442
5.897868480725624,606.30554,0.016654122620821
5.92108843537415,616.985,0.013804865069687366
5.944308390022676,600.41736,0.005795946344733238
5.9675283446712015,569.15656,0.0015643836231902242
5.990748299319728,524.44684,0.001034994376823306
6.013968253968254,663.51184,0.0011308669345453382
6.03718820861678,532.48413,0.001756239915266633
6.060408163265306,539.9415,0.0017895656637847424
6.0836281179138325,538.6613,0.0018281005322933197
6.106848072562358,291.26004,0.0015502397436648607
6.130068027210885,2185.67,0.00102897547185421
6.15328798185941,442.1064,0.0012841348070651293
6.176507936507937,461.08792,0.000909866881556809
6.199727891156463,540.5009,0.0018104218179360032
6.222947845804989,550.001,0.0018578371964395046
6.246167800453515,562.10834,0.002394690178334713
6.269387755102041,559.5241,0.0018340619280934334
6.292607709750567,542.12866,0.0018936602864414454
6.315827664399093,178.86952,0.001308880397118628
6.339047619047619,502.32004,0.0013512230943888426
6.362267573696145,511.1635,0.001172802527435124
6.3854875283446715,539.9456,0.0021106870844960213
6.408707482993197,551.9013,0.0017608822090551257
6.431927437641724,554.09875,0.001279668416827917
6.455147392290249,538.7881,0.0015420420095324516
6.478367346938776,515.0883,0.0015737117500975728
6.501587301587302,151.64804,0.004065955989062786
6.524807256235828,511.41843,0.004072112496942282
6.548027210884354,411.0414,0.0025478277821093798
6.57124716553288,595.62573,0.0006446476909331977
6.594467120181406,517.66034,0.0008321190252900124
6.617687074829932,515.9692,0.0008128323825076222
6.640907029478458,501.4619,0.001587610924616456
6.664126984126984,568.8907,0.003658920992165804
6.6873469387755105,1930.791,0.0037906588986516
6.710566893424036,485.53067,0.0032280483283102512
6.733786848072563,506.17288,0.001055912347510457
6.757006802721088,175.03047,0.0014529714826494455
6.780226757369615,579.2554,0.0017235098639503121
6.8034467120181406,440.26257,0.0012638636399060488
6.826666666666667,283.35294,0.0019523275550454855
6.849886621315193,577.92017,0.004298476502299309
6.873106575963719,273.47394,0.004621650092303753
6.896326530612245,461.98145,0.0030431742779910564
6.9195464852607715,511.38565,0.001453214674256742
6.942766439909297,520.1931,0.0015531335957348347
6.965986394557823,212.23727,0.0013831545365974307
6.989206349206349,560.4808,0.00325984600931406
7.012426303854875,371.4736,0.0019080857746303082
7.035646258503402,392.10532,0.001954294741153717
7.058866213151927,385.9121,0.001522103906609118
7.082086167800454,579.5751,0.0017605002503842115
7.1053061224489795,1859.726,0.0019536165054887533
7.128526077097506,597.4589,0.001452640863135457
7.151746031746032,587.88416,0.0015317865181714296
7.174965986394558,348.7235,0.00199328176677227
7.198185941043084,339.1234,0.002026486210525036
7.2214058956916105,352.6409,0.0020407414995133877
7.244625850340136,594.2914,0.0018101963214576244
7.267845804988662,1858.3412,0.0021514268592000008
7.291065759637188,608.5775,0.002048758091405034
7.314285714285714,607.8272,0.0016590725863352418
7.337505668934241,591.86206,0.0015332276234403253
7.360725623582766,561.50555,0.0017690823879092932
7.383945578231293,417.38358,0.00175644108094275
7.4071655328798185,343.4698,0.002038310980424285
7.430385487528345,597.5365,0.001843764679506421
7.453605442176871,145.83348,0.0016921316273510456
7.476825396825397,594.02405,0.0013092641020193696
7.500045351473923,555.5998,0.0013500340282917023
7.5232653061224495,411.7746,0.0008799722418189049
7.546485260770975,605.5757,0.0006398471887223423
7.569705215419502,394.96194,0.0006141384947113693
7.592925170068027,540.84955,0.0007861106423661113
7.616145124716553,543.8179,0.0008249124512076378
7.63936507936508,537.24817,0.000765338889323175
7.662585034013605,278.4163,0.0006286806892603636
7.685804988662132,390.10825,0.0004771453677676618
7.7090249433106575,392.88574,0.0006561634945683181
7.732244897959184,410.89914,0.0008360339561477304
7.75546485260771,612.61066,0.000603581196628511
7.778684807256236,393.47244,0.000576722261030227
7.801904761904762,409.2934,0.0008598740096203983
7.8251247165532885,415.75467,0.0007537511410191655
7.848344671201814,409.7037,0.0005909851170144975
7.871564625850341,395.52438,0.0004097077762708068
7.894784580498866,380.2204,0.0004198999668005854
7.918004535147393,612.5881,0.0005790431750938296
7.9412244897959186,380.3635,0.0005119159468449652
7.964444444444444,393.4189,0.0005257302545942366
7.987664399092971,524.24866,0.0007035980233922601
8.010884353741497,410.7051,0.0005943917785771191
8.034104308390022,399.0738,0.00034768565092235804
8.057324263038549,378.0184,0.0003509095695335418
8.080544217687075,386.21008,0.00018954763072542846
8.103764172335602,309.05414,0.0002422057732474059
8.126984126984127,347.16168,0.00024086510529741645
8.150204081632653,352.96002,0.0001631209161132574
8.17342403628118,135.26024,0.00021771118917968124
8.196643990929706,382.8841,0.0002709373948164284
8.219863945578231,350.92813,0.00014446821296587586
8.243083900226758,248.41304,0.00021929116337560117
8.266303854875284,335.45303,0.000239971763221547
8.289523809523809,337.19836,0.00022531028662342578
8.312743764172335,644.8068,0.0002634967677295208
8.335963718820862,544.405,0.00021679647034034133
8.359183673469389,341.0938,0.0004068064736202359
8.382403628117913,540.5139,0.00034765698364935815
8.40562358276644,136.22852,0.00020024762488901615
8.428843537414966,558.6624,0.00026084028650075197
8.452063492063493,524.8963,0.0002981950237881392
8.475283446712018,236.65727,0.00022158640786074102
8.498503401360544,2924.6592,0.00021336910140234977
8.52172335600907,3095.564,0.00020142813446000218
8.544943310657597,397.0601,0.00012840732233598828
8.568163265306122,239.5305,0.00011622543388511986
8.591383219954649,530.13934,0.00020908223814330995
8.614603174603175,397.5305,0.00019976442854385823
8.6378231292517,400.08337,0.00018865635502152145
8.661043083900227,388.98578,0.00018009314953815192
8.684263038548753,400.0558,0.00013169419253244996
8.70748299319728,543.605,0.0001362120092380792
8.730702947845804,344.29602,0.00015143454947974533
8.753922902494331,333.82703,0.00019457523012533784
8.777142857142858,235.94403,0.0001735173282213509
8.800362811791384,272.2496,0.0001415415754308924
8.823582766439909,287.13803,0.00019396482093725353
8.846802721088435,325.6291,0.00015923204773571342
8.870022675736962,332.60303,0.0001818005257518962
8.893242630385489,338.424,0.0001732453820295632
8.916462585034013,347.49677,0.00019083882216364145
8.93968253968254,344.9757,0.0002083129365928471
8.962902494331066,335.46243,0.00027249346021562815
8.986122448979591,277.79028,0.00016632454935461283
9.009342403628118,321.44116,0.00023253301333170384
9.032562358276644,399.67026,0.00019326798792462796
9.05578231292517,330.1962,0.00019352216622792184
9.079002267573696,337.42667,0.00018110785458702594
9.102222222222222,581.7895,0.0001927898556459695
9.125442176870749,2974.2356,0.00017725008365232497
9.148662131519275,582.07294,0.00015022989828139544
9.1718820861678,597.4975,0.00015562055341433734
9.195102040816327,312.37265,0.00018414942314848304
9.218321995464853,284.02045,0.00015758926747366786
9.24154195011338,2945.065,0.00012441437866073102
9.264761904761905,319.43082,0.00012355820217635483
9.287981859410431,376.72028,0.00013060499622952193
9.311201814058958,323.88196,0.00014018967340234667
9.334421768707482,320.48447,0.0001425245573045686
9.357641723356009,282.45566,0.00013264501467347145
9.380861678004536,282.8246,0.00013567233690991998
9.404081632653062,317.1861,0.00013923353981226683
9.427301587301587,271.64917,0.00011973665095865726
9.450521541950113,278.68204,0.00011525845184223726
9.47374149659864,347.9774,0.00012054130638716742
9.496961451247167,339.17224,0.00011027551227016374
9.520181405895691,272.9279,0.0001299150026170537
9.543401360544218,2753.8677,0.0001493301533628255
9.566621315192744,282.49533,0.00013007715460844338
9.58984126984127,284.32843,0.00014030426973477006
9.613061224489796,274.10864,0.00012627479736693203
9.636281179138322,272.99704,0.00012544594937935472
9.659501133786849,334.15323,0.0001079477951861918
9.682721088435374,268.5728,0.0001228666224051267
9.7059410430839,268.9231,0.0001749341463437304
9.729160997732427,594.4476,0.00012763304403051734
9.752380952380953,584.8685,0.00010691293573472649
9.775600907029478,590.7824,0.00012659236381296068
9.798820861678005,269.37173,0.00013356225099414587
9.822040816326531,639.7847,9.785273141460493e-05
9.845260770975058,273.67508,0.00011526828893693164
9.868480725623582,379.19745,0.0001179496175609529
9.891700680272109,261.6666,9.666153346188366e-05
9.914920634920636,268.76654,7.022297359071672e-05
9.93814058956916,270.82162,6.953376578167081e-05
9.961360544217687,517.0151,6.731135363224894e-05
9.984580498866213,600.277,9.582824714016169e-05
10.00780045351474,267.41565,0.00012005762255284935
10.031020408163265,272.35278,9.94988004094921e-05
10.054240362811791,271.8101,9.865098400041461e-05
10.077460317460318,601.3449,8.495731162838638e-05
10.100680272108844,594.7824,6.824015872552991e-05
10.12390022675737,164.7909,6.850637146271765e-05
10.147120181405896,550.9932,6.622741057071835e-05
10.170340136054422,260.1819,6.096263314248063e-05
10.193560090702949,589.6677,7.843082130420953e-05
10.216780045351474,275.4491,5.485807196237147e-05
10.24,281.29126,5.3199895774014294e-05
10.263219954648527,273.88547,6.83583493810147e-05
10.286439909297052,265.45685,5.404671173891984e-05
10.309659863945578,571.95636,4.970509689883329e-05
10.332879818594105,502.1979,6.12970907241106e-05
10.356099773242631,569.0837,5.0422593631083146e-05
10.379319727891156,265.9323,3.5232253139838576e-05
10.402539682539683,270.04242,4.275353057892062e-05
10.425759637188209,277.52872,3.479946099105291e-05
10.448979591836736,278.1125,3.371231287019327e-05
10.47219954648526,268.41235,2.9305208954610862e-05
10.495419501133787,363.47046,2.3378190235234797e-05
10.518639455782314,555.8226,1.711026197881438e-05
10.54185941043084,382.5641,1.6991842130664736e-05
10.565079365079365,261.67426,1.370339305140078e-05
10.588299319727891,274.67673,1.635230000829324e-05
10.611519274376418,285.79886,1.762920874170959e-05
10.634739229024943,381.1858,1.4648421711171977e-05
10.65795918367347,0.0,7.164469025155995e-06
10.681179138321996,0.0,6.393188414222095e-06
10.704399092970522,0.0,5.591982699115761e-06
10.727619047619047,0.0,4.716555849881843e-06
10.750839002267574,0.0,2.8404983822838403e-06
10.7740589569161,0.0,3.511631803121418e-07
10.797278911564627,0.0,1.476964825997129e-07
10.820498866213152,0.0,8.820643415674567e-08
10.843718820861678,0.0,1.2233340385137126e-07
10.866938775510205,0.0,7.948892744025216e-08
10.890158730158731,0.0,7.443668437190354e-08
10.913378684807256,0.0,1.5231671568471938e-07
10.936598639455783,0.0,8.878396329237148e-08
10.95981859410431,0.0,4.7361027100123465e-08
10.983038548752834,0.0,1.2899272405775264e-07
11.00625850340136,0.0,7.698326953686774e-08
