0.0,0.0,4.108323992113583e-07
0.023219954648526078,0.0,6.232712621567771e-07
0.046439909297052155,0.0,2.3188658815342933e-07
0.06965986394557823,0.0,1.928729034261778e-07
0.09287981859410431,0.0,2.1520008886000142e-07
0.11609977324263039,0.0,2.775177563307807e-07
0.13931972789115646,0.0,1.9546405383152887e-07
0.16253968253968254,0.0,2.9759576136711985e-07
0.18575963718820862,0.0,2.353581294300966e-07
0.2089795918367347,0.0,2.956458047265187e-07
0.23219954648526078,0.0,2.2889344108989462e-07
0.25541950113378686,0.0,5.175124897505157e-07
0.2786394557823129,0.0,2.7386977308196947e-07
0.301859410430839,0.0,6.428144843084738e-07
0.3250793650793651,0.0,7.035068847471848e-07
0.3482993197278912,0.0,3.095683496212587e-07
0.37151927437641724,0.0,8.894494385458529e-07
0.3947392290249433,0.0,9.059585863724351e-07
0.4179591836734694,0.0,2.80935455521103e-06
0.44117913832199546,0.0,6.74240891385125e-06
0.46439909297052157,131.29556,1.298887400480453e-05
0.4876190476190476,528.5908,7.578000077046454e-05
0.5108390022675737,170.06445,0.00024515041150152683
0.5340589569160998,293.99554,0.0002809352008625865
0.5572789115646258,434.1771,0.0006068660877645016
0.5804988662131519,425.04196,0.0003742284025065601
0.603718820861678,534.9864,0.0005476686637848616
0.626938775510204,2150.3367,0.0006435870891436934
0.6501587301587302,2074.7666,0.0006494314875453711
0.6733786848072563,163.97864,0.0010246216552332044
0.6965986394557824,419.30453,0.0007576436037197709
0.7198185941043084,508.2743,0.0004978199722245336
0.7430385487528345,301.6839,0.0008638194995000958
0.7662585034013606,405.69293,0.0017377202166244388
0.7894784580498866,541.49365,0.0015362020349130034
0.8126984126984127,404.4673,0.0018738944781944156
0.8359183673469388,537.51215,0.0020530917681753635
0.8591383219954649,530.2834,0.0010897937463596463
0.8823582766439909,421.69696,0.0009312325855717063
0.905578231292517,539.3386,0.0012605739757418633
0.9287981859410431,62.932804,0.0009387972531840205
0.9520181405895691,2397.6465,0.001454496174119413
0.9752380952380952,307.20853,0.0027796034701168537
0.9984580498866213,165.22296,0.002341550076380372
1.0216780045351475,527.2039,0.0006831556092947721
1.0448979591836736,481.01035,0.0011444385163486004
1.0681179138321997,424.83365,0.0025253761559724808
1.0913378684807256,403.40634,0.0018606164958328009
1.1145578231292517,2351.222,0.0014851766172796488
1.1377777777777778,298.70572,0.001292217755690217
1.1609977324263039,538.934,0.00129965681117028
1.18421768707483,2526.0176,0.001553546404466033
1.207437641723356,405.05753,0.0015737318899482489
1.2306575963718822,402.55045,0.0013940425124019384
1.253877551020408,421.3718,0.0012857713736593723
1.2770975056689342,410.90204,0.0012356529477983713
1.3003174603174603,2267.2942,0.0017887731082737446
1.3235374149659864,303.4163,0.0018535441486164927
1.3467573696145125,523.5154,0.0023487249854952097
1.3699773242630386,80.782776,0.0023114620707929134
1.3931972789115648,198.84785,0.001876558642834425
1.4164172335600906,412.8404,0.0017025271663442254
1.4396371882086167,433.7321,0.0017189134377986193
1.4628571428571429,471.71692,0.0013305473839864135
1.486077097505669,424.3587,0.0022237072698771954
1.509297052154195,415.96475,0.0020802621729671955
1.5325170068027212,435.38077,0.0022127048578113317
1.5557369614512473,415.83917,0.0027605523355305195
1.5789569160997732,429.8281,0.0016935162711888552
1.6021768707482993,402.07812,0.0014817432966083288
1.6253968253968254,559.38763,0.0016488981200382113
1.6486167800453515,456.47757,0.0017285833600908518
1.6718367346938776,294.52353,0.0018791548209264874
1.6950566893424037,414.4948,0.0022948328405618668
1.7182766439909298,414.6841,0.002740745199844241
1.7414965986394557,530.9012,0.0025223768316209316
1.7647165532879818,308.19806,0.0027198405005037785
1.787936507936508,304.61194,0.0020763124339282513
1.811156462585034,2424.93,0.002079889876767993
1.8343764172335602,2116.56,0.00313415564596653
1.8575963718820863,408.14078,0.004152562469244003
1.8808163265306124,406.00507,0.005052528344094753
1.9040362811791383,411.65295,0.0037600193172693253
1.9272562358276644,413.52087,0.0024511052761226892
1.9504761904761905,300.1791,0.0015690827276557684
1.9736961451247166,2135.857,0.0016602585092186928
1.9969160997732427,407.9689,0.002558469772338867
2.020136054421769,162.09396,0.0024047563783824444
2.043356009070295,398.14526,0.0021619563922286034
2.066575963718821,506.1684,0.0019453293643891811
2.089795918367347,92.473854,0.0017335455631837249
2.1130158730158732,2328.7168,0.00178369355853647
2.1362358276643993,390.99564,0.0014987982576712966
2.159455782312925,2276.0222,0.0017902310937643051
2.182675736961451,402.72272,0.0024307966232299805
2.2058956916099772,418.2422,0.0024570589885115623
2.2291156462585033,523.77997,0.002782398834824562
2.2523356009070294,411.67093,0.003147947136312723
2.2755555555555556,396.82352,0.0025654465425759554
2.2987755102040817,383.55954,0.002175058238208294
2.3219954648526078,2371.6262,0.0020541271660476923
2.345215419501134,418.4312,0.0023170211352407932
2.36843537414966,521.84937,0.004318045452237129
2.391655328798186,436.4105,0.003048862796276808
2.414875283446712,549.14886,0.003940267954021692
2.4380952380952383,66.28779,0.003531077643856406
2.4613151927437644,2080.399,0.004155490547418594
2.48453514739229,542.3214,0.0024486370384693146
2.507755102040816,431.37088,0.0015910243382677436
2.5309750566893423,831.0893,0.0012621209025382996
2.5541950113378684,2405.102,0.002123758662492037
2.5774149659863945,879.7904,0.0023284032940864563
2.6006349206349206,792.9237,0.002493609208613634
2.6238548752834467,429.05878,0.0022923590149730444
2.647074829931973,2402.8557,0.002119222888723016
2.670294784580499,508.74698,0.002132738707587123
2.693514739229025,513.87274,0.002145523438230157
2.716734693877551,528.68134,0.0031467722728848457
2.7399546485260773,105.767815,0.0027729510329663754
2.7631746031746034,415.986,0.0022262330166995525
2.7863945578231295,426.256,0.004018627107143402
2.809614512471655,689.5932,0.003550276393070817
2.8328344671201813,428.91293,0.0024971812963485718
2.8560544217687074,199.72633,0.0031025244388729334
2.8792743764172335,687.13794,0.0011648137588053942
2.9024943310657596,205.27142,0.0007079620263539255
2.9257142857142857,658.4864,0.0027561536990106106
2.948934240362812,197.81854,0.0035153706558048725
2.972154195011338,474.02313,0.0031270375475287437
2.995374149659864,2183.0208,0.002491286490112543
3.01859410430839,457.96335,0.004053134936839342
3.0418140589569163,492.58575,0.003388336393982172
3.0650340136054424,110.83399,0.0032794754952192307
3.0882539682539685,688.93304,0.0026612007059156895
3.1114739229024946,83.24912,0.0033623119816184044
3.1346938775510207,479.2052,0.0037533780559897423
3.1579138321995464,465.60724,0.0034062699414789677
3.1811337868480725,472.76358,0.002773615997284651
3.2043537414965986,290.06052,0.003017364302650094
3.2275736961451247,695.7923,0.0039231982082128525
3.250793650793651,710.91846,0.0018208774272352457
3.274013605442177,428.87347,0.0023839138448238373
3.297233560090703,442.61493,0.0008198454743251204
3.320453514739229,1870.117,0.0006502679898403585
3.3436734693877552,1993.4187,0.001760570565238595
3.3668934240362813,2184.003,0.003097115084528923
3.3901133786848074,191.83319,0.006102783605456352
3.4133333333333336,417.6715,0.005365528166294098
3.4365532879818597,706.69226,0.004609015304595232
3.4597732426303858,421.3581,0.0019776527769863605
3.4829931972789114,408.8821,0.004722957499325275
3.5062131519274375,418.77933,0.006807484198361635
3.5294331065759637,1868.3074,0.0032195867970585823
3.5526530612244898,201.09563,0.003373446175828576
3.575873015873016,2399.2957,0.0069541470147669315
3.599092970521542,418.3393,0.00782826729118824
3.622312925170068,710.1294,0.005904928781092167
3.645532879818594,434.54883,0.002594819525256753
3.6687528344671203,818.6691,0.002378364559262991
3.6919727891156464,1975.8422,0.0027074331883341074
3.7151927437641725,457.74097,0.0030114338733255863
3.7384126984126986,755.8873,0.003075414802879095
3.7616326530612247,798.539,0.0017281832406297326
3.784852607709751,297.80157,0.002206279896199703
3.8080725623582765,298.96085,0.0013002550695091486
3.8312925170068026,385.2666,0.001300818519666791
3.8545124716553287,2457.5195,0.0024166388902813196
3.877732426303855,2010.9369,0.003007624763995409
3.900952380952381,2252.8945,0.004305975511670113
3.924172335600907,569.869,0.004429467488080263
3.947392290249433,760.3973,0.002214528154581785
3.9706122448979593,2121.6162,0.006525344215333462
3.9938321995464854,298.61694,0.0027966764755547047
4.017052154195011,2407.3708,0.003506106324493885
4.040272108843538,2079.3843,0.005795758683234453
4.063492063492063,2287.1333,0.004223523195832968
4.08671201814059,2162.0173,0.009568101726472378
4.1099319727891155,707.35846,0.007280454505234957
4.133151927437642,2289.1934,0.002718886826187372
4.156371882086168,2406.1042,0.006341027561575174
4.179591836734694,2091.081,0.006516731344163418
4.20281179138322,2311.9763,0.005775206722319126
4.2260317460317465,2130.156,0.0042090448550879955
4.249251700680272,2277.2554,0.005101119168102741
4.272471655328799,874.5202,0.0033340544905513525
4.295691609977324,868.3959,0.0024272077716886997
4.31891156462585,239.52255,0.0011938539100810885
4.342131519274377,407.7672,0.0019980932120233774
4.365351473922902,427.64618,0.003058457048609853
4.388571428571429,140.41838,0.004854962229728699
4.4117913832199545,412.9212,0.0023698140867054462
4.435011337868481,388.9023,0.0033214681316167116
4.458231292517007,2595.3535,0.00271458737552166
4.481451247165533,519.214,0.0036271424032747746
4.504671201814059,2528.4011,0.003249123925343156
4.527891156462585,2309.8098,0.002689264714717865
4.551111111111111,2232.874,0.003460467094555497
4.574331065759638,2139.7798,0.0031064897775650024
4.597551020408163,2357.7634,0.003940289840102196
4.62077097505669,2526.858,0.006140915211290121
4.6439909297052155,523.15405,0.004591706208884716
4.667210884353741,518.01843,0.0050901006907224655
4.690430839002268,879.7624,0.0032411820720881224
4.713650793650793,2216.1636,0.002900336869060993
4.73687074829932,351.70813,0.002839966444298625
4.760090702947846,892.91,0.005120369605720043
4.783310657596372,2348.3125,0.0039133368991315365
4.806530612244898,2252.1804,0.006122739985585213
4.829750566893424,869.9174,0.003114155726507306
4.85297052154195,2344.4644,0.003258863929659128
4.876190476190477,196.51747,0.00241723726503551
4.899410430839002,291.31573,0.0024031437933444977
4.922630385487529,2378.958,0.002200127812102437
4.9458503401360545,830.9474,0.0023939823731780052
4.96907029478458,1979.62,0.003969869576394558
4.992290249433107,2032.6827,0.0029089271556586027
5.015510204081632,2342.3967,0.0025571738369762897
5.038730158730159,2428.828,0.003426041454076767
5.061950113378685,468.1262,0.0029484094120562077
5.085170068027211,502.67685,0.00267425668425858
5.108390022675737,500.4249,0.0027226440142840147
5.131609977324263,158.89546,0.00658915750682354
5.154829931972789,155.01585,0.003843241138383746
5.178049886621316,2443.1848,0.002524213632568717
5.201269841269841,2390.3223,0.004399741068482399
5.224489795918368,278.21072,0.005779831670224667
5.2477097505668935,286.4728,0.00372606934979558
5.27092970521542,293.5292,0.005992556922137737
5.294149659863946,156.21288,0.006736344657838345
5.317369614512471,2378.3577,0.0034106860402971506
5.340589569160998,540.0216,0.00241835811175406
5.363809523809524,2195.7466,0.002285097958520055
5.38702947845805,2209.4834,0.0023506470024585724
5.410249433106576,453.37375,0.0050215162336826324
5.433469387755102,1840.5352,0.005941818468272686
5.456689342403628,285.57242,0.005205940455198288
5.479909297052155,156.4854,0.002361912513151765
5.50312925170068,2052.0354,0.0030428911559283733
5.526349206349207,705.4253,0.0029510636813938618
5.5495691609977325,2188.1433,0.0023560645058751106
5.572789115646259,174.253,0.002037975937128067
5.596009070294785,2484.7546,0.00313737103715539
5.61922902494331,1453.4767,0.003548535518348217
5.642448979591837,152.19171,0.0018745491979643703
5.6656689342403626,525.7547,0.002532816492021084
5.688888888888889,2231.14,0.003325928468257189
5.712108843537415,484.2592,0.004348366521298885
5.735328798185941,493.5573,0.0031650676392018795
5.758548752834467,2221.8396,0.0026505710557103157
5.7817687074829935,282.0318,0.0025699022226035595
5.804988662131519,514.3405,0.0016050918493419886
5.828208616780046,2179.4695,0.0017517138039693236
5.851428571428571,522.8346,0.0018611836712807417
5.874648526077098,513.0974,0.003249037778005004
5.897868480725624,279.12466,0.003080434398725629
5.92108843537415,1909.1702,0.0024217520840466022
5.944308390022676,2233.1917,0.002304159104824066
5.9675283446712015,196.41383,0.0035826191306114197
5.990748299319728,160.04996,0.0020906466525048018
6.013968253968254,2164.0623,0.002111357869580388
6.03718820861678,2270.5547,0.0020736188162118196
6.060408163265306,512.8113,0.002881842665374279
6.0836281179138325,533.5791,0.002578479703515768
6.106848072562358,532.3223,0.006071910262107849
6.130068027210885,487.79642,0.011127069592475891
6.15328798185941,451.7458,0.009659357368946075
6.176507936507937,510.8416,0.001841233461163938
6.199727891156463,527.9477,0.002041806699708104
6.222947845804989,547.79047,0.0013750677462667227
6.246167800453515,884.958,0.001849994296208024
6.269387755102041,522.64514,0.0016630615573376417
6.292607709750567,518.1135,0.0046880608424544334
6.315827664399093,480.21585,0.00891176238656044
6.339047619047619,432.96722,0.007441723253577948
6.362267573696145,480.12805,0.002587843919172883
6.3854875283446715,163.58742,0.0017619873397052288
6.408707482993197,2130.556,0.0024884336162358522
6.431927437641724,2324.1973,0.0016784316394478083
6.455147392290249,2299.234,0.0015769521705806255
6.478367346938776,526.2918,0.002368099056184292
6.501587301587302,502.65387,0.0023445654660463333
6.524807256235828,503.7455,0.0019556614570319653
6.548027210884354,524.76184,0.0019695654045790434
6.57124716553288,2191.7273,0.0025756240356713533
6.594467120181406,501.18655,0.0063959816470742226
6.617687074829932,475.81943,0.0033193379640579224
6.640907029478458,481.90152,0.002133395057171583
6.664126984126984,480.41046,0.0020581483840942383
6.6873469387755105,477.61462,0.001467150286771357
6.710566893424036,2039.0135,0.001579134725034237
6.733786848072563,485.29095,0.0016529187560081482
6.757006802721088,487.908,0.002021924825385213
6.780226757369615,481.81058,0.0026347446255385876
6.8034467120181406,486.2147,0.0022485791705548763
6.826666666666667,493.9574,0.002388173947110772
6.849886621315193,497.59634,0.003133878344669938
6.873106575963719,475.88614,0.0029480131343007088
6.896326530612245,470.47397,0.0028347447514533997
6.9195464852607715,504.15292,0.0026318803429603577
6.942766439909297,489.3034,0.0031214538030326366
6.965986394557823,469.37335,0.0027517792768776417
6.989206349206349,500.191,0.002431823406368494
7.012426303854875,497.52988,0.004101132974028587
7.035646258503402,441.69583,0.0051270294934511185
7.058866213151927,473.26077,0.0069612739607691765
7.082086167800454,480.5271,0.0060548000037670135
7.1053061224489795,161.65971,0.002563231624662876
7.128526077097506,464.47574,0.0020175979007035494
7.151746031746032,2449.0889,0.0009413204388692975
7.174965986394558,527.13916,0.0009022126905620098
7.198185941043084,2381.9014,0.0015730797313153744
7.2214058956916105,142.52429,0.0019384785555303097
7.244625850340136,435.82043,0.0019531960133463144
7.267845804988662,502.93945,0.0020057226065546274
7.291065759637188,512.9355,0.0018333292100578547
7.314285714285714,479.94794,0.0017845708644017577
7.337505668934241,425.00302,0.0018926956690847874
7.360725623582766,2265.1345,0.0010169825982302427
7.383945578231293,396.20825,0.001468474743887782
7.4071655328798185,385.4738,0.0022011823020875454
7.430385487528345,495.38297,0.002546419156715274
7.453605442176871,148.3995,0.0026442555245012045
7.476825396825397,502.7404,0.0021254755556583405
7.500045351473923,426.55118,0.0013661638367921114
7.5232653061224495,2330.979,0.001136123202741146
7.546485260770975,2345.4136,0.0009514396078884602
7.569705215419502,2364.4211,0.0008440252859145403
7.592925170068027,2446.4468,0.0009811250492930412
7.616145124716553,487.441,0.0008269919781014323
7.63936507936508,485.59393,0.0009026403422467411
7.662585034013605,2212.402,0.0010507430415600538
7.685804988662132,2208.833,0.0008900616085156798
7.7090249433106575,2320.9866,0.0007922209333628416
7.732244897959184,2161.842,0.0009599475306458771
7.75546485260771,2305.197,0.0006507922662422061
7.778684807256236,509.79916,0.0009033386595547199
7.801904761904762,817.4753,0.0009135926957242191
7.8251247165532885,496.93555,0.0007840016623958945
7.848344671201814,507.0477,0.0009832914220169187
7.871564625850341,513.7506,0.0008861334645189345
7.894784580498866,494.56247,0.0007885249215178192
7.918004535147393,514.5588,0.0009046682389453053
7.9412244897959186,2433.3625,0.0011850931914523244
7.964444444444444,457.04108,0.0010020228801295161
7.987664399092971,526.4657,0.0010703555308282375
8.010884353741497,514.45087,0.000733332009986043
8.034104308390022,101.58538,0.0012480139266699553
8.057324263038549,2424.947,0.0013904189690947533
8.080544217687075,484.29315,0.001385757583193481
8.103764172335602,487.94733,0.0007054645102471113
8.126984126984127,92.22802,0.0005694301798939705
8.150204081632653,2343.1892,0.000645178894046694
8.17342403628118,2146.3677,0.0006260763620957732
8.196643990929706,491.5808,0.0007900407072156668
8.219863945578231,450.07217,0.000917340163141489
8.243083900226758,160.62651,0.000919767189770937
8.266303854875284,161.66428,0.0009192345896735787
8.289523809523809,452.87094,0.0008214411209337413
8.312743764172335,457.4811,0.0006598684703931212
8.335963718820862,2295.422,0.0004627808812074363
8.359183673469389,473.2906,0.0006037071580067277
8.382403628117913,2145.8992,0.0007989166770130396
8.40562358276644,474.61002,0.0008900772081688046
8.428843537414966,481.70685,0.0015492849051952362
8.452063492063493,456.89008,0.0021836692467331886
8.475283446712018,489.16998,0.0011187855852767825
8.498503401360544,484.21957,0.0007573351613245904
8.52172335600907,292.3668,0.0004472578293643892
8.544943310657597,505.22382,0.0005489992909133434
8.568163265306122,503.62042,0.0006791066844016314
8.591383219954649,2250.575,0.0007496099569834769
8.614603174603175,396.46106,0.0009252853342331946
8.6378231292517,492.09988,0.0014288233360275626
8.661043083900227,485.25476,0.000782589428126812
8.684263038548753,422.35565,0.0006589283002540469
8.70748299319728,507.76324,0.000444308650912717
8.730702947845804,506.05957,0.0005901239346712828
8.753922902494331,2344.845,0.0005762492073699832
8.777142857142858,400.15146,0.0005701571935787797
8.800362811791384,162.3892,0.0006573160644620657
8.823582766439909,160.32397,0.0006504491320811212
8.846802721088435,156.59805,0.0006636064499616623
8.870022675736962,402.16574,0.0007819617167115211
8.893242630385489,412.20572,0.00015870854258537292
8.916462585034013,143.09373,3.382996510481462e-05
8.93968253968254,0.0,4.853528480452951e-06
8.962902494331066,0.0,9.786417649593204e-07
8.986122448979591,0.0,4.1628663893789053e-07
9.009342403628118,0.0,2.1709001885028556e-07
9.032562358276644,0.0,3.72690919903107e-07
9.05578231292517,0.0,2.4251221475424245e-07
9.079002267573696,0.0,2.346387191209942e-07
9.102222222222222,0.0,1.567004801472649e-07
9.125442176870749,0.0,4.628955139196478e-07
9.148662131519275,0.0,4.901157808490098e-07
9.1718820861678,0.0,1.2317741493461654e-07
9.195102040816327,0.0,1.7472666513640434e-07
9.218321995464853,0.0,3.3360356610501185e-07
9.24154195011338,0.0,3.0552837415598333e-07
9.264761904761905,0.0,4.5002889237366617e-07
9.287981859410431,0.0,1.1657084542093799e-07
9.311201814058958,0.0,1.6175908967852592e-07
9.334421768707482,0.0,2.947781467810273e-07
9.357641723356009,0.0,3.1464151106774807e-07
9.380861678004536,0.0,3.34580363414716e-07
9.404081632653062,0.0,1.9336857803864405e-07
9.427301587301587,0.0,1.7242109606740996e-07
