0.0,0.0,9.936320566339418e-08
0.023219954648526078,0.0,1.3123735698172823e-07
0.046439909297052155,0.0,1.76954927155748e-07
0.06965986394557823,0.0,9.692485036794096e-08
0.09287981859410431,0.0,5.149377102497965e-08
0.11609977324263039,0.0,1.6913963918341324e-07
0.13931972789115646,0.0,8.731421985430643e-08
0.16253968253968254,0.0,5.646885256282985e-06
0.18575963718820862,134.17952,1.147242437582463e-05
0.2089795918367347,116.64748,1.37973829623661e-05
0.23219954648526078,126.29531,2.644304549903609e-05
0.25541950113378686,297.80435,3.476829078863375e-05
0.2786394557823129,258.7613,4.2752384615596384e-05
0.301859410430839,129.30396,5.7755223679123446e-05
0.3250793650793651,130.2096,6.888710777275264e-05
0.3482993197278912,255.95355,7.848821405787021e-05
0.37151927437641724,254.05672,8.45839676912874e-05
0.3947392290249433,129.70201,0.00010304915485903621
0.4179591836734694,128.81378,0.00011916159564862028
0.44117913832199546,138.8,9.146879165200517e-05
0.46439909297052157,294.05557,9.38146113185212e-05
0.4876190476190476,307.47476,0.00010427588858874515
0.5108390022675737,242.73299,9.713858889881521e-05
0.5340589569160998,132.24185,0.0001197501114802435
0.5572789115646258,258.68875,0.00012869859347119927
0.5804988662131519,280.4569,0.00011645146878436208
0.603718820861678,340.37854,0.00012966587382834405
0.626938775510204,262.2697,0.00011523147259140387
0.6501587301587302,319.44623,8.69178184075281e-05
0.6733786848072563,245.92981,9.666675759945065e-05
0.6965986394557824,130.2994,0.0001247620239155367
0.7198185941043084,257.32312,0.00015830656047910452
0.7430385487528345,267.37222,0.00016606699500698596
0.7662585034013606,270.07477,0.00016442951164208353
0.7894784580498866,647.4859,0.00016739153943490237
0.8126984126984127,152.1864,0.0001369458477711305
0.8359183673469388,309.13165,0.0001248509215656668
0.8591383219954649,287.29434,0.00016016334120649844
0.8823582766439909,273.50076,0.00019421051547396928
0.905578231292517,308.68372,0.00019490771228447556
0.9287981859410431,288.70273,0.00012185134983155876
0.9520181405895691,329.82962,0.00011423954128986225
0.9752380952380952,263.58203,0.000131742941448465
0.9984580498866213,315.88025,0.00010485924576641992
1.0216780045351475,261.84875,0.00011620405712164938
1.0448979591836736,309.19336,0.00015466369222849607
1.0681179138321997,301.2107,0.00011603148595895618
1.0913378684807256,322.9055,9.939859592122957e-05
1.1145578231292517,345.6981,7.849320536479354e-05
1.1377777777777778,349.02673,5.232296825852245e-05
1.1609977324263039,326.0889,7.991245365701616e-05
1.18421768707483,113.08949,9.219623461831361e-05
1.207437641723356,327.22122,0.000134141489979811
1.2306575963718822,312.2199,0.0001669019111432135
1.253877551020408,311.13226,0.00014348039985634387
1.2770975056689342,326.92844,0.00012941507156938314
1.3003174603174603,311.7246,0.00012348101881798357
1.3235374149659864,851.68896,0.0001384066854370758
1.3467573696145125,305.78696,0.0002280592016177252
1.3699773242630386,312.98587,0.00017434089386370033
1.3931972789115648,326.60095,0.00016281649004667997
1.4164172335600906,317.51465,0.00020966294687241316
1.4396371882086167,130.8917,0.0002639959566295147
1.4628571428571429,347.85748,0.00025563075905665755
1.486077097505669,322.76764,0.0001992023317143321
1.509297052154195,319.8761,0.00023965118452906609
1.5325170068027212,308.9359,0.0001773240219336003
1.5557369614512473,313.2484,0.00023917471116874367
1.5789569160997732,258.26874,0.00019689681357704103
1.6021768707482993,304.72433,0.00025897211162373424
1.6253968253968254,310.1084,0.0002782178344205022
1.6486167800453515,315.75726,0.00022916196030564606
1.6718367346938776,313.22244,0.00022343601449392736
1.6950566893424037,310.42685,0.00016559673531446606
1.7182766439909298,160.52852,0.00026672790409065783
1.7414965986394557,114.88783,0.0003258826327510178
1.7647165532879818,305.1818,0.000293361721560359
1.787936507936508,310.46616,0.0003264086553826928
1.811156462585034,326.9791,0.00037594750756397843
1.8343764172335602,368.40546,0.00035803247010335326
1.8575963718820863,395.26443,0.00022574281319975853
1.8808163265306124,311.17078,0.00026147483731620014
1.9040362811791383,430.34457,0.00026924393023364246
1.9272562358276644,397.94275,0.00022620575327891856
1.9504761904761905,159.96463,0.0002180356386816129
1.9736961451247166,259.75427,0.00023085493012331426
1.9969160997732427,397.79904,0.00027812019106931984
2.020136054421769,401.31934,0.0002484489814378321
2.043356009070295,261.70145,0.00023691410024184734
2.066575963718821,408.04123,0.00023903515830170363
2.089795918367347,343.9547,0.00023055470956023782
2.1130158730158732,404.71298,0.0002301973436260596
2.1362358276643993,407.16522,0.0003526329528540373
2.159455782312925,409.2136,0.0003692592144943774
2.182675736961451,404.92172,0.0003795118536800146
2.2058956916099772,408.44397,0.0004957537166774273
2.2291156462585033,412.32895,0.000523746944963932
2.2523356009070294,395.57272,0.0005380503134801984
2.2755555555555556,260.6757,0.0005474474746733904
2.2987755102040817,399.8675,0.00044751662062481046
2.3219954648526078,386.99316,0.00046364491572603583
2.345215419501134,403.48355,0.00042004682472907007
2.36843537414966,421.86035,0.0004360261373221874
2.391655328798186,410.69818,0.0006055810954421759
2.414875283446712,415.00085,0.0006456535775214434
2.4380952380952383,401.20493,0.0006954537821002305
2.4613151927437644,410.2273,0.0006649325368925929
2.48453514739229,420.69904,0.000607042049523443
2.507755102040816,394.82126,0.0006255522021092474
2.5309750566893423,393.6186,0.0005829251604154706
2.5541950113378684,338.54626,0.000778095331043005
2.5774149659863945,410.33325,0.0010523630771785975
2.6006349206349206,413.10925,0.0012446949258446693
2.6238548752834467,592.85187,0.001321423682384193
2.647074829931973,417.82367,0.0012589104007929564
2.670294784580499,270.43277,0.001260985853150487
2.693514739229025,410.48904,0.0009854243835434318
2.716734693877551,420.34937,0.000713698158506304
2.7399546485260773,907.5501,0.0007865329971536994
2.7631746031746034,570.29,0.0008232161635532975
2.7863945578231295,261.5813,0.0006251579616218805
2.809614512471655,306.8889,0.0005614492110908031
2.8328344671201813,271.56104,0.0005765537498518825
2.8560544217687074,266.8329,0.0007901331409811974
2.8792743764172335,265.0197,0.0008255523862317204
2.9024943310657596,265.76453,0.0008215623092837632
2.9257142857142857,420.5863,0.0008430224261246622
2.948934240362812,269.03564,0.0007518225465901196
2.972154195011338,274.11102,0.0005541704595088959
2.995374149659864,560.13055,0.0006187099497765303
3.01859410430839,274.3688,0.0006986904772929847
3.0418140589569163,266.91635,0.0013096164911985397
3.0650340136054424,259.45752,0.0016284168232232332
3.0882539682539685,256.4264,0.001467090449295938
3.1114739229024946,258.43433,0.001614862005226314
3.1346938775510207,260.54108,0.00170480040833354
3.1579138321995464,264.85837,0.0013530449941754341
3.1811337868480725,270.1419,0.001110615092329681
3.2043537414965986,271.50806,0.0009529474191367626
3.2275736961451247,266.15982,0.0012843483127653599
3.250793650793651,260.19357,0.001627668272703886
3.274013605442177,256.91904,0.0011432982282713056
3.297233560090703,278.7909,0.0009906452614814043
3.320453514739229,402.18698,0.0014501770492643118
3.3436734693877552,261.5702,0.0013293467927724123
3.3668934240362813,266.5823,0.0010426072403788567
3.3901133786848074,268.8619,0.0009448358323425055
3.4133333333333336,264.36172,0.001482195919379592
3.4365532879818597,406.08163,0.0016501739155501127
3.4597732426303858,168.35553,0.0011777605395764112
3.4829931972789114,193.50423,0.0011414715554565191
3.5062131519274375,314.67682,0.0013452238636091352
3.5294331065759637,262.83936,0.0010530196595937014
3.5526530612244898,330.56982,0.0010085366666316986
3.575873015873016,265.73846,0.0010984959080815315
3.599092970521542,260.12576,0.001575686503201723
3.622312925170068,256.23273,0.0009592620190232992
3.645532879818594,56.026882,0.0005512300413101912
3.6687528344671203,400.04337,0.0006080278544686735
3.6919727891156464,393.7691,0.00033151343814097345
3.7151927437641725,377.2695,0.0002288664982188493
3.7384126984126986,385.34375,0.00022213219199329615
3.7616326530612247,331.06363,0.0002464327262714505
3.784852607709751,361.34738,0.0004220207338221371
3.8080725623582765,359.48795,0.0004403043130878359
3.8312925170068026,405.8877,0.00039012855268083513
3.8545124716553287,263.0282,0.0003466503112576902
3.877732426303855,400.74747,0.00029631529469043016
3.900952380952381,407.05978,0.000283900328213349
3.924172335600907,917.91473,0.00035025065881200135
3.947392290249433,317.2825,0.00036020734114572406
3.9706122448979593,570.01575,0.00039468499016948044
3.9938321995464854,403.2222,0.0003813756338786334
4.017052154195011,402.6544,0.0003924919874407351
4.040272108843538,404.7639,0.00029314414132386446
4.063492063492063,396.52692,0.0002635238924995065
4.08671201814059,385.93533,0.0002702189376577735
4.1099319727891155,400.72098,0.0003624004020821303
4.133151927437642,219.7316,0.0004166561411693692
4.156371882086168,408.12405,0.00046042888425290585
4.179591836734694,157.15414,0.0004763156466651708
4.20281179138322,397.30432,0.0004285555914975703
4.2260317460317465,404.2598,0.0003361587005201727
4.249251700680272,338.35135,0.00029587827157229185
4.272471655328799,321.75333,0.00023939467791933566
4.295691609977324,315.03543,0.00025445467326790094
4.31891156462585,344.42966,0.00032527378061786294
4.342131519274377,2789.2932,0.0003583633224479854
4.365351473922902,220.40936,0.0003893515095114708
4.388571428571429,404.0854,0.0003966426011174917
4.4117913832199545,392.69666,0.00043067545630037785
4.435011337868481,395.17926,0.00044336626888252795
4.458231292517007,393.68994,0.00044095644261687994
4.481451247165533,402.8688,0.0005724153597839177
4.504671201814059,387.54544,0.0005062074633315206
4.527891156462585,311.62558,0.000308395508909598
4.551111111111111,312.79712,0.00025630893651396036
4.574331065759638,311.8486,0.00021393634960986674
4.597551020408163,315.45193,0.00026839616475626826
4.62077097505669,162.89886,0.0003410823701415211
4.6439909297052155,324.5484,0.00032198181725107133
4.667210884353741,123.38068,0.00034186762059107423
4.690430839002268,328.0357,0.00038882860098965466
4.713650793650793,313.0451,0.0002523885923437774
4.73687074829932,337.92984,0.00019508844707161188
4.760090702947846,160.65866,0.0002973349764943123
4.783310657596372,305.29706,0.00033034890657290816
4.806530612244898,319.41333,0.0003350241167936474
4.829750566893424,328.05954,0.00035441864747554064
4.85297052154195,299.13672,0.00040563615038990974
4.876190476190477,319.6923,0.0004071354051120579
4.899410430839002,300.8319,0.0002756884496193379
4.922630385487529,307.77304,0.00024818474776111543
4.9458503401360545,275.9122,0.0003356337547302246
4.96907029478458,311.7803,0.0003490071976557374
4.992290249433107,140.99922,0.0003936264547519386
5.015510204081632,125.25935,0.0004830908728763461
5.038730158730159,321.11597,0.0004105662228539586
5.061950113378685,325.63797,0.000423157267505303
5.085170068027211,305.1112,0.00033199466997757554
5.108390022675737,335.33426,0.00021400049445219338
5.131609977324263,309.6109,0.0003073661355301738
5.154829931972789,339.93262,0.0002830978773999959
5.178049886621316,330.9818,0.000341767561621964
5.201269841269841,905.74805,0.00034738657996058464
5.224489795918368,316.6336,0.0003837424737866968
5.2477097505668935,317.56754,0.00030054335366003215
5.27092970521542,331.1767,0.0001865182857727632
5.294149659863946,164.58018,0.00020652366220019758
5.317369614512471,335.8932,0.00016873111599124968
5.340589569160998,320.7178,0.00021087656205054373
5.363809523809524,268.13022,0.00024831434711813927
5.38702947845805,326.92215,0.00032178315450437367
5.410249433106576,328.3625,0.0003598565235733986
5.433469387755102,334.37195,0.00042619186569936574
5.456689342403628,520.427,0.0003200744977220893
5.479909297052155,149.15388,0.0001998880470637232
5.50312925170068,340.2886,0.0001834719441831112
5.526349206349207,303.23044,0.00012261024676263332
5.5495691609977325,246.62354,0.00011094626097474247
5.572789115646259,226.34615,0.00012021615111734718
5.596009070294785,123.305305,0.0001456625177524984
5.61922902494331,315.0329,0.00013231841148808599
5.642448979591837,305.89532,0.00015447218902409077
5.6656689342403626,259.89832,0.00014093640493229032
5.688888888888889,123.98617,0.00011901020479854196
5.712108843537415,240.20134,0.00013549093273468316
5.735328798185941,303.4256,0.000149278697790578
5.758548752834467,321.6867,0.00017143652075901628
5.7817687074829935,122.74102,0.00018549253582023084
5.804988662131519,320.45312,0.00015985802747309208
5.828208616780046,325.5937,0.00022569629072677344
5.851428571428571,308.9048,0.00022023945348337293
5.874648526077098,269.18765,0.00021743637626059353
5.897868480725624,133.52386,0.00019500922644510865
5.92108843537415,259.47235,0.00020153056539129466
5.944308390022676,122.63366,0.00012639211490750313
5.9675283446712015,348.18353,0.0001656042441027239
5.990748299319728,322.2166,0.0001746494381222874
6.013968253968254,249.18495,0.00017011346062645316
6.03718820861678,291.49457,0.00021991293760947883
6.060408163265306,273.5166,0.00016840438183862716
6.0836281179138325,261.53928,0.00016844214405864477
6.106848072562358,260.4745,0.00017156434478238225
6.130068027210885,312.30875,0.00012373104982543737
6.15328798185941,309.59964,0.00012970788520760834
6.176507936507937,103.03117,0.00012095288548152894
6.199727891156463,130.48534,0.00013091931759845465
6.222947845804989,130.87798,0.00017229549121111631
6.246167800453515,257.67157,0.00016309939383063465
6.269387755102041,299.36377,0.00014815911708865315
6.292607709750567,260.24008,0.00014099772670306265
6.315827664399093,313.6742,9.364797733724117e-05
6.339047619047619,121.359314,8.590833749622107e-05
6.362267573696145,301.52045,0.00010369489609729499
6.3854875283446715,308.85043,8.250027894973755e-05
6.408707482993197,348.9773,9.443607996217906e-05
6.431927437641724,368.80243,7.103529060259461e-05
6.455147392290249,280.02664,4.33358691225294e-05
6.478367346938776,325.4503,3.89478009310551e-05
6.501587301587302,79.89339,2.5292210921179503e-05
6.524807256235828,295.08957,1.9488317775540054e-05
6.548027210884354,130.60112,1.19291753435391e-05
6.57124716553288,123.6982,1.3267380381876137e-05
6.594467120181406,94.77782,1.2070405318809208e-05
6.617687074829932,0.0,8.986790817289148e-06
6.640907029478458,0.0,3.5406583265285008e-06
6.664126984126984,0.0,2.1787382138427347e-06
6.6873469387755105,0.0,7.290527719305828e-07
6.710566893424036,0.0,2.3311167751671746e-07
6.733786848072563,0.0,1.1332122085150331e-07
6.757006802721088,0.0,2.7605801733443514e-07
6.780226757369615,0.0,2.924534783232957e-07
6.8034467120181406,0.0,2.1893174562137574e-07
6.826666666666667,0.0,2.7144506020704284e-07
6.849886621315193,0.0,3.16820660373196e-07
6.873106575963719,0.0,2.667666194611229e-07
6.896326530612245,0.0,2.0000061340397224e-07
6.9195464852607715,0.0,5.696529115084559e-08
6.942766439909297,0.0,1.151693140855059e-07
6.965986394557823,0.0,7.802373147569597e-08
6.989206349206349,0.0,2.868400770239532e-07
7.012426303854875,0.0,6.127083906903863e-08
7.035646258503402,0.0,4.24615791416727e-08
7.058866213151927,0.0,1.1132215149700642e-07
7.082086167800454,0.0,1.0099483915837482e-07
7.1053061224489795,0.0,4.344565240899101e-08
7.128526077097506,0.0,1.0286748874932528e-07
7.151746031746032,0.0,1.0330950317438692e-08
