0.0,0.0,4.3534873839234933e-07
0.023219954648526078,0.0,3.451450538705103e-07
0.046439909297052155,0.0,2.2639051167061552e-07
0.06965986394557823,0.0,2.2099538909969851e-07
0.09287981859410431,0.0,1.3047792890574783e-07
0.11609977324263039,0.0,2.1082814782857895e-07
0.13931972789115646,0.0,3.9665974327363074e-07
0.16253968253968254,0.0,5.821502782055177e-07
0.18575963718820862,0.0,1.0142293831449933e-06
0.2089795918367347,0.0,6.668351488769986e-07
0.23219954648526078,0.0,3.731265678652562e-07
0.25541950113378686,0.0,4.880976121057756e-07
0.2786394557823129,0.0,6.263308023335412e-07
0.301859410430839,0.0,3.1882882467471063e-07
0.3250793650793651,0.0,1.0389849194325507e-06
0.3482993197278912,0.0,6.358350219670683e-07
0.37151927437641724,0.0,6.595982995349914e-07
0.3947392290249433,140.03235,1.4116649253992364e-05
0.4179591836734694,321.85925,3.244984691264108e-05
0.44117913832199546,150.55821,4.1161787521559745e-05
0.46439909297052157,155.13936,6.053640026948415e-05
0.4876190476190476,144.96974,5.6552948080934584e-05
0.5108390022675737,139.16362,5.441217217594385e-05
0.5340589569160998,425.10654,5.972995131742209e-05
0.5572789115646258,264.20285,8.270589023595676e-05
0.5804988662131519,273.68124,0.0001011563726933673
0.603718820861678,136.9728,0.00011400304356357083
0.626938775510204,240.61247,0.00014120852574706078
0.6501587301587302,255.39183,0.00014017074136063457
0.6733786848072563,415.18915,0.00012688012793660164
0.6965986394557824,271.44977,0.00011275435099378228
0.7198185941043084,282.92233,0.00012651795987039804
0.7430385487528345,298.7939,8.768533007241786e-05
0.7662585034013606,432.60452,0.00010998186189681292
0.7894784580498866,209.3149,0.00011148508201586083
0.8126984126984127,243.89742,0.0001366643118672073
0.8359183673469388,127.50647,9.493305697105825e-05
0.8591383219954649,299.55157,0.00015127367805689573
0.8823582766439909,275.29617,0.00019167785649187863
0.905578231292517,286.3202,0.0002123763842973858
0.9287981859410431,113.17332,0.00020677274733316153
0.9520181405895691,117.91145,0.00017567009490448982
0.9752380952380952,247.9865,0.00017954390204977244
0.9984580498866213,287.41577,0.00013726114411838353
1.0216780045351475,288.60156,7.958814239827916e-05
1.0448979591836736,288.12103,7.57147281547077e-05
1.0681179138321997,245.88467,6.0560283600352705e-05
1.0913378684807256,242.42186,6.992148701101542e-05
1.1145578231292517,284.27078,8.257447188952938e-05
1.1377777777777778,279.89642,0.0001147291186498478
1.1609977324263039,283.16766,0.00012467580381780863
1.18421768707483,238.81108,0.00011961354175582528
1.207437641723356,293.5286,8.764615631662309e-05
1.2306575963718822,210.4433,8.154960232786834e-05
1.253877551020408,290.03217,7.083432137733325e-05
1.2770975056689342,278.42096,9.571971168043092e-05
1.3003174603174603,286.0174,0.00012206767860334367
1.3235374149659864,290.9845,0.00017312561976723373
1.3467573696145125,2997.264,0.0001858884352259338
1.3699773242630386,283.26755,0.00021616452431771904
1.3931972789115648,283.77734,0.00016069835692178458
1.4164172335600906,278.17798,0.00012152101407991722
1.4396371882086167,177.28955,8.8478387624491e-05
1.4628571428571429,299.39536,9.284914995077997e-05
1.486077097505669,286.9199,6.974785355851054e-05
1.509297052154195,208.91692,7.744662434561178e-05
1.5325170068027212,207.21776,9.583310747984797e-05
1.5557369614512473,2910.7117,0.00010727501648943871
1.5789569160997732,2956.3054,0.00014197026030160487
1.6021768707482993,428.18817,0.00011733261635527015
1.6253968253968254,285.0804,9.804068395169452e-05
1.6486167800453515,277.58438,0.00010416362783871591
1.6718367346938776,183.44777,0.00011080440890509635
1.6950566893424037,2831.333,0.00011299568723188713
1.7182766439909298,442.23883,0.00013869573012925684
1.7414965986394557,161.0065,0.00019798966241069138
1.7647165532879818,341.14783,0.00019503873772919178
1.787936507936508,341.4573,0.00018100976012647152
1.811156462585034,3074.3901,0.0002285149967065081
1.8343764172335602,343.58148,0.00021204366930760443
1.8575963718820863,286.3872,0.00025757227558642626
1.8808163265306124,2965.7227,0.00022064312361180782
1.9040362811791383,343.9981,0.00025313772493973374
1.9272562358276644,342.48743,0.00021586436196230352
1.9504761904761905,344.2045,0.00017343898070976138
1.9736961451247166,613.38055,0.00012485735351219773
1.9969160997732427,346.89728,0.00013240247790236026
2.020136054421769,612.1363,0.0001345834753010422
2.043356009070295,398.96332,0.00011900731624336913
2.066575963718821,3005.0212,0.0001259688287973404
2.089795918367347,3035.5894,0.00015951209934428334
2.1130158730158732,425.21234,0.00017717492301017046
2.1362358276643993,388.42856,0.00015928823268041015
2.159455782312925,437.16138,0.0001643009891267866
2.182675736961451,355.75717,0.00019328659982420504
2.2058956916099772,437.13467,0.00017523908172734082
2.2291156462585033,432.61087,0.00019934347074013203
2.2523356009070294,343.79343,0.00022795854602009058
2.2755555555555556,425.19028,0.00026087771402671933
2.2987755102040817,422.79596,0.00029285598429851234
2.3219954648526078,2996.4438,0.0002999728312715888
2.345215419501134,443.29703,0.00022996694315224886
2.36843537414966,3003.0625,0.00020618553389795125
2.391655328798186,2982.157,0.0001295088295591995
2.414875283446712,407.3829,8.253134728875011e-05
2.4380952380952383,343.93668,6.581370689673349e-05
2.4613151927437644,420.21814,6.579533510375768e-05
2.48453514739229,287.36017,0.00011767829710152
2.507755102040816,2966.0957,0.00020555818628054112
2.5309750566893423,206.51437,0.0001681775611359626
2.5541950113378684,3010.1074,0.0001523197570350021
2.5774149659863945,420.63406,0.00015056313714012504
2.6006349206349206,2904.3164,0.00015201196947600693
2.6238548752834467,2922.5981,0.00024035405658651143
2.647074829931973,2852.9988,0.00020055632921867073
2.670294784580499,2911.7207,0.0002576960250735283
2.693514739229025,3017.9377,0.00019753322703763843
2.716734693877551,2826.543,0.0001823414204409346
2.7399546485260773,409.74527,0.00023204695025924593
2.7631746031746034,2748.1807,0.00026332878042012453
2.7863945578231295,2836.0667,0.00047811356489546597
2.809614512471655,2966.5486,0.0004666222957894206
2.8328344671201813,2951.1494,0.0005010438617318869
2.8560544217687074,616.9436,0.0003634289023466408
2.8792743764172335,613.06665,0.0005154589889571071
2.9024943310657596,2864.1821,0.0005541449645534158
2.9257142857142857,618.84393,0.00041491194861009717
2.948934240362812,449.69763,0.0004026206152047962
2.972154195011338,343.9721,0.0004839773755520582
2.995374149659864,72.41796,0.0004976866184733808
3.01859410430839,272.46045,0.00048773412709124386
3.0418140589569163,272.5893,0.0005023872363381088
3.0650340136054424,275.64267,0.0005035920185036957
3.0882539682539685,343.85126,0.0004704748571384698
3.1114739229024946,2942.5989,0.000343823223374784
3.1346938775510207,284.3257,0.0004097728233318776
3.1579138321995464,419.4221,0.0005930859479121864
3.1811337868480725,613.9355,0.0008379906648769975
3.2043537414965986,423.63742,0.0010129848960787058
3.2275736961451247,424.414,0.0011331448331475258
3.250793650793651,413.75705,0.0008664206834509969
3.274013605442177,2970.0903,0.0005433806218206882
3.297233560090703,164.50664,0.0007085881661623716
3.320453514739229,2811.2312,0.000834882608614862
3.3436734693877552,2933.4377,0.0007961830124258995
3.3668934240362813,274.91547,0.0009317093645222485
3.3901133786848074,2771.9788,0.0011508108582347631
3.4133333333333336,282.86432,0.0009160722838714719
3.4365532879818597,2602.1501,0.0008818387286737561
3.4597732426303858,278.8123,0.000895161647349596
3.4829931972789114,637.21893,0.0007807034999132156
3.5062131519274375,241.73303,0.000899770762771368
3.5294331065759637,282.46063,0.0009687866549938917
3.5526530612244898,420.062,0.0011868595611304045
3.575873015873016,270.25253,0.00127649144269526
3.599092970521542,224.28563,0.0012435358949005604
3.622312925170068,334.62982,0.001111636171117425
3.645532879818594,626.87476,0.001330977538600564
3.6687528344671203,636.09064,0.0017330264672636986
3.6919727891156464,240.68544,0.0019381246529519558
3.7151927437641725,273.5592,0.002072499832138419
3.7384126984126986,613.8678,0.0019227329175919294
3.7616326530612247,277.15485,0.0018592660780996084
3.784852607709751,281.38837,0.0015346393920481205
3.8080725623582765,231.4309,0.0012121984036639333
3.8312925170068026,340.24182,0.0012184433871880174
3.8545124716553287,344.99368,0.0014383362140506506
3.877732426303855,264.84344,0.0021324106492102146
3.900952380952381,266.68173,0.002498068381100893
3.924172335600907,2483.655,0.002077300101518631
3.947392290249433,335.86325,0.0014786762185394764
3.9706122448979593,281.35626,0.0012235601898282766
3.9938321995464854,280.69403,0.0014445990091189742
4.017052154195011,265.006,0.002292094985023141
4.040272108843538,267.2477,0.002743698190897703
4.063492063492063,267.0519,0.0026354666333645582
4.08671201814059,265.12683,0.0019037255551666021
4.1099319727891155,282.36423,0.0015475759282708168
4.133151927437642,236.09653,0.0018364503048360348
4.156371882086168,279.00723,0.002218598732724786
4.179591836734694,342.30756,0.0024937582202255726
4.20281179138322,345.15918,0.0039750742726027966
4.2260317460317465,269.1629,0.005096867214888334
4.249251700680272,273.22296,0.003686213633045554
4.272471655328799,276.15442,0.0026779714971780777
4.295691609977324,279.3138,0.0021728756837546825
4.31891156462585,631.30414,0.0014771403511986136
4.342131519274377,268.58496,0.0017929549794644117
4.365351473922902,332.00522,0.001969675300642848
4.388571428571429,427.22708,0.0019104795064777136
4.4117913832199545,2563.6667,0.0013513839803636074
4.435011337868481,283.2105,0.001542193116620183
4.458231292517007,281.4286,0.0013753337552770972
4.481451247165533,281.61264,0.0013644492719322443
4.504671201814059,284.98734,0.0011848860885947943
4.527891156462585,2677.9062,0.001362563343718648
4.551111111111111,420.7098,0.0015717264031991363
4.574331065759638,102.011566,0.0015913837123662233
4.597551020408163,285.5903,0.0014982509892433882
4.62077097505669,275.50296,0.00209226505830884
4.6439909297052155,274.02817,0.0021378062665462494
4.667210884353741,277.20203,0.0022853720001876354
4.690430839002268,282.59378,0.0018673333106562495
4.713650793650793,338.20944,0.0021579409949481487
4.73687074829932,431.85062,0.0028049813117831945
4.760090702947846,230.00801,0.0019795242697000504
4.783310657596372,2656.8416,0.0020815921016037464
4.806530612244898,287.7214,0.0019819475710392
4.829750566893424,283.0198,0.0019069213885813951
4.85297052154195,285.03265,0.0017317697638645768
4.876190476190477,287.8541,0.0017180137801915407
4.899410430839002,289.54868,0.002021440304815769
4.922630385487529,2225.908,0.002274136058986187
4.9458503401360545,281.574,0.0019908607937395573
4.96907029478458,2633.21,0.002228129655122757
4.992290249433107,337.87762,0.0021398807875812054
5.015510204081632,2270.1204,0.0014810243155807257
5.038730158730159,224.00227,0.001060133334249258
5.061950113378685,291.68045,0.0010874820873141289
5.085170068027211,288.22528,0.0011868071742355824
5.108390022675737,278.46182,0.001215809490531683
5.131609977324263,2776.5752,0.0011682934127748013
5.154829931972789,424.51703,0.0012025544419884682
5.178049886621316,341.9694,0.0013642511330544949
5.201269841269841,338.29016,0.0017208403442054987
5.224489795918368,257.91632,0.002097679302096367
5.2477097505668935,334.94385,0.0025359117425978184
5.27092970521542,345.25714,0.0029672521632164717
5.294149659863946,283.03925,0.0033082799054682255
5.317369614512471,437.3166,0.0033944956958293915
5.340589569160998,2785.45,0.003245093859732151
5.363809523809524,622.82764,0.0028105732053518295
5.38702947845805,335.97504,0.002505711279809475
5.410249433106576,260.2545,0.0025433674454689026
5.433469387755102,338.39215,0.0026912079192698
5.456689342403628,337.69208,0.0024427161552011967
5.479909297052155,2818.172,0.0016900496557354927
5.50312925170068,245.18216,0.001251495094038546
5.526349206349207,2396.0137,0.0011021175887435675
5.5495691609977325,244.6609,0.0010477341711521149
5.572789115646259,254.29512,0.0009626951068639755
5.596009070294785,452.93594,0.0007930223364382982
5.61922902494331,234.5688,0.0007265034364536405
5.642448979591837,621.9644,0.0008010517340153456
5.6656689342403626,267.37622,0.0008999800193123519
5.688888888888889,2567.0818,0.0009011214133352041
5.712108843537415,268.83292,0.0009581152116879821
5.735328798185941,224.81917,0.0010212066117674112
5.758548752834467,2520.308,0.0010987643618136644
5.7817687074829935,266.0993,0.0010937649058178067
5.804988662131519,153.04259,0.0011515761725604534
5.828208616780046,270.83658,0.0012646247632801533
5.851428571428571,328.25262,0.0010722791776061058
5.874648526077098,392.65607,0.0009358403040096164
5.897868480725624,224.8709,0.0009781811386346817
5.92108843537415,2351.0854,0.0013454901054501534
5.944308390022676,224.86461,0.0012398107210174203
5.9675283446712015,274.80222,0.0010230067418888211
5.990748299319728,336.16632,0.0007892811554484069
6.013968253968254,206.89449,0.0005240502068772912
6.03718820861678,209.18275,0.0004183260025456548
6.060408163265306,137.74377,0.000393263268051669
6.0836281179138325,2439.1943,0.00033508846536278725
6.106848072562358,341.59598,0.0003220922080799937
6.130068027210885,420.1012,0.0003205758985131979
6.15328798185941,346.55832,0.0003103827766608447
6.176507936507937,235.10037,0.000343078572768718
6.199727891156463,436.96655,0.00035423104418441653
6.222947845804989,426.962,0.00039541959995403886
6.246167800453515,2769.4822,0.0004628630995284766
6.269387755102041,420.30417,0.0005273481365293264
6.292607709750567,423.60556,0.0006202963995747268
6.315827664399093,273.28696,0.0006374113727360964
6.339047619047619,426.31665,0.0006093510310165584
6.362267573696145,277.10925,0.0006818271358497441
6.3854875283446715,277.87033,0.0006654066382907331
6.408707482993197,277.92017,0.000627748784609139
6.431927437641724,276.325,0.000701428740285337
6.455147392290249,230.36398,0.0007290454814210534
6.478367346938776,276.2144,0.0007391206454485655
6.501587301587302,287.11096,0.0005487501621246338
6.524807256235828,279.76056,0.0008706887601874769
6.548027210884354,2744.9607,0.0005276787560433149
6.57124716553288,153.46576,0.0005056875525042415
6.594467120181406,288.25955,0.00044111916213296354
6.617687074829932,2907.9873,0.0003856928669847548
6.640907029478458,273.8714,0.000428708124672994
6.664126984126984,279.3284,0.0004644689615815878
6.6873469387755105,276.98196,0.00032099816598929465
6.710566893424036,179.26578,0.0003067452344112098
6.733786848072563,169.80359,0.00028096744790673256
6.757006802721088,417.67618,0.00033649656688794494
6.780226757369615,2693.3174,0.00035431512515060604
6.8034467120181406,2614.3455,0.0003603785880841315
6.826666666666667,416.29294,0.00043772757635451853
6.849886621315193,177.90862,0.0004279364366084337
6.873106575963719,277.53506,0.0004907710244879127
6.896326530612245,279.71222,0.0004776524438057095
6.9195464852607715,429.208,0.0004512434243224561
6.942766439909297,2891.4888,0.00034670071909204125
6.965986394557823,423.3299,0.0003014405374415219
6.989206349206349,282.52332,0.0005900670075789094
7.012426303854875,282.03116,0.0007956413319334388
7.035646258503402,431.70157,0.0008255584398284554
7.058866213151927,2927.053,0.0006958706071600318
7.082086167800454,284.17993,0.0005573044181801379
7.1053061224489795,278.30472,0.0004702749429270625
7.128526077097506,434.33795,0.0005242637125775218
7.151746031746032,341.54663,0.0004542730166576803
7.174965986394558,432.6088,0.0004143781843595207
7.198185941043084,278.20737,0.000496347201988101
7.2214058956916105,2832.3293,0.0005190297961235046
7.244625850340136,334.20145,0.0005326540558598936
7.267845804988662,275.36694,0.0005530385533347726
7.291065759637188,428.94693,0.0006516589201055467
7.314285714285714,427.33527,0.0006946363137103617
7.337505668934241,410.02817,0.0007781978929415345
7.360725623582766,2904.2996,0.0006563062779605389
7.383945578231293,2557.3364,0.0006377764511853456
7.4071655328798185,2942.9177,0.0006545091164298356
7.430385487528345,2965.4243,0.000598065322265029
7.453605442176871,286.16354,0.000609031761996448
7.476825396825397,282.00082,0.0005394772160798311
7.500045351473923,279.81165,0.00041937571950256824
7.5232653061224495,273.51913,0.000399582990212366
7.546485260770975,180.7431,0.0002935531083494425
7.569705215419502,278.73444,0.00026469415752217174
7.592925170068027,149.9646,0.0002804870018735528
7.616145124716553,173.3827,0.00028190884040668607
7.63936507936508,171.63463,0.000297949300147593
7.662585034013605,280.26395,0.0003170126583427191
7.685804988662132,285.92252,0.00027091760421171784
7.7090249433106575,293.42664,0.00023392896400764585
7.732244897959184,276.3384,0.00031592027517035604
7.75546485260771,207.87416,0.00030184444040060043
7.778684807256236,284.56656,0.00033635160070843995
7.801904761904762,336.3255,0.0004282142035663128
7.8251247165532885,258.34906,0.00045188108924776316
7.848344671201814,238.37997,0.0004648203030228615
7.871564625850341,277.58093,0.0005778557388111949
7.894784580498866,276.99515,0.0006108344532549381
7.918004535147393,283.97318,0.0005224390188232064
7.9412244897959186,279.9462,0.0007670380291529
7.964444444444444,283.56503,0.0006669792346656322
7.987664399092971,182.46292,0.0004249094345141202
8.010884353741497,280.62595,0.000528578762896359
8.034104308390022,278.5818,0.0004444541991688311
8.057324263038549,280.0155,0.0003447058261372149
8.080544217687075,278.31168,0.00040440860902890563
8.103764172335602,276.15262,0.0003612811560742557
8.126984126984127,282.38187,0.00039856083458289504
8.150204081632653,139.49152,0.0004448814142961055
8.17342403628118,277.2658,0.0004236344830133021
8.196643990929706,276.71085,0.0004020119085907936
8.219863945578231,3025.9653,0.0004795500135514885
8.243083900226758,281.6566,0.0005807646084576845
8.266303854875284,284.42664,0.0005776954349130392
8.289523809523809,284.87576,0.0005887578008696437
8.312743764172335,283.07004,0.0006251749582588673
8.335963718820862,281.5309,0.0006297175423242152
8.359183673469389,283.8207,0.0007046954124234617
8.382403628117913,294.8452,0.0007695400854572654
8.40562358276644,285.35303,0.0007834648713469505
8.428843537414966,282.51706,0.0006695387419313192
8.452063492063493,3028.6323,0.0005200656596571207
8.475283446712018,287.99533,0.0005941421841271222
8.498503401360544,288.14343,0.00038222200237214565
8.52172335600907,289.7833,0.00028106337413191795
8.544943310657597,213.03421,0.0002799856010824442
8.568163265306122,278.4419,0.00030320638325065374
8.591383219954649,117.61955,0.0003350726328790188
8.614603174603175,240.65628,0.00033886433811858296
8.6378231292517,244.9543,0.0003671510494314134
8.661043083900227,251.51207,0.0003931096871383488
8.684263038548753,2985.8337,0.0002807619166560471
8.70748299319728,287.68588,0.00027027528267353773
8.730702947845804,212.42365,0.0002934468793682754
8.753922902494331,211.75447,0.00029279981390573084
8.777142857142858,101.7361,0.0003791912167798728
8.800362811791384,2820.875,0.0005447831936180592
8.823582766439909,282.7271,0.000565728114452213
8.846802721088435,287.1899,0.0005234070122241974
8.870022675736962,150.50143,0.0004808549419976771
8.893242630385489,94.11212,0.00027949310606345534
8.916462585034013,211.90677,0.00016539866919629276
8.93968253968254,117.98128,0.00025114015443250537
8.962902494331066,288.92612,0.0002817954809870571
8.986122448979591,285.97537,0.00040310091571882367
9.009342403628118,289.86606,0.0005062156706117094
9.032562358276644,2922.5386,0.0004890782292932272
9.05578231292517,279.56277,0.0005022368859499693
9.079002267573696,245.1922,0.0003374344378244132
9.102222222222222,288.74304,0.00015612374409101903
9.125442176870749,283.2709,0.00016915811283979565
9.148662131519275,242.82169,0.00019983650417998433
9.1718820861678,213.07204,0.0002674047718755901
9.195102040816327,285.9259,0.0002953435177914798
9.218321995464853,283.9674,0.00027372140903025866
9.24154195011338,273.94485,0.00020829042477998883
9.264761904761905,257.8482,7.837328303139657e-05
9.287981859410431,176.0284,8.696661097928882e-05
9.311201814058958,214.9471,5.874739872524515e-05
9.334421768707482,273.2525,5.102858631289564e-05
9.357641723356009,283.14117,3.0048206099309027e-05
9.380861678004536,0.0,7.254283445945475e-06
9.404081632653062,0.0,6.734871021762956e-06
9.427301587301587,0.0,2.4646587917231955e-06
9.450521541950113,0.0,1.8637792891240679e-06
9.47374149659864,0.0,4.682879080064595e-07
9.496961451247167,0.0,1.8738774087978527e-07
9.520181405895691,0.0,3.2019488571677357e-07
9.543401360544218,0.0,4.118001015740447e-07
9.566621315192744,0.0,1.4655597624368966e-07
9.58984126984127,0.0,1.3819862942909822e-07
9.613061224489796,0.0,2.2961467038840055e-07
9.636281179138322,0.0,2.0036532077938318e-07
9.659501133786849,0.0,1.8250739231007174e-07
9.682721088435374,0.0,2.4012297217268497e-07
9.7059410430839,0.0,1.4199395081959665e-07
9.729160997732427,0.0,1.7009915609378368e-07
9.752380952380953,0.0,3.214736352674663e-07
9.775600907029478,0.0,1.9724211597349495e-08
