0.0,0.0,8.986989996628836e-08
0.023219954648526078,0.0,1.2697546480922028e-07
0.046439909297052155,0.0,1.2647615221794695e-07
0.06965986394557823,0.0,8.552433428121731e-08
0.09287981859410431,0.0,1.4410034054890275e-07
0.11609977324263039,0.0,1.5779460227349773e-07
0.13931972789115646,0.0,1.9380058802198619e-07
0.16253968253968254,0.0,1.22987330541946e-07
0.18575963718820862,0.0,2.617980499053374e-07
0.2089795918367347,0.0,2.470196704962291e-07
0.23219954648526078,0.0,1.751541276462376e-07
0.25541950113378686,0.0,1.4116358215687796e-07
0.2786394557823129,0.0,1.398184394929558e-07
0.301859410430839,0.0,7.272228685906157e-08
0.3250793650793651,0.0,1.5962505131028593e-06
0.3482993197278912,364.64096,6.791955092921853e-05
0.37151927437641724,385.58383,0.00016706588212400675
0.3947392290249433,373.92538,0.00023179088020697236
0.4179591836734694,337.09518,0.0002695901785045862
0.44117913832199546,187.15857,0.0003038360155187547
0.46439909297052157,366.51868,0.000308360526105389
0.4876190476190476,309.06888,0.0003104274801444262
0.5108390022675737,350.187,0.0003130329423584044
0.5340589569160998,336.91446,0.0003259604563936591
0.5572789115646258,361.77194,0.00040083035128191113
0.5804988662131519,454.66016,0.00039724906673654914
0.603718820861678,487.31836,0.0005833250470459461
0.626938775510204,835.4895,0.0006602072389796376
0.6501587301587302,355.4053,0.0006750744068995118
0.6733786848072563,829.46735,0.0006153641152195632
0.6965986394557824,883.1895,0.0005935815861448646
0.7198185941043084,488.29987,0.0006244477117434144
0.7430385487528345,164.91052,0.0006473399698734283
0.7662585034013606,490.06564,0.000569312775041908
0.7894784580498866,503.97055,0.0005179154686629772
0.8126984126984127,348.5713,0.000669761560857296
0.8359183673469388,173.2932,0.0005902639823034406
0.8591383219954649,448.9236,0.0005208625225350261
0.8823582766439909,355.55585,0.0005830696318298578
0.905578231292517,354.4981,0.0006449404172599316
0.9287981859410431,135.58496,0.0005450309254229069
0.9520181405895691,830.8381,0.0006299048545770347
0.9752380952380952,129.73802,0.00051214819541201
0.9984580498866213,515.24176,0.000685267848894
1.0216780045351475,351.91498,0.0007180406246334314
1.0448979591836736,191.48387,0.0006408349145203829
1.0681179138321997,840.095,0.00046752707567065954
1.0913378684807256,518.53204,0.0005634921253658831
1.1145578231292517,527.31604,0.0005258807213976979
1.1377777777777778,500.8167,0.0005609113723039627
1.1609977324263039,366.0396,0.0006770049803890288
1.18421768707483,349.4146,0.0006159405456855893
1.207437641723356,827.3077,0.0006947934743948281
1.2306575963718822,497.5523,0.0007608722662553191
1.253877551020408,510.95227,0.0009611740824766457
1.2770975056689342,858.15076,0.0008051368640735745
1.3003174603174603,857.8601,0.0009494484402239323
1.3235374149659864,831.1234,0.001045134966261685
1.3467573696145125,536.7792,0.0010333943646401167
1.3699773242630386,862.6948,0.0011575616663321853
1.3931972789115648,516.4674,0.0013989921426400542
1.4164172335600906,518.6524,0.001457463949918747
1.4396371882086167,529.42163,0.0015303953550755978
1.4628571428571429,524.641,0.0014973089564591646
1.486077097505669,894.2353,0.0017574027879163623
1.509297052154195,283.51688,0.0016028278041630983
1.5325170068027212,509.12668,0.0017302811611443758
1.5557369614512473,520.6131,0.0014631994999945164
1.5789569160997732,848.0903,0.0014898760709911585
1.6021768707482993,836.31055,0.001509504159912467
1.6253968253968254,228.65419,0.001688647549599409
1.6486167800453515,860.54614,0.0018031913787126541
1.6718367346938776,875.846,0.0018509903457015753
1.6950566893424037,525.69354,0.002036595717072487
1.7182766439909298,870.55304,0.0020022185053676367
1.7414965986394557,888.541,0.0022538728080689907
1.7647165532879818,847.764,0.0023102296981960535
1.787936507936508,841.6665,0.002276814077049494
1.811156462585034,889.4394,0.002168429084122181
1.8343764172335602,564.69275,0.0024305381812155247
1.8575963718820863,843.0502,0.0032076251227408648
1.8808163265306124,874.82336,0.0024702581577003
1.9040362811791383,549.2266,0.00269951019436121
1.9272562358276644,523.11554,0.0027672923170030117
1.9504761904761905,857.9585,0.0037339571863412857
1.9736961451247166,873.41956,0.0033767421264201403
1.9969160997732427,901.2742,0.0037554833106696606
2.020136054421769,863.7657,0.0032830138225108385
2.043356009070295,884.43353,0.0028362725861370564
2.066575963718821,911.3982,0.0029225994367152452
2.089795918367347,904.5505,0.0030809217132627964
2.1130158730158732,543.2817,0.0033716396428644657
2.1362358276643993,555.1067,0.003961596172302961
2.159455782312925,941.8081,0.00390156963840127
2.182675736961451,874.9216,0.003399146720767021
2.2058956916099772,2729.779,0.003224702551960945
2.2291156462585033,927.0174,0.003041817806661129
2.2523356009070294,562.13556,0.0031090318225324154
2.2755555555555556,914.34296,0.0034003164619207382
2.2987755102040817,236.11975,0.003213061485439539
2.3219954648526078,944.27026,0.00319303129799664
2.345215419501134,946.27344,0.0027794288471341133
2.36843537414966,862.35596,0.0030959234572947025
2.391655328798186,888.2541,0.002993983216583729
2.414875283446712,897.3034,0.0031373922247439623
2.4380952380952383,289.03674,0.003332688705995679
2.4613151927437644,286.78174,0.003503663931041956
2.48453514739229,234.30026,0.003296856302767992
2.507755102040816,947.2569,0.002828724682331085
2.5309750566893423,931.27844,0.002962737809866667
2.5541950113378684,534.21063,0.0029860115610063076
2.5774149659863945,418.98383,0.0030800749082118273
2.6006349206349206,2771.4485,0.003077863249927759
2.6238548752834467,533.4969,0.0036981026642024517
2.647074829931973,260.75082,0.0034007232170552015
2.670294784580499,287.30508,0.003281128592789173
2.693514739229025,927.43164,0.002906709909439087
2.716734693877551,869.7977,0.0028794393874704838
2.7399546485260773,928.36816,0.0028924071229994297
2.7631746031746034,532.6518,0.003050364786759019
2.7863945578231295,418.1193,0.0032194466330111027
2.809614512471655,920.2532,0.003261724952608347
2.8328344671201813,559.26605,0.0032558487728238106
2.8560544217687074,240.72757,0.002948562614619732
2.8792743764172335,908.41656,0.003293620655313134
2.9024943310657596,273.48416,0.003123423084616661
2.9257142857142857,867.7387,0.003193384036421776
2.948934240362812,901.2306,0.0027660750783979893
2.972154195011338,328.80847,0.0035866538528352976
2.995374149659864,926.246,0.0030725570395588875
3.01859410430839,948.2542,0.002838010201230645
3.0418140589569163,943.94183,0.002901814179494977
3.0650340136054424,897.09174,0.0038119331002235413
3.0882539682539685,906.6761,0.004546124953776598
3.1114739229024946,558.04047,0.0043748002499341965
3.1346938775510207,976.116,0.003541139420121908
3.1579138321995464,934.51996,0.0034763566218316555
3.1811337868480725,956.614,0.003471520496532321
3.2043537414965986,903.67633,0.003635123837739229
3.2275736961451247,945.33405,0.0029327375814318657
3.250793650793651,922.6705,0.002816419815644622
3.274013605442177,987.56915,0.0038068541325628757
3.297233560090703,987.49615,0.004011991899460554
3.320453514739229,976.5792,0.004201543517410755
3.3436734693877552,597.00806,0.004458922892808914
3.3668934240362813,882.24225,0.004303892143070698
3.3901133786848074,202.02496,0.003256536554545164
3.4133333333333336,2786.0989,0.0035868752747774124
3.4365532879818597,940.66614,0.003220133250579238
3.4597732426303858,860.70667,0.0031753957737237215
3.4829931972789114,908.6207,0.0034013495314866304
3.5062131519274375,204.16328,0.004235319793224335
3.5294331065759637,966.2088,0.0034583942033350468
3.5526530612244898,906.8789,0.003439483232796192
3.575873015873016,918.4767,0.0031160423532128334
3.599092970521542,953.37024,0.0029349718242883682
3.622312925170068,962.5011,0.003207386238500476
3.645532879818594,965.282,0.0045600775629282
3.6687528344671203,962.5853,0.005837117321789265
3.6919727891156464,1003.97687,0.005950626451522112
3.7151927437641725,982.51666,0.0059287091717123985
3.7384126984126986,960.9099,0.0054143276065588
3.7616326530612247,328.72986,0.0042687105014920235
3.784852607709751,368.04095,0.0036945794709026814
3.8080725623582765,325.46646,0.004122685641050339
3.8312925170068026,591.7586,0.005756891332566738
3.8545124716553287,916.8904,0.006691703572869301
3.877732426303855,959.8337,0.005958598107099533
3.900952380952381,989.04694,0.006008055526763201
3.924172335600907,907.60114,0.00531456433236599
3.947392290249433,923.2628,0.004741496406495571
3.9706122448979593,949.0692,0.005695978179574013
3.9938321995464854,337.6868,0.004845049232244492
4.017052154195011,133.69069,0.004147026687860489
4.040272108843538,901.59674,0.004583386704325676
4.063492063492063,825.5874,0.0049509392119944096
4.08671201814059,901.45074,0.004991514608263969
4.1099319727891155,938.479,0.00517057441174984
4.133151927437642,1002.39935,0.005241905339062214
4.156371882086168,1001.84827,0.0053499056957662106
4.179591836734694,561.6887,0.005314175970852375
4.20281179138322,296.81085,0.004689869936555624
4.2260317460317465,531.36035,0.004292274825274944
4.249251700680272,838.4823,0.004446009639650583
4.272471655328799,909.84753,0.004454754292964935
4.295691609977324,922.62946,0.004663066007196903
4.31891156462585,946.3494,0.004892593249678612
4.342131519274377,944.0342,0.004931069910526276
4.365351473922902,918.7645,0.004950389266014099
4.388571428571429,927.13086,0.004720819648355246
4.4117913832199545,862.8243,0.004252973478287458
4.435011337868481,560.0261,0.003765162080526352
4.458231292517007,896.4814,0.003660404123365879
4.481451247165533,397.8645,0.003552813548594713
4.504671201814059,932.8999,0.0036079976707696915
4.527891156462585,225.46445,0.0039052795618772507
4.551111111111111,365.96555,0.005517277866601944
4.574331065759638,53.62612,0.0065057361498475075
4.597551020408163,1004.71893,0.006885365583002567
4.62077097505669,980.872,0.007198394276201725
4.6439909297052155,605.34576,0.00875919684767723
4.667210884353741,1003.24445,0.008261936716735363
4.690430839002268,1002.6751,0.007945161312818527
4.713650793650793,614.56287,0.007103780284523964
4.73687074829932,626.57654,0.007293051108717918
4.760090702947846,622.7655,0.007372202351689339
4.783310657596372,1030.6096,0.007363186217844486
4.806530612244898,969.79,0.006922638975083828
4.829750566893424,1002.837,0.007017920725047588
4.85297052154195,942.25635,0.008210266940295696
4.876190476190477,442.10678,0.009048990905284882
4.899410430839002,1009.46735,0.010550321079790592
4.922630385487529,1001.18964,0.006993745919317007
4.9458503401360545,433.19318,0.005168524105101824
4.96907029478458,1008.8247,0.00536443293094635
4.992290249433107,945.4071,0.006005199160426855
5.015510204081632,640.4593,0.006577934604138136
5.038730158730159,925.34515,0.007063027936965227
5.061950113378685,349.52737,0.007748148869723082
5.085170068027211,606.5477,0.009679095819592476
5.108390022675737,1011.9101,0.010958749800920486
5.131609977324263,431.3515,0.008630217984318733
5.154829931972789,603.636,0.007635804824531078
5.178049886621316,441.2366,0.008789828978478909
5.201269841269841,983.2691,0.009101008996367455
5.224489795918368,395.3705,0.009782313369214535
5.2477097505668935,1035.2839,0.009549840353429317
5.27092970521542,438.93063,0.009887083433568478
5.294149659863946,999.54816,0.009781531058251858
5.317369614512471,366.32706,0.007273774594068527
5.340589569160998,149.19873,0.004987316206097603
5.363809523809524,570.3871,0.005079101771116257
5.38702947845805,907.1358,0.005499753635376692
5.410249433106576,944.9203,0.004813178442418575
5.433469387755102,940.30786,0.004290480632334948
5.456689342403628,925.84607,0.005311470944434404
5.479909297052155,615.6984,0.005891087464988232
5.50312925170068,346.26196,0.006113938055932522
5.526349206349207,1000.52216,0.005620745476335287
5.5495691609977325,998.10065,0.005458535626530647
5.572789115646259,573.468,0.0057322559878230095
5.596009070294785,943.8125,0.005816823337227106
5.61922902494331,318.9862,0.005239751189947128
5.642448979591837,990.7735,0.006477476097643375
5.6656689342403626,602.9212,0.0070298765785992146
5.688888888888889,986.8753,0.006906658411026001
5.712108843537415,600.00885,0.006557987071573734
5.735328798185941,997.84863,0.005264955572783947
5.758548752834467,134.51524,0.005732893943786621
5.7817687074829935,935.8464,0.005934913642704487
5.804988662131519,399.42014,0.006498799193650484
5.828208616780046,592.9627,0.007054775021970272
5.851428571428571,335.2682,0.005439743399620056
5.874648526077098,963.3967,0.0037894458509981632
5.897868480725624,872.7656,0.0035738786682486534
5.92108843537415,891.6466,0.0037269145250320435
5.944308390022676,946.2889,0.004666510038077831
5.9675283446712015,329.99316,0.004973539151251316
5.990748299319728,934.50775,0.005041507072746754
6.013968253968254,909.3323,0.004823635332286358
6.03718820861678,946.2142,0.004422793164849281
6.060408163265306,541.23895,0.0045941611751914024
6.0836281179138325,974.68854,0.0052690934389829636
6.106848072562358,950.5091,0.005723490845412016
6.130068027210885,951.1126,0.007067774422466755
6.15328798185941,968.9093,0.00654261652380228
6.176507936507937,2826.4226,0.006067821756005287
6.199727891156463,573.7015,0.005603267811238766
6.222947845804989,963.21747,0.004519591573625803
6.246167800453515,2687.0393,0.004923881031572819
6.269387755102041,912.34827,0.004170110449194908
6.292607709750567,932.19684,0.004763190634548664
6.315827664399093,230.18236,0.006804441101849079
6.339047619047619,960.8046,0.007440533954650164
6.362267573696145,598.16785,0.00545703899115324
6.3854875283446715,936.0059,0.004691580776125193
6.408707482993197,946.2471,0.004446137696504593
6.431927437641724,976.2873,0.003759154584258795
6.455147392290249,919.188,0.0026831533759832382
6.478367346938776,290.10034,0.0021267312113195658
6.501587301587302,885.47064,0.0020692015532404184
6.524807256235828,291.763,0.002134632784873247
6.548027210884354,422.26672,0.0020883027464151382
6.57124716553288,950.7303,0.0021674917079508305
6.594467120181406,913.67206,0.0022045692894607782
6.617687074829932,950.4385,0.0025873228441923857
6.640907029478458,920.2666,0.0032484116964042187
6.664126984126984,947.2324,0.0033327999990433455
6.6873469387755105,292.92578,0.003337140427902341
6.710566893424036,923.98987,0.0029103090055286884
6.733786848072563,287.52734,0.003466530703008175
6.757006802721088,281.47516,0.003465793328359723
6.780226757369615,880.7489,0.003217782126739621
6.8034467120181406,919.96155,0.0031084162183105946
6.826666666666667,963.301,0.00397743284702301
6.849886621315193,971.3747,0.004314892925322056
6.873106575963719,972.5221,0.0038591763004660606
6.896326530612245,946.407,0.0029686244670301676
6.9195464852607715,929.63477,0.003259373363107443
6.942766439909297,994.61664,0.001964857568964362
6.965986394557823,267.64542,0.0018467474728822708
6.989206349206349,953.7787,0.0022917159367352724
7.012426303854875,881.0719,0.0025928004179149866
7.035646258503402,264.7281,0.002525660675019026
7.058866213151927,568.96924,0.002503205556422472
7.082086167800454,2799.8306,0.0025801118463277817
7.1053061224489795,1013.511,0.0021990519016981125
7.128526077097506,943.0462,0.002126644365489483
7.151746031746032,555.63794,0.002326116431504488
7.174965986394558,286.87906,0.002422910649329424
7.198185941043084,965.6074,0.0021494270768016577
7.2214058956916105,944.907,0.0021984418854117393
7.244625850340136,926.7799,0.0024384602438658476
7.267845804988662,853.09644,0.0019053639844059944
7.291065759637188,232.90965,0.0020627127960324287
7.314285714285714,957.80975,0.0021626674570143223
7.337505668934241,939.1045,0.0021906965412199497
7.360725623582766,418.86658,0.0026981178671121597
7.383945578231293,932.5954,0.0026301308535039425
7.4071655328798185,961.79,0.0026264272164553404
7.430385487528345,283.3673,0.00240714056417346
7.453605442176871,954.8697,0.0018369111930951476
7.476825396825397,972.59033,0.0021922229789197445
7.500045351473923,933.8105,0.002264605602249503
7.5232653061224495,958.49335,0.002157923299819231
7.546485260770975,540.34283,0.0022737733088433743
7.569705215419502,906.02606,0.0022855340503156185
7.592925170068027,607.0459,0.0027261897921562195
7.616145124716553,946.6219,0.0023874943144619465
7.63936507936508,887.5229,0.0027139950543642044
7.662585034013605,983.41364,0.0025048903189599514
7.685804988662132,602.4344,0.0025683282874524593
7.7090249433106575,905.57153,0.002276090905070305
7.732244897959184,933.21185,0.0021240648347884417
7.75546485260771,920.5504,0.0021025766618549824
7.778684807256236,585.5162,0.002134498208761215
7.801904761904762,883.0118,0.0019923115614801645
7.8251247165532885,891.5952,0.001365553354844451
7.848344671201814,913.5737,0.0014666770584881306
7.871564625850341,548.74054,0.002053888514637947
7.894784580498866,930.7831,0.0018258754862472415
7.918004535147393,537.156,0.0023188029881566763
7.9412244897959186,933.412,0.0025452172849327326
7.964444444444444,580.25555,0.0026463582180440426
7.987664399092971,920.32654,0.0017071353504434228
8.010884353741497,920.5199,0.0017088691238313913
8.034104308390022,946.86127,0.0017039889935404062
8.057324263038549,911.1896,0.0017451865132898092
8.080544217687075,868.68445,0.0018722617533057928
8.103764172335602,831.0065,0.0018220706842839718
8.126984126984127,943.38184,0.001912776380777359
8.150204081632653,930.9722,0.002064755652099848
8.17342403628118,890.6497,0.002103793900460005
8.196643990929706,224.63701,0.002193442080169916
8.219863945578231,935.43445,0.0020055235363543034
8.243083900226758,853.13904,0.0018106474308297038
8.266303854875284,930.2187,0.002069785725325346
8.289523809523809,556.83167,0.0016185697168111801
8.312743764172335,556.2416,0.0016567627899348736
8.335963718820862,425.8814,0.001553089590743184
8.359183673469389,556.7732,0.0017805316019803286
8.382403628117913,876.47876,0.002126985229551792
8.40562358276644,2674.9512,0.0024814677890390158
8.428843537414966,944.7274,0.0021226999815553427
8.452063492063493,891.97485,0.0021861898712813854
8.475283446712018,948.8713,0.0019181553507223725
8.498503401360544,119.80314,0.0008653373224660754
8.52172335600907,900.3038,0.0005490545881912112
8.544943310657597,892.9778,0.0007542569073848426
8.568163265306122,898.4486,0.0008102471474558115
8.591383219954649,871.0585,0.0009408883051946759
8.614603174603175,562.5397,0.0008532382780686021
8.6378231292517,899.4478,0.0009915826376527548
8.661043083900227,918.6157,0.0008974242955446243
8.684263038548753,579.59644,0.001136854523792863
8.70748299319728,913.646,0.0010624552378430963
8.730702947845804,903.1331,0.0010212701745331287
8.753922902494331,889.9531,0.0011619068682193756
8.777142857142858,551.1881,0.0010557477362453938
8.800362811791384,898.12335,0.0010409061796963215
8.823582766439909,856.1085,0.0005887662409804761
8.846802721088435,864.9114,0.0006611098069697618
8.870022675736962,128.67632,0.0006413437658920884
8.893242630385489,870.65546,0.0007620999240316451
8.916462585034013,880.90656,0.0010020791087299585
8.93968253968254,877.65796,0.0010092686861753464
8.962902494331066,909.0294,0.000980094075202942
8.986122448979591,858.033,0.0009423543815501034
9.009342403628118,865.01385,0.0008187573403120041
9.032562358276644,900.4195,0.0006512795225717127
9.05578231292517,541.05023,0.0005967853940092027
9.079002267573696,859.363,0.0005783197702839971
9.102222222222222,271.67828,0.0007252200739458203
9.125442176870749,842.51294,0.0006849198252893984
9.148662131519275,840.66705,0.0006406736792996526
9.1718820861678,275.57715,0.0005634139524772763
9.195102040816327,190.12839,0.0005659343441948295
9.218321995464853,509.0134,0.0004982771351933479
9.24154195011338,869.61945,0.0005525381420738995
9.264761904761905,869.0824,0.0005995710380375385
9.287981859410431,116.55235,0.0005554765230044723
9.311201814058958,527.3553,0.0005210000090301037
9.334421768707482,872.5248,0.0005006127175875008
9.357641723356009,272.65237,0.0005044308491051197
9.380861678004536,484.92212,0.0005174599355086684
9.404081632653062,867.974,0.0005933138309046626
9.427301587301587,571.6062,0.0006371221970766783
9.450521541950113,522.25806,0.0006847385666333139
9.47374149659864,547.84106,0.0006273157196119428
9.496961451247167,869.8338,0.0004328161012381315
9.520181405895691,900.1696,0.0004923365777358413
9.543401360544218,276.45337,0.0006446241750381887
9.566621315192744,532.548,0.0006395494565367699
9.58984126984127,191.43396,0.0008130503119900823
9.613061224489796,358.8132,0.0007300234865397215
9.636281179138322,902.5026,0.0006672783056274056
9.659501133786849,569.03815,0.0007400561589747667
9.682721088435374,169.5836,0.0006471746601164341
9.7059410430839,862.69275,0.0004389428358990699
9.729160997732427,873.41205,0.0004853521240875125
9.752380952380953,534.40375,0.0006257648346945643
9.775600907029478,903.7591,0.0004986761487089097
9.798820861678005,270.75558,0.0008144944440573454
9.822040816326531,867.6819,0.0005803443491458893
9.845260770975058,311.88205,0.00047139640082605183
9.868480725623582,545.7839,0.0003824900195468217
9.891700680272109,549.0728,0.0003481582971289754
9.914920634920636,563.5798,0.0003096548607572913
9.93814058956916,405.63177,0.000291712349280715
9.961360544217687,559.3167,0.0004206164157949388
9.984580498866213,901.9617,0.00032862790976651013
10.00780045351474,907.4491,0.00011190227814950049
10.031020408163265,52.667683,1.27688372231205e-05
10.054240362811791,0.0,6.247901183087379e-07
10.077460317460318,0.0,2.8997237677685916e-07
10.100680272108844,0.0,2.0581956050591543e-07
10.12390022675737,0.0,2.831411620718427e-07
10.147120181405896,0.0,1.8663467926671728e-07
10.170340136054422,0.0,4.0819941204972565e-07
10.193560090702949,0.0,2.785554897855036e-07
10.216780045351474,0.0,1.5451223589479923e-07
10.24,0.0,3.122659109067172e-08
10.263219954648527,0.0,5.630863597616553e-08
10.286439909297052,0.0,7.689504855079576e-08
10.309659863945578,0.0,1.4897159417159855e-07
10.332879818594105,0.0,6.5202584664803e-08
10.356099773242631,0.0,3.400782588869333e-08
10.379319727891156,0.0,7.337530405493453e-08
10.402539682539683,0.0,5.2535142458509654e-08
10.425759637188209,0.0,4.015419108327478e-08
10.448979591836736,0.0,1.2451801012502983e-07
10.47219954648526,0.0,2.843444235622883e-08
