0.0,0.0,1.1127667676191777e-07
0.023219954648526078,0.0,8.935421647038311e-08
0.046439909297052155,0.0,7.461767381755635e-08
0.06965986394557823,0.0,1.5145178622333333e-07
0.09287981859410431,0.0,1.1324027582304552e-07
0.11609977324263039,0.0,4.4969056034460664e-08
0.13931972789115646,0.0,1.5413752407766879e-07
0.16253968253968254,0.0,7.724065653746948e-08
0.18575963718820862,0.0,1.6863305063452572e-07
0.2089795918367347,0.0,4.914909368380904e-08
0.23219954648526078,0.0,1.4381839719135314e-07
0.25541950113378686,0.0,1.6673038771841675e-07
0.2786394557823129,0.0,2.4768269213382155e-07
0.301859410430839,0.0,1.1443898983998224e-07
0.3250793650793651,0.0,9.662380762165412e-08
0.3482993197278912,0.0,1.273583620786667e-07
0.37151927437641724,0.0,1.3076532923150808e-07
0.3947392290249433,0.0,4.541197995422408e-08
0.4179591836734694,0.0,5.798574420623481e-08
0.44117913832199546,0.0,1.0469466360518709e-07
0.46439909297052157,0.0,1.3136468623997644e-07
0.4876190476190476,0.0,1.9416438590269536e-07
0.5108390022675737,0.0,9.929680345521774e-06
0.5340589569160998,185.80618,0.00017027882859110832
0.5572789115646258,180.44022,0.00030252584838308394
0.5804988662131519,208.87852,0.0003641169751062989
0.603718820861678,623.7077,0.00042188691440969706
0.626938775510204,957.70233,0.000512931845150888
0.6501587301587302,352.77704,0.0006574185099452734
0.6733786848072563,204.1783,0.0009369240724481642
0.6965986394557824,731.72894,0.0012803414138033986
0.7198185941043084,722.32336,0.001523237326182425
0.7430385487528345,567.334,0.0017673331312835217
0.7662585034013606,804.5136,0.0020333584398031235
0.7894784580498866,598.928,0.0017241224413737655
0.8126984126984127,624.63574,0.001825698302127421
0.8359183673469388,546.123,0.0017638364806771278
0.8591383219954649,212.55602,0.0022146429400891066
0.8823582766439909,650.84784,0.0025034062564373016
0.905578231292517,661.14594,0.0023319756146520376
0.9287981859410431,338.17337,0.003012018045410514
0.9520181405895691,678.4331,0.0037940489128232002
0.9752380952380952,641.3512,0.004088592249900103
0.9984580498866213,952.87445,0.0037989122793078423
1.0216780045351475,642.587,0.003595096990466118
1.0448979591836736,196.78282,0.003646318567916751
1.0681179138321997,647.0824,0.004246151074767113
1.0913378684807256,209.398,0.005279975011944771
1.1145578231292517,170.81955,0.005200803279876709
1.1377777777777778,659.38184,0.005420747213065624
1.1609977324263039,997.42474,0.0050676013343036175
1.18421768707483,637.0082,0.004333636723458767
1.207437641723356,461.87482,0.0042771147564053535
1.2306575963718822,617.4353,0.0045167189091444016
1.253877551020408,631.83813,0.005040279123932123
1.2770975056689342,709.2322,0.005224033258855343
1.3003174603174603,619.4451,0.005053873173892498
1.3235374149659864,612.73584,0.004982632119208574
1.3467573696145125,360.17548,0.004906972870230675
1.3699773242630386,469.3353,0.004380668513476849
1.3931972789115648,693.6886,0.004016546532511711
1.4164172335600906,837.53015,0.003396020969375968
1.4396371882086167,113.63183,0.0032312460243701935
1.4628571428571429,572.27325,0.0032914576586335897
1.486077097505669,359.51517,0.0036784731782972813
1.509297052154195,363.54306,0.003827848471701145
1.5325170068027212,599.7112,0.0033340677618980408
1.5557369614512473,653.90466,0.003909604158252478
1.5789569160997732,583.1805,0.004654929507523775
1.6021768707482993,560.38214,0.00554000586271286
1.6253968253968254,363.57074,0.0057937828823924065
1.6486167800453515,190.41493,0.006716068368405104
1.6718367346938776,356.58087,0.007096876855939627
1.6950566893424037,674.468,0.007922137156128883
1.7182766439909298,629.5357,0.007872560992836952
1.7414965986394557,615.2678,0.007949539460241795
1.7647165532879818,462.6189,0.009403188712894917
1.787936507936508,640.2967,0.009854545816779137
1.811156462585034,595.76135,0.011112266220152378
1.8343764172335602,616.6802,0.009878739714622498
1.8575963718820863,606.5255,0.009949402883648872
1.8808163265306124,675.65216,0.009571854025125504
1.9040362811791383,653.5537,0.00829838402569294
1.9272562358276644,630.28503,0.011143853887915611
1.9504761904761905,578.4938,0.011975024826824665
1.9736961451247166,653.838,0.011951465159654617
1.9969160997732427,645.9389,0.01245573628693819
2.020136054421769,188.88107,0.01050916500389576
2.043356009070295,627.0161,0.011566022410988808
2.066575963718821,900.0962,0.011710025370121002
2.089795918367347,622.39606,0.012500246986746788
2.1130158730158732,598.02966,0.011773343198001385
2.1362358276643993,189.26068,0.012309059500694275
2.159455782312925,359.3614,0.013405602425336838
2.182675736961451,633.2824,0.013432657346129417
2.2058956916099772,571.6834,0.014121722429990768
2.2291156462585033,988.79663,0.013895893469452858
2.2523356009070294,640.9263,0.011437546461820602
2.2755555555555556,480.76862,0.009896327741444111
2.2987755102040817,192.88486,0.010122597217559814
2.3219954648526078,604.31177,0.01290945801883936
2.345215419501134,754.73145,0.009240617044270039
2.36843537414966,664.6504,0.008230965584516525
2.391655328798186,683.81354,0.008978793397545815
2.414875283446712,358.33774,0.011369604617357254
2.4380952380952383,204.67084,0.0110782440751791
2.4613151927437644,206.17442,0.013084560632705688
2.48453514739229,210.43175,0.012598102912306786
2.507755102040816,1015.9804,0.012104456312954426
2.5309750566893423,213.22348,0.015605621971189976
2.5541950113378684,356.56064,0.020725630223751068
2.5774149659863945,199.51003,0.023733220994472504
2.6006349206349206,651.47614,0.025392021983861923
2.6238548752834467,651.424,0.027678780257701874
2.647074829931973,708.5861,0.01795337349176407
2.670294784580499,471.59076,0.01316535659134388
2.693514739229025,632.98505,0.013345756568014622
2.716734693877551,628.4033,0.016474543139338493
2.7399546485260773,666.0268,0.02671346813440323
2.7631746031746034,204.20921,0.034478362649679184
2.7863945578231295,201.133,0.034542933106422424
2.809614512471655,204.16142,0.027662033215165138
2.8328344671201813,669.81256,0.0156269408762455
2.8560544217687074,559.60095,0.013955761678516865
2.8792743764172335,653.14307,0.016898103058338165
2.9024943310657596,213.56367,0.02830898016691208
2.9257142857142857,648.236,0.033145952969789505
2.948934240362812,202.53717,0.0371389277279377
2.972154195011338,205.53885,0.026130065321922302
2.995374149659864,369.9701,0.01735757663846016
3.01859410430839,462.0834,0.015792053192853928
3.0418140589569163,640.0413,0.020147506147623062
3.0650340136054424,722.4994,0.030946912243962288
3.0882539682539685,652.36615,0.03575868159532547
3.1114739229024946,213.41495,0.0330401286482811
3.1346938775510207,207.90479,0.029880449175834656
3.1579138321995464,210.92479,0.02955745905637741
3.1811337868480725,974.83105,0.02319171652197838
3.2043537414965986,375.6459,0.016490241512656212
3.2275736961451247,372.43478,0.01331891119480133
3.250793650793651,220.25781,0.012889639474451542
3.274013605442177,523.1874,0.01204964891076088
3.297233560090703,476.4813,0.009168634191155434
3.320453514739229,674.5686,0.008241412229835987
3.3436734693877552,490.08563,0.012651248835027218
3.3668934240362813,383.60803,0.014774180948734283
3.3901133786848074,632.87396,0.013629983179271221
3.4133333333333336,217.29556,0.013010239228606224
3.4365532879818597,483.8843,0.013011353090405464
3.4597732426303858,614.73846,0.014193563722074032
3.4829931972789114,614.5595,0.011578943580389023
3.5062131519274375,659.64636,0.012057662010192871
3.5294331065759637,699.6833,0.016222354024648666
3.5526530612244898,632.33594,0.02512224018573761
3.575873015873016,212.26848,0.03286392241716385
3.599092970521542,681.6696,0.024243216961622238
3.622312925170068,651.9782,0.014843386597931385
3.645532879818594,673.12476,0.014125155285000801
3.6687528344671203,709.085,0.012196032330393791
3.6919727891156464,659.40375,0.02108415961265564
3.7151927437641725,212.43399,0.044707171618938446
3.7384126984126986,657.67303,0.06275594234466553
3.7616326530612247,203.74355,0.05899958685040474
3.784852607709751,370.40366,0.0408947691321373
3.8080725623582765,679.8687,0.016409285366535187
3.8312925170068026,689.4197,0.012030664831399918
3.8545124716553287,647.47577,0.011845734901726246
3.877732426303855,651.1486,0.015467291697859764
3.900952380952381,684.346,0.028922084718942642
3.924172335600907,208.94968,0.03610873594880104
3.947392290249433,678.84033,0.028774313628673553
3.9706122448979593,691.8278,0.018509794026613235
3.9938321995464854,675.9411,0.019888030365109444
4.017052154195011,665.286,0.021890217438340187
4.040272108843538,640.2333,0.028287619352340698
4.063492063492063,672.4053,0.03541666269302368
4.08671201814059,216.65521,0.03844638168811798
4.1099319727891155,651.42114,0.03418385982513428
4.133151927437642,738.80005,0.02562267705798149
4.156371882086168,371.13364,0.021447207778692245
4.179591836734694,379.51596,0.015490330755710602
4.20281179138322,130.25705,0.008673523552715778
4.2260317460317465,685.0836,0.008409243077039719
4.249251700680272,650.57825,0.012379083782434464
4.272471655328799,1066.7302,0.014866332523524761
4.295691609977324,941.126,0.012976463884115219
4.31891156462585,1022.2117,0.010651782155036926
4.342131519274377,669.5393,0.010858758352696896
4.365351473922902,491.12952,0.012197395786643028
4.388571428571429,1055.4109,0.017387308180332184
4.4117913832199545,480.74915,0.023203730583190918
4.435011337868481,966.3491,0.0229654423892498
4.458231292517007,1087.2174,0.014951829798519611
4.481451247165533,729.5802,0.011891260743141174
4.504671201814059,377.8688,0.0133442971855402
4.527891156462585,247.71777,0.016391608864068985
4.551111111111111,995.5703,0.02701912820339203
4.574331065759638,990.29553,0.03687802702188492
4.597551020408163,480.75998,0.03942442685365677
4.62077097505669,1041.644,0.024977907538414
4.6439909297052155,938.4451,0.01437439862638712
4.667210884353741,685.1697,0.013775447383522987
4.690430839002268,687.2562,0.013725481927394867
4.713650793650793,726.6336,0.016700681298971176
4.73687074829932,1086.7203,0.029230032116174698
4.760090702947846,1001.7525,0.034879349172115326
4.783310657596372,482.8623,0.02346629649400711
4.806530612244898,1053.0178,0.015134317800402641
4.829750566893424,978.6084,0.016353711485862732
4.85297052154195,700.7872,0.016573742032051086
4.876190476190477,1059.5153,0.02188684046268463
4.899410430839002,996.036,0.027148980647325516
4.922630385487529,1012.0024,0.025558538734912872
4.9458503401360545,971.6263,0.023578984662890434
4.96907029478458,955.25525,0.021276555955410004
4.992290249433107,1111.9487,0.021732188761234283
5.015510204081632,496.13138,0.021804150193929672
5.038730158730159,1091.3337,0.020724454894661903
5.061950113378685,1018.03467,0.020577002316713333
5.085170068027211,1031.1729,0.024881450459361076
5.108390022675737,482.0279,0.027791447937488556
5.131609977324263,1065.4293,0.03386947885155678
5.154829931972789,1084.0437,0.04275796562433243
5.178049886621316,1050.8185,0.044388964772224426
5.201269841269841,1111.7808,0.0403544157743454
5.224489795918368,410.83414,0.04235922545194626
5.2477097505668935,1012.2954,0.04140762239694595
5.27092970521542,1090.3385,0.04440070688724518
5.294149659863946,1109.1913,0.05024424195289612
5.317369614512471,1096.458,0.05091017484664917
5.340589569160998,977.1806,0.051188915967941284
5.363809523809524,659.4688,0.04876440018415451
5.38702947845805,224.86388,0.04513571411371231
5.410249433106576,994.7739,0.04508160054683685
5.433469387755102,375.99286,0.04461035877466202
5.456689342403628,520.7807,0.05086715146899223
5.479909297052155,1060.8119,0.05534660816192627
5.50312925170068,947.9791,0.058091044425964355
5.526349206349207,1040.1393,0.050359275192022324
5.5495691609977325,623.7237,0.05453423410654068
5.572789115646259,588.74896,0.06450466066598892
5.596009070294785,630.06024,0.053663723170757294
5.61922902494331,1089.7196,0.055793873965740204
5.642448979591837,1063.6646,0.060308799147605896
5.6656689342403626,1092.8591,0.05849748104810715
5.688888888888889,1034.8257,0.055201999843120575
5.712108843537415,125.42287,0.06245609000325203
5.735328798185941,128.40709,0.08868325501680374
5.758548752834467,126.0844,0.07616127282381058
5.7817687074829935,126.26461,0.05478552356362343
5.804988662131519,595.81506,0.05653062090277672
5.828208616780046,712.088,0.05928555876016617
5.851428571428571,881.7686,0.054077912122011185
5.874648526077098,1078.4813,0.06145276129245758
5.897868480725624,168.41151,0.0807875543832779
5.92108843537415,500.04608,0.0899214893579483
5.944308390022676,596.6512,0.06541109085083008
5.9675283446712015,841.0996,0.050485968589782715
5.990748299319728,232.89322,0.049284376204013824
6.013968253968254,124.61545,0.0619417205452919
6.03718820861678,175.1482,0.09806303679943085
6.060408163265306,625.04846,0.1271362006664276
6.0836281179138325,623.55164,0.14614394307136536
6.106848072562358,640.9911,0.09629155695438385
6.130068027210885,665.8602,0.07420190423727036
6.15328798185941,654.0987,0.10983075201511383
6.176507936507937,634.46423,0.1615099161863327
6.199727891156463,622.4148,0.13102373480796814
6.222947845804989,623.02747,0.14064696431159973
6.246167800453515,634.40424,0.16283124685287476
6.269387755102041,653.89813,0.08008205145597458
6.292607709750567,668.1051,0.08085349202156067
6.315827664399093,657.3415,0.12182053923606873
6.339047619047619,196.0045,0.16503682732582092
6.362267573696145,612.3909,0.1048835963010788
6.3854875283446715,135.27208,0.14196127653121948
6.408707482993197,628.7929,0.1706787347793579
6.431927437641724,657.64746,0.07529643177986145
6.455147392290249,670.19324,0.08762414753437042
6.478367346938776,665.20404,0.11918072402477264
6.501587301587302,770.4515,0.1718071699142456
6.524807256235828,131.11359,0.143424391746521
6.548027210884354,608.89557,0.16180816292762756
6.57124716553288,633.90356,0.15303166210651398
6.594467120181406,668.2276,0.05826308950781822
6.617687074829932,683.81055,0.05633338913321495
6.640907029478458,218.86867,0.08205583691596985
6.664126984126984,21.533203,0.12940998375415802
6.6873469387755105,599.1209,0.19427761435508728
6.710566893424036,135.97388,0.16546796262264252
6.733786848072563,623.4072,0.1852896511554718
6.757006802721088,654.6509,0.08636335283517838
6.780226757369615,661.43896,0.08710251748561859
6.8034467120181406,211.2295,0.10604576766490936
6.826666666666667,649.78845,0.15192466974258423
6.849886621315193,593.98376,0.2187565565109253
6.873106575963719,590.0477,0.1894829273223877
6.896326530612245,774.85895,0.20183134078979492
6.9195464852607715,639.57587,0.15962010622024536
6.942766439909297,653.9912,0.10922364145517349
6.965986394557823,653.6761,0.10220447182655334
6.989206349206349,685.0816,0.13338705897331238
7.012426303854875,658.3922,0.09231343865394592
7.035646258503402,673.5563,0.0533161461353302
7.058866213151927,333.30222,0.05230347812175751
7.082086167800454,827.1501,0.051211029291152954
7.1053061224489795,710.4928,0.06204139441251755
7.128526077097506,662.35724,0.08550749719142914
7.151746031746032,654.2764,0.10802863538265228
7.174965986394558,643.20337,0.12106715142726898
7.198185941043084,648.9729,0.06691247224807739
7.2214058956916105,213.32207,0.04765404760837555
7.244625850340136,736.72375,0.05212488770484924
7.267845804988662,695.4122,0.05009264498949051
7.291065759637188,703.8382,0.06799067556858063
7.314285714285714,670.8147,0.09222640097141266
7.337505668934241,643.55176,0.11275186389684677
7.360725623582766,667.366,0.06593188643455505
7.383945578231293,753.931,0.056443214416503906
7.4071655328798185,929.27594,0.05914276838302612
7.430385487528345,773.0761,0.05179247260093689
7.453605442176871,219.50449,0.07104655355215073
7.476825396825397,701.367,0.08696869015693665
7.500045351473923,648.2128,0.10318619012832642
7.5232653061224495,670.87787,0.06138363108038902
7.546485260770975,708.0045,0.05262918397784233
7.569705215419502,687.94446,0.05679112300276756
7.592925170068027,707.8165,0.056034356355667114
7.616145124716553,687.10364,0.0656660795211792
7.63936507936508,668.80743,0.07323707640171051
7.662585034013605,1072.876,0.056231722235679626
7.685804988662132,659.7102,0.048077162355184555
7.7090249433106575,671.9468,0.05505421757698059
7.732244897959184,829.9557,0.056761424988508224
7.75546485260771,670.2021,0.06051522120833397
7.778684807256236,762.3512,0.06276710331439972
7.801904761904762,692.30475,0.06208871677517891
7.8251247165532885,702.032,0.05711943283677101
7.848344671201814,663.40845,0.05089797079563141
7.871564625850341,835.9013,0.04500545933842659
7.894784580498866,786.06647,0.036770835518836975
7.918004535147393,931.21,0.04299933463335037
7.9412244897959186,786.67834,0.04839319735765457
7.964444444444444,361.68796,0.05200236290693283
7.987664399092971,987.13617,0.05178644880652428
8.010884353741497,981.4711,0.04916368052363396
8.034104308390022,737.3371,0.04928647354245186
8.057324263038549,1025.7859,0.05707656964659691
8.080544217687075,961.77,0.05515605956315994
8.103764172335602,988.1622,0.032162800431251526
8.126984126984127,394.2346,0.01515602320432663
8.150204081632653,335.15097,0.018837973475456238
8.17342403628118,390.687,0.039570678025484085
8.196643990929706,966.30774,0.04077448323369026
8.219863945578231,707.059,0.03965924680233002
8.243083900226758,842.7842,0.04074922949075699
8.266303854875284,1000.08966,0.04779592156410217
8.289523809523809,1036.7301,0.06091282144188881
8.312743764172335,1008.6033,0.05496551841497421
8.335963718820862,228.94017,0.03580298647284508
8.359183673469389,361.54742,0.020527297630906105
8.382403628117913,235.08855,0.011029056273400784
8.40562358276644,376.69424,0.004253299906849861
8.428843537414966,376.15417,0.0005981280701234937
8.452063492063493,312.33307,1.01372497738339e-05
8.475283446712018,0.0,4.325398549553938e-06
8.498503401360544,0.0,1.6415051504736766e-06
8.52172335600907,0.0,1.6314670574502088e-06
8.544943310657597,0.0,1.7458078218623996e-06
8.568163265306122,0.0,2.7681862775352784e-06
8.591383219954649,0.0,2.3685352061875165e-06
8.614603174603175,0.0,2.0304496501921676e-06
8.6378231292517,0.0,1.6856674847076647e-06
8.661043083900227,0.0,1.401280314894393e-06
8.684263038548753,0.0,8.072302080108784e-07
8.70748299319728,0.0,5.890306056244299e-07
8.730702947845804,0.0,2.1705272956751287e-07
8.753922902494331,0.0,7.848393579479307e-08
8.777142857142858,0.0,1.5631485439371318e-07
8.800362811791384,0.0,1.7525599105283618e-07
8.823582766439909,607.2286,0.0008476554648950696
8.846802721088435,636.4599,0.0010560229420661926
8.870022675736962,654.7051,0.0015888321213424206
8.893242630385489,337.58624,0.003394311759620905
8.916462585034013,217.0025,0.006721409037709236
8.93968253968254,661.6882,0.012568550184369087
8.962902494331066,631.4543,0.028590399771928787
8.986122448979591,617.7059,0.02892366610467434
9.009342403628118,135.9429,0.04029984027147293
9.032562358276644,637.987,0.054026152938604355
9.05578231292517,663.4705,0.03741086274385452
9.079002267573696,667.3204,0.053092192858457565
9.102222222222222,662.8852,0.06870093941688538
9.125442176870749,651.4003,0.06193631887435913
9.148662131519275,659.52814,0.05949798971414566
9.1718820861678,666.97705,0.04861188679933548
9.195102040816327,688.38336,0.027663417160511017
9.218321995464853,703.5384,0.03287792205810547
9.24154195011338,638.8475,0.05453693866729736
9.264761904761905,671.5308,0.10418011248111725
9.287981859410431,646.6779,0.12339124828577042
9.311201814058958,959.80896,0.14615827798843384
9.334421768707482,648.95575,0.0910719633102417
9.357641723356009,674.3336,0.06147695705294609
9.380861678004536,692.128,0.04123380035161972
9.404081632653062,687.32776,0.061586786061525345
9.427301587301587,666.7228,0.11860588192939758
9.450521541950113,756.43945,0.14138534665107727
9.47374149659864,629.6954,0.1394810676574707
9.496961451247167,632.3371,0.15488556027412415
9.520181405895691,658.65186,0.07900488376617432
9.543401360544218,679.4807,0.06875725835561752
9.566621315192744,343.36334,0.0564851313829422
9.58984126984127,678.09686,0.08120544999837875
9.613061224489796,669.54694,0.10839686542749405
9.636281179138322,655.2773,0.0961293950676918
9.659501133786849,641.4642,0.0749056339263916
9.682721088435374,674.35156,0.07227608561515808
9.7059410430839,674.97516,0.0621597021818161
9.729160997732427,677.8391,0.05627909302711487
9.752380952380953,217.3611,0.07467758655548096
9.775600907029478,656.6673,0.10053203254938126
9.798820861678005,203.65991,0.13563132286071777
9.822040816326531,632.8907,0.13435080647468567
9.845260770975058,628.8277,0.11805223673582077
9.868480725623582,1127.7833,0.1148795336484909
9.891700680272109,638.337,0.111564502120018
9.914920634920636,646.7804,0.09336960315704346
9.93814058956916,643.5071,0.09898742288351059
9.961360544217687,720.7402,0.1150413304567337
9.984580498866213,136.49594,0.08209177851676941
10.00780045351474,614.17706,0.07569438219070435
10.031020408163265,627.2044,0.10425634682178497
10.054240362811791,648.87305,0.10220019519329071
10.077460317460318,666.0758,0.050826769322156906
10.100680272108844,674.17065,0.0712997317314148
10.12390022675737,659.18604,0.0918288379907608
10.147120181405896,635.78925,0.12430419027805328
10.170340136054422,621.506,0.1018853411078453
10.193560090702949,624.37823,0.10805319249629974
10.216780045351474,637.088,0.12073148787021637
10.24,655.8916,0.058079782873392105
10.263219954648527,676.16327,0.0662732943892479
10.286439909297052,667.57056,0.09353246539831161
10.309659863945578,640.8249,0.11744465678930283
10.332879818594105,717.3942,0.07899969816207886
10.356099773242631,607.3284,0.08183601498603821
10.379319727891156,957.10126,0.09947726130485535
10.402539682539683,640.9737,0.1125003769993782
10.425759637188209,666.755,0.05076634883880615
10.448979591836736,676.712,0.06874564290046692
10.47219954648526,658.12164,0.10344956815242767
10.495419501133787,627.14484,0.10907547920942307
10.518639455782314,615.60095,0.0890265703201294
10.54185941043084,629.7422,0.113289475440979
10.565079365079365,644.0782,0.0765308141708374
10.588299319727891,665.1388,0.05259346216917038
10.611519274376418,23.052282,0.06494832783937454
10.634739229024943,629.93555,0.1069214940071106
10.65795918367347,129.00682,0.04415081813931465
10.681179138321996,22.396088,0.026512883603572845
10.704399092970522,403.9175,0.017946582287549973
10.727619047619047,1099.2479,0.021169744431972504
10.750839002267574,805.6874,0.025132179260253906
10.7740589569161,941.50305,0.02668946236371994
10.797278911564627,695.1843,0.026843778789043427
10.820498866213152,122.703384,0.027990179136395454
10.843718820861678,1101.9581,0.027453746646642685
10.866938775510205,1013.4065,0.029875922948122025
10.890158730158731,1097.4929,0.02613333985209465
10.913378684807256,557.83594,0.023022213950753212
10.936598639455783,556.64526,0.025730988010764122
10.95981859410431,1103.4607,0.031083593145012856
10.983038548752834,219.87045,0.02995920181274414
11.00625850340136,123.821594,0.029515676200389862
11.029478458049887,499.03635,0.027226854115724564
11.052698412698414,163.96642,0.031155740842223167
11.075918367346938,162.36427,0.01970849744975567
11.099138321995465,374.44666,0.019048884510993958
11.122358276643991,974.58295,0.026262588798999786
11.145578231292518,1110.3625,0.03305952250957489
11.168798185941043,1066.418,0.03134207800030708
11.19201814058957,404.8635,0.029795996844768524
11.215238095238096,163.08466,0.03299291431903839
11.23845804988662,379.09387,0.02227739244699478
11.261678004535147,983.0881,0.017556725069880486
11.284897959183674,982.8836,0.022498704493045807
11.3081179138322,705.11444,0.03186982870101929
11.331337868480725,944.71857,0.0339522510766983
11.354557823129252,1042.6721,0.02946549281477928
11.377777777777778,393.26837,0.0325440987944603
11.400997732426305,383.33865,0.028138715773820877
11.42421768707483,1028.2234,0.020527232438325882
11.447437641723356,373.64346,0.018950577825307846
11.470657596371883,210.1119,0.022539254277944565
11.49387755102041,1074.6793,0.027357446029782295
11.517097505668934,1104.0175,0.02738739550113678
11.54031746031746,162.91243,0.019639335572719574
11.563537414965987,102.99503,0.012631330639123917
11.586757369614512,653.803,0.00957373809069395
11.609977324263038,593.5036,0.009028049185872078
11.633197278911565,477.8075,0.008776025846600533
11.656417233560092,771.52295,0.008346477523446083
11.679637188208616,609.1183,0.008121334947645664
11.702857142857143,528.9006,0.007701123598963022
11.72607709750567,658.46124,0.008900496177375317
11.749297052154196,469.74377,0.009236902929842472
11.77251700680272,691.6531,0.009720690548419952
11.795736961451247,480.52084,0.00912717916071415
11.818956916099774,682.1906,0.010019196197390556
11.8421768707483,957.03455,0.00991568248718977
11.865396825396825,245.57564,0.011256147176027298
11.888616780045352,720.4474,0.011196493171155453
11.911836734693878,688.12384,0.01171158254146576
11.935056689342403,729.31055,0.011320390738546848
11.95827664399093,725.09515,0.011453007347881794
11.981496598639456,709.3536,0.011500910855829716
12.004716553287983,1044.9977,0.011418946087360382
12.027936507936507,151.0737,0.01175591628998518
12.051156462585034,698.02167,0.013849353417754173
12.07437641723356,686.8413,0.011973639950156212
12.097596371882087,701.9904,0.011956630274653435
12.120816326530612,684.6025,0.012219283729791641
12.144036281179138,740.4016,0.012665491551160812
12.167256235827665,973.24316,0.013089128769934177
12.190476190476192,147.44878,0.011778991669416428
12.213696145124716,473.15207,0.014268750324845314
12.236916099773243,506.92847,0.013365279883146286
12.26013605442177,690.18634,0.01227625086903572
12.283356009070294,480.29242,0.010568915866315365
12.30657596371882,152.51114,0.014126802794635296
12.329795918367347,1039.6649,0.014973770827054977
12.353015873015874,478.26047,0.010742584243416786
12.376235827664399,686.3695,0.011416085064411163
12.399455782312925,751.951,0.010519669391214848
12.422675736961452,384.76492,0.010551851242780685
12.445895691609978,757.9389,0.010266032069921494
12.469115646258503,693.0112,0.010509442538022995
12.49233560090703,671.25323,0.011431561782956123
12.515555555555556,732.8037,0.017197631299495697
12.538775510204083,680.5139,0.030829858034849167
12.561995464852608,657.7715,0.03595869243144989
12.585215419501134,376.88232,0.026374690234661102
12.60843537414966,662.5302,0.01829601265490055
12.631655328798185,700.9173,0.019116133451461792
12.654875283446712,378.83832,0.02378741279244423
12.678095238095239,674.9313,0.026163984090089798
12.701315192743765,673.3227,0.03196748346090317
12.72453514739229,623.11755,0.030539710074663162
12.747755102040816,507.7901,0.019290311262011528
12.770975056689343,660.4136,0.014629463665187359
12.79419501133787,494.35278,0.013617941178381443
12.817414965986394,641.40265,0.01613995060324669
12.84063492063492,646.8073,0.030527926981449127
12.863854875283447,729.6353,0.050173014402389526
12.887074829931972,638.1031,0.0519675612449646
12.910294784580499,508.59082,0.0504855141043663
12.933514739229025,653.3662,0.03949637711048126
12.956734693877552,221.49907,0.0174338910728693
12.979954648526077,699.2981,0.013236144557595253
13.003174603174603,225.08067,0.02135651558637619
13.02639455782313,652.23535,0.0400439128279686
13.049614512471656,211.03497,0.05372243374586105
13.072834467120181,209.7955,0.05249898135662079
13.096054421768708,634.1263,0.04434514790773392
13.119274376417234,647.41656,0.020847145467996597
13.14249433106576,664.4099,0.012010181322693825
13.165714285714285,576.26807,0.011555984616279602
13.188934240362812,687.2226,0.02047719620168209
13.212154195011339,632.8186,0.046651557087898254
13.235374149659863,209.57706,0.05966409295797348
13.25859410430839,208.35358,0.05527929961681366
13.281814058956916,209.85193,0.03618380427360535
13.305034013605443,646.0613,0.01701628789305687
13.328253968253968,510.70938,0.014251502230763435
13.351473922902494,620.6839,0.024712461978197098
13.374693877551021,689.13885,0.0385296456515789
13.397913832199547,671.0233,0.047369394451379776
13.421133786848072,646.05585,0.049127787351608276
13.444353741496599,487.7538,0.04756194353103638
13.467573696145125,207.974,0.047912172973155975
13.490793650793652,1040.0607,0.04511868208646774
13.514013605442177,206.62988,0.044697605073451996
13.537233560090703,207.26338,0.04335635155439377
13.56045351473923,624.635,0.04131302237510681
13.583673469387755,208.45644,0.04181789234280586
13.606893424036281,208.9076,0.04241248965263367
13.630113378684808,622.1071,0.041954636573791504
13.653333333333334,209.36432,0.043042343109846115
13.676553287981859,375.05353,0.04907897487282753
13.699773242630386,206.41417,0.05207740515470505
13.722993197278912,206.16974,0.05383209511637688
13.746213151927439,206.32831,0.05222445726394653
13.769433106575963,209.23187,0.04745402932167053
13.79265306122449,213.81804,0.03655523061752319
13.815873015873017,680.33295,0.03330015391111374
13.839092970521543,497.13086,0.044027455151081085
13.862312925170068,209.8511,0.052653782069683075
13.885532879818594,203.70152,0.0495373010635376
13.908752834467121,623.16583,0.05265504866838455
13.931972789115646,614.6542,0.05263756960630417
13.955192743764172,623.16473,0.05184059590101242
13.978412698412699,646.5212,0.03714384883642197
14.001632653061225,681.8313,0.03772643208503723
14.02485260770975,678.9862,0.05502889305353165
14.048072562358277,985.46094,0.05243600159883499
14.071292517006803,200.62846,0.04721680283546448
14.09451247165533,960.2648,0.05383994057774544
14.117732426303855,203.87097,0.05852077156305313
14.140952380952381,680.0507,0.03850049152970314
14.164172335600908,381.67648,0.021687956526875496
14.187392290249434,794.4108,0.029303086921572685
14.210612244897959,674.44226,0.04667387157678604
14.233832199546486,646.08386,0.04778426140546799
14.257052154195012,378.0158,0.046607114374637604
14.280272108843537,603.0804,0.04429636523127556
14.303492063492063,487.82053,0.046120885759592056
14.32671201814059,640.6257,0.03750929236412048
14.349931972789117,529.2091,0.017232876271009445
14.373151927437641,381.00504,0.013602150604128838
14.396371882086168,689.7101,0.01000523753464222
14.419591836734694,723.5952,0.010817869566380978
14.442811791383221,510.0589,0.011936185881495476
14.466031746031746,762.15857,0.012676623649895191
14.489251700680272,678.29114,0.013455109670758247
14.512471655328799,1015.65155,0.012845487333834171
14.535691609977324,677.86633,0.010915732942521572
14.55891156462585,745.1023,0.01061661820858717
14.582131519274377,752.5045,0.012121503241360188
14.605351473922903,982.286,0.01596866175532341
14.628571428571428,526.8854,0.01598414033651352
14.651791383219955,375.92548,0.016578184440732002
14.675011337868481,643.95123,0.016030898317694664
14.698231292517008,962.76526,0.011419670656323433
14.721451247165533,654.1064,0.010710322298109531
14.744671201814059,841.07654,0.011582759208977222
14.767891156462586,497.1681,0.012326480820775032
14.791111111111112,512.47925,0.01730295643210411
14.814331065759637,539.6531,0.018173158168792725
14.837551020408164,640.2279,0.01876290887594223
14.86077097505669,732.26996,0.015627123415470123
14.883990929705215,723.8523,0.011666912585496902
14.907210884353741,375.10574,0.011462526395916939
14.930430839002268,515.138,0.013534581288695335
14.953650793650795,83.06081,0.01685769483447075
14.97687074829932,520.92236,0.01651758700609207
15.000090702947846,374.4429,0.017398932948708534
15.023310657596372,373.6986,0.018399814143776894
15.046530612244899,743.43646,0.013932297937572002
15.069750566893424,698.55756,0.012686515226960182
15.09297052154195,723.752,0.012743525207042694
15.116190476190477,515.5842,0.01756211370229721
15.139410430839003,476.9228,0.01898571103811264
15.162630385487528,603.5468,0.018616821616888046
15.185850340136055,369.3034,0.01894327439367771
15.209070294784581,764.4282,0.01682041585445404
15.232290249433106,940.14124,0.014369328506290913
15.255510204081633,1020.7337,0.01043922919780016
15.27873015873016,175.05254,0.008312754333019257
15.301950113378686,512.4336,0.006990271620452404
15.32517006802721,624.48535,0.006319030188024044
15.348390022675737,681.652,0.0064073484390974045
15.371609977324264,647.7551,0.006213149521499872
15.39482993197279,677.17413,0.00562592688947916
15.418049886621315,473.17737,0.005368489306420088
15.441269841269841,647.4646,0.005632658489048481
15.464489795918368,632.54285,0.006109127774834633
15.487709750566895,673.76276,0.006193515378981829
15.51092970521542,661.0207,0.005976466927677393
15.534149659863946,666.4488,0.005562197882682085
15.557369614512472,647.13885,0.005717679392546415
15.580589569160997,633.8407,0.0061429995112121105
15.603809523809524,668.64746,0.005880697164684534
15.62702947845805,673.5577,0.006085837725549936
15.650249433106577,221.53734,0.006826438941061497
15.673469387755102,480.07928,0.008236126974225044
15.696689342403628,659.2755,0.007867705076932907
15.719909297052155,665.4502,0.005895901005715132
15.743129251700681,500.72842,0.005828197114169598
15.766349206349206,654.0689,0.006456822622567415
15.789569160997733,380.45175,0.006630659103393555
15.81278911564626,657.728,0.006089044734835625
15.836009070294786,666.3908,0.006279908120632172
15.85922902494331,671.77014,0.008107351139187813
15.882448979591837,159.0939,0.00723301712423563
15.905668934240364,669.5342,0.005361637100577354
15.928888888888888,490.38992,0.0054752761498093605
15.952108843537415,176.95891,0.0055542909540236
15.975328798185942,635.652,0.005653457250446081
15.998548752834468,684.8383,0.00513843260705471
16.021768707482995,672.9146,0.006550556980073452
16.04498866213152,214.6271,0.008475905284285545
16.068208616780044,621.2615,0.008898444473743439
16.091428571428573,159.06947,0.005752716213464737
16.114648526077097,644.0235,0.004551777616143227
16.137868480725626,613.8696,0.00481257401406765
16.16108843537415,547.7859,0.004629972390830517
16.184308390022675,617.92584,0.004220671486109495
16.207528344671204,671.06903,0.005599544383585453
16.23074829931973,213.93832,0.007055478170514107
16.253968253968253,633.77075,0.0057517122477293015
16.27718820861678,383.11566,0.004044031724333763
16.300408163265306,506.15134,0.003449120558798313
16.32362811791383,676.13214,0.0037077527958899736
16.34684807256236,617.0692,0.0032797581516206264
16.370068027210884,646.1714,0.0031943554058670998
16.393287981859412,696.37195,0.0031758216209709644
16.416507936507937,690.94006,0.0024951142258942127
16.439727891156462,625.20917,0.0022539307828992605
16.46294784580499,576.4079,0.00213381415233016
16.486167800453515,634.0839,0.0017061587423086166
16.50938775510204,683.06714,0.001335968030616641
16.532607709750568,494.86847,0.0008700673934072256
16.555827664399093,216.08559,0.0004837023443542421
16.579047619047618,568.5442,0.00044015119783580303
16.602267573696146,528.2812,0.0003393472288735211
16.62548752834467,135.23515,0.00035928611760027707
16.6487074829932,166.79506,0.00031899099121801555
16.671927437641724,484.2162,0.00024332503380719572
16.69514739229025,166.4371,0.0001502505037933588
16.718367346938777,209.17697,7.594085036544129e-05
16.741587301587302,167.99799,3.291856774012558e-05
16.764807256235827,170.6795,1.387574684486026e-05
16.788027210884355,0.0,5.409848199633416e-06
16.81124716553288,0.0,1.8237924450659193e-06
16.834467120181408,0.0,4.579696906148456e-07
16.857687074829933,0.0,1.5502791939070448e-07
16.880907029478458,0.0,7.557991921203211e-08
16.904126984126986,0.0,7.401922630378976e-08
16.92734693877551,0.0,4.808316589333117e-08
16.950566893424035,0.0,5.7139004638884217e-08
16.973786848072564,0.0,6.0075763030909e-08
16.99700680272109,0.0,9.287759894505143e-08
17.020226757369613,0.0,7.227663445519283e-08
17.04344671201814,0.0,7.917242328403518e-08
17.066666666666666,0.0,6.608206604141742e-08
17.089886621315195,0.0,3.5319317248649895e-08
17.11310657596372,0.0,5.145011527929455e-08
17.136326530612244,0.0,5.596302798949182e-08
17.159546485260773,0.0,6.25250322627835e-08
17.182766439909297,0.0,5.449146556202322e-08
17.205986394557822,0.0,5.2069481171201915e-08
17.22920634920635,0.0,3.1756826501805335e-08
17.252426303854875,0.0,6.083610060159117e-08
17.2756462585034,0.0,6.631034921156242e-08
17.29886621315193,0.0,1.20191543828696e-07
17.322086167800453,0.0,6.25923348707147e-08
17.34530612244898,0.0,4.553930921247229e-08
17.368526077097506,0.0,1.248681655852124e-07
17.39174603174603,0.0,1.2587770470418036e-07
17.41496598639456,0.0,1.3166209100745618e-07
17.438185941043084,0.0,1.3778480933979154e-07
17.46140589569161,0.0,7.917697075754404e-08
17.484625850340137,0.0,4.364483174867928e-08
17.507845804988662,0.0,4.319099389249459e-08
