0.0,0.0,1.2265336408745497e-06
0.023219954648526078,0.0,1.2639493434107862e-06
0.046439909297052155,0.0,1.4389361240318976e-06
0.06965986394557823,0.0,1.3916287571191788e-06
0.09287981859410431,0.0,9.275927368435077e-07
0.11609977324263039,0.0,1.3433809726848267e-06
0.13931972789115646,0.0,1.1217953215236776e-06
0.16253968253968254,0.0,1.5321438695536926e-06
0.18575963718820862,0.0,9.494660844211467e-07
0.2089795918367347,0.0,2.576789484010078e-06
0.23219954648526078,0.0,5.9020549088018015e-06
0.25541950113378686,0.0,4.718658601632342e-07
0.2786394557823129,0.0,2.6032103050965816e-07
0.301859410430839,0.0,4.7222602006513625e-07
0.3250793650793651,0.0,2.3761731426930055e-07
0.3482993197278912,0.0,1.8033733795164153e-07
0.37151927437641724,552.6597,1.0336644663766492e-05
0.3947392290249433,192.57297,9.28543449845165e-05
0.4179591836734694,159.40176,0.00013699577539227903
0.44117913832199546,163.07495,0.00015738996444270015
0.46439909297052157,170.5919,0.000159398652613163
0.4876190476190476,158.78773,9.810007031774148e-05
0.5108390022675737,582.2236,8.600365254096687e-05
0.5340589569160998,183.44244,0.00013211843906901777
0.5572789115646258,178.36382,0.00019235907529946417
0.5804988662131519,528.269,0.0002375972253503278
0.603718820861678,587.5733,0.00030390743631869555
0.626938775510204,524.4856,0.0004039165214635432
0.6501587301587302,181.14485,0.0005201611202210188
0.6733786848072563,149.22284,0.0006345859728753567
0.6965986394557824,183.17548,0.0008986185421235859
0.7198185941043084,545.77655,0.0012519634328782558
0.7430385487528345,531.51373,0.0019881981424987316
0.7662585034013606,537.25244,0.0025127441622316837
0.7894784580498866,514.6881,0.003114371094852686
0.8126984126984127,540.7244,0.0027037314139306545
0.8359183673469388,186.83566,0.0008939679246395826
0.8591383219954649,187.48782,0.0008461480611003935
0.8823582766439909,221.99507,0.0017169963102787733
0.905578231292517,229.88715,0.0022930826526135206
0.9287981859410431,233.35677,0.002021635416895151
0.9520181405895691,677.01355,0.0022558667697012424
0.9752380952380952,227.52657,0.0020988553296774626
0.9984580498866213,266.7952,0.002087157219648361
1.0216780045351475,226.83615,0.002753657288849354
1.0448979591836736,224.94188,0.003536636009812355
1.0681179138321997,224.0116,0.005565788596868515
1.0913378684807256,223.96068,0.0069873458705842495
1.1145578231292517,223.88812,0.010005034506320953
1.1377777777777778,540.2747,0.013819724321365356
1.1609977324263039,516.29846,0.017832696437835693
1.18421768707483,226.2178,0.021573349833488464
1.207437641723356,229.80832,0.02420741319656372
1.2306575963718822,531.7918,0.020953897386789322
1.253877551020408,232.7127,0.006698000244796276
1.2770975056689342,229.21483,0.0028630082961171865
1.3003174603174603,246.90288,0.0029937848448753357
1.3235374149659864,266.74652,0.0024025063030421734
1.3467573696145125,546.04504,0.001531059737317264
1.3699773242630386,553.4282,0.0012974096462130547
1.3931972789115648,317.64438,0.001630673767067492
1.4164172335600906,514.941,0.001720105647109449
1.4396371882086167,758.5924,0.0021088612265884876
1.4628571428571429,699.6894,0.0027423175051808357
1.486077097505669,265.7064,0.004021662287414074
1.509297052154195,270.04813,0.005356204695999622
1.5325170068027212,559.3082,0.007760118693113327
1.5557369614512473,502.4694,0.008598947897553444
1.5789569160997732,711.31415,0.00836605578660965
1.6021768707482993,713.9018,0.006504840217530727
1.6253968253968254,720.03864,0.008874412626028061
1.6486167800453515,156.51161,0.014202592894434929
1.6718367346938776,494.26532,0.01691718026995659
1.6950566893424037,502.9235,0.016968846321105957
1.7182766439909298,1124.3119,0.01163673959672451
1.7414965986394557,496.98007,0.011723821982741356
1.7647165532879818,731.2806,0.008699807338416576
1.787936507936508,279.2072,0.002909936010837555
1.811156462585034,552.7317,0.0016814812552183867
1.8343764172335602,535.6793,0.0010753313545137644
1.8575963718820863,598.11084,0.0019049965776503086
1.8808163265306124,566.2303,0.002124444115906954
1.9040362811791383,318.78372,0.0018670803401619196
1.9272562358276644,1115.0626,0.0016144815599545836
1.9504761904761905,1152.2554,0.0011775692692026496
1.9736961451247166,740.9123,0.0014358515618368983
1.9969160997732427,126.574005,0.0020089023746550083
2.020136054421769,588.8252,0.0036548839416354895
2.043356009070295,753.1673,0.005745694972574711
2.066575963718821,685.854,0.00892910361289978
2.089795918367347,211.38306,0.012298226356506348
2.1130158730158732,1369.6022,0.01619730144739151
2.1362358276643993,1390.9283,0.02208724431693554
2.159455782312925,163.386,0.03296784684062004
2.182675736961451,2210.9111,0.041005343198776245
2.2058956916099772,200.75465,0.03886222839355469
2.2291156462585033,220.71384,0.013661310076713562
2.2523356009070294,500.89487,0.006786414887756109
2.2755555555555556,748.455,0.0038212276995182037
2.2987755102040817,716.9443,0.002840189728885889
2.3219954648526078,700.26575,0.0026861997321248055
2.345215419501134,731.1444,0.0026158448308706284
2.36843537414966,486.68948,0.0030256006866693497
2.391655328798186,656.94275,0.003518552053719759
2.414875283446712,612.3199,0.004039172548800707
2.4380952380952383,505.44272,0.005292036570608616
2.4613151927437644,509.1398,0.005836733616888523
2.48453514739229,504.08307,0.006168341729789972
2.507755102040816,500.97888,0.006324614863842726
2.5309750566893423,516.507,0.00676993653178215
2.5541950113378684,526.586,0.007549462374299765
2.5774149659863945,501.19107,0.008030121214687824
2.6006349206349206,729.48,0.008952160365879536
2.6238548752834467,503.97916,0.009913980960845947
2.647074829931973,510.53482,0.00821229349821806
2.670294784580499,231.03961,0.01283406000584364
2.693514739229025,225.14467,0.008666989393532276
2.716734693877551,222.75992,0.008428657427430153
2.7399546485260773,495.76077,0.007724324241280556
2.7631746031746034,492.40366,0.008184105157852173
2.7863945578231295,219.81966,0.009238792583346367
2.809614512471655,219.5081,0.009906084276735783
2.8328344671201813,513.40466,0.010053600184619427
2.8560544217687074,653.7585,0.009202780202031136
2.8792743764172335,696.7358,0.009359078481793404
2.9024943310657596,641.80054,0.011077727191150188
2.9257142857142857,510.3218,0.01617182232439518
2.948934240362812,227.89024,0.017437193542718887
2.972154195011338,227.92567,0.013911508023738861
2.995374149659864,485.02963,0.008319064974784851
3.01859410430839,721.3443,0.0062972367741167545
3.0418140589569163,234.55846,0.014518525451421738
3.0650340136054424,680.0853,0.014547852799296379
3.0882539682539685,219.54878,0.015357088297605515
3.1114739229024946,652.6254,0.011084683239459991
3.1346938775510207,568.5044,0.006253653205931187
3.1579138321995464,517.579,0.0054698605090379715
3.1811337868480725,142.08362,0.006880380213260651
3.2043537414965986,216.31473,0.005032951943576336
3.2275736961451247,566.64777,0.002812483813613653
3.250793650793651,553.3758,0.0017612710362300277
3.274013605442177,547.7671,0.00197642482817173
3.297233560090703,557.03723,0.0022061108611524105
3.320453514739229,558.645,0.0023051416501402855
3.3436734693877552,559.98706,0.0020723724737763405
3.3668934240362813,553.87177,0.002161860466003418
3.3901133786848074,540.1027,0.0023747296072542667
3.4133333333333336,547.76526,0.002309012459591031
3.4365532879818597,520.00464,0.0024050623178482056
3.4597732426303858,235.74426,0.002667467575520277
3.4829931972789114,594.2538,0.0029835777822881937
3.5062131519274375,519.8955,0.0031764975283294916
3.5294331065759637,511.55188,0.0033576185815036297
3.5526530612244898,523.62646,0.0034593180753290653
3.575873015873016,541.3952,0.003644986543804407
3.599092970521542,533.8143,0.0038582999259233475
3.622312925170068,535.47406,0.003968649543821812
3.645532879818594,537.8694,0.004024396650493145
3.6687528344671203,531.897,0.004005852621048689
3.6919727891156464,533.61163,0.004076406825333834
3.7151927437641725,535.536,0.0043021999299526215
3.7384126984126986,535.1225,0.004325097426772118
3.7616326530612247,530.8646,0.004326770082116127
3.784852607709751,536.46924,0.004300563130527735
3.8080725623582765,534.4271,0.00430880393832922
3.8312925170068026,533.94104,0.004367620684206486
3.8545124716553287,532.0653,0.00431453064084053
3.877732426303855,533.4271,0.004380859434604645
3.900952380952381,535.17145,0.004405446350574493
3.924172335600907,539.95135,0.004410447087138891
3.947392290249433,534.107,0.004400976933538914
3.9706122448979593,535.40814,0.004459646996110678
3.9938321995464854,538.2177,0.004515213426202536
4.017052154195011,530.11774,0.004525127820670605
4.040272108843538,532.1421,0.004549008794128895
4.063492063492063,539.1736,0.004522308707237244
4.08671201814059,532.5553,0.004362893756479025
4.1099319727891155,536.16034,0.004264683462679386
4.133151927437642,535.9173,0.0041380166076123714
4.156371882086168,532.4308,0.004070598632097244
4.179591836734694,530.2732,0.00411382969468832
4.20281179138322,499.19482,0.003931839484721422
4.2260317460317465,531.58624,0.0037830942310392857
4.249251700680272,526.1185,0.0037439153529703617
4.272471655328799,531.16205,0.003643025178462267
4.295691609977324,536.85706,0.0036014793440699577
4.31891156462585,531.7472,0.0037433751858770847
4.342131519274377,539.06177,0.003849347122013569
4.365351473922902,541.67896,0.004825462121516466
4.388571428571429,553.36395,0.00490102032199502
4.4117913832199545,551.3075,0.003724453505128622
4.435011337868481,538.91113,0.002529110526666045
4.458231292517007,542.19354,0.0026737134903669357
4.481451247165533,532.6057,0.0031950119882822037
4.504671201814059,538.84357,0.0033626798540353775
4.527891156462585,544.856,0.0035211308859288692
4.551111111111111,542.548,0.0029922816902399063
4.574331065759638,531.753,0.002286038361489773
4.597551020408163,581.315,0.0022254418581724167
4.62077097505669,524.7912,0.0026235776022076607
4.6439909297052155,527.9322,0.0028709396719932556
4.667210884353741,539.3268,0.0030193317215889692
4.690430839002268,553.1778,0.002666618674993515
4.713650793650793,551.68335,0.0022054314613342285
4.73687074829932,529.34863,0.0016054522711783648
4.760090702947846,560.9007,0.0018404050497338176
4.783310657596372,537.23627,0.0016841484466567636
4.806530612244898,542.0183,0.001107463613152504
4.829750566893424,183.82938,0.0008194902911782265
4.85297052154195,528.95197,0.0003819939447566867
4.876190476190477,178.46568,0.00011976074893027544
4.899410430839002,189.39127,5.5209002312039956e-05
4.922630385487529,188.53773,2.9792521672789007e-05
4.9458503401360545,189.61711,1.013476139632985e-05
4.96907029478458,0.0,8.198785508284345e-07
4.992290249433107,0.0,8.368215276277624e-07
5.015510204081632,0.0,3.938484951504506e-07
5.038730158730159,0.0,6.014206519466825e-07
5.061950113378685,0.0,2.5073313736356795e-07
5.085170068027211,0.0,1.9019444152945653e-07
5.108390022675737,0.0,1.22987330541946e-07
5.131609977324263,0.0,1.3941371435066685e-07
5.154829931972789,0.0,1.9947037799283862e-07
5.178049886621316,0.0,1.9381604943191633e-07
5.201269841269841,0.0,1.0021358320955187e-07
5.224489795918368,0.0,1.6348622011719272e-07
5.2477097505668935,0.0,1.4149100024951622e-07
5.27092970521542,0.0,1.0472740541445091e-07
