0.0,0.0,5.3485564421862364e-08
0.023219954648526078,0.0,7.873768481658772e-08
0.046439909297052155,0.0,4.0949998947326094e-08
0.06965986394557823,0.0,7.080507202772424e-08
0.09287981859410431,0.0,3.358400135766715e-08
0.11609977324263039,0.0,7.159542292356491e-08
0.13931972789115646,0.0,6.406935426639393e-08
0.16253968253968254,0.0,5.4727934184484184e-08
0.18575963718820862,0.0,8.484857971780002e-08
0.2089795918367347,0.0,2.6321686164010316e-08
0.23219954648526078,0.0,4.532557795755565e-08
0.25541950113378686,0.0,1.1217071005376056e-07
0.2786394557823129,0.0,5.7824763644021004e-08
0.301859410430839,0.0,9.452031008549966e-06
0.3250793650793651,761.5482,4.39592549810186e-05
0.3482993197278912,790.686,4.161440665484406e-05
0.37151927437641724,724.491,7.639756222488359e-05
0.3947392290249433,779.3093,9.530599345453084e-05
0.4179591836734694,791.61993,0.00014374151942320168
0.44117913832199546,748.0491,0.00015492146485485137
0.46439909297052157,741.52,0.00013020122423768044
0.4876190476190476,801.58295,9.554276039125398e-05
0.5108390022675737,772.7086,7.388833910226822e-05
0.5340589569160998,756.30475,0.00010253191430820152
0.5572789115646258,735.0013,0.00013802033208776265
0.5804988662131519,756.03265,0.00012062223686370999
0.603718820861678,737.5973,0.00013641288387589157
0.626938775510204,748.32837,0.00012471142690628767
0.6501587301587302,749.75226,0.00011926064325962216
0.6733786848072563,780.94055,0.00013256960664875805
0.6965986394557824,818.0047,0.00012800336116924882
0.7198185941043084,767.33923,0.00012122036423534155
0.7430385487528345,769.9494,0.00014595886750612408
0.7662585034013606,747.0635,0.00015645688108634204
0.7894784580498866,788.8411,0.00016358903667423874
0.8126984126984127,787.6279,0.00016592012252658606
0.8359183673469388,799.2964,0.0001493695890530944
0.8591383219954649,754.96387,0.0001433960860595107
0.8823582766439909,786.9729,0.00013880140613764524
0.905578231292517,786.82513,0.00012121851614210755
0.9287981859410431,792.60315,9.997350571211427e-05
0.9520181405895691,790.0136,0.0001681296998867765
0.9752380952380952,801.32495,0.0002781504881568253
0.9984580498866213,698.6399,0.0003627867845352739
1.0216780045351475,799.23456,0.0003275652998127043
1.0448979591836736,752.89246,0.0004465049714781344
1.0681179138321997,768.6724,0.00048641912871971726
1.0913378684807256,782.1225,0.0007285960018634796
1.1145578231292517,862.58234,0.0005626316415145993
1.1377777777777778,807.35956,0.0007261083228513598
1.1609977324263039,797.6429,0.0006032094825059175
1.18421768707483,840.33044,0.0007994903717190027
1.207437641723356,796.62695,0.0006161886849440634
1.2306575963718822,209.35551,0.0007355405832640827
1.253877551020408,757.8084,0.0005615285481326282
1.2770975056689342,749.07825,0.0005989138735458255
1.3003174603174603,822.06494,0.0006616440950892866
1.3235374149659864,725.8379,0.000658054428640753
1.3467573696145125,865.5898,0.0006796759553253651
1.3699773242630386,718.6314,0.0006395719829015434
1.3931972789115648,882.9169,0.0006499760784208775
1.4164172335600906,762.5361,0.0005164736649021506
1.4396371882086167,739.2468,0.0005943527212366462
1.4628571428571429,109.171906,0.0005511519266292453
1.486077097505669,744.49695,0.0005795188480988145
1.509297052154195,733.521,0.0007125526899471879
1.5325170068027212,917.1617,0.0006826980970799923
1.5557369614512473,725.3147,0.0005739709595218301
1.5789569160997732,794.8924,0.0004388286033645272
1.6021768707482993,779.49365,0.000825827824883163
1.6253968253968254,800.56915,0.0009670787258073688
1.6486167800453515,779.8792,0.001200099941343069
1.6718367346938776,777.4933,0.0014531295746564865
1.6950566893424037,214.55342,0.0012848456390202045
1.7182766439909298,795.2169,0.0008840311784297228
1.7414965986394557,790.0481,0.0008634240366518497
1.7647165532879818,815.83734,0.0008532696519978344
1.787936507936508,788.95984,0.0012872718507423997
1.811156462585034,218.28638,0.00162231782451272
1.8343764172335602,788.0487,0.0015009483322501183
1.8575963718820863,740.02094,0.0011634271359071136
1.8808163265306124,806.1708,0.0008437383803538978
1.9040362811791383,756.4435,0.0008893117774277925
1.9272562358276644,788.7731,0.0010656320955604315
1.9504761904761905,798.27893,0.0011590237263590097
1.9736961451247166,815.4635,0.0012260419316589832
1.9969160997732427,841.61743,0.001252920483238995
2.020136054421769,780.90424,0.0010910960845649242
2.043356009070295,788.8058,0.0010855464497581124
2.066575963718821,789.1863,0.0010047804098576307
2.089795918367347,812.9275,0.0012275350745767355
2.1130158730158732,221.74701,0.0016187600558623672
2.1362358276643993,804.1714,0.0017175269313156605
2.159455782312925,713.7632,0.0016184045234695077
2.182675736961451,223.12448,0.001363796298392117
2.2058956916099772,215.57393,0.001284601865336299
2.2291156462585033,878.368,0.0017375132301822305
2.2523356009070294,765.6483,0.0014362814836204052
2.2755555555555556,794.19556,0.0018072355305776
2.2987755102040817,776.4158,0.0030811671167612076
2.3219954648526078,758.4125,0.0022900477051734924
2.345215419501134,775.9119,0.0021328581497073174
2.36843537414966,801.34656,0.0024220524355769157
2.391655328798186,772.3644,0.002422860823571682
2.414875283446712,761.30426,0.002740207128226757
2.4380952380952383,805.84656,0.0031821969896554947
2.4613151927437644,811.8256,0.003130584489554167
2.48453514739229,758.1406,0.00297101610340178
2.507755102040816,795.87103,0.003349829465150833
2.5309750566893423,810.4552,0.003197455545887351
2.5541950113378684,818.26953,0.003189261071383953
2.5774149659863945,857.5749,0.0031089973635971546
2.6006349206349206,818.9379,0.002422784920781851
2.6238548752834467,815.66516,0.0030350342858582735
2.647074829931973,801.93097,0.003548368811607361
2.670294784580499,808.1379,0.0035359119065105915
2.693514739229025,838.1497,0.0039923107251524925
2.716734693877551,785.19696,0.0040066116489470005
2.7399546485260773,783.1121,0.003047933802008629
2.7631746031746034,815.92084,0.002680735196918249
2.7863945578231295,813.6596,0.0026166168972849846
2.809614512471655,811.6471,0.003281415905803442
2.8328344671201813,795.5944,0.0047640069387853146
2.8560544217687074,799.19836,0.004876198247075081
2.8792743764172335,765.6828,0.003627134021371603
2.9024943310657596,799.26166,0.004240581765770912
2.9257142857142857,783.98596,0.0037309445906430483
2.948934240362812,773.6933,0.0030675665475428104
2.972154195011338,813.08594,0.0035956152714788914
2.995374149659864,828.44403,0.004278757609426975
3.01859410430839,824.90515,0.0031784377060830593
3.0418140589569163,848.33514,0.0026373909786343575
3.0650340136054424,739.5364,0.0019322726875543594
3.0882539682539685,780.99567,0.001357984496280551
3.1114739229024946,213.5949,0.0014092843048274517
3.1346938775510207,834.292,0.0014964319998398423
3.1579138321995464,767.4561,0.0018742658430710435
3.1811337868480725,879.03735,0.002168598584830761
3.2043537414965986,792.219,0.002044053515419364
3.2275736961451247,802.7187,0.001965006347745657
3.250793650793651,213.17628,0.001943784300237894
3.274013605442177,848.875,0.001793776173144579
3.297233560090703,749.8148,0.0013618671800941229
3.320453514739229,697.8598,0.0011419313959777355
3.3436734693877552,966.0261,0.0017735227011144161
3.3668934240362813,880.65875,0.002072474919259548
3.3901133786848074,748.2429,0.001868278719484806
3.4133333333333336,217.29192,0.0017877287464216352
3.4365532879818597,882.96924,0.0013563487445935607
3.4597732426303858,716.7147,0.000870048999786377
3.4829931972789114,800.25366,0.0010731164366006851
3.5062131519274375,828.2633,0.0015595389995723963
3.5294331065759637,850.0399,0.0018204899970442057
3.5526530612244898,202.67467,0.0014670335222035646
3.575873015873016,863.25574,0.000811146863270551
3.599092970521542,879.78326,0.00110565684735775
3.622312925170068,764.2295,0.0008948598988354206
3.645532879818594,783.764,0.0008028390584513545
3.6687528344671203,694.8903,0.0007875367300584912
3.6919727891156464,758.31744,0.0006752117769792676
3.7151927437641725,640.2552,0.0008976931567303836
3.7384126984126986,874.478,0.001012044376693666
3.7616326530612247,919.8772,0.0009881907608360052
3.784852607709751,736.6256,0.001045821001753211
3.8080725623582765,755.99677,0.0009034493705257773
3.8312925170068026,710.56274,0.001047453610226512
3.8545124716553287,694.29553,0.000786646269261837
3.877732426303855,565.9714,0.0009103615302592516
3.900952380952381,739.99677,0.001026694430038333
3.924172335600907,698.67346,0.001032502856105566
3.947392290249433,634.685,0.0011843652464449406
3.9706122448979593,899.47516,0.0010900176130235195
3.9938321995464854,896.2136,0.0010894302977249026
4.017052154195011,753.5705,0.0006545130163431168
4.040272108843538,849.9245,0.0007063689408823848
4.063492063492063,919.9109,0.0006986092776060104
4.08671201814059,812.9226,0.0007732829544693232
4.1099319727891155,708.05414,0.0013643053825944662
4.133151927437642,214.06964,0.0007115318439900875
4.156371882086168,788.55164,0.0006029497017152607
4.179591836734694,753.38226,0.0006714866030961275
4.20281179138322,750.79443,0.00045118946582078934
4.2260317460317465,781.6806,0.00037070331745781004
4.249251700680272,775.1426,0.0003259911318309605
4.272471655328799,769.68146,0.00021988205844536424
4.295691609977324,758.6062,0.00022758344130124897
4.31891156462585,812.0539,0.00021487372578121722
4.342131519274377,783.46124,0.000259467342402786
4.365351473922902,787.4903,0.00028436502907425165
4.388571428571429,791.5062,0.00030273673473857343
4.4117913832199545,795.9953,0.0002833998005371541
4.435011337868481,835.2905,0.00027820345712825656
4.458231292517007,799.3182,0.0002752520958893001
4.481451247165533,753.72876,0.0002683310303837061
4.504671201814059,760.0507,0.00027161938487552106
4.527891156462585,777.0827,0.00026159262051805854
4.551111111111111,788.963,0.00029060241649858654
4.574331065759638,776.60925,0.0002817913191393018
4.597551020408163,780.5507,0.00033113081008195877
4.62077097505669,805.677,0.00028908817330375314
4.6439909297052155,809.8009,0.000257187697570771
4.667210884353741,837.3888,0.0002706061932258308
4.690430839002268,813.415,0.0002698172756936401
4.713650793650793,796.448,0.0002873208140954375
4.73687074829932,794.33777,0.00028824276523664594
4.760090702947846,784.49,0.0002680267207324505
4.783310657596372,740.98096,0.0002955420350190252
4.806530612244898,783.7038,0.00027965527260676026
4.829750566893424,784.4536,0.0002647768706083298
4.85297052154195,856.6281,0.00027987221255898476
4.876190476190477,839.7196,0.0002786029945127666
4.899410430839002,827.783,0.00030922977020964026
4.922630385487529,794.0426,0.000330171431414783
4.9458503401360545,825.311,0.00029296078719198704
4.96907029478458,849.2223,0.00028371866210363805
4.992290249433107,786.1342,0.0002647172659635544
5.015510204081632,777.77856,0.00026842427905648947
5.038730158730159,782.76184,0.0002746833779383451
5.061950113378685,780.5239,0.0002701341873034835
5.085170068027211,816.4891,0.0002737173927016556
5.108390022675737,797.51874,0.0002610990486573428
5.131609977324263,830.4682,0.00026759994216263294
5.154829931972789,757.9326,0.0002742429496720433
5.178049886621316,840.02325,0.0002557740663178265
5.201269841269841,807.03766,0.000244969705818221
5.224489795918368,793.6409,0.0002598884457256645
5.2477097505668935,761.96075,0.0002494222717359662
5.27092970521542,763.1698,0.00015863766020629555
5.294149659863946,828.49115,7.341743184952065e-05
5.317369614512471,0.0,7.023723810561933e-06
5.340589569160998,0.0,1.2921364032081328e-06
5.363809523809524,0.0,3.9963470044313e-07
5.38702947845805,0.0,1.1255997378611937e-07
5.410249433106576,0.0,8.411916496697813e-08
5.433469387755102,0.0,1.524040271760896e-08
5.456689342403628,0.0,5.661786417476833e-08
5.479909297052155,0.0,6.975642463658005e-08
5.50312925170068,0.0,5.8555087889544666e-08
