0.0,0.0,1.1575029930099845e-06
0.023219954648526078,0.0,4.6449258661596105e-07
0.046439909297052155,0.0,3.948835001210682e-07
0.06965986394557823,0.0,3.7633435567840934e-07
0.09287981859410431,0.0,5.631700332742184e-07
0.11609977324263039,0.0,5.554420567932539e-07
0.13931972789115646,0.0,5.340889401850291e-07
0.16253968253968254,0.0,7.433891369146295e-07
0.18575963718820862,0.0,1.2186683306936175e-07
0.2089795918367347,0.0,3.0613427952630445e-06
0.23219954648526078,356.69418,0.00018258628551848233
0.25541950113378686,248.16425,0.0005687607917934656
0.2786394557823129,696.42,0.0005922777345404029
0.301859410430839,689.69415,0.0008387665147893131
0.3250793650793651,687.78143,0.0009455536492168903
0.3482993197278912,694.7457,0.0008708792738616467
0.37151927437641724,258.57666,0.0008887480944395065
0.3947392290249433,661.2376,0.0009705648990347981
0.4179591836734694,698.8415,0.001187387271784246
0.44117913832199546,690.4042,0.0015659031923860312
0.46439909297052157,658.6615,0.002147597260773182
0.4876190476190476,639.63727,0.002634597010910511
0.5108390022675737,699.0949,0.0031643942929804325
0.5340589569160998,679.46173,0.00486532598733902
0.5572789115646258,68.65453,0.008286151103675365
0.5804988662131519,721.2666,0.008850863203406334
0.603718820861678,687.9761,0.006362671032547951
0.626938775510204,692.8193,0.003696420229971409
0.6501587301587302,678.0852,0.0043317093513906
0.6733786848072563,638.9529,0.004893655423074961
0.6965986394557824,681.4388,0.0045774513855576515
0.7198185941043084,712.51917,0.0054739248007535934
0.7430385487528345,130.90536,0.006947589106857777
0.7662585034013606,680.4283,0.006265102885663509
0.7894784580498866,707.99664,0.004515566863119602
0.8126984126984127,651.21204,0.004365882836282253
0.8359183673469388,235.64705,0.0055788373574614525
0.8591383219954649,118.00057,0.004946566186845303
0.8823582766439909,686.23987,0.004636802710592747
0.905578231292517,709.80835,0.00546460784971714
0.9287981859410431,678.2652,0.004828706383705139
0.9520181405895691,68.75554,0.00461350055411458
0.9752380952380952,342.6404,0.0055475966073572636
0.9984580498866213,656.29803,0.005099167115986347
1.0216780045351475,132.364,0.004507666453719139
1.0448979591836736,666.7694,0.007006707601249218
1.0681179138321997,276.82867,0.004902660846710205
1.0913378684807256,673.34143,0.0053546070121228695
1.1145578231292517,651.78406,0.007087106816470623
1.1377777777777778,712.36786,0.005172996316105127
1.1609977324263039,661.2003,0.0037952400743961334
1.18421768707483,721.0772,0.0055904388427734375
1.207437641723356,735.39056,0.0032524592243134975
1.2306575963718822,696.38586,0.0030877399258315563
1.253877551020408,269.6169,0.002455916255712509
1.2770975056689342,87.32402,0.0014265563804656267
1.3003174603174603,786.1382,0.0018043160671368241
1.3235374149659864,308.7515,0.002426078077405691
1.3467573696145125,321.08902,0.00265504140406847
1.3699773242630386,790.8109,0.002883981680497527
1.3931972789115648,427.35312,0.0030389472376555204
1.4164172335600906,853.24634,0.0038785720244050026
1.4396371882086167,433.45932,0.005588768050074577
1.4628571428571429,839.77234,0.0067524597980082035
1.486077097505669,874.6381,0.008113621734082699
1.509297052154195,129.8553,0.009679722599685192
1.5325170068027212,843.81903,0.009226510301232338
1.5557369614512473,809.8996,0.00945635512471199
1.5789569160997732,428.68802,0.012187214568257332
1.6021768707482993,875.3318,0.015419865027070045
1.6253968253968254,868.97614,0.020341986790299416
1.6486167800453515,308.4872,0.028350550681352615
1.6718367346938776,890.6406,0.032429419457912445
1.6950566893424037,863.8334,0.030240118503570557
1.7182766439909298,876.9103,0.02334224060177803
1.7414965986394557,306.554,0.01939440332353115
1.7647165532879818,836.20245,0.020002365112304688
1.787936507936508,383.63696,0.020875606685876846
1.811156462585034,881.13763,0.022600354626774788
1.8343764172335602,547.7729,0.026169486343860626
1.8575963718820863,861.3164,0.028430894017219543
1.8808163265306124,301.8377,0.025936193764209747
1.9040362811791383,303.4662,0.018932335078716278
1.9272562358276644,721.0562,0.01793808490037918
1.9504761904761905,851.3875,0.016472753137350082
1.9736961451247166,863.8203,0.015789661556482315
1.9969160997732427,825.75836,0.016400624066591263
2.020136054421769,886.63763,0.020062342286109924
2.043356009070295,306.3244,0.02578936330974102
2.066575963718821,722.2297,0.030803080648183823
2.089795918367347,899.2146,0.027049977332353592
2.1130158730158732,895.9985,0.01576729491353035
2.1362358276643993,870.4995,0.014145556837320328
2.159455782312925,868.8859,0.008799063041806221
2.182675736961451,910.6291,0.005025920458137989
2.2058956916099772,1016.6509,0.008022284135222435
2.2291156462585033,1037.1602,0.006496953312307596
2.2523356009070294,999.2622,0.007741656620055437
2.2755555555555556,972.8749,0.010581542737782001
2.2987755102040817,1025.8901,0.014151036739349365
2.3219954648526078,1019.56714,0.015259836800396442
2.345215419501134,347.22458,0.014936650171875954
2.36843537414966,992.25287,0.014761620201170444
2.391655328798186,1008.9446,0.021432049572467804
2.414875283446712,991.6651,0.024646025151014328
2.4380952380952383,1025.2456,0.0236550010740757
2.4613151927437644,932.2797,0.02691533789038658
2.48453514739229,1035.422,0.03366062417626381
2.507755102040816,941.7233,0.03756805509328842
2.5309750566893423,352.36774,0.02796357497572899
2.5541950113378684,343.84332,0.017870379611849785
2.5774149659863945,1009.1079,0.017551224678754807
2.6006349206349206,1005.76794,0.03179983049631119
2.6238548752834467,1030.8627,0.03351597860455513
2.647074829931973,1035.1433,0.025280311703681946
2.670294784580499,1033.6947,0.022829920053482056
2.693514739229025,362.8272,0.03309737890958786
2.716734693877551,348.6453,0.029924973845481873
2.7399546485260773,1015.7297,0.02007504552602768
2.7631746031746034,358.3589,0.014747893437743187
2.7863945578231295,1010.3226,0.022292502224445343
2.809614512471655,46.95177,0.025149965658783913
2.8328344671201813,995.91266,0.02574973925948143
2.8560544217687074,1057.717,0.03348347544670105
2.8792743764172335,994.54175,0.042259685695171356
2.9024943310657596,349.10565,0.029055658727884293
2.9257142857142857,1011.6819,0.02054854854941368
2.948934240362812,354.212,0.01999744027853012
2.972154195011338,1003.87085,0.03249398618936539
2.995374149659864,1045.6243,0.04515187814831734
3.01859410430839,1004.21344,0.0522763729095459
3.0418140589569163,1057.0498,0.05170862749218941
3.0650340136054424,354.51324,0.02980317920446396
3.0882539682539685,992.61926,0.017901036888360977
3.1114739229024946,989.5458,0.03141649439930916
3.1346938775510207,1048.8024,0.04898616299033165
3.1579138321995464,372.94046,0.04610332101583481
3.1811337868480725,390.03073,0.058496154844760895
3.2043537414965986,1020.4031,0.04175888001918793
3.2275736961451247,947.11053,0.012495766393840313
3.250793650793651,414.02798,0.007411213591694832
3.274013605442177,648.8751,0.006845921743661165
3.297233560090703,146.17197,0.00922427512705326
3.320453514739229,673.45044,0.007535222917795181
3.3436734693877552,673.8337,0.006191164720803499
3.3668934240362813,672.17645,0.005074935033917427
3.3901133786848074,674.7803,0.004330188035964966
3.4133333333333336,684.2262,0.00342115992680192
3.4365532879818597,476.28955,0.0033815018832683563
3.4597732426303858,912.5279,0.004304306581616402
3.4829931972789114,681.3811,0.00529388478025794
3.5062131519274375,1310.6715,0.007682410534471273
3.5294331065759637,1079.5826,0.010167337954044342
3.5526530612244898,262.34494,0.00931935478001833
3.575873015873016,708.18207,0.005964722950011492
3.599092970521542,1229.6636,0.005182795226573944
3.622312925170068,701.7226,0.005661601200699806
3.645532879818594,701.48376,0.00768258748576045
3.6687528344671203,707.63684,0.008796236477792263
3.6919727891156464,706.10547,0.009045365266501904
3.7151927437641725,701.92725,0.009298218414187431
3.7384126984126986,479.5489,0.017842929810285568
3.7616326530612247,1308.3208,0.023341722786426544
3.784852607709751,682.6364,0.020447559654712677
3.8080725623582765,1361.7042,0.01628326065838337
3.8312925170068026,1358.6515,0.011522024869918823
3.8545124716553287,702.1738,0.008601309731602669
3.877732426303855,207.59216,0.010347338393330574
3.900952380952381,1054.5648,0.012683427892625332
3.924172335600907,707.6074,0.015478022396564484
3.947392290249433,939.86456,0.013642414472997189
3.9706122448979593,27.325752,0.011240281164646149
3.9938321995464854,698.685,0.01151096448302269
4.017052154195011,476.45386,0.015656959265470505
4.040272108843538,1235.3718,0.01739988476037979
4.063492063492063,467.09814,0.02022843062877655
4.08671201814059,697.71027,0.016447173431515694
4.1099319727891155,153.6588,0.0141588244587183
4.133151927437642,261.79266,0.020116321742534637
4.156371882086168,704.607,0.01754016987979412
4.179591836734694,104.27741,0.01632252335548401
4.20281179138322,470.8236,0.031163301318883896
4.2260317460317465,461.0016,0.03645359352231026
4.249251700680272,1372.5347,0.03138451278209686
4.272471655328799,1344.6653,0.025538431480526924
4.295691609977324,271.88458,0.0151996910572052
4.31891156462585,74.75076,0.017086852341890335
4.342131519274377,807.9735,0.015371417626738548
4.365351473922902,1362.3208,0.02902945503592491
4.388571428571429,1290.6537,0.03219117969274521
4.4117913832199545,250.79651,0.025758344680070877
4.435011337868481,1391.9224,0.02177051268517971
4.458231292517007,269.1296,0.019779270514845848
4.481451247165533,681.9702,0.02642488107085228
4.504671201814059,1276.8877,0.026222407817840576
4.527891156462585,1216.5205,0.032377637922763824
4.551111111111111,1152.7657,0.06090027466416359
4.574331065759638,1112.8289,0.02443959191441536
4.597551020408163,373.88333,0.010984357446432114
4.62077097505669,372.6504,0.01814141497015953
4.6439909297052155,891.8025,0.0086981151252985
4.667210884353741,859.22766,0.006788893602788448
4.690430839002268,374.19107,0.008868061006069183
4.713650793650793,818.51575,0.009570309892296791
4.73687074829932,530.8351,0.009735440835356712
4.760090702947846,1056.6156,0.010612443089485168
4.783310657596372,807.16724,0.01125437580049038
4.806530612244898,528.37463,0.010888872668147087
4.829750566893424,870.7805,0.008574293926358223
4.85297052154195,1021.5808,0.007297729142010212
4.876190476190477,387.2464,0.007686039432883263
4.899410430839002,521.5833,0.007889878004789352
4.922630385487529,945.87915,0.00742895994335413
4.9458503401360545,200.91733,0.00769810751080513
4.96907029478458,772.3177,0.008043359965085983
4.992290249433107,883.9933,0.008501247502863407
5.015510204081632,366.20728,0.010218515992164612
5.038730158730159,875.5688,0.011108959093689919
5.061950113378685,1002.2333,0.011900204233825207
5.085170068027211,522.6947,0.011239483952522278
5.108390022675737,944.49664,0.010779243893921375
5.131609977324263,356.36295,0.00992877222597599
5.154829931972789,357.9255,0.009949409402906895
5.178049886621316,518.21985,0.010672345757484436
5.201269841269841,979.4057,0.011299674399197102
5.224489795918368,1015.499,0.0119345523416996
5.2477097505668935,523.48047,0.013775108382105827
5.27092970521542,979.658,0.015941739082336426
5.294149659863946,1034.3724,0.01938140019774437
5.317369614512471,520.4316,0.0210198312997818
5.340589569160998,904.01337,0.022503800690174103
5.363809523809524,834.7563,0.023101015016436577
5.38702947845805,518.7735,0.02076532319188118
5.410249433106576,989.7111,0.02059541642665863
5.433469387755102,207.18747,0.02307349443435669
5.456689342403628,403.16434,0.02831946313381195
5.479909297052155,1013.3711,0.028055768460035324
5.50312925170068,1016.3208,0.021696656942367554
5.526349206349207,1002.5692,0.017525039613246918
5.5495691609977325,348.67667,0.014085441827774048
5.572789115646259,929.77795,0.01306186057627201
5.596009070294785,908.69543,0.02904919534921646
5.61922902494331,903.7702,0.026724742725491524
5.642448979591837,304.24518,0.031971994787454605
5.6656689342403626,860.23615,0.02578648179769516
5.688888888888889,887.3073,0.01909400336444378
5.712108843537415,867.1504,0.01782817579805851
5.735328798185941,863.5148,0.015918001532554626
5.758548752834467,835.17926,0.013604252599179745
5.7817687074829935,877.92554,0.012624917551875114
5.804988662131519,859.72455,0.012797314673662186
5.828208616780046,873.9901,0.013131688348948956
5.851428571428571,824.72546,0.013221444562077522
5.874648526077098,616.5774,0.010770704597234726
5.897868480725624,867.01196,0.010186896659433842
5.92108843537415,857.1094,0.011412485502660275
5.944308390022676,848.432,0.012471562251448631
5.9675283446712015,867.6875,0.01239212416112423
5.990748299319728,773.20886,0.012580777518451214
6.013968253968254,875.48724,0.012558380141854286
6.03718820861678,828.18964,0.012931248173117638
6.060408163265306,872.2045,0.014832671731710434
6.0836281179138325,340.28934,0.015453338623046875
6.106848072562358,826.92035,0.013387005776166916
6.130068027210885,800.5576,0.013384680263698101
6.15328798185941,814.66943,0.013585973531007767
6.176507936507937,849.34924,0.012581679970026016
6.199727891156463,846.60974,0.012731034308671951
6.222947845804989,442.4542,0.012927498668432236
6.246167800453515,888.536,0.01332763396203518
6.269387755102041,860.4954,0.013318791054189205
6.292607709750567,738.0066,0.015819760039448738
6.315827664399093,882.6562,0.019294176250696182
6.339047619047619,853.5449,0.01961384154856205
6.362267573696145,414.0286,0.017150375992059708
6.3854875283446715,871.1964,0.015786094591021538
6.408707482993197,443.60382,0.015304597094655037
6.431927437641724,91.200584,0.014700192958116531
6.455147392290249,858.0073,0.014273240230977535
6.478367346938776,448.20844,0.01546178013086319
6.501587301587302,884.2599,0.01771559938788414
6.524807256235828,852.12384,0.015369268134236336
6.548027210884354,863.9436,0.014130668714642525
6.57124716553288,489.46793,0.013665542006492615
6.594467120181406,846.95996,0.014440384693443775
6.617687074829932,836.51215,0.015612917020916939
6.640907029478458,873.8443,0.015101339668035507
6.664126984126984,850.75244,0.01281757652759552
6.6873469387755105,880.65985,0.007288171909749508
6.710566893424036,858.9908,0.001057094195857644
6.733786848072563,666.16876,0.0014480467652902007
6.757006802721088,763.38043,0.002630113624036312
6.780226757369615,968.1621,0.004917243495583534
6.8034467120181406,1015.8064,0.006474948488175869
6.826666666666667,1016.08185,0.0051678819581866264
6.849886621315193,1011.3923,0.004152626730501652
6.873106575963719,910.84045,0.004758537746965885
6.896326530612245,348.68207,0.005138513166457415
6.9195464852607715,997.0933,0.005679449066519737
6.942766439909297,1003.6067,0.005960463546216488
6.965986394557823,994.7058,0.006113947834819555
6.989206349206349,246.82185,0.006191683001816273
7.012426303854875,1012.8147,0.005190867464989424
7.035646258503402,348.59564,0.0034161731600761414
7.058866213151927,994.442,0.0028430696111172438
7.082086167800454,991.9186,0.002596482867375016
7.1053061224489795,349.58755,0.003993012476712465
7.128526077097506,217.71918,0.004450596868991852
7.151746031746032,714.6184,0.004293573554605246
7.174965986394558,736.0793,0.003971748054027557
7.198185941043084,792.18054,0.0026138254906982183
7.2214058956916105,1018.2071,0.001682179979979992
7.244625850340136,971.22437,0.0014400987420231104
7.267845804988662,352.189,0.0014512051129713655
7.291065759637188,1025.6433,0.0016800768207758665
7.314285714285714,950.91736,0.0021585056092590094
7.337505668934241,814.8506,0.0028073997236788273
7.360725623582766,852.5145,0.002806716598570347
7.383945578231293,988.71045,0.0021552550606429577
7.4071655328798185,975.55365,0.001593892928212881
7.430385487528345,872.15326,0.0010715419193729758
7.453605442176871,922.97925,0.0010224753059446812
7.476825396825397,652.57404,0.0011140680871903896
7.500045351473923,888.6562,0.0012638824991881847
7.5232653061224495,884.15576,0.0012526977807283401
7.546485260770975,973.2728,0.001000446849502623
7.569705215419502,1006.55225,0.0007843947387300432
7.592925170068027,661.44476,0.0006584598449990153
7.616145124716553,878.00665,0.0006057785940356553
7.63936507936508,590.6944,0.0006030339282006025
7.662585034013605,718.9288,0.000621249433606863
7.685804988662132,988.33575,0.0006475481786765158
7.7090249433106575,808.24023,0.0006304990965873003
7.732244897959184,904.64484,0.0006411272333934903
7.75546485260771,868.0138,0.0006266675773076713
7.778684807256236,967.4748,0.0005116875981912017
7.801904761904762,966.1543,0.00035695030237548053
7.8251247165532885,729.6161,0.0003515766584314406
7.848344671201814,707.58716,0.0004869578406214714
7.871564625850341,665.4704,0.00041813234565779567
7.894784580498866,346.224,0.000392191723221913
7.918004535147393,338.66068,0.00035178184043616056
7.9412244897959186,821.52344,0.00026024371618404984
7.964444444444444,608.20105,0.00025633617769926786
7.987664399092971,343.6994,0.00021763742552138865
8.010884353741497,677.684,0.0001697608968243003
8.034104308390022,245.6937,0.00024002796271815896
8.057324263038549,714.0553,0.00023132983187679201
8.080544217687075,348.46332,0.00021051624207757413
8.103764172335602,340.3042,0.00020147480245213956
8.126984126984127,770.1929,0.00016812195826787502
8.150204081632653,339.5619,0.0001253152295248583
8.17342403628118,346.05237,8.115434320643544e-05
8.196643990929706,136.00406,8.604888716945425e-05
8.219863945578231,272.3734,0.00014071787882130593
8.243083900226758,675.6044,0.00017538887914270163
8.266303854875284,600.9712,0.00014026799181010574
8.289523809523809,345.5473,0.00010019895853474736
8.312743764172335,245.0327,8.397630881518126e-05
8.335963718820862,333.9538,6.653506716247648e-05
8.359183673469389,235.67113,4.905354217044078e-05
8.382403628117913,235.19241,3.7235760828480124e-05
8.40562358276644,354.90964,4.7173241910059005e-05
8.428843537414966,241.41904,2.8717739041894674e-05
8.452063492063493,0.0,3.4008617149083875e-06
8.475283446712018,0.0,1.6429730749223381e-06
8.498503401360544,0.0,1.2700811566901393e-06
8.52172335600907,0.0,1.562791112519335e-06
8.544943310657597,0.0,1.369357960356865e-06
8.568163265306122,0.0,4.934399839839898e-07
8.591383219954649,0.0,3.642353476607241e-07
8.614603174603175,0.0,1.0806525096995756e-07
8.6378231292517,0.0,5.2668838179670274e-08
8.661043083900227,0.0,3.1533090805169195e-07
8.684263038548753,0.0,2.7723308448912576e-07
8.70748299319728,0.0,8.603610694990493e-07
8.730702947845804,0.0,3.867171471938491e-07
8.753922902494331,0.0,1.8953414837596938e-07
8.777142857142858,0.0,3.1976196623872966e-07
8.800362811791384,0.0,2.8067006496712565e-07
