0.0,0.0,4.420780896907672e-08
0.023219954648526078,0.0,1.582156983204186e-08
0.046439909297052155,0.0,3.470631781965494e-08
0.06965986394557823,0.0,3.438981366343796e-08
0.09287981859410431,0.0,2.3615029931534082e-08
0.11609977324263039,0.0,4.4071384763810784e-08
0.13931972789115646,0.0,1.5018486010376364e-08
0.16253968253968254,0.0,1.749867806211114e-08
0.18575963718820862,0.0,1.459193299524486e-08
0.2089795918367347,0.0,1.0789335647132248e-08
0.23219954648526078,0.0,1.7966158338822424e-08
0.25541950113378686,0.0,1.799890014808625e-08
0.2786394557823129,0.0,2.2879248717799783e-08
0.301859410430839,0.0,4.5817614591214806e-08
0.3250793650793651,0.0,2.2579115466214716e-08
0.3482993197278912,0.0,2.618344296934083e-08
0.37151927437641724,0.0,1.8941136659123003e-08
0.3947392290249433,0.0,2.9426701075863093e-08
0.4179591836734694,0.0,4.885714588453993e-08
0.44117913832199546,0.0,1.1878000805154443e-08
0.46439909297052157,0.0,2.7967871574219316e-08
0.4876190476190476,0.0,6.21621438767761e-08
0.5108390022675737,0.0,3.241348167648539e-08
0.5340589569160998,0.0,6.716772986692376e-07
0.5572789115646258,350.7826,1.1851074305013753e-05
0.5804988662131519,347.8958,1.9951447029598057e-05
0.603718820861678,344.78003,2.1790223399875686e-05
0.626938775510204,340.66495,1.5074346265464555e-05
0.6501587301587302,0.0,7.735336112091318e-06
0.6733786848072563,0.0,9.491926903137937e-06
0.6965986394557824,331.6997,3.170364652760327e-05
0.7198185941043084,346.88895,7.850505062378943e-05
0.7430385487528345,362.05807,0.00010401453619124368
0.7662585034013606,364.0443,0.0001330884697381407
0.7894784580498866,356.21478,0.00011859306687256321
0.8126984126984127,344.2809,0.00010560068039922044
0.8359183673469388,336.67688,0.00011481718684080988
0.8591383219954649,339.72696,0.0001961262314580381
0.8823582766439909,353.2352,0.00020678613509517163
0.905578231292517,364.52768,0.00021750354790128767
0.9287981859410431,364.93576,0.00021129743254277855
0.9520181405895691,350.10425,0.00011971844651270658
0.9752380952380952,330.7431,7.318053394556046e-05
0.9984580498866213,326.25964,0.00013957664486952126
1.0216780045351475,343.49945,0.00022637170332018286
1.0448979591836736,362.51855,0.0001909265120048076
1.0681179138321997,376.51086,0.00019134124158881605
1.0913378684807256,372.40073,0.000213104416616261
1.1145578231292517,356.416,0.0002028143499046564
1.1377777777777778,350.62436,0.0002168923383578658
1.1609977324263039,362.5727,0.00018461998843122274
1.18421768707483,382.75784,0.0001957655476871878
1.207437641723356,396.53226,0.00021523621398955584
1.2306575963718822,394.88626,0.00017825269605964422
1.253877551020408,380.97092,0.0001669182674959302
1.2770975056689342,371.87756,0.00017664986080490053
1.3003174603174603,373.37354,0.00018102959438692778
1.3235374149659864,392.3895,0.00026838405756279826
1.3467573696145125,418.08765,0.00035615015076473355
1.3699773242630386,428.48627,0.00034567053080536425
1.3931972789115648,422.46164,0.00037976831663399935
1.4164172335600906,397.07272,0.0002988961641676724
1.4396371882086167,376.76944,0.0002776439068838954
1.4628571428571429,376.86526,0.0002796326298266649
1.486077097505669,392.43704,0.00037116522435098886
1.509297052154195,409.44888,0.00040193734457716346
1.5325170068027212,418.96616,0.0004971437156200409
1.5557369614512473,415.77402,0.0004877313622273505
1.5789569160997732,401.35864,0.0004153407644480467
1.6021768707482993,392.6818,0.0003988832177128643
1.6253968253968254,400.58856,0.0003916652931366116
1.6486167800453515,419.22308,0.0004592205514200032
1.6718367346938776,439.49628,0.0005290958215482533
1.6950566893424037,447.78616,0.0006423692684620619
1.7182766439909298,442.85916,0.0004632886266335845
1.7414965986394557,427.2355,0.00041700672591105103
1.7647165532879818,417.04092,0.000501098926179111
1.787936507936508,419.2338,0.0005268414970487356
1.811156462585034,437.27423,0.000687634339556098
1.8343764172335602,461.45822,0.000543930334970355
1.8575963718820863,472.943,0.0006511568208225071
1.8808163265306124,464.82968,0.0007259214180521667
1.9040362811791383,445.34003,0.0006869967910461128
1.9272562358276644,418.361,0.0007063089869916439
1.9504761904761905,414.3467,0.0007203446002677083
1.9736961451247166,427.3763,0.0008608856005594134
1.9969160997732427,460.02652,0.0008004634291864932
2.020136054421769,476.33624,0.0007520270301029086
2.043356009070295,475.2638,0.0007629689062014222
2.066575963718821,459.03436,0.0009318937081843615
2.089795918367347,435.44168,0.0007038004696369171
2.1130158730158732,417.40027,0.0008372302399948239
2.1362358276643993,425.43375,0.0007626271108165383
2.159455782312925,449.53207,0.0008454042254015803
2.182675736961451,481.1855,0.0007803134503774345
2.2058956916099772,485.757,0.0005706032388843596
2.2291156462585033,468.56915,0.0007146263378672302
2.2523356009070294,444.58456,0.0007704105810262263
2.2755555555555556,442.9989,0.0008682082407176495
2.2987755102040817,460.3713,0.0006425068713724613
2.3219954648526078,485.10123,0.0008462115656584501
2.345215419501134,493.7042,0.0006782576674595475
2.36843537414966,483.62488,0.000576240592636168
2.391655328798186,464.06223,0.0007490721181966364
2.414875283446712,448.2388,0.000905602821148932
2.4380952380952383,445.46472,0.001054128515534103
2.4613151927437644,462.692,0.0009151246631518006
2.48453514739229,491.5571,0.0018154679564759135
2.507755102040816,502.69687,0.0017790792044252157
2.5309750566893423,498.2166,0.0007720410358160734
2.5541950113378684,469.31082,0.000929989037103951
2.5774149659863945,440.775,0.0008276613662019372
2.6006349206349206,436.31198,0.0009594347211532295
2.6238548752834467,460.57077,0.0010436696466058493
2.647074829931973,492.7971,0.002335174474865198
2.670294784580499,510.80804,0.0026848583947867155
2.693514739229025,512.611,0.00172953971195966
2.716734693877551,498.64288,0.0006670638103969395
2.7399546485260773,474.8218,0.0007938318885862827
2.7631746031746034,482.9012,0.0012555462308228016
2.7863945578231295,507.71994,0.00323011027649045
2.809614512471655,529.965,0.0036256294697523117
2.8328344671201813,540.5429,0.0026228653732687235
2.8560544217687074,533.96106,0.0025097676552832127
2.8792743764172335,518.5366,0.001558072166517377
2.9024943310657596,500.2375,0.001169044990092516
2.9257142857142857,499.19974,0.002719331067055464
2.948934240362812,515.2988,0.004648108966648579
2.972154195011338,536.43384,0.0053091030567884445
2.995374149659864,547.68024,0.004436139017343521
3.01859410430839,539.46515,0.0033142853062599897
3.0418140589569163,519.42316,0.0017213034443557262
3.0650340136054424,488.2303,0.0008527547470293939
3.0882539682539685,484.10706,0.0018969641532748938
3.1114739229024946,507.4091,0.00522030470892787
3.1346938775510207,534.99786,0.006761652417480946
3.1579138321995464,555.38116,0.008627885021269321
3.1811337868480725,558.0974,0.0061954171396791935
3.2043537414965986,544.88556,0.0033259172923862934
3.2275736961451247,520.0912,0.0023016519844532013
3.250793650793651,503.47327,0.0033016689121723175
3.274013605442177,514.0362,0.005562919192016125
3.297233560090703,549.9706,0.009014904499053955
3.320453514739229,574.9685,0.006310156546533108
3.3436734693877552,592.59283,0.006446334067732096
3.3668934240362813,584.3548,0.00807694811373949
3.3901133786848074,564.964,0.006624175235629082
3.4133333333333336,550.2437,0.005824135150760412
3.4365532879818597,554.447,0.009667206555604935
3.4597732426303858,586.4957,0.008393410593271255
3.4829931972789114,604.2049,0.01052890159189701
3.5062131519274375,611.0106,0.011378750205039978
3.5294331065759637,598.6886,0.009565034881234169
3.5526530612244898,570.3918,0.009912903420627117
3.575873015873016,547.7803,0.00798456184566021
3.599092970521542,549.70953,0.0144424457103014
3.622312925170068,589.4625,0.014074843376874924
3.645532879818594,615.7579,0.012964967638254166
3.6687528344671203,628.3652,0.011845014989376068
3.6919727891156464,626.6561,0.013119702227413654
3.7151927437641725,606.9299,0.01094893366098404
3.7384126984126986,579.45905,0.014212990179657936
3.7616326530612247,579.10767,0.013151988387107849
3.784852607709751,615.61725,0.018128007650375366
3.8080725623582765,657.6486,0.020220499485731125
3.8312925170068026,671.3748,0.022614840418100357
3.8545124716553287,669.6679,0.014880538918077946
3.877732426303855,637.73206,0.015092046931385994
3.900952380952381,618.32684,0.016646718606352806
3.924172335600907,621.1344,0.01867518201470375
3.947392290249433,658.8985,0.034121014177799225
3.9706122448979593,684.8762,0.03584007918834686
3.9938321995464854,696.7389,0.03424776718020439
4.017052154195011,682.2268,0.023460768163204193
4.040272108843538,637.2804,0.019430387765169144
4.063492063492063,612.88,0.02173837274312973
4.08671201814059,616.34247,0.022807449102401733
4.1099319727891155,655.1217,0.036798588931560516
4.133151927437642,684.53204,0.04084760695695877
4.156371882086168,702.62225,0.0361245721578598
4.179591836734694,694.18005,0.029266884550452232
4.20281179138322,653.4553,0.019647633656859398
4.2260317460317465,621.3469,0.022340964525938034
4.249251700680272,618.77527,0.02303369902074337
4.272471655328799,657.5276,0.039676278829574585
4.295691609977324,699.3358,0.0403250977396965
4.31891156462585,724.6742,0.048796042799949646
4.342131519274377,725.03107,0.03197086602449417
4.365351473922902,695.2453,0.034506138414144516
4.388571428571429,667.29156,0.027018405497074127
4.4117913832199545,665.28467,0.04485408589243889
4.435011337868481,697.7994,0.03928568959236145
4.458231292517007,727.96857,0.05573886260390282
4.481451247165533,744.21124,0.04333440586924553
4.504671201814059,726.4503,0.037452563643455505
4.527891156462585,682.4169,0.039053790271282196
4.551111111111111,655.8079,0.026209663599729538
4.574331065759638,655.8275,0.04867984354496002
4.597551020408163,695.1866,0.051207344979047775
4.62077097505669,728.45,0.07419469952583313
4.6439909297052155,750.0007,0.0732654258608818
4.667210884353741,744.8142,0.04887133464217186
4.690430839002268,700.5488,0.053561821579933167
4.713650793650793,659.61694,0.030723389238119125
4.73687074829932,653.3969,0.05314771085977554
4.760090702947846,680.41187,0.06123275309801102
4.783310657596372,738.2695,0.09005820751190186
4.806530612244898,766.0134,0.11213551461696625
4.829750566893424,773.9523,0.08629527688026428
4.85297052154195,748.0413,0.05297233164310455
4.876190476190477,729.61414,0.05831871181726456
4.899410430839002,734.5679,0.08174021542072296
4.922630385487529,769.6977,0.12461768090724945
4.9458503401360545,809.3532,0.10534103214740753
4.96907029478458,829.24164,0.11986872553825378
4.992290249433107,816.4966,0.13729926943778992
5.015510204081632,766.5286,0.07454816997051239
5.038730158730159,733.73584,0.07224896550178528
5.061950113378685,730.33466,0.09548402577638626
5.085170068027211,765.41144,0.15596428513526917
5.108390022675737,806.74994,0.14596831798553467
5.131609977324263,828.97314,0.15131737291812897
5.154829931972789,824.3043,0.13022229075431824
5.178049886621316,784.0855,0.08623059093952179
5.201269841269841,735.6096,0.07846677303314209
5.224489795918368,727.5848,0.10802723467350006
5.2477097505668935,763.84937,0.16819076240062714
5.27092970521542,809.4145,0.18011069297790527
5.294149659863946,836.6602,0.20978155732154846
5.317369614512471,838.7227,0.14287976920604706
5.340589569160998,789.1245,0.10930119454860687
5.363809523809524,724.4877,0.08297319710254669
5.38702947845805,717.11304,0.11446709930896759
5.410249433106576,759.78705,0.1903056800365448
5.433469387755102,804.9146,0.20778591930866241
5.456689342403628,829.5298,0.2138611078262329
5.479909297052155,825.509,0.1489962935447693
5.50312925170068,767.2089,0.07948416471481323
5.526349206349207,702.66473,0.08726759254932404
5.5495691609977325,691.9226,0.09495367854833603
5.572789115646259,702.268,0.06347757577896118
5.596009070294785,729.1727,0.08205060660839081
5.61922902494331,739.65045,0.05957965552806854
5.642448979591837,726.75824,0.0454183965921402
5.6656689342403626,693.7477,0.05603726580739021
5.688888888888889,668.6455,0.040506623685359955
5.712108843537415,666.9323,0.0674460381269455
5.735328798185941,696.51306,0.05297926440834999
5.758548752834467,724.1435,0.07660545408725739
5.7817687074829935,735.64734,0.06084797531366348
5.804988662131519,729.12274,0.0434873104095459
5.828208616780046,694.2232,0.04489917308092117
5.851428571428571,650.45703,0.029279237613081932
5.874648526077098,637.2697,0.033267438411712646
5.897868480725624,661.6291,0.06310858577489853
5.92108843537415,717.71643,0.06627605855464935
5.944308390022676,744.1015,0.07317093014717102
5.9675283446712015,750.5491,0.05555503070354462
5.990748299319728,722.12946,0.04591585695743561
6.013968253968254,674.8969,0.03221214935183525
6.03718820861678,643.1686,0.032381825149059296
6.060408163265306,654.70526,0.06449277698993683
6.0836281179138325,697.79535,0.06816881895065308
6.106848072562358,730.5069,0.07563650608062744
6.130068027210885,740.1135,0.059278979897499084
6.15328798185941,704.00916,0.04724380746483803
6.176507936507937,658.6158,0.02358488366007805
6.199727891156463,634.3488,0.02450496330857277
6.222947845804989,640.3648,0.026111306622624397
6.246167800453515,664.2318,0.04757837951183319
6.269387755102041,680.98315,0.04661691188812256
6.292607709750567,680.36755,0.032941170036792755
6.315827664399093,656.87836,0.017164552584290504
6.339047619047619,615.3852,0.019779928028583527
6.362267573696145,605.30176,0.025138333439826965
6.3854875283446715,617.53357,0.026265140622854233
6.408707482993197,657.2875,0.04609674960374832
6.431927437641724,679.828,0.05544561147689819
6.455147392290249,686.4678,0.04950832575559616
6.478367346938776,674.9737,0.0252829659730196
6.501587301587302,632.86633,0.024000756442546844
6.524807256235828,606.1554,0.022598236799240112
6.548027210884354,605.2416,0.030668817460536957
6.57124716553288,651.40155,0.04159402474761009
6.594467120181406,681.86694,0.04534173011779785
6.617687074829932,701.15027,0.03435304015874863
6.640907029478458,697.8173,0.03872096166014671
6.664126984126984,658.3093,0.0222021397203207
6.6873469387755105,615.29504,0.02312181144952774
6.710566893424036,604.47064,0.02839677408337593
6.733786848072563,630.49414,0.028819501399993896
6.757006802721088,663.00977,0.0508648157119751
6.780226757369615,686.30597,0.04282918572425842
6.8034467120181406,688.1018,0.032880090177059174
6.826666666666667,636.73914,0.017322348430752754
6.849886621315193,587.32336,0.016700081527233124
6.873106575963719,571.51276,0.01663016714155674
6.896326530612245,584.23895,0.012694026343524456
6.9195464852607715,604.4717,0.019301895052194595
6.942766439909297,612.42566,0.018402788788080215
6.965986394557823,605.07983,0.011302019469439983
6.989206349206349,575.3008,0.012896547093987465
7.012426303854875,557.5333,0.008930929936468601
7.035646258503402,549.7302,0.014163202606141567
7.058866213151927,569.1778,0.01567431166768074
7.082086167800454,596.1664,0.017804699018597603
7.1053061224489795,612.6637,0.020732756704092026
7.128526077097506,611.72974,0.018431011587381363
7.151746031746032,593.37506,0.01443716511130333
7.174965986394558,564.53986,0.01037706807255745
7.198185941043084,539.6093,0.010392246767878532
7.2214058956916105,546.2186,0.017108125612139702
7.244625850340136,574.3303,0.01635460928082466
7.267845804988662,614.2162,0.0164138562977314
7.291065759637188,627.34186,0.014666540548205376
7.314285714285714,624.8396,0.01681579276919365
7.337505668934241,592.0601,0.013792869634926319
7.360725623582766,550.75146,0.009298702701926231
7.383945578231293,538.8459,0.01202318910509348
7.4071655328798185,554.8012,0.018962755799293518
7.430385487528345,591.52356,0.01690743863582611
7.453605442176871,613.4481,0.016646528616547585
7.476825396825397,616.6325,0.014802837744355202
7.500045351473923,592.61707,0.00952886138111353
7.5232653061224495,545.7019,0.0048796613700687885
7.546485260770975,521.43036,0.005307493731379509
7.569705215419502,520.5224,0.006461410783231258
7.592925170068027,531.97406,0.007016719784587622
7.616145124716553,539.83,0.0053085023537278175
7.63936507936508,537.52295,0.004951784387230873
7.662585034013605,524.36005,0.0027574943378567696
7.685804988662132,502.06085,0.0010949731804430485
7.7090249433106575,492.84375,0.001621073461137712
7.732244897959184,502.46344,0.0049072070978581905
7.75546485260771,524.50134,0.007593236863613129
7.778684807256236,540.6583,0.007052519358694553
7.801904761904762,548.1718,0.0063707041554152966
7.8251247165532885,538.91284,0.005270442925393581
7.848344671201814,521.03796,0.00273820455186069
7.871564625850341,497.1367,0.001146209891885519
7.894784580498866,489.9828,0.0024496056139469147
7.918004535147393,507.21817,0.006673422642052174
7.9412244897959186,530.62537,0.008550487458705902
7.964444444444444,550.0517,0.011134937405586243
7.987664399092971,553.76355,0.008610047399997711
8.010884353741497,541.102,0.004986429121345282
8.034104308390022,508.54184,0.001646643620915711
8.057324263038549,488.73285,0.0014574220404028893
8.080544217687075,494.73364,0.004417723044753075
8.103764172335602,514.57166,0.008016758598387241
8.126984126984127,537.4743,0.008471843786537647
8.150204081632653,549.81573,0.007168324198573828
8.17342403628118,535.8856,0.003560492070391774
8.196643990929706,506.24072,0.0008446360589005053
8.219863945578231,472.31705,0.0009730602032504976
8.243083900226758,469.40277,0.0009238087222911417
8.266303854875284,478.0563,0.0011170911602675915
8.289523809523809,490.68893,0.0012439244892448187
8.312743764172335,489.5571,0.0007558271754533052
8.335963718820862,474.55087,0.0009609005646780133
8.359183673469389,455.651,0.0012489687651395798
8.382403628117913,445.65143,0.0014857056085020304
8.40562358276644,449.58615,0.0011672195978462696
8.428843537414966,467.46106,0.0010746160987764597
8.452063492063493,487.2324,0.0016945573734119534
8.475283446712018,495.89944,0.0014398513594642282
8.498503401360544,486.00113,0.0008683041087351739
8.52172335600907,463.5216,0.0011832491727545857
8.544943310657597,442.46567,0.001126060145907104
8.568163265306122,438.6174,0.0012474118266254663
8.591383219954649,448.54794,0.0010646858718246222
8.614603174603175,481.595,0.0017084763385355473
8.6378231292517,498.60992,0.00254916213452816
8.661043083900227,500.5337,0.0013288657646626234
8.684263038548753,482.38666,0.0009183441288769245
8.70748299319728,455.55542,0.0012038230197504163
8.730702947845804,441.36346,0.0013636838411912322
8.753922902494331,447.14362,0.001244212849996984
8.777142857142858,470.01294,0.0012298008659854531
8.800362811791384,491.21896,0.0015154564753174782
8.823582766439909,490.14404,0.0007328009232878685
8.846802721088435,465.72098,0.0009151725098490715
8.870022675736962,438.11804,0.0005547292530536652
8.893242630385489,426.22803,0.0005410230369307101
8.916462585034013,433.10788,0.0008166332845576108
8.93968253968254,446.3464,0.0011446126736700535
8.962902494331066,455.37405,0.0008581554866395891
8.986122448979591,456.8435,0.0009266210254281759
9.009342403628118,442.11566,0.0005339988856576383
9.032562358276644,417.8933,0.0004838009481318295
9.05578231292517,411.72226,0.0004222571151331067
9.079002267573696,419.8533,0.0006089908420108259
9.102222222222222,443.26828,0.0009126870427280664
9.125442176870749,465.3757,0.0006527250516228378
9.148662131519275,472.78555,0.0007892709691077471
9.1718820861678,459.403,0.000814759754575789
9.195102040816327,425.121,0.0005328983534127474
9.218321995464853,407.45688,0.00043277916847728193
9.24154195011338,405.2933,0.0005458188243210316
9.264761904761905,423.02127,0.0008071446209214628
9.287981859410431,448.36798,0.0009175215382128954
9.311201814058958,469.03656,0.0007214578799903393
9.334421768707482,467.6972,0.0007842765189707279
9.357641723356009,444.61594,0.0005568752530962229
9.380861678004536,414.5985,0.0005379486246965826
9.404081632653062,407.21555,0.00046037568245083094
9.427301587301587,417.74976,0.0005429463926702738
9.450521541950113,440.4003,0.0007960434886626899
9.47374149659864,455.45563,0.0005517762037925422
9.496961451247167,463.03378,0.0005481323460116982
9.520181405895691,440.2908,0.00044734106631949544
9.543401360544218,398.99112,0.0003566824598237872
9.566621315192744,386.3662,0.00029838233604095876
9.58984126984127,387.11765,0.0002946082968264818
9.613061224489796,394.76227,0.00031043303897604346
9.636281179138322,402.54684,0.0002903998829424381
9.659501133786849,398.9456,0.0002757403126452118
9.682721088435374,385.8598,0.00029147195164114237
9.7059410430839,374.65594,0.00028927979292348027
9.729160997732427,377.59146,0.00024677033070474863
9.752380952380953,392.53674,0.0002931094204541296
9.775600907029478,408.05096,0.0003821183054242283
9.798820861678005,413.80145,0.00038342378684319556
9.822040816326531,403.14578,0.0003192014410160482
9.845260770975058,379.03918,0.00042506837053224444
9.868480725623582,365.5226,0.0004474002053029835
9.891700680272109,365.77673,0.0003583366342354566
9.914920634920636,379.0149,0.00026176305254921317
9.93814058956916,402.5052,0.0003594909212552011
9.961360544217687,418.9337,0.0004065767861902714
9.984580498866213,416.435,0.0003571011475287378
10.00780045351474,397.2554,0.0002973946975544095
10.031020408163265,376.77548,0.00032710269442759454
10.054240362811791,371.8551,0.00027525133918970823
10.077460317460318,381.61697,0.0002579708525445312
10.100680272108844,399.2121,0.0002891911717597395
10.12390022675737,413.8095,0.0003359094262123108
10.147120181405896,413.4836,0.00026986669399775565
10.170340136054422,383.99286,0.00026572513161227107
10.193560090702949,354.91196,0.0002734523732215166
10.216780045351474,343.9025,0.0002725169761106372
10.24,344.721,0.000291584525257349
10.263219954648527,353.0358,0.00023938584490679204
10.286439909297052,360.7541,0.00022362795425578952
10.309659863945578,361.73874,0.00022548121341969818
10.332879818594105,354.66843,0.00017678076983429492
10.356099773242631,342.62152,0.00012319503002800047
10.379319727891156,334.39752,0.00012146758672315627
10.402539682539683,337.62326,0.00020215375116094947
10.425759637188209,350.3599,0.0002356309851165861
10.448979591836736,362.8415,0.00020590153872035444
10.47219954648526,367.1225,0.00023832176520954818
10.495419501133787,358.34094,0.0001952001912286505
10.518639455782314,343.5181,0.00010465530795045197
10.54185941043084,328.74884,5.911255721002817e-05
10.565079365079365,328.2614,0.00011631437519099563
10.588299319727891,341.07645,0.00023322597553487867
10.611519274376418,359.62772,0.00018215080490335822
10.634739229024943,377.40805,0.00015079835429787636
10.65795918367347,378.64136,0.00019118702039122581
10.681179138321996,361.18338,0.00020159878476988524
10.704399092970522,344.1608,0.00010140547237824649
10.727619047619047,332.76392,9.9184486316517e-05
10.750839002267574,339.67398,0.00019549322314560413
10.7740589569161,362.09656,0.00012081910972483456
10.797278911564627,393.8251,0.00013297121040523052
10.820498866213152,398.68643,0.00012757648073602468
10.843718820861678,380.24796,0.00016916735330596566
10.866938775510205,352.0182,0.0001467075344407931
10.890158730158731,339.28622,0.00013166357530280948
10.913378684807256,339.9479,0.0001788492954801768
10.936598639455783,353.27475,0.0001636608794797212
10.95981859410431,372.56506,0.00013729350757785141
10.983038548752834,378.89264,0.0001450337003916502
11.00625850340136,369.85526,0.00020992293138988316
11.029478458049887,354.8702,0.00018953598919324577
11.052698412698414,344.96555,0.00018998542509507388
11.075918367346938,344.35123,0.00019800380687229335
11.099138321995465,352.41275,0.00014493608614429832
11.122358276643991,367.0184,0.00011927458399441093
11.145578231292518,377.66006,0.00010475279850652441
11.168798185941043,376.9498,0.00012010343198198825
11.19201814058957,365.09216,0.00014559514238499105
11.215238095238096,348.20316,0.00010802752512972802
11.23845804988662,339.02725,9.668243728810921e-05
11.261678004535147,341.02994,0.00012484171020332724
11.284897959183674,352.49802,0.0001042802759911865
11.3081179138322,365.3689,5.5017502745613456e-05
11.331337868480725,371.81424,1.0057960935228039e-05
11.354557823129252,0.0,2.0791230781469494e-07
11.377777777777778,0.0,7.736343832220882e-08
11.400997732426305,0.0,3.381137503311038e-08
11.42421768707483,0.0,2.0535480871330947e-08
11.447437641723356,0.0,4.1568455344531685e-08
11.470657596371883,0.0,1.999887899728492e-08
11.49387755102041,0.0,8.461211109533906e-08
11.517097505668934,0.0,3.2757361623225734e-07
11.54031746031746,0.0,5.061565389041789e-07
11.563537414965987,0.0,1.0818594091688283e-06
11.586757369614512,0.0,2.1079367797938175e-06
11.609977324263038,0.0,1.0897583706537262e-06
11.633197278911565,0.0,1.1766351235564798e-06
11.656417233560092,0.0,2.085926098516211e-07
11.679637188208616,0.0,2.0715560822281986e-08
11.702857142857143,0.0,2.798424247885123e-08
11.72607709750567,0.0,3.5561242839321494e-08
11.749297052154196,0.0,3.698642103699967e-08
11.77251700680272,0.0,2.8818249120377004e-08
11.795736961451247,0.0,3.462901077000424e-08
11.818956916099774,0.0,2.185697667300701e-08
11.8421768707483,0.0,2.137494448106736e-08
11.865396825396825,0.0,1.7590537026990205e-08
11.888616780045352,0.0,2.263641363242641e-08
11.911836734693878,0.0,3.450986696407199e-08
11.935056689342403,0.0,2.4916516849771142e-08
11.95827664399093,0.0,3.5279299481771886e-08
11.981496598639456,0.0,3.59978002961725e-08
12.004716553287983,0.0,5.06925061927177e-08
12.027936507936507,0.0,5.182846507523209e-08
12.051156462585034,0.0,4.8044057621154934e-08
12.07437641723356,0.0,3.142849891446531e-08
12.097596371882087,0.0,2.8314389055594802e-08
12.120816326530612,0.0,8.536517270840704e-09
12.144036281179138,0.0,7.666130841244012e-09
12.167256235827665,0.0,7.576090865768492e-09
12.190476190476192,0.0,8.282768249046057e-09
12.213696145124716,0.0,7.286871550604701e-09
12.236916099773243,0.0,1.4670149539597332e-09
