0.0,0.0,4.620778781827539e-08
0.023219954648526078,0.0,6.38856363366358e-08
0.046439909297052155,0.0,1.3043791113886982e-07
0.06965986394557823,0.0,1.2140390026615933e-07
0.09287981859410431,0.0,1.307744241785258e-07
0.11609977324263039,0.0,1.561629687785171e-07
0.13931972789115646,0.0,8.358438208233565e-08
0.16253968253968254,0.0,8.447568689007312e-08
0.18575963718820862,0.0,9.047926141647622e-08
0.2089795918367347,0.0,1.218813849845901e-07
0.23219954648526078,0.0,2.62953108176589e-08
0.25541950113378686,0.0,1.8969330994877964e-08
0.2786394557823129,0.0,2.167689672205597e-08
0.301859410430839,0.0,4.6314198698382825e-08
0.3250793650793651,0.0,4.922549123875797e-08
0.3482993197278912,0.0,3.4344338928349316e-08
0.37151927437641724,0.0,4.697085387306288e-08
0.3947392290249433,0.0,3.53056748281233e-08
0.4179591836734694,0.0,6.673326424788684e-08
0.44117913832199546,0.0,3.3113792596850544e-08
0.46439909297052157,0.0,2.935121301561594e-08
0.4876190476190476,0.0,5.0321432354394346e-08
0.5108390022675737,0.0,5.181027518119663e-08
0.5340589569160998,0.0,6.417485565179959e-08
0.5572789115646258,176.60419,4.825656651519239e-05
0.5804988662131519,362.3791,0.0002818611974362284
0.603718820861678,367.0264,0.000491185171995312
0.626938775510204,376.0422,0.0006139813922345638
0.6501587301587302,377.3287,0.0006817311514168978
0.6733786848072563,375.76587,0.000751049374230206
0.6965986394557824,370.01645,0.0009132578270509839
0.7198185941043084,360.32578,0.0012559411115944386
0.7430385487528345,351.16812,0.0012111158575862646
0.7662585034013606,347.5817,0.0013350655790418386
0.7894784580498866,353.43552,0.000793718674685806
0.8126984126984127,366.2002,0.0009486093767918646
0.8359183673469388,377.48322,0.0007634917856194079
0.8591383219954649,382.97238,0.0008300543413497508
0.8823582766439909,376.7526,0.0007191774202510715
0.905578231292517,367.25912,0.0009429079946130514
0.9287981859410431,356.0711,0.0011142491130158305
0.9520181405895691,348.38794,0.0012453505769371986
0.9752380952380952,348.94437,0.0009082857286557555
0.9984580498866213,362.76224,0.0008184270700439811
1.0216780045351475,377.69827,0.0008106132736429572
1.0448979591836736,385.4692,0.0010090019786730409
1.0681179138321997,382.71564,0.0007863426581025124
1.0913378684807256,375.81543,0.0007303782622329891
1.1145578231292517,365.59525,0.0009415522799827158
1.1377777777777778,363.8755,0.000992397777736187
1.1609977324263039,374.4995,0.0011788972187787294
1.18421768707483,396.8693,0.002503881696611643
1.207437641723356,416.7539,0.0025070998817682266
1.2306575963718822,423.4272,0.0025846785865724087
1.253877551020408,420.56277,0.0029079639352858067
1.2770975056689342,412.3651,0.002567528747022152
1.3003174603174603,400.46613,0.0020069226156920195
1.3235374149659864,393.56943,0.002126624109223485
1.3467573696145125,396.53864,0.002712653484195471
1.3699773242630386,413.68488,0.0027073374949395657
1.3931972789115648,430.2064,0.002068436937406659
1.4164172335600906,439.84198,0.0020656981505453587
1.4396371882086167,431.40512,0.002273630816489458
1.4628571428571429,419.0972,0.002851555123925209
1.486077097505669,406.67783,0.0022775265388190746
1.509297052154195,395.2191,0.0022389674559235573
1.5325170068027212,395.90622,0.0031455974094569683
1.5557369614512473,409.72183,0.003148739691823721
1.5789569160997732,429.45526,0.002589744282886386
1.6021768707482993,442.85977,0.0029629592318087816
1.6253968253968254,440.18103,0.0023372932337224483
1.6486167800453515,429.68216,0.00239598099142313
1.6718367346938776,414.83237,0.0030341236852109432
1.6950566893424037,405.72772,0.0031221038661897182
1.7182766439909298,408.42822,0.0033823661506175995
1.7414965986394557,425.39777,0.0031489022076129913
1.7647165532879818,450.98413,0.005059447139501572
1.787936507936508,470.57657,0.004803945310413837
1.811156462585034,478.37494,0.0053829532116651535
1.8343764172335602,475.65436,0.006600730121135712
1.8575963718820863,466.29764,0.006503940559923649
1.8808163265306124,453.93137,0.005738277919590473
1.9040362811791383,445.0081,0.005322534590959549
1.9272562358276644,447.7192,0.006061237305402756
1.9504761904761905,463.3409,0.005192647688090801
1.9736961451247166,482.98154,0.0025211500469595194
1.9969160997732427,492.19232,0.0024385692086070776
2.020136054421769,485.327,0.004562804475426674
2.043356009070295,473.0859,0.005998116917908192
2.066575963718821,457.9328,0.005279995501041412
2.089795918367347,446.1794,0.005058410577476025
2.1130158730158732,448.3087,0.00573949608951807
2.1362358276643993,464.71262,0.004104703664779663
2.159455782312925,489.34894,0.002635022858157754
2.182675736961451,505.83127,0.0033455733209848404
2.2058956916099772,499.76596,0.0034167321864515543
2.2291156462585033,483.98172,0.006691341288387775
2.2523356009070294,467.46686,0.007387569639831781
2.2755555555555556,458.99423,0.007162776775658131
2.2987755102040817,463.45535,0.0067303599789738655
2.3219954648526078,486.0195,0.0040889643132686615
2.345215419501134,509.94284,0.005764679051935673
2.36843537414966,515.64105,0.005610983818769455
2.391655328798186,509.0397,0.006392638199031353
2.414875283446712,490.6034,0.007342316210269928
2.4380952380952383,476.39148,0.010024957358837128
2.4613151927437644,469.91696,0.009038041345775127
2.48453514739229,471.40033,0.0066766804084181786
2.507755102040816,487.51874,0.004389225039631128
2.5309750566893423,513.45105,0.004857609048485756
2.5541950113378684,527.2416,0.004514055326581001
2.5774149659863945,522.859,0.005373639054596424
2.6006349206349206,506.38403,0.005288184620440006
2.6238548752834467,484.1442,0.007091381587088108
2.647074829931973,471.73193,0.007074789144098759
2.670294784580499,468.98044,0.006425139028578997
2.693514739229025,475.18665,0.004631337709724903
2.716734693877551,502.38568,0.005393138155341148
2.7399546485260773,519.7769,0.004964394494891167
2.7631746031746034,528.1626,0.004739624448120594
2.7863945578231295,519.17883,0.004561620764434338
2.809614512471655,502.53104,0.004642508924007416
2.8328344671201813,483.8573,0.006312231998890638
2.8560544217687074,477.8634,0.005813093855977058
2.8792743764172335,489.17743,0.006135068368166685
2.9024943310657596,528.5382,0.010874339379370213
2.9257142857142857,553.50055,0.013918844982981682
2.948934240362812,563.4381,0.01597706973552704
2.972154195011338,561.3925,0.017087450250983238
2.995374149659864,544.8198,0.009527463465929031
3.01859410430839,522.5868,0.009663468226790428
3.0418140589569163,515.99,0.009389957413077354
3.0650340136054424,523.7148,0.012384738773107529
3.0882539682539685,548.2141,0.015612348914146423
3.1114739229024946,568.08167,0.011664202436804771
3.1346938775510207,574.36743,0.013201387599110603
3.1579138321995464,568.6209,0.018168780952692032
3.1811337868480725,551.1941,0.013547150418162346
3.2043537414965986,530.71515,0.010251035913825035
3.2275736961451247,524.62396,0.01019459031522274
3.250793650793651,533.4598,0.013401993550360203
3.274013605442177,554.1325,0.013349400833249092
3.297233560090703,576.53394,0.008966555818915367
3.320453514739229,590.22266,0.011641453020274639
3.3436734693877552,588.43353,0.01707252487540245
3.3668934240362813,572.99786,0.03249749541282654
3.3901133786848074,552.28186,0.02751525491476059
3.4133333333333336,546.00854,0.024623572826385498
3.4365532879818597,553.324,0.024596232920885086
3.4597732426303858,592.71704,0.03492531180381775
3.4829931972789114,618.45746,0.03527487441897392
3.5062131519274375,635.5206,0.037128716707229614
3.5294331065759637,634.05615,0.05030513554811478
3.5526530612244898,615.3074,0.042636558413505554
3.575873015873016,589.9891,0.026237107813358307
3.599092970521542,577.7343,0.026814036071300507
3.622312925170068,587.75385,0.030520612373948097
3.645532879818594,612.8181,0.04484080523252487
3.6687528344671203,639.3436,0.04317270219326019
3.6919727891156464,654.08997,0.048944197595119476
3.7151927437641725,648.7132,0.0507223904132843
3.7384126984126986,619.9484,0.0513073205947876
3.7616326530612247,595.426,0.025509167462587357
3.784852607709751,583.31085,0.02130231261253357
3.8080725623582765,585.9682,0.022693194448947906
3.8312925170068026,610.6368,0.04408453404903412
3.8545124716553287,640.36334,0.047796353697776794
3.877732426303855,664.32263,0.06654129922389984
3.900952380952381,669.8363,0.07413813471794128
3.924172335600907,653.7591,0.06285393983125687
3.947392290249433,617.7064,0.06733009219169617
3.9706122448979593,608.003,0.04605507478117943
3.9938321995464854,606.391,0.05245872586965561
4.017052154195011,652.3355,0.08939386904239655
4.040272108843538,684.4719,0.0880240947008133
4.063492063492063,709.39557,0.06811273843050003
4.08671201814059,719.1498,0.10143956542015076
4.1099319727891155,702.45734,0.14875681698322296
4.133151927437642,678.16235,0.1274803876876831
4.156371882086168,659.0261,0.08978748321533203
4.179591836734694,652.4571,0.08059516549110413
4.20281179138322,661.5561,0.09412075579166412
4.2260317460317465,696.8898,0.05692370608448982
4.249251700680272,722.03357,0.04598578065633774
4.272471655328799,731.7885,0.06580241024494171
4.295691609977324,719.6752,0.12042639404535294
4.31891156462585,682.2431,0.1367148458957672
4.342131519274377,669.6203,0.12103284895420074
4.365351473922902,667.89197,0.11518849432468414
4.388571428571429,683.626,0.0693361908197403
4.4117913832199545,722.2575,0.035467565059661865
4.435011337868481,749.08575,0.03235940635204315
4.458231292517007,759.8767,0.05099435895681381
4.481451247165533,741.9164,0.09946237504482269
4.504671201814059,701.2723,0.1498483121395111
4.527891156462585,687.90607,0.13811826705932617
4.551111111111111,687.8989,0.09471601992845535
4.574331065759638,719.50037,0.0451490581035614
4.597551020408163,762.32794,0.044281914830207825
4.62077097505669,786.16736,0.06479485332965851
4.6439909297052155,788.5077,0.062239792197942734
4.667210884353741,762.62976,0.07673341035842896
4.690430839002268,733.3014,0.09504453837871552
4.713650793650793,715.7484,0.09192344546318054
4.73687074829932,716.3077,0.06817680597305298
4.760090702947846,735.3975,0.04933533817529678
4.783310657596372,767.61584,0.05455273389816284
4.806530612244898,795.2047,0.05244893580675125
4.829750566893424,811.53827,0.0719667300581932
4.85297052154195,790.2628,0.06439964473247528
4.876190476190477,745.7158,0.08212009817361832
4.899410430839002,728.7144,0.08203467726707458
4.922630385487529,724.61176,0.0625283271074295
4.9458503401360545,744.314,0.0638500526547432
4.96907029478458,790.4773,0.05708855763077736
4.992290249433107,831.5563,0.042194582521915436
5.015510204081632,846.1447,0.06891147792339325
5.038730158730159,828.56537,0.12171473354101181
5.061950113378685,799.38556,0.11066148430109024
5.085170068027211,776.7245,0.09926845133304596
5.108390022675737,774.71313,0.12218035757541656
5.131609977324263,791.78204,0.0830211192369461
5.154829931972789,831.0452,0.040210213512182236
5.178049886621316,859.3298,0.04368177056312561
5.201269841269841,869.3154,0.05995826795697212
5.224489795918368,852.4785,0.10306916385889053
5.2477097505668935,823.60187,0.1313106268644333
5.27092970521542,802.34064,0.1491391807794571
5.294149659863946,792.5336,0.14098677039146423
5.317369614512471,796.26056,0.10153645277023315
5.340589569160998,828.4994,0.057292744517326355
5.363809523809524,857.7016,0.043682124465703964
5.38702947845805,866.7917,0.05855787172913551
5.410249433106576,844.93616,0.08063993602991104
5.433469387755102,803.8889,0.09201283007860184
5.456689342403628,796.5218,0.09212575852870941
5.479909297052155,812.19336,0.08020568639039993
5.50312925170068,838.747,0.07038343697786331
5.526349206349207,852.25037,0.06691572070121765
5.5495691609977325,852.52985,0.07695241272449493
5.572789115646259,841.55804,0.10169251263141632
5.596009070294785,807.3716,0.06350703537464142
5.61922902494331,745.9656,0.04900301992893219
5.642448979591837,735.8481,0.042927928268909454
5.6656689342403626,743.03253,0.04012486711144447
5.688888888888889,770.0147,0.06297998130321503
5.712108843537415,787.2693,0.05697226896882057
5.735328798185941,778.81354,0.03830821067094803
5.758548752834467,745.96405,0.06875643134117126
5.7817687074829935,717.57166,0.10229595005512238
5.804988662131519,703.3834,0.09287934005260468
5.828208616780046,709.22253,0.05683252960443497
5.851428571428571,739.1184,0.03611348941922188
5.874648526077098,770.21606,0.045993953943252563
5.897868480725624,791.3179,0.04756832495331764
5.92108843537415,786.3649,0.03764985501766205
5.944308390022676,746.5923,0.06914955377578735
5.9675283446712015,723.0761,0.09732019901275635
5.990748299319728,711.82635,0.08794577419757843
6.013968253968254,708.95844,0.05962984263896942
6.03718820861678,721.8307,0.038920849561691284
6.060408163265306,760.3633,0.035187214612960815
6.0836281179138325,782.59326,0.05413533002138138
6.106848072562358,790.8552,0.05086888372898102
6.130068027210885,765.41187,0.05674251914024353
6.15328798185941,704.364,0.09419237077236176
6.176507936507937,676.8149,0.0947442576289177
6.199727891156463,677.6311,0.08274392783641815
6.222947845804989,703.91077,0.04909788817167282
6.246167800453515,741.3854,0.039324335753917694
6.269387755102041,751.1546,0.05426595360040665
6.292607709750567,740.50385,0.07067137956619263
6.315827664399093,699.4379,0.10112622380256653
6.339047619047619,675.4663,0.09844845533370972
6.362267573696145,669.08624,0.10104000568389893
6.3854875283446715,676.5148,0.08265253156423569
6.408707482993197,700.4561,0.049394167959690094
6.431927437641724,739.9874,0.03567887842655182
6.455147392290249,754.6618,0.03615700826048851
6.478367346938776,752.0773,0.06657485663890839
6.501587301587302,723.1464,0.09546711295843124
6.524807256235828,695.559,0.10986694693565369
6.548027210884354,676.38574,0.09704633057117462
6.57124716553288,673.6269,0.08957423269748688
6.594467120181406,692.49713,0.0636008232831955
6.617687074829932,722.0837,0.03645249083638191
6.640907029478458,744.1755,0.03756941854953766
6.664126984126984,739.32684,0.06823622435331345
6.6873469387755105,695.89,0.05731858313083649
6.710566893424036,630.43396,0.034799084067344666
6.733786848072563,611.4352,0.03260784596204758
6.757006802721088,614.504,0.03999743610620499
6.780226757369615,643.1943,0.05853588506579399
6.8034467120181406,664.4636,0.0607253760099411
6.826666666666667,663.2562,0.04816477745771408
6.849886621315193,636.8898,0.0382256954908371
6.873106575963719,596.2784,0.01931759901344776
6.896326530612245,582.1886,0.020374197512865067
6.9195464852607715,588.5339,0.01918761059641838
6.942766439909297,601.1022,0.04262311011552811
6.965986394557823,631.4434,0.03606846183538437
6.989206349206349,652.70123,0.04316498339176178
7.012426303854875,658.64355,0.04283807799220085
7.035646258503402,642.86957,0.04241159185767174
7.058866213151927,613.73926,0.033021580427885056
7.082086167800454,591.9339,0.019565336406230927
7.1053061224489795,588.7241,0.02136896178126335
7.128526077097506,600.9787,0.039509985595941544
7.151746031746032,619.53015,0.03207411617040634
7.174965986394558,643.7795,0.03579472005367279
7.198185941043084,648.4389,0.03182949870824814
7.2214058956916105,615.5978,0.015254881232976913
7.244625850340136,570.503,0.012120181694626808
7.267845804988662,551.9725,0.009319107979536057
7.291065759637188,547.88617,0.009749535471200943
7.314285714285714,557.10474,0.010571267455816269
7.337505668934241,572.0677,0.009722627699375153
7.360725623582766,577.66125,0.010371526703238487
7.383945578231293,569.7125,0.010098796337842941
7.4071655328798185,552.0277,0.006742309778928757
7.430385487528345,531.62897,0.0057739801704883575
7.453605442176871,525.93304,0.0066444347612559795
7.476825396825397,535.18445,0.009152224287390709
7.500045351473923,555.0839,0.009805968031287193
7.5232653061224495,575.96967,0.006929618306457996
7.546485260770975,580.7991,0.008892932906746864
7.569705215419502,571.53455,0.009766249917447567
7.592925170068027,550.4392,0.006353101693093777
7.616145124716553,527.29297,0.0057974644005298615
7.63936507936508,518.81366,0.006064713001251221
7.662585034013605,526.6065,0.007776414975523949
7.685804988662132,547.7522,0.011373946443200111
7.7090249433106575,569.0241,0.008776243776082993
7.732244897959184,574.3585,0.008961443789303303
7.75546485260771,553.10535,0.0045028855092823505
7.778684807256236,505.9954,0.002902822569012642
7.801904761904762,482.17358,0.003363835159689188
7.8251247165532885,482.31433,0.003050260478630662
7.848344671201814,494.34726,0.004436722490936518
7.871564625850341,508.19806,0.005933491513133049
7.894784580498866,510.301,0.006200743373483419
7.918004535147393,502.95593,0.004105877131223679
7.9412244897959186,485.35013,0.0043189506977796555
7.964444444444444,470.63916,0.005663386546075344
7.987664399092971,463.78168,0.005626012571156025
8.010884353741497,466.84988,0.004295313730835915
8.034104308390022,485.27423,0.004103193990886211
8.057324263038549,508.08142,0.00517971022054553
8.080544217687075,512.88416,0.005205852445214987
8.103764172335602,508.23038,0.004846022929996252
8.126984126984127,491.2882,0.0033663189969956875
8.150204081632653,472.80795,0.0053769368678331375
8.17342403628118,461.8431,0.006070346105843782
8.196643990929706,465.49887,0.0050674122758209705
8.219863945578231,486.45593,0.0050662001594901085
8.243083900226758,509.3653,0.0057603782042860985
8.266303854875284,513.98175,0.00496281310915947
8.289523809523809,501.24365,0.0026756655424833298
8.312743764172335,463.76566,0.0035890662111341953
8.335963718820862,453.0168,0.0038280151784420013
8.359183673469389,458.17737,0.003727307543158531
8.382403628117913,473.34534,0.0024986150674521923
8.40562358276644,486.4152,0.002324747620150447
8.428843537414966,485.69318,0.002993905683979392
8.452063492063493,475.96906,0.004534639418125153
8.475283446712018,461.45816,0.0049896445125341415
8.498503401360544,445.99747,0.003958053886890411
8.52172335600907,438.83844,0.0036728624254465103
8.544943310657597,441.48672,0.004744317382574081
8.568163265306122,453.09824,0.0038937157951295376
8.591383219954649,472.07538,0.0024011265486478806
8.614603174603175,484.14407,0.002371462993323803
8.6378231292517,480.14343,0.0033512492664158344
8.661043083900227,466.63678,0.004025604575872421
8.684263038548753,446.39487,0.002916710451245308
8.70748299319728,436.02887,0.0030359975062310696
8.730702947845804,441.88696,0.004780561197549105
8.753922902494331,460.23825,0.0036071522627025843
8.777142857142858,476.65405,0.00237442459911108
8.800362811791384,480.06918,0.003157776314765215
8.823582766439909,459.94843,0.0014569077175110579
8.846802721088435,417.8989,0.001745383022353053
8.870022675736962,406.12274,0.0019515142776072025
8.893242630385489,409.62714,0.0019388124346733093
8.916462585034013,421.6599,0.0015429423656314611
8.93968253968254,427.77393,0.0013295493554323912
8.962902494331066,424.80942,0.00177565508056432
8.986122448979591,419.07956,0.0023542018607258797
9.009342403628118,411.5505,0.0021647007670253515
9.032562358276644,400.97263,0.0018501118756830692
9.05578231292517,394.68854,0.0016989323776215315
9.079002267573696,393.89737,0.0015457066474482417
9.102222222222222,399.11844,0.0015570370014756918
9.125442176870749,408.79645,0.0014781466452404857
9.148662131519275,419.60284,0.00128564506303519
9.1718820861678,424.09872,0.0013396772556006908
9.195102040816327,420.91135,0.0015921921003609896
9.218321995464853,412.33176,0.0014490268658846617
9.24154195011338,399.69046,0.001334922038950026
9.264761904761905,394.31122,0.0013690032064914703
9.287981859410431,399.6033,0.0016019233735278249
9.311201814058958,410.96768,0.0013589360751211643
9.334421768707482,423.1721,0.001003136159852147
9.357641723356009,421.14685,0.0010480711935088038
9.380861678004536,398.89865,0.0004027155227959156
9.404081632653062,357.00278,0.00046977458987385035
9.427301587301587,356.92398,0.0004365962522570044
9.450521541950113,370.00702,0.0004306429182179272
9.47374149659864,377.6831,0.0003239898360334337
9.496961451247167,379.36554,0.0003686712007038295
9.520181405895691,373.9214,0.0004509535792749375
9.543401360544218,365.32312,0.0004988720174878836
9.566621315192744,354.39658,0.0004904213128611445
9.58984126984127,345.4887,0.0006736993091180921
9.613061224489796,345.5347,0.000672383641358465
9.636281179138322,352.84338,0.0003788591711781919
9.659501133786849,367.03796,0.00044387520756572485
9.682721088435374,377.13092,0.0003392018552403897
9.7059410430839,382.25363,0.0003413182566873729
9.729160997732427,375.96002,0.00032983600976876915
9.752380952380953,365.91504,0.00036064538289792836
9.775600907029478,356.96838,0.000396889285184443
9.798820861678005,349.1433,0.00048047662130557
9.822040816326531,346.94247,0.0005358402850106359
9.845260770975058,354.29675,0.0003188978007528931
9.868480725623582,370.54385,0.00040992541471496224
9.891700680272109,380.65833,0.0003570260596461594
9.914920634920636,385.36465,0.0003955827560275793
9.93814058956916,381.63828,0.0003205454850103706
9.961360544217687,371.38028,0.0003321906551718712
9.984580498866213,356.08478,0.0003956985892727971
10.00780045351474,344.9057,0.0005377517663873732
10.031020408163265,341.9772,0.0005396391497924924
10.054240362811791,346.5237,0.0003884379402734339
10.077460317460318,363.21213,0.0002860660897567868
10.100680272108844,376.32605,0.0002343734522582963
10.12390022675737,380.04172,0.0002490876358933747
10.147120181405896,374.11597,0.00025330870994366705
10.170340136054422,363.427,0.0003148765827063471
10.193560090702949,350.9547,0.000395172624848783
10.216780045351474,342.5163,0.0005145973991602659
10.24,344.03503,0.0004122987447772175
10.263219954648527,352.22986,0.00024620548356324434
10.286439909297052,368.4245,0.00026426464319229126
10.309659863945578,378.08792,0.0002139262214768678
10.332879818594105,380.6507,0.00024252466391772032
10.356099773242631,373.64108,0.00023987446911633015
10.379319727891156,361.70743,0.0003200386418029666
10.402539682539683,349.42664,0.000390346918720752
10.425759637188209,346.31198,0.00039920207927934825
10.448979591836736,358.04364,0.0002372715389356017
10.47219954648526,381.47406,0.0002973138471134007
10.495419501133787,392.73834,2.5540113711031154e-05
10.518639455782314,0.0,1.266689650947228e-07
10.54185941043084,0.0,1.1791507859015837e-07
10.565079365079365,0.0,6.566824595211074e-08
10.588299319727891,0.0,3.627974365372211e-08
10.611519274376418,0.0,2.4193468561861664e-08
10.634739229024943,0.0,5.8507794165052474e-08
10.65795918367347,0.0,4.237790562910959e-08
10.681179138321996,0.0,2.0736479200422764e-08
10.704399092970522,0.0,3.902914613718167e-08
10.727619047619047,0.0,2.1680534700863063e-08
10.750839002267574,0.0,3.2862772059161216e-08
10.7740589569161,0.0,6.346272130031139e-08
10.797278911564627,0.0,7.760718290228397e-08
10.820498866213152,0.0,1.2634518498089164e-07
10.843718820861678,0.0,1.701591827441007e-07
10.866938775510205,0.0,8.182996680261567e-08
10.890158730158731,0.0,4.119738150620833e-08
10.913378684807256,0.0,1.3192220649216324e-08
10.936598639455783,0.0,4.375033313408494e-08
10.95981859410431,0.0,3.9766746340319514e-08
10.983038548752834,0.0,3.4722688724286854e-08
11.00625850340136,0.0,1.0577423381619155e-08
11.029478458049887,0.0,4.588400770444423e-08
11.052698412698414,0.0,2.7442183636594564e-08
11.075918367346938,0.0,3.126842784695327e-08
11.099138321995465,0.0,5.606580089079216e-08
11.122358276643991,0.0,1.197286110254936e-07
11.145578231292518,0.0,6.468962965300307e-08
11.168798185941043,0.0,4.418234311742708e-08
11.19201814058957,0.0,3.815421223407611e-08
11.215238095238096,0.0,4.396861186251044e-08
11.23845804988662,0.0,5.818037607241422e-08
11.261678004535147,0.0,5.473975761560723e-08
