0.0,0.0,3.008426574524492e-08
0.023219954648526078,0.0,3.006607585120946e-08
0.046439909297052155,0.0,3.437617124291137e-08
0.06965986394557823,0.0,5.558104021474719e-08
0.09287981859410431,0.0,6.421851139748469e-08
0.11609977324263039,0.0,5.603214958682656e-08
0.13931972789115646,0.0,4.33083187090233e-08
0.16253968253968254,0.0,3.199420461896807e-08
0.18575963718820862,0.0,2.1407686290331185e-08
0.2089795918367347,0.0,1.6606463759671897e-08
0.23219954648526078,0.0,2.2879248717799783e-08
0.25541950113378686,0.0,4.6668901632074267e-08
0.2786394557823129,0.0,3.963214112445712e-08
0.301859410430839,0.0,3.1281160772778094e-08
0.3250793650793651,0.0,1.8111677491106093e-08
0.3482993197278912,0.0,3.505101631162688e-08
0.37151927437641724,0.0,3.258173819631338e-08
0.3947392290249433,0.0,2.971410140162334e-08
0.4179591836734694,0.0,3.1855961424298584e-08
0.44117913832199546,0.0,3.477180143818259e-08
0.46439909297052157,0.0,3.459444997133687e-08
0.4876190476190476,0.0,1.1435076885391027e-08
0.5108390022675737,0.0,1.9640538084786385e-08
0.5340589569160998,0.0,1.5604746295139194e-07
0.5572789115646258,358.22348,6.235871842363849e-05
0.5804988662131519,368.87598,0.00012983307533431798
0.603718820861678,366.83145,0.00016529520507901907
0.626938775510204,359.15195,0.0001634643122088164
0.6501587301587302,349.38483,0.00013843999477103353
0.6733786848072563,342.17935,0.00016415625577792525
0.6965986394557824,343.19946,0.0001922336086863652
0.7198185941043084,352.55624,0.00019258243264630437
0.7430385487528345,362.85907,0.00021601494518108666
0.7662585034013606,366.11008,0.00023207464255392551
0.7894784580498866,361.827,0.00023729416716378182
0.8126984126984127,350.24207,0.00016664015129208565
0.8359183673469388,339.14526,0.00020917246001772583
0.8591383219954649,341.74503,0.00024925946490839124
0.8823582766439909,357.14282,0.00022420859022531658
0.905578231292517,374.03302,0.00019060992053709924
0.9287981859410431,376.8693,0.00020553787180688232
0.9520181405895691,365.2171,0.00023228488862514496
0.9752380952380952,347.906,0.0002007190923905
0.9984580498866213,340.3686,0.0002850865130312741
1.0216780045351475,349.77585,0.00023457527277059853
1.0448979591836736,363.83575,0.00023375279852189124
1.0681179138321997,372.1366,0.00019868076196871698
1.0913378684807256,370.45868,0.00023570048506371677
1.1145578231292517,362.9032,0.00027225990197621286
1.1377777777777778,357.5919,0.00026025279657915235
1.1609977324263039,363.96283,0.0002216733555542305
1.18421768707483,396.5314,0.00036023790016770363
1.207437641723356,442.75186,0.0004746181657537818
1.2306575963718822,471.28873,0.0006184313097037375
1.253877551020408,478.11774,0.0006384624866768718
1.2770975056689342,458.7067,0.0005352545995265245
1.3003174603174603,442.4447,0.0005488673341460526
1.3235374149659864,441.56763,0.0005417827051132917
1.3467573696145125,452.40402,0.0006231589941307902
1.3699773242630386,465.2268,0.0006114034913480282
1.3931972789115648,471.54507,0.0006471777451224625
1.4164172335600906,467.527,0.0005320870550349355
1.4396371882086167,451.8127,0.0006494410918094218
1.4628571428571429,436.84723,0.0005879473173990846
1.486077097505669,440.56464,0.0006185381207615137
1.509297052154195,460.4131,0.0007559440564364195
1.5325170068027212,475.02094,0.0008951395284384489
1.5557369614512473,479.44073,0.0009519517188891768
1.5789569160997732,472.61905,0.0006428226479329169
1.6021768707482993,447.4255,0.0006250641890801489
1.6253968253968254,436.07382,0.0005735865561291575
1.6486167800453515,442.73282,0.0006659337668679655
1.6718367346938776,463.07523,0.0008165830513462424
1.6950566893424037,475.35718,0.0009292614413425326
1.7182766439909298,472.96286,0.0006983163766562939
1.7414965986394557,459.759,0.0005955555243417621
1.7647165532879818,458.93304,0.0008280915208160877
1.787936507936508,486.62515,0.0010652743512764573
1.811156462585034,529.2508,0.0013474600855261087
1.8343764172335602,556.52997,0.0022492206189781427
1.8575963718820863,563.027,0.002018881728872657
1.8808163265306124,533.07227,0.0020987167954444885
1.9040362811791383,518.61395,0.002129393396899104
1.9272562358276644,516.59576,0.0026859636418521404
1.9504761904761905,530.6907,0.0019635192584246397
1.9736961451247166,554.54834,0.002876085229218006
1.9969160997732427,564.8093,0.0029746373184025288
2.020136054421769,560.2107,0.0019744583405554295
2.043356009070295,529.2419,0.0024276033509522676
2.066575963718821,516.2914,0.0023050946183502674
2.089795918367347,519.3552,0.002473994391039014
2.1130158730158732,543.89777,0.002127783140167594
2.1362358276643993,567.0459,0.0023993344511836767
2.159455782312925,575.2798,0.0030511459335684776
2.182675736961451,566.7982,0.002659684279933572
2.2058956916099772,529.49927,0.0031566161196678877
2.2291156462585033,520.4498,0.003274400718510151
2.2523356009070294,527.8509,0.002257858868688345
2.2755555555555556,551.23553,0.0023068140726536512
2.2987755102040817,573.94867,0.001889239763841033
2.3219954648526078,578.32526,0.0035635377280414104
2.345215419501134,553.60736,0.0033431202173233032
2.36843537414966,538.9928,0.0032426640391349792
2.391655328798186,546.7272,0.002701766788959503
2.414875283446712,574.5245,0.0009336145012639463
2.4380952380952383,657.7587,0.0004974387120455503
2.4613151927437644,713.0734,0.002891094656661153
2.48453514739229,728.49615,0.0018021415453404188
2.507755102040816,730.6925,0.002804267220199108
2.5309750566893423,715.28687,0.0006626913673244417
2.5541950113378684,700.65576,0.0022830008529126644
2.5774149659863945,709.9123,0.00525311753153801
2.6006349206349206,739.4532,0.0013673598878085613
2.6238548752834467,753.62335,0.001712667872197926
2.647074829931973,738.81244,0.0027504705358296633
2.670294784580499,717.50867,0.0008128316840156913
2.693514739229025,706.5244,0.000797602697275579
2.716734693877551,700.04565,0.004935649689286947
2.7399546485260773,727.4498,0.0015030947979539633
2.7631746031746034,756.749,0.0016877219313755631
2.7863945578231295,746.85724,0.0018465252360329032
2.809614512471655,720.5951,0.001183435320854187
2.8328344671201813,716.9059,0.0005699100438505411
2.8560544217687074,706.50525,0.0020998739637434483
2.8792743764172335,722.11957,0.002343597821891308
2.9024943310657596,752.2077,0.0020065605640411377
2.9257142857142857,761.30853,0.0015379204414784908
2.948934240362812,744.47455,0.0017245945055037737
2.972154195011338,717.2396,0.00036204070784151554
2.995374149659864,721.38824,0.0008359214989468455
3.01859410430839,717.50916,0.0035237425472587347
3.0418140589569163,725.0395,0.0023019537329673767
3.0650340136054424,725.1183,0.0015698774950578809
3.0882539682539685,614.1415,0.0031356499530375004
3.1114739229024946,565.8102,0.004287944175302982
3.1346938775510207,546.6397,0.0023386292159557343
3.1579138321995464,538.20764,0.0020285581704229116
3.1811337868480725,538.9262,0.0018340826500207186
3.2043537414965986,542.64526,0.0016950301360338926
3.2275736961451247,541.04553,0.001987127121537924
3.250793650793651,533.059,0.0028139669448137283
3.274013605442177,524.6064,0.002875880803912878
3.297233560090703,523.1491,0.002503709401935339
3.320453514739229,534.1981,0.00197948538698256
3.3436734693877552,548.9243,0.002069675363600254
3.3668934240362813,548.7946,0.0020135522354394197
3.3901133786848074,531.5954,0.00316283805295825
3.4133333333333336,516.5879,0.0027911264915019274
3.4365532879818597,512.76465,0.0028922262135893106
3.4597732426303858,525.1887,0.0020732698030769825
3.4829931972789114,549.1354,0.0024718588683754206
3.5062131519274375,562.16534,0.002805802971124649
3.5294331065759637,558.57745,0.002015119418501854
3.5526530612244898,530.7945,0.002858907449990511
3.575873015873016,516.99915,0.0022810865193605423
3.599092970521542,517.772,0.002023480599746108
3.622312925170068,543.1325,0.0015475989785045385
3.645532879818594,551.4,0.001218142919242382
3.6687528344671203,528.3698,0.0013984700199216604
3.6919727891156464,481.6533,0.0012137240264564753
3.7151927437641725,455.76312,0.0011548995971679688
3.7384126984126986,450.85666,0.0010965862311422825
3.7616326530612247,457.73813,0.0011069083120673895
3.784852607709751,465.19214,0.0009066865313798189
3.8080725623582765,463.247,0.0008800199721008539
3.8312925170068026,451.46286,0.0009824868757277727
3.8545124716553287,435.28577,0.0008187913335859776
3.877732426303855,432.88538,0.0009333419147878885
3.900952380952381,445.69708,0.0009564587380737066
3.924172335600907,459.23312,0.0009569769026711583
3.947392290249433,466.04483,0.0008645469788461924
3.9706122448979593,462.41806,0.0009395275264978409
3.9938321995464854,446.69,0.000873098149895668
4.017052154195011,431.18628,0.0007336531416513026
4.040272108843538,432.07556,0.0008061518892645836
4.063492063492063,447.45447,0.0009615463786758482
4.08671201814059,464.28738,0.0009399555856361985
4.1099319727891155,470.16547,0.0009034352842718363
4.133151927437642,466.03946,0.0008552318904548883
4.156371882086168,452.50748,0.0009119993774220347
4.179591836734694,437.2868,0.0007940419018268585
4.20281179138322,442.27295,0.0008961886633187532
4.2260317460317465,460.47766,0.0009162770584225655
4.249251700680272,466.77963,0.0006570420227944851
4.272471655328799,449.296,0.0006186133250594139
4.295691609977324,399.62817,0.00042556258267723024
4.31891156462585,365.23477,0.0004630353068932891
4.342131519274377,352.92828,0.0004351248499006033
4.365351473922902,354.22562,0.00043044937774538994
4.388571428571429,359.18097,0.0004672606009989977
4.4117913832199545,361.35596,0.00047442110371775925
4.435011337868481,358.3795,0.00046559967449866235
4.458231292517007,353.02136,0.00040780456038191915
4.481451247165533,348.50742,0.0004452104913070798
4.504671201814059,348.21967,0.0004920527571812272
4.527891156462585,353.11954,0.0004848559037782252
4.551111111111111,361.3404,0.0005234488053247333
4.574331065759638,366.4135,0.0005259464378468692
4.597551020408163,364.13382,0.0005409783916547894
4.62077097505669,356.04828,0.00042968738125637174
4.6439909297052155,347.13593,0.00045193248661234975
4.667210884353741,345.467,0.0005056587397120893
4.690430839002268,353.30252,0.0004580852692015469
4.713650793650793,366.3028,0.00044138130033388734
4.73687074829932,374.23254,0.0003653193707577884
4.760090702947846,372.49347,0.00039972717058844864
4.783310657596372,362.7494,0.0004031923017464578
4.806530612244898,350.0714,0.00036356659256853163
4.829750566893424,345.7675,0.00043392868246883154
4.85297052154195,353.71167,0.00040336878737434745
4.876190476190477,365.7064,0.00039412040496245027
4.899410430839002,371.7796,0.000363171158824116
4.922630385487529,369.24933,0.00039016985101625323
4.9458503401360545,362.29108,0.00038943730760365725
4.96907029478458,350.96738,0.00031704179127700627
4.992290249433107,343.4734,0.0003807258908636868
5.015510204081632,345.55927,0.00038685667095705867
5.038730158730159,355.8409,0.0003475946723483503
5.061950113378685,368.7845,0.00030363822588697076
5.085170068027211,375.34506,0.00028070120606571436
5.108390022675737,373.30008,0.0003157799947075546
5.131609977324263,364.79083,0.00034970417618751526
5.154829931972789,354.07507,0.00029960647225379944
5.178049886621316,349.57083,0.00028443080373108387
5.201269841269841,354.83456,0.00024700374342501163
5.224489795918368,364.2937,0.00018940953304991126
5.2477097505668935,364.38748,4.69971819256898e-05
5.27092970521542,0.0,5.575593604589812e-07
5.294149659863946,0.0,1.9866547518176958e-07
5.317369614512471,0.0,6.766003934899345e-08
5.340589569160998,0.0,8.321876521222293e-08
5.363809523809524,0.0,7.607104635098949e-08
5.38702947845805,0.0,1.0137136996490881e-07
5.410249433106576,0.0,6.584468792425469e-08
5.433469387755102,0.0,5.663423507940024e-08
5.456689342403628,0.0,1.7475031199865043e-08
5.479909297052155,0.0,1.5387740859296173e-08
5.50312925170068,0.0,2.6809175324160606e-08
5.526349206349207,0.0,4.294633981771767e-08
5.5495691609977325,0.0,2.689466782612726e-08
5.572789115646259,0.0,1.8243554222863168e-08
5.596009070294785,0.0,3.512559487717226e-08
5.61922902494331,0.0,3.629975253716111e-08
5.642448979591837,0.0,4.853609425481409e-08
5.6656689342403626,0.0,3.137574822176248e-08
5.688888888888889,0.0,1.7082129488699138e-08
5.712108843537415,0.0,1.6168996808119118e-08
5.735328798185941,0.0,3.8133293855935335e-08
5.758548752834467,0.0,6.34217940387316e-08
5.7817687074829935,0.0,3.707555151777342e-08
5.804988662131519,0.0,3.156037564622238e-08
5.828208616780046,0.0,1.8457285477779806e-08
5.851428571428571,0.0,2.2957465262152255e-08
5.874648526077098,0.0,1.0704752639867365e-08
5.897868480725624,0.0,2.1627784008160233e-08
5.92108843537415,0.0,2.8109752747695893e-08
5.944308390022676,0.0,4.593948688125238e-08
5.9675283446712015,0.0,1.7842467059381306e-08
5.990748299319728,0.0,1.2420059647411108e-08
6.013968253968254,0.0,6.122263584984466e-08
6.03718820861678,0.0,5.191577656660229e-08
6.060408163265306,0.0,4.470985004445538e-08
6.0836281179138325,0.0,3.8332473195623606e-08
6.106848072562358,0.0,2.8744580049533397e-08
6.130068027210885,0.0,1.146690919995308e-08
6.15328798185941,0.0,1.282751327380538e-08
6.176507936507937,0.0,3.090735845034942e-08
6.199727891156463,0.0,8.698043529875576e-08
6.222947845804989,0.0,6.395384843926877e-08
6.246167800453515,0.0,2.0643710740841925e-08
6.269387755102041,0.0,3.572858986444771e-08
6.292607709750567,0.0,1.7174897948279977e-08
6.315827664399093,0.0,9.42964106798172e-09
6.339047619047619,0.0,3.057812136830762e-08
6.362267573696145,0.0,3.285185812273994e-08
6.3854875283446715,0.0,2.8914655558764935e-08
6.408707482993197,0.0,3.7477548175957054e-08
6.431927437641724,0.0,6.740719982190058e-08
6.455147392290249,0.0,1.915759639814496e-08
6.478367346938776,0.0,2.5721419660840183e-08
6.501587301587302,0.0,4.10008397011552e-07
6.524807256235828,0.0,1.9075077943853103e-06
6.548027210884354,0.0,4.735044058179483e-06
6.57124716553288,0.0,3.7884074117755517e-06
6.594467120181406,0.0,2.9925713533884846e-06
6.617687074829932,0.0,2.624205080792308e-06
6.640907029478458,0.0,2.754512934188824e-06
6.664126984126984,0.0,3.4924587453133427e-06
6.6873469387755105,0.0,3.6882911444990896e-06
6.710566893424036,0.0,1.9428898667683825e-06
