0.0,0.0,2.3020584194455296e-07
0.023219954648526078,0.0,1.7925049178302288e-07
0.046439909297052155,0.0,3.9911174098961055e-07
0.06965986394557823,0.0,3.096820364589803e-07
0.09287981859410431,0.0,3.7030076782684773e-07
0.11609977324263039,0.0,1.5638306649634615e-07
0.13931972789115646,0.0,1.3569388102041557e-07
0.16253968253968254,0.0,2.4740074877627194e-08
0.18575963718820862,0.0,1.6474677977385e-07
0.2089795918367347,0.0,1.026146492222324e-07
0.23219954648526078,0.0,9.913674148265272e-08
0.25541950113378686,0.0,1.2036525731673464e-07
0.2786394557823129,0.0,4.224966687615961e-08
0.301859410430839,221.2401,3.6021923733642325e-05
0.3250793650793651,255.52913,0.0003685728879645467
0.3482993197278912,272.61752,0.0006785333389416337
0.37151927437641724,276.4739,0.0008385724504478276
0.3947392290249433,278.35178,0.0008326334063895047
0.4179591836734694,277.04834,0.0007906101527623832
0.44117913832199546,274.58954,0.0007622871780768037
0.46439909297052157,272.7804,0.0007780232117511332
0.4876190476190476,273.09528,0.000841798260807991
0.5108390022675737,276.07816,0.000903480569832027
0.5340589569160998,280.43402,0.0008873002370819449
0.5572789115646258,283.2494,0.000857010018080473
0.5804988662131519,281.63687,0.0008515636436641216
0.603718820861678,275.43018,0.0007856442825868726
0.626938775510204,266.64502,0.0003799938131123781
0.6501587301587302,253.98235,0.00028013024711981416
0.6733786848072563,246.64502,0.0003980975307058543
0.6965986394557824,249.83784,0.0004524427931755781
0.7198185941043084,270.67343,0.0011930270120501518
0.7430385487528345,290.96832,0.0011909569147974253
0.7662585034013606,296.72156,0.0013161096721887589
0.7894784580498866,291.71634,0.0013781609013676643
0.8126984126984127,282.358,0.0011272679548710585
0.8359183673469388,273.97467,0.001137802843004465
0.8591383219954649,271.38757,0.0010969818104058504
0.8823582766439909,272.4026,0.0013084779493510723
0.905578231292517,277.6594,0.0013665969017893076
0.9287981859410431,285.68665,0.0011950491461902857
0.9520181405895691,290.9565,0.0012945441994816065
0.9752380952380952,289.30826,0.001330130035057664
0.9984580498866213,282.76923,0.0010637789964675903
1.0216780045351475,274.55667,0.001017379923723638
1.0448979591836736,268.7983,0.0006931664538569748
1.0681179138321997,264.95963,0.0005623672623187304
1.0913378684807256,266.30133,0.0009055029368028045
1.1145578231292517,273.28964,0.0012644347734749317
1.1377777777777778,281.87396,0.001159551553428173
1.1609977324263039,288.1757,0.0011324140941724181
1.18421768707483,287.43417,0.0010681524872779846
1.207437641723356,281.59982,0.0009549645474180579
1.2306575963718822,273.9173,0.0010091927833855152
1.253877551020408,272.15994,0.0010880744084715843
1.2770975056689342,273.15616,0.001145183457992971
1.3003174603174603,275.9291,0.001250392640940845
1.3235374149659864,279.6837,0.0012711721938103437
1.3467573696145125,282.39706,0.0011879170779138803
1.3699773242630386,284.17334,0.0011058264644816518
1.3931972789115648,289.4453,0.0010888907127082348
1.4164172335600906,307.4918,0.0010060106869786978
1.4396371882086167,330.83456,0.0015559452585875988
1.4628571428571429,347.41498,0.0021233060397207737
1.486077097505669,358.29605,0.0018348433077335358
1.509297052154195,359.55493,0.001635582186281681
1.5325170068027212,350.83508,0.002051267307251692
1.5557369614512473,342.19983,0.0012226508697494864
1.5789569160997732,333.8222,0.001274963840842247
1.6021768707482993,334.5904,0.0014615784166380763
1.6253968253968254,340.13174,0.0019538034684956074
1.6486167800453515,349.14215,0.002372301649302244
1.6718367346938776,360.4851,0.0023253578692674637
1.6950566893424037,367.6254,0.002846351359039545
1.7182766439909298,365.11087,0.0026114119682461023
1.7414965986394557,354.31033,0.0025640183594077826
1.7647165532879818,342.55255,0.0018381644040346146
1.787936507936508,331.3244,0.001565080601722002
1.811156462585034,328.50128,0.0015123457415029407
1.8343764172335602,332.05594,0.0017069006571546197
1.8575963718820863,339.96536,0.0023565676528960466
1.8808163265306124,348.70908,0.0028076323214918375
1.9040362811791383,355.11575,0.0029104261193424463
1.9272562358276644,356.3952,0.0027773482725024223
1.9504761904761905,352.08743,0.0033765416592359543
1.9736961451247166,345.22147,0.0024141257163137197
1.9969160997732427,336.01117,0.0015502721071243286
2.020136054421769,331.01974,0.0015936029376462102
2.043356009070295,330.8501,0.001552158733829856
2.066575963718821,334.87927,0.0020783841609954834
2.089795918367347,344.11215,0.002820605179294944
2.1130158730158732,353.84766,0.003072973806411028
2.1362358276643993,357.351,0.0026850264985114336
2.159455782312925,353.8222,0.0030594286508858204
2.182675736961451,346.65234,0.0025228390004485846
2.2058956916099772,339.74167,0.0015558527084067464
2.2291156462585033,335.3714,0.0017222377937287092
2.2523356009070294,343.26627,0.0020516731310635805
2.2755555555555556,354.8567,0.0019224134739488363
2.2987755102040817,360.91135,0.0015791659243404865
2.3219954648526078,361.61606,0.0013856959994882345
2.345215419501134,364.12646,0.0016203314298763871
2.36843537414966,376.42987,0.0015074433758854866
2.391655328798186,402.18964,0.0024998565204441547
2.414875283446712,425.6543,0.0028565768152475357
2.4380952380952383,433.02594,0.0018348023295402527
2.4613151927437644,418.35596,0.001459216233342886
2.48453514739229,398.85367,0.0011111560743302107
2.507755102040816,387.74768,0.0010667475871741772
2.5309750566893423,388.61557,0.0010943992529064417
2.5541950113378684,397.01776,0.0014301521005108953
2.5774149659863945,404.86093,0.001689859083853662
2.6006349206349206,417.78738,0.0019476658198982477
2.6238548752834467,429.37347,0.0021204310469329357
2.647074829931973,422.26584,0.0020564310252666473
2.670294784580499,411.9096,0.0026649311184883118
2.693514739229025,404.17245,0.002246505580842495
2.716734693877551,399.35318,0.0019762294832617044
2.7399546485260773,401.11157,0.002061418490484357
2.7631746031746034,407.29028,0.0021569656673818827
2.7863945578231295,415.84836,0.0018451656214892864
2.809614512471655,426.51804,0.002368812682107091
2.8328344671201813,434.01926,0.0027834598440676928
2.8560544217687074,430.00516,0.0021826617885380983
2.8792743764172335,417.7478,0.0023616901598870754
2.9024943310657596,405.13544,0.0022573270834982395
2.9257142857142857,395.8384,0.0015410627238452435
2.948934240362812,394.40314,0.0015705344267189503
2.972154195011338,399.6425,0.001845632679760456
2.995374149659864,406.7267,0.001971921417862177
3.01859410430839,413.96265,0.0016967066330835223
3.0418140589569163,420.77188,0.0015719590010121465
3.0650340136054424,420.5524,0.0017249213997274637
3.0882539682539685,413.0363,0.0021367808803915977
3.1114739229024946,405.532,0.0019120541401207447
3.1346938775510207,398.87912,0.0016707596369087696
3.1579138321995464,398.64078,0.0018560985336080194
3.1811337868480725,403.1237,0.002151534892618656
3.2043537414965986,407.11862,0.0024908699560910463
3.2275736961451247,409.62222,0.002482800977304578
3.250793650793651,408.8412,0.002578391693532467
3.274013605442177,406.42184,0.0024019600823521614
3.297233560090703,406.8612,0.0024404546711593866
3.320453514739229,417.11243,0.0019864910282194614
3.3436734693877552,442.4058,0.00387753127142787
3.3668934240362813,503.6819,0.02008477970957756
3.3901133786848074,539.66064,0.023056121543049812
3.4133333333333336,553.62256,0.026247115805745125
3.4365532879818597,555.7128,0.03319514915347099
3.4597732426303858,554.7481,0.03569917380809784
3.4829931972789114,555.4491,0.03581971675157547
3.5062131519274375,554.434,0.03202325105667114
3.5294331065759637,549.0254,0.02536623924970627
3.5526530612244898,540.94147,0.019100327044725418
3.575873015873016,535.6255,0.019001785665750504
3.599092970521542,535.9436,0.02215576171875
3.622312925170068,543.0164,0.028527196496725082
3.645532879818594,555.402,0.03227352350950241
3.6687528344671203,564.49225,0.03752719983458519
3.6919727891156464,565.35956,0.03712780773639679
3.7151927437641725,553.6873,0.02945137396454811
3.7384126984126986,531.3352,0.019173257052898407
3.7616326530612247,516.2011,0.009867585264146328
3.784852607709751,506.21683,0.012198224663734436
3.8080725623582765,514.8634,0.02164931409060955
3.8312925170068026,532.1853,0.027000589296221733
3.8545124716553287,549.2701,0.03412322327494621
3.877732426303855,559.672,0.04174668714404106
3.900952380952381,559.4749,0.038001857697963715
3.924172335600907,548.4693,0.02368958294391632
3.947392290249433,530.1964,0.01330764964222908
3.9706122448979593,516.6416,0.009952154941856861
3.9938321995464854,511.5074,0.013189385645091534
4.017052154195011,519.713,0.02242685854434967
4.040272108843538,537.84595,0.03306218236684799
4.063492063492063,555.8265,0.042370595037937164
4.08671201814059,569.86,0.041785113513469696
4.1099319727891155,570.17834,0.045583151280879974
4.133151927437642,558.8819,0.032327260822057724
4.156371882086168,538.58466,0.017397694289684296
4.179591836734694,523.53687,0.01434376835823059
4.20281179138322,519.6639,0.017923470586538315
4.2260317460317465,529.31104,0.026923034340143204
4.249251700680272,546.2741,0.03584977984428406
4.272471655328799,557.54626,0.04548703134059906
4.295691609977324,561.2279,0.04781809449195862
4.31891156462585,557.84174,0.03375086188316345
4.342131519274377,549.0653,0.017815154045820236
4.365351473922902,543.00836,0.02092374674975872
4.388571428571429,549.36316,0.02708694338798523
4.4117913832199545,555.7955,0.03047502227127552
4.435011337868481,554.67316,0.017795801162719727
4.458231292517007,531.5024,0.00613634567707777
4.481451247165533,467.00385,0.0016329367645084858
4.504671201814059,436.67685,0.0006589709082618356
4.527891156462585,417.65155,0.0006886844057589769
4.551111111111111,423.32138,0.0007923516677692533
4.574331065759638,432.61523,0.0010569927981123328
4.597551020408163,432.69037,0.0008104504086077213
4.62077097505669,424.47137,0.0006105276988819242
4.6439909297052155,414.312,0.0007400827598758042
4.667210884353741,408.04202,0.000760931521654129
4.690430839002268,404.56314,0.0007131320890039206
4.713650793650793,404.10965,0.0007994581828825176
4.73687074829932,408.69962,0.0008456676150672138
4.760090702947846,418.31433,0.0007086154073476791
4.783310657596372,428.61966,0.0008489699102938175
4.806530612244898,429.42392,0.0007749376818537712
4.829750566893424,420.08783,0.0007868264219723642
4.85297052154195,408.61627,0.0008447672007605433
4.876190476190477,398.72873,0.0005387914716266096
4.899410430839002,395.62234,0.0005321303615346551
4.922630385487529,398.79205,0.0006316307699307799
4.9458503401360545,405.46014,0.0007922515505924821
4.96907029478458,413.44717,0.0007377739530056715
4.992290249433107,424.32755,0.0007399119203910232
5.015510204081632,429.16418,0.0007773102261126041
5.038730158730159,420.8454,0.0007291529327630997
5.061950113378685,409.88953,0.0008178408606909215
5.085170068027211,399.6066,0.0005099329864606261
5.108390022675737,394.82407,0.0004552698810584843
5.131609977324263,397.16455,0.0005780309438705444
5.154829931972789,403.8625,0.0007416214793920517
5.178049886621316,412.3425,0.0007739246939308941
5.201269841269841,421.79977,0.000657012453302741
5.224489795918368,423.42212,0.0006549925892613828
5.2477097505668935,415.1873,0.0007983124814927578
5.27092970521542,408.52045,0.000785882817581296
5.294149659863946,405.0827,0.0006267124554142356
5.317369614512471,403.3815,0.00054084014846012
5.340589569160998,404.65436,0.000608542060945183
5.363809523809524,409.87363,0.0006462207529693842
5.38702947845805,414.28342,0.00067749252775684
5.410249433106576,411.37585,0.0007690582424402237
5.433469387755102,398.8018,0.0005883285775780678
5.456689342403628,374.1451,0.0007896713796071708
5.479909297052155,350.5811,0.0007322788005694747
5.50312925170068,342.9703,0.0006398232653737068
5.526349206349207,343.47513,0.0005708375829271972
5.5495691609977325,347.12323,0.000604346627369523
5.572789115646259,350.90268,0.0007247609319165349
5.596009070294785,351.31793,0.0007941117510199547
5.61922902494331,349.34378,0.000832775142043829
5.642448979591837,347.51065,0.0007829961250536144
5.6656689342403626,345.04837,0.0006542266346514225
5.688888888888889,342.4338,0.0005579483113251626
5.712108843537415,342.77924,0.0005757632898166776
5.735328798185941,346.06036,0.0006524441414512694
5.758548752834467,351.41147,0.0007211458869278431
5.7817687074829935,357.14297,0.0006234010215848684
5.804988662131519,359.03976,0.0005853760521858931
5.828208616780046,354.9343,0.0007237947429530323
5.851428571428571,347.79346,0.0007571423193439841
5.874648526077098,337.7785,0.0004476317553780973
5.897868480725624,331.7004,0.0004913362208753824
5.92108843537415,333.1472,0.000497260654810816
5.944308390022676,338.03983,0.0005762523505836725
5.9675283446712015,345.29477,0.0006570679252035916
5.990748299319728,353.30872,0.0006448187050409615
6.013968253968254,356.8907,0.0006327945739030838
6.03718820861678,353.88266,0.0007362748729065061
6.060408163265306,346.9635,0.0006421504076570272
6.0836281179138325,338.65408,0.0004206433077342808
6.106848072562358,333.64703,0.00045438058441504836
6.130068027210885,335.3961,0.00044250316568650305
6.15328798185941,339.1708,0.00046612060396000743
6.176507936507937,345.6559,0.0005276977317407727
6.199727891156463,353.84802,0.000459386472357437
6.222947845804989,354.9898,0.00047009243280626833
6.246167800453515,350.53223,0.0005123262526467443
6.269387755102041,343.7917,0.0003231038572266698
6.292607709750567,334.87814,0.00027261872310191393
6.315827664399093,332.16803,0.00029404519591480494
6.339047619047619,334.69876,0.000305209745420143
6.362267573696145,337.89914,0.00032080034725368023
6.3854875283446715,340.76648,0.00036041397834196687
6.408707482993197,341.30905,0.0003673720930237323
6.431927437641724,335.11276,0.0003470868687145412
6.455147392290249,315.60754,0.0004912778967991471
6.478367346938776,287.15265,0.0005777055630460382
6.501587301587302,271.4015,0.0004380280151963234
6.524807256235828,267.03516,0.00034788099583238363
6.548027210884354,266.5168,0.00029609777266159654
6.57124716553288,267.50293,0.0003341952688060701
6.594467120181406,269.38254,0.0003567156381905079
6.617687074829932,270.88885,0.00041517248610034585
6.640907029478458,273.86264,0.0004350086092017591
6.664126984126984,277.65848,0.0004367638612166047
6.6873469387755105,281.14703,0.00041888063424266875
6.710566893424036,283.25024,0.00038832821883261204
6.733786848072563,282.29102,0.0003671485173981637
6.757006802721088,278.89285,0.000387525768019259
6.780226757369615,275.29077,0.0003951633698306978
6.8034467120181406,272.2601,0.0003347890742588788
6.826666666666667,269.03976,0.00028820851002819836
6.849886621315193,269.53165,0.00034561118809506297
6.873106575963719,273.79172,0.0004354142874944955
6.896326530612245,280.52972,0.00041434442391619086
6.9195464852607715,284.5673,0.00039520362042821944
6.942766439909297,282.58752,0.0003270189627073705
6.965986394557823,275.241,0.00028409616788849235
6.989206349206349,264.65176,0.0001340340677415952
7.012426303854875,256.35947,0.00012584726209752262
7.035646258503402,258.4981,0.00011642874596873298
7.058866213151927,263.22763,0.00019499985501170158
7.082086167800454,270.93744,0.000349831156199798
7.1053061224489795,278.6384,0.0003617213515099138
7.128526077097506,283.70276,0.00029723619809374213
7.151746031746032,281.4369,0.0002546822070144117
7.174965986394558,270.69943,0.00017351667338516563
7.198185941043084,258.524,9.735334606375545e-05
7.2214058956916105,250.20198,0.00011285764048807323
7.244625850340136,254.11559,9.631978900870308e-05
7.267845804988662,265.923,0.0001830224209697917
7.291065759637188,274.86832,0.00023437151685357094
7.314285714285714,284.42245,0.00017665840277913958
7.337505668934241,293.49536,0.00020039953233208507
7.360725623582766,292.2313,0.00021170637046452612
7.383945578231293,283.27393,0.00012099035666324198
7.4071655328798185,266.20508,5.937887908658013e-05
7.430385487528345,257.66498,4.4100816012360156e-05
7.453605442176871,262.00107,6.027420749887824e-05
7.476825396825397,269.2927,0.0001062060910044238
7.500045351473923,278.2747,0.00010639874381013215
7.5232653061224495,286.78085,4.311837619752623e-05
7.546485260770975,0.0,7.809230737620965e-07
7.569705215419502,0.0,8.948709364631213e-07
7.592925170068027,0.0,1.7230377125088125e-07
7.616145124716553,0.0,5.969468475086614e-08
7.63936507936508,0.0,7.077233021846041e-08
7.662585034013605,0.0,7.644757715752348e-08
7.685804988662132,0.0,2.7005353331333026e-07
7.7090249433106575,0.0,3.954373823944479e-07
7.732244897959184,0.0,2.1579580788966268e-07
7.75546485260771,0.0,5.8445948525331914e-08
7.778684807256236,0.0,5.1414644985925406e-08
7.801904761904762,0.0,5.174570105737075e-08
7.8251247165532885,0.0,1.766929926816374e-07
7.848344671201814,0.0,1.48493199958466e-07
7.871564625850341,0.0,2.598189894342795e-07
7.894784580498866,0.0,2.0305469661252573e-07
7.918004535147393,0.0,1.9281469576526433e-07
7.9412244897959186,0.0,1.2113378033973277e-07
7.964444444444444,0.0,6.779373507015407e-08
