0.0,0.0,7.180005923146382e-08
0.023219954648526078,0.0,1.2289183359825984e-07
0.046439909297052155,0.0,8.620372682344168e-08
0.06965986394557823,0.0,5.041965778218582e-08
0.09287981859410431,0.0,1.388107193633914e-07
0.11609977324263039,0.0,1.7276397556997836e-07
0.13931972789115646,0.0,1.470652932766825e-07
0.16253968253968254,0.0,1.1131851351819932e-07
0.18575963718820862,0.0,1.3104818208375946e-07
0.2089795918367347,0.0,4.9040863814298064e-08
0.23219954648526078,0.0,7.467224349966273e-08
0.25541950113378686,0.0,4.428511601872742e-08
0.2786394557823129,0.0,4.8805304686538875e-08
0.301859410430839,0.0,3.234890755265951e-08
0.3250793650793651,0.0,1.1060546967200935e-07
0.3482993197278912,0.0,5.3759322327096015e-08
0.37151927437641724,0.0,6.783193384762853e-08
0.3947392290249433,0.0,3.339482645969838e-08
0.4179591836734694,0.0,6.069603841751814e-08
0.44117913832199546,0.0,5.846413841936737e-08
0.46439909297052157,0.0,7.500148058170453e-08
0.4876190476190476,0.0,4.977846401743591e-08
0.5108390022675737,0.0,4.294179234420881e-08
0.5340589569160998,0.0,5.117453838465735e-08
0.5572789115646258,0.0,4.4378793973010033e-08
0.5804988662131519,0.0,5.728361429646611e-08
0.603718820861678,0.0,6.798290996812284e-08
0.626938775510204,0.0,6.282971298787743e-08
0.6501587301587302,0.0,1.4261513570090756e-07
0.6733786848072563,0.0,1.089674697141163e-07
0.6965986394557824,0.0,5.925176083110273e-08
0.7198185941043084,0.0,5.577112460741773e-08
0.7430385487528345,0.0,2.3498614609707147e-08
0.7662585034013606,0.0,2.855267666745931e-08
0.7894784580498866,0.0,4.246703610988334e-08
0.8126984126984127,0.0,5.3420990298036486e-08
0.8359183673469388,0.0,3.190507413819432e-08
0.8591383219954649,0.0,2.339129423489794e-08
0.8823582766439909,0.0,1.8116224964614958e-08
0.905578231292517,0.0,1.6057128959801048e-08
0.9287981859410431,0.0,1.466924004489556e-08
0.9520181405895691,0.0,1.946136762853712e-08
0.9752380952380952,0.0,3.4337972465436906e-08
0.9984580498866213,0.0,5.456877261167392e-08
1.0216780045351475,0.0,3.758214006666094e-08
1.0448979591836736,0.0,1.5818659448996186e-07
1.0681179138321997,0.0,1.2980490282643586e-07
1.0913378684807256,0.0,2.8453450795495883e-06
1.1145578231292517,276.76575,4.961511876899749e-05
1.1377777777777778,278.37997,6.785868026781827e-05
1.1609977324263039,275.49265,7.33588240109384e-05
1.18421768707483,275.09277,7.416235166601837e-05
1.207437641723356,273.61594,7.17457733117044e-05
1.2306575963718822,268.1835,6.587510870303959e-05
1.253877551020408,261.00644,7.022417412372306e-05
1.2770975056689342,255.30339,5.5318647355306894e-05
1.3003174603174603,250.05878,6.29606656730175e-05
1.3235374149659864,253.13223,7.899886986706406e-05
1.3467573696145125,259.9665,0.00011693027045112103
1.3699773242630386,264.08694,0.00013438677706290036
1.3931972789115648,265.60776,0.0001328417711192742
1.4164172335600906,262.86124,0.00012160572805441916
1.4396371882086167,256.46133,8.014678314793855e-05
1.4628571428571429,246.72017,9.364519792143255e-05
1.486077097505669,245.22116,0.00010317156556993723
1.509297052154195,249.43352,9.538225276628509e-05
1.5325170068027212,259.56174,0.0001271984656341374
1.5557369614512473,267.3248,0.00015788868768140674
1.5789569160997732,269.84973,0.0001546104031149298
1.6021768707482993,267.35754,0.00015227400581352413
1.6253968253968254,261.78787,0.00013819360174238682
1.6486167800453515,256.3251,0.00010499934433028102
1.6718367346938776,252.50136,9.132699051406235e-05
1.6950566893424037,256.0672,9.730031888466328e-05
1.7182766439909298,263.20142,0.00011861144594149664
1.7414965986394557,269.7403,0.00012827130558434874
1.7647165532879818,278.18698,0.00015244729002006352
1.787936507936508,287.56342,0.00017013042815960944
1.811156462585034,292.69217,0.00017953745555132627
1.8343764172335602,292.25873,0.00021469403873197734
1.8575963718820863,287.1293,0.0001936083717737347
1.8808163265306124,280.19592,0.00017879728693515062
1.9040362811791383,274.2553,0.00017107960593421012
1.9272562358276644,275.4674,0.00019810716912616044
1.9504761904761905,284.10947,0.00018123637710232288
1.9736961451247166,297.5907,0.00013783987378701568
1.9969160997732427,306.66058,0.00011251372779952362
2.020136054421769,305.94788,0.00015731441089883447
2.043356009070295,297.485,0.00022982771042734385
2.066575963718821,289.46967,0.00024309931905008852
2.089795918367347,283.84152,0.0002185174816986546
2.1130158730158732,283.25763,0.00021306572307366878
2.1362358276643993,292.1927,0.00018013740191236138
2.159455782312925,303.17014,0.0001458465267205611
2.182675736961451,310.75513,0.00016123379464261234
2.2058956916099772,304.85718,0.000197388551896438
2.2291156462585033,297.76392,0.00025212395121343434
2.2523356009070294,292.9291,0.0002771721046883613
2.2755555555555556,290.18634,0.00025954595184884965
2.2987755102040817,291.42154,0.00023131731722969562
2.3219954648526078,296.29575,0.0001856442540884018
2.345215419501134,304.86398,0.0001406700466759503
2.36843537414966,314.74915,0.0001923496020026505
2.391655328798186,319.1022,0.00021690179710276425
2.414875283446712,319.92358,0.00022720791457686573
2.4380952380952383,317.20395,0.0001743525790516287
2.4613151927437644,312.44638,0.00017293024575337768
2.48453514739229,314.17426,0.00023554985818918794
2.507755102040816,321.762,0.00037264724960550666
2.5309750566893423,330.9912,0.000502973620314151
2.5541950113378684,338.8087,0.0004971098969690502
2.5774149659863945,343.86212,0.0005684100324288011
2.6006349206349206,342.67038,0.0007238795515149832
2.6238548752834467,338.32047,0.0005099175032228231
2.647074829931973,327.06128,0.00035612168721854687
2.670294784580499,319.52805,0.00035344925709068775
2.693514739229025,321.48996,0.000430304033216089
2.716734693877551,327.4852,0.0006412639049813151
2.7399546485260773,336.30917,0.0006742278346791863
2.7631746031746034,343.08017,0.000708909472450614
2.7863945578231295,343.45624,0.0008646133355796337
2.809614512471655,339.36758,0.0006653072778135538
2.8328344671201813,329.617,0.00038778706220909953
2.8560544217687074,320.696,0.00039171185926534235
2.8792743764172335,324.01654,0.00048264366341754794
2.9024943310657596,329.09744,0.0006015581311658025
2.9257142857142857,339.1854,0.0006387836765497923
2.948934240362812,347.24088,0.000589124159887433
2.972154195011338,350.68402,0.0004739146970678121
2.995374149659864,350.42584,0.0004889085539616644
3.01859410430839,347.02454,0.0005889034364372492
3.0418140589569163,343.4379,0.0008065016590990126
3.0650340136054424,341.19598,0.0008590599754825234
3.0882539682539685,340.85306,0.0008294936269521713
3.1114739229024946,343.0705,0.0008820854127407074
3.1346938775510207,347.90784,0.0006303906557150185
3.1579138321995464,354.10687,0.0005469089956022799
3.1811337868480725,354.02792,0.0006642065127380192
3.2043537414965986,345.09784,0.0007786655332893133
3.2275736961451247,339.47385,0.0008520099800080061
3.250793650793651,333.76962,0.0007607671432197094
3.274013605442177,333.9031,0.000777877401560545
3.297233560090703,343.96408,0.0007357223657891154
3.320453514739229,354.68146,0.0005632706452161074
3.3436734693877552,358.48972,0.0007626151200383902
3.3668934240362813,350.2396,0.0008357432670891285
3.3901133786848074,340.06488,0.0011341040953993797
3.4133333333333336,337.85986,0.0010069783311337233
3.4365532879818597,336.66,0.0009017306147143245
3.4597732426303858,342.2498,0.000900828221347183
3.4829931972789114,349.71448,0.0006646394613198936
3.5062131519274375,354.44165,0.0007037018658593297
3.5294331065759637,352.97064,0.0009440062567591667
3.5526530612244898,346.82877,0.0010073448065668344
3.575873015873016,343.58633,0.0011522029526531696
3.599092970521542,344.67105,0.0010198536328971386
3.622312925170068,354.02362,0.0005875607021152973
3.645532879818594,372.16724,0.0007103036041371524
3.6687528344671203,385.76752,0.0008366255788132548
3.6919727891156464,388.86523,0.0008173073874786496
3.7151927437641725,382.73135,0.0007950349827297032
3.7384126984126986,373.89578,0.0009222871158272028
3.7616326530612247,367.44162,0.0010815981077030301
3.784852607709751,368.0692,0.001073276624083519
3.8080725623582765,380.64285,0.0011584260500967503
3.8312925170068026,399.29633,0.001880304655060172
3.8545124716553287,407.25278,0.0017942762933671474
3.877732426303855,403.2708,0.0014039769303053617
3.900952380952381,389.42996,0.0012031201040372252
3.924172335600907,374.83618,0.0013019551988691092
3.947392290249433,370.608,0.001358694862574339
3.9706122448979593,372.90414,0.0011092545464634895
3.9938321995464854,382.47537,0.0011669860687106848
4.017052154195011,395.69022,0.0016257361276075244
4.040272108843538,404.0964,0.001997034065425396
4.063492063492063,404.1575,0.001709770760498941
4.08671201814059,395.87988,0.0017027024878188968
4.1099319727891155,384.9756,0.0014888811856508255
4.133151927437642,1128.0988,0.0014437081990763545
4.156371882086168,377.55585,0.0013126615667715669
4.179591836734694,383.48837,0.0013468589168041945
4.20281179138322,392.32388,0.0016789436340332031
4.2260317460317465,404.25323,0.0023370657581835985
4.249251700680272,417.6957,0.002516377018764615
4.272471655328799,424.6485,0.002300791209563613
4.295691609977324,424.208,0.002567918971180916
4.31891156462585,420.5466,0.002874036319553852
4.342131519274377,418.88254,0.003244279185310006
4.365351473922902,421.1352,0.003241180907934904
4.388571428571429,425.69357,0.00294418353587389
4.4117913832199545,436.46124,0.003306247293949127
4.435011337868481,449.66568,0.005013632588088512
4.458231292517007,456.84933,0.004573706071823835
4.481451247165533,455.62323,0.003927013836801052
4.504671201814059,443.54407,0.0032995999790728092
4.527891156462585,426.77792,0.00377443665638566
4.551111111111111,421.283,0.0038987123407423496
4.574331065759638,426.461,0.003217917401343584
4.597551020408163,438.60318,0.0036839330568909645
4.62077097505669,446.33533,0.0046802968718111515
4.6439909297052155,446.25574,0.004280541092157364
4.667210884353741,438.00824,0.003099596593528986
4.690430839002268,424.8995,0.003955714870244265
4.713650793650793,420.9426,0.003983892500400543
4.73687074829932,424.11536,0.003307313658297062
4.760090702947846,436.91168,0.0036559950094670057
4.783310657596372,449.04263,0.0058230385184288025
4.806530612244898,453.28314,0.005540849640965462
4.829750566893424,450.65216,0.005258526187390089
4.85297052154195,442.4201,0.0038483371026813984
4.876190476190477,431.94562,0.003256586380302906
4.899410430839002,430.7375,0.0034098199103027582
4.922630385487529,445.62012,0.00614710059016943
4.9458503401360545,467.0879,0.004489460960030556
4.96907029478458,489.19028,0.0031412318348884583
4.992290249433107,497.61142,0.0028576122131198645
5.015510204081632,493.73575,0.0035684844478964806
5.038730158730159,482.57788,0.006040792912244797
5.061950113378685,466.9294,0.009366140700876713
5.085170068027211,461.24774,0.007723401300609112
5.108390022675737,470.22098,0.005521133542060852
5.131609977324263,490.39905,0.0036050411872565746
5.154829931972789,508.7409,0.004373861942440271
5.178049886621316,512.9692,0.004276069812476635
5.201269841269841,506.09598,0.004618837498128414
5.224489795918368,485.32544,0.0072912173345685005
5.2477097505668935,466.2414,0.011407120153307915
5.27092970521542,460.8658,0.009704552590847015
5.294149659863946,469.0044,0.007492045871913433
5.317369614512471,487.29153,0.005100102163851261
5.340589569160998,508.11258,0.005917183123528957
5.363809523809524,509.08118,0.00677443016320467
5.38702947845805,496.6417,0.008134525269269943
5.410249433106576,475.24445,0.012503460049629211
5.433469387755102,462.83878,0.011934916488826275
5.456689342403628,468.31268,0.007680720649659634
5.479909297052155,486.80157,0.004441907629370689
5.50312925170068,510.41156,0.004099288955330849
5.526349206349207,522.14453,0.003064267337322235
5.5495691609977325,525.9171,0.003408158663660288
5.572789115646259,520.209,0.004270669538527727
5.596009070294785,504.42404,0.006273488514125347
5.61922902494331,481.92703,0.008002670481801033
5.642448979591837,477.8239,0.00769291864708066
5.6656689342403626,486.4178,0.004914451856166124
5.688888888888889,506.5205,0.0048613110557198524
5.712108843537415,526.60565,0.0037509554531425238
5.735328798185941,536.2937,0.003134161466732621
5.758548752834467,533.3357,0.0035955491475760937
5.7817687074829935,522.4549,0.004570307210087776
5.804988662131519,502.7357,0.0057587516494095325
5.828208616780046,481.67264,0.007129197008907795
5.851428571428571,481.61548,0.005861849989742041
5.874648526077098,499.33105,0.004914400167763233
5.897868480725624,518.335,0.004468310158699751
5.92108843537415,530.3014,0.00430795643478632
5.944308390022676,525.48975,0.004353395663201809
5.9675283446712015,511.13077,0.005152102559804916
5.990748299319728,495.72067,0.006718405522406101
6.013968253968254,487.51807,0.007121644448488951
6.03718820861678,493.05472,0.006336825434118509
6.060408163265306,500.82776,0.005563012324273586
6.0836281179138325,507.19833,0.005758299026638269
6.106848072562358,513.9717,0.0049878619611263275
6.130068027210885,531.68164,0.007382017560303211
6.15328798185941,556.6973,0.010872883722186089
6.176507936507937,579.8013,0.009211278520524502
6.199727891156463,597.2277,0.010579603724181652
6.222947845804989,597.2512,0.010969561524689198
6.246167800453515,584.1908,0.011228268034756184
6.269387755102041,566.2111,0.011752135120332241
6.292607709750567,557.5101,0.01381681114435196
6.315827664399093,561.7974,0.015002171508967876
6.339047619047619,576.1808,0.011272180825471878
6.362267573696145,590.37994,0.008315464481711388
6.3854875283446715,595.1883,0.007130050100386143
6.408707482993197,592.29047,0.008075627498328686
6.431927437641724,586.7466,0.011733822524547577
6.455147392290249,576.11646,0.015324477106332779
6.478367346938776,562.6895,0.016182173043489456
6.501587301587302,556.2071,0.020981591194868088
6.524807256235828,566.7557,0.018210535869002342
6.548027210884354,581.83453,0.012373354285955429
6.57124716553288,591.15485,0.011122087016701698
6.594467120181406,587.2041,0.01186399906873703
6.617687074829932,580.7549,0.013062858022749424
6.640907029478458,578.81506,0.013379672542214394
6.664126984126984,573.39264,0.010606242343783379
6.6873469387755105,532.6295,0.005372699350118637
6.710566893424036,503.39563,0.006106514949351549
6.733786848072563,495.8507,0.004897114355117083
6.757006802721088,504.16245,0.004428093787282705
6.780226757369615,516.28265,0.004396090283989906
6.8034467120181406,524.5092,0.004565483890473843
6.826666666666667,522.6898,0.004168056882917881
6.849886621315193,510.73422,0.003752763383090496
6.873106575963719,493.638,0.005591400433331728
6.896326530612245,483.00565,0.0063405716791749
6.9195464852607715,486.1991,0.00416555255651474
6.942766439909297,502.74527,0.003333363216370344
6.965986394557823,525.6627,0.0030426643788814545
6.989206349206349,534.1063,0.0020887749269604683
7.012426303854875,534.9352,0.002197094727307558
7.035646258503402,529.41864,0.0030705351382493973
7.058866213151927,512.9862,0.003801311831921339
7.082086167800454,491.21527,0.0059853196144104
7.1053061224489795,486.25977,0.004399220459163189
7.128526077097506,499.12582,0.0029691336676478386
7.151746031746032,517.20703,0.003301044227555394
7.174965986394558,526.56604,0.003229724010452628
7.198185941043084,524.47784,0.002801846945658326
7.2214058956916105,515.5406,0.0020176288671791553
7.244625850340136,503.71524,0.002280541229993105
7.267845804988662,499.79807,0.003072041319683194
7.291065759637188,494.70636,0.006573456339538097
7.314285714285714,480.6601,0.006156766787171364
7.337505668934241,463.0305,0.005627258215099573
7.360725623582766,460.4162,0.006431241985410452
7.383945578231293,471.13654,0.007116976659744978
7.4071655328798185,484.79623,0.004208461381494999
7.430385487528345,493.84393,0.0030224546790122986
7.453605442176871,495.30692,0.003903897712007165
7.476825396825397,488.49936,0.006362219341099262
7.500045351473923,477.56696,0.0067592645063996315
7.5232653061224495,462.8862,0.004985800012946129
7.546485260770975,457.55826,0.006409354507923126
7.569705215419502,465.70715,0.005492189433425665
7.592925170068027,485.1867,0.002507044468075037
7.616145124716553,508.85675,0.0025652539916336536
7.63936507936508,515.622,0.0026452771853655577
7.662585034013605,509.26862,0.0022431821562349796
7.685804988662132,495.08698,0.0043959468603134155
7.7090249433106575,477.35303,0.00636841356754303
7.732244897959184,463.36124,0.006833688355982304
7.75546485260771,467.96616,0.005216894671320915
7.778684807256236,481.193,0.003945815842598677
7.801904761904762,488.18005,0.00389072485268116
7.8251247165532885,485.45908,0.004579179920256138
7.848344671201814,476.1243,0.004223537631332874
7.871564625850341,459.28592,0.0028171231970191
7.894784580498866,437.93448,0.0025402826722711325
7.918004535147393,432.04483,0.002470728475600481
7.9412244897959186,441.01724,0.0027955174446105957
7.964444444444444,445.32172,0.0027223066426813602
7.987664399092971,441.75272,0.0023181536234915257
8.010884353741497,433.47253,0.0021826678421348333
8.034104308390022,424.88135,0.0026663991156965494
8.057324263038549,419.35355,0.0027574170380830765
8.080544217687075,419.40753,0.002810442354530096
8.103764172335602,430.39755,0.002802589675411582
8.126984126984127,445.7235,0.0038376343436539173
8.150204081632653,450.9457,0.00376419210806489
8.17342403628118,448.02264,0.0030702375806868076
8.196643990929706,439.4286,0.0022316216491162777
8.219863945578231,427.43445,0.002513085026293993
8.243083900226758,420.17123,0.002744971076026559
8.266303854875284,420.5014,0.002663411432877183
8.289523809523809,433.67557,0.002883975161239505
8.312743764172335,448.23083,0.0038953719194978476
8.335963718820862,451.3733,0.00319457333534956
8.359183673469389,444.59744,0.0021648870315402746
8.382403628117913,431.47757,0.0017813689773902297
8.40562358276644,425.6134,0.002048286609351635
8.428843537414966,430.18878,0.0019670133478939533
8.452063492063493,431.806,0.0019070336129516363
8.475283446712018,421.64154,0.001850896398536861
8.498503401360544,401.4926,0.0011822714004665613
8.52172335600907,389.6992,0.001228934619575739
8.544943310657597,392.3469,0.0014291075058281422
8.568163265306122,398.13324,0.0015950687229633331
8.591383219954649,397.7797,0.0014431546442210674
8.614603174603175,393.8458,0.0012152513954788446
8.6378231292517,386.19543,0.001069816411472857
8.661043083900227,376.06744,0.0016709350747987628
8.684263038548753,372.35388,0.001450647716410458
8.70748299319728,376.4593,0.0009045617189258337
8.730702947845804,388.94333,0.0013875728473067284
8.753922902494331,401.83487,0.0019055859884247184
8.777142857142858,406.93283,0.001629592850804329
8.800362811791384,402.95633,0.0010842117480933666
8.823582766439909,388.0984,0.0012422727886587381
8.846802721088435,369.5935,0.0015939583536237478
8.870022675736962,367.53058,0.001329563558101654
8.893242630385489,375.86386,0.0007981928647495806
8.916462585034013,392.03857,0.0011568167246878147
8.93968253968254,399.97693,0.0010941793443635106
8.962902494331066,397.6494,0.0008851166348904371
8.986122448979591,389.96402,0.0006105396896600723
9.009342403628118,379.51334,0.0005893055349588394
9.032562358276644,376.21625,0.0005678763263858855
9.05578231292517,376.78305,0.000827385054435581
9.079002267573696,369.69116,0.0009433433879166842
9.102222222222222,352.4322,0.0006824639858677983
9.125442176870749,339.64816,0.0009576133452355862
9.148662131519275,342.72183,0.0010481530334800482
9.1718820861678,347.17874,0.0008583172457292676
9.195102040816327,349.97357,0.0007051581633277237
9.218321995464853,349.80176,0.0007544384570792317
9.24154195011338,346.6898,0.0008387970738112926
9.264761904761905,342.01666,0.0009668336133472621
9.287981859410431,337.63876,0.0008166547631844878
9.311201814058958,333.3245,0.0007126611890271306
9.334421768707482,339.02228,0.0007663832511752844
9.357641723356009,348.79416,0.0006338955136016011
9.380861678004536,357.24686,0.000548768846783787
9.404081632653062,357.05673,0.0005282878410071135
9.427301587301587,346.30078,0.0006234165630303323
9.450521541950113,341.0274,0.0008432338945567608
9.47374149659864,338.42453,0.0007705946918576956
9.496961451247167,336.2952,0.0007347885984927416
9.520181405895691,342.67545,0.000754800857976079
9.543401360544218,355.97742,0.000629361835308373
9.566621315192744,364.6563,0.0007633700151927769
9.58984126984127,360.20374,0.0006188491825014353
9.613061224489796,350.2799,0.0005524515872821212
9.636281179138322,342.29462,0.0006663261447101831
9.659501133786849,344.48428,0.0007010498666204512
9.682721088435374,346.22565,0.0006665289402008057
9.7059410430839,344.34012,0.0006896687555126846
9.729160997732427,339.03772,0.0006827916367910802
9.752380952380953,329.82187,0.0005091071943752468
9.775600907029478,323.5137,0.0005013199988752604
9.798820861678005,322.34042,0.00044870818965137005
9.822040816326531,323.02835,0.0005469454918056726
9.845260770975058,328.6802,0.0005468663293868303
9.868480725623582,332.11282,0.000579224550165236
9.891700680272109,331.55508,0.000579272280447185
9.914920634920636,328.0555,0.0004886735696345568
9.93814058956916,323.15686,0.00037827721098437905
9.961360544217687,320.34686,0.00042487942846491933
9.984580498866213,324.23508,0.0005341317737475038
10.00780045351474,332.36063,0.0005574283422902226
10.031020408163265,338.57428,0.0005450345342978835
10.054240362811791,340.32687,0.0006355011137202382
10.077460317460318,335.60913,0.0005606762715615332
10.100680272108844,325.80484,0.0003774177166633308
10.12390022675737,318.73514,0.00030428048921748996
10.147120181405896,318.0267,0.0005364665994420648
10.170340136054422,326.85657,0.0006120070465840399
10.193560090702949,336.87753,0.0006244293181225657
10.216780045351474,340.3422,0.0006793529610149562
10.24,337.43417,0.0006846786709502339
10.263219954648527,331.57297,0.0005347088444977999
10.286439909297052,328.051,0.0005006749997846782
10.309659863945578,326.74612,0.00039926794124767184
10.332879818594105,323.03763,0.00028814355027861893
10.356099773242631,311.41077,0.00028443444170989096
10.379319727891156,293.55377,0.0003237638738937676
10.402539682539683,287.6902,0.00034681029501371086
10.425759637188209,291.11664,0.0003630183055065572
10.448979591836736,295.10596,0.00039695441955700517
10.47219954648526,295.8745,0.00035887083504348993
10.495419501133787,293.88507,0.00035621284041553736
10.518639455782314,288.1789,0.00033147778594866395
10.54185941043084,281.0105,0.00028536017634905875
10.565079365079365,277.19644,0.000324106658808887
10.588299319727891,282.64026,0.0003286557621322572
10.611519274376418,291.82004,0.0003249635628890246
10.634739229024943,296.38474,0.00035442414809949696
10.65795918367347,295.19754,0.0003441269218456
10.681179138321996,290.6569,0.0003606785321608186
10.704399092970522,283.64044,0.00029427569825202227
10.727619047619047,277.1319,0.0003205533139407635
10.750839002267574,277.68207,0.00031531660351902246
10.7740589569161,286.7491,0.0003551452828105539
10.797278911564627,297.65726,0.0003297529765404761
10.820498866213152,302.41586,0.00031875906279310584
10.843718820861678,297.1596,0.00032544523128308356
10.866938775510205,287.1732,0.0002758088521659374
10.890158730158731,280.69998,0.0002758381306193769
10.913378684807256,285.93384,0.0003155765007250011
10.936598639455783,295.97562,0.00037041521864011884
10.95981859410431,296.7055,0.0003439174615778029
10.983038548752834,288.28458,0.00027577747823670506
11.00625850340136,272.77255,0.00020727032097056508
11.029478458049887,261.42566,0.00017382150690536946
11.052698412698414,256.08188,0.00018005832680501044
11.075918367346938,257.6336,0.0002134860260412097
11.099138321995465,260.04886,0.00023711287940386683
11.122358276643991,259.95514,0.00022848504886496812
11.145578231292518,258.63336,0.00017954764189198613
11.168798185941043,255.20387,0.0001412613783031702
11.19201814058957,249.55568,0.0001494722964707762
11.215238095238096,248.79507,0.00015760930546093732
11.23845804988662,253.7932,0.00018244973034597933
11.261678004535147,262.5702,0.00022398660075850785
11.284897959183674,265.2097,0.00023117929231375456
11.3081179138322,265.82047,0.0002541365975048393
11.331337868480725,260.65436,0.00017409241991117597
11.354557823129252,250.87424,0.00013346709602046758
11.377777777777778,244.2807,0.00017828657291829586
11.400997732426305,246.38292,0.0001930378784891218
11.42421768707483,252.8272,0.00018381557310931385
11.447437641723356,266.40585,0.00024008705804590136
11.470657596371883,266.37064,0.00021473474043887109
11.49387755102041,266.22385,0.00022572933812625706
11.517097505668934,258.48605,0.000146389938890934
11.54031746031746,249.03424,0.00013411158579401672
11.563537414965987,244.00504,0.00016243912978097796
11.586757369614512,245.45638,0.00017644139006733894
11.609977324263038,252.57744,0.00019134997273795307
11.633197278911565,266.0219,0.00025380696752108634
11.656417233560092,265.24042,0.00022800038277637213
11.679637188208616,263.49615,0.0001464051310904324
11.702857142857143,255.96104,0.00011166270996909589
11.72607709750567,244.77718,0.00014215096598491073
11.749297052154196,241.83342,0.00015068678476382047
11.77251700680272,243.9145,0.00016089010750874877
11.795736961451247,251.5003,0.00016884866636246443
11.818956916099774,263.75745,0.00021786155411973596
11.8421768707483,265.63013,0.0002201455063186586
11.865396825396825,262.85312,0.00013034342555329204
11.888616780045352,255.18379,0.00010557555651757866
11.911836734693878,243.18152,0.00013849900278728455
11.935056689342403,239.58514,0.00012123784108553082
11.95827664399093,240.12317,0.00014038613880984485
11.981496598639456,248.0124,0.00015742330288048834
12.004716553287983,258.5266,0.00014478400407824665
12.027936507936507,268.18283,0.00017766750534065068
12.051156462585034,266.5001,0.00018637286848388612
12.07437641723356,263.17453,0.00013190724712330848
12.097596371882087,249.94177,0.00010804443445522338
12.120816326530612,240.10007,0.00013047512038610876
12.144036281179138,241.07562,0.0001333019172307104
12.167256235827665,248.55185,0.00016826203500386328
12.190476190476192,263.938,0.0001784044725354761
12.213696145124716,269.02078,0.0001974102051462978
12.236916099773243,264.6473,0.0001326648925896734
12.26013605442177,253.00357,9.720054367789999e-05
12.283356009070294,240.76585,0.0001231060887221247
12.30657596371882,240.18384,0.00013543677050620317
12.329795918367347,246.90274,0.0001724171597743407
12.353015873015874,258.43277,0.00018518308934289962
12.376235827664399,265.93802,0.0002265304938191548
12.399455782312925,260.6222,0.00013573189789894968
12.422675736961452,254.50453,9.925987978931516e-05
12.445895691609978,252.67227,0.00011020209058187902
12.469115646258503,265.706,0.0001147775401477702
12.49233560090703,272.4798,4.2247207602486014e-05
12.515555555555556,0.0,4.60183946415782e-06
12.538775510204083,0.0,4.3220370571361855e-07
12.561995464852608,0.0,3.3865308068925515e-07
12.585215419501134,0.0,8.927509043132886e-08
12.60843537414966,0.0,5.792662705061957e-08
12.631655328798185,0.0,6.675963959423825e-08
12.654875283446712,0.0,4.5084561861585826e-08
12.678095238095239,0.0,3.1085619411896914e-08
12.701315192743765,0.0,2.3156644601840526e-08
12.72453514739229,0.0,3.1250237952917814e-08
12.747755102040816,0.0,3.913100954378024e-08
12.770975056689343,0.0,9.275390766561031e-08
12.79419501133787,0.0,4.925368557451293e-08
12.817414965986394,0.0,6.576829036930576e-08
12.84063492063492,0.0,3.450350050115958e-08
12.863854875283447,0.0,2.205524651799351e-08
12.887074829931972,0.0,1.0276380635332316e-08
