0.0,0.0,1.048420017468743e-07
0.023219954648526078,0.0,2.32488673646003e-07
0.046439909297052155,0.0,3.2981461117742583e-07
0.06965986394557823,0.0,4.233297659084201e-07
0.09287981859410431,0.0,3.6454821383813396e-07
0.11609977324263039,0.0,8.085316949291155e-08
0.13931972789115646,0.0,3.5775610740529373e-07
0.16253968253968254,0.0,2.1665255189873278e-07
0.18575963718820862,0.0,7.498601917177439e-08
0.2089795918367347,0.0,1.7917773220688105e-07
0.23219954648526078,0.0,2.635215423651971e-07
0.25541950113378686,0.0,2.3167376639321446e-07
0.2786394557823129,0.0,1.537337084300816e-07
0.301859410430839,0.0,1.645012162043713e-07
0.3250793650793651,0.0,3.7319932744139805e-07
0.3482993197278912,0.0,1.3067437976133078e-07
0.37151927437641724,0.0,2.628430593176745e-07
0.3947392290249433,339.1115,1.1568115951376967e-05
0.4179591836734694,348.61252,4.981356323696673e-05
0.44117913832199546,352.49088,6.381685670930892e-05
0.46439909297052157,349.9731,0.0001055157626979053
0.4876190476190476,342.84506,0.0002057088422589004
0.5108390022675737,344.74207,0.0002507177705410868
0.5340589569160998,351.6207,0.000273065990768373
0.5572789115646258,363.90918,0.0005373450694605708
0.5804988662131519,370.13812,0.0006570036057382822
0.603718820861678,370.33472,0.0007820159662514925
0.626938775510204,363.17233,0.0006453348905779421
0.6501587301587302,343.55112,0.0009585394291207194
0.6733786848072563,332.21146,0.0007016813615337014
0.6965986394557824,329.02036,0.0008451524190604687
0.7198185941043084,341.78714,0.0011102030985057354
0.7430385487528345,363.27826,0.0011096852831542492
0.7662585034013606,382.75952,0.0007622859557159245
0.7894784580498866,386.6599,0.001210599672049284
0.8126984126984127,370.6336,0.0018287706188857555
0.8359183673469388,353.28207,0.001367244403809309
0.8591383219954649,337.212,0.0012260341318324208
0.8823582766439909,330.94803,0.0010374912526458502
0.905578231292517,333.45377,0.0014895428903400898
0.9287981859410431,351.67126,0.0019645369611680508
0.9520181405895691,373.07742,0.0014119843253865838
0.9752380952380952,382.46826,0.001203944906592369
0.9984580498866213,380.2381,0.0022851901594549417
1.0216780045351475,361.74313,0.002809427212923765
1.0448979591836736,343.3826,0.002283791545778513
1.0681179138321997,339.90936,0.002465908182784915
1.0913378684807256,348.05533,0.0016290444182232022
1.1145578231292517,379.24066,0.0021473567467182875
1.1377777777777778,419.78796,0.002578608226031065
1.1609977324263039,449.81833,0.0021712370216846466
1.18421768707483,460.03864,0.0028034362476319075
1.207437641723356,446.16193,0.0032852087169885635
1.2306575963718822,423.07635,0.0036266203969717026
1.253877551020408,411.78903,0.003697515930980444
1.2770975056689342,412.26648,0.004723310470581055
1.3003174603174603,439.08557,0.0033048633486032486
1.3235374149659864,470.08887,0.004777591675519943
1.3467573696145125,486.4972,0.005398801062256098
1.3699773242630386,482.7319,0.004232028033584356
1.3931972789115648,457.71576,0.005449227057397366
1.4164172335600906,431.11093,0.0053252363577485085
1.4396371882086167,415.70865,0.0051658498123288155
1.4628571428571429,415.91925,0.005565997678786516
1.486077097505669,440.57684,0.004261180758476257
1.509297052154195,468.9403,0.005842369981110096
1.5325170068027212,485.0117,0.0072082700207829475
1.5557369614512473,480.55078,0.005534961353987455
1.5789569160997732,448.9598,0.005419212393462658
1.6021768707482993,430.87662,0.0065124304965138435
1.6253968253968254,418.8901,0.006576031446456909
1.6486167800453515,425.12732,0.007125592324882746
1.6718367346938776,457.67767,0.006111230701208115
1.6950566893424037,474.51764,0.00902955885976553
1.7182766439909298,482.56433,0.008456965908408165
1.7414965986394557,475.0523,0.005684487521648407
1.7647165532879818,457.74982,0.005161109380424023
1.787936507936508,464.25284,0.007323025725781918
1.811156462585034,488.70663,0.004284193739295006
1.8343764172335602,532.19617,0.0033907005563378334
1.8575963718820863,557.9915,0.0027453170623630285
1.8808163265306124,566.8859,0.0028175553306937218
1.9040362811791383,545.7028,0.005283157341182232
1.9272562358276644,510.66058,0.009515726938843727
1.9504761904761905,497.3128,0.01633184216916561
1.9736961451247166,497.1166,0.008568141609430313
1.9969160997732427,520.1728,0.005839774385094643
2.020136054421769,545.6265,0.005604012869298458
2.043356009070295,563.6547,0.0067441132850945
2.066575963718821,558.7854,0.007061642594635487
2.089795918367347,532.8751,0.008256587199866772
2.1130158730158732,504.68417,0.019055768847465515
2.1362358276643993,491.50848,0.022655006498098373
2.159455782312925,492.24396,0.01176133006811142
2.182675736961451,524.0839,0.009646070189774036
2.2058956916099772,549.82416,0.011769241653382778
2.2291156462585033,567.63837,0.01068100519478321
2.2523356009070294,550.6853,0.009304201230406761
2.2755555555555556,527.67377,0.010202927514910698
2.2987755102040817,503.47778,0.022775065153837204
2.3219954648526078,496.15652,0.024860339239239693
2.345215419501134,505.6541,0.011439308524131775
2.36843537414966,534.23334,0.01667836867272854
2.391655328798186,571.86774,0.02077283151447773
2.414875283446712,588.99164,0.019864199683070183
2.4380952380952383,591.75946,0.02127508446574211
2.4613151927437644,586.9037,0.023072952404618263
2.48453514739229,589.1549,0.008956294506788254
2.507755102040816,639.69495,0.03474649786949158
2.5309750566893423,681.42395,0.06645980477333069
2.5541950113378684,739.6439,0.08122217655181885
2.5774149659863945,752.1161,0.08324921131134033
2.6006349206349206,741.56744,0.05902387946844101
2.6238548752834467,681.4658,0.07651407271623611
2.647074829931973,670.833,0.05721421539783478
2.670294784580499,669.61127,0.10839882493019104
2.693514739229025,698.68256,0.08253717422485352
2.716734693877551,730.5727,0.12726067006587982
2.7399546485260773,750.5277,0.1235075294971466
2.7631746031746034,750.8268,0.13793611526489258
2.7863945578231295,720.72675,0.0895930677652359
2.809614512471655,681.45807,0.14037029445171356
2.8328344671201813,673.6684,0.15612414479255676
2.8560544217687074,678.2309,0.13084283471107483
2.8792743764172335,722.55,0.16653160750865936
2.9024943310657596,761.3408,0.09983815252780914
2.9257142857142857,772.92267,0.1289578676223755
2.948934240362812,764.1026,0.16039937734603882
2.972154195011338,720.2581,0.09858390688896179
2.995374149659864,689.7112,0.17608772218227386
3.01859410430839,682.38043,0.15897074341773987
3.0418140589569163,699.37195,0.10125085711479187
3.0650340136054424,731.3852,0.11412622779607773
3.0882539682539685,740.803,0.05044661462306976
3.1114739229024946,677.31903,0.011977564543485641
3.1346938775510207,568.8671,0.006676561199128628
3.1579138321995464,536.33624,0.008500665426254272
3.1811337868480725,528.92676,0.00806378573179245
3.2043537414965986,533.50836,0.007996693253517151
3.2275736961451247,537.2698,0.007576326839625835
3.250793650793651,530.49164,0.00559505820274353
3.274013605442177,515.98676,0.005526708904653788
3.297233560090703,502.82806,0.007680091541260481
3.320453514739229,505.85474,0.0054868548177182674
3.3436734693877552,522.6385,0.007635434623807669
3.3668934240362813,544.1264,0.009870785288512707
3.3901133786848074,556.1233,0.009383028373122215
3.4133333333333336,550.74414,0.007831793278455734
3.4365532879818597,533.02795,0.0064531899988651276
3.4597732426303858,510.27228,0.008333705365657806
3.4829931972789114,496.28552,0.0126121137291193
3.5062131519274375,496.8507,0.007267416454851627
3.5294331065759637,522.9025,0.010435562580823898
3.5526530612244898,546.5967,0.013914048671722412
3.575873015873016,553.29755,0.011837304569780827
3.599092970521542,543.0429,0.007511034142225981
3.622312925170068,526.07996,0.005491352640092373
3.645532879818594,507.8457,0.006087210029363632
3.6687528344671203,508.50015,0.0057317172177135944
3.6919727891156464,525.50024,0.010534623637795448
3.7151927437641725,536.14996,0.010458674281835556
3.7384126984126986,540.65674,0.005975541193038225
3.7616326530612247,526.06116,0.005257994402199984
3.784852607709751,482.43,0.004132245201617479
3.8080725623582765,439.9109,0.003983909264206886
3.8312925170068026,431.30743,0.004161401651799679
3.8545124716553287,439.68423,0.0032379692420363426
3.877732426303855,449.75156,0.0036721457727253437
3.900952380952381,449.70584,0.003862716257572174
3.924172335600907,441.97397,0.0034036915749311447
3.947392290249433,430.85175,0.004316162317991257
3.9706122448979593,423.75702,0.004345988854765892
3.9938321995464854,420.73642,0.0046806978061795235
4.017052154195011,429.75684,0.00445911381393671
4.040272108843538,455.45224,0.005163251888006926
4.063492063492063,468.14145,0.004139740020036697
4.08671201814059,469.08365,0.002660852624103427
4.1099319727891155,454.4852,0.003229043912142515
4.133151927437642,437.25223,0.004314611200243235
4.156371882086168,420.8242,0.004784055985510349
4.179591836734694,416.07812,0.004822865128517151
4.20281179138322,425.7997,0.0034858486615121365
4.2260317460317465,450.5252,0.0036879079416394234
4.249251700680272,468.26816,0.0034683672711253166
4.272471655328799,468.95752,0.0027814528439193964
4.295691609977324,451.66318,0.004136118106544018
4.31891156462585,434.90488,0.004468172788619995
4.342131519274377,423.3062,0.004819523077458143
4.365351473922902,423.19528,0.004600794054567814
4.388571428571429,439.42462,0.00265686446800828
4.4117913832199545,455.7306,0.0022385844495147467
4.435011337868481,456.11404,0.002081475453451276
4.458231292517007,439.77994,0.002046634443104267
4.481451247165533,399.91437,0.0008478013332933187
4.504671201814059,354.69974,0.0007293192902579904
4.527891156462585,339.4469,0.0009172722930088639
4.551111111111111,341.51385,0.0007106753764674067
4.574331065759638,345.83478,0.0006013278616592288
4.597551020408163,350.67404,0.00039368635043501854
4.62077097505669,355.27798,0.0003476694109849632
4.6439909297052155,350.94223,0.0006252494640648365
4.667210884353741,343.6043,0.001021489268168807
4.690430839002268,340.14688,0.000958991760853678
4.713650793650793,336.93073,0.0009326621657237411
4.73687074829932,341.5031,0.0008189181098714471
4.760090702947846,355.06424,0.0008114097872748971
4.783310657596372,369.72305,0.0013400649186223745
4.806530612244898,368.95633,0.0011365216923877597
4.829750566893424,365.39792,0.0008729265537112951
4.85297052154195,350.19794,0.0012482258025556803
4.876190476190477,337.72733,0.001201856997795403
4.899410430839002,331.74548,0.0009218960767611861
4.922630385487529,334.55154,0.0009382546995766461
4.9458503401360545,351.06833,0.0009075013222172856
4.96907029478458,366.37967,0.0014498657546937466
4.992290249433107,373.04724,0.001167855691164732
5.015510204081632,371.833,0.0009353031637147069
5.038730158730159,358.4143,0.0007013438735157251
5.061950113378685,341.95264,0.0011411120649427176
5.085170068027211,333.57922,0.0008626140770502388
5.108390022675737,331.17618,0.0009002940496429801
5.131609977324263,340.4554,0.0007597052026540041
5.154829931972789,356.87646,0.0009432823862880468
5.178049886621316,372.00476,0.0013096318580210209
5.201269841269841,372.49988,0.0010630059987306595
5.224489795918368,367.8211,0.0007660468108952045
5.2477097505668935,350.69534,0.0009622093639336526
5.27092970521542,336.38367,0.0008899614913389087
5.294149659863946,328.77585,0.0008567712502554059
5.317369614512471,332.07874,0.0008366475813090801
5.340589569160998,348.9065,0.0007759516593068838
5.363809523809524,367.02853,0.0011876922799274325
5.38702947845805,377.60577,0.0008766999235376716
5.410249433106576,374.79044,0.0007735304534435272
5.433469387755102,357.64914,0.000611115712672472
5.456689342403628,337.1978,0.001002246979624033
5.479909297052155,652.33124,0.0011758874170482159
5.50312925170068,324.44794,0.000856779923196882
5.526349206349207,335.15152,0.0005794165772385895
5.5495691609977325,356.6157,0.0006959587335586548
5.572789115646259,375.48407,0.0007787584327161312
5.596009070294785,376.75104,0.0005647389916703105
5.61922902494331,365.9597,0.0004979011719115078
5.642448979591837,341.04007,0.0008202407043427229
5.6656689342403626,659.03326,0.0009064871119335294
5.688888888888889,324.79288,0.0006837334367446601
5.712108843537415,336.60382,0.0004319684812799096
5.735328798185941,358.58237,0.0005682907649315894
5.758548752834467,376.2522,0.0006556934677064419
5.7817687074829935,377.3452,0.00042173394467681646
5.804988662131519,364.67325,0.00032802342320792377
5.828208616780046,339.27536,0.00047359857126139104
5.851428571428571,328.18906,0.00044064963003620505
5.874648526077098,326.37534,0.0002946029417216778
5.897868480725624,341.8571,0.00019977294141426682
5.92108843537415,364.5369,0.00031412235694006085
5.944308390022676,371.53726,0.00024350105377379805
5.9675283446712015,364.437,0.00010993675095960498
5.990748299319728,340.10602,0.00015316446661017835
6.013968253968254,328.96957,9.266682900488377e-05
6.03718820861678,324.49832,8.045793219935149e-05
6.060408163265306,357.44046,0.00012504338519647717
6.0836281179138325,384.745,0.0001185796718345955
6.106848072562358,392.03992,1.544637416373007e-05
6.130068027210885,0.0,2.1572459445451386e-06
6.15328798185941,0.0,8.108654583338648e-07
6.176507936507937,0.0,1.7179900169139728e-07
6.199727891156463,0.0,1.6147532733157277e-07
6.222947845804989,0.0,8.493498171446845e-08
6.246167800453515,0.0,7.578455551993102e-08
6.269387755102041,0.0,7.775634003337473e-08
6.292607709750567,0.0,2.013321136473678e-07
6.315827664399093,0.0,1.2437067198334262e-07
6.339047619047619,0.0,6.76518538966775e-08
6.362267573696145,0.0,3.8363396015483886e-08
