0.0,0.0,1.8405262380838394e-07
0.023219954648526078,0.0,9.441009751753882e-08
0.046439909297052155,0.0,1.1825250112451613e-07
0.06965986394557823,0.0,1.7490401660325006e-07
0.09287981859410431,0.0,1.0146050044568256e-07
0.11609977324263039,0.0,5.109177436679602e-08
0.13931972789115646,0.0,4.6742570702917874e-08
0.16253968253968254,0.0,6.482514436356723e-08
0.18575963718820862,0.0,1.8882928998209536e-07
0.2089795918367347,0.0,9.676023182692006e-08
0.23219954648526078,0.0,7.416019798256457e-08
0.25541950113378686,0.0,8.32569639896974e-08
0.2786394557823129,0.0,1.078624336514622e-07
0.301859410430839,0.0,1.1017255019396544e-07
0.3250793650793651,0.0,1.5139812603592873e-07
0.3482993197278912,0.0,1.1547217582119629e-07
0.37151927437641724,0.0,6.632853910559788e-08
0.3947392290249433,0.0,6.38383426121436e-08
0.4179591836734694,0.0,4.371395334601402e-08
0.44117913832199546,0.0,6.71680027153343e-08
0.46439909297052157,0.0,1.305861587752588e-07
0.4876190476190476,0.0,1.0582334653008729e-07
0.5108390022675737,0.0,7.33998604118824e-08
0.5340589569160998,0.0,2.9725015338044614e-08
0.5572789115646258,167.1264,1.7086989828385413e-05
0.5804988662131519,362.78467,7.022852514637634e-05
0.603718820861678,356.4364,7.503533561248332e-05
0.626938775510204,347.77475,0.00011852454917971045
0.6501587301587302,334.10748,4.513719613896683e-05
0.6733786848072563,322.46133,8.322985377162695e-05
0.6965986394557824,331.9051,0.00012615480227395892
0.7198185941043084,343.76675,0.0002577855484560132
0.7430385487528345,361.3587,0.00030629237880930305
0.7662585034013606,368.25052,0.00045838599908165634
0.7894784580498866,363.4906,0.0003112255362793803
0.8126984126984127,357.75912,0.00021504143660422415
0.8359183673469388,347.2686,0.0004252658109180629
0.8591383219954649,344.64124,0.0006329710013233125
0.8823582766439909,347.06772,0.000592262833379209
0.905578231292517,358.61694,0.0007058172486722469
0.9287981859410431,376.5947,0.000963029800914228
0.9520181405895691,382.84503,0.0008123800507746637
0.9752380952380952,378.29062,0.0007004545768722892
0.9984580498866213,367.02014,0.00046913654659874737
1.0216780045351475,350.43933,0.0005326998652890325
1.0448979591836736,342.27917,0.0008243381744250655
1.0681179138321997,346.15335,0.0008093774667941034
1.0913378684807256,362.3806,0.0012002672301605344
1.1145578231292517,382.34442,0.0011026732390746474
1.1377777777777778,390.26352,0.0009498642757534981
1.1609977324263039,379.84576,0.0006078376900404692
1.18421768707483,365.63486,0.00042902128188870847
1.207437641723356,353.8545,0.0003166521491948515
1.2306575963718822,358.2087,0.0007164995186030865
1.253877551020408,381.19943,0.0014047978911548853
1.2770975056689342,406.21222,0.0013953455490991473
1.3003174603174603,425.5065,0.0012685086112469435
1.3235374149659864,426.91782,0.0013067874824628234
1.3467573696145125,414.94986,0.0013361724559217691
1.3699773242630386,396.43823,0.0011845044791698456
1.3931972789115648,385.94077,0.001077165943570435
1.4164172335600906,390.04315,0.0019001124892383814
1.4396371882086167,406.61606,0.0017712716944515705
1.4628571428571429,426.85037,0.0015184162184596062
1.486077097505669,431.51904,0.001596664427779615
1.509297052154195,422.64612,0.0017275270074605942
1.5325170068027212,407.46802,0.0016828179359436035
1.5557369614512473,391.61542,0.0013261339627206326
1.5789569160997732,384.63727,0.0015363326529040933
1.6021768707482993,396.21307,0.0024631309788674116
1.6253968253968254,415.6682,0.0017506708391010761
1.6486167800453515,426.3604,0.0018936451524496078
1.6718367346938776,423.10208,0.0017988156760111451
1.6950566893424037,411.48596,0.0016525732353329659
1.7182766439909298,394.68817,0.0014887531287968159
1.7414965986394557,389.25372,0.0018329148879274726
1.7647165532879818,404.55206,0.0018146112561225891
1.787936507936508,445.76465,0.0021345228888094425
1.811156462585034,470.11066,0.0032544194255024195
1.8343764172335602,475.45538,0.0025743767619132996
1.8575963718820863,461.79147,0.0014093490317463875
1.8808163265306124,439.88602,0.0019450767431408167
1.9040362811791383,424.01712,0.0023282370530068874
1.9272562358276644,422.68213,0.002085362561047077
1.9504761904761905,439.5671,0.0025229724124073982
1.9736961451247166,464.82037,0.004555538296699524
1.9969160997732427,476.76608,0.0052565643563866615
2.020136054421769,474.6296,0.0028879628516733646
2.043356009070295,457.5238,0.0020412723533809185
2.066575963718821,436.8247,0.002485021948814392
2.089795918367347,426.8114,0.0027579949237406254
2.1130158730158732,435.9747,0.0029395518358796835
2.1362358276643993,459.98093,0.005001465789973736
2.159455782312925,476.49527,0.00753314234316349
2.182675736961451,483.07822,0.006446956656873226
2.2058956916099772,477.8172,0.003519311547279358
2.2291156462585033,459.49042,0.0022085055243223906
2.2523356009070294,441.39444,0.0021629780530929565
2.2755555555555556,439.7891,0.002302215900272131
2.2987755102040817,458.73718,0.004503853619098663
2.3219954648526078,483.58102,0.005827722605317831
2.345215419501134,496.0354,0.004934233147650957
2.36843537414966,498.96198,0.0070887962356209755
2.391655328798186,487.005,0.0044040316715836525
2.414875283446712,462.2031,0.0022409367375075817
2.4380952380952383,444.1617,0.0023951902985572815
2.4613151927437644,449.91147,0.003715623402968049
2.48453514739229,470.31256,0.00769852614030242
2.507755102040816,491.98865,0.005349785089492798
2.5309750566893423,505.6224,0.004833616316318512
2.5541950113378684,503.24832,0.006979909725487232
2.5774149659863945,487.8031,0.00506848469376564
2.6006349206349206,464.0604,0.002518158871680498
2.6238548752834467,447.48547,0.0031650427263230085
2.647074829931973,454.76038,0.004871773533523083
2.670294784580499,479.07043,0.007908133789896965
2.693514739229025,503.28754,0.0030859559774398804
2.716734693877551,517.02637,0.0026121896225959063
2.7399546485260773,511.60156,0.004601745866239071
2.7631746031746034,497.55447,0.007609477266669273
2.7863945578231295,480.0929,0.004875876009464264
2.809614512471655,471.8791,0.007116834167391062
2.8328344671201813,485.63242,0.004711031913757324
2.8560544217687074,523.0941,0.0023729708045721054
2.8792743764172335,539.7463,0.002364047337323427
2.9024943310657596,550.79944,0.0025415525306016207
2.9257142857142857,545.68445,0.0034306689631193876
2.948934240362812,526.7088,0.004226834513247013
2.972154195011338,505.8708,0.006205607205629349
2.995374149659864,507.87125,0.0030720713548362255
3.01859410430839,525.46313,0.003948810510337353
3.0418140589569163,546.10956,0.0027407081797719
3.0650340136054424,562.2113,0.0022894248832017183
3.0882539682539685,564.8407,0.0029497365467250347
3.1114739229024946,551.9746,0.0058076828718185425
3.1346938775510207,531.6605,0.006442680023610592
3.1579138321995464,507.98663,0.010848702862858772
3.1811337868480725,504.72955,0.007123161572962999
3.2043537414965986,520.9636,0.005221025086939335
3.2275736961451247,548.4841,0.003324535908177495
3.250793650793651,574.51697,0.004768042825162411
3.274013605442177,581.38574,0.005517597310245037
3.297233560090703,568.5803,0.005415237043052912
3.320453514739229,542.06714,0.007126379292458296
3.3436734693877552,518.11633,0.005763424560427666
3.3668934240362813,516.90186,0.004459175281226635
3.3901133786848074,536.96423,0.003570667700842023
3.4133333333333336,576.0045,0.002039387123659253
3.4365532879818597,597.9821,0.00033319773501716554
3.4597732426303858,643.45197,0.0014769653789699078
3.4829931972789114,623.3126,0.006084194406867027
3.5062131519274375,585.1826,0.005298390053212643
3.5294331065759637,560.72174,0.004419670440256596
3.5526530612244898,560.78845,0.003334935288876295
3.575873015873016,578.8111,0.0034273092169314623
3.599092970521542,594.79004,0.0019344224128872156
3.622312925170068,638.2877,0.008717640303075314
3.645532879818594,631.3906,0.003974385093897581
3.6687528344671203,634.0265,0.006020211149007082
3.6919727891156464,588.07,0.008033758029341698
3.7151927437641725,564.04706,0.0063306535594165325
3.7384126984126986,561.25836,0.004668340086936951
3.7616326530612247,580.6056,0.003185214474797249
3.784852607709751,633.48096,0.01688271574676037
3.8080725623582765,646.3657,0.03455202654004097
3.8312925170068026,661.24335,0.01934705674648285
3.8545124716553287,643.89014,0.004302904009819031
3.877732426303855,636.4483,0.007526257075369358
3.900952380952381,592.004,0.006407212931662798
3.924172335600907,594.378,0.0018058049026876688
3.947392290249433,634.23145,0.03419006988406181
3.9706122448979593,663.76306,0.0779455304145813
3.9938321995464854,696.97736,0.029784778133034706
4.017052154195011,705.9415,0.043526552617549896
4.040272108843538,684.9062,0.061011798679828644
4.063492063492063,655.7956,0.007884211838245392
4.08671201814059,633.49585,0.01157644297927618
4.1099319727891155,630.32776,0.039068691432476044
4.133151927437642,660.8115,0.09198834002017975
4.156371882086168,698.8954,0.05128727853298187
4.179591836734694,717.91516,0.08000552654266357
4.20281179138322,715.9272,0.05289234593510628
4.2260317460317465,692.339,0.09218072891235352
4.249251700680272,657.6853,0.016956984996795654
4.272471655328799,635.68427,0.029281172901391983
4.295691609977324,639.17426,0.06403946876525879
4.31891156462585,674.6624,0.10100056231021881
4.342131519274377,718.75616,0.1346760094165802
4.365351473922902,733.3355,0.14360004663467407
4.388571428571429,735.3806,0.0914226695895195
4.4117913832199545,701.68414,0.08947178721427917
4.435011337868481,675.3443,0.07622699439525604
4.458231292517007,661.26324,0.05513733997941017
4.481451247165533,664.2529,0.12504875659942627
4.504671201814059,701.5783,0.10404425859451294
4.527891156462585,741.5585,0.1400478482246399
4.551111111111111,754.89844,0.16187839210033417
4.574331065759638,749.18396,0.10957464575767517
4.597551020408163,701.6383,0.09854550659656525
4.62077097505669,674.96674,0.09352298825979233
4.6439909297052155,663.4053,0.09640098363161087
4.667210884353741,670.33954,0.12994810938835144
4.690430839002268,716.9006,0.14243048429489136
4.713650793650793,741.26105,0.1664879024028778
4.73687074829932,750.51447,0.18701055645942688
4.760090702947846,741.3057,0.11161333322525024
4.783310657596372,698.8572,0.13172894716262817
4.806530612244898,672.2066,0.08259258419275284
4.829750566893424,656.7956,0.09728701412677765
4.85297052154195,673.936,0.15370383858680725
4.876190476190477,718.982,0.2078680694103241
4.899410430839002,745.2971,0.202417254447937
4.922630385487529,756.87537,0.2464522421360016
4.9458503401360545,747.6441,0.1748432219028473
4.96907029478458,703.107,0.13784539699554443
4.992290249433107,677.5869,0.22305592894554138
5.015510204081632,671.42377,0.25900986790657043
5.038730158730159,682.5353,0.12435461580753326
5.061950113378685,724.4832,0.268393337726593
5.085170068027211,749.77124,0.18599508702754974
5.108390022675737,764.3114,0.23039719462394714
5.131609977324263,755.801,0.20415259897708893
5.154829931972789,720.6019,0.0684404969215393
5.178049886621316,703.6592,0.05912793055176735
5.201269841269841,719.35846,0.17647597193717957
5.224489795918368,400.07718,0.09733069688081741
5.2477097505668935,807.57477,0.2783639132976532
5.27092970521542,829.3499,0.22878804802894592
5.294149659863946,829.3781,0.18906459212303162
5.317369614512471,804.37775,0.07240279018878937
5.340589569160998,760.29126,0.1998077630996704
5.363809523809524,749.3572,0.16402357816696167
5.38702947845805,758.88245,0.07947064191102982
5.410249433106576,803.63824,0.2660398483276367
5.433469387755102,828.23895,0.26246318221092224
5.456689342403628,841.4403,0.2623981833457947
5.479909297052155,835.28314,0.2530421018600464
5.50312925170068,808.5122,0.09930501133203506
5.526349206349207,761.30975,0.23967570066452026
5.5495691609977325,742.9404,0.20803503692150116
5.572789115646259,749.34955,0.10407264530658722
5.596009070294785,800.81714,0.2952183485031128
5.61922902494331,828.8074,0.267498642206192
5.642448979591837,842.541,0.2256837785243988
5.6656689342403626,831.0318,0.14981140196323395
5.688888888888889,767.0361,0.11340263485908508
5.712108843537415,720.83856,0.050994306802749634
5.735328798185941,703.6497,0.04449912905693054
5.758548752834467,717.072,0.09705953299999237
5.7817687074829935,732.75073,0.0883738249540329
5.804988662131519,753.3091,0.07011649012565613
5.828208616780046,758.1708,0.09926754236221313
5.851428571428571,741.54584,0.07957302033901215
5.874648526077098,704.16943,0.05959881469607353
5.897868480725624,689.26135,0.07960539311170578
5.92108843537415,694.6569,0.05073324963450432
5.944308390022676,720.5032,0.10169817507266998
5.9675283446712015,747.5622,0.042199552059173584
5.990748299319728,768.6134,0.02243848517537117
6.013968253968254,768.0591,0.07918158173561096
6.03718820861678,739.2944,0.06044130027294159
6.060408163265306,694.1532,0.08545119315385818
6.0836281179138325,674.6485,0.1006876528263092
6.106848072562358,677.4172,0.06108483299612999
6.130068027210885,705.1027,0.07315725833177567
6.15328798185941,731.3203,0.07155292481184006
6.176507936507937,745.6244,0.0651865154504776
6.199727891156463,722.0134,0.03941074758768082
6.222947845804989,676.12683,0.03571277856826782
6.246167800453515,654.1544,0.02058308571577072
6.269387755102041,649.84766,0.03358174115419388
6.292607709750567,665.9378,0.045628614723682404
6.315827664399093,685.6798,0.020095493644475937
6.339047619047619,704.83765,0.02079581469297409
6.362267573696145,701.66907,0.025380374863743782
6.3854875283446715,681.5856,0.03844646364450455
6.408707482993197,657.0092,0.01322353444993496
6.431927437641724,638.04114,0.01923675462603569
6.455147392290249,642.07715,0.0327213890850544
6.478367346938776,663.3489,0.039376698434352875
6.501587301587302,700.5065,0.030875690281391144
6.524807256235828,721.3744,0.04679706692695618
6.548027210884354,720.86096,0.02486015111207962
6.57124716553288,683.7183,0.02833971567451954
6.594467120181406,657.3674,0.00975107029080391
6.617687074829932,638.56964,0.014065811410546303
6.640907029478458,644.04846,0.02635730430483818
6.664126984126984,676.97845,0.02182905748486519
6.6873469387755105,707.2471,0.022430717945098877
6.710566893424036,708.2488,0.012747695669531822
6.733786848072563,674.16144,0.005841652397066355
6.757006802721088,634.9336,0.001336103305220604
6.780226757369615,611.4155,0.002057755598798394
6.8034467120181406,599.3421,0.0021111033856868744
6.826666666666667,605.53204,0.002949281595647335
6.849886621315193,624.5729,0.0026066924910992384
6.873106575963719,627.6972,0.0014233192196115851
6.896326530612245,621.4173,0.0031982995569705963
6.9195464852607715,591.8987,0.005639179144054651
6.942766439909297,582.3809,0.004359584301710129
6.965986394557823,579.9345,0.0034144949167966843
6.989206349206349,586.8545,0.004269525874406099
7.012426303854875,633.3373,0.0077433777041733265
7.035646258503402,646.0288,0.007190070580691099
7.058866213151927,647.1175,0.002386422362178564
7.082086167800454,631.25586,0.0027751270681619644
7.1053061224489795,586.34863,0.004653603304177523
7.128526077097506,579.2695,0.0032664984464645386
7.151746031746032,579.52704,0.0024631989654153585
7.174965986394558,592.3438,0.003761876840144396
7.198185941043084,634.72,0.0030698291957378387
7.2214058956916105,633.75024,0.0014073227066546679
7.244625850340136,583.62836,0.001950827776454389
7.267845804988662,542.0355,0.0025441618636250496
7.291065759637188,534.1393,0.0019837478175759315
7.314285714285714,533.093,0.001944312360137701
7.337505668934241,541.6479,0.0011394321918487549
7.360725623582766,550.38794,0.0009254000033251941
7.383945578231293,550.86017,0.0023457726929336786
7.4071655328798185,540.1588,0.0026643285527825356
7.430385487528345,522.51794,0.0016091091092675924
7.453605442176871,513.82904,0.001275695743970573
7.476825396825397,527.52435,0.0022449051029980183
7.500045351473923,546.30817,0.0006725617568008602
7.5232653061224495,571.52893,0.001976963598281145
7.546485260770975,577.42175,0.0021508093923330307
7.569705215419502,569.96655,0.0013747559860348701
7.592925170068027,539.7293,0.0027506412006914616
7.616145124716553,517.55133,0.0021496566478163004
7.63936507936508,507.78348,0.0012259315699338913
7.662585034013605,524.0548,0.0019178228685632348
7.685804988662132,538.9015,0.0006902629975229502
7.7090249433106575,567.16034,0.000879075494594872
7.732244897959184,565.40875,0.0008190908702090383
7.75546485260771,538.66113,0.002184478100389242
7.778684807256236,501.07806,0.005842004436999559
7.801904761904762,481.3582,0.005011842120438814
7.8251247165532885,476.144,0.005375860724598169
7.848344671201814,483.2363,0.004299175925552845
7.871564625850341,495.67435,0.0015624600928276777
7.894784580498866,506.58096,0.0019283313304185867
7.918004535147393,501.74756,0.004326203837990761
7.9412244897959186,492.24103,0.00629979744553566
7.964444444444444,477.19443,0.0031629474833607674
7.987664399092971,461.526,0.0024561285972595215
8.010884353741497,465.3017,0.00405799550935626
8.034104308390022,480.1721,0.005316847003996372
8.057324263038549,492.79016,0.001860939897596836
8.080544217687075,505.85236,0.0020703496411442757
8.103764172335602,501.14148,0.004948807880282402
8.126984126984127,491.40646,0.006869534961879253
8.150204081632653,477.34967,0.003708381438627839
8.17342403628118,459.89407,0.0030225301161408424
8.196643990929706,461.09595,0.003898192895576358
8.219863945578231,479.28375,0.00554713374003768
8.243083900226758,492.39362,0.002206368837505579
8.266303854875284,503.72687,0.00300028920173645
8.289523809523809,496.73743,0.00597111601382494
8.312743764172335,479.50763,0.0031523634679615498
8.335963718820862,445.34894,0.0033717346377670765
8.359183673469389,441.5225,0.002449523890390992
8.382403628117913,451.3291,0.002246871357783675
8.40562358276644,469.2449,0.003261777339503169
8.428843537414966,477.6899,0.0040916139259934425
8.452063492063493,476.49643,0.0028921791817992926
8.475283446712018,461.30963,0.002471719868481159
8.498503401360544,441.6683,0.004484117031097412
8.52172335600907,430.3375,0.004854549188166857
8.544943310657597,428.47943,0.0040803272277116776
8.568163265306122,441.69037,0.0018678986234590411
8.591383219954649,464.91986,0.0030635271687060595
8.614603174603175,477.61365,0.004441157914698124
8.6378231292517,478.92117,0.0038293865509331226
8.661043083900227,469.01578,0.0022097830660641193
8.684263038548753,448.71988,0.0035917002242058516
8.70748299319728,434.54037,0.005049894098192453
8.730702947845804,431.86618,0.004067898727953434
8.753922902494331,444.6728,0.002299619372934103
8.777142857142858,466.82132,0.0038488334976136684
8.800362811791384,476.75125,0.004884183872491121
8.823582766439909,475.97614,0.0034245362039655447
8.846802721088435,460.42828,0.0031071356497704983
8.870022675736962,422.88058,0.0027835816144943237
8.893242630385489,398.57254,0.0014567915350198746
8.916462585034013,391.86462,0.0019542062655091286
8.93968253968254,402.18848,0.002700699493288994
8.962902494331066,413.12442,0.0026043991092592478
8.986122448979591,417.20905,0.0026205640751868486
9.009342403628118,413.58957,0.002014653757214546
9.032562358276644,402.90314,0.0012416065437719226
9.05578231292517,391.54376,0.000973521382547915
9.079002267573696,385.12323,0.0011128904297947884
9.102222222222222,391.1019,0.0019369196379557252
9.125442176870749,404.2506,0.002661488950252533
9.148662131519275,417.10107,0.0026419206988066435
9.1718820861678,422.0811,0.0027694334276020527
9.195102040816327,417.15988,0.001984596950933337
9.218321995464853,404.35007,0.0012406990863382816
9.24154195011338,391.47232,0.0009828079491853714
9.264761904761905,381.22913,0.0011328501859679818
9.287981859410431,387.377,0.0018151674885302782
9.311201814058958,405.2554,0.0024612077977508307
9.334421768707482,416.22556,0.0023036154452711344
9.357641723356009,415.91745,0.0018136920407414436
9.380861678004536,403.9078,0.0010069503914564848
9.404081632653062,380.99896,0.000529864861164242
9.427301587301587,356.31165,0.00017039975500665605
9.450521541950113,345.11322,0.0002485073055140674
9.47374149659864,355.71445,0.0003170569834765047
9.496961451247167,368.57175,0.0008641058811917901
9.520181405895691,370.3286,0.0006170807173475623
9.543401360544218,369.72604,0.00042543947347439826
9.566621315192744,358.575,0.00011585494939936325
9.58984126984127,341.5518,0.00023627883638255298
9.613061224489796,339.18503,0.00018507176719140261
9.636281179138322,341.16046,0.00026367977261543274
9.659501133786849,352.0914,0.0003705819835886359
9.682721088435374,369.5633,0.0007856725133024156
9.7059410430839,377.98535,0.0006256260676309466
9.729160997732427,379.91626,0.0005514114163815975
9.752380952380953,370.76678,0.00034501051413826644
9.775600907029478,355.16412,0.0001326299534412101
9.798820861678005,337.3468,0.00021181904594413936
9.822040816326531,339.07227,0.00016504127415828407
9.845260770975058,343.26395,0.0002986550098285079
9.868480725623582,358.5567,0.0004884127411060035
9.891700680272109,372.0017,0.0006497596041299403
9.914920634920636,372.09695,0.00044650936615653336
9.93814058956916,367.6795,0.00026808318216353655
9.961360544217687,355.89896,8.982945291791111e-05
9.984580498866213,339.91232,0.00018428730254527181
10.00780045351474,338.50308,0.00010709073103498667
10.031020408163265,339.84763,0.00021125454804860055
10.054240362811791,356.1876,0.0003946509095840156
10.077460317460318,375.11136,0.0005761888460256159
10.100680272108844,380.1721,0.0004398579185362905
10.12390022675737,375.28372,0.0002836097264662385
10.147120181405896,364.15863,8.240435272455215e-05
10.170340136054422,341.7589,0.00012830574996769428
10.193560090702949,339.41187,0.00012262543896213174
10.216780045351474,344.94214,0.00018690215074457228
10.24,362.46466,0.0004211606574244797
10.263219954648527,380.5663,0.00034595176111906767
10.286439909297052,387.35965,0.00027539621805772185
10.309659863945578,378.29794,0.00021489476785063744
10.332879818594105,365.43896,4.87249308207538e-05
10.356099773242631,339.48593,7.731946971034631e-05
10.379319727891156,343.16748,0.00011250122770434245
10.402539682539683,356.602,0.00020621140720322728
10.425759637188209,381.78513,0.00021816548542119563
10.448979591836736,394.25385,3.568359898054041e-05
10.47219954648526,0.0,2.258563654322643e-06
10.495419501133787,0.0,2.6524685381446034e-07
10.518639455782314,0.0,1.472026269766502e-07
10.54185941043084,0.0,6.313257472356781e-08
10.565079365079365,0.0,5.5912096286192536e-08
10.588299319727891,0.0,8.861388778313994e-08
10.611519274376418,0.0,3.513832780299708e-08
10.634739229024943,0.0,6.215759640326723e-08
10.65795918367347,0.0,9.92786226561293e-08
10.681179138321996,0.0,5.36219886271283e-08
10.704399092970522,0.0,5.585752660408616e-08
10.727619047619047,0.0,5.5019881983753294e-08
10.750839002267574,0.0,1.0188705346081406e-07
10.7740589569161,0.0,2.594060788396746e-07
10.797278911564627,0.0,1.4528177416650578e-07
10.820498866213152,0.0,1.9575600163079798e-07
10.843718820861678,0.0,6.895061233080924e-08
