0.0,0.0,4.3862655729753897e-07
0.023219954648526078,0.0,3.563836799003184e-07
0.046439909297052155,0.0,2.1431969798868522e-07
0.06965986394557823,0.0,3.0662977223983034e-07
0.09287981859410431,0.0,1.850885382737033e-07
0.11609977324263039,0.0,1.3315184332896024e-07
0.13931972789115646,0.0,1.3212684280006215e-07
0.16253968253968254,0.0,1.2277632777113467e-07
0.18575963718820862,0.0,1.19298420031555e-07
0.2089795918367347,0.0,9.706673154141754e-08
0.23219954648526078,0.0,3.341301635373384e-07
0.25541950113378686,0.0,9.928317012963817e-08
0.2786394557823129,0.0,8.58908606460318e-08
0.301859410430839,0.0,1.0720304999267682e-07
0.3250793650793651,0.0,2.436991053400561e-07
0.3482993197278912,0.0,3.373843355802819e-07
0.37151927437641724,0.0,1.4752731658518314e-07
0.3947392290249433,0.0,1.1273550626356155e-07
0.4179591836734694,98.03773,1.9581155356718227e-05
0.44117913832199546,106.687874,4.494878521654755e-05
0.46439909297052157,108.973595,9.220532956533134e-05
0.4876190476190476,116.33506,9.96332528302446e-05
0.5108390022675737,125.702835,0.00017939237295649946
0.5340589569160998,130.19273,0.0002897768863476813
0.5572789115646258,127.688995,0.00017033118638209999
0.5804988662131519,125.91815,0.00012195639283163473
0.603718820861678,124.039734,0.000186078657861799
0.626938775510204,121.905334,0.00022000406170263886
0.6501587301587302,120.19108,0.00019992751185782254
0.6733786848072563,120.47476,0.00023622879234608263
0.6965986394557824,125.02752,0.00024336529895663261
0.7198185941043084,132.46185,0.0003104523057118058
0.7430385487528345,143.98065,0.000242151043494232
0.7662585034013606,137.06198,0.0003050952800549567
0.7894784580498866,130.5554,0.00028023330378346145
0.8126984126984127,126.82947,0.00016044615767896175
0.8359183673469388,125.45952,0.000128148531075567
0.8591383219954649,125.13796,0.00015886497567407787
0.8823582766439909,127.8313,0.00031449447851628065
0.905578231292517,133.3677,0.0004720049328170717
0.9287981859410431,276.01016,0.0003045218181796372
0.9520181405895691,416.33554,0.0003536771982908249
0.9752380952380952,131.38689,0.00023238552967086434
0.9984580498866213,127.262764,0.00018518028082326055
1.0216780045351475,129.84938,0.0003248084394726902
1.0448979591836736,143.35703,0.0002153386449208483
1.0681179138321997,153.5317,0.0002438412484480068
1.0913378684807256,157.13948,0.0002063015999738127
1.1145578231292517,155.51253,0.0002043638814939186
1.1377777777777778,149.03917,0.00027866257005371153
1.1609977324263039,145.27911,0.00026945906574837863
1.18421768707483,142.92369,0.0002483501739334315
1.207437641723356,143.97783,0.00027024393784813583
1.2306575963718822,147.00963,0.0003295142960269004
1.253877551020408,148.88899,0.00030405831057578325
1.2770975056689342,148.70503,0.00039097422268241644
1.3003174603174603,146.53175,0.00035958405351266265
1.3235374149659864,145.09744,0.00032258976716548204
1.3467573696145125,145.26454,0.00033159731538034976
1.3699773242630386,146.54851,0.0002843800466507673
1.3931972789115648,150.85669,0.0003011280787177384
1.4164172335600906,160.05553,0.00038847298128530383
1.4396371882086167,167.50691,0.00038981554098427296
1.4628571428571429,167.96121,0.00045777641935274005
1.486077097505669,165.5039,0.000504932424519211
1.509297052154195,162.38934,0.00038592214696109295
1.5325170068027212,159.68738,0.0002436530339764431
1.5557369614512473,157.77805,0.0003106767835561186
1.5789569160997732,160.57729,0.00045095750829204917
1.6021768707482993,167.389,0.00035446169204078615
1.6253968253968254,171.91362,0.00020319137547630817
1.6486167800453515,173.01506,0.000389666180126369
1.6718367346938776,169.43144,0.0005550753558054566
1.6950566893424037,163.35135,0.0005083006690256298
1.7182766439909298,160.90367,0.00045605420018546283
1.7414965986394557,161.7701,0.0006488034268841147
1.7647165532879818,164.98154,0.0009114507702179253
1.787936507936508,167.91995,0.0007733710808679461
1.811156462585034,168.58366,0.0007847433444112539
1.8343764172335602,166.16708,0.0006774221546947956
1.8575963718820863,163.52376,0.0006665289984084666
1.8808163265306124,164.53618,0.0007636729278601706
1.9040362811791383,170.81094,0.0002451764594297856
1.9272562358276644,182.66595,0.00023668931680731475
1.9504761904761905,197.80627,0.00017457635840401053
1.9736961451247166,189.91089,0.0002021771651925519
1.9969160997732427,181.00923,0.0003515297139529139
2.020136054421769,172.00009,0.0005792583106085658
2.043356009070295,167.77339,0.000698094954714179
2.066575963718821,164.7687,0.0008948813192546368
2.089795918367347,167.20737,0.0007800481980666518
2.1130158730158732,170.65631,0.00035948515869677067
2.1362358276643993,173.48235,0.0003288073348812759
2.159455782312925,175.66919,0.0003400233690626919
2.182675736961451,174.88841,0.0004829745157621801
2.2058956916099772,173.01076,0.0005990637000650167
2.2291156462585033,172.50119,0.0005278809694573283
2.2523356009070294,173.08308,0.0004873649450019002
2.2755555555555556,173.59439,0.00048068573232740164
2.2987755102040817,174.19037,0.00044152134796604514
2.3219954648526078,174.04646,0.00044184387661516666
2.345215419501134,174.62914,0.00023323026834987104
2.36843537414966,184.79805,0.00022375684056896716
2.391655328798186,200.55576,0.0003134466824121773
2.414875283446712,199.76295,0.00036051677307114005
2.4380952380952383,203.53162,0.0002647377841640264
2.4613151927437644,194.5421,0.0001813301059883088
2.48453514739229,185.27336,0.0001859884214354679
2.507755102040816,185.65594,0.00022879427706357092
2.5309750566893423,186.24236,0.00019445869838818908
2.5541950113378684,194.44661,0.0003438165585976094
2.5774149659863945,204.57623,0.00031881395261734724
2.6006349206349206,209.82732,0.0004197697853669524
2.6238548752834467,202.0104,0.00039374252082780004
2.647074829931973,192.94888,0.00029708980582654476
2.670294784580499,184.88191,0.00036884855944663286
2.693514739229025,186.59087,0.00034027715446427464
2.716734693877551,191.63788,0.00034544605296105146
2.7399546485260773,198.06462,0.0003867808263748884
2.7631746031746034,211.2503,0.00029098306549713016
2.7863945578231295,216.90161,0.00022883786004967988
2.809614512471655,223.78624,0.0001717246777843684
2.8328344671201813,226.69858,0.00015947433712426573
2.8560544217687074,226.38858,0.00018909413483925164
2.8792743764172335,222.23895,0.00029489301959984004
2.9024943310657596,214.22871,0.00040851131780073047
2.9257142857142857,211.10957,0.00036384304985404015
2.948934240362812,213.41959,0.00031677019433118403
2.972154195011338,216.23296,0.0002791673759929836
2.995374149659864,219.91458,0.00021794807980768383
3.01859410430839,223.01678,0.0002330233110114932
3.0418140589569163,223.21667,0.0002504142466932535
3.0650340136054424,220.78758,0.00029647740302607417
3.0882539682539685,217.98058,0.0003378379624336958
3.1114739229024946,218.73695,0.00029306102078408003
3.1346938775510207,221.65393,0.00024946965277194977
3.1579138321995464,221.97089,0.0002973104128614068
3.1811337868480725,224.32626,0.000280869600828737
3.2043537414965986,233.22495,0.0003161664353683591
3.2275736961451247,243.84755,0.00045178766595199704
3.250793650793651,253.4283,0.0003837596741504967
3.274013605442177,260.4661,0.00033515121322125196
3.297233560090703,252.02274,0.00022189924493432045
3.320453514739229,241.14711,0.000350165122654289
3.3436734693877552,239.81429,0.0002952201757580042
3.3668934240362813,237.61168,0.0002714555594138801
3.3901133786848074,239.78296,0.0003358537796884775
3.4133333333333336,245.81609,0.0004639079561457038
3.4365532879818597,249.75038,0.00042801181552931666
3.4597732426303858,250.78369,0.00040193164022639394
3.4829931972789114,247.48665,0.00039956363616511226
3.5062131519274375,243.63487,0.0004695910611189902
3.5294331065759637,240.31238,0.0003727761213667691
3.5526530612244898,236.75958,0.00033965229522436857
3.575873015873016,240.06934,0.0005038275266997516
3.599092970521542,249.95917,0.0005370829021558166
3.622312925170068,256.02362,0.0005587156629189849
3.645532879818594,254.86926,0.0004929424030706286
3.6687528344671203,245.91032,0.000442847958765924
3.6919727891156464,250.4147,0.000382514059310779
3.7151927437641725,260.56427,0.00039022817509248853
3.7384126984126986,269.20425,0.0004363379266578704
3.7616326530612247,269.35162,0.000345976441167295
3.784852607709751,265.20905,0.0004726473125629127
3.8080725623582765,252.205,0.00033074873499572277
3.8312925170068026,241.27246,0.00045826967107132077
3.8545124716553287,243.14922,0.0004395565774757415
3.877732426303855,249.4447,0.0004023821675218642
3.900952380952381,263.86676,0.00043192406883463264
3.924172335600907,271.71878,0.0004520497750490904
3.947392290249433,272.04984,0.0003226188709959388
3.9706122448979593,266.4646,0.0005674576386809349
3.9938321995464854,256.3418,0.00046243492397479713
4.017052154195011,246.32195,0.0007117249770089984
4.040272108843538,758.2686,0.0007334996480494738
4.063492063492063,259.06436,0.0007374111446551979
4.08671201814059,264.52502,0.0008159871213138103
4.1099319727891155,263.40744,0.0009134364081546664
4.133151927437642,260.3447,0.0006139762117527425
4.156371882086168,256.91754,0.0005837988574057817
4.179591836734694,263.50165,0.0013524700189009309
4.20281179138322,289.6674,0.0008714238065294921
4.2260317460317465,309.54968,0.0007347663631662726
4.249251700680272,316.78513,0.0007741351146250963
4.272471655328799,309.76416,0.0007738545536994934
4.295691609977324,291.9466,0.0015897792764008045
4.31891156462585,279.93738,0.0006488136132247746
4.342131519274377,278.155,0.0011586194159463048
4.365351473922902,287.21478,0.0017714332789182663
4.388571428571429,295.9477,0.0007095134351402521
4.4117913832199545,302.65625,0.0005581542500294745
4.435011337868481,304.34702,0.0007624287391081452
4.458231292517007,296.9644,0.0016716166865080595
4.481451247165533,284.776,0.0006998422322794795
4.504671201814059,280.1235,0.0008112868526950479
4.527891156462585,284.35706,0.0016211551846936345
4.551111111111111,290.83908,0.0019951702561229467
4.574331065759638,297.84595,0.0006113405106589198
4.597551020408163,301.95062,0.0007591506000608206
4.62077097505669,296.32477,0.001516142045147717
4.6439909297052155,859.7929,0.00041810108814388514
4.667210884353741,258.88644,0.0004588529991451651
4.690430839002268,914.02057,0.00035395013401284814
4.713650793650793,248.13246,0.00028138497145846486
4.73687074829932,259.25485,0.0004047694383189082
4.760090702947846,266.8059,0.0004459188785403967
4.783310657596372,265.8849,0.00035498657962307334
4.806530612244898,264.43063,0.00026972818886861205
4.829750566893424,257.94568,0.000256735656876117
4.85297052154195,903.8368,0.00028678675880655646
4.876190476190477,888.0118,0.00023874102043919265
4.899410430839002,251.11813,0.00023588011390529573
4.922630385487529,262.1341,0.00045815453631803393
4.9458503401360545,266.05908,0.000462277268525213
4.96907029478458,266.17282,0.00042848376324400306
4.992290249433107,264.18134,0.0002592969685792923
5.015510204081632,258.7078,0.0001935964246513322
5.038730158730159,251.95161,0.0001574743801029399
5.061950113378685,249.53438,0.0001226517342729494
5.085170068027211,251.30421,0.00011744534276658669
5.108390022675737,240.1805,0.00017379128257744014
5.131609977324263,235.02066,0.00016783623141236603
5.154829931972789,223.0476,0.0001526689884485677
5.178049886621316,233.75417,0.00014840152289252728
5.201269841269841,240.64108,0.00012574990978464484
5.224489795918368,907.7826,0.00013262024731375277
5.2477097505668935,249.80176,0.0001261281140614301
5.27092970521542,242.06505,0.00017482132534496486
5.294149659863946,704.7481,0.00017809282871894538
5.317369614512471,925.66235,0.00016278171096928418
5.340589569160998,696.20917,0.00015435628301929682
5.363809523809524,236.59499,0.0001569728774484247
5.38702947845805,242.11708,0.00014982459833845496
5.410249433106576,941.6007,0.00011683597404044122
5.433469387755102,252.86223,0.00016330720973201096
5.456689342403628,247.14726,0.00019109496497549117
5.479909297052155,239.91898,0.0002306848473381251
5.50312925170068,223.86653,0.0004598867963068187
5.526349206349207,204.07477,0.00045157544082030654
5.5495691609977325,199.35583,0.00043865758925676346
5.572789115646259,205.8616,0.00028506998205557466
5.596009070294785,215.83957,0.00019116952898912132
5.61922902494331,222.15932,0.00017351120186503977
5.642448979591837,221.96657,0.00025161312078125775
5.6656689342403626,216.86064,0.0003345038276165724
5.688888888888889,213.01393,0.0005457269144244492
5.712108843537415,210.72314,0.000758898095227778
5.735328798185941,211.21317,0.000694418151397258
5.758548752834467,215.52948,0.00021603936329483986
5.7817687074829935,224.90686,0.00012895299005322158
5.804988662131519,227.20818,0.0001628894970053807
5.828208616780046,223.30034,0.0002399628283455968
5.851428571428571,221.54483,0.00036784805706702173
5.874648526077098,217.77559,0.0005271695554256439
5.897868480725624,214.80702,0.0005806330591440201
5.92108843537415,213.77771,0.0005829270230606198
5.944308390022676,209.84665,0.000390454544685781
5.9675283446712015,201.48598,0.00017611769726499915
5.990748299319728,183.87598,0.00017308510723523796
6.013968253968254,186.65665,0.0001561675890116021
6.03718820861678,191.73471,0.0002125031314790249
6.060408163265306,200.51411,0.00033205747604370117
6.0836281179138325,207.83403,0.00036965450271964073
6.106848072562358,202.98915,0.00024948877398855984
6.130068027210885,190.42072,0.00014629578799940646
6.15328798185941,184.90015,0.00016657313972245902
6.176507936507937,182.73045,0.0002233212726423517
6.199727891156463,181.86418,0.00026406950200907886
6.222947845804989,189.45909,0.00014728069072589278
6.246167800453515,198.34671,0.00033051794162020087
6.269387755102041,197.19398,0.00027497546398080885
6.292607709750567,198.64705,0.00025236670626327395
6.315827664399093,192.23087,0.00022226001601666212
6.339047619047619,187.97498,0.000242315509240143
6.362267573696145,187.19771,0.00019485816301312298
6.3854875283446715,193.62029,0.0003086533979512751
6.408707482993197,200.11046,0.00026406621327623725
6.431927437641724,201.77875,0.00032270982046611607
6.455147392290249,190.64172,0.0003034067922271788
6.478367346938776,181.42885,0.00036535365507006645
6.501587301587302,174.03175,0.0005164735484868288
6.524807256235828,172.22493,0.0008000540547072887
6.548027210884354,172.6016,0.0005133025697432458
6.57124716553288,173.51405,0.00044480751967057586
6.594467120181406,174.57321,0.0004392325063236058
6.617687074829932,174.67844,0.0004406372900120914
6.640907029478458,174.12523,0.000609789218287915
6.664126984126984,172.74513,0.0007657737005501986
6.6873469387755105,171.32825,0.0007240216946229339
6.710566893424036,169.99529,0.0007205670699477196
6.733786848072563,169.38077,0.0007200065883807838
6.757006802721088,170.18448,0.0005895918584428728
6.780226757369615,171.53629,0.0005396406631916761
6.8034467120181406,172.32039,0.0007305855397135019
6.826666666666667,171.61668,0.0008103587897494435
6.849886621315193,170.56169,0.000687418389134109
6.873106575963719,168.72787,0.0005499909166246653
6.896326530612245,165.35268,0.00035958486841991544
6.9195464852607715,160.67664,0.00014849394210614264
6.942766439909297,158.5005,0.0002499946567695588
6.965986394557823,160.35387,0.0004584173730108887
6.989206349206349,164.79015,0.0007024186197668314
7.012426303854875,166.28862,0.0006833721417933702
7.035646258503402,165.52406,0.0005150437937118113
7.058866213151927,163.42155,0.0003056417917832732
7.082086167800454,161.64702,0.00023052026517689228
7.1053061224489795,160.86195,0.0002496962551958859
7.128526077097506,161.17119,0.0003229691064916551
7.151746031746032,162.48355,0.0004334537370596081
7.174965986394558,164.4633,0.0006711059249937534
7.198185941043084,165.86743,0.000763364601880312
7.2214058956916105,165.90349,0.0006635814206674695
7.244625850340136,164.70815,0.0005147838965058327
7.267845804988662,163.61662,0.000507444841787219
7.291065759637188,163.82278,0.0005854514893144369
7.314285714285714,164.92899,0.0006262291572056711
7.337505668934241,165.1405,0.0004588226438499987
7.360725623582766,161.849,0.00015862951113376766
7.383945578231293,153.89854,0.0002541723661124706
7.4071655328798185,144.50975,0.0005243392079137266
7.430385487528345,419.17136,0.0005915188230574131
7.453605442176871,419.44284,0.0003862904559355229
7.476825396825397,144.49042,0.0002339066268177703
7.500045351473923,146.34544,0.000219356530578807
7.5232653061224495,146.88249,0.00022720149718225002
7.546485260770975,146.71031,0.00023866818810347468
7.569705215419502,145.01135,0.00025374972028657794
7.592925170068027,285.00366,0.00035269680665805936
7.616145124716553,426.1608,0.000415145477745682
7.63936507936508,423.63403,0.00048736127791926265
7.662585034013605,422.98035,0.00044294731924310327
7.685804988662132,284.23615,0.0003436117840465158
7.7090249433106575,143.15756,0.0002426370047032833
7.732244897959184,143.96654,0.00022556548356078565
7.75546485260771,144.12955,0.0002454073401167989
7.778684807256236,144.24098,0.00020999458502046764
7.801904761904762,144.93245,0.00020177930127829313
7.8251247165532885,143.6418,0.00029051778255961835
7.848344671201814,416.95068,0.00023626297479495406
7.871564625850341,129.40207,0.00014010236191097647
7.894784580498866,124.57945,0.00010718201519921422
7.918004535147393,121.77121,0.00014962992281652987
7.9412244897959186,122.11059,0.0001370876852888614
7.964444444444444,128.29929,0.0001949625147972256
7.987664399092971,269.46054,0.00023815970052964985
8.010884353741497,269.20758,0.0002063352585537359
8.034104308390022,131.28362,0.00016243841673713177
8.057324263038549,128.03613,0.00011516280937939882
8.080544217687075,126.96528,7.42447009542957e-05
8.103764172335602,125.97984,8.493402856402099e-05
8.126984126984127,125.99344,8.035237988224253e-05
8.150204081632653,125.53572,8.326320676133037e-05
8.17342403628118,127.37102,0.0001334853150183335
8.196643990929706,130.56326,0.00018543386249803007
8.219863945578231,131.34846,0.00018083053873851895
8.243083900226758,129.91891,0.00013697048416361213
8.266303854875284,126.7315,8.439658267889172e-05
8.289523809523809,123.97929,0.00012671679724007845
8.312743764172335,122.69091,0.0001365451462334022
8.335963718820862,124.14385,0.0001118892032536678
8.359183673469389,127.36231,0.0001422277418896556
8.382403628117913,130.45242,0.00022809089568909258
8.40562358276644,133.6105,0.00020948107703588903
8.428843537414966,131.3641,0.000163095974130556
8.452063492063493,127.42999,9.090763342101127e-05
8.475283446712018,124.881454,0.000104792088677641
8.498503401360544,123.04664,0.00013660610420629382
8.52172335600907,123.03271,0.0001422268251189962
8.544943310657597,127.04562,0.00017122330609709024
8.568163265306122,132.11331,0.00025188777362927794
8.591383219954649,135.52502,0.00018218799959868193
8.614603174603175,132.87523,0.00018527579959481955
8.6378231292517,128.23016,0.00013016274897381663
8.661043083900227,124.76825,0.0001217147073475644
8.684263038548753,121.91924,0.000180861447006464
8.70748299319728,121.69012,0.00017004142864607275
8.730702947845804,125.475426,0.0001351640821667388
8.753922902494331,131.30634,0.00023130813497118652
8.777142857142858,274.49677,0.0001875457528512925
8.800362811791384,274.97656,0.00014434335753321648
8.823582766439909,129.63495,0.00014484988059848547
8.846802721088435,126.601234,0.0001035405439324677
8.870022675736962,124.693375,0.00010898320033447817
8.893242630385489,123.11652,0.00014300324255600572
8.916462585034013,126.26434,0.00015866226749494672
8.93968253968254,133.41238,0.00014079244283493608
8.962902494331066,147.74475,5.0440183258615434e-05
8.986122448979591,139.44406,1.2512498869909905e-05
9.009342403628118,0.0,3.6728943086927757e-06
9.032562358276644,0.0,6.302934707491659e-07
9.05578231292517,0.0,7.635835572727956e-07
9.079002267573696,0.0,1.199437065224629e-06
9.102222222222222,0.0,6.180971467983909e-07
9.125442176870749,0.0,1.4286433724919334e-07
9.148662131519275,0.0,2.4140717869158834e-07
9.1718820861678,0.0,1.8274295143783092e-07
9.195102040816327,0.0,5.41146619070787e-07
9.218321995464853,0.0,2.045656401605811e-06
9.24154195011338,0.0,2.432894689263776e-06
9.264761904761905,0.0,1.9993685782537796e-06
9.287981859410431,0.0,8.857059583533555e-07
9.311201814058958,0.0,1.5051928130560555e-06
9.334421768707482,0.0,1.3285653039929457e-06
9.357641723356009,0.0,1.191077899420634e-06
9.380861678004536,0.0,9.385230441694148e-07
9.404081632653062,0.0,7.11248503648676e-07
9.427301587301587,0.0,9.918003343045712e-07
9.450521541950113,0.0,7.864136932766996e-07
9.47374149659864,0.0,5.607935236184858e-07
9.496961451247167,0.0,4.0140002965927124e-07
9.520181405895691,0.0,2.2052790882298723e-07
9.543401360544218,0.0,2.064525688183494e-07
9.566621315192744,0.0,3.8350663089659065e-07
9.58984126984127,0.0,3.2115258363774046e-07
9.613061224489796,0.0,1.8841183191398159e-07
9.636281179138322,0.0,3.512086550472304e-07
9.659501133786849,0.0,2.549068085500039e-07
9.682721088435374,0.0,3.0778937798459083e-07
