0.0,0.0,5.860056262463331e-08
0.023219954648526078,0.0,7.857670425437391e-08
0.046439909297052155,0.0,6.065602065064013e-08
0.06965986394557823,0.0,1.5171008271863684e-07
0.09287981859410431,0.0,1.8812716007232666e-07
0.11609977324263039,0.0,2.10691723623313e-07
0.13931972789115646,0.0,4.6851710067130625e-08
0.16253968253968254,0.0,1.4106990420259535e-07
0.18575963718820862,0.0,9.085761121241376e-08
0.2089795918367347,0.0,6.245045369723812e-08
0.23219954648526078,0.0,1.6746253095334396e-07
0.25541950113378686,0.0,1.4431507224799134e-06
0.2786394557823129,192.3106,7.662830466870219e-05
0.301859410430839,181.20969,0.00011520150292199105
0.3250793650793651,180.2223,0.00014218869910109788
0.3482993197278912,180.33748,0.00018942503083962947
0.37151927437641724,183.12233,0.0002510063350200653
0.3947392290249433,180.97078,0.0002635344862937927
0.4179591836734694,175.24634,0.00035246647894382477
0.44117913832199546,170.80208,0.0004476573667488992
0.46439909297052157,169.56999,0.0006732812616974115
0.4876190476190476,169.98045,0.0009303689002990723
0.5108390022675737,174.70158,0.0010557887144386768
0.5340589569160998,359.21902,0.0013633901253342628
0.5572789115646258,357.644,0.0014891960890963674
0.5804988662131519,174.67888,0.002060924656689167
0.603718820861678,339.82294,0.0024104793556034565
0.626938775510204,338.11545,0.0020361971110105515
0.6501587301587302,170.4805,0.0017427017446607351
0.6733786848072563,174.42088,0.0011251982068642974
0.6965986394557824,180.20894,0.0010460523189976811
0.7198185941043084,185.53067,0.001183164305984974
0.7430385487528345,183.02505,0.0016058090841397643
0.7662585034013606,176.66153,0.0025057983584702015
0.7894784580498866,170.70589,0.003076335182413459
0.8126984126984127,168.78842,0.0033124624751508236
0.8359183673469388,169.10446,0.0035689808428287506
0.8591383219954649,172.24484,0.0023040426895022392
0.8823582766439909,176.5512,0.0016061096685007215
0.905578231292517,181.94115,0.0015700022922828794
0.9287981859410431,182.27296,0.0015781718539074063
0.9520181405895691,178.39291,0.0020983824506402016
0.9752380952380952,177.48184,0.0021004443988204002
0.9984580498866213,182.53572,0.0025107127148658037
1.0216780045351475,189.09195,0.0032575970981270075
1.0448979591836736,195.48148,0.004139382857829332
1.0681179138321997,205.09042,0.003207308705896139
1.0913378684807256,212.41365,0.002556911436840892
1.1145578231292517,216.34807,0.0026236330159008503
1.1377777777777778,214.13565,0.0023080315440893173
1.1609977324263039,207.21788,0.003915555775165558
1.18421768707483,205.65405,0.003647720441222191
1.207437641723356,209.04749,0.0024015260860323906
1.2306575963718822,214.01125,0.003498116508126259
1.253877551020408,217.32526,0.004710960201919079
1.2770975056689342,216.57773,0.004777395166456699
1.3003174603174603,212.84033,0.0052112918347120285
1.3235374149659864,208.29594,0.008301634341478348
1.3467573696145125,207.02016,0.009139882400631905
1.3699773242630386,208.994,0.0068465182557702065
1.3931972789115648,213.79428,0.0071555245667696
1.4164172335600906,222.08986,0.006394803989678621
1.4396371882086167,228.28,0.0062858955934643745
1.4628571428571429,228.43892,0.007377345580607653
1.486077097505669,222.20084,0.007000493351370096
1.509297052154195,215.01361,0.006634358316659927
1.5325170068027212,208.36888,0.0074511063285171986
1.5557369614512473,210.2757,0.005579770542681217
1.5789569160997732,215.94586,0.007897832430899143
1.6021768707482993,223.74817,0.006835088599473238
1.6253968253968254,228.14381,0.007047354243695736
1.6486167800453515,226.51169,0.007586067076772451
1.6718367346938776,222.30728,0.007974673062562943
1.6950566893424037,219.0789,0.007288013584911823
1.7182766439909298,218.05638,0.008200661279261112
1.7414965986394557,220.73825,0.00805418286472559
1.7647165532879818,224.26184,0.006583875045180321
1.787936507936508,230.84395,0.004266395699232817
1.811156462585034,241.39307,0.004529701545834541
1.8343764172335602,254.20117,0.003284687176346779
1.8575963718820863,264.46555,0.002950754016637802
1.8808163265306124,263.02228,0.003355282824486494
1.9040362811791383,261.09476,0.005423442460596561
1.9272562358276644,254.66365,0.005032546818256378
1.9504761904761905,247.71909,0.006362740881741047
1.9736961451247166,253.67154,0.006612074561417103
1.9969160997732427,260.57953,0.0036753658205270767
2.020136054421769,262.79218,0.0042509231716394424
2.043356009070295,263.44193,0.007297910284250975
2.066575963718821,259.39743,0.009680858813226223
2.089795918367347,252.4048,0.006694941781461239
2.1130158730158732,245.0026,0.008776157163083553
2.1362358276643993,250.5619,0.011938711628317833
2.159455782312925,257.18314,0.01088964194059372
2.182675736961451,261.32385,0.0069159553386271
2.2058956916099772,262.66608,0.00866871327161789
2.2291156462585033,261.68085,0.01346842385828495
2.2523356009070294,257.19806,0.010661914944648743
2.2755555555555556,247.99667,0.008491083979606628
2.2987755102040817,244.33176,0.01039191149175167
2.3219954648526078,252.46544,0.013153871521353722
2.345215419501134,261.42368,0.007945535704493523
2.36843537414966,263.93372,0.009008456952869892
2.391655328798186,268.3627,0.008500387892127037
2.414875283446712,268.32617,0.009052340872585773
2.4380952380952383,264.29443,0.014917891472578049
2.4613151927437644,258.93237,0.015937738120555878
2.48453514739229,256.26797,0.016293827444314957
2.507755102040816,256.9441,0.01270844042301178
2.5309750566893423,260.60306,0.009890265762805939
2.5541950113378684,264.20807,0.013373522087931633
2.5774149659863945,269.34207,0.015269790776073933
2.6006349206349206,275.32477,0.011544741690158844
2.6238548752834467,284.47852,0.006200853735208511
2.647074829931973,292.65045,0.007921096868813038
2.670294784580499,310.4522,0.008543706499040127
2.693514739229025,331.12054,0.011098780669271946
2.716734693877551,342.2546,0.008641958236694336
2.7399546485260773,347.72656,0.007045448757708073
2.7631746031746034,348.97565,0.005974890198558569
2.7863945578231295,348.65634,0.005405965261161327
2.809614512471655,347.94604,0.0055307429283857346
2.8328344671201813,347.33807,0.005649259779602289
2.8560544217687074,350.83594,0.0062035988084971905
2.8792743764172335,357.00342,0.010613016784191132
2.9024943310657596,361.71854,0.015463164076209068
2.9257142857142857,363.42944,0.012385476380586624
2.948934240362812,360.56668,0.008413453586399555
2.972154195011338,355.44214,0.00907987356185913
2.995374149659864,349.4546,0.011817781254649162
3.01859410430839,348.22162,0.010399424470961094
3.0418140589569163,353.78253,0.011034028604626656
3.0650340136054424,358.11353,0.011689984239637852
3.0882539682539685,361.64328,0.01371114794164896
3.1114739229024946,363.5076,0.01148179080337286
3.1346938775510207,360.56747,0.0118784811347723
3.1579138321995464,352.49655,0.015678539872169495
3.1811337868480725,343.65955,0.01712590828537941
3.2043537414965986,342.75024,0.017376122996211052
3.2275736961451247,345.22873,0.01421742606908083
3.250793650793651,351.8298,0.0102881770581007
3.274013605442177,357.22565,0.010486271232366562
3.297233560090703,358.24603,0.008580086752772331
3.320453514739229,358.81998,0.009164382703602314
3.3436734693877552,354.02646,0.011580160818994045
3.3668934240362813,346.67102,0.012885009869933128
3.3901133786848074,345.87622,0.010696984827518463
3.4133333333333336,348.783,0.010632270947098732
3.4365532879818597,351.27023,0.008899295702576637
3.4597732426303858,355.32837,0.009228029288351536
3.4829931972789114,353.79654,0.010171708650887012
3.5062131519274375,350.4198,0.011219278909265995
3.5294331065759637,345.24933,0.014368787407875061
3.5526530612244898,340.16428,0.013834696263074875
3.575873015873016,341.35324,0.014003295451402664
3.599092970521542,340.1713,0.014722786843776703
3.622312925170068,336.8144,0.012761479243636131
3.645532879818594,327.10645,0.007521992549300194
3.6687528344671203,306.577,0.007039044983685017
3.6919727891156464,272.18973,0.006801312323659658
3.7151927437641725,258.77664,0.008000297471880913
3.7384126984126986,248.59196,0.005688218399882317
3.7616326530612247,244.72227,0.005971350707113743
3.784852607709751,246.5246,0.006246532779186964
3.8080725623582765,248.69637,0.007239203434437513
3.8312925170068026,252.12947,0.0072988588362932205
3.8545124716553287,252.37799,0.006224528886377811
3.877732426303855,250.31316,0.005255258642137051
3.900952380952381,248.38438,0.0050549618899822235
3.924172335600907,248.84291,0.0073192841373384
3.947392290249433,255.78166,0.007109607569873333
3.9706122448979593,260.9466,0.005368536803871393
3.9938321995464854,266.5914,0.007921218872070312
4.017052154195011,270.5818,0.008343813009560108
4.040272108843538,268.05438,0.005707245320081711
4.063492063492063,261.8108,0.008074353449046612
4.08671201814059,256.87357,0.005875145085155964
4.1099319727891155,251.4187,0.006528898142278194
4.133151927437642,252.52177,0.00833176076412201
4.156371882086168,260.19632,0.006083175074309111
4.179591836734694,264.4044,0.009103884920477867
4.20281179138322,269.05557,0.009308087639510632
4.2260317460317465,268.58188,0.005030523985624313
4.249251700680272,261.81903,0.004636270925402641
4.272471655328799,253.89246,0.003438382875174284
4.295691609977324,244.99298,0.0040984186343848705
4.31891156462585,250.09505,0.00552492868155241
4.342131519274377,255.8129,0.00648387148976326
4.365351473922902,259.69785,0.005014888010919094
4.388571428571429,260.85568,0.005311082117259502
4.4117913832199545,260.23715,0.00604177126660943
4.435011337868481,255.75981,0.004203245509415865
4.458231292517007,246.3835,0.0028170293662697077
4.481451247165533,240.96608,0.0024889749474823475
4.504671201814059,240.75848,0.0028283889405429363
4.527891156462585,237.28897,0.003734983503818512
4.551111111111111,223.68335,0.007078113034367561
4.574331065759638,203.10555,0.007976295426487923
4.597551020408163,194.31425,0.004515182226896286
4.62077097505669,194.52483,0.006017131730914116
4.6439909297052155,201.30151,0.007161478511989117
4.667210884353741,208.85245,0.0028542832005769014
4.690430839002268,213.284,0.0028855488635599613
4.713650793650793,215.07472,0.0032329242676496506
4.73687074829932,210.42012,0.005907520651817322
4.760090702947846,204.1723,0.007163587957620621
4.783310657596372,201.43031,0.005729828029870987
4.806530612244898,202.21082,0.006985205691307783
4.829750566893424,206.40317,0.004555569961667061
4.85297052154195,212.27823,0.0036826792638748884
4.876190476190477,217.8044,0.004934626631438732
4.899410430839002,220.58064,0.004642547573894262
4.922630385487529,217.33205,0.0037808874621987343
4.9458503401360545,210.90555,0.0046087405644357204
4.96907029478458,205.0517,0.006035840138792992
4.992290249433107,204.06114,0.0057953218929469585
5.015510204081632,206.20287,0.004121155943721533
5.038730158730159,211.79568,0.0033100638538599014
5.061950113378685,219.68494,0.004248341079801321
5.085170068027211,225.61798,0.004048808477818966
5.108390022675737,223.46727,0.004304367117583752
5.131609977324263,216.63927,0.0031179790385067463
5.154829931972789,206.50648,0.0035876696929335594
5.178049886621316,204.10754,0.0035407019313424826
5.201269841269841,206.61024,0.002874513156712055
5.224489795918368,211.02863,0.002757508307695389
5.2477097505668935,218.26328,0.004163641482591629
5.27092970521542,222.05544,0.004222149029374123
5.294149659863946,219.95859,0.0041229985654354095
5.317369614512471,215.67346,0.0024619316682219505
5.340589569160998,210.97539,0.0024676492903381586
5.363809523809524,209.22833,0.0028897312004119158
5.38702947845805,208.79263,0.0036134731490164995
5.410249433106576,205.57123,0.0036161646712571383
5.433469387755102,198.26553,0.0019745344761759043
5.456689342403628,183.09541,0.0013910855632275343
5.479909297052155,302.81787,0.0014754787553101778
5.50312925170068,153.242,0.001729060080833733
5.526349206349207,153.18045,0.0018528893124312162
5.5495691609977325,323.37122,0.00241491268388927
5.572789115646259,169.61487,0.0014036567881703377
5.596009070294785,176.03079,0.000810047728009522
5.61922902494331,179.04057,0.0009674508473835886
5.642448979591837,174.0602,0.0018202390056103468
5.6656689342403626,167.93683,0.0015548593364655972
5.688888888888889,325.08405,0.001815348630771041
5.712108843537415,324.4591,0.0023334110155701637
5.735328798185941,166.07936,0.0025342965964227915
5.758548752834467,171.69637,0.0013565714471042156
5.7817687074829935,177.1839,0.0009760960238054395
5.804988662131519,179.67715,0.0012007879558950663
5.828208616780046,176.07996,0.002099595032632351
5.851428571428571,170.99706,0.0026479626540094614
5.874648526077098,166.89325,0.0021233013831079006
5.897868480725624,163.65404,0.0019276300445199013
5.92108843537415,164.72293,0.0022948142141103745
5.944308390022676,169.8456,0.0014417695347219706
5.9675283446712015,175.2817,0.0007966638077050447
5.990748299319728,179.73065,0.0007395638967864215
6.013968253968254,179.03554,0.0011948473984375596
6.03718820861678,176.95279,0.0019832290709018707
6.060408163265306,168.06134,0.0016464110231027007
6.0836281179138325,164.54118,0.0013337429845705628
6.106848072562358,165.94994,0.0013197740772739053
6.130068027210885,170.91914,0.0008662707405164838
6.15328798185941,174.91965,0.0005422394024208188
6.176507936507937,177.97713,0.0005553183727897704
6.199727891156463,176.04564,0.000886074616573751
6.222947845804989,170.41064,0.0006430372595787048
6.246167800453515,166.96066,0.0005668536759912968
6.269387755102041,168.05107,0.0004176492220722139
6.292607709750567,346.39703,0.00011747558892238885
6.315827664399093,357.86566,5.4278272727970034e-05
6.339047619047619,175.23026,3.4846190828830004e-05
6.362267573696145,168.60474,1.6814126865938306e-05
6.3854875283446715,0.0,5.457936822494958e-06
6.408707482993197,0.0,2.502490133338142e-06
6.431927437641724,0.0,7.554708645329811e-07
6.455147392290249,0.0,4.7025423555169255e-07
6.478367346938776,0.0,1.7429283616365865e-07
6.501587301587302,0.0,2.0123025024076924e-07
6.524807256235828,0.0,1.9081744540017098e-07
6.548027210884354,0.0,2.0893276087008417e-07
6.57124716553288,0.0,1.3012504496145993e-07
6.594467120181406,0.0,1.7964521248359233e-07
6.617687074829932,0.0,3.240511432522908e-07
6.640907029478458,0.0,3.126815499854274e-07
6.664126984126984,0.0,1.6776903066784143e-07
6.6873469387755105,0.0,4.3273757910355926e-08
6.710566893424036,0.0,9.935502021107823e-08
6.733786848072563,0.0,7.0161149778869e-08
6.757006802721088,0.0,1.8435457604937255e-09
