0.0,0.0,5.228230293141678e-08
0.023219954648526078,0.0,3.048535290872678e-08
0.046439909297052155,0.0,3.483637556200847e-08
0.06965986394557823,0.0,3.377408575033769e-08
0.09287981859410431,0.0,2.965589374070987e-08
0.11609977324263039,0.0,2.2827407519798726e-08
0.13931972789115646,0.0,5.805395630886778e-08
0.16253968253968254,0.0,2.23781171371229e-08
0.18575963718820862,0.0,2.13904058909975e-08
0.2089795918367347,0.0,1.2876625987701118e-08
0.23219954648526078,0.0,1.0530129657126963e-08
0.25541950113378686,0.0,4.2257852328475565e-08
0.2786394557823129,0.0,3.644163371063769e-08
0.301859410430839,0.0,1.518043973192107e-06
0.3250793650793651,0.0,5.208725269767456e-06
0.3482993197278912,0.0,7.625506441399921e-06
0.37151927437641724,0.0,8.681748113303911e-06
0.3947392290249433,0.0,8.652833457745146e-06
0.4179591836734694,0.0,9.078245966520626e-06
0.44117913832199546,122.90072,1.2389627954689786e-05
0.46439909297052157,120.54833,1.7154592569568194e-05
0.4876190476190476,120.72781,1.7731583284330554e-05
0.5108390022675737,123.87967,1.8826536688720807e-05
0.5340589569160998,127.15709,2.2671585611533374e-05
0.5572789115646258,130.04446,2.5014094717334956e-05
0.5804988662131519,133.23679,2.5791305233724415e-05
0.603718820861678,130.56383,2.969484012282919e-05
0.626938775510204,122.842476,3.899911098415032e-05
0.6501587301587302,118.43098,3.9703299989923835e-05
0.6733786848072563,118.334305,4.7231183998519555e-05
0.6965986394557824,122.86472,4.457089744391851e-05
0.7198185941043084,128.82468,5.2092211262788624e-05
0.7430385487528345,133.77081,6.987969391047955e-05
0.7662585034013606,138.94087,6.117764860391617e-05
0.7894784580498866,132.10359,4.717761476058513e-05
0.8126984126984127,124.461655,5.790444265585393e-05
0.8359183673469388,117.74331,6.396626849891618e-05
0.8591383219954649,119.355804,5.361317744245753e-05
0.8823582766439909,134.40459,8.797331247478724e-05
0.905578231292517,149.1908,7.33165506972e-05
0.9287981859410431,154.25334,8.889119635568932e-05
0.9520181405895691,157.82181,9.429699275642633e-05
0.9752380952380952,155.63803,9.5798444817774e-05
0.9984580498866213,147.65005,6.542872870340943e-05
1.0216780045351475,141.30743,7.50374238123186e-05
1.0448979591836736,141.82124,9.905072511173785e-05
1.0681179138321997,145.25085,9.111314284382388e-05
1.0913378684807256,149.42732,0.00010810204548761249
1.1145578231292517,152.58443,8.905294816941023e-05
1.1377777777777778,154.20248,9.619073534850031e-05
1.1609977324263039,151.83,9.512792166788131e-05
1.18421768707483,145.16656,7.948816346470267e-05
1.207437641723356,137.51472,7.55878136260435e-05
1.2306575963718822,136.30142,9.173733997158706e-05
1.253877551020408,141.99599,0.00011419210932217538
1.2770975056689342,147.07417,0.00014247643412090838
1.3003174603174603,149.91708,0.00013198531814850867
1.3235374149659864,150.11713,0.00016018457245081663
1.3467573696145125,147.38931,0.00013090591528452933
1.3699773242630386,143.90044,9.591808338882402e-05
1.3931972789115648,139.26973,0.00012285140110179782
1.4164172335600906,143.80545,0.00011259207531111315
1.4396371882086167,153.20096,9.161263733403757e-05
1.4628571428571429,163.92711,7.934491441119462e-05
1.486077097505669,170.08167,0.0001006392267299816
1.509297052154195,168.29814,0.00011156708205817267
1.5325170068027212,161.37779,0.0001171176481875591
1.5557369614512473,154.61978,0.00010939800267806277
1.5789569160997732,152.52484,0.00011920125689357519
1.6021768707482993,155.2436,0.00013547384878620505
1.6253968253968254,161.27452,0.00011119647388113663
1.6486167800453515,169.01631,0.00012717259232886136
1.6718367346938776,174.46713,0.00014013436157256365
1.6950566893424037,175.35786,0.0001248671906068921
1.7182766439909298,169.21223,0.00015340208483394235
1.7414965986394557,157.80344,0.00011624319449765608
1.7647165532879818,148.47313,0.0001399194443365559
1.787936507936508,147.43117,0.0001519963552709669
1.811156462585034,151.79129,0.00017183762975037098
1.8343764172335602,159.65823,0.000124243029858917
1.8575963718820863,167.37029,0.00013606480206362903
1.8808163265306124,171.06055,0.0001480162754887715
1.9040362811791383,168.37712,0.00018402950081508607
1.9272562358276644,157.2729,0.00019803171744570136
1.9504761904761905,148.76678,0.00017427961574867368
1.9736961451247166,156.9444,0.00012691158917732537
1.9969160997732427,170.18578,0.00015218232874758542
2.020136054421769,178.21834,0.00011997893307125196
2.043356009070295,183.53162,0.00012010196223855019
2.066575963718821,182.75955,0.00015600162441842258
2.089795918367347,174.54208,0.00014075971557758749
2.1130158730158732,164.28218,0.00016372997197322547
2.1362358276643993,161.14793,0.0001579559175297618
2.159455782312925,164.05083,0.00013276032404974103
2.182675736961451,169.7877,0.00017938815290108323
2.2058956916099772,176.90143,0.0001377591397613287
2.2291156462585033,184.18356,0.00013794994447380304
2.2523356009070294,182.93658,0.0001847143576014787
2.2755555555555556,175.83127,0.00017692605615593493
2.2987755102040817,168.75963,0.00019195841741748154
2.3219954648526078,162.94217,0.0002084229636238888
2.345215419501134,160.94554,0.00019250305194873363
2.36843537414966,164.9013,0.0001768602814991027
2.391655328798186,173.19427,0.0001803541526896879
2.414875283446712,181.37247,0.00016045915253926069
2.4380952380952383,183.83804,0.0001654425577726215
2.4613151927437644,180.70761,0.00022955320309847593
2.48453514739229,175.27913,0.00020082293485756963
2.507755102040816,175.9379,0.00017756572924554348
2.5309750566893423,186.41034,0.00016451918054372072
2.5541950113378684,389.83588,0.00017458635556977242
2.5774149659863945,403.38342,0.0001743830507621169
2.6006349206349206,410.37048,0.0001626146986382082
2.6238548752834467,402.40894,0.00016049918485805392
2.647074829931973,192.40189,0.0001529329747427255
2.670294784580499,507.63776,0.00016754772514104843
2.693514739229025,498.9599,0.0001922855299199
2.716734693877551,383.55832,0.00018474902026355267
2.7399546485260773,395.23904,0.00017951003974303603
2.7631746031746034,407.09018,0.00022565120889339596
2.7863945578231295,412.74496,0.00022399972658604383
2.809614512471655,408.8945,0.00017048270092345774
2.8328344671201813,391.62183,0.00020907414727844298
2.8560544217687074,185.07805,0.00016690936172381043
2.8792743764172335,180.43144,0.000175046399817802
2.9024943310657596,184.76007,0.00022180756786838174
2.9257142857142857,190.76888,0.00021811308397445828
2.948934240362812,395.99576,0.00024231968563981354
2.972154195011338,408.1176,0.000280569598544389
2.995374149659864,410.4563,0.00024746678536757827
3.01859410430839,396.01678,0.0002898569218814373
3.0418140589569163,476.24814,0.0002606885973364115
3.0650340136054424,192.15091,0.0002456971269566566
3.0882539682539685,204.63818,0.0002649244852364063
3.1114739229024946,213.09769,0.00032960280077531934
3.1346938775510207,438.75375,0.000361535552656278
3.1579138321995464,448.04907,0.00040162052027881145
3.1811337868480725,442.9631,0.0002835881896317005
3.2043537414965986,209.28561,0.0002469949540682137
3.2275736961451247,411.29803,0.0002005229180213064
3.250793650793651,405.86703,0.0002171050728065893
3.274013605442177,206.27913,0.0003277474024798721
3.297233560090703,423.0082,0.0004563855763990432
3.320453514739229,222.0146,0.0005127401673234999
3.3436734693877552,227.26508,0.0005325487582013011
3.3668934240362813,450.4145,0.0004779383889399469
3.3901133786848074,214.22177,0.0003486575442366302
3.4133333333333336,415.7011,0.0002860185340978205
3.4365532879818597,406.83112,0.0003340009425301105
3.4597732426303858,410.6681,0.0004564505652524531
3.4829931972789114,212.78017,0.0005825948901474476
3.5062131519274375,438.94778,0.0006711439345963299
3.5294331065759637,228.50874,0.000680444180034101
3.5526530612244898,225.77701,0.0008598515996709466
3.575873015873016,442.46027,0.0007183804991655052
3.599092970521542,435.60507,0.0005915240617468953
3.622312925170068,221.87611,0.0004937248304486275
3.645532879818594,229.62863,0.00040375604294240475
3.6687528344671203,472.01492,0.0005283040227368474
3.6919727891156464,490.0445,0.0006088533555157483
3.7151927437641725,496.64822,0.000598782324232161
3.7384126984126986,240.32254,0.000593647186178714
3.7616326530612247,226.33064,0.0007293451344594359
3.784852607709751,658.4225,0.0007968235295265913
3.8080725623582765,658.704,0.0007406910881400108
3.8312925170068026,227.10745,0.000638851779513061
3.8545124716553287,469.8302,0.0008828730788081884
3.877732426303855,484.86642,0.0009483984904363751
3.900952380952381,496.20496,0.0010143863037228584
3.924172335600907,494.37073,0.0008404888212680817
3.947392290249433,239.75783,0.00081077148206532
3.9706122448979593,834.73346,0.001162799191661179
3.9938321995464854,819.6304,0.0011825649999082088
4.017052154195011,227.77652,0.0008395744953304529
4.040272108843538,462.9741,0.0008961205021478236
4.063492063492063,476.8465,0.001061554765328765
4.08671201814059,494.61353,0.0007505157263949513
4.1099319727891155,506.7109,0.0010057887993752956
4.133151927437642,489.82364,0.0007441445486620069
4.156371882086168,238.19695,0.0007871673442423344
4.179591836734694,555.9547,0.0008663155604153872
4.20281179138322,226.99701,0.0005697517190128565
4.2260317460317465,473.13922,0.0009108901722356677
4.249251700680272,503.47427,0.0007533946773037314
4.272471655328799,526.7012,0.0006297786021605134
4.295691609977324,534.56244,0.0009383524302393198
4.31891156462585,522.4916,0.001030639512464404
4.342131519274377,497.42627,0.0009655641624704003
4.365351473922902,865.3804,0.0007844996871426702
4.388571428571429,844.56866,0.0012140899198129773
4.4117913832199545,477.9648,0.001215045340359211
4.435011337868481,499.78705,0.0008878496009856462
4.458231292517007,518.2162,0.0008263203781098127
4.481451247165533,534.1905,0.0005867147701792419
4.504671201814059,537.06964,0.0008477465016767383
4.527891156462585,509.72366,0.0009919870644807816
4.551111111111111,486.03568,0.0007728732889518142
4.574331065759638,473.7492,0.0007292726077139378
4.597551020408163,471.63892,0.0011376957409083843
4.62077097505669,478.03207,0.0016327452613040805
4.6439909297052155,491.91364,0.0010188299929723144
4.667210884353741,515.2875,0.0009307697764597833
4.690430839002268,528.3053,0.0009725008858367801
4.713650793650793,528.70636,0.0008393410826101899
4.73687074829932,513.3487,0.0014322937931865454
4.760090702947846,885.2978,0.0014658209402114153
4.783310657596372,488.14096,0.0012058602878823876
4.806530612244898,499.872,0.0007948320126160979
4.829750566893424,531.13715,0.0006681210361421108
4.85297052154195,572.72064,0.0007191032636910677
4.876190476190477,599.7588,0.00043313339119777083
4.899410430839002,619.492,0.0008718410972505808
4.922630385487529,586.67786,0.0011374835157766938
4.9458503401360545,565.7063,0.0010786394122987986
4.96907029478458,817.9535,0.00128246343228966
4.992290249433107,814.85724,0.0009691909654065967
5.015510204081632,555.5048,0.0011536289239302278
5.038730158730159,574.50696,0.0009399537229910493
5.061950113378685,613.0159,0.0004551867605186999
5.085170068027211,959.4789,0.00042168411891907454
5.108390022675737,442.41013,0.0005973196821287274
5.131609977324263,600.28516,0.001227786997333169
5.154829931972789,566.1224,0.001554305898025632
5.178049886621316,570.9824,0.0017908094450831413
5.201269841269841,532.5227,0.0012443400919437408
5.224489795918368,548.48773,0.001088037621229887
5.2477097505668935,570.2713,0.0012100936146453023
5.27092970521542,592.18604,0.0007372737163677812
5.294149659863946,625.9688,0.0009832869982346892
5.317369614512471,896.49414,0.0014591419603675604
5.340589569160998,582.4161,0.0013120202347636223
5.363809523809524,568.0937,0.0012224982492625713
5.38702947845805,563.82385,0.0011262049665674567
5.410249433106576,564.49805,0.0011826744303107262
5.433469387755102,567.25433,0.001078421832062304
5.456689342403628,570.3618,0.0010426774388179183
5.479909297052155,557.8174,0.001297813723795116
5.50312925170068,510.4661,0.0014344904338940978
5.526349206349207,907.455,0.0013409177772700787
5.5495691609977325,493.701,0.0010468519758433104
5.572789115646259,505.0637,0.0009188239928334951
5.596009070294785,518.3292,0.001083215232938528
5.61922902494331,523.8328,0.001096649095416069
5.642448979591837,509.61285,0.0012561057228595018
5.6656689342403626,494.5802,0.001399716711603105
5.688888888888889,482.03592,0.0013312085065990686
5.712108843537415,478.7901,0.0016648147720843554
5.735328798185941,484.07523,0.0016093624290078878
5.758548752834467,495.0417,0.0010409837123006582
5.7817687074829935,516.6264,0.0010663585271686316
5.804988662131519,529.2876,0.0011197593994438648
5.828208616780046,527.12933,0.001155329286120832
5.851428571428571,508.03793,0.001403704984113574
5.874648526077098,486.63324,0.0013358785072341561
5.897868480725624,475.4215,0.0011363705853000283
5.92108843537415,472.03998,0.0016136385966092348
5.944308390022676,477.74655,0.001889040577225387
5.9675283446712015,490.08646,0.0011509701143950224
5.990748299319728,508.07617,0.0010350001975893974
6.013968253968254,506.60773,0.0013200936373323202
6.03718820861678,486.88052,0.0010854691499844193
6.060408163265306,461.61475,0.001170136034488678
6.0836281179138325,452.2709,0.0007938765338622034
6.106848072562358,464.5648,0.001269181608222425
6.130068027210885,476.0069,0.0013733913656324148
6.15328798185941,482.05365,0.00150302704423666
6.176507936507937,483.3343,0.0012810458429157734
6.199727891156463,479.26315,0.0011030895402655005
6.222947845804989,472.34995,0.0008307866519317031
6.246167800453515,465.7704,0.0009319395758211613
6.269387755102041,464.1834,0.0008482023840770125
6.292607709750567,467.95117,0.0013161986134946346
6.315827664399093,474.48163,0.0016023507341742516
6.339047619047619,485.47308,0.0017383764497935772
6.362267573696145,491.44666,0.0016033756546676159
6.3854875283446715,487.80655,0.0011835284531116486
6.408707482993197,474.7641,0.0011023926781490445
6.431927437641724,457.0364,0.001346819568425417
6.455147392290249,452.3557,0.0011290238471701741
6.478367346938776,458.72568,0.0010156978387385607
6.501587301587302,468.76724,0.0015500104054808617
6.524807256235828,477.44727,0.0017838571220636368
6.548027210884354,481.884,0.0013270603958517313
6.57124716553288,475.45715,0.001103118760511279
6.594467120181406,448.54575,0.0010799742303788662
6.617687074829932,532.0131,0.0010981016093865037
6.640907029478458,418.5995,0.0009641683427616954
6.664126984126984,426.1152,0.0009769289754331112
6.6873469387755105,431.12024,0.000900584040209651
6.710566893424036,427.61783,0.0008944505825638771
6.733786848072563,416.43436,0.0006486211786977947
6.757006802721088,599.09406,0.00042059196857735515
6.780226757369615,600.7193,0.0004964754916727543
6.8034467120181406,597.0222,0.0005215200362727046
6.826666666666667,402.90692,0.0006308478186838329
6.849886621315193,415.5582,0.0007827039225958288
6.873106575963719,423.8288,0.0007129989680834115
6.896326530612245,423.06473,0.0007401738548651338
6.9195464852607715,414.0372,0.0005332072032615542
6.942766439909297,596.51294,0.0005427348660305142
6.965986394557823,679.81085,0.0006996286101639271
6.989206349206349,195.9305,0.0004928314592689276
7.012426303854875,402.41837,0.0007604428101330996
7.035646258503402,416.53738,0.0008537889225408435
7.058866213151927,424.64926,0.0007107916753739119
7.082086167800454,427.5801,0.0007859374745748937
7.1053061224489795,418.42358,0.0006416830001398921
7.128526077097506,596.86084,0.000606792513281107
7.151746031746032,528.26373,0.000915831420570612
7.174965986394558,666.2823,0.0006983433850109577
7.198185941043084,579.1287,0.0004993110778741539
7.2214058956916105,591.3641,0.0004291513469070196
7.244625850340136,596.3093,0.0004822225891984999
7.267845804988662,390.22113,0.0006460549775511026
7.291065759637188,476.15714,0.0007480456843040884
7.314285714285714,481.89734,0.0006200209027156234
7.337505668934241,490.68332,0.0006603562505915761
7.360725623582766,515.5379,0.0006425160681828856
7.383945578231293,671.75757,0.0006566891097463667
7.4071655328798185,572.5039,0.0006478908471763134
7.430385487528345,492.04404,0.0005562797887250781
7.453605442176871,503.62012,0.0006215189350768924
7.476825396825397,478.23898,0.0005399053916335106
7.500045351473923,506.92752,0.0005165372276678681
7.5232653061224495,507.89346,0.0006220859941095114
7.546485260770975,488.78482,0.0005314841982908547
7.569705215419502,479.5969,0.0004633236676454544
7.592925170068027,465.15668,0.0004673273069784045
7.616145124716553,803.1584,0.00048037455417215824
7.63936507936508,182.81357,0.00043072979315184057
7.662585034013605,475.88046,0.0004930595168843865
7.685804988662132,488.6718,0.0005706665106117725
7.7090249433106575,674.32935,0.0005570659413933754
7.732244897959184,193.2465,0.0005900661926716566
7.75546485260771,455.57907,0.0004046536050736904
7.778684807256236,180.54349,0.00044917865307070315
7.801904761904762,171.99875,0.0004933279706165195
7.8251247165532885,160.40761,0.00047656992683187127
7.848344671201814,158.72185,0.00040611327858641744
7.871564625850341,170.63402,0.00035504717379808426
7.894784580498866,177.35262,0.0003244459512643516
7.918004535147393,176.45961,0.00034426781348884106
7.9412244897959186,172.48787,0.0003390330239199102
7.964444444444444,166.00157,0.00045309850247576833
7.987664399092971,478.33636,0.0004436546587385237
8.010884353741497,159.79852,0.0003882434975821525
8.034104308390022,163.80067,0.0003507588407956064
8.057324263038549,170.0301,0.00037185667315497994
8.080544217687075,173.46329,0.00036281277425587177
8.103764172335602,171.72511,0.0003471021191217005
8.126984126984127,165.97653,0.0004006109375040978
8.150204081632653,480.44818,0.0004930720315314829
8.17342403628118,158.47348,0.0003996389568783343
8.196643990929706,161.06499,0.0003371890925336629
8.219863945578231,164.50522,0.00033434643410146236
8.243083900226758,168.07742,0.00034832084202207625
8.266303854875284,170.20273,0.000366679101716727
8.289523809523809,167.2319,0.00037528935354202986
8.312743764172335,482.84222,0.0004188366001471877
8.335963718820862,156.84444,0.0002920948318205774
8.359183673469389,154.98282,0.0003674015461001545
8.382403628117913,157.48395,0.0003598570474423468
8.40562358276644,160.9035,0.00030378016526810825
8.428843537414966,162.27827,0.0003249603614676744
8.452063492063493,160.64452,0.0004049089038744569
8.475283446712018,473.7541,0.0002698310127016157
8.498503401360544,462.67252,0.00028238361119292676
8.52172335600907,153.73282,0.0002692188136279583
8.544943310657597,155.0669,0.0002842112153302878
8.568163265306122,159.12987,0.00026523772976361215
8.591383219954649,164.49184,0.00025129877030849457
8.614603174603175,165.767,0.0002558207488618791
8.6378231292517,162.57764,0.00032924074912443757
8.661043083900227,156.24857,0.00028882306651212275
8.684263038548753,147.39893,0.0002717546885833144
8.70748299319728,146.76665,0.00030370071181096137
8.730702947845804,151.7927,0.00023427969426847994
8.753922902494331,157.90227,0.0002655517018865794
8.777142857142858,163.90073,0.0002489930484443903
8.800362811791384,162.45041,0.0003603326913435012
8.823582766439909,474.72156,0.0002700622717384249
8.846802721088435,150.89474,0.00023470169981010258
8.870022675736962,139.17438,0.00019059295300394297
8.893242630385489,124.86697,0.00017790809215512127
8.916462585034013,127.36154,0.00013130366278346628
8.93968253968254,132.19998,0.0001330422965111211
8.962902494331066,135.73473,0.00012552100815810263
8.986122448979591,133.78987,0.00011620628356467932
9.009342403628118,129.23236,0.0001184747670777142
9.032562358276644,126.12312,0.0001499470672570169
9.05578231292517,124.11234,0.00014777734759263694
9.079002267573696,126.059,0.00010200298856943846
9.102222222222222,130.64996,0.00012211147986818105
9.125442176870749,139.52097,0.00018651240679901093
9.148662131519275,145.18553,0.00019558244093786925
9.1718820861678,142.815,0.00014585527242161334
9.195102040816327,133.80038,0.0001293080858886242
9.218321995464853,123.82559,0.0001896409667097032
9.24154195011338,123.331474,0.00012487628555390984
9.264761904761905,126.44137,9.22776380321011e-05
9.287981859410431,132.02003,0.00014258414739742875
9.311201814058958,143.62231,0.00020623017917387187
9.334421768707482,148.99217,0.00019741315918508917
9.357641723356009,150.06989,0.00020590235362760723
9.380861678004536,142.40335,0.00011153800005558878
9.404081632653062,130.50337,0.00013377072173170745
9.427301587301587,125.346664,0.00011006955901393667
9.450521541950113,128.75822,9.352830238640308e-05
9.47374149659864,130.68733,0.00010434591968078166
9.496961451247167,134.25424,8.504205470671877e-05
9.520181405895691,136.93488,8.641784370411187e-05
9.543401360544218,132.59052,9.353768837172538e-05
9.566621315192744,127.35815,0.00012476529809646308
9.58984126984127,123.76158,0.00016236273222602904
9.613061224489796,116.885925,0.0001356113498331979
9.636281179138322,115.868904,0.00010494388698134571
9.659501133786849,120.87403,7.068386184982955e-05
9.682721088435374,125.21667,5.402430906542577e-05
9.7059410430839,125.8718,6.0748592659365386e-05
9.729160997732427,125.04274,9.762626723386347e-05
9.752380952380953,121.81119,0.00012049301585648209
9.775600907029478,117.12788,0.00010823998309206218
9.798820861678005,113.76694,9.763889102032408e-05
9.822040816326531,116.15304,9.663598029874265e-05
9.845260770975058,122.09688,7.087103585945442e-05
9.868480725623582,128.41739,6.539370224345475e-05
9.891700680272109,132.90555,6.29955466138199e-05
9.914920634920636,134.19376,5.234923810348846e-05
9.93814058956916,129.1587,7.469012052752078e-05
9.961360544217687,120.94481,0.00010619324166327715
9.984580498866213,114.92726,0.00010422047489555553
10.00780045351474,112.489555,9.839369886321947e-05
10.031020408163265,118.73434,7.706999167567119e-05
10.054240362811791,126.475525,5.4412452300312e-05
10.077460317460318,131.20703,6.188891711644828e-05
10.100680272108844,132.97093,4.910882125841454e-05
10.12390022675737,127.78962,7.17276125214994e-05
10.147120181405896,119.52513,0.00010050045239040628
10.170340136054422,113.01009,8.971791248768568e-05
10.193560090702949,110.98174,0.00010734735406003892
10.216780045351474,116.987656,6.741019024048e-05
10.24,123.98846,4.422002530191094e-05
10.263219954648527,130.24805,4.755272311740555e-05
10.286439909297052,133.35625,3.624513192335144e-05
10.309659863945578,130.66484,4.751950109493919e-05
10.332879818594105,120.82596,6.810711056459695e-05
10.356099773242631,113.4027,6.644548557233065e-05
10.379319727891156,108.80851,8.55697289807722e-05
10.402539682539683,114.58621,5.344072269508615e-05
10.425759637188209,122.52399,3.921641473425552e-05
10.448979591836736,130.19337,4.364694905234501e-05
10.47219954648526,132.05812,3.081228715018369e-05
10.495419501133787,126.121346,5.432813486550003e-05
10.518639455782314,117.05761,7.352956890827045e-05
10.54185941043084,114.5292,5.1778719353023916e-05
10.565079365079365,123.78142,3.332995038363151e-05
10.588299319727891,0.0,9.75046532403212e-06
10.611519274376418,0.0,1.1890297173522413e-06
10.634739229024943,0.0,1.6243393474724144e-07
10.65795918367347,0.0,7.101152732502669e-08
10.681179138321996,0.0,8.421829988947138e-08
10.704399092970522,0.0,3.1309355108533055e-08
10.727619047619047,0.0,2.0440893422346562e-08
10.750839002267574,0.0,6.018581188982353e-08
10.7740589569161,0.0,4.5622073230333626e-08
10.797278911564627,0.0,2.909291652031243e-08
10.820498866213152,0.0,1.594889909029007e-08
10.843718820861678,0.0,2.749675331870094e-08
10.866938775510205,0.0,3.399509296286851e-08
10.890158730158731,0.0,3.7397512642201036e-08
10.913378684807256,0.0,3.7378413253463805e-08
10.936598639455783,0.0,2.8351678338367492e-08
10.95981859410431,0.0,1.643093128222972e-08
10.983038548752834,0.0,2.071010385407135e-08
11.00625850340136,0.0,1.5208570403046906e-08
11.029478458049887,0.0,7.889866537880152e-09
11.052698412698414,0.0,3.297554940218106e-08
11.075918367346938,0.0,2.5102963263634592e-08
11.099138321995465,0.0,3.324385033920407e-08
11.122358276643991,0.0,3.636978362919763e-08
11.145578231292518,0.0,4.926550900563598e-08
11.168798185941043,0.0,1.6625563148409128e-08
11.19201814058957,0.0,1.7951606423594058e-08
11.215238095238096,0.0,1.8892933439929038e-08
11.23845804988662,0.0,2.0425432012416422e-08
11.261678004535147,0.0,2.408069121884182e-08
11.284897959183674,0.0,2.4125256459228694e-08
11.3081179138322,0.0,2.696560841286555e-08
11.331337868480725,0.0,5.2777977543883026e-08
11.354557823129252,0.0,4.467801772989333e-08
11.377777777777778,0.0,5.937909008935094e-08
11.400997732426305,0.0,7.357357389992103e-08
11.42421768707483,0.0,6.255413609324023e-08
11.447437641723356,0.0,3.0740920919924974e-08
11.470657596371883,0.0,2.860906533896923e-08
11.49387755102041,0.0,3.992590791312978e-08
11.517097505668934,0.0,2.882843546103686e-07
11.54031746031746,0.0,1.028710357786622e-06
11.563537414965987,0.0,1.925696778926067e-06
11.586757369614512,0.0,1.8303335309610702e-06
11.609977324263038,0.0,7.268145054695196e-07
