0.0,0.0,1.1747852113330737e-07
0.023219954648526078,0.0,1.1666543286992237e-07
0.046439909297052155,0.0,9.646555554354563e-08
0.06965986394557823,0.0,1.0911026038229465e-07
0.09287981859410431,0.0,2.885935828089714e-07
0.11609977324263039,0.0,1.7625461623538285e-07
0.13931972789115646,0.0,1.4090255717746913e-07
0.16253968253968254,0.0,6.54545146971941e-08
0.18575963718820862,0.0,9.3167727754917e-08
0.2089795918367347,0.0,2.457190930726938e-07
0.23219954648526078,0.0,3.418126652832143e-07
0.25541950113378686,0.0,2.236029104096815e-07
0.2786394557823129,0.0,2.7179339667782187e-08
0.301859410430839,0.0,3.861532604787499e-08
0.3250793650793651,0.0,5.968377081444487e-08
0.3482993197278912,0.0,5.492256605066359e-08
0.37151927437641724,0.0,1.5123987395782024e-07
0.3947392290249433,0.0,1.4632405509473756e-07
0.4179591836734694,0.0,1.6703870642231777e-07
0.44117913832199546,0.0,1.5298337530111894e-07
0.46439909297052157,0.0,4.7509820433333516e-07
0.4876190476190476,173.53563,3.089786332566291e-05
0.5108390022675737,169.3039,8.272330887848511e-05
0.5340589569160998,168.38585,0.00011542594438651577
0.5572789115646258,169.47603,0.00016421754844486713
0.5804988662131519,502.72833,0.00026087567675858736
0.603718820861678,508.3122,0.0003384217561688274
0.626938775510204,514.4121,0.0005393634783104062
0.6501587301587302,515.3607,0.0006581841153092682
0.6733786848072563,514.0576,0.0009434473467990756
0.6965986394557824,515.78046,0.0016016404842957854
0.7198185941043084,640.873,0.001666017808020115
0.7430385487528345,677.38086,0.002505469135940075
0.7662585034013606,669.49243,0.002437255345284939
0.7894784580498866,629.36096,0.0024893232621252537
0.8126984126984127,640.32825,0.0023194747045636177
0.8359183673469388,520.7184,0.0019501163624227047
0.8591383219954649,516.847,0.0020924462005496025
0.8823582766439909,635.9045,0.002653476782143116
0.905578231292517,648.9782,0.002282567322254181
0.9287981859410431,1973.7803,0.0022265263833105564
0.9520181405895691,675.9062,0.00223376601934433
0.9752380952380952,653.255,0.00197286787442863
0.9984580498866213,666.44446,0.0015579852042719722
1.0216780045351475,679.20935,0.0012853073421865702
1.0448979591836736,681.4826,0.0015032789669930935
1.0681179138321997,380.82996,0.0016067629912868142
1.0913378684807256,391.42032,0.0022026640363037586
1.1145578231292517,400.98206,0.001935267704539001
1.1377777777777778,403.40353,0.0018312493339180946
1.1609977324263039,404.2423,0.0018992112018167973
1.18421768707483,404.22348,0.0019486431265249848
1.207437641723356,403.0723,0.002335679717361927
1.2306575963718822,400.36542,0.003147703595459461
1.253877551020408,398.27423,0.0031578149646520615
1.2770975056689342,398.40076,0.003728606039658189
1.3003174603174603,400.74997,0.003973863087594509
1.3235374149659864,404.84436,0.004532622639089823
1.3467573696145125,405.23367,0.004714453127235174
1.3699773242630386,403.31894,0.005373981781303883
1.3931972789115648,398.35797,0.004739251919090748
1.4164172335600906,397.86774,0.005417913664132357
1.4396371882086167,399.3623,0.005618683528155088
1.4628571428571429,403.97324,0.005173008888959885
1.486077097505669,410.53735,0.004946879111230373
1.509297052154195,419.00812,0.00539602804929018
1.5325170068027212,423.7579,0.005492016673088074
1.5557369614512473,644.5064,0.006830486934632063
1.5789569160997732,660.4228,0.00642102537676692
1.6021768707482993,672.4497,0.005678411573171616
1.6253968253968254,676.9792,0.005981413647532463
1.6486167800453515,679.8223,0.006080648861825466
1.6718367346938776,679.21643,0.00679789250716567
1.6950566893424037,674.9015,0.006505269557237625
1.7182766439909298,669.742,0.007229279726743698
1.7414965986394557,668.4213,0.0063531529158353806
1.7647165532879818,673.7478,0.005801120772957802
1.787936507936508,681.21686,0.006894392892718315
1.811156462585034,685.5993,0.006243075709789991
1.8343764172335602,684.0011,0.0066133951768279076
1.8575963718820863,674.4187,0.00868525542318821
1.8808163265306124,667.4255,0.008901452645659447
1.9040362811791383,669.74396,0.006308160722255707
1.9272562358276644,678.2434,0.006549287587404251
1.9504761904761905,687.88513,0.008416671305894852
1.9736961451247166,692.4888,0.0076219988986849785
1.9969160997732427,690.4349,0.006303822621703148
2.020136054421769,690.2532,0.008213606663048267
2.043356009070295,697.99335,0.006330756936222315
2.066575963718821,474.43317,0.008474563248455524
2.089795918367347,490.95078,0.00709939282387495
2.1130158730158732,504.2074,0.006991639733314514
2.1362358276643993,495.22247,0.008688529953360558
2.159455782312925,728.3386,0.008591093122959137
2.182675736961451,716.5894,0.00635657599195838
2.2058956916099772,477.17706,0.009934607893228531
2.2291156462585033,481.69568,0.010711174458265305
2.2523356009070294,486.5682,0.009490760043263435
2.2755555555555556,489.96698,0.008975658565759659
2.2987755102040817,487.48257,0.010919495485723019
2.3219954648526078,481.5707,0.013278689235448837
2.345215419501134,482.7148,0.013929839245975018
2.36843537414966,482.88638,0.01310395635664463
2.391655328798186,481.0554,0.01360848918557167
2.414875283446712,484.3373,0.011390702798962593
2.4380952380952383,489.36502,0.010591242462396622
2.4613151927437644,490.599,0.011056631803512573
2.48453514739229,492.8427,0.010399704799056053
2.507755102040816,503.42386,0.01010349951684475
2.5309750566893423,518.464,0.0092606907710433
2.5541950113378684,529.5372,0.007198506500571966
2.5774149659863945,538.784,0.007920803502202034
2.6006349206349206,808.59314,0.008064577355980873
2.6238548752834467,530.3761,0.01053539477288723
2.647074829931973,523.75714,0.00857129693031311
2.670294784580499,523.1562,0.00893978402018547
2.693514739229025,528.41583,0.008473379537463188
2.716734693877551,657.5956,0.010689417831599712
2.7399546485260773,502.7156,0.006290916353464127
2.7631746031746034,498.03564,0.008755935356020927
2.7863945578231295,659.1576,0.014275755733251572
2.809614512471655,545.34064,0.010720095597207546
2.8328344671201813,534.0282,0.009905845858156681
2.8560544217687074,528.4021,0.006297118030488491
2.8792743764172335,642.6412,0.01088239811360836
2.9024943310657596,660.6892,0.006687971763312817
2.9257142857142857,486.8678,0.005277578718960285
2.948934240362812,508.76364,0.0050714872777462006
2.972154195011338,501.0008,0.007289095316082239
2.995374149659864,961.9936,0.00965021550655365
3.01859410430839,505.27246,0.006008864380419254
3.0418140589569163,514.1117,0.007068035192787647
3.0650340136054424,527.79285,0.005483538378030062
3.0882539682539685,522.52386,0.007434780243784189
3.1114739229024946,527.8866,0.0076644946821033955
3.1346938775510207,553.09375,0.005103410221636295
3.1579138321995464,550.85065,0.007147802039980888
3.1811337868480725,507.01663,0.009130884893238544
3.2043537414965986,513.36017,0.008458239026367664
3.2275736961451247,547.55,0.00681364256888628
3.250793650793651,548.78796,0.0057241953909397125
3.274013605442177,529.31104,0.006588960997760296
3.297233560090703,2129.3958,0.008213723078370094
3.320453514739229,514.6997,0.013693784363567829
3.3436734693877552,512.5921,0.011908277869224548
3.3668934240362813,524.4253,0.012030649930238724
3.3901133786848074,999.79486,0.012083299458026886
3.4133333333333336,1019.54456,0.012719742953777313
3.4365532879818597,516.9745,0.011449146084487438
3.4597732426303858,517.87866,0.010928738862276077
3.4829931972789114,619.6295,0.013969856314361095
3.5062131519274375,626.72076,0.013336083851754665
3.5294331065759637,580.13495,0.01066549215465784
3.5526530612244898,555.8621,0.008829033933579922
3.575873015873016,627.851,0.008796689100563526
3.599092970521542,638.46155,0.006501354277133942
3.622312925170068,658.4377,0.007004639133810997
3.645532879818594,674.84247,0.007541259750723839
3.6687528344671203,683.87726,0.008192955516278744
3.6919727891156464,686.5584,0.00894932821393013
3.7151927437641725,685.9804,0.008365659043192863
3.7384126984126986,679.4852,0.0074441577307879925
3.7616326530612247,667.2581,0.006961563136428595
3.784852607709751,662.5005,0.0075995116494596004
3.8080725623582765,661.5417,0.007357106544077396
3.8312925170068026,663.0476,0.00878819078207016
3.8545124716553287,669.9222,0.009769588708877563
3.877732426303855,681.0805,0.012180001474916935
3.900952380952381,689.6786,0.012806489132344723
3.924172335600907,685.5028,0.011284536682069302
3.947392290249433,675.7732,0.011684384196996689
3.9706122448979593,667.1814,0.009386604651808739
3.9938321995464854,991.0169,0.009072605520486832
4.017052154195011,663.9299,0.010914474725723267
4.040272108843538,671.9613,0.010022749193012714
4.063492063492063,684.97504,0.010427807457745075
4.08671201814059,698.72577,0.009325801394879818
4.1099319727891155,705.7722,0.009357744827866554
4.133151927437642,704.7672,0.010579179972410202
4.156371882086168,698.92194,0.010490212589502335
4.179591836734694,693.88556,0.012140167877078056
4.20281179138322,689.5185,0.012998426333069801
4.2260317460317465,690.1433,0.012655011378228664
4.249251700680272,693.6872,0.012031041085720062
4.272471655328799,696.0918,0.013208223506808281
4.295691609977324,695.0282,0.01298084668815136
4.31891156462585,693.56726,0.012685642577707767
4.342131519274377,694.12634,0.012472715228796005
4.365351473922902,695.55054,0.012155648320913315
4.388571428571429,695.5423,0.012447512708604336
4.4117913832199545,694.83826,0.012688472867012024
4.435011337868481,697.36163,0.010154064744710922
4.458231292517007,704.73444,0.007551154121756554
4.481451247165533,712.9017,0.00990312173962593
4.504671201814059,721.1447,0.010781092569231987
4.527891156462585,728.9822,0.009713312610983849
4.551111111111111,744.1185,0.009993687272071838
4.574331065759638,382.0273,0.008996841497719288
4.597551020408163,389.69406,0.006713369861245155
4.62077097505669,391.74335,0.006373132579028606
4.6439909297052155,390.461,0.008623721078038216
4.667210884353741,387.38843,0.00961233675479889
4.690430839002268,386.20465,0.010003700852394104
4.713650793650793,385.7636,0.010528347454965115
4.73687074829932,387.18414,0.011097252368927002
4.760090702947846,386.69757,0.011434103362262249
4.783310657596372,387.5878,0.011712564155459404
4.806530612244898,388.9299,0.011797527782619
4.829750566893424,389.61234,0.012310291640460491
4.85297052154195,390.73407,0.011688532307744026
4.876190476190477,391.64432,0.013656440190970898
4.899410430839002,389.5023,0.01639913022518158
4.922630385487529,387.75742,0.017020365223288536
4.9458503401360545,387.005,0.017286676913499832
4.96907029478458,386.63425,0.016369370743632317
4.992290249433107,388.56628,0.015920907258987427
5.015510204081632,388.5361,0.019584307447075844
5.038730158730159,385.34753,0.01921198144555092
5.061950113378685,381.0456,0.018420590087771416
5.085170068027211,742.9224,0.011590497568249702
5.108390022675737,715.98047,0.009625667706131935
5.131609977324263,698.71204,0.010534564964473248
5.154829931972789,619.45294,0.0095671396702528
5.178049886621316,591.4669,0.009766609407961369
5.201269841269841,616.1691,0.011748790740966797
5.224489795918368,810.5201,0.012892850674688816
5.2477097505668935,695.7225,0.01275850459933281
5.27092970521542,697.4498,0.012875978834927082
5.294149659863946,824.45624,0.013003703206777573
5.317369614512471,823.0467,0.013466902077198029
5.340589569160998,830.2065,0.012333468534052372
5.363809523809524,815.229,0.012794166803359985
5.38702947845805,697.14197,0.012976758182048798
5.410249433106576,697.4327,0.012876337394118309
5.433469387755102,1216.3507,0.013334473595023155
5.456689342403628,697.497,0.012322320602834225
5.479909297052155,698.11414,0.012010954320430756
5.50312925170068,614.08496,0.012281266041100025
5.526349206349207,616.5337,0.010222049430012703
5.5495691609977325,595.4599,0.007714764680713415
5.572789115646259,674.71643,0.012693283148109913
5.596009070294785,663.80457,0.012555054388940334
5.61922902494331,997.8455,0.011653849855065346
5.642448979591837,666.5144,0.00880263838917017
5.6656689342403626,1009.3077,0.0077828108333051205
5.688888888888889,1005.19055,0.010382741689682007
5.712108843537415,996.1949,0.010877148248255253
5.735328798185941,663.5744,0.010605813935399055
5.758548752834467,1003.4693,0.012747464701533318
5.7817687074829935,999.34235,0.012115329504013062
5.804988662131519,666.97235,0.011073021218180656
5.828208616780046,1003.34076,0.009296179749071598
5.851428571428571,1007.52277,0.011107154190540314
5.874648526077098,1004.1019,0.01069173589348793
5.897868480725624,668.7418,0.011779389344155788
5.92108843537415,666.2337,0.01193297654390335
5.944308390022676,664.211,0.010611003264784813
5.9675283446712015,660.2842,0.010731718502938747
5.990748299319728,652.7535,0.011860320344567299
6.013968253968254,640.5148,0.006287228316068649
6.03718820861678,617.54584,0.0053023770451545715
6.060408163265306,534.1896,0.0044830613769590855
6.0836281179138325,1035.5176,0.004989020526409149
6.106848072562358,676.01715,0.00553009333088994
6.130068027210885,498.60992,0.004650563932955265
6.15328798185941,1030.7375,0.004588541574776173
6.176507936507937,2058.5894,0.005543133243918419
6.199727891156463,504.32825,0.00550103560090065
6.222947845804989,509.1492,0.00486343028023839
6.246167800453515,594.4223,0.004951294045895338
6.269387755102041,594.62714,0.005270013120025396
6.292607709750567,594.4221,0.005243771709501743
6.315827664399093,517.5349,0.004528341349214315
6.339047619047619,1043.596,0.004502567462623119
6.362267573696145,2069.015,0.004904245026409626
6.3854875283446715,506.52896,0.005267735570669174
6.408707482993197,2062.9683,0.004785099998116493
6.431927437641724,506.81982,0.005408247001469135
6.455147392290249,595.90704,0.005261184647679329
6.478367346938776,537.85645,0.0060677435249090195
6.501587301587302,501.98425,0.00709298113361001
6.524807256235828,627.69775,0.007443505339324474
6.548027210884354,810.7879,0.005332500673830509
6.57124716553288,800.7871,0.006037961691617966
6.594467120181406,527.9053,0.004997223615646362
6.617687074829932,524.9848,0.0048095472157001495
6.640907029478458,525.1541,0.004629178903996944
6.664126984126984,524.56287,0.004815331660211086
6.6873469387755105,791.7331,0.004910189658403397
6.710566893424036,532.34576,0.004881373606622219
6.733786848072563,533.6374,0.004738106392323971
6.757006802721088,798.59644,0.0059760320000350475
6.780226757369615,796.2199,0.005330790299922228
6.8034467120181406,528.99054,0.004355703946202993
6.826666666666667,525.5737,0.004182206466794014
6.849886621315193,523.456,0.004638983868062496
6.873106575963719,522.9787,0.004796339198946953
6.896326530612245,523.19507,0.004837307613343
6.9195464852607715,524.44385,0.004997466690838337
6.942766439909297,521.6562,0.005740002728998661
6.965986394557823,516.1992,0.004878956824541092
6.989206349206349,498.62393,0.004046164453029633
7.012426303854875,487.3618,0.0027926480397582054
7.035646258503402,653.61194,0.0031848009675741196
7.058866213151927,660.4026,0.0025838548317551613
7.082086167800454,615.1175,0.0029917489737272263
7.1053061224489795,597.1112,0.0028553218580782413
7.128526077097506,583.95483,0.0028547190595418215
7.151746031746032,604.2631,0.0029538790695369244
7.174965986394558,600.76605,0.0027257606852799654
7.198185941043084,592.68555,0.0031817471608519554
7.2214058956916105,593.89905,0.0031211324967443943
7.244625850340136,591.90186,0.002717365976423025
7.267845804988662,624.2363,0.0035651694051921368
7.291065759637188,637.413,0.0033256644383072853
7.314285714285714,645.60455,0.0035961787216365337
7.337505668934241,597.99896,0.00300782173871994
7.360725623582766,623.2232,0.0027050855569541454
7.383945578231293,602.4242,0.003278805175796151
7.4071655328798185,644.1228,0.0028823402244597673
7.430385487528345,452.41583,0.0032966751605272293
7.453605442176871,591.7911,0.003821833059191704
7.476825396825397,596.71747,0.0033475575037300587
7.500045351473923,589.80817,0.003866183338686824
7.5232653061224495,459.6279,0.003825234714895487
7.546485260770975,672.2432,0.003563765436410904
7.569705215419502,653.36554,0.0037611641455441713
7.592925170068027,649.56793,0.004009060561656952
7.616145124716553,655.63,0.0032069766893982887
7.63936507936508,663.6511,0.00283175241202116
7.662585034013605,667.1019,0.003028225153684616
7.685804988662132,662.1369,0.003247013781219721
7.7090249433106575,655.61005,0.0035861304495483637
7.732244897959184,650.53534,0.003503922140225768
7.75546485260771,653.5131,0.003287677187472582
7.778684807256236,661.4858,0.003624439937993884
7.801904761904762,447.65506,0.0028601540252566338
7.8251247165532885,452.32516,0.003161440137773752
7.848344671201814,602.6478,0.0034069116227328777
7.871564625850341,659.0708,0.0032995357178151608
7.894784580498866,647.1471,0.00267063919454813
7.918004535147393,638.54156,0.002565148286521435
7.9412244897959186,642.00336,0.003318671602755785
7.964444444444444,596.4401,0.002956475829705596
7.987664399092971,445.49854,0.003045307472348213
8.010884353741497,451.131,0.0028289114125072956
8.034104308390022,446.64227,0.00293447682633996
8.057324263038549,653.5042,0.0025816878769546747
8.080544217687075,421.28723,0.0022198976948857307
8.103764172335602,398.721,0.0026556923985481262
8.126984126984127,752.63464,0.0022872888948768377
8.150204081632653,378.23306,0.0022427875082939863
8.17342403628118,384.8653,0.002270500175654888
8.196643990929706,518.2415,0.0029540215618908405
8.219863945578231,521.40546,0.0024325428530573845
8.243083900226758,396.46088,0.0027625025250017643
8.266303854875284,394.90335,0.002319557126611471
8.289523809523809,390.21173,0.002716622781008482
8.312743764172335,388.4532,0.0022159223444759846
8.335963718820862,385.3536,0.0024344734847545624
8.359183673469389,380.7239,0.0021958209108561277
8.382403628117913,380.2422,0.0030832504853606224
8.40562358276644,386.94504,0.0028156146872788668
8.428843537414966,717.5711,0.003580996301025152
8.452063492063493,748.371,0.0033084468450397253
8.475283446712018,407.80478,0.0030937944538891315
8.498503401360544,405.63104,0.0026846372056752443
8.52172335600907,394.06006,0.0023798136971890926
8.544943310657597,751.71375,0.0028685745783150196
8.568163265306122,751.4018,0.002450251253321767
8.591383219954649,379.9239,0.0030171743128448725
8.614603174603175,570.51715,0.003005704376846552
8.6378231292517,402.57217,0.0031288466416299343
8.661043083900227,406.37375,0.0033764000982046127
8.684263038548753,400.21622,0.0026563196443021297
8.70748299319728,389.61035,0.00301050441339612
8.730702947845804,375.706,0.0020923542324453592
8.753922902494331,647.6457,0.0021079136058688164
8.777142857142858,624.4721,0.0021389443427324295
8.800362811791384,651.13446,0.0021781576797366142
8.823582766439909,660.49005,0.0021133124828338623
8.846802721088435,664.0747,0.0023152255453169346
8.870022675736962,685.7321,0.002774542896077037
8.893242630385489,657.7481,0.002158015500754118
8.916462585034013,658.0234,0.0024376262445002794
8.93968253968254,658.0967,0.0022273946087807417
8.962902494331066,662.396,0.0023874458856880665
8.986122448979591,640.72876,0.002763710916042328
9.009342403628118,661.42,0.002981129102408886
9.032562358276644,660.6468,0.0022048344835639
9.05578231292517,758.7103,0.002330897841602564
9.079002267573696,659.32916,0.0026449314318597317
9.102222222222222,634.0556,0.0018646449316293001
9.125442176870749,597.59125,0.0011707821395248175
9.148662131519275,751.5284,0.0014456770149990916
9.1718820861678,632.541,0.0024665077216923237
9.195102040816327,648.4062,0.0024163455236703157
9.218321995464853,536.4411,0.002693450078368187
9.24154195011338,546.50055,0.002316356636583805
9.264761904761905,663.04846,0.0020806160755455494
9.287981859410431,603.52405,0.0014852583408355713
9.311201814058958,735.0887,0.0014113503275439143
9.334421768707482,595.9275,0.0013296096585690975
9.357641723356009,613.3031,0.0017747895326465368
9.380861678004536,626.16565,0.0015779166715219617
9.404081632653062,366.1648,0.0012292417231947184
9.427301587301587,373.40915,0.00045658490853384137
9.450521541950113,171.94485,3.084248601226136e-05
9.47374149659864,0.0,2.5562885639374144e-06
9.496961451247167,0.0,4.410012479638681e-07
9.520181405895691,0.0,9.100222086999565e-08
9.543401360544218,0.0,5.708079697797075e-08
9.566621315192744,0.0,5.9374542615842074e-08
9.58984126984127,0.0,3.4263393899891526e-08
9.613061224489796,0.0,4.9292793846689165e-08
9.636281179138322,0.0,8.513234206475317e-08
9.659501133786849,0.0,1.6735248209442943e-07
9.682721088435374,0.0,3.963123162975535e-08
9.7059410430839,0.0,3.5378434404265136e-08
9.729160997732427,0.0,1.1327847460051998e-07
9.752380952380953,0.0,6.888330972287804e-08
9.775600907029478,0.0,4.0978193283081055e-08
9.798820861678005,0.0,4.717549018096179e-08
9.822040816326531,0.0,1.1448446457507089e-07
9.845260770975058,0.0,1.2877990229753777e-07
9.868480725623582,0.0,1.1229803931200877e-07
9.891700680272109,0.0,1.1543761502252892e-07
9.914920634920636,0.0,2.0436345948837698e-09
