0.0,0.0,7.679864211240783e-07
0.023219954648526078,0.0,4.7527009883197024e-07
0.046439909297052155,0.0,4.7532012104056776e-07
0.06965986394557823,0.0,5.793899617856368e-07
0.09287981859410431,0.0,5.057800080976449e-07
0.11609977324263039,0.0,3.70776433555875e-07
0.13931972789115646,0.0,2.853848855011165e-07
0.16253968253968254,0.0,1.6128706192830577e-07
0.18575963718820862,0.0,1.4121906133368611e-07
0.2089795918367347,0.0,6.059144652681425e-08
0.23219954648526078,0.0,3.939658199669793e-08
0.25541950113378686,0.0,2.3323991626966745e-08
0.2786394557823129,0.0,2.8309841582085937e-08
0.301859410430839,0.0,2.0911102183163166e-08
0.3250793650793651,0.0,2.239721652586013e-08
0.3482993197278912,0.0,3.013155946973711e-08
0.37151927437641724,0.0,3.1324816518463194e-08
0.3947392290249433,0.0,2.7489477361086756e-08
0.4179591836734694,0.0,4.1723978938534856e-08
0.44117913832199546,0.0,6.304617272689939e-08
0.46439909297052157,0.0,9.365974619868211e-06
0.4876190476190476,149.76494,0.0001656132226344198
0.5108390022675737,143.9472,0.00033434596844017506
0.5340589569160998,143.29709,0.0004619302926585078
0.5572789115646258,142.33736,0.0005806977278552949
0.5804988662131519,144.14609,0.0008837527129799128
0.603718820861678,146.23703,0.0014775540912523866
0.626938775510204,149.3782,0.0015860083512961864
0.6501587301587302,151.87021,0.0019053949508816004
0.6733786848072563,152.53583,0.0022979280911386013
0.6965986394557824,153.73813,0.0027139110025018454
0.7198185941043084,153.23741,0.003594212466850877
0.7430385487528345,153.8767,0.002788224956020713
0.7662585034013606,158.19362,0.0026571829803287983
0.7894784580498866,164.49594,0.0027548123616725206
0.8126984126984127,171.06708,0.0025117737241089344
0.8359183673469388,174.36661,0.0035379512701183558
0.8591383219954649,169.69875,0.005278612487018108
0.8823582766439909,159.90393,0.007518006954342127
0.905578231292517,151.82108,0.009059933014214039
0.9287981859410431,149.88733,0.007370960898697376
0.9520181405895691,156.57387,0.005261938087642193
0.9752380952380952,163.6297,0.005549442954361439
0.9984580498866213,169.20119,0.006002526264637709
1.0216780045351475,170.79648,0.006679868791252375
1.0448979591836736,167.69536,0.007261110469698906
1.0681179138321997,162.35735,0.007039823569357395
1.0913378684807256,158.16942,0.006794672925025225
1.1145578231292517,156.94514,0.006635541096329689
1.1377777777777778,162.31569,0.006564859300851822
1.1609977324263039,507.1532,0.007129301782697439
1.18421768707483,517.1209,0.007990848273038864
1.207437641723356,514.55365,0.0073267798870801926
1.2306575963718822,167.54845,0.00684415502473712
1.253877551020408,165.29916,0.0077388654462993145
1.2770975056689342,164.772,0.008321164175868034
1.3003174603174603,165.77554,0.008275121450424194
1.3235374149659864,506.99127,0.008627189323306084
1.3467573696145125,514.1813,0.009961138479411602
1.3699773242630386,512.7579,0.009800470434129238
1.3931972789115648,510.51468,0.009648358449339867
1.4164172335600906,169.79396,0.00961182452738285
1.4396371882086167,169.47412,0.008898302912712097
1.4628571428571429,169.53023,0.008197803981602192
1.486077097505669,169.92247,0.00822511687874794
1.509297052154195,514.78467,0.007183038629591465
1.5325170068027212,176.21669,0.00365658663213253
1.5557369614512473,183.60724,0.0035309053491801023
1.5789569160997732,184.8264,0.003940063528716564
1.6021768707482993,184.41444,0.004476156085729599
1.6253968253968254,183.07718,0.004609189461916685
1.6486167800453515,181.8683,0.004819042049348354
1.6718367346938776,184.01161,0.0057141645811498165
1.6950566893424037,374.81506,0.006215416826307774
1.7182766439909298,383.64862,0.005970665253698826
1.7414965986394557,384.26004,0.00754607142880559
1.7647165532879818,187.55647,0.00735937524586916
1.787936507936508,181.10397,0.010392660275101662
1.811156462585034,530.2165,0.011793792247772217
1.8343764172335602,530.4487,0.008709379471838474
1.8575963718820863,182.19814,0.008409500122070312
1.8808163265306124,687.9436,0.010630899108946323
1.9040362811791383,712.9211,0.010679931379854679
1.9272562358276644,675.6229,0.010797570459544659
1.9504761904761905,374.75912,0.010283468291163445
1.9736961451247166,182.78027,0.011060807853937149
1.9969160997732427,538.6799,0.010006117634475231
2.020136054421769,180.39372,0.009020926430821419
2.043356009070295,185.44151,0.011328570544719696
2.066575963718821,380.15472,0.01062055490911007
2.089795918367347,386.52774,0.010993082076311111
2.1130158730158732,708.6319,0.010629433207213879
2.1362358276643993,186.73557,0.009496854618191719
2.159455782312925,546.5401,0.010746135376393795
2.182675736961451,539.71173,0.009229732677340508
2.2058956916099772,181.86122,0.009531665593385696
2.2291156462585033,186.63106,0.010409606620669365
2.2523356009070294,514.8466,0.01104736514389515
2.2755555555555556,728.5302,0.011113230139017105
2.2987755102040817,707.2951,0.008938208222389221
2.3219954648526078,188.27208,0.009001693688333035
2.345215419501134,187.28812,0.008565673604607582
2.36843537414966,187.30017,0.00840555690228939
2.391655328798186,187.60852,0.00915955938398838
2.414875283446712,515.29816,0.008419344201683998
2.4380952380952383,188.5287,0.008752221241593361
2.4613151927437644,691.8508,0.008742302656173706
2.48453514739229,385.79675,0.008877549320459366
2.507755102040816,398.0095,0.00859291572123766
2.5309750566893423,406.9358,0.008293173275887966
2.5541950113378684,411.9351,0.008143167942762375
2.5774149659863945,410.27466,0.007791636046022177
2.6006349206349206,408.0139,0.008160511031746864
2.6238548752834467,408.6475,0.008832463063299656
2.647074829931973,413.82007,0.010274398140609264
2.670294784580499,423.51443,0.013301853090524673
2.693514739229025,432.0567,0.014618267305195332
2.716734693877551,434.47504,0.013843907043337822
2.7399546485260773,427.3563,0.012289149686694145
2.7631746031746034,415.25095,0.010292017832398415
2.7863945578231295,407.22485,0.010280152782797813
2.809614512471655,409.8193,0.01286725141108036
2.8328344671201813,420.80066,0.015667501837015152
2.8560544217687074,428.75668,0.017809227108955383
2.8792743764172335,431.08676,0.015957046300172806
2.9024943310657596,426.42502,0.013947630301117897
2.9257142857142857,417.1366,0.011398198083043098
2.948934240362812,411.0687,0.010705008171498775
2.972154195011338,412.01514,0.012509521096944809
2.995374149659864,420.24658,0.015328304842114449
3.01859410430839,427.84906,0.017468959093093872
3.0418140589569163,432.42856,0.01688414439558983
3.0650340136054424,431.6597,0.013955722562968731
3.0882539682539685,425.19125,0.014077269472181797
3.1114739229024946,423.04465,0.013849129900336266
3.1346938775510207,422.3716,0.014247830025851727
3.1579138321995464,422.67307,0.0150098642334342
3.1811337868480725,424.83722,0.016260288655757904
3.2043537414965986,427.69016,0.01636427268385887
3.2275736961451247,427.2303,0.016117926687002182
3.250793650793651,425.4837,0.016135867685079575
3.274013605442177,424.62427,0.015445230528712273
3.297233560090703,424.09778,0.016198333352804184
3.320453514739229,423.97092,0.015640776604413986
3.3436734693877552,424.08252,0.01633724570274353
3.3668934240362813,423.7775,0.016576699912548065
3.3901133786848074,425.15817,0.016610603779554367
3.4133333333333336,427.1164,0.01686166599392891
3.4365532879818597,430.06778,0.016921700909733772
3.4597732426303858,436.16663,0.016483992338180542
3.4829931972789114,222.30885,0.016905196011066437
3.5062131519274375,223.72485,0.016528604552149773
3.5294331065759637,223.36691,0.01779809780418873
3.5526530612244898,443.35614,0.01752510853111744
3.575873015873016,437.8995,0.01496745552867651
3.599092970521542,434.23944,0.014903989620506763
3.622312925170068,434.88776,0.016373571008443832
3.645532879818594,221.17184,0.01601601392030716
3.6687528344671203,226.38152,0.012332115322351456
3.6919727891156464,229.43077,0.013205457478761673
3.7151927437641725,227.13039,0.017878739163279533
3.7384126984126986,447.96265,0.02119782380759716
3.7616326530612247,435.61362,0.016641555353999138
3.784852607709751,425.99774,0.017644012346863747
3.8080725623582765,429.047,0.020119301974773407
3.8312925170068026,221.40443,0.018449120223522186
3.8545124716553287,228.08936,0.014151662588119507
3.877732426303855,231.6309,0.014200691133737564
3.900952380952381,229.08095,0.021154657006263733
3.924172335600907,445.54144,0.02357170730829239
3.947392290249433,433.8412,0.019519630819559097
3.9706122448979593,426.9266,0.02107813209295273
3.9938321995464854,432.81406,0.022319568321108818
4.017052154195011,223.57414,0.0183650404214859
4.040272108843538,229.16241,0.01496371254324913
4.063492063492063,229.93237,0.017836794257164
4.08671201814059,225.51337,0.02578333392739296
4.1099319727891155,442.53857,0.02564726583659649
4.133151927437642,435.1424,0.020821459591388702
4.156371882086168,429.91312,0.022271770983934402
4.179591836734694,434.74344,0.02266937866806984
4.20281179138322,223.92003,0.02039424702525139
4.2260317460317465,227.5263,0.018947048112750053
4.249251700680272,225.75883,0.021009035408496857
4.272471655328799,224.23413,0.02323652058839798
4.295691609977324,445.94485,0.024828782305121422
4.31891156462585,444.67667,0.02409178949892521
4.342131519274377,222.5318,0.022420531138777733
4.365351473922902,223.16505,0.021841581910848618
4.388571428571429,223.64795,0.020137326791882515
4.4117913832199545,224.82608,0.016939107328653336
4.435011337868481,228.54088,0.012369317933917046
4.458231292517007,471.2606,0.01661522500216961
4.481451247165533,488.0318,0.025494486093521118
4.504671201814059,499.28156,0.02329268306493759
4.527891156462585,503.0208,0.021038873121142387
4.551111111111111,500.3928,0.019936472177505493
4.574331065759638,498.5962,0.021621735766530037
4.597551020408163,502.8338,0.02421865239739418
4.62077097505669,509.2274,0.027571886777877808
4.6439909297052155,509.36987,0.027569841593503952
4.667210884353741,505.36984,0.02763940393924713
4.690430839002268,501.04996,0.025876710191369057
4.713650793650793,495.42178,0.0248640775680542
4.73687074829932,493.66486,0.028462938964366913
4.760090702947846,498.37717,0.03132221847772598
4.783310657596372,507.83228,0.03743235021829605
4.806530612244898,515.3094,0.03962957113981247
4.829750566893424,513.3902,0.03835361823439598
4.85297052154195,505.3671,0.028270261362195015
4.876190476190477,494.09183,0.02417067065834999
4.899410430839002,491.32782,0.030212217941880226
4.922630385487529,497.9352,0.03255616873502731
4.9458503401360545,508.6459,0.03465704992413521
4.96907029478458,517.1578,0.03363276273012161
4.992290249433107,515.67163,0.03566592186689377
5.015510204081632,505.57837,0.02813017927110195
5.038730158730159,493.44632,0.0217452235519886
5.061950113378685,488.95334,0.028361178934574127
5.085170068027211,495.9392,0.03174824267625809
5.108390022675737,505.02805,0.03135359287261963
5.131609977324263,512.74164,0.0325227826833725
5.154829931972789,512.7532,0.033114660531282425
5.178049886621316,507.02255,0.029425010085105896
5.201269841269841,500.2029,0.02693803980946541
5.224489795918368,497.0923,0.026851635426282883
5.2477097505668935,498.5921,0.02819664031267166
5.27092970521542,501.29617,0.028504762798547745
5.294149659863946,501.7107,0.028217775747179985
5.317369614512471,500.51233,0.028561532497406006
5.340589569160998,500.07608,0.02946491166949272
5.363809523809524,500.10727,0.030029717832803726
5.38702947845805,499.794,0.030479667708277702
5.410249433106576,501.65793,0.030786950141191483
5.433469387755102,503.9491,0.030174724757671356
5.456689342403628,508.1071,0.028018448501825333
5.479909297052155,517.8631,0.020974282175302505
5.50312925170068,543.4397,0.032870903611183167
5.526349206349207,278.0165,0.03906877338886261
5.5495691609977325,286.024,0.03823801130056381
5.572789115646259,285.42776,0.0382225438952446
5.596009070294785,281.02243,0.04369210824370384
5.61922902494331,279.1299,0.04837925359606743
5.642448979591837,281.54263,0.04774412512779236
5.6656689342403626,283.03043,0.04398943856358528
5.688888888888889,284.91394,0.03766551986336708
5.712108843537415,283.7752,0.04979914426803589
5.735328798185941,280.33084,0.06320393830537796
5.758548752834467,556.5001,0.07496236264705658
5.7817687074829935,554.5178,0.07012930512428284
5.804988662131519,279.93536,0.040362440049648285
5.828208616780046,285.19473,0.028879854828119278
5.851428571428571,290.99353,0.036421433091163635
5.874648526077098,292.8644,0.03937205672264099
5.897868480725624,287.3751,0.049135722219944
5.92108843537415,561.6411,0.08496150374412537
5.944308390022676,553.23157,0.07879814505577087
5.9675283446712015,277.75348,0.047502294182777405
5.990748299319728,283.50894,0.027067232877016068
6.013968253968254,291.23016,0.03743940591812134
6.03718820861678,293.20856,0.0339960977435112
6.060408163265306,287.41858,0.04214150458574295
6.0836281179138325,561.49976,0.0808735191822052
6.106848072562358,548.79456,0.08155054599046707
6.130068027210885,275.92282,0.04451173543930054
6.15328798185941,282.72906,0.02345518209040165
6.176507936507937,290.9524,0.033813878893852234
6.199727891156463,296.54367,0.037760309875011444
6.222947845804989,292.78583,0.027306966483592987
6.246167800453515,285.66806,0.03492346778512001
6.269387755102041,558.2412,0.03421808034181595
6.292607709750567,279.96445,0.020259354263544083
6.315827664399093,285.88605,0.01881146803498268
6.339047619047619,290.84247,0.021894779056310654
6.362267573696145,292.2073,0.021907132118940353
6.3854875283446715,289.16962,0.017052022740244865
6.408707482993197,286.51074,0.01535339280962944
6.431927437641724,287.06003,0.015809517353773117
6.455147392290249,290.4174,0.018459416925907135
6.478367346938776,295.12646,0.024644382297992706
6.501587301587302,301.39218,0.019394755363464355
6.524807256235828,308.3456,0.01601450890302658
6.548027210884354,308.9125,0.019146505743265152
6.57124716553288,304.73532,0.023246102035045624
6.594467120181406,302.65878,0.023215442895889282
6.617687074829932,304.50986,0.018638882786035538
6.640907029478458,309.44534,0.013981105759739876
6.664126984126984,315.46902,0.013696970418095589
6.6873469387755105,320.0485,0.01406019926071167
6.710566893424036,319.01648,0.016930993646383286
6.733786848072563,314.3331,0.019931644201278687
6.757006802721088,306.2146,0.02683698758482933
6.780226757369615,304.00784,0.022304749116301537
6.8034467120181406,310.86432,0.014287563040852547
6.826666666666667,319.7295,0.010419568046927452
6.849886621315193,325.94,0.009252725169062614
6.873106575963719,324.9419,0.01402156613767147
6.896326530612245,315.86975,0.020045695826411247
6.9195464852607715,304.73132,0.025846637785434723
6.942766439909297,302.094,0.022116683423519135
6.965986394557823,308.75238,0.015301726758480072
6.989206349206349,318.3896,0.011696992442011833
7.012426303854875,324.94788,0.009232982061803341
7.035646258503402,326.26666,0.010531280189752579
7.058866213151927,320.43304,0.018942048773169518
7.082086167800454,308.86008,0.021726053208112717
7.1053061224489795,303.70938,0.021171098574995995
7.128526077097506,307.58014,0.015223734080791473
7.151746031746032,316.35422,0.01251920871436596
7.174965986394558,323.71872,0.009301949292421341
7.198185941043084,326.28693,0.00913812406361103
7.2214058956916105,323.21866,0.015476308763027191
7.244625850340136,315.51376,0.016121888533234596
7.267845804988662,312.52423,0.014365991577506065
7.291065759637188,316.45892,0.014002691954374313
7.314285714285714,321.42032,0.010015159845352173
7.337505668934241,323.0107,0.009654181078076363
7.360725623582766,322.72415,0.009525415487587452
7.383945578231293,321.43954,0.011266404762864113
7.4071655328798185,319.5376,0.00932680070400238
7.430385487528345,322.787,0.006420361343771219
7.453605442176871,330.21283,0.0058341361582279205
7.476825396825397,338.96457,0.0058816722594201565
7.500045351473923,346.434,0.007231033407151699
7.5232653061224495,347.88837,0.007127879653126001
7.546485260770975,339.0807,0.007885249331593513
7.569705215419502,328.74847,0.007208357099443674
7.592925170068027,328.61267,0.006929589435458183
7.616145124716553,331.9184,0.007043804973363876
7.63936507936508,337.08218,0.006864757742732763
7.662585034013605,343.44525,0.00832631066441536
7.685804988662132,347.77518,0.00867532193660736
7.7090249433106575,343.75525,0.009285064414143562
7.732244897959184,327.62543,0.010478796437382698
7.75546485260771,320.87558,0.008759131655097008
7.778684807256236,326.07144,0.0073306988924741745
7.801904761904762,333.344,0.00762941874563694
7.8251247165532885,338.80255,0.0077703241258859634
7.848344671201814,341.9702,0.007902268320322037
7.871564625850341,339.5714,0.008529703132808208
7.894784580498866,334.0467,0.008560212329030037
7.918004535147393,331.49957,0.007906407117843628
7.9412244897959186,333.5765,0.007078976836055517
7.964444444444444,336.29202,0.005540343001484871
7.987664399092971,333.27423,0.0029288395307958126
8.010884353741497,335.0311,0.0011601463193073869
8.034104308390022,343.11395,2.66224960796535e-05
8.057324263038549,0.0,3.264086444687564e-06
8.080544217687075,0.0,1.2456730473786592e-06
8.103764172335602,0.0,4.192655069346074e-06
8.126984126984127,0.0,2.0727193259517662e-06
8.150204081632653,0.0,8.747292667976581e-07
8.17342403628118,0.0,8.283632269012742e-07
8.196643990929706,0.0,6.402415237971582e-07
8.219863945578231,0.0,5.165711627341807e-07
8.243083900226758,0.0,5.640013114316389e-07
8.266303854875284,0.0,5.425017661764286e-07
8.289523809523809,0.0,5.444644557428546e-07
8.312743764172335,0.0,4.562571120914072e-07
8.335963718820862,0.0,4.175044523435645e-07
8.359183673469389,0.0,4.415678631630726e-07
8.382403628117913,0.0,2.8474460123106837e-07
8.40562358276644,0.0,1.8483297026250511e-07
8.428843537414966,0.0,1.7156708054244518e-07
8.452063492063493,0.0,7.146900316001847e-08
8.475283446712018,0.0,1.7231013771379367e-07
8.498503401360544,0.0,1.2530381354736164e-07
8.52172335600907,380.83066,0.00010715647658798844
8.544943310657597,366.27487,0.0006188167608343065
8.568163265306122,361.40118,0.0013987224083393812
8.591383219954649,360.61337,0.001963486894965172
8.614603174603175,360.8772,0.002471241168677807
8.6378231292517,367.5281,0.003162610810250044
8.661043083900227,373.38943,0.003093122038990259
8.684263038548753,377.11206,0.0030266111716628075
8.70748299319728,376.8979,0.00340406596660614
8.730702947845804,373.93494,0.004352065734565258
8.753922902494331,371.70642,0.005058521404862404
8.777142857142858,373.81427,0.005301347933709621
8.800362811791384,382.25757,0.006653306074440479
8.823582766439909,397.719,0.021387211978435516
8.846802721088435,443.74796,0.033382661640644073
8.870022675736962,443.602,0.01463759783655405
8.893242630385489,373.13962,0.00540623813867569
8.916462585034013,350.10406,0.005414177197962999
8.93968253968254,351.34183,0.010593140497803688
8.962902494331066,362.45605,0.01387840323150158
8.986122448979591,371.5191,0.011579153127968311
9.009342403628118,374.09607,0.009069154970347881
9.032562358276644,375.3649,0.011774051934480667
9.05578231292517,371.37424,0.013021708466112614
9.079002267573696,370.79028,0.013401852920651436
9.102222222222222,369.75323,0.014081578701734543
9.125442176870749,370.24466,0.013307291083037853
9.148662131519275,369.9349,0.013970941305160522
9.1718820861678,371.00528,0.012648317031562328
9.195102040816327,372.43268,0.012660274282097816
9.218321995464853,373.19785,0.011002466082572937
9.24154195011338,389.77563,0.02932806685566902
9.264761904761905,451.77716,0.040018558502197266
9.287981859410431,454.90823,0.04192698001861572
9.311201814058958,451.67307,0.033543556928634644
9.334421768707482,446.00232,0.006764560472220182
9.357641723356009,341.44376,0.005101585760712624
9.380861678004536,332.1777,0.00417520385235548
9.404081632653062,326.7298,0.0040465365163981915
9.427301587301587,325.32135,0.0040858895517885685
9.450521541950113,327.19473,0.0037166832480579615
9.47374149659864,330.8589,0.003702382789924741
9.496961451247167,334.25955,0.0037888269871473312
9.520181405895691,334.97827,0.003555332077667117
9.543401360544218,335.39297,0.003547402797266841
9.566621315192744,333.67532,0.004022115375846624
9.58984126984127,329.57617,0.0038183555006980896
9.613061224489796,325.89886,0.003585787955671549
9.636281179138322,325.9693,0.0038669942878186703
9.659501133786849,326.51312,0.003506859764456749
9.682721088435374,331.59845,0.003955209627747536
9.7059410430839,336.12497,0.004397709853947163
9.729160997732427,337.99084,0.004539767745882273
9.752380952380953,333.40826,0.0055907187052071095
9.775600907029478,322.33295,0.008272498846054077
9.798820861678005,318.81274,0.006132157519459724
9.822040816326531,325.0126,0.004112078808248043
9.845260770975058,333.3829,0.004506576806306839
9.868480725623582,340.24017,0.004802227020263672
9.891700680272109,341.53036,0.004825405776500702
9.914920634920636,334.28622,0.005643900949507952
9.93814058956916,323.18936,0.007835217751562595
9.961360544217687,320.13885,0.006088987458497286
9.984580498866213,325.2535,0.004446475766599178
10.00780045351474,331.95227,0.004596831277012825
10.031020408163265,336.02615,0.005256203003227711
10.054240362811791,337.2767,0.005307802930474281
10.077460317460318,335.55307,0.005448576062917709
10.100680272108844,331.0096,0.004777971655130386
10.12390022675737,329.8565,0.0047635543160140514
10.147120181405896,331.27444,0.004967157728970051
10.170340136054422,332.61743,0.005090456455945969
10.193560090702949,333.38855,0.004995973780751228
10.216780045351474,334.5351,0.005129220429807901
10.24,335.71698,0.005192725919187069
10.263219954648527,331.39688,0.0045964885503053665
10.286439909297052,323.49335,0.00813009962439537
10.309659863945578,313.96997,0.009484000504016876
10.332879818594105,524.5074,0.008024642243981361
10.356099773242631,542.4538,0.008015759289264679
10.379319727891156,576.45325,0.006911617703735828
10.402539682539683,318.94553,0.005271859001368284
10.425759637188209,320.57745,0.006144965998828411
10.448979591836736,547.2733,0.008505317382514477
10.47219954648526,312.83646,0.008419064804911613
10.495419501133787,307.44763,0.00920249242335558
10.518639455782314,306.10037,0.008457755669951439
10.54185941043084,520.1391,0.007305865176022053
10.565079365079365,319.64886,0.005341744981706142
10.588299319727891,322.43842,0.004352369345724583
10.611519274376418,323.12695,0.006446439772844315
10.634739229024943,316.43735,0.010574385523796082
10.65795918367347,526.33636,0.009073391556739807
10.681179138321996,309.16843,0.008694141171872616
10.704399092970522,529.62775,0.008313345722854137
10.727619047619047,318.36737,0.006234802305698395
10.750839002267574,322.90768,0.004283662419766188
10.7740589569161,324.30026,0.005483102053403854
10.797278911564627,319.56912,0.01010812260210514
10.820498866213152,310.38022,0.009544027969241142
10.843718820861678,305.93353,0.009338020347058773
10.866938775510205,310.05527,0.009271376766264439
10.890158730158731,317.5204,0.005864225327968597
10.913378684807256,323.24097,0.0043647876009345055
10.936598639455783,323.28,0.006364007480442524
10.95981859410431,547.08264,0.009958997368812561
10.983038548752834,539.5696,0.009277859702706337
11.00625850340136,309.27942,0.008916772902011871
11.029478458049887,308.72028,0.00858604907989502
11.052698412698414,525.2687,0.008782951161265373
11.075918367346938,524.358,0.009304963052272797
11.099138321995465,311.4556,0.009380513802170753
11.122358276643991,311.66583,0.010229241102933884
11.145578231292518,309.22263,0.0118845384567976
11.168798185941043,303.35464,0.008453408256173134
11.19201814058957,293.2837,0.0034835434053093195
11.215238095238096,283.3163,0.0036635836586356163
11.23845804988662,278.32196,0.003288012696430087
11.261678004535147,279.8718,0.003210393711924553
11.284897959183674,282.62772,0.003084997646510601
11.3081179138322,282.62708,0.003231509355828166
11.331337868480725,558.6249,0.0038656890392303467
11.354557823129252,551.00916,0.00506748678162694
11.377777777777778,546.2018,0.0047507514245808125
11.400997732426305,548.33746,0.004016530700027943
11.42421768707483,278.12793,0.0039749788120388985
11.447437641723356,282.81607,0.004347618203610182
11.470657596371883,285.6761,0.0038805906660854816
11.49387755102041,282.22156,0.004706535488367081
11.517097505668934,549.72455,0.006842602510005236
11.54031746031746,537.73584,0.006852241232991219
11.563537414965987,537.31256,0.0059847962111234665
11.586757369614512,547.2642,0.004701097495853901
11.609977324263038,278.94016,0.004363102838397026
11.633197278911565,284.8571,0.004248383454978466
11.656417233560092,283.54404,0.004123073536902666
11.679637188208616,557.22485,0.0056513347662985325
11.702857142857143,546.6978,0.006091445684432983
11.72607709750567,544.55414,0.005424173548817635
11.749297052154196,275.7734,0.004081256687641144
11.77251700680272,281.22702,0.004093745723366737
11.795736961451247,284.13437,0.0037531477864831686
11.818956916099774,283.06134,0.004187890328466892
11.8421768707483,555.9811,0.004973859991878271
11.865396825396825,549.52185,0.005438794381916523
11.888616780045352,549.0465,0.004912542179226875
11.911836734693878,551.81445,0.004193978384137154
11.935056689342403,277.9619,0.003835405455902219
11.95827664399093,278.84088,0.0038511238526552916
11.981496598639456,278.26465,0.004233671352267265
12.004716553287983,276.92352,0.004232421051710844
12.027936507936507,550.11365,0.005432815290987492
12.051156462585034,542.0105,0.007391430903226137
12.07437641723356,530.55,0.008580129593610764
12.097596371882087,518.6144,0.00537140853703022
12.120816326530612,510.92258,0.004291748162358999
12.144036281179138,504.6938,0.0041743796318769455
12.167256235827665,505.59366,0.004498646594583988
12.190476190476192,506.02014,0.00429223058745265
12.213696145124716,500.96143,0.004440531134605408
12.236916099773243,496.25507,0.0046881092712283134
12.26013605442177,496.13492,0.004847927950322628
12.283356009070294,498.2452,0.0050427173264324665
12.30657596371882,503.4859,0.005657250061631203
12.329795918367347,508.61374,0.006129440385848284
12.353015873015874,507.91782,0.005094260908663273
12.376235827664399,500.0657,0.004715806804597378
12.399455782312925,245.80724,0.005008178763091564
12.422675736961452,244.22046,0.004912275820970535
12.445895691609978,490.8425,0.005673130042850971
12.469115646258503,499.07275,0.0060332585126161575
12.49233560090703,507.0696,0.005814116448163986
12.515555555555556,505.48416,0.004756837617605925
12.538775510204083,497.5534,0.00501064769923687
12.561995464852608,245.91234,0.00496941152960062
12.585215419501134,486.5235,0.004498685710132122
12.60843537414966,490.2504,0.005105756223201752
12.631655328798185,497.5742,0.005227560177445412
12.654875283446712,503.3969,0.004879889078438282
12.678095238095239,502.09296,0.004476659931242466
12.701315192743765,247.72673,0.004464820493012667
12.72453514739229,246.03583,0.004501478746533394
12.747755102040816,245.34079,0.004169945605099201
12.770975056689343,245.59624,0.004229893442243338
12.79419501133787,494.47815,0.004517876543104649
12.817414965986394,496.63898,0.004503465257585049
12.84063492063492,498.82578,0.004397217649966478
12.863854875283447,500.69345,0.004471335094422102
12.887074829931972,501.27448,0.004227360710501671
12.910294784580499,499.60803,0.00444662943482399
12.933514739229025,248.0,0.004653177224099636
12.956734693877552,244.62766,0.0048910886980593204
12.979954648526077,239.31061,0.010796891525387764
13.003174603174603,223.6203,0.028888527303934097
13.02639455782313,449.8537,0.030038028955459595
13.049614512471656,222.23012,0.027318540960550308
13.072834467120181,223.47089,0.02619318664073944
13.096054421768708,222.98407,0.0256829634308815
13.119274376417234,223.06451,0.02522261068224907
13.14249433106576,224.29924,0.025110000744462013
13.165714285714285,225.1044,0.025076530873775482
13.188934240362812,224.57805,0.025195492431521416
13.212154195011339,223.18274,0.02538543939590454
13.235374149659863,222.08116,0.02371254935860634
13.25859410430839,221.5013,0.02496771514415741
13.281814058956916,222.89667,0.026574930176138878
13.305034013605443,225.15303,0.02670886367559433
13.328253968253968,227.33455,0.024149112403392792
13.351473922902494,227.77371,0.022653993219137192
13.374693877551021,224.0644,0.022393669933080673
13.397913832199547,440.35352,0.017343586310744286
13.421133786848072,435.13443,0.016771700233221054
13.444353741496599,219.39178,0.020653989166021347
13.467573696145125,224.09053,0.02407483011484146
13.490793650793652,228.31226,0.021772896870970726
13.514013605442177,229.76653,0.02042253687977791
13.537233560090703,226.3023,0.020847124978899956
13.56045351473923,442.5253,0.016083592548966408
13.583673469387755,432.44525,0.01415325328707695
13.606893424036281,431.1763,0.017126131802797318
13.630113378684808,219.42976,0.02045217528939247
13.653333333333334,223.78163,0.023362841457128525
13.676553287981859,225.61638,0.022830117493867874
13.699773242630386,224.47372,0.022260017693042755
13.722993197278912,444.16867,0.017979662865400314
13.746213151927439,438.9955,0.014177500270307064
13.769433106575963,436.97885,0.013741969130933285
13.79265306122449,439.06403,0.016289405524730682
13.815873015873017,443.98856,0.01933516189455986
13.839092970521543,223.69885,0.020057547837495804
13.862312925170068,446.06314,0.018019845709204674
13.885532879818594,441.65088,0.012927954085171223
13.908752834467121,433.50095,0.007659499999135733
13.931972789115646,419.0509,0.006068757735192776
13.955192743764172,411.05664,0.005583020858466625
13.978412698412699,411.4167,0.006888131611049175
14.001632653061225,418.8814,0.008421179838478565
14.02485260770975,422.78375,0.009519392624497414
14.048072562358277,424.25848,0.008650368079543114
14.071292517006803,418.20044,0.005928837228566408
14.09451247165533,410.62244,0.005332174710929394
14.117732426303855,407.38098,0.006402238272130489
14.140952380952381,410.3368,0.007343410514295101
14.164172335600908,415.9393,0.009737243875861168
14.187392290249434,424.00085,0.013036446645855904
14.210612244897959,428.2117,0.0114639513194561
14.233832199546486,421.39246,0.007200859021395445
14.257052154195012,410.50272,0.0052095865830779076
14.280272108843537,401.51764,0.0060670021921396255
14.303492063492063,404.023,0.006200036965310574
14.32671201814059,408.52478,0.007408939767628908
14.349931972789117,419.1171,0.010431542061269283
14.373151927437641,431.61594,0.012261295691132545
14.396371882086168,438.2441,0.00933624804019928
14.419591836734694,433.35785,0.007064521312713623
14.442811791383221,420.73782,0.006181001663208008
14.466031746031746,411.4098,0.005568778142333031
14.489251700680272,409.5752,0.005906328093260527
14.512471655328799,418.10138,0.008153650909662247
14.535691609977324,428.42834,0.009604167193174362
14.55891156462585,433.72333,0.008613573387265205
14.582131519274377,431.95447,0.007491776719689369
14.605351473922903,421.53534,0.00579261826351285
14.628571428571428,412.1976,0.0046805646270513535
14.651791383219955,405.55835,0.005116400774568319
14.675011337868481,405.81894,0.004759401082992554
14.698231292517008,411.50137,0.005319732706993818
14.721451247165533,421.58316,0.006760922260582447
14.744671201814059,424.89252,0.006841183174401522
14.767891156462586,423.57733,0.005742540583014488
14.791111111111112,415.86002,0.004465910606086254
14.814331065759637,400.40045,0.003211915958672762
14.837551020408164,189.16327,0.0032600811682641506
14.86077097505669,546.4046,0.0034905700013041496
14.883990929705215,541.54144,0.0029104051645845175
14.907210884353741,543.6094,0.002296211663633585
14.930430839002268,185.1924,0.0023476355709135532
14.953650793650795,186.75015,0.0024537434801459312
14.97687074829932,184.13258,0.002560664899647236
15.000090702947846,545.12305,0.002700504846870899
15.023310657596372,539.8128,0.0026779002510011196
15.046530612244899,537.95,0.00261875381693244
15.069750566893424,542.8264,0.002248342614620924
15.09297052154195,184.9081,0.0021605074871331453
15.116190476190477,187.5345,0.0025271079502999783
15.139410430839003,186.92352,0.002509748563170433
15.162630385487528,183.61156,0.002610402414575219
15.185850340136055,540.64844,0.002827388932928443
15.209070294784581,532.65454,0.0030444213189184666
15.232290249433106,532.9511,0.0029128771275281906
15.255510204081633,182.00322,0.002096142154186964
15.27873015873016,187.59546,0.0024385706055909395
15.301950113378686,189.40475,0.0022899096366018057
15.32517006802721,186.78474,0.0024880042765289545
15.348390022675737,548.3394,0.0027484288439154625
15.371609977324264,534.92426,0.002712785732001066
15.39482993197279,532.5051,0.002534497296437621
15.418049886621315,541.25934,0.002018329221755266
15.441269841269841,555.7513,0.0024010089691728354
15.464489795918368,379.2632,0.002017781138420105
15.487709750566895,566.1902,0.0020629893988370895
15.51092970521542,551.7426,0.0021755213383585215
15.534149659863946,541.57623,0.0021549519151449203
15.557369614512472,537.145,0.0019664226565510035
15.580589569160997,541.81805,0.0016295057721436024
15.603809523809524,549.4337,0.001969530014321208
15.62702947845805,555.2544,0.002013731049373746
15.650249433106577,185.8936,0.0018530170200392604
15.673469387755102,185.42746,0.0019580493681132793
15.696689342403628,185.30617,0.0019683800637722015
15.719909297052155,185.50597,0.00165470689535141
15.743129251700681,183.33656,0.0015627773245796561
15.766349206349206,179.31831,0.0014258947921916842
15.789569160997733,172.53838,0.0019469887483865023
15.81278911564626,168.10724,0.0017341769998893142
15.836009070294786,164.93242,0.001732829725369811
15.85922902494331,165.56477,0.0016638748347759247
15.882448979591837,165.60414,0.0018010050989687443
15.905668934240364,164.38388,0.0020072362385690212
15.928888888888888,163.42126,0.0021431944333016872
15.952108843537415,162.52371,0.002245828974992037
15.975328798185942,162.37991,0.0020386637188494205
15.998548752834468,164.24875,0.0018728193826973438
16.021768707482995,166.1428,0.0018271132139489055
16.04498866213152,167.87509,0.0019248316530138254
16.068208616780044,168.40433,0.002080213278532028
16.091428571428573,167.38637,0.0021866988390684128
16.114648526077097,165.61412,0.0023129787296056747
16.137868480725626,164.10562,0.0023402455262839794
16.16108843537415,163.92374,0.002013037446886301
16.184308390022675,166.21652,0.0018124838825315237
16.207528344671204,168.99477,0.0018480241997167468
16.23074829931973,170.01093,0.0019356337143108249
16.253968253968253,169.07762,0.0021093327086418867
16.27718820861678,166.80249,0.0022289706394076347
16.300408163265306,164.52821,0.002301740227267146
16.32362811791383,163.67381,0.002104407176375389
16.34684807256236,164.4718,0.0018175786826759577
16.370068027210884,167.35252,0.0016357048880308867
16.393287981859412,171.56773,0.0016752658411860466
16.416507936507937,173.20767,0.001756266807205975
16.439727891156462,171.36667,0.0019546758849173784
16.46294784580499,167.41016,0.0020283693447709084
16.486167800453515,163.78192,0.00217784708365798
16.50938775510204,162.31544,0.0021055955439805984
16.532607709750568,162.86948,0.0016790491063147783
16.555827664399093,165.41559,0.0014783863443881273
16.579047619047618,168.06543,0.0015537834260612726
16.602267573696146,168.59233,0.0015522027388215065
16.62548752834467,168.37367,0.0015161504270508885
16.6487074829932,166.95992,0.001448407187126577
16.671927437641724,165.65845,0.0013347077183425426
16.69514739229025,166.13632,0.0011762706562876701
16.718367346938777,169.52686,0.0011744347866624594
16.741587301587302,174.03513,0.0011226832866668701
16.764807256235827,176.55861,0.0010733638191595674
16.788027210884355,174.4703,0.0012096652062609792
16.81124716553288,169.57797,0.0009851418435573578
16.834467120181408,165.90982,0.0009110467508435249
16.857687074829933,165.21799,0.0008168756030499935
16.880907029478458,166.38675,0.000788331963121891
16.904126984126986,169.06952,0.0008665343048051
16.92734693877551,171.93576,0.0009117894805967808
16.950566893424035,173.32921,0.0008635161211714149
16.973786848072564,171.85814,0.0006898855208419263
16.99700680272109,168.78769,0.0004230129416100681
17.020226757369613,166.6434,0.0003619454801082611
17.04344671201814,168.2533,0.00028858488076366484
17.066666666666666,168.93454,0.0002268455282319337
17.089886621315195,169.29332,0.0001467132824473083
17.11310657596372,169.98271,8.402914681937546e-05
17.136326530612244,170.70926,5.2664272516267374e-05
17.159546485260773,173.0096,2.7602844056673348e-05
17.182766439909297,177.03635,1.0639896572683938e-05
17.205986394557822,0.0,2.2707408788846806e-06
17.22920634920635,0.0,8.308488759212196e-07
17.252426303854875,0.0,4.2426199797773734e-07
17.2756462585034,0.0,1.5649129636585712e-07
17.29886621315193,0.0,8.963525033323094e-08
17.322086167800453,0.0,6.662321538897231e-08
17.34530612244898,0.0,2.5573172024451196e-08
17.368526077097506,0.0,5.593847163254395e-08
17.39174603174603,0.0,8.673669071868062e-08
17.41496598639456,0.0,7.925063982838765e-08
17.438185941043084,0.0,7.668495527468622e-08
17.46140589569161,0.0,3.2138814276549965e-08
17.484625850340137,0.0,6.10298229730688e-08
17.507845804988662,0.0,1.1890915629919618e-07
17.531065759637187,0.0,1.46013917401433e-07
17.554285714285715,0.0,1.1202246241737157e-07
17.57750566893424,0.0,1.512380549684167e-07
17.60072562358277,0.0,6.07442416367121e-08
17.623945578231293,0.0,6.09961716691032e-08
17.647165532879818,0.0,8.951792551670223e-08
17.670385487528346,0.0,6.878963176859543e-08
17.69360544217687,0.0,3.0306182452477515e-08
17.716825396825396,0.0,5.127822078065947e-08
17.740045351473924,0.0,4.6286004362627864e-08
17.76326530612245,0.0,7.026937964837998e-08
17.786485260770977,0.0,8.565348252886906e-08
17.809705215419502,0.0,3.946934157283977e-08
17.832925170068027,0.0,4.5255546865519136e-08
17.856145124716555,0.0,2.4933797249104828e-08
17.87936507936508,0.0,1.1919019016204402e-07
17.902585034013605,0.0,1.0021540219895542e-07
17.925804988662133,0.0,9.57443262450397e-08
17.949024943310658,0.0,6.574919098056853e-08
17.972244897959182,0.0,3.581499186111614e-08
