0.0,0.0,7.868038665037602e-08
0.023219954648526078,0.0,1.0282474249834195e-07
0.046439909297052155,0.0,5.019774107495323e-08
0.06965986394557823,0.0,3.679906512843445e-08
0.09287981859410431,0.0,3.5912307794205844e-08
0.11609977324263039,0.0,9.043014870258048e-08
0.13931972789115646,0.0,6.361733539961278e-08
0.16253968253968254,0.0,4.8760739446152e-08
0.18575963718820862,0.0,2.1516825654543936e-08
0.2089795918367347,0.0,4.6146851673256606e-08
0.23219954648526078,0.0,2.8778231353498995e-08
0.25541950113378686,0.0,3.0259798222687095e-08
0.2786394557823129,0.0,5.632045940728858e-08
0.301859410430839,0.0,2.0902007236145437e-08
0.3250793650793651,0.0,3.115019353572279e-08
0.3482993197278912,0.0,3.067998477490619e-08
0.37151927437641724,0.0,8.937845450418536e-06
0.3947392290249433,173.0808,3.366905730217695e-05
0.4179591836734694,172.62932,6.220689101610333e-05
0.44117913832199546,171.82722,8.144830644596368e-05
0.46439909297052157,171.40811,8.662277832627296e-05
0.4876190476190476,170.43184,7.859396282583475e-05
0.5108390022675737,169.65604,7.610235479660332e-05
0.5340589569160998,169.17033,9.235958714270964e-05
0.5572789115646258,170.10007,0.00018453283701092005
0.5804988662131519,173.12975,0.0002634830598253757
0.603718820861678,177.83421,0.00031515141017735004
0.626938775510204,180.74536,0.0005176147678866982
0.6501587301587302,176.44266,0.0005713217542506754
0.6733786848072563,168.1594,0.0004119757213629782
0.6965986394557824,162.13394,0.0005185144254937768
0.7198185941043084,160.36636,0.0004627623129636049
0.7430385487528345,163.69824,0.0004261179710738361
0.7662585034013606,172.53201,0.000593772332649678
0.7894784580498866,182.95964,0.0004353708936832845
0.8126984126984127,186.91312,0.0004920578212477267
0.8359183673469388,181.31982,0.0007434834260493517
0.8591383219954649,172.32216,0.00045380659867078066
0.8823582766439909,165.61389,0.000685139384586364
0.905578231292517,164.34866,0.0005629393272101879
0.9287981859410431,165.85425,0.00030428144964389503
0.9520181405895691,170.62854,0.000646447588223964
0.9752380952380952,176.55676,0.0004028853727504611
0.9984580498866213,182.31839,0.0004886419046670198
1.0216780045351475,178.56119,0.0006656753830611706
1.0448979591836736,171.01746,0.00035105179995298386
1.0681179138321997,166.21605,0.0006054904661141336
1.0913378684807256,163.36285,0.0005238245939835906
1.1145578231292517,162.26814,0.0003718967782333493
1.1377777777777778,165.88214,0.0003495600540190935
1.1609977324263039,173.57863,0.00044964696280658245
1.18421768707483,181.69746,0.00026053001056425273
1.207437641723356,184.77954,0.00045382752432487905
1.2306575963718822,177.09941,0.0006261919625103474
1.253877551020408,170.58418,0.000318443460855633
1.2770975056689342,167.81851,0.00022458634339272976
1.3003174603174603,167.33067,0.00021404863218776882
1.3235374149659864,169.71918,0.0006308327428996563
1.3467573696145125,174.26067,0.0006359522812999785
1.3699773242630386,179.95993,0.0004798612790182233
1.3931972789115648,183.29863,0.0005266537191346288
1.4164172335600906,180.43208,0.0007384708733297884
1.4396371882086167,177.08777,0.0009438187116757035
1.4628571428571429,173.64388,0.0010161279933527112
1.486077097505669,172.2549,0.0006458870484493673
1.509297052154195,171.77373,0.0005742870271205902
1.5325170068027212,175.45995,0.00030343071557581425
1.5557369614512473,193.9056,0.00028605462284758687
1.5789569160997732,208.4196,0.00042357767233625054
1.6021768707482993,217.50102,0.0005851068417541683
1.6253968253968254,214.60002,0.0005372306331992149
1.6486167800453515,206.08612,0.0006628351402468979
1.6718367346938776,201.00105,0.0008540438138879836
1.6950566893424037,200.55865,0.0008509556064382195
1.7182766439909298,206.43779,0.0004678710247389972
1.7414965986394557,219.32701,0.00047655479284003377
1.7647165532879818,228.2559,0.000556139275431633
1.787936507936508,225.92613,0.0006279343506321311
1.811156462585034,213.90408,0.0007621744880452752
1.8343764172335602,205.25302,0.0007790254894644022
1.8575963718820863,201.36465,0.0008206567727029324
1.8808163265306124,202.94786,0.0006439947173930705
1.9040362811791383,210.3773,0.0007208976894617081
1.9272562358276644,225.83795,0.0006203235243447125
1.9504761904761905,230.84505,0.0007705507450737059
1.9736961451247166,230.99469,0.0008287529926747084
1.9969160997732427,217.95612,0.0009629850392229855
2.020136054421769,207.9763,0.0007279918063431978
2.043356009070295,201.89659,0.0008650811505503953
2.066575963718821,201.65004,0.000698155490681529
2.089795918367347,205.41739,0.0005655671702697873
2.1130158730158732,215.63452,0.0008787316037341952
2.1362358276643993,227.90555,0.0006882949382998049
2.159455782312925,230.6013,0.0007603883859701455
2.182675736961451,224.50467,0.0009845707099884748
2.2058956916099772,211.13768,0.0007084050448611379
2.2291156462585033,203.46573,0.0008561053546145558
2.2523356009070294,201.40427,0.0007422466296702623
2.2755555555555556,203.91269,0.0005943094147369266
2.2987755102040817,212.5477,0.0007675932720303535
2.3219954648526078,226.29892,0.0006756185321137309
2.345215419501134,228.58435,0.0006887694471515715
2.36843537414966,224.60217,0.0009267566492781043
2.391655328798186,215.69026,0.0008366378606297076
2.414875283446712,209.39565,0.0006088657537475228
2.4380952380952383,207.08926,0.000541808782145381
2.4613151927437644,208.7434,0.000494021107442677
2.48453514739229,216.09491,0.0009684718679636717
2.507755102040816,227.84877,0.0009863965678960085
2.5309750566893423,235.36324,0.0018698468338698149
2.5541950113378684,239.01477,0.0021143904887139797
2.5774149659863945,238.75844,0.0018595996079966426
2.6006349206349206,236.9447,0.0014810940483585
2.6238548752834467,234.59256,0.001232858165167272
2.647074829931973,237.05424,0.0008337391773238778
2.670294784580499,246.68077,0.0010384133784100413
2.693514739229025,257.8591,0.002943140221759677
2.716734693877551,263.50522,0.003241515951231122
2.7399546485260773,260.89148,0.0025858795270323753
2.7631746031746034,258.46,0.001327193807810545
2.7863945578231295,254.5381,0.0008166538318619132
2.809614512471655,253.54416,0.001615577144548297
2.8328344671201813,260.16632,0.00375243928283453
2.8560544217687074,266.53012,0.00394020788371563
2.8792743764172335,271.1248,0.0036131106317043304
2.9024943310657596,270.00662,0.004429440945386887
2.9257142857142857,264.90445,0.0039015677757561207
2.948934240362812,259.54077,0.0016879814211279154
2.972154195011338,254.32974,0.0008837048662826419
2.995374149659864,251.26451,0.0018224195810034871
3.01859410430839,258.4012,0.004197318572551012
3.0418140589569163,265.11517,0.004257287364453077
3.0650340136054424,269.45795,0.003643812844529748
3.0882539682539685,267.34247,0.004375801887363195
3.1114739229024946,261.9485,0.002474247943609953
3.1346938775510207,255.16382,0.0009169758995994925
3.1579138321995464,245.73244,0.0013652559136971831
3.1811337868480725,247.59703,0.0011196110863238573
3.2043537414965986,251.6572,0.002212519058957696
3.2275736961451247,261.4245,0.004510779865086079
3.250793650793651,267.97174,0.003291365224868059
3.274013605442177,268.74744,0.003520151600241661
3.297233560090703,264.64523,0.0032879244536161423
3.320453514739229,258.79602,0.000862432993017137
3.3436734693877552,250.0018,0.000773491570726037
3.3668934240362813,244.98697,0.0008180057629942894
3.3901133786848074,250.42392,0.0010439632460474968
3.4133333333333336,255.99277,0.0028896471485495567
3.4365532879818597,262.81076,0.004473576322197914
3.4597732426303858,264.1552,0.004537859931588173
3.4829931972789114,262.67422,0.003471788251772523
3.5062131519274375,258.9105,0.0015196837484836578
3.5294331065759637,254.01393,0.0006553762359544635
3.5526530612244898,249.54732,0.0006220103241503239
3.575873015873016,252.44719,0.0012011773651465774
3.599092970521542,256.84662,0.002653158502653241
3.622312925170068,261.05408,0.004169354680925608
3.645532879818594,263.97012,0.004829506855458021
3.6687528344671203,265.23627,0.004575531464070082
3.6919727891156464,264.45737,0.004313025623559952
3.7151927437641725,263.26437,0.0040149809792637825
3.7384126984126986,262.1665,0.0038762702606618404
3.7616326530612247,262.03195,0.003592628985643387
3.784852607709751,263.52695,0.0028527346439659595
3.8080725623582765,268.8209,0.0013343838509172201
3.8312925170068026,290.51852,0.0008446890860795975
3.8545124716553287,327.30807,0.0015099589945748448
3.877732426303855,342.10614,0.002027604728937149
3.900952380952381,346.81805,0.002724451245740056
3.924172335600907,334.5294,0.0015059863217175007
3.947392290249433,323.9714,0.0011840827064588666
3.9706122448979593,321.78436,0.0013354455586522818
3.9938321995464854,326.34952,0.00301625719293952
4.017052154195011,339.33633,0.00392042426392436
4.040272108843538,358.90756,0.0021925331093370914
4.063492063492063,365.01343,0.00342867081053555
4.08671201814059,357.22565,0.005705771967768669
4.1099319727891155,346.04062,0.004805305972695351
4.133151927437642,332.26956,0.00136971240863204
4.156371882086168,321.046,0.0015442321309819818
4.179591836734694,322.3686,0.0019075338495895267
4.20281179138322,331.20532,0.00611991947516799
4.2260317460317465,351.07578,0.003648458980023861
4.249251700680272,360.2437,0.004421809688210487
4.272471655328799,358.40057,0.005459330510348082
4.295691609977324,348.83807,0.0068206703290343285
4.31891156462585,338.72156,0.003121676854789257
4.342131519274377,330.4482,0.001643269439227879
4.365351473922902,324.51016,0.0021084528416395187
4.388571428571429,331.54614,0.004953349474817514
4.4117913832199545,347.60516,0.0031325239688158035
4.435011337868481,361.9019,0.0027205147780478
4.458231292517007,366.06888,0.0029434161260724068
4.481451247165533,360.80222,0.0047032758593559265
4.504671201814059,350.62424,0.0065430887043476105
4.527891156462585,339.50635,0.0036024278961122036
4.551111111111111,331.3222,0.0018296288326382637
4.574331065759638,325.84357,0.002310667186975479
4.597551020408163,334.31207,0.005586017854511738
4.62077097505669,351.32004,0.0032883051317185163
4.6439909297052155,359.3326,0.0029137658420950174
4.667210884353741,361.41812,0.003816040465608239
4.690430839002268,353.46936,0.005812000948935747
4.713650793650793,342.6111,0.004759813193231821
4.73687074829932,333.50443,0.0019230070756748319
4.760090702947846,326.00366,0.0018040887080132961
4.783310657596372,328.03845,0.0036798659712076187
4.806530612244898,340.10297,0.005177529528737068
4.829750566893424,351.9674,0.0036473048385232687
4.85297052154195,348.81277,0.00461460230872035
4.876190476190477,342.65378,0.0023538642562925816
4.899410430839002,327.89758,0.000981234130449593
4.922630385487529,308.92096,0.0015952831599861383
4.9458503401360545,284.24945,0.002398010343313217
4.96907029478458,266.52634,0.0024207509122788906
4.992290249433107,262.90717,0.0024758041836321354
5.015510204081632,262.27542,0.0025971070863306522
5.038730158730159,262.07144,0.0027192062698304653
5.061950113378685,261.4333,0.002534442115575075
5.085170068027211,259.66977,0.0015360243851318955
5.108390022675737,254.91595,0.000593949225731194
5.131609977324263,247.82686,0.0006777655798941851
5.154829931972789,250.49731,0.0007501377258449793
5.178049886621316,254.46216,0.0016995449550449848
5.201269841269841,260.4696,0.0033413623459637165
5.224489795918368,265.05,0.0037072929553687572
5.2477097505668935,266.96793,0.0036254050210118294
5.27092970521542,264.95764,0.0034815678372979164
5.294149659863946,260.8575,0.0018159245373681188
5.317369614512471,254.70001,0.000777360110078007
5.340589569160998,246.77455,0.0008461353718303144
5.363809523809524,251.0006,0.0010546202538534999
5.38702947845805,256.0164,0.0024757259525358677
5.410249433106576,262.33807,0.0035547856241464615
5.433469387755102,265.884,0.0034683956764638424
5.456689342403628,265.92978,0.0036351471208035946
5.479909297052155,261.94092,0.002308715833351016
5.50312925170068,255.4689,0.001097383676096797
5.526349206349207,246.05634,0.001443853136152029
5.5495691609977325,246.14458,0.0011859602527692914
5.572789115646259,249.73317,0.0011389165883883834
5.596009070294785,256.701,0.0025821225717663765
5.61922902494331,263.68985,0.003642945783212781
5.642448979591837,265.07278,0.003787781111896038
5.6656689342403626,263.45932,0.0033904453739523888
5.688888888888889,259.56082,0.001640003640204668
5.712108843537415,254.07361,0.0006726052379235625
5.735328798185941,247.43927,0.0007116898777894676
5.758548752834467,250.46803,0.0005783390952274203
5.7817687074829935,252.95137,0.001052703009918332
5.804988662131519,257.82288,0.0025141295045614243
5.828208616780046,262.1459,0.003493158146739006
5.851428571428571,264.30875,0.0035917460918426514
5.874648526077098,263.80444,0.0031555849127471447
5.897868480725624,261.1644,0.0020999861881136894
5.92108843537415,257.06738,0.0008883848204277456
5.944308390022676,251.89955,0.0005525124142877758
5.9675283446712015,251.46431,0.0006509004160761833
5.990748299319728,255.24474,0.0013643016573041677
6.013968253968254,259.07852,0.00225547282025218
6.03718820861678,260.37408,0.0022269263863563538
6.060408163265306,258.27353,0.0008649983210489154
6.0836281179138325,246.84937,0.0006921353051438928
6.106848072562358,441.8383,0.0002500156406313181
6.130068027210885,211.30928,0.00028106640093028545
6.15328798185941,219.18001,0.0003160592168569565
6.176507936507937,220.40916,0.0003946033539250493
6.199727891156463,217.53668,0.0002931252238340676
6.222947845804989,212.55019,0.0003226513508707285
6.246167800453515,206.09212,0.0002903949352912605
6.269387755102041,201.3653,0.00031735526863485575
6.292607709750567,201.18668,0.0003179136256221682
6.315827664399093,204.67293,0.00028845592169091105
6.339047619047619,211.5857,0.000416943512391299
6.362267573696145,222.97867,0.0007331357337534428
6.3854875283446715,224.06538,0.0009458663407713175
6.408707482993197,216.01231,0.00041287706699222326
6.431927437641724,208.66737,0.0004081884981133044
6.455147392290249,201.76381,0.0003757303347811103
6.478367346938776,201.55574,0.0003451394150033593
6.501587301587302,205.70111,0.0002869556483346969
6.524807256235828,214.11685,0.0004946229746565223
6.548027210884354,226.91273,0.000779102323576808
6.57124716553288,223.16017,0.0007347000064328313
6.594467120181406,213.6175,0.0004123850667383522
6.617687074829932,207.36496,0.0004184622084721923
6.640907029478458,201.42265,0.00041636181413196027
6.664126984126984,201.86893,0.0003474909462966025
6.6873469387755105,204.1771,0.0003225702093914151
6.710566893424036,210.38324,0.0003388864279258996
6.733786848072563,222.46078,0.0007206639857031405
6.757006802721088,228.22493,0.0008980623679235578
6.780226757369615,224.02652,0.0006861569127067924
6.8034467120181406,211.5171,0.0004478322225622833
6.826666666666667,208.26997,0.00040073058335110545
6.849886621315193,203.17513,0.0003687989665195346
6.873106575963719,204.18297,0.0003029668878298253
6.896326530612245,208.80872,0.00027190634864382446
6.9195464852607715,218.3871,0.0004679372359532863
6.942766439909297,229.04156,0.000564439978916198
6.965986394557823,225.52257,0.0005334095330908895
6.989206349206349,219.22685,0.0004060117935296148
7.012426303854875,208.72462,0.0003712099278345704
7.035646258503402,206.55663,0.0003403274167794734
7.058866213151927,531.8243,0.0003191606665495783
7.082086167800454,207.84795,0.00026836388860829175
7.1053061224489795,214.76505,0.0004784556804224849
7.128526077097506,226.35391,0.0008552445797249675
7.151746031746032,225.71652,0.0007718178094364703
7.174965986394558,216.32027,0.0003859552671201527
7.198185941043084,204.82173,0.00030431151390075684
7.2214058956916105,191.72499,0.00043199362698942423
7.244625850340136,175.72258,0.00031807483173906803
7.267845804988662,167.88942,0.0001855593000072986
7.291065759637188,168.32285,0.0002050258917734027
7.314285714285714,168.38547,0.00022038843599148095
7.337505668934241,168.71889,0.00022891668777447194
7.360725623582766,167.73477,0.00028704144642688334
7.383945578231293,165.25601,0.0004402987251523882
7.4071655328798185,161.84227,0.00041864480590447783
7.430385487528345,160.18237,0.0004251424106769264
7.453605442176871,162.55742,0.00031762468279339373
7.476825396825397,167.87538,0.0004249509365763515
7.500045351473923,171.71251,0.0007858704775571823
7.5232653061224495,173.91963,0.0008000871748663485
7.546485260770975,171.71004,0.00036270543932914734
7.569705215419502,166.8302,0.00044062494998797774
7.592925170068027,162.21317,0.00048719748156145215
7.616145124716553,160.76958,0.0004575031343847513
7.63936507936508,163.63794,0.0003094572457484901
7.662585034013605,169.0581,0.0005306159728206694
7.685804988662132,172.73589,0.0008108306210488081
7.7090249433106575,174.02841,0.000719119911082089
7.732244897959184,171.10585,0.0003292693290859461
7.75546485260771,165.35973,0.0004837944870814681
7.778684807256236,160.69118,0.00041345678619109094
7.801904761904762,158.3017,0.000484105315990746
7.8251247165532885,160.40895,0.00038284529000520706
7.848344671201814,166.69388,0.0003381418064236641
7.871564625850341,171.4773,0.0006663427921012044
7.894784580498866,173.85176,0.0006751352339051664
7.918004535147393,173.16057,0.00042450526962056756
7.9412244897959186,168.35245,0.0003663475508801639
7.964444444444444,162.48145,0.0003866321058012545
7.987664399092971,158.41002,0.00038725382182747126
8.010884353741497,157.49254,0.0004598966334015131
8.034104308390022,162.83664,0.00027772385510616004
8.057324263038549,169.15958,0.00040253973565995693
8.080544217687075,172.99725,0.0005201284075155854
8.103764172335602,173.90926,0.0004264029557816684
8.126984126984127,170.6018,0.0002554264501668513
8.150204081632653,164.52736,0.00038763636257499456
8.17342403628118,159.40878,0.00033588154474273324
8.196643990929706,157.5691,0.0004284983151592314
8.219863945578231,162.22325,0.00026254451950080693
8.243083900226758,168.88287,0.0003656581393443048
8.266303854875284,172.50006,0.00045317591866478324
8.289523809523809,172.67067,0.0002958645927719772
8.312743764172335,168.67792,0.0003102219197899103
8.335963718820862,162.99321,0.0003666296834126115
8.359183673469389,157.37943,0.00030782094108872116
8.382403628117913,156.68703,0.00040836643893271685
8.40562358276644,163.93437,0.00022851023823022842
8.428843537414966,170.07689,0.0003601020434871316
8.452063492063493,174.52937,0.00040703662671148777
8.475283446712018,177.2999,0.00039706946699880064
8.498503401360544,174.24228,0.0002350321738049388
8.52172335600907,167.47942,0.0003404398448765278
8.544943310657597,161.58438,0.000331682589603588
8.568163265306122,158.7208,0.0003800269332714379
8.591383219954649,160.05417,0.00026016656192950904
8.614603174603175,167.18024,0.00024880957789719105
8.6378231292517,172.38106,0.00038785976357758045
8.661043083900227,175.27588,0.00036174862179905176
8.684263038548753,173.35545,0.00022905987862031907
8.70748299319728,167.90462,0.00031184114050120115
8.730702947845804,162.43657,0.0003934809938073158
8.753922902494331,160.65288,0.0003345502191223204
8.777142857142858,163.55539,0.00020727099035866559
8.800362811791384,170.82779,0.0003308196028228849
8.823582766439909,177.92653,0.00012710271403193474
8.846802721088435,185.49727,1.280957894778112e-05
8.870022675736962,0.0,1.1815600373665802e-06
8.893242630385489,0.0,2.4553901312174276e-07
8.916462585034013,0.0,1.2663167581195012e-07
8.93968253968254,0.0,6.665140972472727e-08
8.962902494331066,0.0,9.583345672581345e-08
8.986122448979591,0.0,1.0667463357094675e-07
9.009342403628118,0.0,1.2530745152616873e-07
9.032562358276644,0.0,1.2764121493091807e-07
9.05578231292517,0.0,1.0762505553429946e-07
9.079002267573696,0.0,2.82707333099097e-08
9.102222222222222,0.0,5.076435627415776e-08
9.125442176870749,0.0,5.4898919188417494e-08
9.148662131519275,0.0,4.133653419557959e-09
