0.0,0.0,5.600850272458047e-08
0.023219954648526078,0.0,3.1467607186641544e-08
0.046439909297052155,0.0,2.558408596087247e-08
0.06965986394557823,0.0,2.086926542688161e-08
0.09287981859410431,0.0,1.9876097212545574e-08
0.11609977324263039,0.0,6.42885424895212e-08
0.13931972789115646,0.0,4.841240297537297e-08
0.16253968253968254,0.0,4.2186002247035503e-08
0.18575963718820862,0.0,2.332853910047561e-08
0.2089795918367347,0.0,1.6435478755738586e-08
0.23219954648526078,0.0,5.8291334426030517e-08
0.25541950113378686,0.0,2.8428075893316418e-08
0.2786394557823129,0.0,6.030040822224692e-08
0.301859410430839,0.0,2.0681909518316388e-08
0.3250793650793651,0.0,4.002231435151771e-08
0.3482993197278912,0.0,7.086782716214657e-08
0.37151927437641724,0.0,5.379137292038649e-06
0.3947392290249433,166.84256,1.5037590856081806e-05
0.4179591836734694,168.28568,2.4965760530903935e-05
0.44117913832199546,169.38206,3.891508458764292e-05
0.46439909297052157,169.50822,4.805912612937391e-05
0.4876190476190476,169.48262,5.6911292631411925e-05
0.5108390022675737,169.05202,6.663862586719915e-05
0.5340589569160998,168.5593,7.760988228255883e-05
0.5572789115646258,170.31238,0.00014623433526139706
0.5804988662131519,526.4278,0.00018230578280054033
0.603718820861678,536.90393,0.00022552150767296553
0.626938775510204,550.86566,0.0002928712638095021
0.6501587301587302,555.1979,0.00030945634352974594
0.6733786848072563,546.443,0.00046224318793974817
0.6965986394557824,523.9119,0.0003684308903757483
0.7198185941043084,516.51013,0.0004347899230197072
0.7430385487528345,435.3546,0.0004623511922545731
0.7662585034013606,533.8651,0.0003769194590859115
0.7894784580498866,554.50806,0.0004861343768425286
0.8126984126984127,563.2621,0.0005035445792600513
0.8359183673469388,560.1904,0.00046875199768692255
0.8591383219954649,541.4935,0.0006066740024834871
0.8823582766439909,170.43008,0.00042751169530674815
0.905578231292517,167.33307,0.0003967686207033694
0.9287981859410431,167.30069,0.00036552187521010637
0.9520181405895691,453.81216,0.0004381775506772101
0.9752380952380952,534.4804,0.00031564958044327796
0.9984580498866213,550.7905,0.00034481342299841344
1.0216780045351475,465.40256,0.00040195509791374207
1.0448979591836736,533.24426,0.0004906655522063375
1.0681179138321997,518.15393,0.00043220954830758274
1.0913378684807256,505.2227,0.00038753313128836453
1.1145578231292517,511.79422,0.00043629418360069394
1.1377777777777778,527.6618,0.0003901858872268349
1.1609977324263039,547.82513,0.0005764821544289589
1.18421768707483,563.9131,0.0007956487825140357
1.207437641723356,567.39856,0.000554814119823277
1.2306575963718822,561.42584,0.0003226818225812167
1.253877551020408,554.5233,0.0002567431074567139
1.2770975056689342,556.7931,0.00038043601671233773
1.3003174603174603,574.1679,0.0003180914791300893
1.3235374149659864,591.1993,0.0004302590969018638
1.3467573696145125,588.5303,0.0005134525708854198
1.3699773242630386,574.01495,0.0004851892590522766
1.3931972789115648,551.7302,0.00035227829357609153
1.4164172335600906,470.55542,0.00028426534845493734
1.4396371882086167,553.35645,0.0004076397744938731
1.4628571428571429,572.15625,0.0003796480013988912
1.486077097505669,399.45404,0.00047767150681465864
1.509297052154195,761.7684,0.0004806853539776057
1.5325170068027212,405.85892,0.00046929411473684013
1.5557369614512473,585.7938,0.000540622160769999
1.5789569160997732,560.89026,0.00036930260830558836
1.6021768707482993,550.0014,0.00032586726592853665
1.6253968253968254,554.5633,0.0004812654806300998
1.6486167800453515,571.5551,0.00043195291073061526
1.6718367346938776,397.586,0.00041745021007955074
1.6950566893424037,404.51285,0.00038898258935660124
1.7182766439909298,402.99164,0.0005393998580984771
1.7414965986394557,583.4418,0.0005993795930407941
1.7647165532879818,563.92944,0.00040409647044725716
1.787936507936508,553.72266,0.0003742034314200282
1.811156462585034,554.5908,0.000505648844409734
1.8343764172335602,569.0066,0.0005540284910239279
1.8575963718820863,398.22333,0.0007547992863692343
1.8808163265306124,773.0044,0.0011548392940312624
1.9040362811791383,765.8745,0.0009400596027262509
1.9272562358276644,752.8448,0.0005941507406532764
1.9504761904761905,726.53534,0.0004280188586562872
1.9736961451247166,753.36206,0.00033086625626310706
1.9969160997732427,747.94775,0.00043153594015166163
2.020136054421769,759.2242,0.0004199487157166004
2.043356009070295,429.39914,0.0005816725897602737
2.066575963718821,433.88275,0.0005089555052109063
2.089795918367347,428.8867,0.0005867276340723038
2.1130158730158732,760.9629,0.0004817569279111922
2.1362358276643993,756.47516,0.00044122309191152453
2.159455782312925,765.4807,0.0005026474827900529
2.182675736961451,420.81125,0.0005011142347939312
2.2058956916099772,434.01797,0.0007820952450856566
2.2291156462585033,444.90576,0.0009102585026994348
2.2523356009070294,446.43774,0.0008320813649334013
2.2755555555555556,434.06638,0.0006580899935215712
2.2987755102040817,753.5457,0.00073583098128438
2.3219954648526078,741.26385,0.0006624023080803454
2.345215419501134,747.766,0.000510161102283746
2.36843537414966,423.45505,0.0006230753497220576
2.391655328798186,438.48996,0.0008649453520774841
2.414875283446712,446.55942,0.0008961443672887981
2.4380952380952383,444.78897,0.0007621204713359475
2.4613151927437644,433.90393,0.0006149138789623976
2.48453514739229,745.3762,0.0008287293603643775
2.507755102040816,766.3829,0.0008191317901946604
2.5309750566893423,734.2665,0.0006237928755581379
2.5541950113378684,419.13913,0.0006335968500934541
2.5774149659863945,431.3073,0.0011906572617590427
2.6006349206349206,445.99072,0.0013096800539642572
2.6238548752834467,451.68958,0.001369316247291863
2.647074829931973,450.01443,0.0014866349520161748
2.670294784580499,573.61444,0.0013404148630797863
2.693514739229025,554.4391,0.0009677532943896949
2.716734693877551,434.66248,0.0009105892386287451
2.7399546485260773,558.782,0.001074151135981083
2.7631746031746034,444.47134,0.0009033366804942489
2.7863945578231295,454.72238,0.0009882549056783319
2.809614512471655,465.49686,0.0014512445777654648
2.8328344671201813,470.42957,0.0012780471006408334
2.8560544217687074,465.23724,0.0011538262479007244
2.8792743764172335,453.51578,0.0011290060356259346
2.9024943310657596,567.7841,0.0010535198962315917
2.9257142857142857,443.42062,0.0010319354478269815
2.948934240362812,452.24426,0.0012244816171005368
2.972154195011338,465.28937,0.0018058689311146736
2.995374149659864,472.63437,0.002152519766241312
3.01859410430839,473.7333,0.0018890881910920143
3.0418140589569163,466.5452,0.0014145664172247052
3.0650340136054424,452.0659,0.00110537966247648
3.0882539682539685,541.85504,0.0010410724207758904
3.1114739229024946,585.9865,0.0011894162744283676
3.1346938775510207,447.25937,0.0015486138872802258
3.1579138321995464,462.51938,0.0018743567634373903
3.1811337868480725,475.25076,0.0017994572408497334
3.2043537414965986,482.3957,0.0017147447215393186
3.2275736961451247,478.4771,0.0018014200031757355
3.250793650793651,466.39694,0.0012378835817798972
3.274013605442177,451.9424,0.0010616001673042774
3.297233560090703,598.0367,0.0010507770348340273
3.320453514739229,445.5795,0.0012294724583625793
3.3436734693877552,454.6558,0.001649272977374494
3.3668934240362813,466.47522,0.001970176585018635
3.3901133786848074,472.22607,0.0020209592767059803
3.4133333333333336,471.88892,0.0018830825574696064
3.4365532879818597,468.04282,0.001845132326707244
3.4597732426303858,461.97906,0.001608333783224225
3.4829931972789114,459.19873,0.001702207257039845
3.5062131519274375,461.59113,0.0015945881605148315
3.5294331065759637,469.23422,0.0014497985830530524
3.5526530612244898,484.15543,0.0014382887165993452
3.575873015873016,250.99794,0.002241944195702672
3.599092970521542,515.03784,0.002679072320461273
3.622312925170068,258.41162,0.0019658233504742384
3.645532879818594,505.5784,0.0011461460962891579
3.6687528344671203,494.04135,0.0008172852685675025
3.6919727891156464,489.17874,0.0009428151533938944
3.7151927437641725,247.6354,0.0015401151031255722
3.7384126984126986,509.18613,0.0026087998412549496
3.7616326530612247,527.28705,0.002362004481256008
3.784852607709751,539.74365,0.0020540801342576742
3.8080725623582765,539.85474,0.003042959375306964
3.8312925170068026,264.19965,0.0030081982258707285
3.8545124716553287,258.49152,0.0019349128706380725
3.877732426303855,501.9575,0.0014418652281165123
3.900952380952381,499.53497,0.001598553266376257
3.924172335600907,504.4899,0.002061304170638323
3.947392290249433,516.03766,0.003129762364551425
3.9706122448979593,530.3496,0.0022553864400833845
3.9938321995464854,540.3791,0.002442355500534177
4.017052154195011,536.41516,0.00362184876576066
4.040272108843538,525.71313,0.003135459031909704
4.063492063492063,259.64923,0.0019027807284146547
4.08671201814059,510.04236,0.0016159664373844862
4.1099319727891155,509.87396,0.002086123451590538
4.133151927437642,518.2981,0.0030087262857705355
4.156371882086168,534.3101,0.001822459395043552
4.179591836734694,558.0293,0.002425843384116888
4.20281179138322,563.577,0.002797938883304596
4.2260317460317465,551.4904,0.002986125648021698
4.249251700680272,536.7489,0.0034581152722239494
4.272471655328799,531.2661,0.0035698050633072853
4.295691609977324,527.9302,0.0032850417774170637
4.31891156462585,531.2345,0.002717324299737811
4.342131519274377,548.37775,0.001977319363504648
4.365351473922902,288.76895,0.0014141096035018563
4.388571428571429,895.2031,0.0016968029085546732
4.4117913832199545,296.4201,0.0020350641570985317
4.435011337868481,573.6179,0.002884815214201808
4.458231292517007,560.671,0.002437031827867031
4.481451247165533,547.036,0.002213201019912958
4.504671201814059,543.4398,0.0022802106104791164
4.527891156462585,551.0591,0.002329417271539569
4.551111111111111,570.2035,0.0020411477889865637
4.574331065759638,896.9813,0.0021235013846307993
4.597551020408163,904.3472,0.002267771400511265
4.62077097505669,297.50055,0.0022061774507164955
4.6439909297052155,578.4037,0.003146922215819359
4.667210884353741,565.04645,0.0027339509688317776
4.690430839002268,556.262,0.0025631627067923546
4.713650793650793,555.5889,0.002569335512816906
4.73687074829932,566.7985,0.0025119606871157885
4.760090702947846,295.06342,0.002608482725918293
4.783310657596372,905.54987,0.002869635820388794
4.806530612244898,907.06,0.002360506681725383
4.829750566893424,296.3473,0.0022675292566418648
4.85297052154195,580.1107,0.003028140403330326
4.876190476190477,570.4488,0.0028872517868876457
4.899410430839002,562.7525,0.0027610259130597115
4.922630385487529,562.95593,0.003099406836554408
4.9458503401360545,291.0211,0.0023940429091453552
4.96907029478458,904.22974,0.002612283220514655
4.992290249433107,917.67053,0.0032402551732957363
5.015510204081632,910.6301,0.0035322653129696846
5.038730158730159,894.5994,0.0031045121140778065
5.061950113378685,583.68866,0.00345478393137455
5.085170068027211,578.8165,0.0032029084395617247
5.108390022675737,578.52264,0.00268061482347548
5.131609977324263,295.19937,0.0017695449059829116
5.154829931972789,311.40445,0.001610526000149548
5.178049886621316,325.0993,0.0016883224016055465
5.201269841269841,328.1634,0.002024480840191245
5.224489795918368,323.8167,0.001499532489106059
5.2477097505668935,318.8382,0.001918499474413693
5.27092970521542,927.0988,0.0019386528292670846
5.294149659863946,918.95154,0.0017889980226755142
5.317369614512471,309.80746,0.0013793777907267213
5.340589569160998,321.1728,0.002042528707534075
5.363809523809524,335.33627,0.002330646850168705
5.38702947845805,339.39874,0.002608183305710554
5.410249433106576,331.5598,0.002055769320577383
5.433469387755102,320.83487,0.0016404114430770278
5.456689342403628,319.3316,0.0020000417716801167
5.479909297052155,311.70767,0.0018007075414061546
5.50312925170068,312.47324,0.0016837019938975573
5.526349206349207,321.82715,0.002270636148750782
5.5495691609977325,335.32352,0.002152026165276766
5.572789115646259,345.25845,0.0027926024049520493
5.596009070294785,339.60342,0.0029846890829503536
5.61922902494331,333.0011,0.0022035164292901754
5.642448979591837,322.89417,0.0015017344849184155
5.6656689342403626,322.16687,0.00151338882278651
5.688888888888889,320.87216,0.0014332158025354147
5.712108843537415,322.8663,0.002043861662968993
5.735328798185941,331.82083,0.0025490738917142153
5.758548752834467,681.8279,0.002777431160211563
5.7817687074829935,686.7515,0.003851971123367548
5.804988662131519,677.7544,0.0035481564700603485
5.828208616780046,333.70816,0.0024896212853491306
5.851428571428571,326.92078,0.0021272459998726845
5.874648526077098,328.6173,0.002361650811508298
5.897868480725624,338.90143,0.0018423961009830236
5.92108843537415,348.77078,0.0016790450317785144
5.944308390022676,356.6293,0.0017074168426916003
5.9675283446712015,357.04236,0.001956452615559101
5.990748299319728,342.06485,0.002651703078299761
6.013968253968254,338.70056,0.0027679665945470333
6.03718820861678,334.06787,0.002427907194942236
6.060408163265306,329.02734,0.002462176140397787
6.0836281179138325,334.5433,0.002216961234807968
6.106848072562358,347.81787,0.0017022716347128153
6.130068027210885,356.31934,0.001740594976581633
6.15328798185941,359.63367,0.0019061292987316847
6.176507936507937,349.8065,0.0025914045982062817
6.199727891156463,339.2591,0.0030630812980234623
6.222947845804989,338.73117,0.0029740638565272093
6.246167800453515,334.3133,0.0028010692913085222
6.269387755102041,335.63074,0.002203334355726838
6.292607709750567,344.54108,0.0017179292626678944
6.315827664399093,355.30066,0.001733358483761549
6.339047619047619,361.3434,0.0018964827759191394
6.362267573696145,352.23032,0.0020810796413570642
6.3854875283446715,343.65915,0.002808530582115054
6.408707482993197,340.44373,0.0031637181527912617
6.431927437641724,338.82846,0.0032274830155074596
6.455147392290249,337.38638,0.0029444321990013123
6.478367346938776,340.574,0.0019123144447803497
6.501587301587302,346.37164,0.0018854542868211865
6.524807256235828,356.1805,0.0020156181417405605
6.548027210884354,358.63843,0.0024901186116039753
6.57124716553288,352.41324,0.0023680548183619976
6.594467120181406,349.0308,0.0028574098832905293
6.617687074829932,344.6522,0.0030596358701586723
6.640907029478458,344.11673,0.0025738985277712345
6.664126984126984,345.55667,0.001649061101488769
6.6873469387755105,358.26126,0.0019555923063308
6.710566893424036,373.47876,0.002666129730641842
6.733786848072563,390.23618,0.0025198659859597683
6.757006802721088,402.5223,0.002474129432812333
6.780226757369615,402.23392,0.0032870746217668056
6.8034467120181406,392.17026,0.002649166388437152
6.826666666666667,382.17004,0.0029465092811733484
6.849886621315193,374.33432,0.0023887953720986843
6.873106575963719,371.1482,0.0024493129458278418
6.896326530612245,377.1616,0.00249124551191926
6.9195464852607715,389.8336,0.003045196644961834
6.942766439909297,398.4633,0.0030662547796964645
6.965986394557823,399.48505,0.004015076905488968
6.989206349206349,393.27762,0.0034366059117019176
7.012426303854875,384.699,0.0034606419503688812
7.035646258503402,375.5479,0.0026051881723105907
7.058866213151927,372.6881,0.002737884409725666
7.082086167800454,380.11868,0.002446140628308058
7.1053061224489795,392.03912,0.002759336493909359
7.128526077097506,400.14334,0.0027305306866765022
7.151746031746032,404.10114,0.0030619637109339237
7.174965986394558,398.71472,0.003757958998903632
7.198185941043084,388.49792,0.003590551670640707
7.2214058956916105,375.44046,0.0026229270733892918
7.244625850340136,369.8277,0.0024287125561386347
7.267845804988662,374.2585,0.0026923122350126505
7.291065759637188,386.06522,0.0024753990583121777
7.314285714285714,397.68503,0.0025193472392857075
7.337505668934241,402.63287,0.0030445356387645006
7.360725623582766,398.09375,0.0041571976616978645
7.383945578231293,386.64673,0.003953184001147747
7.4071655328798185,369.5404,0.001868912484496832
7.430385487528345,351.8789,0.0014798163902014494
7.453605442176871,335.6522,0.0015482133021578193
7.476825396825397,336.72818,0.0015498544089496136
7.500045351473923,339.79822,0.0012338532833382487
7.5232653061224495,343.10107,0.001378382439725101
7.546485260770975,342.1212,0.0014651353703811765
7.569705215419502,342.2752,0.001701959641650319
7.592925170068027,339.6196,0.001919794362038374
7.616145124716553,331.71225,0.0014936623629182577
7.63936507936508,323.5206,0.001337447203695774
7.662585034013605,327.99475,0.0014354404993355274
7.685804988662132,336.75125,0.0012760546524077654
7.7090249433106575,348.90817,0.0013101011281833053
7.732244897959184,350.4389,0.0014830499421805143
7.75546485260771,353.3987,0.0017265800852328539
7.778684807256236,341.86176,0.0016114488244056702
7.801904761904762,336.83936,0.0016290132189169526
7.8251247165532885,329.71945,0.001199680962599814
7.848344671201814,324.1799,0.0011585275642573833
7.871564625850341,329.03268,0.0014203372411429882
7.894784580498866,337.4977,0.0014642431633546948
7.918004535147393,349.34827,0.0014958095271140337
7.9412244897959186,351.76276,0.0015818101819604635
7.964444444444444,354.2507,0.001769373775459826
7.987664399092971,341.99988,0.0014875039923936129
8.010884353741497,337.0382,0.001513682771474123
8.034104308390022,331.34088,0.001203213818371296
8.057324263038549,325.71158,0.001189862610772252
8.080544217687075,329.56,0.001496977754868567
8.103764172335602,338.77765,0.0015436363173648715
8.126984126984127,347.6579,0.0014928262680768967
8.150204081632653,346.80115,0.0016316678375005722
8.17342403628118,345.02487,0.0013708863407373428
8.196643990929706,337.39093,0.0010425333166494966
8.219863945578231,324.8993,0.000998457195237279
8.243083900226758,948.8953,0.0012620090274140239
8.266303854875284,317.5433,0.0008126746397465467
8.289523809523809,320.7993,0.0007871807320043445
8.312743764172335,325.18573,0.0009653744054958224
8.335963718820862,326.66412,0.0010284454328939319
8.359183673469389,326.7909,0.00118741556070745
8.382403628117913,324.15176,0.0010331750381737947
8.40562358276644,955.12146,0.0013628463493660092
8.428843537414966,945.5674,0.0014101394917815924
8.452063492063493,950.28156,0.0008479361422359943
8.475283446712018,322.20712,0.0008882763795554638
8.498503401360544,329.00525,0.001227795728482306
8.52172335600907,333.57138,0.001377581269480288
8.544943310657597,332.72513,0.0012905322946608067
8.568163265306122,326.57166,0.0010559612419456244
8.591383219954649,953.7268,0.0014491435140371323
8.614603174603175,312.4671,0.0014329792466014624
8.6378231292517,309.0247,0.0012916720006614923
8.661043083900227,315.40204,0.0011819185456261039
8.684263038548753,322.89316,0.0012075104750692844
8.70748299319728,330.44437,0.0014457940123975277
8.730702947845804,335.06406,0.0014708334347233176
8.753922902494331,334.5547,0.0015436237445101142
8.777142857142858,327.79028,0.0010946866823360324
8.800362811791384,959.43463,0.001226307125762105
8.823582766439909,946.56946,0.0013757029082626104
8.846802721088435,312.781,0.0010911199497058988
8.870022675736962,318.26215,0.0006941253086552024
8.893242630385489,325.58646,0.0009682777454145253
8.916462585034013,330.58142,0.0010153392795473337
8.93968253968254,328.6231,0.000878312683198601
8.962902494331066,321.80634,0.0011507956078276038
8.986122448979591,308.48343,0.0008996173273772001
9.009342403628118,295.48386,0.0009229155257344246
9.032562358276644,577.5326,0.0010316695552319288
9.05578231292517,572.4779,0.000817685853689909
9.079002267573696,289.35684,0.0006674833130091429
9.102222222222222,294.10223,0.0006768800085410476
9.125442176870749,295.1041,0.0007513427408412099
9.148662131519275,586.3996,0.0011612301459535956
9.1718820861678,578.13,0.0014785415260121226
9.195102040816327,565.9144,0.0012323798146098852
9.218321995464853,558.78265,0.0011255077552050352
9.24154195011338,560.72327,0.0012707817368209362
9.264761904761905,570.6189,0.0009367205202579498
9.287981859410431,292.43994,0.0008293537539429963
9.311201814058958,295.81287,0.0009465687908232212
9.334421768707482,296.75385,0.0009835835080593824
9.357641723356009,586.09705,0.0016801957972347736
9.380861678004536,570.47687,0.0018374627688899636
9.404081632653062,557.909,0.0016375123523175716
9.427301587301587,551.48096,0.0012349742464721203
9.450521541950113,559.52045,0.0013710062485188246
9.47374149659864,287.93005,0.0012136776931583881
9.496961451247167,892.57837,0.0017077369848266244
9.520181405895691,300.70816,0.0017953473143279552
9.543401360544218,301.16394,0.0012255951296538115
9.566621315192744,295.3003,0.0013258266262710094
9.58984126984127,571.8626,0.0018778908997774124
9.613061224489796,562.922,0.001707874471321702
9.636281179138322,560.85535,0.0017933836206793785
9.659501133786849,564.3033,0.0018530490342527628
9.682721088435374,288.53833,0.001432474353350699
9.7059410430839,295.4473,0.0015453138621523976
9.729160997732427,897.9313,0.0011660060845315456
9.752380952380953,294.10007,0.001322094351053238
9.775600907029478,565.33496,0.0012310824822634459
9.798820861678005,528.3389,0.0020302326884120703
9.822040816326531,515.86865,0.0015794195933267474
9.845260770975058,505.07565,0.0017601107247173786
9.868480725623582,510.96204,0.0017527028685435653
9.891700680272109,513.9724,0.001893754000775516
9.914920634920636,513.31647,0.0018298652721568942
9.93814058956916,509.57297,0.0017496309010311961
9.961360544217687,504.94113,0.001557815819978714
9.984580498866213,503.6931,0.0015106200007721782
10.00780045351474,507.5924,0.0014017187058925629
10.031020408163265,515.6774,0.0022185558918863535
10.054240362811791,522.7126,0.002599752275273204
10.077460317460318,525.93066,0.0031327400356531143
10.100680272108844,519.91315,0.0019735926762223244
10.12390022675737,507.00635,0.0015236621256917715
10.147120181405896,496.9746,0.0014850225998088717
10.170340136054422,496.07297,0.0015434743836522102
10.193560090702949,499.87634,0.0016542052617296576
10.216780045351474,508.96042,0.0019890828989446163
10.24,519.207,0.0028216333594173193
10.263219954648527,527.02405,0.0023982287384569645
10.286439909297052,529.5103,0.0029026505071669817
10.309659863945578,521.4713,0.0018652041908353567
10.332879818594105,508.72485,0.0012883071321994066
10.356099773242631,499.40338,0.0010823362972587347
10.379319727891156,497.0573,0.0013081239303573966
10.402539682539683,503.15594,0.0018289117142558098
10.425759637188209,514.1441,0.0027656820602715015
10.448979591836736,522.9135,0.0025103744119405746
10.47219954648526,527.70856,0.0031952778808772564
10.495419501133787,521.4628,0.002195442095398903
10.518639455782314,509.9594,0.0012715228367596865
10.54185941043084,493.64966,0.0010480749187991023
10.565079365079365,238.05832,0.0008030473254621029
10.588299319727891,1591.4122,0.0007355319103226066
10.611519274376418,455.06454,0.0005839209188707173
10.634739229024943,460.17377,0.0006835811072960496
10.65795918367347,1598.1152,0.0009024502942338586
10.681179138321996,1567.011,0.0010009882971644402
10.704399092970522,1540.2776,0.000687998894136399
10.727619047619047,740.1998,0.0006337490631267428
10.750839002267574,739.18445,0.0007128168363124132
10.7740589569161,795.3625,0.0009606186649762094
10.797278911564627,448.97186,0.0008186253253370523
10.820498866213152,461.42007,0.000921112485229969
10.843718820861678,468.5658,0.001202738145366311
10.866938775510205,469.28033,0.0011532963253557682
10.890158730158731,459.93442,0.0011616687988862395
10.913378684807256,734.109,0.0007108175195753574
10.936598639455783,755.6694,0.000692119006998837
10.95981859410431,766.945,0.0008309485856443644
10.983038548752834,444.1957,0.0008967865142039955
11.00625850340136,462.2116,0.0009958435548469424
11.029478458049887,472.84567,0.0013405021745711565
11.052698412698414,476.91727,0.0012784898281097412
11.075918367346938,474.15387,0.0010877514723688364
11.099138321995465,464.94766,0.0010194025235250592
11.122358276643991,1574.511,0.0011175787076354027
11.145578231292518,1557.0299,0.0009469240321777761
11.168798185941043,779.8081,0.0008445405401289463
11.19201814058957,451.43454,0.0006707917782478034
11.215238095238096,462.88065,0.0007852084236219525
11.23845804988662,470.45023,0.0009745822753757238
11.261678004535147,470.71646,0.0009517316939309239
11.284897959183674,463.6557,0.0009578865137882531
11.3081179138322,536.52325,0.000591456366237253
11.331337868480725,574.1684,0.000527366588357836
11.354557823129252,564.1879,0.0004510595463216305
11.377777777777778,768.0394,0.0004796817956957966
11.400997732426305,761.54236,0.0007935099420137703
11.42421768707483,766.77905,0.0010720620630308986
11.447437641723356,1563.2395,0.0010003303177654743
11.470657596371883,794.3777,0.0006365610752254725
11.49387755102041,432.18213,0.0004803868068847805
11.517097505668934,580.0136,0.0004585955757647753
11.54031746031746,783.8994,0.0004262820293661207
11.563537414965987,423.525,0.0004770393716171384
11.586757369614512,757.1704,0.0006758203380741179
11.609977324263038,775.2229,0.0007972733583301306
11.633197278911565,547.07684,0.0007949294522404671
11.656417233560092,523.9742,0.0010428779060021043
11.679637188208616,1567.1831,0.0007830793038010597
11.702857142857143,757.88763,0.0005640521412715316
11.72607709750567,427.86362,0.0004205145232845098
11.749297052154196,425.54657,0.0004730238870251924
11.77251700680272,761.0502,0.0006152077112346888
11.795736961451247,813.0437,0.000693444162607193
11.818956916099774,458.6409,0.0006956688594073057
11.8421768707483,460.20575,0.0007330235093832016
11.865396825396825,787.8702,0.0007707765325903893
11.888616780045352,771.10754,0.0005531823262572289
11.911836734693878,755.70105,0.0004518949135672301
11.935056689342403,556.7359,0.00044516316847875714
11.95827664399093,746.28326,0.0005459816893562675
11.981496598639456,779.7675,0.0006340723484754562
12.004716553287983,505.8036,0.0008155830437317491
12.027936507936507,514.76166,0.0008439747034572065
12.051156462585034,763.54895,0.0004923581145703793
12.07437641723356,208.26959,0.000272720237262547
12.097596371882087,394.71262,0.0003534743736963719
12.120816326530612,382.24902,0.00032115273643285036
12.144036281179138,388.08057,0.00031057107844389975
12.167256235827665,395.13803,0.00025880272733047605
12.190476190476192,397.07156,0.0003314161440357566
12.213696145124716,393.81097,0.0003511343675199896
12.236916099773243,387.6092,0.0004399375757202506
12.26013605442177,381.14404,0.0004193157656118274
12.283356009070294,379.15723,0.00041902210796251893
12.30657596371882,384.27515,0.00028342060977593064
12.329795918367347,396.3523,0.00032418331829831004
12.353015873015874,562.64954,0.0003673558821901679
12.376235827664399,560.00055,0.0003460666339378804
12.399455782312925,401.41327,0.000472435902338475
12.422675736961452,390.31387,0.0004945980617776513
12.445895691609978,378.7169,0.000487738725496456
12.469115646258503,379.7968,0.00039662019116804004
12.49233560090703,390.66684,0.00031483813654631376
12.515555555555556,543.00604,0.0003481075109448284
12.538775510204083,763.92017,0.00037076210719533265
12.561995464852608,564.7016,0.00038218649569898844
12.585215419501134,403.14136,0.00046283553820103407
12.60843537414966,394.59528,0.0005395188345573843
12.631655328798185,385.17575,0.0005530501366592944
12.654875283446712,379.48947,0.0004369691014289856
12.678095238095239,381.27612,0.0003377785615157336
12.701315192743765,390.659,0.00028284755535423756
12.72453514739229,401.3836,0.0002938887628261
12.747755102040816,573.10736,0.0003115016734227538
12.770975056689343,563.8376,0.00028262630803510547
12.79419501133787,401.03912,0.0004081820952706039
12.817414965986394,390.20334,0.00029064936097711325
12.84063492063492,550.5095,0.00024619020405225456
12.863854875283447,526.38873,0.00030979671282693744
12.887074829931972,519.81696,0.0002685105428099632
12.910294784580499,519.3399,0.00035846701939590275
12.933514739229025,525.54736,0.0003381985588930547
12.956734693877552,532.0401,0.00031759904231876135
12.979954648526077,531.60754,0.0004447514656931162
13.003174603174603,523.20184,0.00030671985587105155
13.02639455782313,169.42653,0.00033950008219107985
13.049614512471656,166.28487,0.0005240478785708547
13.072834467120181,165.48244,0.00045968079939484596
13.096054421768708,503.15146,0.0003891402157023549
13.119274376417234,524.458,0.0005004329141229391
13.14249433106576,527.7757,0.00047359333257190883
13.165714285714285,529.0925,0.000551012228243053
13.188934240362812,522.0216,0.0004009479598607868
13.212154195011339,508.1849,0.00027026626048609614
13.235374149659863,167.9294,0.0003880807780660689
13.25859410430839,166.94066,0.0003549271496012807
13.281814058956916,507.2307,0.0002914702345151454
13.305034013605443,524.27997,0.00043295230716466904
13.328253968253968,526.6938,0.0003701258101500571
13.351473922902494,531.04767,0.0004884771187789738
13.374693877551021,527.385,0.0005392783787101507
13.397913832199547,171.22299,0.0003139328327961266
13.421133786848072,167.10942,0.0006079426384530962
13.444353741496599,491.06113,0.000547044794075191
13.467573696145125,164.56216,0.00033390705357305706
13.490793650793652,507.15,0.0003268159052822739
13.514013605442177,524.725,0.0004664348089136183
13.537233560090703,524.00775,0.0004824076604563743
13.56045351473923,524.80347,0.000448626175057143
13.583673469387755,171.54065,0.0002680080069694668
13.606893424036281,167.27634,0.0005214023985899985
13.630113378684808,164.27045,0.00046032556565478444
13.653333333333334,162.49948,0.00037799024721607566
13.676553287981859,164.7366,0.00024629136896692216
13.699773242630386,518.8154,0.00030646027880720794
13.722993197278912,530.0951,0.00022892886772751808
13.746213151927439,535.8912,0.00027955466066487134
13.769433106575963,532.47284,0.0004258276894688606
13.79265306122449,171.66422,0.00028445327188819647
13.815873015873017,166.52457,0.0005069792387075722
13.839092970521543,163.4105,0.000428035797085613
13.862312925170068,163.00821,0.00029438576893880963
13.885532879818594,165.42668,0.00017575439414940774
13.908752834467121,518.478,0.00030068165506236255
13.931972789115646,527.29205,0.00025053092394955456
13.955192743764172,531.3668,0.00032360281329602003
13.978412698412699,526.02966,0.0002845753915607929
14.001632653061225,169.33957,0.00031981419306248426
14.02485260770975,164.77274,0.0004468836705200374
14.048072562358277,163.11572,0.00030868613976053894
14.071292517006803,165.63007,0.0001718047569738701
14.09451247165533,524.1631,0.00020563967700581998
14.117732426303855,533.854,0.0001434592268196866
14.140952380952381,541.75305,0.00021764023404102772
14.164172335600908,532.0736,0.00028429162921383977
14.187392290249434,170.17319,0.0002606972702778876
14.210612244897959,164.50363,0.00041519341175444424
14.233832199546486,160.52512,0.0003459397121332586
14.257052154195012,161.94975,0.00021652108989655972
14.280272108843537,167.17407,8.555817476008087e-05
14.303492063492063,172.78801,7.098673086147755e-05
14.32671201814059,0.0,5.247881745162886e-06
14.349931972789117,0.0,6.53463757771533e-07
14.373151927437641,0.0,1.314965629717335e-07
14.396371882086168,0.0,6.134177965577692e-08
14.419591836734694,0.0,6.230948201846331e-08
14.442811791383221,0.0,3.062541509279981e-08
14.466031746031746,0.0,3.7567588151432574e-08
14.489251700680272,0.0,1.985335984500125e-08
14.512471655328799,0.0,3.095465217484161e-08
14.535691609977324,0.0,4.254798113834113e-08
14.55891156462585,0.0,8.921961125452071e-08
14.582131519274377,0.0,7.237213139887899e-08
14.605351473922903,0.0,5.923357093706727e-08
14.628571428571428,0.0,3.120294422842562e-08
14.651791383219955,0.0,6.20211721980013e-08
14.675011337868481,0.0,2.624801709316671e-08
14.698231292517008,0.0,3.23861968354322e-08
14.721451247165533,0.0,3.109926183242351e-08
14.744671201814059,0.0,1.175885699922219e-08
14.767891156462586,0.0,3.2026946428231895e-08
14.791111111111112,0.0,7.123162504285574e-09
