0.0,0.0,2.1046071196906269e-07
0.023219954648526078,0.0,2.2776021069148555e-07
0.046439909297052155,0.0,2.4758173822192475e-07
0.06965986394557823,0.0,2.148844941984862e-07
0.09287981859410431,0.0,4.972216629539616e-07
0.11609977324263039,0.0,2.1656614990206435e-07
0.13931972789115646,0.0,1.543185135233216e-07
0.16253968253968254,0.0,2.0222159946570173e-07
0.18575963718820862,0.0,9.53414200921543e-08
0.2089795918367347,0.0,1.8886748875956982e-07
0.23219954648526078,151.15587,2.5829485821304843e-05
0.25541950113378686,123.00432,0.00014305880176834762
0.2786394557823129,121.015175,0.0003162379143759608
0.301859410430839,131.7588,0.0003390312194824219
0.3250793650793651,135.60875,0.00028266970184631646
0.3482993197278912,131.97696,0.00022861124307382852
0.37151927437641724,127.307594,0.00019343629537615925
0.3947392290249433,124.86891,0.00019269462791271508
0.4179591836734694,123.1028,0.00024555122945457697
0.44117913832199546,121.305595,0.0002711655688472092
0.46439909297052157,122.17326,0.0003080560127273202
0.4876190476190476,128.13704,0.0003044209734071046
0.5108390022675737,133.6952,0.0003077281580772251
0.5340589569160998,134.25606,0.00026084049022756517
0.5572789115646258,129.32204,0.00024890201166272163
0.5804988662131519,125.90731,0.00022774114040657878
0.603718820861678,123.07238,0.0002711610868573189
0.626938775510204,124.25318,0.00028844201005995274
0.6501587301587302,130.04819,0.0003189578128512949
0.6733786848072563,137.19966,0.0003046756610274315
0.6965986394557824,137.93404,0.00030517607228830457
0.7198185941043084,132.34132,0.00026170845376327634
0.7430385487528345,127.67018,0.000270067248493433
0.7662585034013606,128.48372,0.0003054145781788975
0.7894784580498866,137.70047,0.00032804091461002827
0.8126984126984127,147.71475,0.000469604303361848
0.8359183673469388,150.97081,0.0004623910062946379
0.8591383219954649,151.53929,0.00038097024662420154
0.8823582766439909,147.81068,0.000405737548135221
0.905578231292517,141.95937,0.0002883300185203552
0.9287981859410431,137.64662,0.0002535833336878568
0.9520181405895691,136.0117,0.0002811745507642627
0.9752380952380952,142.83582,0.0004816122236661613
0.9984580498866213,151.32361,0.0006225429242476821
1.0216780045351475,155.84174,0.0005986138130538166
1.0448979591836736,154.0261,0.00037500698817893863
1.0681179138321997,146.3931,0.00038676400436088443
1.0913378684807256,140.41144,0.00029279827140271664
1.1145578231292517,138.51746,0.0003225012915208936
1.1377777777777778,144.51605,0.0004602596163749695
1.1609977324263039,152.14899,0.0005252725095488131
1.18421768707483,155.20557,0.00042237251182086766
1.207437641723356,153.29965,0.0003415416576899588
1.2306575963718822,146.49907,0.00045274008880369365
1.253877551020408,144.32376,0.00041923223761841655
1.2770975056689342,149.76598,0.0006638455088250339
1.3003174603174603,161.03993,0.0009535845601931214
1.3235374149659864,169.84518,0.0009017064003273845
1.3467573696145125,170.08144,0.001170973526313901
1.3699773242630386,166.83563,0.0007992136524990201
1.3931972789115648,161.93883,0.0006873352685943246
1.4164172335600906,156.7782,0.000393773167161271
1.4396371882086167,152.64658,0.0004471594002097845
1.4628571428571429,155.73096,0.0007761640008538961
1.486077097505669,162.6716,0.0009468408534303308
1.509297052154195,168.40506,0.0009029390057548881
1.5325170068027212,170.14832,0.0011099560651928186
1.5557369614512473,168.11961,0.0009477221174165606
1.5789569160997732,164.37758,0.0008263000636361539
1.6021768707482993,161.60208,0.000826141913421452
1.6253968253968254,161.55305,0.0010422011837363243
1.6486167800453515,166.15054,0.0010462435893714428
1.6718367346938776,172.25183,0.0012047014897689223
1.6950566893424037,177.3379,0.0008307013777084649
1.7182766439909298,175.7951,0.0007797671714797616
1.7414965986394557,167.25554,0.0008114965166896582
1.7647165532879818,162.63606,0.001006510341539979
1.787936507936508,163.93665,0.0009268951253034174
1.811156462585034,169.23442,0.0009142595226876438
1.8343764172335602,174.24881,0.0007159550441429019
1.8575963718820863,177.1034,0.0004396969161462039
1.8808163265306124,172.2705,0.0008693032432347536
1.9040362811791383,166.7517,0.000737867085263133
1.9272562358276644,162.65167,0.0008963216678239405
1.9504761904761905,161.93398,0.0008675972931087017
1.9736961451247166,164.64417,0.0008481686236336827
1.9969160997732427,168.88968,0.0010385083733126521
2.020136054421769,172.33694,0.0010438766330480576
2.043356009070295,173.90195,0.0008031718898564577
2.066575963718821,175.0983,0.0007729277713224292
2.089795918367347,171.35332,0.0011256365105509758
2.1130158730158732,168.55888,0.000731984677258879
2.1362358276643993,168.00331,0.0007705974858254194
2.159455782312925,170.8085,0.0012361283879727125
2.182675736961451,176.617,0.0017481360118836164
2.2058956916099772,187.38983,0.0020405901595950127
2.2291156462585033,178.77141,0.0007911244756542146
2.2523356009070294,172.95084,0.0005809543654322624
2.2755555555555556,172.72351,0.0007008323445916176
2.2987755102040817,181.27061,0.0013321932638064027
2.3219954648526078,199.26532,0.00109346944373101
2.345215419501134,205.58353,0.0014239534502848983
2.36843537414966,199.29387,0.001764341490343213
2.391655328798186,191.42503,0.001987668452784419
2.414875283446712,188.70448,0.0019398210570216179
2.4380952380952383,189.55804,0.001904320903122425
2.4613151927437644,193.65376,0.0018011778593063354
2.48453514739229,208.16081,0.0015443640295416117
2.507755102040816,214.71252,0.0017348637338727713
2.5309750566893423,214.3397,0.002405951963737607
2.5541950113378684,206.75548,0.0022256120573729277
2.5774149659863945,197.6405,0.002100394107401371
2.6006349206349206,188.46394,0.0019253253703936934
2.6238548752834467,191.2548,0.001599051058292389
2.647074829931973,200.83289,0.0015132391126826406
2.670294784580499,209.94972,0.0017219169531017542
2.693514739229025,206.58571,0.001997492741793394
2.716734693877551,204.44484,0.001926785334944725
2.7399546485260773,195.3979,0.0017086620209738612
2.7631746031746034,196.11119,0.0012236428447067738
2.7863945578231295,211.21541,0.0007798821898177266
2.809614512471655,438.48093,0.0003989245742559433
2.8328344671201813,455.2579,0.00045909069012850523
2.8560544217687074,443.98892,0.0008401325321756303
2.8792743764172335,432.9953,0.0014463687548413873
2.9024943310657596,209.05457,0.001289919950067997
2.9257142857142857,419.4274,0.0008875038474798203
2.948934240362812,425.1924,0.0006380381528288126
2.972154195011338,440.75415,0.0004099555662833154
2.995374149659864,460.5863,0.0008679508464410901
3.01859410430839,469.33893,0.0010711562354117632
3.0418140589569163,467.42548,0.0006579406326636672
3.0650340136054424,225.89244,0.000511881080456078
3.0882539682539685,217.92708,0.0008218406001105905
3.1114739229024946,216.65445,0.0007085301913321018
3.1346938775510207,222.62752,0.000448964157840237
3.1579138321995464,460.01486,0.0007015418959781528
3.1811337868480725,459.6989,0.0005675639840774238
3.2043537414965986,225.03328,0.0007476784521713853
3.2275736961451247,220.15057,0.001187232555821538
3.250793650793651,437.20007,0.0010220869444310665
3.274013605442177,225.31143,0.0005229018279351294
3.297233560090703,238.5103,0.0007250645430758595
3.320453514739229,252.33582,0.0007604084094054997
3.3436734693877552,257.0929,0.000621210434474051
3.3668934240362813,253.04941,0.000690245651639998
3.3901133786848074,244.44014,0.0007842608029022813
3.4133333333333336,240.26442,0.000800986192189157
3.4365532879818597,240.23834,0.0007011597626842558
3.4597732426303858,246.50488,0.0007881999481469393
3.4829931972789114,255.10347,0.0010886916425079107
3.5062131519274375,938.1306,0.0013622520491480827
3.5294331065759637,260.50146,0.0007103628013283014
3.5526530612244898,251.27853,0.000902898027561605
3.575873015873016,242.13864,0.001219885889440775
3.599092970521542,240.41335,0.0009070648229680955
3.622312925170068,246.42513,0.0010291074868291616
3.645532879818594,258.57748,0.0011077339295297861
3.6687528344671203,265.51,0.0012171578127890825
3.6919727891156464,257.61185,0.00063535594381392
3.7151927437641725,245.73271,0.0010884685907512903
3.7384126984126986,238.79506,0.0009955333080142736
3.7616326530612247,240.9783,0.0009605506202206016
3.784852607709751,257.37598,0.0009183194488286972
3.8080725623582765,276.2012,0.0008534363005310297
3.8312925170068026,278.2176,0.000986881903372705
3.8545124716553287,266.1025,0.0008922096458263695
3.877732426303855,257.35004,0.0006669450085610151
3.900952380952381,252.04376,0.0006590608973056078
3.924172335600907,251.69664,0.0007375621935352683
3.947392290249433,261.39587,0.0010240201372653246
3.9706122448979593,270.47052,0.0009790267795324326
3.9938321995464854,275.56693,0.000859363004565239
4.017052154195011,274.0001,0.0008234957349486649
4.040272108843538,263.29922,0.0008253972046077251
4.063492063492063,253.50533,0.0007565866690129042
4.08671201814059,247.99467,0.0007257984252646565
4.1099319727891155,258.21176,0.001081316964700818
4.133151927437642,269.2772,0.001245959079824388
4.156371882086168,273.79517,0.000886141206137836
4.179591836734694,269.37668,0.0007521631778217852
4.20281179138322,259.398,0.0007114118197932839
4.2260317460317465,254.48482,0.0007297509582713246
4.249251700680272,259.9121,0.001112173544242978
4.272471655328799,276.94315,0.0008287433884106576
4.295691609977324,295.48727,0.0007818274898454547
4.31891156462585,296.46048,0.0008508698083460331
4.342131519274377,284.5743,0.0007201129337772727
4.365351473922902,272.88443,0.0006576060550287366
4.388571428571429,269.43057,0.0006747217266820371
4.4117913832199545,271.71075,0.000629387388471514
4.435011337868481,285.44995,0.0007107934216037393
4.458231292517007,294.1844,0.0007194783538579941
4.481451247165533,299.49612,0.0007371038082055748
4.504671201814059,301.99,0.0008050816250033677
4.527891156462585,294.94724,0.000998733565211296
4.551111111111111,285.68436,0.0009935918496921659
4.574331065759638,282.75574,0.0010995834600180387
4.597551020408163,287.9517,0.0010135096963495016
4.62077097505669,298.20126,0.0010293109808117151
4.6439909297052155,306.27832,0.0009320627432316542
4.667210884353741,305.0638,0.0008329766569659114
4.690430839002268,289.2379,0.0009217859478667378
4.713650793650793,267.2466,0.0007910099229775369
4.73687074829932,254.27681,0.0006947818910703063
4.760090702947846,250.69397,0.0006386129534803331
4.783310657596372,259.27515,0.0009538530139252543
4.806530612244898,268.31775,0.0010783433681353927
4.829750566893424,271.4912,0.0009943952318280935
4.85297052154195,270.01395,0.000868488394189626
4.876190476190477,263.71207,0.0008237256552092731
4.899410430839002,256.5201,0.000626266177278012
4.922630385487529,247.69096,0.0007096940535120666
4.9458503401360545,251.50317,0.0006828433251939714
4.96907029478458,261.855,0.0009472033707424998
4.992290249433107,269.17004,0.0011770613491535187
5.015510204081632,272.68088,0.00097445904975757
5.038730158730159,269.63144,0.0008704825304448605
5.061950113378685,262.87964,0.0009277989156544209
5.085170068027211,256.63977,0.0007545491680502892
5.108390022675737,256.89005,0.0009390367195010185
5.131609977324263,264.86404,0.0011571960058063269
5.154829931972789,270.04395,0.0008968442562036216
5.178049886621316,267.47614,0.0007572586764581501
5.201269841269841,259.30167,0.0006013780366629362
5.224489795918368,246.8826,0.000811431382317096
5.2477097505668935,241.42229,0.0007801410392858088
5.27092970521542,245.31018,0.0007231492782011628
5.294149659863946,251.91525,0.0005308976978994906
5.317369614512471,256.56165,0.0004529141588136554
5.340589569160998,252.67528,0.00046551236300729215
5.363809523809524,245.26411,0.0006326559814624488
5.38702947845805,241.66605,0.0006509576342068613
5.410249433106576,240.48839,0.0006685478729195893
5.433469387755102,244.2542,0.000677205971442163
5.456689342403628,252.21361,0.0006664698012173176
5.479909297052155,260.7418,0.0007428694516420364
5.50312925170068,260.7858,0.0007785115158185363
5.526349206349207,257.44504,0.0006154212169349194
5.5495691609977325,250.93724,0.00066515919752419
5.572789115646259,245.76135,0.0008309964905492961
5.596009070294785,248.68515,0.0007211718475446105
5.61922902494331,254.85182,0.0006552751874551177
5.642448979591837,259.6424,0.0006089671514928341
5.6656689342403626,250.5356,0.0005167558556422591
5.688888888888889,237.99821,0.00039142300374805927
5.712108843537415,220.378,0.0005288936081342399
5.735328798185941,213.21706,0.00043926178477704525
5.758548752834467,218.49744,0.00029057703795842826
5.7817687074829935,228.15547,0.00026249076472595334
5.804988662131519,227.22888,0.00024861478595994413
5.828208616780046,225.54854,0.0002858896623365581
5.851428571428571,221.16147,0.00045654928544536233
5.874648526077098,212.69913,0.0004955485928803682
5.897868480725624,208.78117,0.0004337543505243957
5.92108843537415,211.97691,0.00046761357225477695
5.944308390022676,219.06116,0.0003077918372582644
5.9675283446712015,227.39565,0.0003545540675986558
5.990748299319728,230.43552,0.0003271815076004714
6.013968253968254,225.61806,0.00047551735769957304
6.03718820861678,431.37964,0.0007329938234761357
6.060408163265306,422.998,0.0007781912572681904
6.0836281179138325,212.71593,0.0007751761004328728
6.106848072562358,218.76709,0.0004043026710860431
6.130068027210885,224.83421,0.00030189339304342866
6.15328798185941,220.1787,0.0005235663847997785
6.176507936507937,204.2208,0.0007683567819185555
6.199727891156463,186.96974,0.0009639375493861735
6.222947845804989,180.11546,0.0009621080826036632
6.246167800453515,187.07759,0.0007916491595096886
6.269387755102041,195.56857,0.0005236098077148199
6.292607709750567,200.34288,0.00054282316705212
6.315827664399093,203.71062,0.0006800148403272033
6.339047619047619,199.74394,0.0007495438330806792
6.362267573696145,194.47934,0.0008895932696759701
6.3854875283446715,189.11433,0.0009398313704878092
6.408707482993197,190.56425,0.0007158128428272903
6.431927437641724,195.53479,0.0006819316186010838
6.455147392290249,200.49199,0.0006282989634200931
6.478367346938776,409.75864,0.0007067453116178513
6.501587301587302,206.12193,0.0009352262131869793
6.524807256235828,201.24594,0.001212762319482863
6.548027210884354,197.14268,0.0010397625155746937
6.57124716553288,198.27779,0.0007681367569603026
6.594467120181406,407.25534,0.0006957717123441398
6.617687074829932,209.22464,0.000612585514318198
6.640907029478458,205.31804,0.0008496355731040239
6.664126984126984,193.71346,0.0011257121805101633
6.6873469387755105,173.28647,0.0008159792050719261
6.710566893424036,163.6834,0.0006612235447391868
6.733786848072563,163.62584,0.0013255117228254676
6.757006802721088,171.501,0.001108592376112938
6.780226757369615,181.75824,0.0014822448138147593
6.8034467120181406,185.68063,0.0019882756751030684
6.826666666666667,177.09448,0.001196725177578628
6.849886621315193,172.5083,0.0013172936160117388
6.873106575963719,170.01755,0.0018324211705476046
6.896326530612245,170.09837,0.0016832476248964667
6.9195464852607715,174.1238,0.0013973364839330316
6.942766439909297,180.83752,0.0017561072017997503
6.965986394557823,186.049,0.0025510299019515514
6.989206349206349,180.80002,0.0020587663166224957
7.012426303854875,174.9296,0.0011353518348187208
7.035646258503402,173.2275,0.0018302167300134897
7.058866213151927,173.53354,0.0017738952301442623
7.082086167800454,175.00943,0.0011393247405067086
7.1053061224489795,177.51593,0.00078586459858343
7.128526077097506,178.2842,0.0006397816468961537
7.151746031746032,173.53052,0.0009349737083539367
7.174965986394558,168.20836,0.0006833881489001215
7.198185941043084,162.13109,0.0004178853996563703
7.2214058956916105,161.3839,0.0005741112399846315
7.244625850340136,166.47694,0.001000070944428444
7.267845804988662,170.29926,0.0010640136897563934
7.291065759637188,169.94702,0.0011040025856345892
7.314285714285714,167.18056,0.000622595485765487
7.337505668934241,160.64952,0.0003136565792374313
7.360725623582766,155.46913,0.00040749841718934476
7.383945578231293,156.99013,0.0004266048490535468
7.4071655328798185,162.88771,0.0009064197074621916
7.430385487528345,168.16441,0.001427836250513792
7.453605442176871,171.30933,0.001507711480371654
7.476825396825397,171.3802,0.0017107636667788029
7.500045351473923,168.82513,0.0011365741956979036
7.5232653061224495,163.19994,0.0006078982842154801
7.546485260770975,159.1738,0.0006000308785587549
7.569705215419502,162.18866,0.0015190962003543973
7.592925170068027,169.77422,0.0016487762331962585
7.616145124716553,170.74524,0.0012721468228846788
7.63936507936508,165.97212,0.00047413568245247006
7.662585034013605,149.47322,0.0006330962642095983
7.685804988662132,135.90636,0.0005670179962180555
7.7090249433106575,131.6177,0.0006075626006349921
7.732244897959184,138.53526,0.0005535096861422062
7.75546485260771,145.97603,0.000537509098649025
7.778684807256236,149.27676,0.0005599491996690631
7.801904761904762,152.6505,0.00039230973925441504
7.8251247165532885,152.34364,0.0005807853303849697
7.848344671201814,147.03973,0.0005428267177194357
7.871564625850341,140.59053,0.0005361904040910304
7.894784580498866,137.38066,0.0005450171884149313
7.918004535147393,139.19162,0.0005463298875838518
7.9412244897959186,144.04645,0.00048487051390111446
7.964444444444444,147.96931,0.0005809052963741124
7.987664399092971,148.76053,0.0005424528499133885
8.010884353741497,147.12767,0.0005264065694063902
8.034104308390022,141.76291,0.0006268646102398634
8.057324263038549,136.60608,0.0007236454403027892
8.080544217687075,137.656,0.0005029778112657368
8.103764172335602,144.62712,0.0005585909239016473
8.126984126984127,147.00992,0.0005484467255882919
8.150204081632653,144.99826,0.0005229257512837648
8.17342403628118,136.11488,0.0004986379062756896
8.196643990929706,123.72625,0.0004349173104856163
8.219863945578231,122.76677,0.0005319585325196385
8.243083900226758,122.62772,0.0005641087191179395
8.266303854875284,125.805374,0.00035706680500879884
8.289523809523809,128.57936,0.00047570691094733775
8.312743764172335,134.13142,0.0006034818361513317
8.335963718820862,138.56464,0.0005495932418853045
8.359183673469389,133.59082,0.0005309164989739656
8.382403628117913,128.3542,0.0004516682238318026
8.40562358276644,126.032455,0.00040517549496144056
8.428843537414966,125.8535,0.00038767122896388173
8.452063492063493,125.940346,0.0003866052138619125
8.475283446712018,128.15489,0.0004100915393792093
8.498503401360544,132.74574,0.0005972289945930243
8.52172335600907,136.83696,0.0006250672740861773
8.544943310657597,134.6408,0.0005923054413869977
8.568163265306122,130.23698,0.0005334292654879391
8.591383219954649,126.657684,0.0004062700900249183
8.614603174603175,123.62822,0.0004984652623534203
8.6378231292517,121.93955,0.000546369468793273
8.661043083900227,124.44739,0.00041184626752510667
8.684263038548753,128.58112,0.0004012470890302211
8.70748299319728,131.6365,0.0004377216100692749
8.730702947845804,133.21552,0.00042493443470448256
8.753922902494331,129.84027,0.00034786495962180197
8.777142857142858,125.97257,0.00036112815723754466
8.800362811791384,123.35408,0.00039974990068003535
8.823582766439909,122.53449,0.0005172641831450164
8.846802721088435,125.91613,0.00041693891398608685
8.870022675736962,133.05289,0.0005271119880490005
8.893242630385489,144.01755,0.0003185276291333139
8.916462585034013,145.33702,0.00035496847704052925
8.93968253968254,142.12851,0.0004748587089125067
8.962902494331066,132.9388,0.00042984785977751017
8.986122448979591,125.20433,0.00040388520574197173
9.009342403628118,128.06392,0.00037297664675861597
9.032562358276644,132.35643,0.0003335265791974962
9.05578231292517,141.26567,0.00015469154459424317
9.079002267573696,139.5353,9.951350511983037e-05
9.102222222222222,134.0227,6.96025526849553e-05
9.125442176870749,125.18132,4.189000901533291e-05
9.148662131519275,121.645584,1.4006943274580408e-05
9.1718820861678,0.0,9.70312612480484e-07
9.195102040816327,0.0,8.31944817036856e-07
9.218321995464853,0.0,2.8699560061795637e-07
9.24154195011338,0.0,2.430952008580789e-07
9.264761904761905,0.0,1.5447494661202654e-07
9.287981859410431,0.0,1.6793546819826588e-07
9.311201814058958,0.0,1.2413329386617988e-07
9.334421768707482,0.0,2.812266757246107e-07
9.357641723356009,0.0,3.0304454412544146e-07
9.380861678004536,0.0,1.8349146557739004e-07
9.404081632653062,0.0,2.3843313101679087e-08
