0.0,0.0,1.9395884010009468e-08
0.023219954648526078,0.0,3.8307007343973964e-08
0.046439909297052155,0.0,5.995752871967852e-08
0.06965986394557823,0.0,6.656227924395353e-08
0.09287981859410431,0.0,5.412402970250696e-08
0.11609977324263039,0.0,3.026161721209064e-08
0.13931972789115646,0.0,3.107288648607209e-08
0.16253968253968254,0.0,8.263759809779003e-08
0.18575963718820862,0.0,6.47523847874254e-08
0.2089795918367347,0.0,4.212870408082381e-08
0.23219954648526078,0.0,1.1711563274729997e-08
0.25541950113378686,0.0,2.8017893782816827e-08
0.2786394557823129,0.0,2.9431248549371958e-08
0.301859410430839,131.70628,9.181773930322379e-05
0.3250793650793651,127.77021,9.563162893755361e-05
0.3482993197278912,124.01004,0.0001119218286476098
0.37151927437641724,126.31152,0.00013136499910615385
0.3947392290249433,128.70534,0.00014335582091007382
0.4179591836734694,129.75887,0.0001833433489082381
0.44117913832199546,130.57382,0.0002274454600410536
0.46439909297052157,131.04393,0.00024842622224241495
0.4876190476190476,129.47354,0.00029545192955993116
0.5108390022675737,128.95753,0.00034973761648871005
0.5340589569160998,129.65997,0.00041988707380369306
0.5572789115646258,130.93785,0.0004152427427470684
0.5804988662131519,134.02333,0.0004712256486527622
0.603718820861678,488.44656,0.0004888463881798089
0.626938775510204,496.18704,0.000504086259752512
0.6501587301587302,135.36374,0.000593700329773128
0.6733786848072563,132.13847,0.0007861835183575749
0.6965986394557824,128.62617,0.0009477825369685888
0.7198185941043084,128.44446,0.0007261596038006246
0.7430385487528345,133.26532,0.0005963828880339861
0.7662585034013606,144.35858,0.0004265449824742973
0.7894784580498866,150.07306,0.0004776756395585835
0.8126984126984127,152.70178,0.0005749890115112066
0.8359183673469388,302.05554,0.0008445689454674721
0.8591383219954649,298.53677,0.0008223192417062819
0.8823582766439909,297.5825,0.0009491628152318299
0.905578231292517,299.3755,0.0009086868958547711
0.9287981859410431,150.8493,0.0008784905658103526
0.9520181405895691,151.40381,0.0008072847267612815
0.9752380952380952,300.76855,0.0009407993638888001
0.9984580498866213,299.65125,0.0009337803930975497
1.0216780045351475,299.84293,0.0008625847403891385
1.0448979591836736,300.54333,0.000922119477763772
1.0681179138321997,150.70792,0.0009598811739124358
1.0913378684807256,152.24858,0.0010621860856190324
1.1145578231292517,151.60274,0.0013186570722609758
1.1377777777777778,299.92017,0.0011705562938004732
1.1609977324263039,152.49423,0.0010742619633674622
1.18421768707483,159.45757,0.001189816975966096
1.207437641723356,167.08632,0.001162287313491106
1.2306575963718822,171.08281,0.001072204438969493
1.253877551020408,171.98924,0.0014101380947977304
1.2770975056689342,169.1588,0.0017222869209945202
1.3003174603174603,165.5021,0.0016280622221529484
1.3235374149659864,162.70108,0.0015466422773897648
1.3467573696145125,162.97215,0.00169074023142457
1.3699773242630386,164.99338,0.0021413578651845455
1.3931972789115648,505.00012,0.0023020338267087936
1.4164172335600906,509.65585,0.0023705968633294106
1.4396371882086167,510.92145,0.0025449073873460293
1.4628571428571429,509.37878,0.002359356265515089
1.486077097505669,504.69666,0.002503773896023631
1.509297052154195,500.70087,0.0026544281281530857
1.5325170068027212,167.60242,0.002509798388928175
1.5557369614512473,171.59535,0.0015091856475919485
1.5789569160997732,178.19136,0.00123519916087389
1.6021768707482993,544.9696,0.0011358917690813541
1.6253968253968254,548.5122,0.0011564076412469149
1.6486167800453515,547.05054,0.0015239198692142963
1.6718367346938776,540.6517,0.0017238357104361057
1.6950566893424037,537.0046,0.0020766600500792265
1.7182766439909298,536.6342,0.002010931260883808
1.7414965986394557,538.8108,0.0016750480281189084
1.7647165532879818,542.07306,0.0015885267639532685
1.787936507936508,542.3462,0.0017130644991993904
1.811156462585034,540.1041,0.0020566503517329693
1.8343764172335602,538.3366,0.002014143392443657
1.8575963718820863,540.39087,0.0018079234287142754
1.8808163265306124,542.6988,0.0017638643039390445
1.9040362811791383,542.4171,0.0019489285768941045
1.9272562358276644,538.57623,0.00248798169195652
1.9504761904761905,177.92511,0.0018833378562703729
1.9736961451247166,184.53053,0.0010631076293066144
1.9969160997732427,194.21887,0.0010279410053044558
2.020136054421769,203.00558,0.000914960925001651
2.043356009070295,412.97455,0.0009782531997188926
2.066575963718821,518.04663,0.0013827023794874549
2.089795918367347,201.64902,0.0016203185077756643
2.1130158730158732,199.273,0.0014711692929267883
2.1362358276643993,741.34735,0.0017580402782186866
2.159455782312925,557.7655,0.0014904371928423643
2.182675736961451,736.1517,0.0014369257260113955
2.2058956916099772,580.583,0.001496240496635437
2.2291156462585033,200.37772,0.0013975737383589149
2.2523356009070294,200.40819,0.0015207662945613265
2.2755555555555556,201.0255,0.0015995927387848496
2.2987755102040817,201.67723,0.0016471820417791605
2.3219954648526078,201.46982,0.0019599166698753834
2.345215419501134,200.79237,0.0019700764678418636
2.36843537414966,204.00279,0.0015848245238885283
2.391655328798186,421.24887,0.0012416248209774494
2.414875283446712,655.9185,0.0014643247704952955
2.4380952380952383,453.19745,0.0015641502104699612
2.4613151927437644,693.97076,0.0020358830224722624
2.48453514739229,689.5394,0.0026813135482370853
2.507755102040816,674.2089,0.002548160031437874
2.5309750566893423,664.3692,0.0025670621544122696
2.5541950113378684,439.54068,0.002611523726955056
2.5774149659863945,661.4173,0.0029062004759907722
2.6006349206349206,664.9929,0.0030161612667143345
2.6238548752834467,671.67236,0.0029347336385399103
2.647074829931973,678.70435,0.0028522461652755737
2.670294784580499,681.1098,0.002849696669727564
2.693514739229025,673.96313,0.003114184830337763
2.716734693877551,675.2277,0.0028582802042365074
2.7399546485260773,669.85046,0.0027927241753786802
2.7631746031746034,450.3978,0.00262270774692297
2.7863945578231295,234.12663,0.0020514638163149357
2.809614512471655,246.4007,0.0022254730574786663
2.8328344671201813,511.83102,0.003454165533185005
2.8560544217687074,521.52844,0.004446071106940508
2.8792743764172335,518.522,0.004348498769104481
2.9024943310657596,252.95499,0.004519730806350708
2.9257142857142857,664.7422,0.0046821837313473225
2.948934240362812,246.9329,0.004655681550502777
2.972154195011338,249.05035,0.005319662392139435
2.995374149659864,504.39468,0.006304370705038309
3.01859410430839,509.63074,0.007017253432422876
3.0418140589569163,510.61575,0.0063490597531199455
3.0650340136054424,506.56198,0.005681193433701992
3.0882539682539685,498.55945,0.005496432073414326
3.1114739229024946,247.17424,0.00649198517203331
3.1346938775510207,249.1234,0.007605644408613443
3.1579138321995464,253.46922,0.008586233481764793
3.1811337868480725,260.98373,0.009463200345635414
3.2043537414965986,267.9013,0.007960718125104904
3.2275736961451247,271.25284,0.009671281091868877
3.250793650793651,270.63852,0.009408289566636086
3.274013605442177,266.24295,0.011161617934703827
3.297233560090703,262.9041,0.01072259247303009
3.320453514739229,259.9656,0.010514364577829838
3.3436734693877552,259.57535,0.01106208935379982
3.3668934240362813,261.98483,0.01189219206571579
3.3901133786848074,264.71054,0.011021273210644722
3.4133333333333336,265.00674,0.01166113093495369
3.4365532879818597,264.18073,0.011661120690405369
3.4597732426303858,263.0845,0.011796193197369576
3.4829931972789114,261.5264,0.011448092758655548
3.5062131519274375,261.36588,0.011476518586277962
3.5294331065759637,263.3314,0.011437168344855309
3.5526530612244898,264.08884,0.011404952965676785
3.575873015873016,265.0431,0.007377109955996275
3.599092970521542,267.85886,0.005535251460969448
3.622312925170068,273.75827,0.004983932711184025
3.645532879818594,286.24048,0.007078610360622406
3.6687528344671203,296.36108,0.009097576141357422
3.6919727891156464,302.0736,0.010495455004274845
3.7151927437641725,304.1615,0.011555789038538933
3.7384126984126986,300.11584,0.01196543499827385
3.7616326530612247,591.718,0.012966064736247063
3.784852607709751,588.71344,0.016221342608332634
3.8080725623582765,592.1919,0.01862168498337269
3.8312925170068026,596.6492,0.02156999707221985
3.8545124716553287,600.4296,0.024608589708805084
3.877732426303855,602.4112,0.025681696832180023
3.900952380952381,599.6814,0.021592268720269203
3.924172335600907,591.1324,0.01923747919499874
3.947392290249433,588.2325,0.01690630055963993
3.9706122448979593,586.5879,0.015787651762366295
3.9938321995464854,587.43207,0.019790425896644592
4.017052154195011,594.3304,0.02344387210905552
4.040272108843538,596.20703,0.024068884551525116
4.063492063492063,291.76312,0.012951050885021687
4.08671201814059,271.5598,0.01068834774196148
4.1099319727891155,260.0926,0.00915616750717163
4.133151927437642,257.80872,0.008132565766572952
4.156371882086168,262.1869,0.008897721767425537
4.179591836734694,265.83505,0.008417107164859772
4.20281179138322,266.76385,0.0073110004886984825
4.2260317460317465,267.40915,0.007552846800535917
4.249251700680272,265.65823,0.008505251258611679
4.272471655328799,264.52158,0.008875822648406029
4.295691609977324,264.13687,0.008690502494573593
4.31891156462585,263.89603,0.009631453081965446
4.342131519274377,264.3384,0.009722065180540085
4.365351473922902,265.5921,0.009911710396409035
4.388571428571429,265.39618,0.01057837437838316
4.4117913832199545,265.53528,0.011514702811837196
4.435011337868481,265.3733,0.012667784467339516
4.458231292517007,263.82324,0.011553702875971794
4.481451247165533,259.90308,0.009493452496826649
4.504671201814059,254.76369,0.006607723422348499
4.527891156462585,250.43626,0.0065016974695026875
4.551111111111111,251.64314,0.007080262526869774
4.574331065759638,253.79837,0.008036229759454727
4.597551020408163,511.6624,0.00805396493524313
4.62077097505669,512.7656,0.00679399399086833
4.6439909297052155,253.97716,0.005714552942663431
4.667210884353741,251.86012,0.0056080943904817104
4.690430839002268,250.83792,0.004931330215185881
4.713650793650793,249.57547,0.005490937735885382
4.73687074829932,249.13792,0.005438973195850849
4.760090702947846,248.8674,0.005913063883781433
4.783310657596372,249.69026,0.006731212139129639
4.806530612244898,501.31042,0.006805972196161747
4.829750566893424,502.63815,0.007551347371190786
4.85297052154195,250.4163,0.0057534268125891685
4.876190476190477,242.89989,0.004197330679744482
4.899410430839002,452.59058,0.004040602128952742
4.922630385487529,440.12726,0.003668941557407379
4.9458503401360545,439.91995,0.0034346156753599644
4.96907029478458,443.1419,0.0035731839016079903
4.992290249433107,443.9299,0.003464806592091918
5.015510204081632,446.30878,0.003441490465775132
5.038730158730159,447.56778,0.0033900695852935314
5.061950113378685,443.95755,0.003353480249643326
5.085170068027211,439.4318,0.0032376833260059357
5.108390022675737,439.8038,0.0034800111316144466
5.131609977324263,441.24133,0.0036589151713997126
5.154829931972789,441.684,0.003731226082891226
5.178049886621316,444.63715,0.003828655229881406
5.201269841269841,447.34232,0.004029924049973488
5.224489795918368,449.3323,0.0037963276263326406
5.2477097505668935,447.76367,0.0035360432229936123
5.27092970521542,437.8067,0.002861449960619211
5.294149659863946,727.37476,0.004504730459302664
5.317369614512471,585.9324,0.002848120406270027
5.340589569160998,580.5151,0.0032600685954093933
5.363809523809524,676.8935,0.002689782064408064
5.38702947845805,690.06305,0.002237956505268812
5.410249433106576,705.3701,0.002343675121665001
5.433469387755102,704.9495,0.002362968632951379
5.456689342403628,685.47296,0.0027530326042324305
5.479909297052155,708.6983,0.002724400022998452
5.50312925170068,683.2246,0.0023433170281350613
5.526349206349207,712.92896,0.0027819303795695305
5.5495691609977325,696.048,0.0028947261162102222
5.572789115646259,699.5367,0.002640502993017435
5.596009070294785,706.1489,0.0031292526982724667
5.61922902494331,672.0135,0.003017214359715581
5.642448979591837,688.6542,0.0029333047568798065
5.6656689342403626,680.87134,0.0029421146027743816
5.688888888888889,589.2776,0.002208139281719923
5.712108843537415,563.3746,0.0028684022836387157
5.735328798185941,542.50226,0.0028410200029611588
5.758548752834467,535.98083,0.002508406527340412
5.7817687074829935,536.61475,0.0022224332205951214
5.804988662131519,178.29132,0.001926208147779107
5.828208616780046,536.9442,0.0018733900506049395
5.851428571428571,179.10762,0.0019703758880496025
5.874648526077098,178.43907,0.00196668179705739
5.897868480725624,178.21101,0.0021386398002505302
5.92108843537415,178.03632,0.0020006359554827213
5.944308390022676,178.38351,0.0018860906129702926
5.9675283446712015,178.2535,0.002207404002547264
5.990748299319728,176.67139,0.0021932891104370356
6.013968253968254,176.50269,0.002353847026824951
6.03718820861678,176.1791,0.0023827520199120045
6.060408163265306,176.14801,0.0022397744469344616
6.0836281179138325,176.17426,0.002483296673744917
6.106848072562358,173.2833,0.0028739464469254017
6.130068027210885,167.67538,0.0016527239931747317
6.15328798185941,164.59459,0.0010200001997873187
6.176507936507937,164.53983,0.0010905421804636717
6.199727891156463,165.5799,0.0010281304130330682
6.222947845804989,165.77635,0.0009358165552839637
6.246167800453515,165.64996,0.0010060170898213983
6.269387755102041,166.15744,0.001025747274979949
6.292607709750567,166.29842,0.0010213222121819854
6.315827664399093,166.22353,0.0009732585167512298
6.339047619047619,166.10376,0.001036772970110178
6.362267573696145,166.16565,0.001072180224582553
6.3854875283446715,166.25735,0.0012722015380859375
6.408707482993197,166.51036,0.0012853926746174693
6.431927437641724,166.24557,0.0012335628271102905
6.455147392290249,166.1686,0.001562268938869238
6.478367346938776,166.82646,0.0018064492614939809
6.501587301587302,167.1212,0.0015475862892344594
6.524807256235828,165.62823,0.0009561631013639271
6.548027210884354,162.47043,0.0008686315268278122
6.57124716553288,465.53244,0.0008755516028031707
6.594467120181406,147.72313,0.0007129374425858259
6.617687074829932,149.99759,0.0007202118868008256
6.640907029478458,150.19452,0.000898507481906563
6.664126984126984,150.75372,0.0008307318203151226
6.6873469387755105,151.95166,0.0009694095933809876
6.710566893424036,456.6011,0.0009347102604806423
6.733786848072563,455.30945,0.0008181307348422706
6.757006802721088,149.4881,0.0007318364223465323
6.780226757369615,148.39545,0.0007693635416217148
6.8034467120181406,147.84552,0.000766092911362648
6.826666666666667,148.86186,0.0009546114597469568
6.849886621315193,148.75993,0.000793885556049645
6.873106575963719,149.54253,0.0008445372804999352
6.896326530612245,148.96286,0.0005791483563371003
6.9195464852607715,294.79056,0.0006970027461647987
6.942766439909297,142.23962,0.0006782325217500329
6.965986394557823,133.5461,0.0007478456245735288
6.989206349206349,126.29373,0.0006739918026141822
7.012426303854875,127.06967,0.0005348661215975881
7.035646258503402,129.09358,0.0004181519616395235
7.058866213151927,130.26834,0.0005040658288635314
7.082086167800454,464.70898,0.0004619547980837524
7.1053061224489795,129.77246,0.0004322113818489015
7.128526077097506,131.83447,0.0003954954445362091
7.151746031746032,133.44235,0.00046579251647926867
7.174965986394558,132.5418,0.00038199382834136486
7.198185941043084,133.29608,0.0004101681406609714
7.2214058956916105,133.48448,0.00048589330981485546
7.244625850340136,132.34721,0.00048207835061475635
7.267845804988662,132.61113,0.000449280982138589
7.291065759637188,132.7782,0.00047251165960915387
7.314285714285714,132.06267,0.0004441991331987083
7.337505668934241,132.8551,0.0003903806209564209
7.360725623582766,134.5184,0.00042371638119220734
7.383945578231293,135.50389,0.00035557174123823643
7.4071655328798185,135.9492,0.000341374019626528
7.430385487528345,135.75627,0.00033669715048745275
7.453605442176871,133.4932,0.0004202931886538863
7.476825396825397,130.42929,0.0005083517753519118
7.500045351473923,129.00093,0.00039434659993276
7.5232653061224495,465.7076,0.00029467663262039423
7.546485260770975,133.6442,0.00025285111041739583
7.569705215419502,136.93414,0.0002818535431288183
7.592925170068027,136.55391,0.00029254372930154204
7.616145124716553,134.00511,0.00027238469920121133
7.63936507936508,130.57056,0.0002889116294682026
7.662585034013605,129.09482,0.00025916355662047863
7.685804988662132,129.0207,0.00022199240629561245
7.7090249433106575,515.9082,0.00017873851174954325
7.732244897959184,135.27208,0.00013580867380369455
7.75546485260771,144.00783,3.983005808549933e-05
7.778684807256236,0.0,8.126832653942984e-06
7.801904761904762,0.0,1.2811760825570673e-06
7.8251247165532885,0.0,1.1006250133505091e-07
7.848344671201814,0.0,6.502159521915019e-08
7.871564625850341,0.0,5.532001523533836e-08
7.894784580498866,0.0,1.0314943210687488e-07
7.918004535147393,0.0,3.924014890799299e-08
7.9412244897959186,0.0,3.021705197170377e-08
7.964444444444444,0.0,2.813067112583667e-08
7.987664399092971,0.0,4.857429303228855e-08
8.010884353741497,0.0,3.7773133954033256e-08
8.034104308390022,0.0,6.863137969048694e-08
8.057324263038549,0.0,8.696861186763272e-08
8.080544217687075,0.0,4.5192791731096804e-08
8.103764172335602,0.0,3.5751327231992036e-08
