0.0,0.0,4.475896275835112e-08
0.023219954648526078,0.0,2.9722286853939295e-08
0.046439909297052155,0.0,5.02759576193057e-08
0.06965986394557823,0.0,7.240760169224814e-08
0.09287981859410431,0.0,5.739730113418773e-08
0.11609977324263039,0.0,6.224672688404098e-08
0.13931972789115646,0.0,3.443528839852661e-08
0.16253968253968254,0.0,4.852699930779636e-08
0.18575963718820862,0.0,3.42406565323472e-08
0.2089795918367347,0.0,4.337380232755095e-08
0.23219954648526078,0.0,1.1186239134985954e-07
0.25541950113378686,0.0,7.206472218967974e-08
0.2786394557823129,0.0,4.6566128730773926e-08
0.301859410430839,0.0,7.693779480177909e-08
0.3250793650793651,0.0,2.6667385100154206e-07
0.3482993197278912,0.0,5.607946150121279e-06
0.37151927437641724,0.0,7.411716069327667e-06
0.3947392290249433,91.450676,1.7196660337504e-05
0.4179591836734694,88.15009,2.206527096859645e-05
0.44117913832199546,88.90557,2.2801865270594135e-05
0.46439909297052157,88.43463,2.6542993509792723e-05
0.4876190476190476,88.87541,2.837972715497017e-05
0.5108390022675737,88.194275,3.017810740857385e-05
0.5340589569160998,174.43591,2.9157865355955437e-05
0.5572789115646258,87.16374,3.6156168789602816e-05
0.5804988662131519,89.70821,3.686087438836694e-05
0.603718820861678,89.471,3.2791045669000596e-05
0.626938775510204,90.04782,3.70773377653677e-05
0.6501587301587302,90.485374,3.7680554669350386e-05
0.6733786848072563,267.59033,4.310263830120675e-05
0.6965986394557824,176.0698,4.212891508359462e-05
0.7198185941043084,177.76634,3.86825340683572e-05
0.7430385487528345,89.27767,3.8969010347500443e-05
0.7662585034013606,89.626236,3.951785038225353e-05
0.7894784580498866,89.950035,4.0496644942322746e-05
0.8126984126984127,90.206566,4.652547795558348e-05
0.8359183673469388,96.03937,4.880468623014167e-05
0.8591383219954649,99.58215,4.5032473281025887e-05
0.8823582766439909,101.13465,4.86276185256429e-05
0.905578231292517,103.58408,5.794328899355605e-05
0.9287981859410431,103.1151,5.499997496372089e-05
0.9520181405895691,102.28512,7.274968811543658e-05
0.9752380952380952,101.19126,6.329412281047553e-05
0.9984580498866213,100.73711,6.482207390945405e-05
1.0216780045351475,100.301865,8.695486030774191e-05
1.0448979591836736,99.79453,7.795541023369879e-05
1.0681179138321997,99.83768,7.580778037663549e-05
1.0913378684807256,98.48657,7.921682845335454e-05
1.1145578231292517,98.43333,8.736518793739378e-05
1.1377777777777778,98.36981,7.867701060604304e-05
1.1609977324263039,98.96709,7.823188207112253e-05
1.18421768707483,100.82112,0.00011145933240186423
1.207437641723356,102.70918,7.958050264278427e-05
1.2306575963718822,105.44435,0.00011264834756730124
1.253877551020408,109.433044,0.0001245363091584295
1.2770975056689342,111.83368,0.00017318892059847713
1.3003174603174603,112.44596,0.00015583730419166386
1.3235374149659864,111.33271,0.00012088927178410813
1.3467573696145125,110.10742,0.00013658421812579036
1.3699773242630386,109.90933,0.00011011247988790274
1.3931972789115648,109.55872,0.00012617887114174664
1.4164172335600906,109.33827,0.00010634348291205242
1.4396371882086167,110.13701,0.00013651567860506475
1.4628571428571429,109.96752,0.00012288897414691746
1.486077097505669,110.52786,0.00013909359404351562
1.509297052154195,109.96516,0.00013460879563353956
1.5325170068027212,109.87939,0.00012004154996247962
1.5557369614512473,109.932,0.00015444078599102795
1.5789569160997732,110.445305,0.0001404031936544925
1.6021768707482993,110.61108,0.00017011043382808566
1.6253968253968254,110.04632,0.00013373338151723146
1.6486167800453515,110.03204,0.0001799120072973892
1.6718367346938776,110.7435,0.00019890999828930944
1.6950566893424037,114.26494,0.00018447067122906446
1.7182766439909298,119.210556,0.00024503335589542985
1.7414965986394557,121.215294,0.00029281614115461707
1.7647165532879818,121.07989,0.0002516751701477915
1.787936507936508,118.976135,0.00018631138664204627
1.811156462585034,117.23192,0.0002504697476979345
1.8343764172335602,117.35504,0.0002450337342452258
1.8575963718820863,117.30334,0.0002469582832418382
1.8808163265306124,117.68084,0.00019741100550163537
1.9040362811791383,118.82085,0.00026839986094273627
1.9272562358276644,118.938995,0.00028114841552451253
1.9504761904761905,118.909805,0.00026900722878053784
1.9736961451247166,117.97223,0.00022889736283104867
1.9969160997732427,117.465,0.0002953694493044168
2.020136054421769,117.2976,0.000286051828879863
2.043356009070295,117.75988,0.0002722961362451315
2.066575963718821,118.476074,0.00025168119464069605
2.089795918367347,120.74701,0.0004176440415903926
2.1130158730158732,124.40735,0.00039139986620284617
2.1362358276643993,127.954796,0.00032899086363613605
2.159455782312925,130.9791,0.00035678292624652386
2.182675736961451,133.01555,0.000409534084610641
2.2058956916099772,132.18721,0.0003941785835195333
2.2291156462585033,130.50958,0.0003919076989404857
2.2523356009070294,129.97514,0.00037428419454954565
2.2755555555555556,130.58498,0.00036865612491965294
2.2987755102040817,131.67592,0.00036165962228551507
2.3219954648526078,133.11153,0.00036050472408533096
2.345215419501134,133.98029,0.00036874518264085054
2.36843537414966,133.49359,0.0003938217996619642
2.391655328798186,132.43118,0.0003827068139798939
2.414875283446712,132.50378,0.00039811921305954456
2.4380952380952383,134.03088,0.00038723161560483277
2.4613151927437644,134.67427,0.00040604884270578623
2.48453514739229,134.26176,0.0004614628560375422
2.507755102040816,135.87859,0.0003609240520745516
2.5309750566893423,139.88948,0.00043010394438169897
2.5541950113378684,144.98077,0.0004998357617296278
2.5774149659863945,148.55228,0.0005007206927984953
2.6006349206349206,150.45213,0.0005325042293407023
2.6238548752834467,150.53758,0.0005024980055168271
2.647074829931973,149.29071,0.0005232181865721941
2.670294784580499,148.03429,0.000562042638193816
2.693514739229025,147.94441,0.0005079510738141835
2.716734693877551,149.1673,0.0005708655808120966
2.7399546485260773,151.25943,0.0005077248788438737
2.7631746031746034,152.41168,0.0005371043807826936
2.7863945578231295,152.2333,0.0005176621489226818
2.809614512471655,151.27422,0.0005298081086948514
2.8328344671201813,150.70236,0.0005364849930629134
2.8560544217687074,150.83023,0.0005870014429092407
2.8792743764172335,150.40634,0.000584496243391186
2.9024943310657596,150.42122,0.0006162973586469889
2.9257142857142857,150.26953,0.0006152278510853648
2.948934240362812,151.03433,0.0005863974220119417
2.972154195011338,156.1091,0.0006315931677818298
2.995374149659864,164.1988,0.0008243682095780969
3.01859410430839,170.34026,0.0008897646330296993
3.0418140589569163,173.51257,0.0009164862567558885
3.0650340136054424,173.96149,0.0009282627142965794
3.0882539682539685,170.37338,0.0008298893226310611
3.1114739229024946,167.06789,0.0007328809588216245
3.1346938775510207,165.7594,0.0007598608499392867
3.1579138321995464,166.81906,0.0009241942898370326
3.1811337868480725,169.58324,0.0009066453785635531
3.2043537414965986,172.28821,0.0008629437070339918
3.2275736961451247,172.8977,0.0009389353799633682
3.250793650793651,171.5088,0.000930067035369575
3.274013605442177,169.55464,0.0009718111250549555
3.297233560090703,169.30371,0.0010013041319325566
3.320453514739229,169.67525,0.0009913055691868067
3.3436734693877552,170.54707,0.0010246308520436287
3.3668934240362813,172.46994,0.0009613208821974695
3.3901133786848074,174.58595,0.001081438036635518
3.4133333333333336,178.58875,0.0011212556855753064
3.4365532879818597,182.78763,0.0008633758989162743
3.4597732426303858,183.4406,0.0009505455964244902
3.4829931972789114,182.02008,0.0010810071835294366
3.5062131519274375,180.34264,0.001138234743848443
3.5294331065759637,180.64302,0.0011082965647801757
3.5526530612244898,181.2141,0.00104648491833359
3.575873015873016,180.23065,0.0010828180238604546
3.599092970521542,180.50085,0.0010487595573067665
3.622312925170068,180.9138,0.001156106241978705
3.645532879818594,181.37228,0.0012440853752195835
3.6687528344671203,181.61877,0.001194407930597663
3.6919727891156464,181.71304,0.001213262788951397
3.7151927437641725,181.00053,0.0012595473090186715
3.7384126984126986,179.36221,0.001369300065562129
3.7616326530612247,178.539,0.0014042697148397565
3.784852607709751,178.09659,0.0014044311828911304
3.8080725623582765,178.69916,0.0013619785895571113
3.8312925170068026,180.03772,0.001271560089662671
3.8545124716553287,184.4679,0.0010435746517032385
3.877732426303855,190.13046,0.0009392421343363822
3.900952380952381,196.57123,0.0007960921502672136
3.924172335600907,203.93457,0.0005574407987296581
3.947392290249433,207.51936,0.0006008038762956858
3.9706122448979593,204.10362,0.0007346488418988883
3.9938321995464854,200.58171,0.0009016119875013828
4.017052154195011,197.36902,0.0008594560204073787
4.040272108843538,195.36371,0.0009130374528467655
4.063492063492063,195.51732,0.0007329481886699796
4.08671201814059,196.98944,0.0008002898539416492
4.1099319727891155,199.699,0.0006712297326885164
4.133151927437642,202.14183,0.0005527656758204103
4.156371882086168,202.25919,0.0006851963698863983
4.179591836734694,201.98773,0.0006866719340905547
4.20281179138322,201.4273,0.0006424247403629124
4.2260317460317465,200.04453,0.00076308473944664
4.249251700680272,200.52592,0.0006691796006634831
4.272471655328799,201.6369,0.0005681788315996528
4.295691609977324,200.8644,0.0007986344862729311
4.31891156462585,196.91891,0.0008953383076004684
4.342131519274377,190.23158,0.0015371348708868027
4.365351473922902,181.49435,0.0013395532732829452
4.388571428571429,178.36781,0.0012838649563491344
4.4117913832199545,179.77782,0.001208705478347838
4.435011337868481,180.84192,0.001113255275413394
4.458231292517007,179.72786,0.0011730717960745096
4.481451247165533,178.50179,0.001184301101602614
4.504671201814059,178.61465,0.0011171625228598714
4.527891156462585,178.85716,0.0011031387839466333
4.551111111111111,179.40308,0.0010885788360610604
4.574331065759638,179.34045,0.0011142408475279808
4.597551020408163,178.27313,0.0011247684014961123
4.62077097505669,177.9365,0.0012161071645095944
4.6439909297052155,178.8472,0.0011819067876785994
4.667210884353741,177.94014,0.0010989730944857001
4.690430839002268,176.747,0.001077870256267488
4.713650793650793,177.53294,0.0010808102088049054
4.73687074829932,177.61969,0.0010246926685795188
4.760090702947846,174.0506,0.0007437844760715961
4.783310657596372,169.15723,0.0006089919479563832
4.806530612244898,166.97676,0.000540965935215354
4.829750566893424,166.54137,0.0005048903403803706
4.85297052154195,166.61789,0.0005113425431773067
4.876190476190477,166.75865,0.0005782881053164601
4.899410430839002,167.79005,0.0006337498780339956
4.922630385487529,168.69759,0.0006231375737115741
4.9458503401360545,168.50758,0.0005969638004899025
4.96907029478458,168.00607,0.0006198101909831166
4.992290249433107,167.97684,0.0006175312446430326
5.015510204081632,167.82831,0.000623001717031002
5.038730158730159,167.87404,0.0006174826994538307
5.061950113378685,168.61394,0.000662217615172267
5.085170068027211,169.42198,0.0006566044175997376
5.108390022675737,169.99214,0.0005615259287878871
5.131609977324263,169.23213,0.0004871911369264126
5.154829931972789,165.95161,0.0004334333643782884
5.178049886621316,158.84854,0.00046967220259830356
5.201269841269841,148.899,0.00035873710294254124
5.224489795918368,148.98796,0.00031540944473817945
5.2477097505668935,148.73209,0.00035888381535187364
5.27092970521542,150.04848,0.00028992528677918017
5.294149659863946,150.53879,0.00033177004661411047
5.317369614512471,150.3668,0.00027431067428551614
5.340589569160998,150.25197,0.0003167711547575891
5.363809523809524,149.75803,0.00027148600202053785
5.38702947845805,149.69905,0.00031827844213694334
5.410249433106576,149.96997,0.0002854980411939323
5.433469387755102,150.79405,0.00033157464349642396
5.456689342403628,150.81746,0.0002780325012281537
5.479909297052155,150.6399,0.0003167457180097699
5.50312925170068,150.03117,0.00025813188403844833
5.526349206349207,148.16536,0.00026361853815615177
5.5495691609977325,146.37003,0.00019092299044132233
5.572789115646259,144.43272,0.00021168668172322214
5.596009070294785,140.35536,0.0002703255449887365
5.61922902494331,135.74248,0.00029511222965084016
5.642448979591837,135.15215,0.00019685245933942497
5.6656689342403626,137.30978,0.0002083214494632557
5.688888888888889,136.46057,0.000273585959803313
5.712108843537415,134.0216,0.0002815057523548603
5.735328798185941,133.8825,0.00030268970294855535
5.758548752834467,133.70094,0.0003039648581761867
5.7817687074829935,133.61475,0.0003533012932166457
5.804988662131519,133.55258,0.000334945012582466
5.828208616780046,134.3345,0.0003239715879317373
5.851428571428571,134.03139,0.00031399086583405733
5.874648526077098,133.88159,0.00031507472158409655
5.897868480725624,134.00845,0.00029472418827936053
5.92108843537415,134.17496,0.000333356496412307
5.944308390022676,133.05801,0.000383638747734949
5.9675283446712015,130.71169,0.00031593668973073363
5.990748299319728,127.71194,0.00019549524586182088
6.013968253968254,122.732,0.00018982274923473597
6.03718820861678,118.218506,0.00016024173237383366
6.060408163265306,116.723465,0.00016018764290492982
6.0836281179138325,118.30353,0.000150350941112265
6.106848072562358,119.56894,0.00015089572116266936
6.130068027210885,119.76858,0.0001439984334865585
6.15328798185941,119.59453,0.0001503755629528314
6.176507936507937,119.60192,0.0001651682541705668
6.199727891156463,119.40988,0.00016179938393179327
6.222947845804989,118.79627,0.00014473163173533976
6.246167800453515,118.26689,0.0001589797029737383
6.269387755102041,117.64795,0.00016499892808496952
6.292607709750567,118.31251,0.00016080743807833642
6.315827664399093,118.5346,0.00016414234414696693
6.339047619047619,120.06412,0.00014311852282844484
6.362267573696145,119.788506,0.00017281317559536546
6.3854875283446715,118.32553,0.00015918152348604053
6.408707482993197,117.7361,0.0001383720664307475
6.431927437641724,115.3237,0.00015334883937612176
6.455147392290249,112.72863,0.00014664142508991063
6.478367346938776,112.80117,0.00013010806287638843
6.501587301587302,114.82978,0.00015163980424404144
6.524807256235828,113.791595,0.00014739256585016847
6.548027210884354,113.50362,0.0001229883637279272
6.57124716553288,113.805954,0.00016686244634911418
6.594467120181406,113.99958,0.00015676842303946614
6.617687074829932,113.673065,0.00011784625530708581
6.640907029478458,112.22116,0.00014771157293580472
6.664126984126984,112.059845,0.0001147379880421795
6.6873469387755105,111.56593,0.0001591620675753802
6.710566893424036,112.281235,0.00015564143541269004
6.733786848072563,112.549065,0.00012830327614210546
6.757006802721088,113.8802,0.00015592132695019245
6.780226757369615,113.65902,0.00012032972881570458
6.8034467120181406,111.69948,0.00015465941396541893
6.826666666666667,107.57992,0.0001567718427395448
6.849886621315193,104.364716,0.00015219475608319044
6.873106575963719,100.848206,9.375045192427933e-05
6.896326530612245,97.8606,7.686193566769361e-05
6.9195464852607715,97.74954,0.00010674327495507896
6.942766439909297,99.62315,0.00010282496077707037
6.965986394557823,100.50969,0.00010827631922438741
6.989206349206349,99.826904,0.00012041015725117177
7.012426303854875,100.439354,0.0001101756643038243
7.035646258503402,99.87384,0.00010100665531354025
7.058866213151927,99.569534,0.00011634506518021226
7.082086167800454,99.83987,0.00014799096970818937
7.1053061224489795,101.06427,0.00013161507376935333
7.128526077097506,101.28727,0.0001547263382235542
7.151746031746032,100.99536,0.00014302768977358937
7.174965986394558,100.524605,0.00012862085714004934
7.198185941043084,100.61542,0.00016059266636148095
7.2214058956916105,101.25785,0.00014810166612733155
7.244625850340136,100.62581,0.00012037783744744956
7.267845804988662,98.893814,0.00010846617806237191
7.291065759637188,96.922935,0.00010140416270587593
7.314285714285714,93.95916,7.435151201207191e-05
7.337505668934241,93.64347,7.142071262933314e-05
7.360725623582766,91.406235,7.075422035995871e-05
7.383945578231293,90.76585,6.133614078862593e-05
7.4071655328798185,90.75968,6.025772381690331e-05
7.430385487528345,91.9469,6.094292621128261e-05
7.453605442176871,91.113625,6.552382546942681e-05
7.476825396825397,91.43502,5.583418169408105e-05
7.500045351473923,92.791695,5.938086906098761e-05
7.5232653061224495,90.924194,5.8861609431914985e-05
7.546485260770975,89.74821,6.980288890190423e-05
7.569705215419502,88.63004,6.318841769825667e-05
7.592925170068027,90.23967,5.899407551623881e-05
7.616145124716553,90.95697,6.022359593771398e-05
7.63936507936508,90.03173,6.362123531289399e-05
7.662585034013605,90.02305,6.608625699300319e-05
7.685804988662132,90.83204,7.19924719305709e-05
7.7090249433106575,89.944496,6.37149641988799e-05
7.732244897959184,90.10551,6.677354394923896e-05
7.75546485260771,91.098206,6.1061728047207e-05
7.778684807256236,90.14307,6.450601358665153e-05
7.801904761904762,90.198975,5.883507401449606e-05
7.8251247165532885,89.5057,6.05705427005887e-05
7.848344671201814,90.8808,5.7404886320000514e-05
7.871564625850341,90.35347,5.5711767345201224e-05
7.894784580498866,89.2413,5.5402219004463404e-05
7.918004535147393,89.25907,6.034502439433709e-05
7.9412244897959186,91.08311,6.693698378512636e-05
7.964444444444444,91.587204,5.513262658496387e-05
7.987664399092971,90.92622,5.199491715757176e-05
8.010884353741497,91.91376,5.40480250492692e-05
8.034104308390022,90.78691,5.559757482842542e-05
8.057324263038549,90.897026,4.915285899187438e-05
8.080544217687075,91.01299,4.502155934460461e-05
8.103764172335602,91.66273,3.83289298042655e-05
8.126984126984127,95.1703,1.528835855424404e-05
8.150204081632653,0.0,1.721669832477346e-06
8.17342403628118,0.0,6.521768227685243e-07
8.196643990929706,0.0,1.931784936459735e-07
8.219863945578231,0.0,6.037680577719584e-08
8.243083900226758,0.0,2.4780092644505203e-08
8.266303854875284,0.0,1.1813972378149629e-07
8.289523809523809,0.0,5.860329110873863e-08
8.312743764172335,0.0,3.3952346711885184e-08
8.335963718820862,0.0,3.408058546483517e-08
8.359183673469389,0.0,2.5902409106492996e-08
8.382403628117913,0.0,1.269681888516061e-07
8.40562358276644,0.0,2.0880634110653773e-07
8.428843537414966,0.0,4.336507117841393e-07
8.452063492063493,0.0,5.860674718860537e-07
8.475283446712018,0.0,2.4437940737698227e-07
