0.0,0.0,1.912303559947759e-08
0.023219954648526078,0.0,1.0585608833935112e-08
0.046439909297052155,0.0,2.0821062207687646e-08
0.06965986394557823,0.0,2.8300746635068208e-08
0.09287981859410431,0.0,1.0083567758556455e-08
0.11609977324263039,0.0,2.801607479341328e-08
0.13931972789115646,0.0,2.7706846594810486e-08
0.16253968253968254,0.0,9.685209079179913e-09
0.18575963718820862,0.0,1.9597791833803058e-08
0.2089795918367347,0.0,1.5743353287689388e-08
0.23219954648526078,0.0,3.617878974182531e-08
0.25541950113378686,0.0,3.0654518923256546e-08
0.2786394557823129,0.0,5.345282261259854e-08
0.301859410430839,0.0,3.2816387829370797e-08
0.3250793650793651,0.0,5.967012839391828e-08
0.3482993197278912,0.0,9.369863619212992e-06
0.37151927437641724,367.0205,2.7875259547727183e-05
0.3947392290249433,358.9896,4.004951915703714e-05
0.4179591836734694,352.97836,5.149939170223661e-05
0.44117913832199546,347.40778,6.429657514672726e-05
0.46439909297052157,343.60364,7.573454058729112e-05
0.4876190476190476,343.41916,9.767815208761021e-05
0.5108390022675737,348.07257,0.00010599629604257643
0.5340589569160998,355.54877,0.00010273115913150832
0.5572789115646258,359.16,0.00011458637891337276
0.5804988662131519,358.31125,0.00012852578947786242
0.603718820861678,363.03894,0.00015368073945865035
0.626938775510204,375.75662,0.0001537190837552771
0.6501587301587302,393.2814,0.00022119030472822487
0.6733786848072563,403.66754,0.00023434188915416598
0.6965986394557824,405.9165,0.00021686835680156946
0.7198185941043084,398.5745,0.00022789670038037002
0.7430385487528345,394.1954,0.0002388942812103778
0.7662585034013606,400.90582,0.00026624518795870245
0.7894784580498866,420.3452,0.0002925815060734749
0.8126984126984127,444.79324,0.0004575086059048772
0.8359183673469388,455.6838,0.00039933493826538324
0.8591383219954649,457.19128,0.00039871202898211777
0.8823582766439909,444.08417,0.0003304077254142612
0.905578231292517,436.93024,0.0003079346497543156
0.9287981859410431,448.25864,0.000549697782844305
0.9520181405895691,483.87985,0.0005545966560021043
0.9752380952380952,504.88715,0.0008229357772506773
0.9984580498866213,506.99716,0.0006372610805556178
1.0216780045351475,498.85913,0.00035051387385465205
1.0448979591836736,483.8223,0.0004070541472174227
1.0681179138321997,488.02875,0.0006739722448401153
1.0913378684807256,510.20328,0.0017022088868543506
1.1145578231292517,533.1162,0.003303135745227337
1.1377777777777778,547.438,0.003696922678500414
1.1609977324263039,548.684,0.0027222703211009502
1.18421768707483,539.4914,0.0019750697538256645
1.207437641723356,531.4277,0.002888558665290475
1.2306575963718822,544.81366,0.00615555327385664
1.253877551020408,571.0811,0.00633189408108592
1.2770975056689342,597.54816,0.009001271799206734
1.3003174603174603,610.7717,0.010787070728838444
1.3235374149659864,611.3323,0.00903492234647274
1.3467573696145125,596.36035,0.0061799343675374985
1.3699773242630386,588.5129,0.009778489358723164
1.3931972789115648,614.3819,0.01578333228826523
1.4164172335600906,655.84344,0.030791714787483215
1.4396371882086167,676.41144,0.04478061571717262
1.4628571428571429,680.70807,0.03581955283880234
1.486077097505669,669.65717,0.01546910684555769
1.509297052154195,649.37555,0.016454029828310013
1.5325170068027212,656.1908,0.03838729485869408
1.5557369614512473,682.02136,0.039137694984674454
1.5789569160997732,721.74854,0.04632090777158737
1.6021768707482993,736.1849,0.0422753170132637
1.6253968253968254,736.3726,0.035282157361507416
1.6486167800453515,723.9777,0.03942469134926796
1.6718367346938776,729.5479,0.06378043442964554
1.6950566893424037,765.5878,0.08645851910114288
1.7182766439909298,806.3441,0.07775450497865677
1.7414965986394557,823.5224,0.09213165193796158
1.7647165532879818,820.1025,0.11901307851076126
1.787936507936508,785.39545,0.10557252168655396
1.811156462585034,770.6828,0.13074958324432373
1.8343764172335602,779.7933,0.15087206661701202
1.8575963718820863,793.48364,0.14678281545639038
1.8808163265306124,802.9312,0.13901478052139282
1.9040362811791383,793.23755,0.12004970014095306
1.9272562358276644,746.3708,0.05739253759384155
1.9504761904761905,703.2428,0.06140265613794327
1.9736961451247166,698.15186,0.06479885429143906
1.9969160997732427,707.3164,0.051230769604444504
2.020136054421769,720.4576,0.068937748670578
2.043356009070295,723.7585,0.062061429023742676
2.066575963718821,714.4936,0.049588337540626526
2.089795918367347,691.3159,0.06196637079119682
2.1130158730158732,667.9012,0.03421992063522339
2.1362358276643993,655.44305,0.03758823126554489
2.159455782312925,663.84595,0.05803243815898895
2.182675736961451,678.858,0.06524951756000519
2.2058956916099772,684.10095,0.05402497947216034
2.2291156462585033,671.6708,0.02406928688287735
2.2523356009070294,631.34753,0.02159491926431656
2.2755555555555556,591.7336,0.016556445509195328
2.2987755102040817,581.8561,0.017021430656313896
2.3219954648526078,591.0598,0.016469761729240417
2.345215419501134,605.16833,0.020970501005649567
2.36843537414966,610.79803,0.01716345176100731
2.391655328798186,597.1745,0.011571167036890984
2.414875283446712,567.91797,0.007234965451061726
2.4380952380952383,528.4675,0.004095141775906086
2.4613151927437644,518.4621,0.004547354765236378
2.48453514739229,524.9752,0.006638254504650831
2.507755102040816,538.0326,0.006553538143634796
2.5309750566893423,543.90106,0.004747127648442984
2.5541950113378684,531.59015,0.0024914960376918316
2.5774149659863945,487.59003,0.0008130352944135666
2.6006349206349206,462.9753,0.000915936310775578
2.6238548752834467,463.2698,0.0008009009761735797
2.647074829931973,479.09592,0.0010043096262961626
2.670294784580499,495.06543,0.0014541433192789555
2.693514739229025,498.90445,0.0009276697528548539
2.716734693877551,485.54294,0.0006380323320627213
2.7399546485260773,459.56964,0.0006997513701207936
2.7631746031746034,438.5777,0.0004738250863738358
2.7863945578231295,436.11688,0.0005926599260419607
2.809614512471655,446.64072,0.0008821148658171296
2.8328344671201813,454.35367,0.0007071953732520342
2.8560544217687074,452.55566,0.0006530133541673422
2.8792743764172335,422.15802,0.0004148851439822465
2.9024943310657596,391.20636,0.0003368085017427802
2.9257142857142857,383.3374,0.0002876875805668533
2.948934240362812,391.33298,0.00030615137075074017
2.972154195011338,403.57455,0.00027845142176374793
2.995374149659864,406.06488,0.00022398430155590177
3.01859410430839,391.31326,0.00018813341739587486
3.0418140589569163,359.6295,0.0001716672268230468
3.0650340136054424,345.70688,0.00013519369531422853
3.0882539682539685,340.4523,0.00016201742982957512
3.1114739229024946,346.9824,0.00020332913845777512
3.1346938775510207,357.94937,0.0001611807383596897
3.1579138321995464,361.33688,0.0001517807977506891
3.1811337868480725,352.4479,0.00011928183812415227
3.2043537414965986,341.21808,8.125641033984721e-05
3.2275736961451247,334.80505,0.00010421259503345937
3.250793650793651,342.79703,0.00019312383665237576
3.274013605442177,360.00745,0.00016272866923827678
3.297233560090703,376.1188,0.0001471933937864378
3.320453514739229,377.5903,0.0001550035667605698
3.3436734693877552,360.9765,0.00013350053632166237
3.3668934240362813,337.8377,5.7284010836156085e-05
3.3901133786848074,328.14343,5.347492697183043e-05
3.4133333333333336,334.72748,0.00013181002577766776
3.4365532879818597,353.51834,0.00017269322415813804
3.4597732426303858,373.25974,0.00014215835835784674
3.4829931972789114,380.14478,0.00014105135051067919
3.5062131519274375,369.93866,0.00015291344607248902
3.5294331065759637,348.72443,7.511156582040712e-05
3.5526530612244898,334.24878,5.8079986047232524e-05
3.575873015873016,336.76453,0.00013581561506725848
3.599092970521542,358.1644,0.00013151859457138926
3.622312925170068,379.55203,9.206085815094411e-05
3.645532879818594,381.2887,4.393195195007138e-05
3.6687528344671203,0.0,1.7437705537304282e-06
3.6919727891156464,0.0,2.4264591047540307e-07
3.7151927437641725,0.0,3.38141035172157e-07
3.7384126984126986,0.0,6.243313691811636e-06
3.7616326530612247,23.559877,1.2466792213672306e-05
3.784852607709751,0.0,8.84894689079374e-06
3.8080725623582765,0.0,5.232259354670532e-07
3.8312925170068026,0.0,1.0035309969680384e-06
3.8545124716553287,0.0,3.4876575227826834e-07
3.877732426303855,0.0,4.862931746174581e-07
3.900952380952381,0.0,1.8176433513872325e-07
3.924172335600907,0.0,2.2942003852222115e-08
3.947392290249433,0.0,1.1190422810614109e-08
3.9706122448979593,0.0,1.5997102309484035e-08
3.9938321995464854,0.0,2.7544047043193132e-08
4.017052154195011,0.0,4.015146259916946e-08
4.040272108843538,0.0,3.804416337516159e-08
4.063492063492063,0.0,4.365119821159169e-08
4.08671201814059,0.0,1.6568264982197434e-08
4.1099319727891155,0.0,8.571987564209849e-09
4.133151927437642,0.0,1.0264557204209268e-08
4.156371882086168,0.0,1.0425537766423076e-08
4.179591836734694,0.0,1.551688910694793e-08
4.20281179138322,0.0,2.2422682377509773e-08
4.2260317460317465,0.0,1.409171090926975e-08
4.249251700680272,0.0,1.5819750842638314e-08
4.272471655328799,0.0,1.510761649115011e-08
