0.0,0.0,3.794593794737011e-08
0.023219954648526078,0.0,1.1030169844161719e-07
0.046439909297052155,0.0,9.542964107822627e-08
0.06965986394557823,0.0,9.103314368985593e-08
0.09287981859410431,0.0,8.329425327247009e-08
0.11609977324263039,0.0,2.2827407519798726e-08
0.13931972789115646,0.0,5.928359314566478e-08
0.16253968253968254,0.0,6.045138434274122e-08
0.18575963718820862,0.0,7.602648111060262e-08
0.2089795918367347,0.0,9.819996193982661e-08
0.23219954648526078,0.0,2.741071511991322e-06
0.25541950113378686,282.91653,3.962847767979838e-05
0.2786394557823129,268.50766,5.991094803903252e-05
0.301859410430839,266.352,7.596227078465745e-05
0.3250793650793651,266.4408,7.977620407473296e-05
0.3482993197278912,266.14212,8.506650920026004e-05
0.37151927437641724,263.49292,8.257734589278698e-05
0.3947392290249433,259.3373,8.408130088355392e-05
0.4179591836734694,257.77225,9.803846478462219e-05
0.44117913832199546,263.51385,0.0001510894508101046
0.46439909297052157,276.89783,0.00015653147420380265
0.4876190476190476,296.67636,0.00013743404997512698
0.5108390022675737,307.86414,0.00011429945152485743
0.5340589569160998,306.97455,0.00014698124141432345
0.5572789115646258,299.38196,0.0001807204680517316
0.5804988662131519,296.757,0.00016702739230822772
0.603718820861678,309.66998,0.0001923579111462459
0.626938775510204,331.29672,0.00046579301124438643
0.6501587301587302,343.50327,0.000625185261014849
0.6733786848072563,347.94626,0.0005516833043657243
0.6965986394557824,344.22708,0.0005262776394374669
0.7198185941043084,337.75177,0.0005001149256713688
0.7430385487528345,338.9622,0.0007694851374253631
0.7662585034013606,353.44553,0.0008005390409380198
0.7894784580498866,372.56143,0.0008011035970412195
0.8126984126984127,383.04117,0.0007380272727459669
0.8359183673469388,381.08636,0.0007852112757973373
0.8591383219954649,368.70685,0.0009541883482597768
0.8823582766439909,364.37888,0.001053599058650434
0.905578231292517,373.45102,0.0007889580447226763
0.9287981859410431,395.4408,0.001105409231968224
0.9520181405895691,410.2272,0.0012279413640499115
0.9752380952380952,414.25308,0.0012091867392882705
0.9984580498866213,403.72342,0.0009617405012249947
1.0216780045351475,395.08304,0.0010864497162401676
1.0448979591836736,403.1058,0.0011989661725237966
1.0681179138321997,422.15555,0.0012065236223861575
1.0913378684807256,445.01138,0.002188208047300577
1.1145578231292517,456.64883,0.0022601343225687742
1.1377777777777778,462.22958,0.0020992779172956944
1.1609977324263039,458.2575,0.00254541402682662
1.18421768707483,457.26663,0.002647286280989647
1.207437641723356,475.90863,0.0028603170067071915
1.2306575963718822,505.01886,0.005870097782462835
1.253877551020408,520.94604,0.007754190359264612
1.2770975056689342,526.3065,0.005539854988455772
1.3003174603174603,513.19214,0.003805760992690921
1.3235374149659864,500.01703,0.0034607129637151957
1.3467573696145125,502.36905,0.005958139430731535
1.3699773242630386,523.35693,0.015067171305418015
1.3931972789115648,547.5092,0.03280012309551239
1.4164172335600906,561.9829,0.04091966152191162
1.4396371882086167,568.27344,0.04110916703939438
1.4628571428571429,564.1519,0.036996256560087204
1.486077097505669,561.834,0.04527733847498894
1.509297052154195,574.7623,0.03903443366289139
1.5325170068027212,610.7704,0.05077933520078659
1.5557369614512473,633.22955,0.05130140483379364
1.5789569160997732,635.9855,0.05891279876232147
1.6021768707482993,616.3879,0.05488211661577225
1.6253968253968254,587.9429,0.05211298167705536
1.6486167800453515,576.5639,0.05837971344590187
1.6718367346938776,585.55853,0.05574712157249451
1.6950566893424037,603.44476,0.07836885750293732
1.7182766439909298,614.52167,0.0676722526550293
1.7414965986394557,610.04694,0.052853506058454514
1.7647165532879818,573.48346,0.04062337428331375
1.787936507936508,546.76447,0.018740002065896988
1.811156462585034,535.26965,0.02511870302259922
1.8343764172335602,541.5912,0.039581555873155594
1.8575963718820863,553.215,0.05061491206288338
1.8808163265306124,556.4624,0.039217688143253326
1.9040362811791383,545.446,0.014667453244328499
1.9272562358276644,506.78378,0.004045303910970688
1.9504761904761905,478.58847,0.004300728440284729
1.9736961451247166,480.76846,0.005627852398902178
1.9969160997732427,500.72806,0.013517236337065697
2.020136054421769,515.41565,0.01629449799656868
2.043356009070295,522.157,0.009741714224219322
2.066575963718821,504.79913,0.003301065880805254
2.089795918367347,456.44495,0.002403027843683958
2.1130158730158732,430.22925,0.0017823027446866035
2.1362358276643993,430.38446,0.0024427915923297405
2.159455782312925,447.7238,0.004360431805253029
2.182675736961451,454.2142,0.0037476634606719017
2.2058956916099772,448.57202,0.0022207587026059628
2.2291156462585033,417.83563,0.0016807999927550554
2.2523356009070294,389.44727,0.0014718149323016405
2.2755555555555556,384.23337,0.0013155362103134394
2.2987755102040817,392.78806,0.0013185878051444888
2.3219954648526078,405.48712,0.0013277551624923944
2.345215419501134,410.32773,0.0011628111824393272
2.36843537414966,397.7127,0.0011204485781490803
2.391655328798186,375.89944,0.0010479913325980306
2.414875283446712,360.7164,0.0008706622757017612
2.4380952380952383,355.44833,0.000741054187528789
2.4613151927437644,360.87604,0.0008675031131133437
2.48453514739229,368.64105,0.0010437888558954
2.507755102040816,369.39935,0.001085826545022428
2.5309750566893423,359.9968,0.0006723771221004426
2.5541950113378684,338.8196,0.0003260610974393785
2.5774149659863945,325.54727,0.00023460756347049028
2.6006349206349206,326.93604,0.00036694275331683457
2.6238548752834467,336.7671,0.0005153627716936171
2.647074829931973,340.94516,0.00046734692296013236
2.670294784580499,335.2819,0.00023263372713699937
2.693514739229025,317.82986,0.0002466622681822628
2.716734693877551,298.58582,0.00035586091689765453
2.7399546485260773,288.3465,0.0003496221615932882
2.7631746031746034,289.4288,0.0002854993799701333
2.7863945578231295,294.3947,0.0002975467359647155
2.809614512471655,295.7753,0.0002902131527662277
2.8328344671201813,289.6158,0.00039214384742081165
2.8560544217687074,275.3888,0.00033670832635834813
2.8792743764172335,264.45145,0.0003468120994511992
2.9024943310657596,260.04465,0.000311377429170534
2.9257142857142857,265.9225,0.00031585374381393194
2.948934240362812,274.65344,0.00035523969563655555
2.972154195011338,278.18723,0.000311259034788236
2.995374149659864,273.84027,0.00031417590798810124
3.01859410430839,264.04755,0.0002882944536395371
3.0418140589569163,252.70065,0.0002796106564346701
3.0650340136054424,252.46576,0.00028483307687565684
3.0882539682539685,263.5462,0.00029485090635716915
3.1114739229024946,273.90332,0.0003154217847622931
3.1346938775510207,278.65396,0.00031705020228400826
3.1579138321995464,275.3298,0.0003623615484684706
3.1811337868480725,264.75284,0.000303902430459857
3.2043537414965986,252.35732,0.0002928995818365365
3.2275736961451247,248.126,0.0003469704242888838
3.250793650793651,254.1361,0.0002740424533840269
3.274013605442177,271.32098,0.00030431748018600047
3.297233560090703,282.42166,0.00021442657453007996
3.320453514739229,286.69785,0.00025059643667191267
3.3436734693877552,275.14865,0.00026629772037267685
3.3668934240362813,259.6008,0.00020337189198471606
3.3901133786848074,247.50774,0.000245548173552379
3.4133333333333336,251.07765,0.0002230028621852398
3.4365532879818597,269.43964,0.00019857888401020318
3.4597732426303858,283.43713,0.0001418544416083023
3.4829931972789114,287.72208,0.0001128417716245167
3.5062131519274375,266.53223,3.053521504625678e-05
3.5294331065759637,0.0,1.9844510461553e-06
3.5526530612244898,0.0,4.5339857024373487e-07
3.575873015873016,0.0,3.5259108699392527e-07
3.599092970521542,0.0,1.13598071038723e-06
3.622312925170068,0.0,8.076112862909213e-07
3.645532879818594,0.0,1.2023238014080562e-06
3.6687528344671203,0.0,2.3209149730973877e-06
3.6919727891156464,0.0,4.669336703955196e-07
3.7151927437641725,0.0,6.672426025033928e-07
3.7384126984126986,0.0,1.4872603060211986e-07
3.7616326530612247,0.0,1.308753780904226e-07
3.784852607709751,0.0,6.723712431266904e-08
3.8080725623582765,0.0,9.684572432888672e-08
3.8312925170068026,0.0,7.506241672672331e-08
3.8545124716553287,0.0,5.1562892622314394e-08
3.877732426303855,0.0,9.556060831528157e-08
3.900952380952381,0.0,4.475987225305289e-08
3.924172335600907,0.0,7.64403011999093e-08
3.947392290249433,0.0,9.395444067195058e-08
3.9706122448979593,0.0,6.029040378052741e-09
