0.0,0.0,1.863281795522198e-07
0.023219954648526078,0.0,8.442839316558093e-08
0.046439909297052155,0.0,4.483081283979118e-08
0.06965986394557823,0.0,2.0502830011537299e-07
0.09287981859410431,0.0,6.037907951395027e-07
0.11609977324263039,0.0,5.72235876461491e-07
0.13931972789115646,0.0,4.250705387676135e-08
0.16253968253968254,0.0,1.0824624041561037e-07
0.18575963718820862,0.0,1.1368229024810717e-07
0.2089795918367347,0.0,9.4229108071886e-08
0.23219954648526078,0.0,8.466486178804189e-08
0.25541950113378686,0.0,1.9699291442520916e-07
0.2786394557823129,0.0,1.9011104086530395e-06
0.301859410430839,271.44495,0.00026784755755215883
0.3250793650793651,538.3558,0.0008336853934451938
0.3482993197278912,270.83316,0.0013414969434961677
0.37151927437641724,270.538,0.0009728922741487622
0.3947392290249433,269.01886,0.0010438349563628435
0.4179591836734694,271.83713,0.0017838210333138704
0.44117913832199546,281.30228,0.002997651696205139
0.46439909297052157,294.7258,0.0029484524857252836
0.4876190476190476,302.8065,0.003625093260779977
0.5108390022675737,304.5338,0.0026513217017054558
0.5340589569160998,298.7219,0.001588188810274005
0.5572789115646258,296.16943,0.0016397279687225819
0.5804988662131519,304.20798,0.001848455285653472
0.603718820861678,323.27597,0.0011993570951744914
0.626938775510204,336.99582,0.001592537621036172
0.6501587301587302,337.15146,0.0016162117244675756
0.6733786848072563,329.6439,0.001033830689266324
0.6965986394557824,328.78796,0.0012814440997317433
0.7198185941043084,342.39572,0.0013578864745795727
0.7430385487528345,359.45535,0.001115497201681137
0.7662585034013606,363.381,0.0014702507760375738
0.7894784580498866,352.3328,0.001447469461709261
0.8126984126984127,344.56512,0.0014513169880956411
0.8359183673469388,351.23523,0.0013065290404483676
0.8591383219954649,738.6771,0.0017425970872864127
0.8823582766439909,392.69632,0.0020462877582758665
0.905578231292517,404.64304,0.002006006892770529
0.9287981859410431,409.238,0.0019747354090213776
0.9520181405895691,403.26147,0.002121984027326107
0.9752380952380952,401.12143,0.0017913494957610965
0.9984580498866213,417.49924,0.002111228182911873
1.0216780045351475,443.0138,0.0028885623905807734
1.0448979591836736,456.27322,0.002462848089635372
1.0681179138321997,460.2153,0.0021450971253216267
1.0913378684807256,449.1059,0.002281966619193554
1.1145578231292517,444.0254,0.002143177902325988
1.1377777777777778,479.80994,0.0024071456864476204
1.1609977324263039,511.4502,0.005057048983871937
1.18421768707483,529.87683,0.006410383619368076
1.207437641723356,522.015,0.0022306994069367647
1.2306575963718822,502.71445,0.0027802379336208105
1.253877551020408,509.5188,0.0041207121685147285
1.2770975056689342,530.8995,0.019108273088932037
1.3003174603174603,556.1311,0.032708413898944855
1.3235374149659864,564.2524,0.026024645194411278
1.3467573696145125,552.20795,0.013978244736790657
1.3699773242630386,541.14685,0.009941983968019485
1.3931972789115648,541.2272,0.009275744669139385
1.4164172335600906,571.00806,0.012953490018844604
1.4396371882086167,617.33527,0.01193992979824543
1.4628571428571429,646.33124,0.00793762318789959
1.486077097505669,644.37463,0.010418761521577835
1.509297052154195,613.833,0.010423793457448483
1.5325170068027212,600.73236,0.01036478765308857
1.5557369614512473,598.58136,0.010779022239148617
1.5789569160997732,601.3831,0.013439426198601723
1.6021768707482993,596.11774,0.020796947181224823
1.6253968253968254,573.985,0.015340970829129219
1.6486167800453515,544.7725,0.007690541911870241
1.6718367346938776,529.89014,0.009935203939676285
1.6950566893424037,532.4355,0.010317700915038586
1.7182766439909298,533.4194,0.009121259674429893
1.7414965986394557,531.6047,0.005656672641634941
1.7647165532879818,520.5142,0.001977235544472933
1.787936507936508,497.73834,0.0031700674444437027
1.811156462585034,493.73978,0.003095468273386359
1.8343764172335602,493.40933,0.0030252584256231785
1.8575963718820863,493.26657,0.002671521157026291
1.8808163265306124,482.68427,0.002200840972363949
1.9040362811791383,458.68625,0.0032005109824240208
1.9272562358276644,446.13272,0.0033484071027487516
1.9504761904761905,443.05655,0.0034031339455395937
1.9736961451247166,445.14294,0.0036132289096713066
1.9969160997732427,444.13324,0.002927229506894946
2.020136054421769,428.02103,0.001793767441995442
2.043356009070295,407.9886,0.002015163656324148
2.066575963718821,397.00217,0.002107740379869938
2.089795918367347,397.75598,0.001918872818350792
2.1130158730158732,401.00403,0.0016676238738000393
2.1362358276643993,394.36194,0.0015255749458447099
2.159455782312925,374.85437,0.0012509864754974842
2.182675736961451,356.31146,0.0014505964936688542
2.2058956916099772,351.83127,0.0013447676319628954
2.2291156462585033,352.5924,0.001159056555479765
2.2523356009070294,350.59985,0.0011067551095038652
2.2755555555555556,341.293,0.0009713493636809289
2.2987755102040817,329.62982,0.0006944068009033799
2.3219954648526078,324.027,0.0006988849490880966
2.345215419501134,327.36737,0.0008169480133801699
2.36843537414966,329.99698,0.0006922220345586538
2.391655328798186,325.12958,0.0006636935868300498
2.414875283446712,315.2815,0.0009369433391839266
2.4380952380952383,304.1655,0.0010300700087100267
2.4613151927437644,295.14807,0.0013692148495465517
2.48453514739229,293.23886,0.0013667319435626268
2.507755102040816,292.2522,0.0014399271458387375
2.5309750566893423,289.18616,0.0014000667724758387
2.5541950113378684,284.33142,0.001127708936110139
2.5774149659863945,280.2757,0.0010253873188048601
2.6006349206349206,272.398,0.0008678149897605181
2.6238548752834467,262.17572,0.0005541314603760839
2.647074829931973,252.78735,0.0005996848340146244
2.670294784580499,253.52866,0.00047432107385247946
2.693514739229025,260.1234,0.0006193820154294372
2.716734693877551,265.15057,0.0007558880606666207
2.7399546485260773,263.78314,0.0005789524875581264
2.7631746031746034,258.96045,0.0003737076767720282
2.7863945578231295,254.42088,0.00035018663038499653
2.809614512471655,254.48387,0.0003465625923126936
2.8328344671201813,259.66626,0.0005193225806578994
2.8560544217687074,268.32178,0.0005779378698207438
2.8792743764172335,275.44995,0.0005961523856967688
2.9024943310657596,277.85754,0.0005604856996797025
2.9257142857142857,268.78818,0.0004137610085308552
2.948934240362812,255.04977,0.00043749838368967175
2.972154195011338,247.68538,0.00044069241266697645
2.995374149659864,252.33266,0.0003372138016857207
3.01859410430839,264.71042,0.00037177291233092546
3.0418140589569163,272.8902,0.0002692482084967196
3.0650340136054424,277.29333,0.00023037465871311724
3.0882539682539685,266.9015,0.00019070651615038514
3.1114739229024946,252.25638,0.00025310489581897855
3.1346938775510207,245.534,0.00025912837008945644
3.1579138321995464,251.33429,0.00016680067346896976
3.1811337868480725,269.0621,0.00020736349688377231
3.2043537414965986,288.5755,0.00010678306716727093
3.2275736961451247,0.0,7.923412340460345e-06
3.250793650793651,0.0,9.049626896739937e-07
3.274013605442177,0.0,4.1734074329724535e-07
3.297233560090703,0.0,1.8240643839817494e-07
3.320453514739229,0.0,1.702192093944177e-07
3.3436734693877552,0.0,3.1605577532900497e-07
3.3668934240362813,0.0,2.863398549379781e-07
3.3901133786848074,0.0,1.6820467862999067e-07
3.4133333333333336,0.0,1.593680281075649e-07
3.4365532879818597,0.0,6.910795491421595e-08
3.4597732426303858,0.0,1.6022750060074031e-07
3.4829931972789114,0.0,3.94031303585507e-07
3.5062131519274375,0.0,1.3051521818852052e-07
3.5294331065759637,0.0,3.033692337339744e-07
3.5526530612244898,0.0,1.4079159882385284e-07
3.575873015873016,0.0,2.0599600247805938e-07
3.599092970521542,0.0,1.6137073544086888e-07
3.622312925170068,0.0,1.5642399375792593e-07
3.645532879818594,0.0,1.3854423741577193e-07
3.6687528344671203,0.0,1.5998011804185808e-07
3.6919727891156464,0.0,7.197741069830954e-08
