0.0,0.0,1.0079111234517768e-07
0.023219954648526078,0.0,2.8521571948658675e-07
0.046439909297052155,0.0,1.979324224521406e-07
0.06965986394557823,0.0,4.883077053818852e-08
0.09287981859410431,0.0,5.0550625019241124e-08
0.11609977324263039,0.0,1.6025933291530237e-07
0.13931972789115646,0.0,2.5575263862265274e-07
0.16253968253968254,0.0,5.73349097976461e-07
0.18575963718820862,0.0,3.40343831339851e-07
0.2089795918367347,0.0,7.165726856328547e-07
0.23219954648526078,310.98148,0.00010955710604321212
0.25541950113378686,321.1743,0.00031734438380226493
0.2786394557823129,331.1869,0.0007249923655763268
0.301859410430839,338.044,0.0010348658543080091
0.3250793650793651,338.34924,0.0011725382646545768
0.3482993197278912,337.6217,0.001100938068702817
0.37151927437641724,343.3009,0.0005983996670693159
0.3947392290249433,371.94327,0.0012427333276718855
0.4179591836734694,388.0613,0.0019205803982913494
0.44117913832199546,394.69968,0.001741912099532783
0.46439909297052157,395.07343,0.0015471911756321788
0.4876190476190476,393.67715,0.0014824288664385676
0.5108390022675737,395.3328,0.0021281205117702484
0.5340589569160998,405.60718,0.003100284142419696
0.5572789115646258,425.2951,0.0028290627524256706
0.5804988662131519,443.17883,0.003997781313955784
0.603718820861678,449.52237,0.004411979112774134
0.626938775510204,442.18793,0.002270790981128812
0.6501587301587302,431.5252,0.0028390914667397738
0.6733786848072563,432.73193,0.0028698290698230267
0.6965986394557824,446.04196,0.006070409901440144
0.7198185941043084,461.18137,0.007398991845548153
0.7430385487528345,471.78897,0.00794004462659359
0.7662585034013606,471.2373,0.006632340140640736
0.7894784580498866,462.2073,0.0060998182743787766
0.8126984126984127,458.15393,0.006708279252052307
0.8359183673469388,466.49585,0.0066415900364518166
0.8591383219954649,485.9962,0.004033856559544802
0.8823582766439909,511.2411,0.004138628952205181
0.905578231292517,526.52136,0.007198811508715153
0.9287981859410431,523.54626,0.005862842313945293
0.9520181405895691,516.7636,0.004692077171057463
0.9752380952380952,513.8599,0.00661857333034277
0.9984580498866213,535.2606,0.02272528037428856
1.0216780045351475,558.9158,0.03790215402841568
1.0448979591836736,572.75745,0.03367883712053299
1.0681179138321997,578.646,0.03608420491218567
1.0913378684807256,574.8019,0.05118708685040474
1.1145578231292517,572.5473,0.04755738377571106
1.1377777777777778,586.1339,0.04854589328169823
1.1609977324263039,610.6898,0.07314002513885498
1.18421768707483,635.4799,0.07070198655128479
1.207437641723356,648.9522,0.07795414328575134
1.2306575963718822,645.7659,0.11367623507976532
1.253877551020408,633.90607,0.13143177330493927
1.2770975056689342,632.14014,0.12659955024719238
1.3003174603174603,643.8373,0.10972121357917786
1.3235374149659864,673.87036,0.13470254838466644
1.3467573696145125,684.2326,0.1298581063747406
1.3699773242630386,685.62225,0.13918578624725342
1.3931972789115648,681.5313,0.13225632905960083
1.4164172335600906,687.7254,0.10717365145683289
1.4396371882086167,720.4392,0.07843674719333649
1.4628571428571429,748.5382,0.06418641656637192
1.486077097505669,771.04596,0.06680427491664886
1.509297052154195,786.6855,0.08568665385246277
1.5325170068027212,787.38824,0.09286247938871384
1.5557369614512473,775.97125,0.11843716353178024
1.5789569160997732,762.9085,0.1405511498451233
1.6021768707482993,761.872,0.15268570184707642
1.6253968253968254,755.2611,0.16556739807128906
1.6486167800453515,718.96027,0.24653738737106323
1.6718367346938776,692.0523,0.2544243335723877
1.6950566893424037,681.37335,0.219228133559227
1.7182766439909298,683.80426,0.18244953453540802
1.7414965986394557,687.69275,0.1666918396949768
1.7647165532879818,685.1525,0.14713148772716522
1.787936507936508,673.60565,0.13894499838352203
1.811156462585034,653.8706,0.10602830350399017
1.8343764172335602,639.6643,0.1075000911951065
1.8575963718820863,637.1177,0.08571906387805939
1.8808163265306124,638.5325,0.07552875578403473
1.9040362811791383,637.44336,0.08454032242298126
1.9272562358276644,617.3318,0.06914752721786499
1.9504761904761905,589.4372,0.04665740206837654
1.9736961451247166,574.8854,0.05540863797068596
1.9969160997732427,577.12604,0.044672079384326935
2.020136054421769,577.3442,0.03970599174499512
2.043356009070295,573.4257,0.040570784360170364
2.066575963718821,561.20856,0.016088413074612617
2.089795918367347,530.5425,0.007019510492682457
2.1130158730158732,515.3246,0.006683763582259417
2.1362358276643993,509.05624,0.007212892174720764
2.159455782312925,508.71765,0.007571452762931585
2.182675736961451,501.25726,0.006578262895345688
2.2058956916099772,485.83234,0.005495799705386162
2.2291156462585033,466.54507,0.006441147066652775
2.2523356009070294,456.63022,0.00820654071867466
2.2755555555555556,454.46484,0.008779284544289112
2.2987755102040817,455.31448,0.008429787121713161
2.3219954648526078,455.76935,0.008306475356221199
2.345215419501134,454.72867,0.00805947370827198
2.36843537414966,450.8232,0.006968804635107517
2.391655328798186,443.67853,0.003861472010612488
2.414875283446712,436.37823,0.002435685135424137
2.4380952380952383,429.7933,0.0028003016486763954
2.4613151927437644,428.16168,0.0030583757907152176
2.48453514739229,427.1836,0.0030006442684680223
2.507755102040816,424.953,0.002982329111546278
2.5309750566893423,422.235,0.0034154285676777363
2.5541950113378684,416.47647,0.0035161240957677364
2.5774149659863945,403.917,0.0024855267256498337
2.6006349206349206,389.9287,0.0019027132075279951
2.6238548752834467,384.00467,0.0021075825206935406
2.647074829931973,386.13013,0.0022318412084132433
2.670294784580499,387.92026,0.0019271908095106483
2.693514739229025,386.55124,0.00164927844889462
2.716734693877551,383.94803,0.0014065552968531847
2.7399546485260773,380.4365,0.0012786625884473324
2.7631746031746034,374.54642,0.0010443965438753366
2.7863945578231295,360.6918,0.0015659384662285447
2.809614512471655,348.94458,0.0015413216315209866
2.8328344671201813,343.4843,0.0014524993021041155
2.8560544217687074,347.46628,0.001081915688700974
2.8792743764172335,354.17288,0.001075680018402636
2.9024943310657596,356.1413,0.0011437423527240753
2.9257142857142857,350.1042,0.0011193344835191965
2.948934240362812,341.35995,0.0011528757167980075
2.972154195011338,334.30264,0.001163105946034193
2.995374149659864,333.26874,0.001270495355129242
3.01859410430839,339.22717,0.0012408839538693428
3.0418140589569163,350.7858,0.0007293380331248045
3.0650340136054424,363.50586,0.0008790162391960621
3.0882539682539685,363.69327,0.0008322232752107084
3.1114739229024946,355.77716,0.0008681801264174283
3.1346938775510207,338.9325,0.0008368424605578184
3.1579138321995464,329.43286,0.0006272603641264141
3.1811337868480725,328.07138,0.0006815549568273127
3.2043537414965986,336.2798,0.0008800845826044679
3.2275736961451247,351.48456,0.0006252229795791209
3.250793650793651,361.40677,0.0006812939536757767
3.274013605442177,357.97137,0.0005799105856567621
3.297233560090703,347.0064,0.0005666950019076467
3.320453514739229,332.06918,0.0004440880729816854
3.3436734693877552,325.85168,0.0003683900577016175
3.3668934240362813,333.34045,0.0005027077859267592
3.3901133786848074,356.04062,0.00028539117192849517
3.4133333333333336,379.91672,5.762846922152676e-05
3.4365532879818597,0.0,3.908200596924871e-06
3.4597732426303858,0.0,1.2549771781777963e-06
3.4829931972789114,0.0,7.339413059526123e-07
3.5062131519274375,0.0,5.121582944411784e-07
3.5294331065759637,0.0,3.701097739394754e-07
3.5526530612244898,0.0,4.79079972137697e-07
3.575873015873016,0.0,2.0406878320500255e-07
3.599092970521542,0.0,2.103797669406049e-07
3.622312925170068,0.0,2.085353116854094e-07
3.645532879818594,0.0,2.028473318205215e-07
3.6687528344671203,0.0,2.923425199696794e-07
3.6919727891156464,0.0,4.445546437636949e-07
3.7151927437641725,0.0,3.3590549719519913e-07
3.7384126984126986,0.0,3.0579667509300634e-07
3.7616326530612247,0.0,1.476901161368005e-07
3.784852607709751,0.0,2.5136159820249304e-07
3.8080725623582765,0.0,1.5838941180845723e-07
3.8312925170068026,0.0,2.0046718418598175e-07
3.8545124716553287,0.0,9.062205208465457e-08
3.877732426303855,0.0,7.454491424141452e-08
3.900952380952381,0.0,1.2115106073906645e-07
3.924172335600907,0.0,1.2177042663097382e-07
3.947392290249433,0.0,3.543136699590832e-07
3.9706122448979593,0.0,2.415799826849252e-07
3.9938321995464854,0.0,3.7211066228337586e-08
4.017052154195011,0.0,9.915311238728464e-08
4.040272108843538,0.0,1.0489475243957713e-07
4.063492063492063,0.0,1.868356775958091e-07
4.08671201814059,0.0,1.1924930731765926e-07
4.1099319727891155,0.0,1.1834163160528988e-07
4.133151927437642,0.0,1.739890649332665e-07
4.156371882086168,0.0,2.6602992875268683e-07
4.179591836734694,0.0,1.6706326277926564e-07
4.20281179138322,0.0,1.8574974092189223e-07
4.2260317460317465,0.0,1.1912470654351637e-07
4.249251700680272,0.0,1.600092218723148e-07
4.272471655328799,0.0,1.332637111772783e-07
4.295691609977324,0.0,2.0389961719047278e-08
