0.0,0.0,1.5536170394625515e-07
0.023219954648526078,0.0,4.914818418910727e-07
0.046439909297052155,0.0,8.933293429436162e-07
0.06965986394557823,0.0,7.962607924127951e-07
0.09287981859410431,0.0,2.1756295609520748e-07
0.11609977324263039,0.0,1.5185833035502583e-07
0.13931972789115646,0.0,4.8320544010493904e-08
0.16253968253968254,0.0,1.1607517080847174e-07
0.18575963718820862,0.0,2.2648146114079282e-07
0.2089795918367347,0.0,1.5661862562410533e-07
0.23219954648526078,0.0,8.559254638385028e-08
0.25541950113378686,0.0,1.0145868145627901e-07
0.2786394557823129,0.0,8.079041435848922e-08
0.301859410430839,0.0,1.2091823009541258e-07
0.3250793650793651,0.0,2.201559254899621e-07
0.3482993197278912,28.542402,4.0302242268808186e-05
0.37151927437641724,343.71283,0.0005663447082042694
0.3947392290249433,347.4168,0.0010275254026055336
0.4179591836734694,349.4421,0.0013789881486445665
0.44117913832199546,350.7613,0.001456516794860363
0.46439909297052157,348.019,0.0012147827073931694
0.4876190476190476,343.02893,0.0008430503075942397
0.5108390022675737,342.63654,0.0007171942852437496
0.5340589569160998,359.70898,0.0011104508303105831
0.5572789115646258,386.60364,0.0023580407723784447
0.5804988662131519,401.70618,0.002476315712556243
0.603718820861678,402.4615,0.001967852469533682
0.626938775510204,394.83713,0.0016272442881017923
0.6501587301587302,392.6826,0.0024083193857222795
0.6733786848072563,401.62857,0.003909288439899683
0.6965986394557824,416.96368,0.004862497095018625
0.7198185941043084,427.7774,0.0058324458077549934
0.7430385487528345,429.2653,0.003841366618871689
0.7662585034013606,423.95236,0.0032946844585239887
0.7894784580498866,426.6433,0.0032213120721280575
0.8126984126984127,441.22293,0.008793272078037262
0.8359183673469388,454.94638,0.009525001049041748
0.8591383219954649,469.39368,0.009106036275625229
0.8823582766439909,469.5672,0.009117186069488525
0.905578231292517,457.82037,0.010414027608931065
0.9287981859410431,455.09842,0.009397735819220543
0.9520181405895691,465.67026,0.006356582045555115
0.9752380952380952,487.89984,0.00571770966053009
0.9984580498866213,508.56412,0.0031296182423830032
1.0216780045351475,518.99304,0.0026635911781340837
1.0448979591836736,508.25815,0.0035974038764834404
1.0681179138321997,507.52493,0.003035834524780512
1.0913378684807256,524.7112,0.015699058771133423
1.1145578231292517,548.7481,0.047095783054828644
1.1377777777777778,570.6704,0.06872589886188507
1.1609977324263039,578.786,0.07172995805740356
1.18421768707483,577.048,0.09203465282917023
1.207437641723356,569.801,0.09498420357704163
1.2306575963718822,568.384,0.10708968341350555
1.253877551020408,578.76697,0.07036053389310837
1.2770975056689342,608.28357,0.09494540095329285
1.3003174603174603,632.79193,0.08013714104890823
1.3235374149659864,644.7571,0.075320765376091
1.3467573696145125,647.0762,0.09358666837215424
1.3699773242630386,644.1397,0.09566076844930649
1.3931972789115648,653.55853,0.10558648407459259
1.4164172335600906,675.0937,0.16112178564071655
1.4396371882086167,690.5432,0.20610368251800537
1.4628571428571429,700.15875,0.22650618851184845
1.486077097505669,697.8424,0.19569259881973267
1.509297052154195,692.5984,0.17017075419425964
1.5325170068027212,703.0,0.11361340433359146
1.5557369614512473,744.0869,0.12171250581741333
1.5789569160997732,783.2864,0.13038919866085052
1.6021768707482993,798.00397,0.15258823335170746
1.6253968253968254,797.90186,0.15887826681137085
1.6486167800453515,783.11224,0.20260089635849
1.6718367346938776,777.11475,0.25333771109580994
1.6950566893424037,777.2019,0.25765061378479004
1.7182766439909298,777.7604,0.2976330518722534
1.7414965986394557,761.81525,0.30219566822052
1.7647165532879818,716.7837,0.26971253752708435
1.787936507936508,690.599,0.17756116390228271
1.811156462585034,680.44385,0.17810998857021332
1.8343764172335602,685.1663,0.16699104011058807
1.8575963718820863,684.53143,0.12379076331853867
1.8808163265306124,674.77814,0.11066670715808868
1.9040362811791383,660.1162,0.08261546492576599
1.9272562358276644,647.0391,0.08495025336742401
1.9504761904761905,643.4415,0.07714427262544632
1.9736961451247166,642.24115,0.07441722601652145
1.9969160997732427,636.5428,0.07964207231998444
2.020136054421769,629.5876,0.06767585128545761
2.043356009070295,613.5627,0.05094296485185623
2.066575963718821,590.17413,0.05050307512283325
2.089795918367347,578.7917,0.06343573331832886
2.1130158730158732,579.3022,0.05923809856176376
2.1362358276643993,580.6511,0.05611875280737877
2.159455782312925,580.1329,0.05450763553380966
2.182675736961451,574.565,0.04496140778064728
2.2058956916099772,562.1226,0.015801098197698593
2.2291156462585033,534.72076,0.005097239278256893
2.2523356009070294,524.0941,0.0022506623063236475
2.2755555555555556,519.2667,0.0017956373048946261
2.2987755102040817,515.5485,0.0014875195920467377
2.3219954648526078,510.66998,0.002729738363996148
2.345215419501134,502.46558,0.006905354559421539
2.36843537414966,487.34763,0.006575439125299454
2.391655328798186,475.23615,0.006372402887791395
2.414875283446712,469.5345,0.005194467958062887
2.4380952380952383,465.36597,0.00512099452316761
2.4613151927437644,464.62527,0.004943666979670525
2.48453514739229,463.3187,0.004827389493584633
2.507755102040816,460.61508,0.005526334512978792
2.5309750566893423,454.1498,0.005680487956851721
2.5541950113378684,442.74106,0.0026846204418689013
2.5774149659863945,429.80328,0.0023123708087950945
2.6006349206349206,425.1453,0.0022480138577520847
2.6238548752834467,425.16257,0.0021167974919080734
2.647074829931973,426.29092,0.0019630463793873787
2.670294784580499,425.0261,0.0022557098418474197
2.693514739229025,417.34128,0.0032874378375709057
2.716734693877551,406.25476,0.00265021831728518
2.7399546485260773,393.9061,0.0022605499252676964
2.7631746031746034,390.59915,0.002199057722464204
2.7863945578231295,391.08682,0.0020492628682404757
2.809614512471655,391.1316,0.0018901641014963388
2.8328344671201813,389.7885,0.0017609173664823174
2.8560544217687074,386.66107,0.0015903232851997018
2.8792743764172335,382.32312,0.0014091095654293895
2.9024943310657596,373.77078,0.0016303263837471604
2.9257142857142857,356.97144,0.002017868682742119
2.948934240362812,344.28336,0.0017937177326530218
2.972154195011338,340.55185,0.0018783764680847526
2.995374149659864,345.69287,0.00136445346288383
3.01859410430839,350.14725,0.0011357725597918034
3.0418140589569163,349.02682,0.0012312792241573334
3.0650340136054424,344.95596,0.0012663418892771006
3.0882539682539685,341.7875,0.0013578528305515647
3.1114739229024946,342.3993,0.0015180363552644849
3.1346938775510207,347.7734,0.0014991362113505602
3.1579138321995464,358.00122,0.001537984935566783
3.1811337868480725,364.84705,0.0012551627587527037
3.2043537414965986,366.2204,0.0017796024912968278
3.2275736961451247,356.9785,0.00156298594083637
3.250793650793651,342.9449,0.0011515149381011724
3.274013605442177,329.61508,0.0009930551750585437
3.297233560090703,329.7541,0.001157964812591672
3.320453514739229,338.7775,0.0013422842603176832
3.3436734693877552,351.99872,0.0009938303846865892
3.3668934240362813,362.52386,0.000915894634090364
3.3901133786848074,361.2863,0.0007948394049890339
3.4133333333333336,350.1081,0.0007228092290461063
3.4365532879818597,332.7211,0.0006566130323335528
3.4597732426303858,324.33545,0.0005520271952264011
3.4829931972789114,327.29172,0.0006752860499545932
3.5062131519274375,343.11176,0.0005420550005510449
3.5294331065759637,359.96335,0.0002740148629527539
3.5526530612244898,355.8465,2.2062678908696398e-05
3.575873015873016,0.0,2.658189259818755e-06
3.599092970521542,0.0,4.715720933745615e-07
3.622312925170068,0.0,3.0458340916084126e-07
3.645532879818594,0.0,1.5004115994088352e-07
3.6687528344671203,0.0,1.2425607565091923e-07
3.6919727891156464,0.0,9.484210750088096e-08
3.7151927437641725,0.0,2.8892736736452207e-07
3.7384126984126986,0.0,2.8194062906550243e-07
3.7616326530612247,0.0,7.175458449637517e-08
3.784852607709751,0.0,4.804314812645316e-08
3.8080725623582765,0.0,8.866118150763214e-08
3.8312925170068026,0.0,8.423830877291039e-08
3.8545124716553287,0.0,1.1239535524509847e-07
3.877732426303855,0.0,1.274956957786344e-07
3.900952380952381,0.0,1.018115654005669e-07
3.924172335600907,0.0,2.1544656192418188e-07
3.947392290249433,0.0,1.9818253349512815e-07
3.9706122448979593,0.0,2.5361623556818813e-07
3.9938321995464854,0.0,2.1831056074006483e-07
4.017052154195011,0.0,1.447906470275484e-07
4.040272108843538,0.0,6.502614269265905e-08
4.063492063492063,0.0,2.2041513147996739e-07
4.08671201814059,0.0,4.343919499660842e-07
4.1099319727891155,0.0,2.611359377624467e-07
4.133151927437642,0.0,7.718972483417019e-08
4.156371882086168,0.0,3.021159500349313e-08
4.179591836734694,0.0,3.8835423765704036e-07
4.20281179138322,0.0,6.140990080893971e-07
4.2260317460317465,0.0,3.7490917748073116e-07
4.249251700680272,0.0,2.706701707211323e-07
4.272471655328799,0.0,2.051256160484627e-07
4.295691609977324,0.0,3.0128194339340553e-07
4.31891156462585,0.0,6.29764144832734e-07
4.342131519274377,0.0,1.7774254956748337e-08
