0.0,0.0,1.2883356248494238e-07
0.023219954648526078,0.0,4.102275852346793e-08
0.046439909297052155,0.0,1.841181074269116e-08
0.06965986394557823,0.0,3.5573975765146315e-08
0.09287981859410431,0.0,4.613957571564242e-08
0.11609977324263039,0.0,6.705795385641977e-08
0.13931972789115646,0.0,1.0441481208545156e-06
0.16253968253968254,258.10992,0.0001990377058973536
0.18575963718820862,260.3214,0.00043714843923226
0.2089795918367347,268.00818,0.00048812999739311635
0.23219954648526078,272.1668,0.0006091607501730323
0.25541950113378686,269.83102,0.0007344604819081724
0.2786394557823129,265.369,0.0008571235230192542
0.301859410430839,262.71863,0.0009191605495288968
0.3250793650793651,260.9985,0.0008822698146104813
0.3482993197278912,263.26688,0.0006872834055684507
0.37151927437641724,270.5127,0.0005849185981787741
0.3947392290249433,278.61014,0.00041406555101275444
0.4179591836734694,309.63116,0.0007972821476869285
0.44117913832199546,335.02103,0.0010883776703849435
0.46439909297052157,345.98535,0.0014103477587923408
0.4876190476190476,348.76093,0.0018327446887269616
0.5108390022675737,345.98407,0.002271226141601801
0.5340589569160998,344.09937,0.002460055286064744
0.5572789115646258,345.90665,0.0026521412655711174
0.5804988662131519,350.33365,0.002892912132665515
0.603718820861678,351.32178,0.002499682130292058
0.626938775510204,355.41473,0.002853460842743516
0.6501587301587302,382.46234,0.0063127176836133
0.6733786848072563,407.24777,0.008979733102023602
0.6965986394557824,420.34818,0.009743155911564827
0.7198185941043084,420.72415,0.010381152853369713
0.7430385487528345,416.0096,0.012219070456922054
0.7662585034013606,417.3767,0.015502451919019222
0.7894784580498866,426.7221,0.015507498756051064
0.8126984126984127,431.10263,0.010548356920480728
0.8359183673469388,427.98395,0.007866629399359226
0.8591383219954649,430.73743,0.0107595669105649
0.8823582766439909,478.8139,0.016380401328206062
0.905578231292517,512.36725,0.03530079871416092
0.9287981859410431,535.40375,0.03802855312824249
0.9520181405895691,534.9729,0.03490351140499115
0.9752380952380952,517.1346,0.034323759377002716
0.9984580498866213,509.40482,0.0396423414349556
1.0216780045351475,514.29376,0.05266472324728966
1.0448979591836736,526.1114,0.048789944499731064
1.0681179138321997,532.58496,0.03484397754073143
1.0913378684807256,521.8046,0.02049652300775051
1.1145578231292517,462.513,0.008659714832901955
1.1377777777777778,420.5654,0.006872282363474369
1.1609977324263039,410.4794,0.008111784234642982
1.18421768707483,413.53268,0.007364730350673199
1.207437641723356,418.6601,0.007503957953304052
1.2306575963718822,416.7172,0.007298308424651623
1.253877551020408,412.3338,0.006970351096242666
1.2770975056689342,409.51752,0.006808110978454351
1.3003174603174603,407.9512,0.006947132293134928
1.3235374149659864,409.3876,0.008173190988600254
1.3467573696145125,408.9902,0.007027487736195326
1.3699773242630386,394.0502,0.0021821176633238792
1.3931972789115648,350.7933,0.0018720945809036493
1.4164172335600906,1964.3895,0.002115153707563877
1.4396371882086167,1973.9083,0.0018059967551380396
1.4628571428571429,1974.2725,0.0015903559979051352
1.486077097505669,1947.9801,0.0017466426361352205
1.509297052154195,1942.66,0.0020432849414646626
1.5325170068027212,1954.9913,0.00169237214140594
1.5557369614512473,1988.3994,0.0016056601889431477
1.5789569160997732,334.25897,0.001564917154610157
1.6021768707482993,2010.3016,0.0015550004318356514
1.6253968253968254,325.4892,0.0006226659752428532
1.6486167800453515,294.38184,0.00063599698478356
1.6718367346938776,264.63504,0.0005548540502786636
1.6950566893424037,249.88763,0.0004749588551931083
1.7182766439909298,252.87671,0.0004370743699837476
1.7414965986394557,263.03934,0.0005037089576944709
1.7647165532879818,264.21487,0.0005499710096046329
1.787936507936508,261.62405,0.0005221993196755648
1.811156462585034,256.80444,0.00042040820699185133
1.8343764172335602,248.53154,0.00041770056122913957
1.8575963718820863,249.18353,0.00046656839549541473
1.8808163265306124,248.86931,0.0004300694272387773
1.9040362811791383,248.25136,0.00038140907417982817
1.9272562358276644,253.195,0.00029318040469661355
1.9504761904761905,264.42932,0.00031927897362038493
1.9736961451247166,270.44177,0.0003379864210728556
1.9969160997732427,273.37808,0.0003856182156596333
2.020136054421769,267.52744,0.00046774582006037235
2.043356009070295,255.94733,0.000392317830119282
2.066575963718821,247.78351,0.0004201047122478485
2.089795918367347,245.67859,0.0004660505219362676
2.1130158730158732,247.6193,0.00040743988938629627
2.1362358276643993,253.31743,0.0003023836179636419
2.159455782312925,264.64905,0.00030767382122576237
2.182675736961451,269.04608,0.00028457786538638175
2.2058956916099772,272.73367,0.00029998464742675424
2.2291156462585033,271.95215,0.0003381022543180734
2.2523356009070294,264.0531,0.0004609669267665595
2.2755555555555556,254.2555,0.00034345051972195506
2.2987755102040817,246.16266,0.0004103601968381554
2.3219954648526078,245.1638,0.0004750512889586389
2.345215419501134,246.91878,0.0004548670840449631
2.36843537414966,254.09256,0.0003035235858988017
2.391655328798186,266.04233,0.0003143414214719087
2.414875283446712,266.2202,0.0002956408425234258
2.4380952380952383,269.4843,0.00032838989864103496
2.4613151927437644,266.00757,0.0003898628638125956
2.48453514739229,254.54129,0.0002651115646585822
2.507755102040816,245.40768,0.0003538578748703003
2.5309750566893423,245.13147,0.0003734797646757215
2.5541950113378684,252.19347,0.00022103716037236154
2.5774149659863945,266.56393,0.0001701187575235963
2.6006349206349206,267.7136,5.259419049252756e-05
2.6238548752834467,0.0,2.082153514493257e-06
2.647074829931973,0.0,1.3412864063866436e-06
2.670294784580499,0.0,1.4078705135034397e-07
2.693514739229025,0.0,1.014759618556127e-07
2.716734693877551,0.0,4.307094059186056e-08
2.7399546485260773,0.0,2.622346073621884e-08
2.7631746031746034,0.0,3.305649443063885e-08
2.7863945578231295,0.0,2.2522726794704795e-08
2.809614512471655,0.0,7.737799023743719e-08
2.8328344671201813,0.0,5.656238499796018e-08
2.8560544217687074,0.0,6.801201379857957e-08
2.8792743764172335,0.0,5.066067387815565e-08
2.9024943310657596,0.0,4.048160917591304e-09
