0.0,0.0,3.5387529351282865e-08
0.023219954648526078,0.0,2.82170731225051e-08
0.046439909297052155,0.0,1.200442056870088e-08
0.06965986394557823,0.0,1.6661033441778272e-08
0.09287981859410431,0.0,1.5981640899553895e-08
0.11609977324263039,0.0,1.5531441022176296e-08
0.13931972789115646,0.0,1.2480995792429894e-08
0.16253968253968254,0.0,1.5164005162660033e-08
0.18575963718820862,0.0,2.2073436412028968e-08
0.2089795918367347,0.0,2.179422153858468e-08
0.23219954648526078,0.0,3.552941052475944e-08
0.25541950113378686,0.0,3.0016963137313724e-08
0.2786394557823129,0.0,2.865544956875965e-08
0.301859410430839,0.0,3.3747710403986275e-08
0.3250793650793651,0.0,5.573565431404859e-08
0.3482993197278912,0.0,3.369041223777458e-08
0.37151927437641724,0.0,2.2556378098670393e-08
0.3947392290249433,0.0,2.3524989956058562e-08
0.4179591836734694,0.0,2.4091605155263096e-08
0.44117913832199546,0.0,1.6254498405032791e-06
0.46439909297052157,337.27792,2.732853317866102e-05
0.4876190476190476,344.38608,6.560931069543585e-05
0.5108390022675737,347.83038,8.117517427308485e-05
0.5340589569160998,344.14322,0.00010060063505079597
0.5572789115646258,337.93973,0.00010135554475709796
0.5804988662131519,335.30063,0.00010194587957812473
0.603718820861678,338.66602,0.00012761051766574383
0.626938775510204,346.0172,0.00011345033999532461
0.6501587301587302,358.1986,0.00020003724785055965
0.6733786848072563,402.08667,0.00021984579507261515
0.6965986394557824,449.97186,0.0002476829686202109
0.7198185941043084,465.88745,0.00023322703782469034
0.7430385487528345,456.3145,0.000252981495577842
0.7662585034013606,442.7359,0.0002174493856728077
0.7894784580498866,440.68375,0.000158816110342741
0.8126984126984127,459.6679,0.00029988453024998307
0.8359183673469388,507.1135,0.0010540541261434555
0.8591383219954649,546.35486,0.001645294832997024
0.8823582766439909,549.4068,0.00237197894603014
0.905578231292517,530.3187,0.0017802573274821043
0.9287981859410431,523.6097,0.002050065202638507
0.9520181405895691,533.18567,0.0011974447406828403
0.9752380952380952,539.0117,0.0007585743442177773
0.9984580498866213,571.04767,0.000584243331104517
1.0216780045351475,638.1482,0.0007539362413808703
1.0448979591836736,699.63403,0.0009099435992538929
1.0681179138321997,720.17224,0.002092055045068264
1.0913378684807256,720.8267,0.0024425743613392115
1.1145578231292517,712.48206,0.001557817216962576
1.1377777777777778,692.7832,0.0021443013101816177
1.1609977324263039,691.2244,0.0020917123183608055
1.18421768707483,688.2829,0.0018519926816225052
1.207437641723356,637.161,0.0012997998856008053
1.2306575963718822,565.3863,0.0018638569163158536
1.253877551020408,535.50085,0.0023796663153916597
1.2770975056689342,534.5006,0.00288360845297575
1.3003174603174603,540.1835,0.0025605452246963978
1.3235374149659864,540.8803,0.0019567220006138086
1.3467573696145125,538.8132,0.0011995707172900438
1.3699773242630386,527.7695,0.0007984944386407733
1.3931972789115648,489.32205,0.0004956639604642987
1.4164172335600906,444.20856,0.0003719744272530079
1.4396371882086167,436.66556,0.0004488821141421795
1.4628571428571429,444.05865,0.0004924277309328318
1.486077097505669,451.1134,0.00045903027057647705
1.509297052154195,449.01584,0.0004115746123716235
1.5325170068027212,441.69135,0.0003346552839502692
1.5557369614512473,437.68878,0.0002960789133794606
1.5789569160997732,434.22232,0.0002475344226695597
1.6021768707482993,401.65558,0.0002322560758329928
1.6253968253968254,351.20505,0.00021506709163077176
1.6486167800453515,335.3265,0.00028937828028574586
1.6718367346938776,342.8608,0.00039056141395121813
1.6950566893424037,355.8615,0.00047858883044682443
1.7182766439909298,360.90704,0.00045949965715408325
1.7414965986394557,356.44617,0.00031103077344596386
1.7647165532879818,346.62433,0.0002707398380152881
1.787936507936508,339.05475,0.00024083924654405564
1.811156462585034,334.81128,0.0002314104640390724
1.8343764172335602,335.8953,0.0002756930189207196
1.8575963718820863,342.14923,0.00032887462293729186
1.8808163265306124,353.00528,0.0003272111061960459
1.9040362811791383,357.5441,0.00028474832652136683
1.9272562358276644,350.44946,0.00023309755488298833
1.9504761904761905,339.49313,0.00019277073442935944
1.9736961451247166,331.77228,0.0001810034882510081
1.9969160997732427,333.70618,0.0002181546005886048
2.020136054421769,343.77356,0.00022388630895875394
2.043356009070295,357.9626,0.0002188824291806668
2.066575963718821,360.5384,0.0001951661251951009
2.089795918367347,348.288,0.00015358629752881825
2.1130158730158732,332.60132,0.00012495586997829378
2.1362358276643993,327.29187,0.0001148291485151276
2.159455782312925,335.07697,0.00015649129636585712
2.182675736961451,356.62112,0.00010058857878902927
2.2058956916099772,365.01645,1.4329151781566907e-05
2.2291156462585033,0.0,5.698184395441785e-07
2.2523356009070294,0.0,8.092411007964984e-08
2.2755555555555556,0.0,6.862865120638162e-08
2.2987755102040817,0.0,4.613866622094065e-08
2.3219954648526078,0.0,8.930328476708382e-09
2.345215419501134,0.0,2.489741746103391e-08
2.36843537414966,0.0,3.589320840546861e-08
2.391655328798186,0.0,2.498381945770234e-08
2.414875283446712,0.0,2.241904439870268e-08
2.4380952380952383,0.0,1.65728124557063e-08
2.4613151927437644,0.0,1.8786522559821606e-08
2.48453514739229,0.0,1.2590135156642646e-08
2.507755102040816,0.0,1.3812496035825461e-08
2.5309750566893423,0.0,2.7094756660517305e-08
2.5541950113378684,0.0,2.841989044100046e-08
2.5774149659863945,0.0,3.445165930315852e-08
2.6006349206349206,0.0,1.2752025213558227e-08
2.6238548752834467,0.0,2.2982931113801897e-08
2.647074829931973,0.0,2.711203705985099e-08
2.670294784580499,0.0,3.223067324142903e-08
2.693514739229025,0.0,1.1919837561435997e-08
2.716734693877551,0.0,1.0822986951097846e-08
2.7399546485260773,0.0,1.6289959603454918e-08
2.7631746031746034,0.0,8.863935363478959e-09
2.7863945578231295,0.0,9.627910912968218e-09
2.809614512471655,0.0,1.7404090613126755e-08
2.8328344671201813,0.0,2.025717549258843e-08
2.8560544217687074,0.0,2.468641469022259e-08
2.8792743764172335,0.0,1.8008904589805752e-08
2.9024943310657596,0.0,1.297030394198373e-08
2.9257142857142857,0.0,1.320950104855001e-08
