0.0,0.0,7.228027243399993e-08
0.023219954648526078,0.0,5.374749889597297e-08
0.046439909297052155,0.0,7.380731403827667e-08
0.06965986394557823,0.0,1.0081021173391491e-07
0.09287981859410431,0.0,6.699883670080453e-08
0.11609977324263039,0.0,5.592028173850849e-08
0.13931972789115646,0.0,7.55835571908392e-08
0.16253968253968254,0.0,3.556629962986335e-06
0.18575963718820862,720.75574,0.001029305625706911
0.2089795918367347,351.34528,0.0024760053493082523
0.23219954648526078,357.40305,0.0033880015835165977
0.25541950113378686,357.1868,0.00441149715334177
0.2786394557823129,350.21732,0.005206571891903877
0.301859410430839,348.1819,0.005918039474636316
0.3250793650793651,351.81396,0.006274429149925709
0.3482993197278912,359.8035,0.004901292268186808
0.37151927437641724,370.01205,0.0022343583405017853
0.3947392290249433,369.27332,0.006348840426653624
0.4179591836734694,1151.1375,0.01632421463727951
0.44117913832199546,403.76233,0.016218744218349457
0.46439909297052157,444.09964,0.016117407009005547
0.4876190476190476,1302.8033,0.014008416794240475
0.5108390022675737,425.85724,0.012330636382102966
0.5340589569160998,424.58447,0.01067650131881237
0.5572789115646258,433.70978,0.006227891892194748
0.5804988662131519,443.69095,0.006742929574102163
0.603718820861678,953.4493,0.00645834393799305
0.626938775510204,503.54932,0.010325787588953972
0.6501587301587302,515.7278,0.013070757500827312
0.6733786848072563,518.1864,0.013825034722685814
0.6965986394557824,511.51022,0.011536890640854836
0.7198185941043084,505.34976,0.013216206803917885
0.7430385487528345,511.1756,0.017036886885762215
0.7662585034013606,525.68726,0.015507782809436321
0.7894784580498866,544.95667,0.01743638888001442
0.8126984126984127,1294.2661,0.043625980615615845
0.8359183673469388,702.9251,0.0434240996837616
0.8591383219954649,732.5358,0.04690167307853699
0.8823582766439909,1447.4526,0.07716386020183563
0.905578231292517,708.6191,0.07541641592979431
0.9287981859410431,697.802,0.07154920697212219
0.9520181405895691,700.11414,0.07336805015802383
0.9752380952380952,696.52844,0.08580378443002701
0.9984580498866213,1341.2675,0.03126183897256851
1.0216780045351475,1092.5532,0.015453578904271126
1.0448979591836736,526.1084,0.01430580299347639
1.0681179138321997,522.3363,0.014746504835784435
1.0913378684807256,529.0425,0.015088400803506374
1.1145578231292517,534.45593,0.014350556768476963
1.1377777777777778,533.9884,0.014199944213032722
1.1609977324263039,532.1185,0.013876330107450485
1.18421768707483,531.94006,0.012978704646229744
1.207437641723356,521.761,0.010603299364447594
1.2306575963718822,956.5542,0.021891728043556213
1.253877551020408,447.41907,0.022896334528923035
1.2770975056689342,442.77734,0.020296934992074966
1.3003174603174603,440.2902,0.01789603941142559
1.3235374149659864,439.85614,0.015809440985322
1.3467573696145125,440.32227,0.013340607285499573
1.3699773242630386,441.1969,0.013057081028819084
1.3931972789115648,439.32465,0.013254188001155853
1.4164172335600906,430.83334,0.013845234178006649
1.4396371882086167,1192.4906,0.0065771122463047504
1.4628571428571429,1038.9307,0.003592014079913497
1.486077097505669,983.14435,0.003171175252646208
1.509297052154195,324.28702,0.0036345873959362507
1.5325170068027212,320.60345,0.0050649093464016914
1.5557369614512473,316.7984,0.004994469229131937
1.5789569160997732,318.2968,0.003471798961982131
1.6021768707482993,325.35147,0.0038154274225234985
1.6253968253968254,1021.234,0.004110087640583515
1.6486167800453515,354.48907,0.0037699260283261538
1.6718367346938776,365.02252,0.0030066894832998514
1.6950566893424037,1063.7646,0.0025420747697353363
1.7182766439909298,1004.11676,0.0021660011261701584
1.7414965986394557,327.09274,0.0016499904450029135
1.7647165532879818,329.91092,0.001651344122365117
1.787936507936508,347.62305,0.0014025199925526977
1.811156462585034,1115.4803,0.00023367541143670678
1.8343764172335602,0.0,6.8204744820832275e-06
1.8575963718820863,0.0,7.83928953751456e-07
1.8808163265306124,0.0,2.0642801246140152e-07
1.9040362811791383,0.0,7.412654667859897e-08
1.9272562358276644,0.0,1.4111992641119286e-07
1.9504761904761905,0.0,1.6704962035873905e-07
1.9736961451247166,0.0,5.953461368335411e-08
1.9969160997732427,0.0,1.5747809811728075e-07
2.020136054421769,0.0,1.131202225224115e-07
2.043356009070295,0.0,6.73089743941091e-08
2.066575963718821,0.0,7.401649781968445e-08
2.089795918367347,0.0,5.632045940728858e-08
