0.0,0.0,2.7393070922698826e-07
0.023219954648526078,0.0,1.2857526598963886e-07
0.046439909297052155,0.0,1.1696283763740212e-07
0.06965986394557823,0.0,5.8455952967051417e-08
0.09287981859410431,0.0,1.3255430530989543e-07
0.11609977324263039,0.0,3.253835529903881e-07
0.13931972789115646,24.141096,2.083971594402101e-05
0.16253968253968254,271.63007,0.0006910076481290162
0.18575963718820862,272.5548,0.0013860072940587997
0.2089795918367347,271.3206,0.0020850952714681625
0.23219954648526078,270.41754,0.0022681031841784716
0.25541950113378686,269.8608,0.0024840470869094133
0.2786394557823129,270.287,0.002592151053249836
0.301859410430839,270.31912,0.00266034877859056
0.3250793650793651,269.83856,0.00257736723870039
0.3482993197278912,270.15076,0.0021205528173595667
0.37151927437641724,270.04636,0.0023448560386896133
0.3947392290249433,283.30426,0.00240624463185668
0.4179591836734694,301.49332,0.0032231572549790144
0.44117913832199546,318.7132,0.004257651511579752
0.46439909297052157,329.0484,0.0048813228495419025
0.4876190476190476,334.28568,0.005254789255559444
0.5108390022675737,335.90466,0.005538219586014748
0.5340589569160998,336.97556,0.005461725406348705
0.5572789115646258,339.7845,0.004860958084464073
0.5804988662131519,340.51605,0.004751231055706739
0.603718820861678,344.24026,0.005952682811766863
0.626938775510204,352.7615,0.007702406495809555
0.6501587301587302,365.58972,0.009469665586948395
0.6733786848072563,381.13452,0.009015778079628944
0.6965986394557824,390.6926,0.00974275078624487
0.7198185941043084,387.8784,0.009695117361843586
0.7430385487528345,387.86545,0.01024608314037323
0.7662585034013606,393.7895,0.012431398965418339
0.7894784580498866,400.5583,0.011711278930306435
0.8126984126984127,403.97858,0.009951080195605755
0.8359183673469388,406.1038,0.010610983707010746
0.8591383219954649,411.79932,0.01322881504893303
0.8823582766439909,424.3251,0.014067051000893116
0.905578231292517,466.9591,0.028054898604750633
0.9287981859410431,511.27533,0.04463481530547142
0.9520181405895691,526.4061,0.0586567297577858
0.9752380952380952,519.10333,0.05549954995512962
0.9984580498866213,518.69977,0.051614172756671906
1.0216780045351475,531.10736,0.03829034045338631
1.0448979591836736,538.8561,0.0412764847278595
1.0681179138321997,523.0358,0.026709487661719322
1.0913378684807256,465.45602,0.01617557555437088
1.1145578231292517,434.99734,0.020014680922031403
1.1377777777777778,417.7779,0.019678890705108643
1.1609977324263039,411.64743,0.016462983563542366
1.18421768707483,408.91095,0.013247326947748661
1.207437641723356,406.59024,0.012037205509841442
1.2306575963718822,404.1801,0.01016091089695692
1.253877551020408,398.70306,0.007925787940621376
1.2770975056689342,388.47495,0.00810394436120987
1.3003174603174603,371.6419,0.008125506341457367
1.3235374149659864,356.2537,0.005211358889937401
1.3467573696145125,348.47488,0.005629613529890776
1.3699773242630386,348.12903,0.0054197958670556545
1.3931972789115648,348.88916,0.005125460680574179
1.4164172335600906,348.98972,0.004252609796822071
1.4396371882086167,344.80627,0.003158056642860174
1.4628571428571429,335.8849,0.0023535999935120344
1.486077097505669,329.9168,0.001970461569726467
1.509297052154195,326.68436,0.001749548246152699
1.5325170068027212,320.67126,0.0013732805382460356
1.5557369614512473,289.04846,0.0010392713593319058
1.5789569160997732,258.49527,0.000835841172374785
1.6021768707482993,253.11537,0.0009616799070499837
1.6253968253968254,261.20187,0.0011079281102865934
1.6486167800453515,267.92392,0.0011850543087348342
1.6718367346938776,266.8613,0.0009884695755317807
1.6950566893424037,263.95142,0.0008176830015145242
1.7182766439909298,262.43448,0.0007549939909949899
1.7414965986394557,263.58707,0.0007849230896681547
1.7647165532879818,269.02402,0.0008373045711778104
1.787936507936508,276.30893,0.000818624917883426
1.811156462585034,282.6191,0.0006749704480171204
1.8343764172335602,278.04694,0.0005770054995082319
1.8575963718820863,265.35788,0.00039232822018675506
1.8808163265306124,252.3466,0.00038001389475539327
1.9040362811791383,251.01016,0.0003939230227842927
1.9272562358276644,259.15775,0.0003579944313969463
1.9504761904761905,273.512,0.000346764107234776
1.9736961451247166,279.23923,5.964668525848538e-05
1.9969160997732427,0.0,4.648077265301254e-06
2.020136054421769,0.0,1.200445694848895e-06
2.043356009070295,0.0,5.39600478077773e-07
2.066575963718821,0.0,1.2054897524649277e-07
2.089795918367347,0.0,9.676114132162184e-08
2.1130158730158732,0.0,2.385522748227231e-07
2.1362358276643993,0.0,2.721344571909867e-07
