0.0,0.0,2.3140273697208613e-08
0.023219954648526078,0.0,1.4089891919866204e-08
0.046439909297052155,0.0,1.448279363103211e-08
0.06965986394557823,0.0,1.477474143030122e-08
0.09287981859410431,0.0,1.1950760381296277e-08
0.11609977324263039,0.0,4.26935002906248e-08
0.13931972789115646,0.0,4.237790562910959e-08
0.16253968253968254,0.0,1.9000253814738244e-08
0.18575963718820862,0.0,5.128276825416833e-08
0.2089795918367347,316.49875,9.919724834617227e-05
0.23219954648526078,342.77496,0.0004816188011318445
0.25541950113378686,351.20322,0.000767308403737843
0.2786394557823129,362.0797,0.000918826088309288
0.301859410430839,368.62512,0.0011171826627105474
0.3250793650793651,370.23914,0.001167168142274022
0.3482993197278912,369.66263,0.0012015567626804113
0.37151927437641724,368.49222,0.001208895817399025
0.3947392290249433,368.06357,0.0011672911932691932
0.4179591836734694,370.33304,0.0011680417228490114
0.44117913832199546,381.08817,0.0013499762862920761
0.46439909297052157,398.9827,0.001924254116602242
0.4876190476190476,409.14563,0.002052146475762129
0.5108390022675737,408.8633,0.0020735934376716614
0.5340589569160998,401.66116,0.002026264788582921
0.5572789115646258,401.1497,0.002230324549600482
0.5804988662131519,414.6994,0.00290412874892354
0.603718820861678,440.08853,0.003905233461409807
0.626938775510204,462.81494,0.004833684302866459
0.6501587301587302,466.1788,0.0041543664410710335
0.6733786848072563,451.44858,0.00371331418864429
0.6965986394557824,440.5151,0.003782723331823945
0.7198185941043084,448.1054,0.004962424747645855
0.7430385487528345,468.968,0.007230734918266535
0.7662585034013606,502.78815,0.015481214970350266
0.7894784580498866,517.97577,0.01444055512547493
0.8126984126984127,509.15182,0.006234503351151943
0.8359183673469388,480.00534,0.005203195847570896
0.8591383219954649,468.15726,0.00541323097422719
0.8823582766439909,477.61517,0.008975718170404434
0.905578231292517,508.80533,0.020905207842588425
0.9287981859410431,545.6101,0.025552965700626373
0.9520181405895691,554.5018,0.02679222822189331
0.9752380952380952,549.7218,0.022146757692098618
0.9984580498866213,528.96875,0.013494633138179779
1.0216780045351475,516.3644,0.017389221116900444
1.0448979591836736,1066.21,0.02860407903790474
1.0681179138321997,1127.0139,0.028590254485607147
1.0913378684807256,590.46173,0.02683383598923683
1.1145578231292517,606.3563,0.03206947445869446
1.1377777777777778,610.6428,0.04358222335577011
1.1609977324263039,594.8598,0.05959811061620712
1.18421768707483,586.50446,0.055321045219898224
1.207437641723356,596.83997,0.04543270915746689
1.2306575963718822,630.13,0.03662123531103134
1.253877551020408,646.00684,0.04311998561024666
1.2770975056689342,647.65576,0.05093463882803917
1.3003174603174603,634.2329,0.07605183124542236
1.3235374149659864,625.7593,0.07724405825138092
1.3467573696145125,639.8165,0.06702041625976562
1.3699773242630386,679.72034,0.08187725394964218
1.3931972789115648,708.8822,0.09725745022296906
1.4164172335600906,719.52264,0.1090172529220581
1.4396371882086167,705.55273,0.08505657315254211
1.4628571428571429,690.30286,0.09474654495716095
1.486077097505669,702.6975,0.0879199355840683
1.509297052154195,759.4445,0.06383933126926422
1.5325170068027212,790.57666,0.06499624997377396
1.5557369614512473,807.8756,0.07088395953178406
1.5789569160997732,799.9385,0.07919330894947052
1.6021768707482993,783.39215,0.08771828562021255
1.6253968253968254,779.1967,0.08541519939899445
1.6486167800453515,789.316,0.0740102082490921
1.6718367346938776,799.9691,0.07007285952568054
1.6950566893424037,798.4762,0.07824859023094177
1.7182766439909298,767.55725,0.09106642752885818
1.7414965986394557,734.9424,0.15791888535022736
1.7647165532879818,716.9821,0.15084677934646606
1.787936507936508,718.86066,0.12149171531200409
1.811156462585034,723.5715,0.12083731591701508
1.8343764172335602,716.6517,0.10966620594263077
1.8575963718820863,680.9899,0.101655974984169
1.8808163265306124,663.09485,0.09908422827720642
1.9040362811791383,659.2272,0.09659212827682495
1.9272562358276644,669.8602,0.07340216636657715
1.9504761904761905,677.49,0.06898470222949982
1.9736961451247166,664.26196,0.06797182559967041
1.9969160997732427,631.8129,0.03454070910811424
2.020136054421769,591.8483,0.02579929120838642
2.043356009070295,586.24066,0.0418117493391037
2.066575963718821,600.98627,0.06402529031038284
2.089795918367347,613.05066,0.06291703879833221
2.1130158730158732,608.8843,0.04298582673072815
2.1362358276643993,589.2102,0.012413029558956623
2.159455782312925,544.58307,0.00784950889647007
2.182675736961451,523.2448,0.009008312597870827
2.2058956916099772,527.5212,0.013492667116224766
2.2291156462585033,548.17346,0.020791485905647278
2.2523356009070294,555.91174,0.018433310091495514
2.2755555555555556,543.77234,0.007856816053390503
2.2987755102040817,505.2884,0.003524606116116047
2.3219954648526078,479.08752,0.0030669046100229025
2.345215419501134,470.51974,0.003004609141498804
2.36843537414966,473.1858,0.0030615960713475943
2.391655328798186,478.25513,0.0031223101541399956
2.414875283446712,476.28137,0.0026586856693029404
2.4380952380952383,463.21576,0.002149867592379451
2.4613151927437644,445.70007,0.0018482869490981102
2.48453514739229,437.35422,0.0016881866613402963
2.507755102040816,439.07285,0.0015611285343766212
2.5309750566893423,443.70395,0.0016021484043449163
2.5541950113378684,443.03824,0.0014657385181635618
2.5774149659863945,434.16452,0.0013574024196714163
2.6006349206349206,419.5864,0.0013039868790656328
2.6238548752834467,408.95505,0.0010988556314259768
2.647074829931973,406.26477,0.0010436446173116565
2.670294784580499,403.79034,0.0008128309273160994
2.693514739229025,393.6984,0.000710438413079828
2.716734693877551,377.6624,0.0007201345870271325
2.7399546485260773,363.5298,0.0007822220795787871
2.7631746031746034,354.75015,0.0007512876763939857
2.7863945578231295,357.0975,0.000789281097240746
2.809614512471655,363.70404,0.0006926192436367273
2.8328344671201813,367.1896,0.000739597249776125
2.8560544217687074,363.93204,0.000866469694301486
2.8792743764172335,354.4127,0.0007587445434182882
2.9024943310657596,345.1181,0.0007332907407544553
2.9257142857142857,341.21313,0.0006892431993037462
2.948934240362812,342.63095,0.0006709289737045765
2.972154195011338,349.61115,0.0006622649962082505
2.995374149659864,359.0528,0.0006534182466566563
3.01859410430839,361.67624,0.0006515932036563754
3.0418140589569163,355.2507,0.0005544780287891626
3.0650340136054424,343.05002,0.0004178220115136355
3.0882539682539685,330.55054,0.00034179980866611004
3.1114739229024946,329.28296,0.00037737254751846194
3.1346938775510207,337.7756,0.0005321460776031017
3.1579138321995464,350.8965,0.0006105147767812014
3.1811337868480725,360.07846,0.000529927434399724
3.2043537414965986,363.51236,0.0005047515733167529
3.2275736961451247,357.2914,0.00044999178498983383
3.250793650793651,346.00937,0.0003551703121047467
3.274013605442177,339.11743,0.00032296584686264396
3.297233560090703,341.05124,0.00037606339901685715
3.320453514739229,348.8812,0.0003443569003138691
3.3436734693877552,360.6512,0.0002837424981407821
3.3668934240362813,366.2989,0.0003166426613461226
3.3901133786848074,359.618,0.000313171767629683
3.4133333333333336,338.9497,0.0001743977190926671
3.4365532879818597,323.77136,0.0001682767760939896
3.4597732426303858,322.65393,0.00019629733287729323
3.4829931972789114,337.62222,0.0002987470361404121
3.5062131519274375,353.9462,0.0002524520386941731
3.5294331065759637,356.7383,0.00018281792290508747
3.5526530612244898,347.42896,0.00010820959869306535
3.575873015873016,339.58688,9.591801790520549e-05
3.599092970521542,345.41486,9.862372098723426e-05
3.622312925170068,356.67563,3.8231653888942674e-05
3.645532879818594,0.0,1.700085704214871e-06
3.6687528344671203,0.0,8.75610567163676e-07
3.6919727891156464,0.0,3.396353349671699e-07
3.7151927437641725,0.0,2.0349853002699092e-07
3.7384126984126986,0.0,4.389112291391939e-07
3.7616326530612247,0.0,1.1112751963082701e-07
3.784852607709751,0.0,5.411857273429632e-08
3.8080725623582765,0.0,7.874405127950013e-09
