0.0,0.0,1.2524651538114995e-08
0.023219954648526078,0.0,1.0404619388282299e-08
0.046439909297052155,0.0,1.748685463098809e-08
0.06965986394557823,0.0,1.7955062503460795e-07
0.09287981859410431,0.0,5.0345988711342216e-08
0.11609977324263039,361.6011,7.631945481989533e-05
0.13931972789115646,344.95758,0.00041155703365802765
0.16253968253968254,352.39526,0.001108170603401959
0.18575963718820862,362.92365,0.001647339784540236
0.2089795918367347,364.21603,0.0018418938852846622
0.23219954648526078,361.81024,0.0018532630056142807
0.25541950113378686,360.14114,0.00189859583042562
0.2786394557823129,360.41302,0.0019315198296681046
0.301859410430839,362.67184,0.002076988108456135
0.3250793650793651,366.9369,0.002360161393880844
0.3482993197278912,372.8145,0.002686870750039816
0.37151927437641724,387.58408,0.0036230317782610655
0.3947392290249433,403.9003,0.004803922027349472
0.4179591836734694,406.3175,0.0042606377974152565
0.44117913832199546,397.5466,0.0038873760495334864
0.46439909297052157,392.34467,0.0043726349249482155
0.4876190476190476,400.2735,0.006912738084793091
0.5108390022675737,417.80316,0.010139865800738335
0.5340589569160998,432.98703,0.010144855827093124
0.5572789115646258,443.75732,0.011279955506324768
0.5804988662131519,439.29102,0.011912456713616848
0.603718820861678,433.273,0.012159215286374092
0.626938775510204,439.0629,0.010930797085165977
0.6501587301587302,461.09225,0.011843200773000717
0.6733786848072563,488.4869,0.011582551524043083
0.6965986394557824,501.90887,0.012542027980089188
0.7198185941043084,498.87268,0.01295206043869257
0.7430385487528345,483.5404,0.0127994604408741
0.7662585034013606,476.7627,0.014739876613020897
0.7894784580498866,488.10226,0.01736675202846527
0.8126984126984127,513.4012,0.017577428370714188
0.8359183673469388,536.57526,0.01419828087091446
0.8591383219954649,545.086,0.019776809960603714
0.8823582766439909,532.13934,0.024354740977287292
0.905578231292517,520.1699,0.026892267167568207
0.9287981859410431,524.81415,0.0230955109000206
0.9520181405895691,553.90356,0.01947125233709812
0.9752380952380952,580.84076,0.020999008789658546
0.9984580498866213,589.98596,0.022193443030118942
1.0216780045351475,580.681,0.021816588938236237
1.0448979591836736,567.8682,0.025442421436309814
1.0681179138321997,574.58954,0.029996920377016068
1.0913378684807256,610.23737,0.03787156939506531
1.1145578231292517,639.55536,0.048048172146081924
1.1377777777777778,654.9004,0.05035930499434471
1.1609977324263039,647.2762,0.047161396592855453
1.18421768707483,626.83307,0.05757257342338562
1.207437641723356,622.0699,0.06502363085746765
1.2306575963718822,655.0034,0.1054554209113121
1.253877551020408,685.45746,0.14270055294036865
1.2770975056689342,707.2116,0.15845446288585663
1.3003174603174603,708.8028,0.12017326802015305
1.3235374149659864,684.3315,0.1032477617263794
1.3467573696145125,675.008,0.12379184365272522
1.3699773242630386,697.369,0.16350747644901276
1.3931972789115648,743.10236,0.11307109892368317
1.4164172335600906,773.0828,0.13543905317783356
1.4396371882086167,785.5061,0.13772107660770416
1.4628571428571429,775.7436,0.13306619226932526
1.486077097505669,757.29675,0.12929531931877136
1.509297052154195,760.2292,0.13053801655769348
1.5325170068027212,773.2501,0.13530871272087097
1.5557369614512473,774.9539,0.12352915108203888
1.5789569160997732,746.506,0.15354135632514954
1.6021768707482993,698.2211,0.11138759553432465
1.6253968253968254,677.9256,0.10201405733823776
1.6486167800453515,677.4312,0.10335677862167358
1.6718367346938776,683.84564,0.09177631139755249
1.6950566893424037,682.1421,0.06682358682155609
1.7182766439909298,662.2501,0.04485226422548294
1.7414965986394557,634.4437,0.04236522316932678
1.7647165532879818,623.04126,0.041650570929050446
1.787936507936508,633.39557,0.04033529385924339
1.811156462585034,646.94476,0.037814170122146606
1.8343764172335602,647.6244,0.028857287019491196
1.8575963718820863,619.20734,0.024055492132902145
1.8808163265306124,575.54126,0.015123948454856873
1.9040362811791383,562.64417,0.01803392544388771
1.9272562358276644,566.38403,0.01801281049847603
1.9504761904761905,582.74585,0.022418424487113953
1.9736961451247166,595.2406,0.021803228184580803
1.9969160997732427,586.3436,0.015187238343060017
2.020136054421769,552.4131,0.01609109714627266
2.043356009070295,523.53204,0.013481177389621735
2.066575963718821,508.93918,0.013466651551425457
2.089795918367347,512.9992,0.017409726977348328
2.1130158730158732,527.18567,0.016426099464297295
2.1362358276643993,531.69055,0.015544664114713669
2.159455782312925,520.18646,0.00932365283370018
2.182675736961451,484.87924,0.004974515177309513
2.2058956916099772,460.1463,0.004679609090089798
2.2291156462585033,456.30145,0.004996605217456818
2.2523356009070294,466.47357,0.006062096916139126
2.2755555555555556,475.19455,0.0059021031484007835
2.2987755102040817,473.85458,0.004709777422249317
2.3219954648526078,457.4986,0.004011762328445911
2.345215419501134,435.94336,0.004407284781336784
2.36843537414966,425.6702,0.004381523467600346
2.391655328798186,429.2865,0.00423382269218564
2.414875283446712,440.69577,0.0044506508857011795
2.4380952380952383,444.89645,0.0042922827415168285
2.4613151927437644,436.6148,0.004100689198821783
2.48453514739229,416.72208,0.0028051501139998436
2.507755102040816,400.23276,0.0022669616155326366
2.5309750566893423,397.1068,0.002362665254622698
2.5541950113378684,399.94333,0.002178963739424944
2.5774149659863945,396.19406,0.0016410879325121641
2.6006349206349206,383.14157,0.0014460907550528646
2.6238548752834467,365.88382,0.0011948642786592245
2.647074829931973,348.87338,0.001001817872747779
2.670294784580499,344.81656,0.0010419199243187904
2.693514739229025,348.0565,0.0011167880147695541
2.716734693877551,351.1445,0.0011901328107342124
2.7399546485260773,352.58163,0.0013185616116970778
2.7631746031746034,353.7878,0.001326749101281166
2.7863945578231295,354.3768,0.001369963400065899
2.809614512471655,354.4384,0.0012927509378641844
2.8328344671201813,354.28952,0.0012373726349323988
2.8560544217687074,352.28107,0.001088390708900988
2.8792743764172335,348.26413,0.000912550138309598
2.9024943310657596,344.08218,0.0008163438178598881
2.9257142857142857,342.924,0.0010445774532854557
2.948934240362812,349.7319,0.0013160486705601215
2.972154195011338,357.34488,0.0014247000217437744
2.995374149659864,360.66727,0.00132790207862854
3.01859410430839,358.0773,0.0009284527041018009
3.0418140589569163,347.94894,0.0006016018451191485
3.0650340136054424,333.834,0.0005569093627855182
3.0882539682539685,330.42947,0.0007391382241621614
3.1114739229024946,341.45276,0.0009369770996272564
3.1346938775510207,349.9537,0.0010053113801404834
3.1579138321995464,356.26907,0.000984306912869215
3.1811337868480725,358.5003,0.0009460867149755359
3.2043537414965986,354.7002,0.0007373016560450196
3.2275736961451247,346.88452,0.0007565930718556046
3.250793650793651,346.7778,0.0009027079213410616
3.274013605442177,352.31668,0.0008407371933571994
3.297233560090703,355.96127,0.0007086599362082779
3.320453514739229,356.58713,0.0006355467485263944
3.3436734693877552,351.28305,0.0004491240542847663
3.3668934240362813,338.05905,0.00013359900913201272
3.3901133786848074,315.26575,4.8391819291282445e-05
3.4133333333333336,24.476429,2.905670044128783e-05
3.4365532879818597,21.533201,2.54737060458865e-05
3.4597732426303858,21.533203,1.4100006410444621e-05
3.4829931972789114,0.0,7.919181371107697e-06
3.5062131519274375,0.0,5.374318789108656e-06
3.5294331065759637,0.0,1.084720679500606e-06
3.5526530612244898,0.0,1.3974640751257539e-06
3.575873015873016,0.0,1.1557094694580883e-06
3.599092970521542,0.0,5.677347871824168e-07
3.622312925170068,0.0,6.79774529999122e-08
3.645532879818594,0.0,3.3187734516104683e-07
3.6687528344671203,0.0,2.4911969376262277e-08
3.6919727891156464,0.0,1.3702174328500405e-07
3.7151927437641725,0.0,4.042803993797861e-07
3.7384126984126986,0.0,1.3900717021897435e-07
3.7616326530612247,0.0,1.3294356904225424e-07
3.784852607709751,0.0,4.2868668970186263e-07
3.8080725623582765,0.0,1.7396996554452926e-07
