0.0,0.0,1.1914016795344651e-07
0.023219954648526078,0.0,1.9277740648249164e-07
0.046439909297052155,0.0,9.166524250758812e-08
0.06965986394557823,0.0,4.478715709410608e-08
0.09287981859410431,0.0,3.9077349356375635e-08
0.11609977324263039,0.0,9.471204975852743e-08
0.13931972789115646,0.0,3.6186702345730737e-07
0.16253968253968254,322.6219,3.7493809941224754e-05
0.18575963718820862,342.15274,0.00010074889723910019
0.2089795918367347,352.21097,0.00013415880675893277
0.23219954648526078,351.67664,0.00016046551172621548
0.25541950113378686,348.54773,0.00017946407024282962
0.2786394557823129,350.69455,0.00022130746219772846
0.301859410430839,357.5682,0.0002594335237517953
0.3250793650793651,361.331,0.00033154396805912256
0.3482993197278912,359.68616,0.0003817332908511162
0.37151927437641724,355.29855,0.0004033051081933081
0.3947392290249433,352.04733,0.000409199419664219
0.4179591836734694,354.16168,0.00036028094473294914
0.44117913832199546,367.46744,0.0003450472140684724
0.46439909297052157,401.57016,0.0007566139101982117
0.4876190476190476,437.0063,0.0009750340832397342
0.5108390022675737,451.16953,0.001150269526988268
0.5340589569160998,455.47766,0.0013517701299861073
0.5572789115646258,449.6676,0.001622871495783329
0.5804988662131519,444.3699,0.0019515060121193528
0.603718820861678,445.64035,0.0024552098475396633
0.626938775510204,449.726,0.002440474694594741
0.6501587301587302,452.07388,0.0019187459256500006
0.6733786848072563,459.5311,0.002689467743039131
0.6965986394557824,505.75952,0.007163754664361477
0.7198185941043084,534.98157,0.0105548445135355
0.7430385487528345,551.42523,0.012141358107328415
0.7662585034013606,541.92334,0.008447470143437386
0.7894784580498866,523.1528,0.008305570110678673
0.8126984126984127,518.7634,0.011873237788677216
0.8359183673469388,529.68225,0.017211327329277992
0.8591383219954649,543.1017,0.01551954634487629
0.8823582766439909,546.4411,0.003378230147063732
0.905578231292517,527.0348,0.0034726085141301155
0.9287981859410431,596.7129,0.011568976566195488
0.9520181405895691,659.2818,0.0449252612888813
0.9752380952380952,688.2837,0.06539692729711533
0.9984580498866213,697.1423,0.07363787293434143
1.0216780045351475,692.78125,0.08382618427276611
1.0448979591836736,694.8603,0.10079087316989899
1.0681179138321997,703.74347,0.11099490523338318
1.0913378684807256,705.6511,0.13228259980678558
1.1145578231292517,700.46704,0.1478765904903412
1.1377777777777778,693.6779,0.12563374638557434
1.1609977324263039,690.8028,0.08339425176382065
1.18421768707483,680.8047,0.021283552050590515
1.207437641723356,616.1864,0.017511874437332153
1.2306575963718822,565.896,0.0082379300147295
1.253877551020408,529.31433,0.00961575098335743
1.2770975056689342,532.4022,0.014243907295167446
1.3003174603174603,542.3593,0.013154478743672371
1.3235374149659864,542.95026,0.008548391982913017
1.3467573696145125,530.3739,0.0068244049325585365
1.3699773242630386,518.51935,0.005935363471508026
1.3931972789115648,514.66205,0.007358941249549389
1.4164172335600906,519.66156,0.007601927034556866
1.4396371882086167,522.0661,0.007052827626466751
1.4628571428571429,519.68964,0.0063912030309438705
1.486077097505669,510.7926,0.004188180901110172
1.509297052154195,490.70392,0.002164617646485567
1.5325170068027212,459.3789,0.0018134147394448519
1.5557369614512473,435.05917,0.0014552503125742078
1.5789569160997732,428.03467,0.0019070939160883427
1.6021768707482993,434.5485,0.001846961211413145
1.6253968253968254,437.85556,0.0015359874814748764
1.6486167800453515,433.99774,0.0017438835930079222
1.6718367346938776,427.91983,0.0016322568990290165
1.6950566893424037,423.76617,0.0013564425753429532
1.7182766439909298,422.67044,0.0012842975556850433
1.7414965986394557,422.8154,0.0010517376940697432
1.7647165532879818,420.9277,0.0007987192366272211
1.787936507936508,417.2781,0.0003383989678695798
1.811156462585034,396.61578,0.00020766000670846552
1.8343764172335602,351.45737,0.0001879463961813599
1.8575963718820863,329.33884,0.00017563844448886812
1.8808163265306124,330.28232,0.00016616744687780738
1.9040362811791383,339.69193,0.0001624668948352337
1.9272562358276644,346.85153,0.00015782595437485725
1.9504761904761905,351.7817,0.00015970806998666376
1.9736961451247166,352.70624,0.00014627569180447608
1.9969160997732427,346.09534,0.00013033050345256925
2.020136054421769,338.4931,8.982360304798931e-05
2.043356009070295,83.156166,8.010137389646843e-05
2.066575963718821,337.87106,7.623975398018956e-05
2.089795918367347,352.05997,7.469542470062152e-05
2.1130158730158732,371.40952,4.882473876932636e-05
2.1362358276643993,377.93405,4.873488796874881e-05
2.159455782312925,368.37027,5.893779234611429e-05
2.182675736961451,337.2019,5.851591777172871e-05
2.2058956916099772,324.5473,4.846324009122327e-05
2.2291156462585033,323.59357,2.667687658686191e-05
2.2523356009070294,348.86655,2.2371121303876862e-05
2.2755555555555556,0.0,9.02630290511297e-06
2.2987755102040817,0.0,5.905421858187765e-07
2.3219954648526078,0.0,2.3216034605866298e-07
2.345215419501134,0.0,6.801747076679021e-08
2.36843537414966,0.0,8.011647878447548e-08
2.391655328798186,0.0,1.0495659807929769e-07
2.414875283446712,0.0,1.3358203432289883e-07
2.4380952380952383,0.0,2.0975221559638157e-07
2.4613151927437644,0.0,8.646293281344697e-08
2.48453514739229,0.0,6.961727194720879e-08
2.507755102040816,0.0,4.839967004954815e-08
