0.0,0.0,4.140474629821256e-08
0.023219954648526078,0.0,6.388290785253048e-08
0.046439909297052155,0.0,1.2519922165665776e-07
0.06965986394557823,0.0,1.7719958123052493e-07
0.09287981859410431,0.0,5.248639354249462e-07
0.11609977324263039,277.28015,0.0002875991049222648
0.13931972789115646,1075.6844,0.0007177277584560215
0.16253968253968254,268.73462,0.0008247602381743491
0.18575963718820862,266.4821,0.0008353385492227972
0.2089795918367347,263.65747,0.0008134192903526127
0.23219954648526078,265.11584,0.0007982727838680148
0.25541950113378686,268.4008,0.0008688174420967698
0.2786394557823129,269.7016,0.000777935201767832
0.301859410430839,265.2267,0.00038022015360184014
0.3250793650793651,254.87431,0.00034872681135311723
0.3482993197278912,267.74945,0.0011248659575358033
0.37151927437641724,638.356,0.001055222819559276
0.3947392290249433,325.91794,0.002060770057141781
0.4179591836734694,344.97284,0.0023580859415233135
0.44117913832199546,341.7322,0.0012224020902067423
0.46439909297052157,336.88486,0.00161502487026155
0.4876190476190476,342.76196,0.0024607304949313402
0.5108390022675737,347.3218,0.002280815737321973
0.5340589569160998,344.8985,0.0018559021409600973
0.5572789115646258,349.69778,0.003587242215871811
0.5804988662131519,394.11325,0.0070594786666333675
0.603718820861678,407.64337,0.00886318925768137
0.626938775510204,411.27765,0.010156147181987762
0.6501587301587302,400.48398,0.006781116593629122
0.6733786848072563,388.0808,0.005484968423843384
0.6965986394557824,1203.9991,0.008223088458180428
0.7198185941043084,400.98657,0.010748130269348621
0.7430385487528345,409.4023,0.008477781899273396
0.7662585034013606,434.19226,0.004742019809782505
0.7894784580498866,1082.794,0.019918473437428474
0.8126984126984127,574.61847,0.028466377407312393
0.8359183673469388,574.80457,0.02208239957690239
0.8591383219954649,531.5703,0.01781439781188965
0.8823582766439909,516.2482,0.013157681562006474
0.905578231292517,511.74197,0.01853722706437111
0.9287981859410431,526.2607,0.021447593346238136
0.9520181405895691,542.5218,0.018737290054559708
0.9752380952380952,543.96545,0.015214648097753525
0.9984580498866213,998.4441,0.023099247366189957
1.0216780045351475,405.2888,0.025758787989616394
1.0448979591836736,392.62933,0.02089042402803898
1.0681179138321997,1197.7878,0.02218095399439335
1.0913378684807256,401.89874,0.0196603462100029
1.1145578231292517,402.1907,0.01886940374970436
1.1377777777777778,399.99,0.01690521091222763
1.1609977324263039,401.5221,0.01537183579057455
1.18421768707483,404.38068,0.01407669484615326
1.207437641723356,1194.5627,0.006588811986148357
1.2306575963718822,1065.0667,0.002838141517713666
1.253877551020408,331.6491,0.001996002160012722
1.2770975056689342,326.49475,0.0020029013976454735
1.3003174603174603,331.8049,0.0016370746307075024
1.3235374149659864,331.27798,0.0014569603372365236
1.3467573696145125,325.7586,0.001180924940854311
1.3699773242630386,321.61142,0.0012296262430027127
1.3931972789115648,327.559,0.0015579810133203864
1.4164172335600906,335.95148,0.00132276420481503
1.4396371882086167,625.16766,0.001029968960210681
1.4628571428571429,310.72284,0.0009402880677953362
1.486077097505669,1066.2012,0.000829720520414412
1.509297052154195,1040.8958,0.0007373445550911129
1.5325170068027212,1066.1549,0.0006409118650481105
1.5557369614512473,270.83386,0.0005363504169508815
1.5789569160997732,271.92145,0.00047955859918147326
1.6021768707482993,272.6791,0.0004975369665771723
1.6253968253968254,271.32706,0.0005007005529478192
1.6486167800453515,267.2546,0.0004912097356282175
1.6718367346938776,260.12048,0.00034073356073349714
1.6950566893424037,251.76698,0.000296961166895926
1.7182766439909298,250.8926,0.00025556274340488017
1.7414965986394557,1044.8889,0.00023405234969686717
1.7647165532879818,271.74973,0.0002251451078336686
1.787936507936508,1116.9275,0.000234097708016634
1.811156462585034,275.28296,0.0002166430203942582
1.8343764172335602,262.45233,0.00013433676213026047
1.8575963718820863,248.98514,0.00011285386426607147
1.8808163265306124,252.02452,6.8213019403629e-05
1.9040362811791383,273.6156,3.3067532058339566e-05
1.9272562358276644,0.0,8.184460966731422e-07
1.9504761904761905,0.0,4.481835276237689e-07
1.9736961451247166,0.0,3.6509663914330304e-07
1.9969160997732427,0.0,1.3077897165203467e-07
2.020136054421769,0.0,1.0726671462180093e-07
2.043356009070295,0.0,5.1861206884495914e-08
2.066575963718821,0.0,1.1127121979370713e-07
2.089795918367347,0.0,4.984030965715647e-08
2.1130158730158732,0.0,3.762761480174959e-08
