0.0,0.0,9.360610420117155e-08
0.023219954648526078,0.0,1.9149501895299181e-07
0.046439909297052155,0.0,1.0862277122214437e-07
0.06965986394557823,0.0,1.2208420230308548e-07
0.09287981859410431,0.0,2.2111726138973609e-07
0.11609977324263039,320.91098,3.138933243462816e-05
0.13931972789115646,355.5671,0.00026255048578605056
0.16253968253968254,364.412,0.0003563826030585915
0.18575963718820862,367.09552,0.0004203536082059145
0.2089795918367347,366.15128,0.0004680101992562413
0.23219954648526078,363.88577,0.0004457023460417986
0.25541950113378686,362.5402,0.0004909008275717497
0.2786394557823129,362.78406,0.0005149712087586522
0.301859410430839,364.1705,0.0005932337371632457
0.3250793650793651,366.3899,0.0005613905377686024
0.3482993197278912,365.49393,0.00042920937994495034
0.37151927437641724,365.86658,0.0005366039695218205
0.3947392290249433,405.2219,0.0015745856799185276
0.4179591836734694,889.98096,0.003630541730672121
0.44117913832199546,460.1273,0.005445284768939018
0.46439909297052157,463.43002,0.004557428415864706
0.4876190476190476,457.0213,0.003258742159232497
0.5108390022675737,450.12628,0.003225110936909914
0.5340589569160998,449.33054,0.0036628800444304943
0.5572789115646258,453.44083,0.003846426261588931
0.5804988662131519,456.57083,0.0031175671610981226
0.603718820861678,966.2597,0.006409171037375927
0.626938775510204,504.4239,0.014124204404652119
0.6501587301587302,531.02686,0.012702973559498787
0.6733786848072563,542.84515,0.01880963146686554
0.6965986394557824,536.9388,0.024846307933330536
0.7198185941043084,527.37683,0.023121163249015808
0.7430385487528345,525.96747,0.02485758438706398
0.7662585034013606,533.64813,0.03086400404572487
0.7894784580498866,538.3028,0.029808228835463524
0.8126984126984127,534.88916,0.01415190752595663
0.8359183673469388,532.9963,0.02175041474401951
0.8591383219954649,1136.7089,0.013280628249049187
0.8823582766439909,673.14185,0.01939128153026104
0.905578231292517,703.4276,0.03401699662208557
0.9287981859410431,716.5211,0.04670993983745575
0.9520181405895691,714.565,0.06343923509120941
0.9752380952380952,707.23486,0.07989335060119629
0.9984580498866213,704.5938,0.09254951030015945
1.0216780045351475,704.3896,0.0900452584028244
1.0448979591836736,705.7823,0.07741621136665344
1.0681179138321997,701.68756,0.06139552593231201
1.0913378684807256,664.9897,0.06741490215063095
1.1145578231292517,615.6406,0.039225295186042786
1.1377777777777778,570.2347,0.015507802367210388
1.1609977324263039,554.99756,0.01987152174115181
1.18421768707483,554.0064,0.034057579934597015
1.207437641723356,556.42474,0.04148058220744133
1.2306575963718822,553.94037,0.03493266552686691
1.253877551020408,545.32904,0.03432023525238037
1.2770975056689342,537.89746,0.033436041325330734
1.3003174603174603,537.4091,0.03690032660961151
1.3235374149659864,540.9389,0.04300501197576523
1.3467573696145125,543.33765,0.039834633469581604
1.3699773242630386,534.24963,0.02139069326221943
1.3931972789115648,508.27267,0.005545538384467363
1.4164172335600906,467.13855,0.003369658486917615
1.4396371882086167,454.05307,0.0034701067488640547
1.4628571428571429,451.88162,0.003949920646846294
1.486077097505669,456.6078,0.0038825049996376038
1.509297052154195,460.74664,0.002960328944027424
1.5325170068027212,457.13614,0.0023848526179790497
1.5557369614512473,450.15833,0.001967785879969597
1.5789569160997732,445.67944,0.002071140334010124
1.6021768707482993,446.459,0.0023187357001006603
1.6253968253968254,449.18423,0.0027005639858543873
1.6486167800453515,452.1099,0.002584163099527359
1.6718367346938776,448.40457,0.0014241128228604794
1.6950566893424037,424.0048,0.0005238216836005449
1.7182766439909298,392.77737,0.0006466954946517944
1.7414965986394557,370.41653,0.000805394840426743
1.7647165532879818,367.21127,0.0007208154420368373
1.787936507936508,368.50223,0.000525128620211035
1.811156462585034,368.1991,0.00042837735963985324
1.8343764172335602,364.47873,0.0004371086251921952
1.8575963718820863,357.45947,0.0003333239583298564
1.8808163265306124,352.12863,0.0002708018000703305
1.9040362811791383,352.47144,0.00019944566884078085
1.9272562358276644,359.15054,0.00014071485202293843
1.9504761904761905,366.85104,0.0001354309351881966
1.9736961451247166,368.8964,0.0001466300163883716
1.9969160997732427,364.09326,0.0002101900608977303
2.020136054421769,351.54352,0.00019531470024958253
2.043356009070295,340.01282,7.418986933771521e-05
2.066575963718821,333.36285,6.177470640977845e-05
2.089795918367347,340.007,0.0001267267798539251
2.1130158730158732,357.46793,8.344624075107276e-05
2.1362358276643993,364.064,2.9177816031733528e-05
2.159455782312925,0.0,7.599493983434513e-06
2.182675736961451,0.0,6.310656317509711e-07
2.2058956916099772,0.0,1.5916248230496421e-07
2.2291156462585033,0.0,1.7362708604196087e-07
2.2523356009070294,0.0,1.3013777788728476e-07
2.2755555555555556,0.0,1.50179403135553e-07
2.2987755102040817,0.0,7.461858331225812e-08
2.3219954648526078,0.0,7.541166269220412e-08
2.345215419501134,0.0,2.7258465706836432e-08
2.36843537414966,0.0,7.899325282778591e-08
2.391655328798186,0.0,1.4891247701598331e-07
2.414875283446712,0.0,1.0185613064095378e-07
2.4380952380952383,0.0,5.3032636060379446e-09
