0.0,0.0,4.4450371206039563e-07
0.023219954648526078,0.0,2.723900252021849e-07
0.046439909297052155,0.0,1.900007191579789e-07
0.06965986394557823,0.0,1.9851449906127527e-07
0.09287981859410431,0.0,2.371416485402733e-07
0.11609977324263039,0.0,1.621465344214812e-07
0.13931972789115646,0.0,6.167920219013467e-08
0.16253968253968254,0.0,9.711675375001505e-08
0.18575963718820862,0.0,1.0306303011020645e-07
0.2089795918367347,0.0,4.323492248659022e-07
0.23219954648526078,336.62436,0.0004241896385792643
0.25541950113378686,340.60242,0.0010753541719168425
0.2786394557823129,341.59824,0.001924789510667324
0.301859410430839,347.25296,0.002727112965658307
0.3250793650793651,349.71216,0.003316494170576334
0.3482993197278912,349.6804,0.0035081161186099052
0.37151927437641724,349.19095,0.0033825256396085024
0.3947392290249433,349.65424,0.003587063867598772
0.4179591836734694,356.67752,0.004155970178544521
0.44117913832199546,393.62943,0.009604910388588905
0.46439909297052157,423.1992,0.011728746816515923
0.4876190476190476,449.48163,0.018230006098747253
0.5108390022675737,457.53665,0.01410195417702198
0.5340589569160998,457.99994,0.015062161721289158
0.5572789115646258,455.6991,0.015344765037298203
0.5804988662131519,464.04922,0.018759572878479958
0.603718820861678,489.55362,0.051673613488674164
0.626938775510204,523.1677,0.07810255885124207
0.6501587301587302,537.94293,0.07061497867107391
0.6733786848072563,545.83716,0.07206620275974274
0.6965986394557824,537.8877,0.0763714537024498
0.7198185941043084,527.9962,0.08611024916172028
0.7430385487528345,527.98517,0.09947628527879715
0.7662585034013606,547.0392,0.14271658658981323
0.7894784580498866,589.8675,0.18812397122383118
0.8126984126984127,636.89404,0.09952840954065323
0.8359183673469388,681.2304,0.08886389434337616
0.8591383219954649,706.97107,0.16887126863002777
0.8823582766439909,720.8721,0.20984119176864624
0.905578231292517,721.5348,0.23759807646274567
0.9287981859410431,720.51483,0.2591260075569153
0.9520181405895691,718.34186,0.2273460030555725
0.9752380952380952,701.2454,0.20319533348083496
0.9984580498866213,633.915,0.13368681073188782
1.0216780045351475,565.01294,0.09722551703453064
1.0448979591836736,553.7037,0.12106506526470184
1.0681179138321997,558.2847,0.11802719533443451
1.0913378684807256,558.7866,0.10944288969039917
1.1145578231292517,548.13525,0.08650872111320496
1.1377777777777778,524.29877,0.028601229190826416
1.1609977324263039,458.7263,0.0184246264398098
1.18421768707483,428.93048,0.017034608870744705
1.207437641723356,426.1727,0.012947570532560349
1.2306575963718822,436.57193,0.013324125669896603
1.253877551020408,437.79346,0.014695810154080391
1.2770975056689342,441.91928,0.021798990666866302
1.3003174603174603,448.06607,0.02201838046312332
1.3235374149659864,445.72946,0.014927434735000134
1.3467573696145125,421.2529,0.013457917608320713
1.3699773242630386,357.0855,0.0036895866505801678
1.3931972789115648,338.02548,0.003941510803997517
1.4164172335600906,340.15857,0.007721439003944397
1.4396371882086167,349.684,0.008506322279572487
1.4628571428571429,350.01624,0.007553186733275652
1.486077097505669,346.2907,0.006609339267015457
1.509297052154195,344.57877,0.004850269295275211
1.5325170068027212,341.75327,0.0032719536684453487
1.5557369614512473,336.95715,0.0031146612018346786
1.5789569160997732,339.66418,0.005537359043955803
1.6021768707482993,355.179,0.007632974535226822
1.6253968253968254,365.16016,0.007593712769448757
1.6486167800453515,362.2495,0.005306749138981104
1.6718367346938776,348.02078,0.0031973961740732193
1.6950566893424037,334.96402,0.0024470363277941942
1.7182766439909298,330.27316,0.002988068852573633
1.7414965986394557,340.68466,0.005130816251039505
1.7647165532879818,360.53403,0.006593231577426195
1.787936507936508,369.17096,0.006720602512359619
1.811156462585034,357.1084,0.00271468423306942
1.8343764172335602,334.44196,0.0015847411705181003
1.8575963718820863,329.42767,0.0037413169629871845
1.8808163265306124,360.6252,0.002973682712763548
1.9040362811791383,360.53986,0.00017381880024913698
1.9272562358276644,341.94455,2.0787374523933977e-05
1.9504761904761905,0.0,4.4695325414068066e-06
1.9736961451247166,21.533203,1.183686799777206e-05
1.9969160997732427,0.0,3.5817092793877237e-06
2.020136054421769,21.533201,0.000279121333733201
2.043356009070295,20.069403,0.0004102434904780239
2.066575963718821,16.172493,0.00011141888535348698
2.089795918367347,21.533201,0.0001311742526013404
2.1130158730158732,18.971792,4.8210087697952986e-05
2.1362358276643993,15.279308,1.3040906196692958e-05
2.159455782312925,0.0,1.217625140270684e-06
2.182675736961451,0.0,2.273959580634255e-06
2.2058956916099772,0.0,2.4880773707991466e-06
2.2291156462585033,0.0,1.0037701940746047e-06
2.2523356009070294,0.0,7.476401151507162e-07
2.2755555555555556,0.0,6.984455467318185e-07
2.2987755102040817,0.0,1.6858120943652466e-07
2.3219954648526078,0.0,4.5214892452349886e-07
2.345215419501134,0.0,4.517378329182975e-07
2.36843537414966,0.0,2.2347285266732797e-07
2.391655328798186,0.0,4.5722208596998826e-07
2.414875283446712,0.0,1.4191755326464772e-08
