0.0,0.0,5.40085238753818e-08
0.023219954648526078,0.0,1.7406091501470655e-07
0.046439909297052155,0.0,1.4241504686651751e-07
0.06965986394557823,0.0,1.410007826052606e-07
0.09287981859410431,0.0,4.724097379948944e-08
0.11609977324263039,0.0,1.8268383428221568e-07
0.13931972789115646,0.0,1.7456568457419053e-07
0.16253968253968254,0.0,3.2633306545903906e-07
0.18575963718820862,0.0,2.603692337288521e-07
0.2089795918367347,0.0,1.7872025637188926e-07
0.23219954648526078,0.0,1.3187127478886396e-07
0.25541950113378686,0.0,2.1575215214397758e-07
0.2786394557823129,0.0,2.459401002852246e-07
0.301859410430839,0.0,1.5197929315036163e-07
0.3250793650793651,0.0,8.236565918195993e-08
0.3482993197278912,0.0,1.7678212316241115e-07
0.37151927437641724,0.0,2.0802963263122365e-07
0.3947392290249433,0.0,1.2064629117958248e-07
0.4179591836734694,0.0,6.501977622974664e-08
0.44117913832199546,0.0,8.364349923795089e-08
0.46439909297052157,0.0,7.343714969465509e-08
0.4876190476190476,0.0,1.0093026503454894e-07
0.5108390022675737,0.0,5.1706592785194516e-08
0.5340589569160998,0.0,1.2006967153865844e-07
0.5572789115646258,0.0,4.398862074594945e-08
0.5804988662131519,0.0,3.6064193409401923e-08
0.603718820861678,0.0,2.0802872313652188e-08
0.626938775510204,0.0,8.946608431870118e-08
0.6501587301587302,0.0,1.419821273884736e-07
0.6733786848072563,0.0,2.8479280445026234e-07
0.6965986394557824,250.23987,2.6755238650366664e-05
0.7198185941043084,257.17285,0.00017531125922687352
0.7430385487528345,258.41684,0.0003284021222498268
0.7662585034013606,1830.3608,0.00042971267248503864
0.7894784580498866,1834.428,0.00041876494651660323
0.8126984126984127,1816.1552,0.0003209084097761661
0.8359183673469388,1794.3671,0.0002685346989892423
0.8591383219954649,255.41599,0.0003458609862718731
0.8823582766439909,1840.8612,0.0004937378689646721
0.905578231292517,273.55484,0.0009336780640296638
0.9287981859410431,1795.2119,0.0012794134672731161
0.9520181405895691,614.18494,0.001438097096979618
0.9752380952380952,1810.2096,0.0011980385752394795
0.9984580498866213,1770.9188,0.0009656810434535146
1.0216780045351475,1748.9546,0.0010695334058254957
1.0448979591836736,1799.6095,0.0009667746489867568
1.0681179138321997,318.0177,0.0014834313187748194
1.0913378684807256,1693.2755,0.002401581034064293
1.1145578231292517,340.77188,0.0019612382166087627
1.1377777777777778,335.7106,0.0013657084200531244
1.1609977324263039,327.19348,0.0011709341779351234
1.18421768707483,328.0122,0.002223832532763481
1.207437641723356,1751.5563,0.0035074392799288034
1.2306575963718822,1838.442,0.0024395883083343506
1.253877551020408,1872.9113,0.00255948631092906
1.2770975056689342,1847.6945,0.004774376749992371
1.3003174603174603,359.83102,0.003565064864233136
1.3235374149659864,1754.7759,0.0030981784220784903
1.3467573696145125,1786.3922,0.0033885552547872066
1.3699773242630386,369.84775,0.0018312532920390368
1.3931972789115648,393.34866,0.0018181148916482925
1.4164172335600906,401.44995,0.0019475976005196571
1.4396371882086167,398.8172,0.0018403204157948494
1.4628571428571429,394.76395,0.0017536012455821037
1.486077097505669,396.0916,0.001871801563538611
1.509297052154195,407.00107,0.003240177407860756
1.5325170068027212,425.54178,0.003920976538211107
1.5557369614512473,444.11594,0.006227872334420681
1.5789569160997732,451.45486,0.006461902055889368
1.6021768707482993,448.56787,0.006205992307513952
1.6253968253968254,443.6031,0.005688911769539118
1.6486167800453515,1807.6609,0.005852493457496166
1.6718367346938776,464.53168,0.004672572016716003
1.6950566893424037,487.1178,0.003284602891653776
1.7182766439909298,503.42303,0.004108201712369919
1.7414965986394557,503.09528,0.004083919804543257
1.7647165532879818,496.48737,0.004563981667160988
1.787936507936508,491.87784,0.004419172182679176
1.811156462585034,500.52908,0.0050721550360322
1.8343764172335602,524.96045,0.010350227355957031
1.8575963718820863,545.4366,0.017295945435762405
1.8808163265306124,552.64075,0.017472539097070694
1.9040362811791383,548.97205,0.010100951418280602
1.9272562358276644,542.4164,0.006507379934191704
1.9504761904761905,541.4861,0.008625340647995472
1.9736961451247166,550.9038,0.015469739213585854
1.9969160997732427,571.12866,0.02010268345475197
2.020136054421769,607.9443,0.03566291183233261
2.043356009070295,619.7796,0.0301780104637146
2.066575963718821,623.69183,0.03238576650619507
2.089795918367347,619.1558,0.034386783838272095
2.1130158730158732,612.5086,0.027177564799785614
2.1362358276643993,598.21344,0.015871351584792137
2.159455782312925,566.47644,0.006802759598940611
2.182675736961451,524.71295,0.006368217524141073
2.2058956916099772,525.1359,0.007366880774497986
2.2291156462585033,534.2727,0.0067923893220722675
2.2523356009070294,539.65216,0.005554081406444311
2.2755555555555556,532.62665,0.006058941595256329
2.2987755102040817,509.36182,0.0060897404327988625
2.3219954648526078,485.86014,0.007643882185220718
2.345215419501134,481.2608,0.007578542456030846
2.36843537414966,487.2253,0.005739190615713596
2.391655328798186,494.2927,0.0047261519357562065
2.414875283446712,494.61935,0.005550880450755358
2.4380952380952383,487.03717,0.006889654323458672
2.4613151927437644,475.5305,0.008089791983366013
2.48453514739229,447.93536,0.0045686811208724976
2.507755102040816,432.03482,0.0040682461112737656
2.5309750566893423,427.47632,0.004194190725684166
2.5541950113378684,432.5625,0.00446561211720109
2.5774149659863945,438.9008,0.004227973520755768
2.6006349206349206,437.62836,0.003277809824794531
2.6238548752834467,426.8754,0.002817356027662754
2.647074829931973,403.2736,0.0021120088640600443
2.670294784580499,381.2526,0.0019940047059208155
2.693514739229025,381.9964,0.0015119595918804407
2.716734693877551,393.5034,0.0012762275291606784
2.7399546485260773,398.94296,0.0013710904167965055
2.7631746031746034,390.93753,0.0020499778911471367
2.7863945578231295,1842.3015,0.003997551277279854
2.809614512471655,1755.6534,0.002195690292865038
2.8328344671201813,1737.6965,0.002406044164672494
2.8560544217687074,347.8774,0.0026212248485535383
2.8792743764172335,350.1454,0.002433015499264002
2.9024943310657596,346.1183,0.0018742112442851067
2.9257142857142857,341.38113,0.0015324782580137253
2.948934240362812,335.08206,0.0011219724547117949
2.972154195011338,326.62875,0.000900841027032584
2.995374149659864,322.71658,0.0007709523779340088
3.01859410430839,321.1563,0.0007993292529135942
3.0418140589569163,323.72726,0.000859220395796001
3.0650340136054424,326.01587,0.0009020301513373852
3.0882539682539685,324.3952,0.0007549241418018937
3.1114739229024946,1888.9233,0.001016599009744823
3.1346938775510207,1799.0164,0.0013283553998917341
3.1579138321995464,286.98065,0.001412811572663486
3.1811337868480725,278.68277,0.0012668946292251348
3.2043537414965986,279.50262,0.0017266953364014626
3.2275736961451247,569.8192,0.0015397160314023495
3.250793650793651,575.6327,0.0014213209506124258
3.274013605442177,284.50555,0.001041619572788477
3.297233560090703,270.13757,0.0005340904463082552
3.320453514739229,1777.802,0.0004762005992233753
3.3436734693877552,1772.4426,0.0005317148752510548
3.3668934240362813,1769.9009,0.0005508100730367005
3.3901133786848074,256.78143,0.0005606613121926785
3.4133333333333336,262.11017,0.0005816962220706046
3.4365532879818597,261.71567,0.0005004348931834102
3.4597732426303858,1773.3708,0.0005026396829634905
3.4829931972789114,1745.5934,0.0005246525397524238
3.5062131519274375,1749.3702,0.0004627396119758487
3.5294331065759637,526.1143,0.0008857393404468894
3.5526530612244898,548.08234,0.0012239080388098955
3.575873015873016,552.70917,0.0007515755132772028
3.599092970521542,268.60324,0.0005535497912205756
3.622312925170068,1753.6093,0.0006509240483865142
3.645532879818594,1723.3295,0.0006716196658089757
3.6687528344671203,1775.4338,0.0005373538006097078
3.6919727891156464,260.7104,0.0007389133097603917
3.7151927437641725,1630.324,0.0007512562442570925
3.7384126984126986,272.3335,0.0005643467884510756
3.7616326530612247,265.76923,0.0005944722215645015
3.784852607709751,1754.126,0.0006027620984241366
3.8080725623582765,1730.3418,0.0005876049981452525
3.8312925170068026,1751.8226,0.0004933113814331591
3.8545124716553287,260.2048,0.0007267103646881878
3.877732426303855,1635.6982,0.0008728299872018397
3.900952380952381,1641.808,0.0005917077651247382
3.924172335600907,266.1226,0.0005190131487324834
3.947392290249433,1772.5946,0.000512146158143878
3.9706122448979593,1724.5273,0.0005160416476428509
3.9938321995464854,1762.4576,0.0004559800436254591
4.017052154195011,253.75853,0.0005063221324235201
4.040272108843538,265.35266,0.0007027292740531266
4.063492063492063,1636.5404,0.0006619113264605403
4.08671201814059,271.14215,0.00045577556011267006
4.1099319727891155,261.56314,0.0005026592407375574
4.133151927437642,1714.0403,0.0004693724331445992
4.156371882086168,1698.5571,0.00048518500989302993
4.179591836734694,1727.5033,0.00039269437547773123
4.20281179138322,253.97865,0.00044288492063060403
4.2260317460317465,1609.0891,0.0005437383078970015
4.249251700680272,1620.2737,0.0004609327588696033
4.272471655328799,266.03473,0.00045984360622242093
4.295691609977324,258.55344,0.0004076529876329005
4.31891156462585,1767.4596,0.0003125992661807686
4.342131519274377,252.32407,0.000344982574461028
4.365351473922902,260.57443,0.000600285129621625
4.388571428571429,1632.2076,0.0007531499140895903
4.4117913832199545,1630.5819,0.0004428523825481534
4.435011337868481,263.9834,0.00038558649248443544
4.458231292517007,257.11377,0.00033544946927577257
4.481451247165533,258.65,0.0004098214558325708
4.504671201814059,1649.9268,0.0005390691803768277
4.527891156462585,279.34207,0.00018812868802342564
4.551111111111111,279.87354,2.4686447432031855e-05
4.574331065759638,0.0,1.1818938219221309e-06
4.597551020408163,0.0,4.0351915231440216e-07
4.62077097505669,0.0,2.7056739781983197e-07
4.6439909297052155,0.0,2.2922267817193642e-07
4.667210884353741,0.0,2.7106125344289467e-07
4.690430839002268,0.0,2.2677158995065838e-07
4.713650793650793,0.0,1.0826261132024229e-07
4.73687074829932,0.0,1.3982116797706112e-07
4.760090702947846,0.0,1.679145498201251e-07
4.783310657596372,0.0,2.237338776467368e-07
4.806530612244898,0.0,1.1011889000656083e-07
4.829750566893424,0.0,1.6079684428405017e-07
4.85297052154195,0.0,1.8832270143320784e-07
4.876190476190477,0.0,1.371845428366214e-07
4.899410430839002,0.0,4.567391442833468e-08
4.922630385487529,0.0,3.4160620998591185e-08
4.9458503401360545,0.0,1.813532435335219e-08
4.96907029478458,0.0,7.218750397441909e-08
4.992290249433107,0.0,1.5968271327437833e-07
5.015510204081632,0.0,2.426877472316846e-07
5.038730158730159,0.0,2.221513568656519e-07
5.061950113378685,0.0,1.985372364288196e-07
5.085170068027211,0.0,1.33280991576612e-07
5.108390022675737,0.0,9.877294360194355e-08
5.131609977324263,0.0,1.4724173524882644e-07
5.154829931972789,0.0,1.5289606380974874e-07
5.178049886621316,0.0,2.1481810108525679e-07
5.201269841269841,0.0,5.645142664434388e-08
