0.0,0.0,1.2758573575410992e-07
0.023219954648526078,0.0,1.6722151485737413e-07
0.046439909297052155,0.0,2.1400956029538065e-07
0.06965986394557823,0.0,1.932121449499391e-07
0.09287981859410431,0.0,8.115421223919839e-08
0.11609977324263039,0.0,1.472335497965105e-07
0.13931972789115646,0.0,5.524179869098589e-08
0.16253968253968254,0.0,4.799403541255742e-08
0.18575963718820862,0.0,5.916899681324139e-08
0.2089795918367347,0.0,1.2577311281347647e-07
0.23219954648526078,0.0,1.6266858438029885e-07
0.25541950113378686,0.0,1.7036836652550846e-07
0.2786394557823129,0.0,2.9139300750102848e-08
0.301859410430839,0.0,4.999583325115964e-08
0.3250793650793651,0.0,4.8544279707130045e-08
0.3482993197278912,0.0,1.296957634622231e-07
0.37151927437641724,0.0,5.084530130261555e-08
0.3947392290249433,0.0,7.271501090144739e-08
0.4179591836734694,0.0,1.0269559425069019e-07
0.44117913832199546,272.44983,1.3436760127660818e-05
0.46439909297052157,265.81284,6.56757183605805e-05
0.4876190476190476,260.82736,7.824215572327375e-05
0.5108390022675737,259.30713,0.000104534876300022
0.5340589569160998,262.83463,0.00012703381071332842
0.5572789115646258,265.47354,0.00014751078560948372
0.5804988662131519,267.64514,0.00014423311222344637
0.603718820861678,269.38675,0.00014179214485920966
0.626938775510204,272.7714,0.00017174081585835665
0.6501587301587302,280.67444,0.0002394250186625868
0.6733786848072563,291.38242,0.00020412866433616728
0.6965986394557824,303.52008,0.00023851229343563318
0.7198185941043084,309.43176,0.0002171240048483014
0.7430385487528345,302.4788,0.00019854951824527234
0.7662585034013606,299.65344,0.00019498325127642602
0.7894784580498866,306.4438,0.00023881977540440857
0.8126984126984127,321.49423,0.00038527208380401134
0.8359183673469388,335.26572,0.0005475584184750915
0.8591383219954649,341.16568,0.000483028736198321
0.8823582766439909,337.89417,0.00044217973481863737
0.905578231292517,329.3731,0.0004272646619938314
0.9287981859410431,326.3074,0.0005479557439684868
0.9520181405895691,335.1257,0.000660132966004312
0.9752380952380952,351.95233,0.0006160158663988113
0.9984580498866213,365.04593,0.001044627046212554
1.0216780045351475,366.41705,0.000944323546718806
1.0448979591836736,365.08527,0.0009398403926752508
1.0681179138321997,360.5519,0.0007619327516295016
1.0913378684807256,357.7377,0.0006945295026525855
1.1145578231292517,361.1278,0.0010515506146475673
1.1377777777777778,374.6016,0.0009269194561056793
1.1609977324263039,397.08942,0.0016617156798020005
1.18421768707483,409.53333,0.002249309793114662
1.207437641723356,413.60278,0.002264940645545721
1.2306575963718822,410.36945,0.001929254038259387
1.253877551020408,403.73102,0.0015681420918554068
1.2770975056689342,400.368,0.0022058149334043264
1.3003174603174603,408.947,0.003121691755950451
1.3235374149659864,427.6675,0.002830748911947012
1.3467573696145125,447.76834,0.0031087058596313
1.3699773242630386,456.19717,0.0032585016451776028
1.3931972789115648,449.86026,0.0034081784542649984
1.4164172335600906,441.21713,0.004081404767930508
1.4396371882086167,442.07623,0.003880757372826338
1.4628571428571429,458.59766,0.005845231004059315
1.486077097505669,485.0556,0.003725881688296795
1.509297052154195,511.65396,0.005019626580178738
1.5325170068027212,516.3434,0.004647940397262573
1.5557369614512473,508.9327,0.0033765980042517185
1.5789569160997732,499.7652,0.003887677565217018
1.6021768707482993,503.0377,0.0047484152019023895
1.6253968253968254,518.5804,0.010722463019192219
1.6486167800453515,535.0937,0.014488131739199162
1.6718367346938776,546.7332,0.014313345775008202
1.6950566893424037,547.54553,0.01331315003335476
1.7182766439909298,543.9967,0.013923609629273415
1.7414965986394557,550.75757,0.01766255684196949
1.7647165532879818,571.31256,0.01235879585146904
1.787936507936508,598.28174,0.016114145517349243
1.811156462585034,609.67145,0.021798286586999893
1.8343764172335602,612.40546,0.025047950446605682
1.8575963718820863,611.4516,0.022339338436722755
1.8808163265306124,606.4215,0.019496958702802658
1.9040362811791383,596.6513,0.01211461890488863
1.9272562358276644,579.7549,0.02233363687992096
1.9504761904761905,551.26355,0.013383403420448303
1.9736961451247166,535.4605,0.014477523043751717
1.9969160997732427,532.1363,0.014898915775120258
2.020136054421769,534.28754,0.013870722614228725
2.043356009070295,533.239,0.01187540590763092
2.066575963718821,526.5122,0.009097849950194359
2.089795918367347,508.3484,0.006798716261982918
2.1130158730158732,485.485,0.010356448590755463
2.1362358276643993,482.77124,0.00946124643087387
2.159455782312925,493.74496,0.0075231995433568954
2.182675736961451,508.3595,0.008597888052463531
2.2058956916099772,509.83798,0.00801379419863224
2.2291156462585033,500.38013,0.00688830716535449
2.2523356009070294,484.17496,0.008524982258677483
2.2755555555555556,463.86026,0.005307054612785578
2.2987755102040817,448.1335,0.0055254800245165825
2.3219954648526078,448.1278,0.005356266163289547
2.345215419501134,453.2975,0.0046182675287127495
2.36843537414966,451.66083,0.004959405399858952
2.391655328798186,438.10913,0.005177409388124943
2.414875283446712,415.40082,0.004115999676287174
2.4380952380952383,395.82556,0.0032917449716478586
2.4613151927437644,389.90283,0.0032303822226822376
2.48453514739229,396.34552,0.0030626803636550903
2.507755102040816,403.24612,0.0032644057646393776
2.5309750566893423,400.5091,0.002776283770799637
2.5541950113378684,388.10846,0.0029201037250459194
2.5774149659863945,368.2778,0.0018698256462812424
2.6006349206349206,351.61337,0.0012438612757250667
2.6238548752834467,345.822,0.001356792519800365
2.647074829931973,354.2259,0.001455314690247178
2.670294784580499,89.5423,0.0013628145679831505
2.693514739229025,354.0964,0.0010708090849220753
2.716734693877551,341.7546,0.0015772719634696841
2.7399546485260773,332.21375,0.0010935580357909203
2.7631746031746034,325.55118,0.001176538411527872
2.7863945578231295,327.07275,0.0015107027720659971
2.809614512471655,332.0685,0.0018916339613497257
2.8328344671201813,335.06168,0.0018454159144312143
2.8560544217687074,333.68982,0.00126642978284508
2.8792743764172335,327.34747,0.0006303332047536969
2.9024943310657596,307.66278,0.0006638650083914399
2.9257142857142857,289.40494,0.000778667104896158
2.948934240362812,284.27753,0.0006742618279531598
2.972154195011338,288.132,0.0006167118554003537
2.995374149659864,294.06546,0.0005880031967535615
3.01859410430839,296.34387,0.0005569187924265862
3.0418140589569163,293.5835,0.0006496509304270148
3.0650340136054424,285.68314,0.000660989317111671
3.0882539682539685,270.06635,0.0006320433458313346
3.1114739229024946,260.73926,0.0006936736754141748
3.1346938775510207,261.5564,0.0006657493067905307
3.1579138321995464,265.22205,0.0005922963609918952
3.1811337868480725,265.7978,0.000602204236201942
3.2043537414965986,262.43137,0.0006220105569809675
3.2275736961451247,258.96967,0.0005300561897456646
3.250793650793651,256.79282,0.00046060100430622697
3.274013605442177,257.01987,0.0004772737738676369
3.297233560090703,261.96017,0.00044360931497067213
3.320453514739229,267.039,0.0004118783981539309
3.3436734693877552,267.8625,0.00044204178266227245
3.3668934240362813,263.28043,0.0005010016029700637
3.3901133786848074,85.661766,0.0004209691542200744
3.4133333333333336,250.3391,0.00037605303805321455
3.4365532879818597,252.38757,0.00042442683479748666
3.4597732426303858,261.91006,0.00040619540959596634
3.4829931972789114,271.0167,0.00044709231588058174
3.5062131519274375,274.74615,0.0003837292024400085
3.5294331065759637,269.45874,0.00044057233026251197
3.5526530612244898,260.55896,0.0004977014614269137
3.575873015873016,252.78842,0.00037387089105322957
3.599092970521542,248.24419,0.0004179514944553375
3.622312925170068,256.0969,0.0004979399382136762
3.645532879818594,265.58923,0.0004473809967748821
3.6687528344671203,270.91553,0.0004098159843124449
3.6919727891156464,268.28348,0.0004992985632270575
3.7151927437641725,259.18884,0.0004752399690914899
3.7384126984126986,248.52249,0.000412089197197929
3.7616326530612247,244.60023,0.0004141899407841265
3.784852607709751,251.5439,0.000436806702055037
3.8080725623582765,263.1537,0.0004771304375026375
3.8312925170068026,270.88406,0.00041023961966857314
3.8545124716553287,270.84283,0.00046557263704016805
3.877732426303855,261.89255,0.0005235152784734964
3.900952380952381,253.63174,0.0004137696814723313
3.924172335600907,246.56992,0.0004114606708753854
3.947392290249433,249.82843,0.00041994842467829585
3.9706122448979593,259.2341,0.00047200650442391634
3.9938321995464854,268.13885,0.00040905328933149576
4.017052154195011,269.57114,0.00044912853627465665
4.040272108843538,263.35257,0.0005239831516519189
4.063492063492063,254.64629,0.0004097744240425527
4.08671201814059,246.19348,0.0003992802230641246
4.1099319727891155,248.27222,0.0003906174097210169
4.133151927437642,85.94391,0.00043932435801252723
4.156371882086168,269.8402,0.0003901031450368464
4.179591836734694,271.00815,0.0004234089865349233
4.20281179138322,262.51797,0.0004467313992790878
4.2260317460317465,253.38603,0.0003387543838471174
4.249251700680272,245.24762,0.0003453001845628023
4.272471655328799,258.84424,0.0003991791745647788
4.295691609977324,276.16452,0.00035035639302805066
4.31891156462585,276.97787,7.610416651004925e-05
4.342131519274377,0.0,4.634717697626911e-06
4.365351473922902,0.0,1.258278643945232e-06
4.388571428571429,0.0,4.2156443669227883e-07
4.4117913832199545,0.0,2.643519110279158e-07
4.435011337868481,0.0,2.872766344808042e-07
4.458231292517007,0.0,1.6899412003112957e-07
4.481451247165533,0.0,1.2185410014353693e-07
4.504671201814059,0.0,3.855166141875088e-08
4.527891156462585,0.0,5.818310455651954e-08
4.551111111111111,0.0,1.1397241905797273e-07
4.574331065759638,0.0,2.7580153982853517e-07
4.597551020408163,0.0,3.5680750443134457e-07
4.62077097505669,0.0,6.956543074920774e-08
4.6439909297052155,0.0,1.8181708583142608e-07
4.667210884353741,0.0,1.6914600564632565e-07
4.690430839002268,0.0,1.6468038666062057e-07
4.713650793650793,0.0,1.1067913874285296e-07
4.73687074829932,0.0,1.1794418242061511e-07
4.760090702947846,0.0,2.3387838155031204e-07
4.783310657596372,0.0,1.752314346958883e-07
4.806530612244898,0.0,3.4769982448779047e-08
4.829750566893424,0.0,1.0599069355521351e-07
4.85297052154195,0.0,5.6408680393360555e-08
4.876190476190477,0.0,4.859884938923642e-08
4.899410430839002,0.0,9.00699888006784e-08
4.922630385487529,0.0,4.360481398180127e-08
4.9458503401360545,0.0,6.044137990102172e-08
4.96907029478458,0.0,7.096514309523627e-08
4.992290249433107,0.0,5.83522705710493e-08
5.015510204081632,0.0,3.501736500766128e-08
5.038730158730159,0.0,6.29079295322299e-08
5.061950113378685,0.0,1.3866792869521305e-07
5.085170068027211,0.0,2.1616233425447717e-07
5.108390022675737,0.0,1.2087912182323635e-07
5.131609977324263,0.0,6.38756318949163e-08
5.154829931972789,0.0,6.862228474346921e-08
5.178049886621316,0.0,9.020732250064611e-08
5.201269841269841,0.0,9.015911928145215e-08
