0.0,0.0,2.965225576190278e-08
0.023219954648526078,0.0,2.636625140439719e-08
0.046439909297052155,0.0,3.23525455314666e-08
0.06965986394557823,0.0,5.5153577704913914e-08
0.09287981859410431,0.0,4.278354026610032e-08
0.11609977324263039,0.0,2.589149517007172e-08
0.13931972789115646,0.0,2.5221197574865073e-08
0.16253968253968254,0.0,5.039328243583441e-08
0.18575963718820862,0.0,1.842454366851598e-08
0.2089795918367347,0.0,4.274170350981876e-08
0.23219954648526078,0.0,2.48137439484708e-08
0.25541950113378686,0.0,1.6511876310687512e-08
0.2786394557823129,0.0,4.707362677436322e-08
0.301859410430839,0.0,5.396850610850379e-08
0.3250793650793651,363.9531,4.372552939457819e-05
0.3482993197278912,368.67987,9.138543100561947e-05
0.37151927437641724,361.22653,0.00012121169856982306
0.3947392290249433,359.2268,0.000152281834743917
0.4179591836734694,359.94775,0.0001929422578541562
0.44117913832199546,359.1048,0.0002143433375749737
0.46439909297052157,3191.6733,0.00018710570293478668
0.4876190476190476,355.64056,0.00018951007223222405
0.5108390022675737,366.61707,0.0004085627442691475
0.5340589569160998,392.42078,0.0007660032715648413
0.5572789115646258,406.94107,0.0010486182291060686
0.5804988662131519,412.78143,0.001065543619915843
0.603718820861678,407.6247,0.0009449684293940663
0.626938775510204,397.09067,0.0008260096074081957
0.6501587301587302,395.27924,0.0010880654444918036
0.6733786848072563,413.5915,0.001970029901713133
0.6965986394557824,440.43515,0.0022617229260504246
0.7198185941043084,460.33722,0.0022557710763067007
0.7430385487528345,460.86923,0.0024748900905251503
0.7662585034013606,449.09732,0.00264767580665648
0.7894784580498866,439.9523,0.0026299685705453157
0.8126984126984127,440.68213,0.0031191641464829445
0.8359183673469388,458.6486,0.003558263648301363
0.8591383219954649,482.3403,0.0035538969095796347
0.8823582766439909,492.21582,0.0027693817391991615
0.905578231292517,490.5628,0.004096530843526125
0.9287981859410431,480.1969,0.003806766588240862
0.9520181405895691,471.47134,0.003698927816003561
0.9752380952380952,474.5314,0.004140687175095081
0.9984580498866213,491.056,0.003360108006745577
1.0216780045351475,525.7933,0.0029951645992696285
1.0448979591836736,544.13153,0.0024626399390399456
1.0681179138321997,551.5523,0.0022525712847709656
1.0913378684807256,546.91754,0.0019092496950179338
1.1145578231292517,537.80273,0.0024332732427865267
1.1377777777777778,535.6902,0.0037811335641890764
1.1609977324263039,555.2077,0.012865890748798847
1.18421768707483,576.6751,0.011714857071638107
1.207437641723356,607.0403,0.02516457438468933
1.2306575963718822,614.13025,0.027028363198041916
1.253877551020408,616.12604,0.03014274127781391
1.2770975056689342,614.5872,0.035774096846580505
1.3003174603174603,615.9578,0.046672724187374115
1.3235374149659864,639.0546,0.11039351671934128
1.3467573696145125,679.7067,0.08735530823469162
1.3699773242630386,717.2269,0.07770906388759613
1.3931972789115648,723.84607,0.09632088243961334
1.4164172335600906,715.77856,0.07126826792955399
1.4396371882086167,700.84326,0.11335740983486176
1.4628571428571429,699.6346,0.09722550958395004
1.486077097505669,713.2955,0.11126808822154999
1.509297052154195,728.26337,0.1375657618045807
1.5325170068027212,743.2097,0.10814417898654938
1.5557369614512473,750.74963,0.11031420528888702
1.5789569160997732,751.7261,0.11160996556282043
1.6021768707482993,753.10034,0.0977851003408432
1.6253968253968254,766.3463,0.14175927639007568
1.6486167800453515,805.1239,0.19964838027954102
1.6718367346938776,835.3661,0.1964496672153473
1.6950566893424037,854.029,0.17879466712474823
1.7182766439909298,852.1881,0.18279889225959778
1.7414965986394557,837.8878,0.19132530689239502
1.7647165532879818,829.3376,0.21985217928886414
1.787936507936508,827.20276,0.22624021768569946
1.811156462585034,811.8026,0.16558171808719635
1.8343764172335602,745.2468,0.2093961238861084
1.8575963718820863,720.5393,0.23420962691307068
1.8808163265306124,721.5312,0.25416237115859985
1.9040362811791383,730.6076,0.16751225292682648
1.9272562358276644,742.50555,0.1370159536600113
1.9504761904761905,743.3394,0.16505905985832214
1.9736961451247166,726.4502,0.23023200035095215
1.9969160997732427,693.48425,0.30552834272384644
2.020136054421769,670.8992,0.2745007574558258
2.043356009070295,665.6509,0.26001185178756714
2.066575963718821,672.1069,0.21310138702392578
2.089795918367347,679.86,0.18450096249580383
2.1130158730158732,675.0864,0.1520845592021942
2.1362358276643993,658.10016,0.05719155818223953
2.159455782312925,615.028,0.025486253201961517
2.182675736961451,583.5318,0.017745278775691986
2.2058956916099772,577.44336,0.019434811547398567
2.2291156462585033,584.8011,0.015274444594979286
2.2523356009070294,595.02875,0.009707687422633171
2.2755555555555556,590.975,0.010174399241805077
2.2987755102040817,1173.497,0.015460474416613579
2.3219954648526078,568.763,0.010206764563918114
2.345215419501134,542.7613,0.004424260929226875
2.36843537414966,527.653,0.005588376894593239
2.391655328798186,533.8431,0.004757413640618324
2.414875283446712,538.7503,0.004774272441864014
2.4380952380952383,541.07983,0.0037988563999533653
2.4613151927437644,535.0571,0.004555612336844206
2.48453514739229,523.38855,0.006064542103558779
2.507755102040816,502.8606,0.007135692052543163
2.5309750566893423,482.24606,0.008539633825421333
2.5541950113378684,475.50302,0.007353062275797129
2.5774149659863945,477.04196,0.007224465720355511
2.6006349206349206,480.9462,0.007016880437731743
2.6238548752834467,478.25278,0.006397144868969917
2.647074829931973,466.97382,0.004926285706460476
2.670294784580499,452.36337,0.003807004075497389
2.693514739229025,440.16913,0.0035664374008774757
2.716734693877551,439.17923,0.003478306345641613
2.7399546485260773,445.39865,0.003547399304807186
2.7631746031746034,449.53604,0.003389608347788453
2.7863945578231295,447.6458,0.0032045391853898764
2.809614512471655,437.81314,0.002632873598486185
2.8328344671201813,420.87964,0.002247377298772335
2.8560544217687074,402.64508,0.0017674085684120655
2.8792743764172335,397.2165,0.0018983848858624697
2.9024943310657596,400.3436,0.002024187706410885
2.9257142857142857,404.26657,0.001647435245104134
2.948934240362812,402.26645,0.0013033169088885188
2.972154195011338,394.1783,0.0009815944358706474
2.995374149659864,376.44547,0.0006600148626603186
3.01859410430839,353.86853,0.0005503984284587204
3.0418140589569163,347.37146,0.0004378923331387341
3.0650340136054424,358.3498,0.0005973975639790297
3.0882539682539685,365.9478,0.0007870432455092669
3.1114739229024946,363.09476,0.0006598372128792107
3.1346938775510207,359.0977,0.00042302889050915837
3.1579138321995464,350.5446,0.0004642488493118435
3.1811337868480725,344.66806,0.0005583062884397805
3.2043537414965986,346.33408,0.0004385262436699122
3.2275736961451247,354.93716,0.0004834095889236778
3.250793650793651,367.46954,0.0007505102548748255
3.274013605442177,369.45645,0.0006409145426005125
3.297233560090703,366.9872,0.0004992978647351265
3.320453514739229,352.85046,0.0005098762921988964
3.3436734693877552,339.10538,0.0006331881741061807
3.3668934240362813,341.87994,0.00046185130486264825
3.3901133786848074,350.96692,0.0004498089838307351
3.4133333333333336,364.60782,0.0006919129518792033
3.4365532879818597,367.37943,0.0006003961898386478
3.4597732426303858,362.92923,0.00045065535232424736
3.4829931972789114,349.28796,0.0005018183728680015
3.5062131519274375,337.92316,0.0005671720718964934
3.5294331065759637,339.3807,0.00048305437667295337
3.5526530612244898,346.18857,0.00036221774644218385
3.575873015873016,362.63635,0.000552788726054132
3.599092970521542,368.9689,0.0005269416724331677
3.622312925170068,366.82346,0.00044725657789967954
3.645532879818594,359.65768,0.00038213719381019473
3.6687528344671203,347.09357,0.00042018151725642383
3.6919727891156464,340.09335,0.0004834257415495813
3.7151927437641725,341.14795,0.000423215824412182
3.7384126984126986,347.77844,0.00040384032763540745
3.7616326530612247,362.78687,0.0005261357873678207
3.784852607709751,367.18573,0.0005429066950455308
3.8080725623582765,363.50916,0.00039472128264606
3.8312925170068026,354.86237,0.00029397051548585296
3.8545124716553287,343.53418,0.00044485105900093913
3.877732426303855,342.42703,0.0004453239089343697
3.900952380952381,86.361305,0.0002938494726549834
3.924172335600907,358.3403,0.0004692255170084536
3.947392290249433,367.7875,0.0004867477691732347
3.9706122448979593,364.4044,0.0003676961059682071
3.9938321995464854,704.1292,0.0003860155993606895
4.017052154195011,338.16,0.00040084015927277505
4.040272108843538,337.1706,0.0004408679960761219
4.063492063492063,695.7712,0.0004546581767499447
4.08671201814059,364.14203,0.0006792332860641181
4.1099319727891155,368.60873,0.000515967549290508
4.133151927437642,357.80435,0.0003216425538994372
4.156371882086168,348.9764,0.00035354902502149343
4.179591836734694,361.64062,0.00044078670907765627
4.20281179138322,368.00146,0.00011271700350334868
4.2260317460317465,0.0,6.7370037868386135e-06
4.249251700680272,0.0,1.5532250472460873e-06
4.272471655328799,0.0,1.9678464013850316e-07
4.295691609977324,0.0,1.263233571080491e-07
4.31891156462585,0.0,5.998936103424057e-08
4.342131519274377,0.0,2.950946509372443e-08
4.365351473922902,0.0,3.774948709178716e-08
4.388571428571429,0.0,3.1785020837560296e-08
4.4117913832199545,0.0,4.3630279833450913e-08
4.435011337868481,0.0,1.7423190001863986e-08
4.458231292517007,0.0,9.014547686092556e-08
4.481451247165533,0.0,9.034920367412269e-08
4.504671201814059,0.0,8.112965588225052e-08
4.527891156462585,0.0,5.521360435523093e-08
4.551111111111111,0.0,1.2011696526315063e-07
4.574331065759638,0.0,1.1307383829262108e-07
4.597551020408163,0.0,1.7739421309670433e-07
4.62077097505669,0.0,7.603830454172567e-08
4.6439909297052155,0.0,3.65253072232008e-08
4.667210884353741,0.0,2.107663021888584e-08
4.690430839002268,0.0,2.985052560688928e-08
