0.0,0.0,7.658854883629829e-08
0.023219954648526078,0.0,3.177956386934966e-08
0.046439909297052155,0.0,3.482909960439429e-08
0.06965986394557823,0.0,6.340815161820501e-08
0.09287981859410431,0.0,9.781433618627489e-08
0.11609977324263039,0.0,8.267397788586095e-08
0.13931972789115646,0.0,1.0627536539686844e-07
0.16253968253968254,259.9319,2.6556423108559102e-05
0.18575963718820862,273.97574,7.80244154157117e-05
0.2089795918367347,270.614,0.00013387223589234054
0.23219954648526078,272.10675,0.00022455160797107965
0.25541950113378686,275.1576,0.0002461654949001968
0.2786394557823129,277.27524,0.00029533353517763317
0.301859410430839,279.40186,0.00040412365342490375
0.3250793650793651,281.1281,0.0005440081004053354
0.3482993197278912,283.10593,0.0006076906574890018
0.37151927437641724,284.90784,0.0006711308378726244
0.3947392290249433,284.9716,0.0006364007713273168
0.4179591836734694,282.92368,0.0006633628509007394
0.44117913832199546,282.44916,0.0006597850006073713
0.46439909297052157,284.49796,0.0005663374322466552
0.4876190476190476,292.2226,0.00036976009141653776
0.5108390022675737,307.95053,0.000518311804626137
0.5340589569160998,320.939,0.0007334957481361926
0.5572789115646258,321.70197,0.0005812648450955749
0.5804988662131519,316.8984,0.00035683478927239776
0.603718820861678,311.81717,0.000383168866392225
0.626938775510204,316.12897,0.0009320328827016056
0.6501587301587302,325.59677,0.0011973577784374356
0.6733786848072563,338.9175,0.0013217556988820434
0.6965986394557824,346.53433,0.001117128413170576
0.7198185941043084,343.63278,0.0013859730679541826
0.7430385487528345,340.0127,0.0013806099304929376
0.7662585034013606,337.10406,0.001413609366863966
0.7894784580498866,340.42554,0.0012588496319949627
0.8126984126984127,348.04034,0.0010947422124445438
0.8359183673469388,357.18503,0.0013904954539611936
0.8591383219954649,366.05045,0.0020329286344349384
0.8823582766439909,366.18427,0.0016200647223740816
0.905578231292517,367.72955,0.0017466479912400246
0.9287981859410431,366.49,0.001514204777777195
0.9520181405895691,365.18893,0.0015432925429195166
0.9752380952380952,364.29333,0.001500236103311181
0.9984580498866213,368.13223,0.0010965639958158135
1.0216780045351475,383.6838,0.0011771697318181396
1.0448979591836736,397.78006,0.0030591809190809727
1.0681179138321997,402.49698,0.0021372807677835226
1.0913378684807256,398.0046,0.0009927286300808191
1.1145578231292517,391.5254,0.0006259148940443993
1.1377777777777778,391.61954,0.0029270355589687824
1.1609977324263039,826.1459,0.0044410559348762035
1.18421768707483,439.86462,0.0019384267507120967
1.207437641723356,465.75052,0.002136572264134884
1.2306575963718822,471.9019,0.002053496427834034
1.253877551020408,456.8122,0.002527062315493822
1.2770975056689342,445.40707,0.0025315904058516026
1.3003174603174603,450.94684,0.003440335625782609
1.3235374149659864,483.42734,0.0036538797430694103
1.3467573696145125,525.73004,0.0016369486693292856
1.3699773242630386,538.64166,0.001739869941957295
1.3931972789115648,541.4807,0.0030548572540283203
1.4164172335600906,531.9713,0.0037112811114639044
1.4396371882086167,519.22845,0.0033814096823334694
1.4628571428571429,515.92224,0.0037365974858403206
1.486077097505669,528.4797,0.004524766467511654
1.509297052154195,551.1848,0.0033389751333743334
1.5325170068027212,570.4042,0.0064575932919979095
1.5557369614512473,569.9776,0.006266945973038673
1.5789569160997732,564.5914,0.005335129331797361
1.6021768707482993,544.88104,0.006020836532115936
1.6253968253968254,543.6501,0.004215158987790346
1.6486167800453515,575.0469,0.004545200616121292
1.6718367346938776,614.5356,0.011029304936528206
1.6950566893424037,637.75415,0.022456016391515732
1.7182766439909298,642.48236,0.011523861438035965
1.7414965986394557,617.483,0.0031303446739912033
1.7647165532879818,554.17194,0.005759218707680702
1.787936507936508,509.0994,0.00874311849474907
1.811156462585034,497.7446,0.007491284981369972
1.8343764172335602,517.4592,0.0022137637715786695
1.8575963718820863,538.4172,0.0011017527431249619
1.8808163265306124,561.4962,0.0014019700465723872
1.9040362811791383,536.25665,0.0013631079345941544
1.9272562358276644,537.8647,0.00286236684769392
1.9504761904761905,511.42203,0.0053314389660954475
1.9736961451247166,496.1128,0.00964292325079441
1.9969160997732427,491.34528,0.006859802640974522
2.020136054421769,499.58597,0.001546257990412414
2.043356009070295,521.42224,0.001700319000519812
2.066575963718821,522.5767,0.0017239368753507733
2.089795918367347,509.04593,0.004239385947585106
2.1130158730158732,485.67523,0.004025652538985014
2.1362358276643993,456.54523,0.0027724942192435265
2.159455782312925,446.5449,0.0023753829300403595
2.182675736961451,453.87946,0.002724314806982875
2.2058956916099772,459.69815,0.0022992538288235664
2.2291156462585033,456.70407,0.001918022520840168
2.2523356009070294,440.51645,0.0029911648016422987
2.2755555555555556,417.6961,0.0017872637836262584
2.2987755102040817,399.88013,0.0017121753189712763
2.3219954648526078,399.75735,0.0025702985003590584
2.345215419501134,407.46533,0.002511322032660246
2.36843537414966,412.14944,0.0023547527380287647
2.391655328798186,407.40253,0.0011833328753709793
2.414875283446712,393.76056,0.0008094571530818939
2.4380952380952383,376.73083,0.000773673877120018
2.4613151927437644,364.2097,0.0006831707432866096
2.48453514739229,361.52554,0.0006282805115915835
2.507755102040816,363.77673,0.000859432271681726
2.5309750566893423,367.76465,0.0008022001129575074
2.5541950113378684,368.12964,0.0007250166381709278
2.5774149659863945,362.65314,0.0003860387369059026
2.6006349206349206,345.46695,0.000504237599670887
2.6238548752834467,340.78152,0.0005435824859887362
2.647074829931973,340.35806,0.0004895853926427662
2.670294784580499,341.56638,0.00046381194260902703
2.693514739229025,343.94305,0.0004899155464954674
2.716734693877551,342.9421,0.0005646671634167433
2.7399546485260773,336.23553,0.0003350833721924573
2.7631746031746034,321.08218,0.00027416826924309134
2.7863945578231295,312.4959,0.0001755580015014857
2.809614512471655,309.1044,0.00019028200767934322
2.8328344671201813,313.87558,0.00030378371593542397
2.8560544217687074,319.9775,0.0003505091881379485
2.8792743764172335,322.27783,0.00028450050740502775
2.9024943310657596,314.44894,0.00021349042071960866
2.9257142857142857,292.29428,0.000328168913256377
2.948934240362812,271.12152,0.00022273049398791045
2.972154195011338,265.22467,0.00023653129755984992
2.995374149659864,266.0718,0.00031928837415762246
3.01859410430839,269.1658,0.0004125956038478762
3.0418140589569163,274.0087,0.0004298319108784199
3.0650340136054424,277.85297,0.0003931518876925111
3.0882539682539685,276.20923,0.0003280030796304345
3.1114739229024946,270.5135,0.0002247781667392701
3.1346938775510207,264.1827,0.00017760173068381846
3.1579138321995464,260.86627,0.00016209080058615655
3.1811337868480725,261.25665,0.0002514008665457368
3.2043537414965986,812.44727,0.00036564399488270283
3.2275736961451247,277.60046,0.00034431839594617486
3.250793650793651,282.47482,0.0003350726328790188
3.274013605442177,277.50452,0.00022575455659534782
3.297233560090703,267.46747,0.00013841103645972908
3.320453514739229,257.7103,0.00016769915237091482
3.3436734693877552,252.61412,0.00015104869089554995
3.3668934240362813,254.47867,9.94154397631064e-05
3.3901133786848074,261.13113,0.00015762311522848904
3.4133333333333336,270.3697,0.00018255301984027028
3.4365532879818597,280.12656,0.0001676288084127009
3.4597732426303858,283.4483,0.00016958719061221927
3.4829931972789114,275.12732,0.00012429483467712998
3.5062131519274375,263.2421,0.00011571589857339859
3.5294331065759637,252.54764,0.00017464751726947725
3.5526530612244898,248.9714,9.959276212612167e-05
3.575873015873016,258.37457,9.07944340724498e-05
3.599092970521542,274.97913,0.00010738697892520577
3.622312925170068,289.03308,0.0001053322630468756
3.645532879818594,288.6235,0.00011595824616961181
3.6687528344671203,274.85577,6.485439371317625e-05
3.6919727891156464,261.27274,6.799949915148318e-05
3.7151927437641725,251.26985,6.737749208696187e-05
3.7384126984126986,253.68016,4.5148270146455616e-05
3.7616326530612247,271.46323,6.59906945656985e-05
3.784852607709751,285.20154,3.2990676118060946e-05
3.8080725623582765,0.0,1.1525862646522e-06
3.8312925170068026,0.0,3.2613934308756143e-07
3.8545124716553287,0.0,8.387814887100831e-08
3.877732426303855,0.0,1.8041464500129223e-07
3.900952380952381,0.0,1.0424810170661658e-07
3.924172335600907,0.0,7.47168087400496e-08
3.947392290249433,0.0,8.897586667444557e-08
3.9706122448979593,0.0,7.009930413914844e-08
3.9938321995464854,0.0,1.7416914488421753e-07
4.017052154195011,0.0,1.980906745302491e-07
4.040272108843538,0.0,1.6118974599521607e-07
4.063492063492063,0.0,7.60337570682168e-09
