0.0,0.0,2.2118911147117615e-07
0.023219954648526078,0.0,2.6330144464736804e-07
0.046439909297052155,0.0,1.0502481018193066e-07
0.06965986394557823,0.0,1.377557055093348e-07
0.09287981859410431,0.0,1.2943200999870896e-07
0.11609977324263039,0.0,1.5165369404712692e-07
0.13931972789115646,0.0,1.2995315046282485e-07
0.16253968253968254,0.0,2.9084912966936827e-07
0.18575963718820862,0.0,8.970437193056569e-08
0.2089795918367347,0.0,2.045171640929766e-07
0.23219954648526078,27.766167,5.0220474804518744e-05
0.25541950113378686,448.4496,0.0003583118668757379
0.2786394557823129,485.54208,0.0011219005100429058
0.301859410430839,499.18466,0.002688168315216899
0.3250793650793651,167.86363,0.004132203757762909
0.3482993197278912,164.6831,0.0024295425973832607
0.37151927437641724,158.87785,0.002472078427672386
0.3947392290249433,159.2783,0.001909745973534882
0.4179591836734694,554.2119,0.001236415933817625
0.44117913832199546,202.19606,0.0021470135543495417
0.46439909297052157,212.64975,0.003471272997558117
0.4876190476190476,429.8204,0.0014248189982026815
0.5108390022675737,189.62471,0.001234853407368064
0.5340589569160998,538.54095,0.0014327537501230836
0.5572789115646258,544.8624,0.0012158205499872565
0.5804988662131519,575.0014,0.001816498814150691
0.603718820861678,209.77081,0.004034727346152067
0.626938775510204,225.39278,0.0029643457382917404
0.6501587301587302,232.08336,0.004061182960867882
0.6733786848072563,180.85452,0.0038684627506881952
0.6965986394557824,210.03596,0.0025905028451234102
0.7198185941043084,204.65445,0.0032592567149549723
0.7430385487528345,437.5971,0.0064847106114029884
0.7662585034013606,483.7794,0.00806698389351368
0.7894784580498866,248.85518,0.011406371369957924
0.8126984126984127,499.33,0.006382507737725973
0.8359183673469388,470.52396,0.006928248330950737
0.8591383219954649,231.21092,0.005976096726953983
0.8823582766439909,232.45786,0.005361284129321575
0.905578231292517,503.45844,0.009327441453933716
0.9287981859410431,261.0775,0.008594048209488392
0.9520181405895691,267.61896,0.0064823217689991
0.9752380952380952,267.5904,0.0054640816524624825
0.9984580498866213,264.58838,0.008017362095415592
1.0216780045351475,258.24612,0.007157623767852783
1.0448979591836736,555.9367,0.009063513949513435
1.0681179138321997,550.61755,0.017178095877170563
1.0913378684807256,573.0534,0.010487733408808708
1.1145578231292517,303.75488,0.01059984415769577
1.1377777777777778,303.39548,0.00769225787371397
1.1609977324263039,569.04596,0.005901464726775885
1.18421768707483,274.4575,0.002828082535415888
1.207437641723356,279.1683,0.004577926360070705
1.2306575963718822,297.0337,0.006586970761418343
1.253877551020408,322.18243,0.0012517611030489206
1.2770975056689342,2388.9023,0.0014557907124981284
1.3003174603174603,335.64523,0.003079288639128208
1.3235374149659864,318.36398,0.008915259502828121
1.3467573696145125,306.1738,0.011014580726623535
1.3699773242630386,920.14325,0.0019829629454761744
1.3931972789115648,679.9102,0.002192021580412984
1.4164172335600906,364.148,0.001762908766977489
1.4396371882086167,2652.3577,0.0022176243364810944
1.4628571428571429,2601.0027,0.005563508719205856
1.486077097505669,2456.534,0.005949812009930611
1.509297052154195,2392.8474,0.0031832545064389706
1.5325170068027212,348.21243,0.0019251932390034199
1.5557369614512473,2383.3137,0.005622802302241325
1.5789569160997732,811.3397,0.005627292208373547
1.6021768707482993,2416.87,0.007529821712523699
1.6253968253968254,811.15106,0.009640227071940899
1.6486167800453515,795.976,0.004918198101222515
1.6718367346938776,741.7929,0.00313724298030138
1.6950566893424037,341.57913,0.006468888372182846
1.7182766439909298,326.01413,0.016255397349596024
1.7414965986394557,322.74002,0.010022679343819618
1.7647165532879818,984.52124,0.0014162884326651692
1.787936507936508,356.43646,0.0016427579103037715
1.811156462585034,361.8127,0.0016512761358171701
1.8343764172335602,351.84253,0.002035627607256174
1.8575963718820863,971.83136,0.008119534701108932
1.8808163265306124,310.3129,0.012500107288360596
1.9040362811791383,302.694,0.009086288511753082
1.9272562358276644,311.86972,0.0038223043084144592
1.9504761904761905,326.5663,0.0013839522143825889
1.9736961451247166,330.90057,0.001959045883268118
1.9969160997732427,326.20685,0.008220965974032879
2.020136054421769,307.11078,0.007007028441876173
2.043356009070295,847.8388,0.004258353263139725
2.066575963718821,833.7742,0.0034396478440612555
2.089795918367347,284.93594,0.0034845545887947083
2.1130158730158732,294.86502,0.005822865758091211
2.1362358276643993,298.0755,0.005423224531114101
2.159455782312925,290.78586,0.002616564743220806
2.182675736961451,524.73816,0.006447096820920706
2.2058956916099772,246.3843,0.008389811962842941
2.2291156462585033,241.81548,0.006308618932962418
2.2523356009070294,253.82224,0.0036099147982895374
2.2755555555555556,541.4515,0.001182475360110402
2.2987755102040817,818.60144,0.0007475480670109391
2.3219954648526078,527.3389,0.0014510941691696644
2.345215419501134,490.32446,0.002118584932759404
2.36843537414966,442.19577,0.0027533199172466993
2.391655328798186,213.59267,0.003528350731357932
2.414875283446712,221.82083,0.003605302656069398
2.4380952380952383,237.56125,0.004547466058284044
2.4613151927437644,245.20386,0.004059432074427605
2.48453514739229,490.63144,0.002834413666278124
2.507755102040816,231.6505,0.0026118343230336905
2.5309750566893423,609.2887,0.0014899318339303136
2.5541950113378684,198.4348,0.0016533017624169588
2.5774149659863945,204.91634,0.0027236666064709425
2.6006349206349206,214.81096,0.004235268570482731
2.6238548752834467,225.59735,0.003881002077832818
2.647074829931973,223.24992,0.003060621675103903
2.670294784580499,430.32343,0.0013733949745073915
2.693514739229025,2427.4858,0.0014970400370657444
2.716734693877551,2543.7246,0.0017836401239037514
2.7399546485260773,907.4714,0.0018019158160313964
2.7631746031746034,2441.6472,0.0011148343328386545
2.7863945578231295,576.47406,0.0013438500463962555
2.809614512471655,2756.3801,0.0010711394716054201
2.8328344671201813,578.572,0.0010528559796512127
2.8560544217687074,131.94234,0.0017044340493157506
2.8792743764172335,486.17435,0.0022596530616283417
2.9024943310657596,476.43622,0.0031497657764703035
2.9257142857142857,161.74806,0.001460548839531839
2.948934240362812,513.9092,0.0009602395002730191
2.972154195011338,895.3341,0.0007080422947183251
2.995374149659864,903.3081,0.001092913094907999
3.01859410430839,522.52997,0.0015123356133699417
3.0418140589569163,167.69685,0.002041557105258107
3.0650340136054424,477.6659,0.002631931798532605
3.0882539682539685,152.84113,0.0021015419624745846
3.1114739229024946,156.7193,0.0018355239881202579
3.1346938775510207,508.3855,0.001019998686388135
3.1579138321995464,2350.8499,0.0009659964125603437
3.1811337868480725,2373.7646,0.0009467708878219128
3.2043537414965986,528.09735,0.0012854535598307848
3.2275736961451247,167.5879,0.0017528869211673737
3.250793650793651,475.83838,0.0026967599987983704
3.274013605442177,152.66394,0.0020919055677950382
3.297233560090703,155.82857,0.0013881390914320946
3.320453514739229,512.3672,0.0009367251768708229
3.3436734693877552,2370.5654,0.0007506028632633388
3.3668934240362813,2408.678,0.0007680262206122279
3.3901133786848074,535.0359,0.0009125833748839796
3.4133333333333336,489.60718,0.0017867640126496553
3.4365532879818597,462.89206,0.0024641172494739294
3.4597732426303858,153.94057,0.0010813467670232058
3.4829931972789114,2367.1665,0.00027643609791994095
3.5062131519274375,179.43823,2.4227007088484243e-05
3.5294331065759637,367.82736,1.4707377886225004e-05
3.5526530612244898,0.0,5.900035830563866e-06
3.575873015873016,0.0,4.401754267746583e-06
3.599092970521542,0.0,8.898268788470887e-07
3.622312925170068,0.0,2.6096586225321516e-07
3.645532879818594,0.0,2.540264176786877e-07
3.6687528344671203,0.0,2.011774995480664e-07
3.6919727891156464,0.0,3.042187017854303e-07
3.7151927437641725,0.0,3.856375769828446e-07
3.7384126984126986,0.0,3.0190221878001466e-07
3.7616326530612247,0.0,2.190136001445353e-07
3.784852607709751,0.0,2.736778696998954e-07
3.8080725623582765,0.0,2.117303665727377e-09
