0.0,0.0,1.6102694644359872e-07
0.023219954648526078,0.0,1.2438249541446567e-07
0.046439909297052155,0.0,1.8413902580505237e-07
0.06965986394557823,0.0,3.548075255821459e-07
0.09287981859410431,0.0,2.0933202904416248e-07
0.11609977324263039,0.0,1.3387671060627326e-07
0.13931972789115646,0.0,1.764819899108261e-07
0.16253968253968254,0.0,2.574706741143018e-07
0.18575963718820862,0.0,4.913536031381227e-07
0.2089795918367347,84.13634,9.874952957034111e-05
0.23219954648526078,167.47215,0.0002245994401164353
0.25541950113378686,173.78296,0.00021637450845446438
0.2786394557823129,176.87831,0.00022522808285430074
0.301859410430839,177.67162,0.00038276572013273835
0.3250793650793651,175.19876,0.00046819596900604665
0.3482993197278912,3275.4688,0.0005059820832684636
0.37151927437641724,171.54149,0.0005032757762819529
0.3947392290249433,170.89816,0.0004989082226529717
0.4179591836734694,171.71095,0.00041443525697104633
0.44117913832199546,176.04324,0.0003165143425576389
0.46439909297052157,3292.5613,0.0004962143138982356
0.4876190476190476,200.70735,0.0012487018248066306
0.5108390022675737,214.29594,0.0026611830107867718
0.5340589569160998,225.81068,0.0028537078760564327
0.5572789115646258,231.44006,0.0023603623267263174
0.5804988662131519,3390.6003,0.00322900852188468
0.603718820861678,3381.3218,0.0035451073199510574
0.626938775510204,230.15103,0.005067757330834866
0.6501587301587302,242.62064,0.005881786812096834
0.6733786848072563,258.5217,0.007353333290666342
0.6965986394557824,271.38153,0.007115066051483154
0.7198185941043084,270.77167,0.009232035838067532
0.7430385487528345,265.7115,0.007478389423340559
0.7662585034013606,264.50012,0.00659315288066864
0.7894784580498866,273.91898,0.003921320661902428
0.8126984126984127,309.04196,0.0030701307114213705
0.8359183673469388,333.04004,0.008281216956675053
0.8591383219954649,2121.202,0.015729006379842758
0.8823582766439909,2145.3008,0.017898820340633392
0.905578231292517,2122.6736,0.014469331130385399
0.9287981859410431,2093.3538,0.01387995295226574
0.9520181405895691,2084.8364,0.01793203502893448
0.9752380952380952,2102.306,0.023235633969306946
0.9984580498866213,2115.9163,0.02171439304947853
1.0216780045351475,2111.8545,0.017184197902679443
1.0448979591836736,346.20175,0.012132413685321808
1.0681179138321997,333.9313,0.00910935364663601
1.0913378684807256,2135.1511,0.005849242676049471
1.1145578231292517,281.28397,0.00537897041067481
1.1377777777777778,2143.556,0.007011283189058304
1.1609977324263039,2140.4268,0.007704871241003275
1.18421768707483,2164.082,0.008241519331932068
1.207437641723356,268.31357,0.0060289762914180756
1.2306575963718822,259.26404,0.004134249873459339
1.253877551020408,229.04495,0.0028499672189354897
1.2770975056689342,3292.4897,0.0016496109310537577
1.3003174603174603,204.89967,0.0017288699746131897
1.3235374149659864,3351.539,0.0018869888735935092
1.3467573696145125,3361.1865,0.0015396985691040754
1.3699773242630386,207.61551,0.001359919784590602
1.3931972789115648,199.43195,0.0011931448243558407
1.4164172335600906,3386.2742,0.0011169181670993567
1.4396371882086167,165.17834,0.0006503306794911623
1.4628571428571429,158.42738,0.00048276351299136877
1.486077097505669,159.28763,0.0005864552804268897
1.509297052154195,165.43268,0.0006508386577479541
1.5325170068027212,169.3809,0.0006663675885647535
1.5557369614512473,2141.2358,0.0005648055812343955
1.5789569160997732,2147.026,0.0005656663561239839
1.6021768707482993,346.4461,0.0006239881040528417
1.6253968253968254,164.41394,0.00038492068415507674
1.6486167800453515,311.33707,0.00035349727841094136
1.6718367346938776,155.95822,0.0002299401821801439
1.6950566893424037,159.4602,0.00033510487992316484
1.7182766439909298,165.58707,0.00033389125019311905
1.7414965986394557,168.89992,0.0002948791952803731
1.7647165532879818,168.39725,0.00026395104941911995
1.787936507936508,164.82788,0.00017500636749900877
1.811156462585034,158.638,3.978708264185116e-05
1.8343764172335602,149.96648,2.2030646505299956e-05
1.8575963718820863,152.24574,2.9595199521281756e-05
1.8808163265306124,165.57256,3.405020834179595e-05
1.9040362811791383,172.31348,1.1661161806841847e-05
1.9272562358276644,0.0,5.587662599282339e-06
1.9504761904761905,0.0,1.532358510303311e-06
1.9736961451247166,0.0,6.859645509393886e-07
1.9969160997732427,0.0,2.2384028852684423e-07
2.020136054421769,0.0,3.3056949177989736e-07
2.043356009070295,0.0,2.6326688384870067e-07
2.066575963718821,0.0,6.226036930456758e-08
