0.0,0.0,4.42723830929026e-08
0.023219954648526078,0.0,1.2737564247800037e-07
0.046439909297052155,0.0,4.572484613163397e-08
0.06965986394557823,0.0,6.425216270145029e-08
0.09287981859410431,0.0,6.443406164180487e-08
0.11609977324263039,0.0,1.6749982023611665e-07
0.13931972789115646,0.0,8.067490853136405e-08
0.16253968253968254,0.0,2.8100657800678164e-08
0.18575963718820862,0.0,9.145514923147857e-08
0.2089795918367347,0.0,3.84174200007692e-07
0.23219954648526078,147.55437,2.7214791771257296e-05
0.25541950113378686,277.02148,7.201272819656879e-05
0.2786394557823129,280.80222,0.00010697359539335594
0.301859410430839,144.93954,0.00015964132035151124
0.3250793650793651,141.07465,0.00020594023226294667
0.3482993197278912,136.01147,0.00029179113334976137
0.37151927437641724,263.77277,0.00029186002211645246
0.3947392290249433,257.24057,0.00023387640248984098
0.4179591836734694,127.14232,0.0001393678248859942
0.44117913832199546,124.75366,0.00014411407755687833
0.46439909297052157,123.181625,0.00016742080333642662
0.4876190476190476,123.161865,0.00020519796817097813
0.5108390022675737,129.78888,0.00024286832194775343
0.5340589569160998,290.64175,0.00014046118303667754
0.5572789115646258,164.77847,0.00021555661805905402
0.5804988662131519,170.27347,0.00023646026966162026
0.603718820861678,170.88214,0.00022895820438861847
0.626938775510204,171.34805,0.000213407285627909
0.6501587301587302,174.64725,0.00020142385619692504
0.6733786848072563,185.33981,0.00041618809336796403
0.6965986394557824,192.45023,0.0008273151470348239
0.7198185941043084,197.85794,0.0005507230525836349
0.7430385487528345,3221.9607,0.0005721226334571838
0.7662585034013606,2181.4744,0.000623138330411166
0.7894784580498866,3316.5662,0.0002738879411481321
0.8126984126984127,196.33304,0.00015204682131297886
0.8359183673469388,205.77739,0.00036301795626059175
0.8591383219954649,221.81676,0.0010153099428862333
0.8823582766439909,238.21523,0.0015610517002642155
0.905578231292517,253.69543,0.001461663981899619
0.9287981859410431,261.03696,0.0017904004780575633
0.9520181405895691,258.31873,0.0019050607224926353
0.9752380952380952,254.16234,0.0013290015049278736
0.9984580498866213,2265.1162,0.0014386961702257395
1.0216780045351475,253.62708,0.0019930133130401373
1.0448979591836736,253.77339,0.0016304193995893002
1.0681179138321997,247.30743,0.0016882106428965926
1.0913378684807256,237.89124,0.0010602459078654647
1.1145578231292517,2145.8672,0.0006060522864572704
1.1377777777777778,3200.8806,0.00039503342122770846
1.1609977324263039,189.21535,0.0004330528317950666
1.18421768707483,2128.1624,0.0003723629342857748
1.207437641723356,196.19264,0.0003193950979039073
1.2306575963718822,194.73723,0.00021778640802949667
1.253877551020408,186.24821,0.00026137937675230205
1.2770975056689342,333.8986,0.00031716201920062304
1.3003174603174603,305.03815,0.0002840886591002345
1.3235374149659864,149.78152,0.0002424699196126312
1.3467573696145125,153.92159,0.00013283763837534934
1.3699773242630386,157.82266,8.371623698621988e-05
1.3931972789115648,157.61229,8.278777386294678e-05
1.4164172335600906,150.69496,0.00016733462689444423
1.4396371882086167,285.3025,0.00032078110962174833
1.4628571428571429,123.97351,0.0002197499998146668
1.486077097505669,117.25785,0.00020827032858505845
1.509297052154195,115.45633,0.00015444259042851627
1.5325170068027212,114.63683,0.00016526655235793442
1.5557369614512473,114.92696,0.00017745538207236677
1.5789569160997732,117.30331,0.00017806624236982316
1.6021768707482993,119.42878,0.0002098669356200844
1.6253968253968254,120.953064,0.0002330892311874777
1.6486167800453515,80.1527,0.00027884411974810064
1.6718367346938776,120.5046,0.0002652074908837676
1.6950566893424037,118.90336,0.00022050822735764086
1.7182766439909298,117.52688,0.00016456881712656468
1.7414965986394557,118.11873,0.0001520467922091484
1.7647165532879818,120.83914,0.00017836327606346458
1.787936507936508,124.79138,0.00011487321899039671
1.811156462585034,128.07904,6.411060894606635e-05
1.8343764172335602,128.6945,2.230497557320632e-05
1.8575963718820863,126.94251,1.031713964039227e-05
1.8808163265306124,0.0,8.059381798375398e-06
1.9040362811791383,0.0,8.383933163713664e-06
1.9272562358276644,0.0,5.778069862572011e-06
1.9504761904761905,0.0,2.9379107218119316e-06
1.9736961451247166,0.0,7.291137080756016e-07
1.9969160997732427,0.0,3.7954578147036955e-07
2.020136054421769,0.0,1.292828528676182e-07
2.043356009070295,0.0,1.985072231036611e-07
2.066575963718821,0.0,5.353649612516165e-08
2.089795918367347,0.0,8.371443982468918e-08
2.1130158730158732,0.0,1.2768941815011203e-07
2.1362358276643993,0.0,8.338247425854206e-09
