0.0,0.0,8.265578799182549e-08
0.023219954648526078,0.0,9.589984983904287e-08
0.046439909297052155,0.0,1.5648765838705003e-07
0.06965986394557823,0.0,1.6481317288707942e-07
0.09287981859410431,0.0,2.781389412120916e-07
0.11609977324263039,0.0,2.4200835468946025e-07
0.13931972789115646,0.0,3.0049795896047726e-07
0.16253968253968254,150.10043,5.016650175093673e-05
0.18575963718820862,128.56795,0.00017580277926754206
0.2089795918367347,411.03687,0.00030000583501532674
0.23219954648526078,422.71313,0.0003649393329396844
0.25541950113378686,423.64478,0.0006056851707398891
0.2786394557823129,412.24817,0.0006868034834042192
0.301859410430839,399.3726,0.0004869211988989264
0.3250793650793651,2029.596,0.00040003738831728697
0.3482993197278912,2017.1733,0.00032059403019957244
0.37151927437641724,125.073654,0.0001881448843050748
0.3947392290249433,240.4861,0.0002597906277514994
0.4179591836734694,236.79018,0.00020497031800914556
0.44117913832199546,407.4714,0.00032476161140948534
0.46439909297052157,396.74304,0.0006198672926984727
0.4876190476190476,146.54863,0.0006378230173140764
0.5108390022675737,155.61646,0.0004764936165884137
0.5340589569160998,163.86884,0.0005556617979891598
0.5572789115646258,165.77133,0.00040877325227484107
0.5804988662131519,164.0537,0.00023650248476769775
0.603718820861678,326.63297,0.0004485796671360731
0.626938775510204,354.04965,0.0006513703265227377
0.6501587301587302,191.06128,0.0014974293299019337
0.6733786848072563,198.28714,0.0016760043799877167
0.6965986394557824,203.48018,0.0013853509444743395
0.7198185941043084,200.4456,0.0010177267249673605
0.7430385487528345,197.39645,0.0007420836482197046
0.7662585034013606,199.92635,0.0011274911230430007
0.7894784580498866,210.20769,0.0022165928967297077
0.8126984126984127,223.90967,0.0018015053356066346
0.8359183673469388,245.69586,0.001583899836987257
0.8591383219954649,256.54428,0.0018610740080475807
0.8823582766439909,253.40279,0.0020749294199049473
0.905578231292517,241.81184,0.0015360015677288175
0.9287981859410431,241.07895,0.001771715935319662
0.9520181405895691,244.13474,0.0021100840531289577
0.9752380952380952,248.53436,0.0022040330804884434
0.9984580498866213,245.40878,0.002201490104198456
1.0216780045351475,232.13483,0.0019540777429938316
1.0448979591836736,207.87439,0.0006431462825275958
1.0681179138321997,187.88306,0.0004699940327554941
1.0913378684807256,182.60149,0.00039869005559012294
1.1145578231292517,74.424644,0.0004702900187112391
1.1377777777777778,188.458,0.000487203651573509
1.1609977324263039,187.05954,0.0004249023040756583
1.18421768707483,177.91078,0.00041502335807308555
1.207437641723356,481.95615,0.0002841633395291865
1.2306575963718822,147.93839,0.00022828110377304256
1.253877551020408,145.92877,0.00034512425190769136
1.2770975056689342,452.39474,0.00027443570434115827
1.3003174603174603,155.08804,0.0002743556979112327
1.3235374149659864,156.50533,0.00028904600185342133
1.3467573696145125,458.5892,0.0002088309993268922
1.3699773242630386,435.19003,0.00023091565526556224
1.3931972789115648,126.41966,0.00025112784351222217
1.4164172335600906,232.02917,0.00024133232363965362
1.4396371882086167,229.41687,0.00026132893981412053
1.4628571428571429,114.57362,0.0002467469312250614
1.486077097505669,233.70398,0.00020739635510835797
1.509297052154195,238.8652,0.0001638190442463383
1.5325170068027212,122.74824,0.00018255499890074134
1.5557369614512473,248.3427,0.00015634475857950747
1.5789569160997732,123.26664,0.00015357269148807973
1.6021768707482993,120.855446,0.0002161949232686311
1.6253968253968254,232.54619,0.00014729125541634858
1.6486167800453515,225.65314,0.00014365198148880154
1.6718367346938776,112.619965,0.00010721808939706534
1.6950566893424037,117.177376,6.096192009863444e-05
1.7182766439909298,240.91454,2.0455121557461098e-05
1.7414965986394557,0.0,6.837339242338203e-06
1.7647165532879818,0.0,2.54960195888998e-06
1.787936507936508,0.0,1.0579442459857091e-06
1.811156462585034,0.0,5.349529601517133e-07
1.8343764172335602,0.0,2.547803887864575e-07
1.8575963718820863,0.0,2.3009852156974375e-07
1.8808163265306124,0.0,1.7569345800438896e-07
