0.0,0.0,1.2735017662635073e-07
0.023219954648526078,0.0,5.544097803067416e-08
0.046439909297052155,0.0,9.523591870674863e-08
0.06965986394557823,0.0,1.355556378257461e-07
0.09287981859410431,0.0,3.0803403205936775e-07
0.11609977324263039,0.0,2.981105353683233e-07
0.13931972789115646,0.0,3.7725840229541063e-07
0.16253968253968254,0.0,8.659935701871291e-08
0.18575963718820862,0.0,3.962559276260436e-06
0.2089795918367347,130.98015,2.2332278604153544e-05
0.23219954648526078,249.3137,5.569250788539648e-05
0.25541950113378686,125.78349,7.597269723191857e-05
0.2786394557823129,127.65962,0.00010336383274989203
0.301859410430839,128.56708,0.00011014098708983511
0.3250793650793651,128.35567,0.00011218946747248992
0.3482993197278912,128.55215,0.00010821942123584449
0.37151927437641724,128.2389,8.500400872435421e-05
0.3947392290249433,126.86027,6.489138468168676e-05
0.4179591836734694,127.06817,8.026979776332155e-05
0.44117913832199546,130.34796,0.00014292352716438472
0.46439909297052157,271.1147,0.00017863704124465585
0.4876190476190476,146.57463,0.0001874471636256203
0.5108390022675737,154.54454,0.00014429572911467403
0.5340589569160998,162.27583,0.0001055761385941878
0.5572789115646258,161.48027,0.00012186245294287801
0.5804988662131519,159.8893,0.00017967246822081506
0.603718820861678,162.20802,0.0004314801190048456
0.626938775510204,169.8653,0.0006068326183594763
0.6501587301587302,181.52428,0.00035255280090495944
0.6733786848072563,380.1507,0.0004741693555843085
0.6965986394557824,193.94983,0.0005078735994175076
0.7198185941043084,192.9087,0.0004234671941958368
0.7430385487528345,190.48828,0.0003929206868633628
0.7662585034013606,194.70848,0.0006373348296619952
0.7894784580498866,210.22319,0.0007662727730348706
0.8126984126984127,230.1208,0.0005636909045279026
0.8359183673469388,249.30525,0.000737024238333106
0.8591383219954649,259.1076,0.0008066898444667459
0.8823582766439909,258.3928,0.0007409675745293498
0.905578231292517,247.37419,0.0005411246092990041
0.9287981859410431,244.66846,0.0005752162542194128
0.9520181405895691,248.26314,0.0006155418232083321
0.9752380952380952,251.98921,0.0005836067721247673
0.9984580498866213,85.07324,0.0005880177486687899
1.0216780045351475,249.1698,0.0004878435574937612
1.0448979591836736,240.3211,0.0008544909069314599
1.0681179138321997,444.31598,0.0009465673938393593
1.0913378684807256,204.92868,0.0005724843358621001
1.1145578231292517,194.1955,0.0004464054945856333
1.1377777777777778,193.39125,0.0004823297495022416
1.1609977324263039,197.63855,0.0005097370012663305
1.18421768707483,198.41795,0.00037461830652318895
1.207437641723356,189.10722,0.00041352014522999525
1.2306575963718822,350.18152,0.00034907262306660414
1.253877551020408,147.59314,0.0003238088102079928
1.2770975056689342,141.55168,0.0002572077210061252
1.3003174603174603,145.29347,0.00026895853807218373
1.3235374149659864,149.03682,0.00022476613230537623
1.3467573696145125,154.64159,0.00017152891086880118
1.3699773242630386,156.99515,0.00014615269901696593
1.3931972789115648,153.45006,0.00018554256530478597
1.4164172335600906,145.1334,0.00021416659001260996
1.4396371882086167,132.72603,0.00015582307241857052
1.4628571428571429,244.42006,0.00017596707039047033
1.486077097505669,119.250015,0.00017760114860720932
1.509297052154195,119.18688,0.00015517821884714067
1.5325170068027212,121.41755,0.00017212782404385507
1.5557369614512473,124.44834,0.00012537367001641542
1.5789569160997732,257.224,0.00015814666403457522
1.6021768707482993,86.50636,0.00017250358359888196
1.6253968253968254,128.33232,9.53489652602002e-05
1.6486167800453515,122.925186,0.00011432642349973321
1.6718367346938776,116.460754,0.00010291265061823651
1.6950566893424037,113.20038,0.0001362242182949558
1.7182766439909298,67.78608,0.00013853500422555953
1.7414965986394557,345.7398,0.00010834461136255413
1.7647165532879818,123.12709,9.246858826372772e-05
1.787936507936508,83.597336,3.318535163998604e-05
1.811156462585034,122.830864,1.4367825315275695e-05
1.8343764172335602,0.0,2.547422809584532e-06
1.8575963718820863,0.0,8.353281373274513e-07
1.8808163265306124,0.0,3.2250409276457503e-07
1.9040362811791383,0.0,1.4921715774107724e-07
1.9272562358276644,0.0,1.6576359485043213e-07
1.9504761904761905,0.0,2.625192792038433e-07
1.9736961451247166,0.0,4.572839316097088e-07
1.9969160997732427,0.0,2.639781087054871e-07
2.020136054421769,0.0,1.348698788206093e-07
2.043356009070295,0.0,7.952803571242839e-08
2.066575963718821,0.0,2.103188307955861e-07
2.089795918367347,0.0,1.795924617908895e-07
2.1130158730158732,0.0,6.360096449498087e-09
