0.0,0.0,3.386048774700612e-08
0.023219954648526078,0.0,2.3035681806504726e-08
0.046439909297052155,0.0,2.2016138245817274e-08
0.06965986394557823,0.0,2.628257789183408e-08
0.09287981859410431,0.0,1.578428054926917e-08
0.11609977324263039,0.0,2.8460817702580243e-08
0.13931972789115646,0.0,9.310679160989821e-08
0.16253968253968254,0.0,8.545976015739143e-08
0.18575963718820862,0.0,3.4498953027650714e-08
0.2089795918367347,0.0,4.474804882192984e-08
0.23219954648526078,0.0,7.283051672857255e-08
0.25541950113378686,0.0,3.049444785574451e-06
0.2786394557823129,0.0,5.175518708711024e-06
0.301859410430839,0.0,6.716963980579749e-06
0.3250793650793651,66.58785,1.0501964425202459e-05
0.3482993197278912,113.04579,1.5056304619065486e-05
0.37151927437641724,117.46279,1.8313150576432236e-05
0.3947392290249433,118.447815,2.913448952313047e-05
0.4179591836734694,117.93729,2.4567947548348457e-05
0.44117913832199546,117.972786,3.705308699863963e-05
0.46439909297052157,123.292885,4.428635656950064e-05
0.4876190476190476,264.17273,5.0351103709544986e-05
0.5108390022675737,141.58316,5.961055649095215e-05
0.5340589569160998,149.57594,5.9721227444242686e-05
0.5572789115646258,149.69504,7.989894220372662e-05
0.5804988662131519,143.85559,9.851789218373597e-05
0.603718820861678,132.31903,8.614037506049499e-05
0.626938775510204,127.37199,0.00010294342791894451
0.6501587301587302,135.00078,0.00012857659021392465
0.6733786848072563,290.18658,0.00012352628982625902
0.6965986394557824,311.2998,0.00013561430387198925
0.7198185941043084,328.0617,0.00014596781693398952
0.7430385487528345,163.08372,0.00011781112698372453
0.7662585034013606,147.69376,0.00017474689229857177
0.7894784580498866,137.04317,0.00015668518608435988
0.8126984126984127,140.40443,0.0001562511024530977
0.8359183673469388,310.78726,0.00019013207929674536
0.8591383219954649,111.14028,0.0004045619280077517
0.8823582766439909,175.37115,0.0003852235386148095
0.905578231292517,354.42853,0.00021287349227350205
0.9287981859410431,306.4952,0.000200638547539711
0.9520181405895691,147.92133,0.00018738492508418858
0.9752380952380952,308.08875,0.00020769555703736842
0.9984580498866213,167.49219,0.00043300114339217544
1.0216780045351475,186.06866,0.0004884758964180946
1.0448979591836736,194.99965,0.0005093070794828236
1.0681179138321997,380.17136,0.0003919463197235018
1.0913378684807256,316.0525,0.00024297360505443066
1.1145578231292517,303.64383,0.00022981874644756317
1.1377777777777778,109.73087,0.00040469737723469734
1.1609977324263039,180.72316,0.0005093349609524012
1.18421768707483,198.17375,0.00046188756823539734
1.207437641723356,210.2818,0.0006485802005045116
1.2306575963718822,416.61578,0.0007153250044211745
1.253877551020408,393.53012,0.0005325069651007652
1.2770975056689342,192.66113,0.00065938028274104
1.3003174603174603,209.18765,0.000690477027092129
1.3235374149659864,446.42026,0.000562641944270581
1.3467573696145125,238.60434,0.0005271055269986391
1.3699773242630386,2513.825,0.00036405492573976517
1.3931972789115648,472.08658,0.001427339855581522
1.4164172335600906,232.12082,0.0014570418279618025
1.4396371882086167,218.64809,0.0013135166373103857
1.4628571428571429,221.4148,0.0011645937338471413
1.486077097505669,230.42288,0.0009458218119107187
1.509297052154195,502.52423,0.0006289749289862812
1.5325170068027212,2657.1072,0.0007417346932925284
1.5557369614512473,539.90656,0.0010316375410184264
1.5789569160997732,264.41336,0.0009483977919444442
1.6021768707482993,486.0098,0.0019462783820927143
1.6253968253968254,238.11942,0.001560278469696641
1.6486167800453515,243.02798,0.0006571625708602369
1.6718367346938776,264.91125,0.0005521206767298281
1.6950566893424037,2613.186,0.0005482835113070905
1.7182766439909298,613.47534,0.00046101160114631057
1.7414965986394557,307.17737,0.0007704953313805163
1.7647165532879818,2611.0793,0.001010183710604906
1.787936507936508,526.4553,0.0008939487743191421
1.811156462585034,250.5756,0.0009248564601875842
1.8343764172335602,244.96156,0.000820502289570868
1.8575963718820863,247.01013,0.0005726877134293318
1.8808163265306124,2553.8354,0.0007188493036665022
1.9040362811791383,516.3546,0.000834442675113678
1.9272562358276644,256.07025,0.0009281862294301391
1.9504761904761905,241.20035,0.0015824537258595228
1.9736961451247166,443.32806,0.0013201124966144562
1.9969160997732427,218.59691,0.0010987793793901801
2.020136054421769,449.68756,0.001012160093523562
2.043356009070295,234.55415,0.0010480640921741724
2.066575963718821,236.6818,0.0013452628627419472
2.089795918367347,230.43396,0.001130710355937481
2.1130158730158732,435.0951,0.0011333756847307086
2.1362358276643993,200.45724,0.0007917002076283097
2.159455782312925,196.09076,0.0008611562661826611
2.182675736961451,197.34378,0.00079302245285362
2.2058956916099772,201.62923,0.0008933970239013433
2.2291156462585033,204.13487,0.0010844827629625797
2.2523356009070294,204.95236,0.0009592762216925621
2.2755555555555556,398.3951,0.0006186590762808919
2.2987755102040817,120.294044,0.0004596273065544665
2.3219954648526078,170.81296,0.0004401193291414529
2.345215419501134,175.57266,0.0005536043317988515
2.36843537414966,188.10696,0.0005984513554722071
2.391655328798186,198.89705,0.0005463626002892852
2.414875283446712,395.49817,0.0004825954674743116
2.4380952380952383,175.69884,0.00026261687162332237
2.4613151927437644,460.1683,0.0003071018145419657
2.48453514739229,151.16,0.0001740039442665875
2.507755102040816,155.04027,0.0001800823665689677
2.5309750566893423,162.86684,0.00025160994846373796
2.5541950113378684,169.53781,0.00033574795816093683
2.5774149659863945,173.66597,0.00022317950788419694
2.6006349206349206,112.08697,0.00017528783064335585
2.6238548752834467,157.57837,0.000209619160159491
2.647074829931973,145.63931,0.0003106545773334801
2.670294784580499,427.10355,0.00023350378614850342
2.693514739229025,149.75185,0.00015120877651497722
2.716734693877551,321.9869,0.0001586812431924045
2.7399546485260773,163.97026,0.0001410572585882619
2.7631746031746034,158.99086,0.00017565293819643557
2.7863945578231295,438.6668,0.0002712738059926778
2.809614512471655,399.03796,0.0001891407009679824
2.8328344671201813,393.639,0.0001792126422515139
2.8560544217687074,135.93755,0.0001909135316964239
2.8792743764172335,423.09686,0.00017505226423963904
2.9024943310657596,147.096,0.0001490304130129516
2.9257142857142857,149.53917,0.00015549604722764343
2.948934240362812,145.94687,0.00019517142209224403
2.972154195011338,394.18665,0.00011198724678251892
2.995374149659864,118.13811,6.623627268709242e-05
3.01859410430839,336.34058,6.830340134911239e-05
3.0418140589569163,345.76053,9.11538299988024e-05
3.0650340136054424,363.66153,0.0001366213255096227
3.0882539682539685,96.44488,0.00011396883928682655
3.1114739229024946,389.5814,0.00010995277989422902
3.1346938775510207,124.287796,8.160161087289453e-05
3.1579138321995464,116.16159,4.154011548962444e-05
3.1811337868480725,109.87291,4.981264646630734e-05
3.2043537414965986,332.99533,6.977518205530941e-05
3.2275736961451247,117.46714,0.00010237912647426128
3.250793650793651,125.00375,0.00010144412954105064
3.274013605442177,392.4889,7.974171603564173e-05
3.297233560090703,392.05008,8.437670476268977e-05
3.320453514739229,124.31093,7.06501814420335e-05
3.3436734693877552,117.239784,3.5390832636039704e-05
3.3668934240362813,110.676346,3.835508687188849e-05
3.3901133786848074,336.34256,5.266142397886142e-05
3.4133333333333336,115.9941,6.91633322276175e-05
3.4365532879818597,364.0078,8.715740113984793e-05
3.4597732426303858,128.02534,7.30842148186639e-05
3.4829931972789114,390.70245,7.116929918993264e-05
3.5062131519274375,126.630806,6.870137440273538e-05
3.5294331065759637,356.64392,2.878080340451561e-05
3.5526530612244898,330.89752,3.731717879418284e-05
3.575873015873016,341.83652,5.2866103942506015e-05
3.599092970521542,128.34795,2.725546801229939e-05
3.622312925170068,0.0,6.798708454880398e-06
3.645532879818594,0.0,5.41246663487982e-07
3.6687528344671203,0.0,6.855316314613447e-08
3.6919727891156464,0.0,3.0079718271736056e-08
3.7151927437641725,0.0,2.9396687750704587e-08
3.7384126984126986,0.0,1.4335455489344895e-08
3.7616326530612247,0.0,2.1497726265806705e-08
3.784852607709751,0.0,1.633725332794711e-08
3.8080725623582765,0.0,2.4728251446504146e-08
3.8312925170068026,0.0,4.3078216549474746e-08
3.8545124716553287,0.0,3.569584805518389e-08
3.877732426303855,0.0,5.041783879278228e-08
3.900952380952381,0.0,7.357630238402635e-08
3.924172335600907,0.0,2.4370820028707385e-08
3.947392290249433,0.0,3.363129508215934e-08
3.9706122448979593,0.0,1.2696546036750078e-08
3.9938321995464854,0.0,1.2135387805756181e-08
4.017052154195011,0.0,1.5285877452697605e-08
4.040272108843538,0.0,1.592707121744752e-08
4.063492063492063,0.0,2.4507244233973324e-08
4.08671201814059,0.0,1.6298145055770874e-08
