0.0,0.0,2.16759872273542e-08
0.023219954648526078,0.0,2.3966094886418432e-08
0.046439909297052155,0.0,2.767137630144134e-08
0.06965986394557823,0.0,1.9566869013942778e-08
0.09287981859410431,0.0,1.0400981409475207e-08
0.11609977324263039,0.0,3.375498636160046e-08
0.13931972789115646,0.0,2.5644112611189485e-08
0.16253968253968254,0.0,3.38141035172157e-08
0.18575963718820862,0.0,2.768683771137148e-08
0.2089795918367347,0.0,3.17177182296291e-08
0.23219954648526078,0.0,2.968317858176306e-08
0.25541950113378686,0.0,1.7936145013663918e-08
0.2786394557823129,0.0,2.2531821741722524e-08
0.301859410430839,0.0,5.23386916029267e-08
0.3250793650793651,0.0,1.498601704952307e-07
0.3482993197278912,129.25383,1.0191651199420448e-05
0.37151927437641724,118.66031,2.348272391827777e-05
0.3947392290249433,122.78274,2.344305357837584e-05
0.4179591836734694,751.59436,2.4147593649104238e-05
0.44117913832199546,124.88362,3.8926016713958234e-05
0.46439909297052157,119.86754,4.171186446910724e-05
0.4876190476190476,112.452705,5.4130265198182315e-05
0.5108390022675737,464.278,6.371534254867584e-05
0.5340589569160998,389.74942,5.589720603893511e-05
0.5572789115646258,424.35492,8.426713611697778e-05
0.5804988662131519,148.24356,8.757568139117211e-05
0.603718820861678,448.50134,8.299070759676397e-05
0.626938775510204,142.50423,7.671730418223888e-05
0.6501587301587302,505.6354,6.812922947574407e-05
0.6733786848072563,395.15338,9.493945981375873e-05
0.6965986394557824,141.89642,0.00011389266728656366
0.7198185941043084,463.56042,0.00022557078045792878
0.7430385487528345,158.29012,0.00027975140255875885
0.7662585034013606,159.84364,0.00020182234584353864
0.7894784580498866,147.0795,0.00014053880295250565
0.8126984126984127,521.92786,0.00011853022442664951
0.8359183673469388,132.3632,0.00016043067444115877
0.8591383219954649,455.50565,0.00023386537213809788
0.8823582766439909,121.581055,0.00022487164824269712
0.905578231292517,131.76662,0.00019810424419119954
0.9287981859410431,2516.8887,0.0002368060522712767
0.9520181405895691,506.5279,0.0002820412046276033
0.9752380952380952,148.31516,0.0002619856095407158
0.9984580498866213,87.58903,0.0003038605791516602
1.0216780045351475,161.86713,0.0003064898191951215
1.0448979591836736,180.86891,0.0003087592194788158
1.0681179138321997,788.00183,0.00042853489867411554
1.0913378684807256,404.77454,0.00041670427890494466
1.1145578231292517,2594.0842,0.0004383093328215182
1.1377777777777778,168.32245,0.00042489473707973957
1.1609977324263039,163.73743,0.0004429538385011256
1.18421768707483,527.271,0.00044530717423185706
1.207437641723356,2561.0022,0.0005327658145688474
1.2306575963718822,2541.9531,0.0008812079904600978
1.253877551020408,857.17957,0.0010353476973250508
1.2770975056689342,2545.1206,0.0008040034445002675
1.3003174603174603,2623.2327,0.0006665565306320786
1.3235374149659864,190.07832,0.0006632879958488047
1.3467573696145125,206.43103,0.0010743886232376099
1.3699773242630386,223.96082,0.0015453416854143143
1.3931972789115648,234.77458,0.0012064746115356684
1.4164172335600906,241.30371,0.002010267460718751
1.4396371882086167,239.7241,0.001884161145426333
1.4628571428571429,224.4359,0.001757066696882248
1.486077097505669,2590.472,0.0016485925298184156
1.509297052154195,224.30585,0.002130367560312152
1.5325170068027212,719.4877,0.0015413113869726658
1.5557369614512473,2539.019,0.0016725341556593776
1.5789569160997732,2636.5754,0.0018627415411174297
1.6021768707482993,262.52905,0.0020318678580224514
1.6253968253968254,248.90733,0.002236061729490757
1.6486167800453515,243.68127,0.0018333240877836943
1.6718367346938776,249.70723,0.0013184882700443268
1.6950566893424037,548.96014,0.0016307712066918612
1.7182766439909298,590.4026,0.0018128855153918266
1.7414965986394557,302.47958,0.00246322900056839
1.7647165532879818,303.1616,0.0018298074137419462
1.787936507936508,849.5402,0.001957860542461276
1.811156462585034,785.58777,0.0021334420889616013
1.8343764172335602,254.5034,0.0017615954857319593
1.8575963718820863,249.53984,0.0018619842594489455
1.8808163265306124,250.72675,0.0017249879892915487
1.9040362811791383,512.69464,0.0016162454849109054
1.9272562358276644,515.82587,0.002085185842588544
1.9504761904761905,252.96176,0.0024508684873580933
1.9736961451247166,242.6709,0.0026302977930754423
1.9969160997732427,675.0655,0.0021421012934297323
2.020136054421769,223.54268,0.0030506434850394726
2.043356009070295,2551.3909,0.002390229608863592
2.066575963718821,2564.9963,0.002039524493739009
2.089795918367347,2570.987,0.00233837659470737
2.1130158730158732,678.0718,0.0012131615076214075
2.1362358276643993,2508.8374,0.001026773126795888
2.159455782312925,188.00087,0.0010710585629567504
2.182675736961451,807.82904,0.000986655824817717
2.2058956916099772,205.66595,0.001114437123760581
2.2291156462585033,621.5068,0.0011258635204285383
2.2523356009070294,208.0564,0.0009085678611882031
2.2755555555555556,612.39734,0.0006130973342806101
2.2987755102040817,183.5967,0.0010008917888626456
2.3219954648526078,335.1652,0.0008123067673295736
2.345215419501134,871.9201,0.0007700045825913548
2.36843537414966,176.11832,0.0005833934992551804
2.391655328798186,183.87112,0.0005534305237233639
2.414875283446712,183.27411,0.0006913180113770068
2.4380952380952383,169.90753,0.0008048340096138418
2.4613151927437644,460.75153,0.0005940619157627225
2.48453514739229,150.33252,0.0006867147167213261
2.507755102040816,153.02373,0.0006140854093246162
2.5309750566893423,160.08014,0.0005919814575463533
2.5541950113378684,167.92094,0.0006212130538187921
2.5774149659863945,170.19705,0.0005109547637403011
2.6006349206349206,161.70874,0.0005650995299220085
2.6238548752834467,444.82138,0.0003942044568248093
2.647074829931973,144.30542,0.0004059613565914333
2.670294784580499,147.91656,0.00039092483348213136
2.693514739229025,465.06003,0.0005258710589259863
2.716734693877551,160.58733,0.0005209373775869608
2.7399546485260773,163.12181,0.0004252772778272629
2.7631746031746034,155.197,0.0003425654722377658
2.7863945578231295,420.92557,0.00028610811568796635
2.809614512471655,131.50775,0.0003010932123288512
2.8328344671201813,260.19324,0.00026427244301885366
2.8560544217687074,266.30453,0.00019488112593535334
2.8792743764172335,414.95758,0.0002280055487062782
2.9024943310657596,430.98853,0.0002179732546210289
2.9257142857142857,145.88718,0.000214665342355147
2.948934240362812,528.98157,0.0002642120234668255
2.972154195011338,484.19897,0.00020683975890278816
2.995374149659864,461.81412,0.00018416624516248703
3.01859410430839,231.29225,0.00020091811893507838
3.0418140589569163,120.99734,0.0001872293942142278
3.0650340136054424,252.57555,0.00016907475946936756
3.0882539682539685,259.41803,0.0001886238605948165
3.1114739229024946,126.138504,0.00017918727826327085
3.1346938775510207,476.19778,0.00013582807150669396
3.1579138321995464,560.77167,0.0001577841758262366
3.1811337868480725,227.00194,0.0001586551807122305
3.2043537414965986,118.2909,0.00021331754396669567
3.2275736961451247,246.61859,0.00011828372225863859
3.250793650793651,255.67369,0.00010757323616417125
3.274013605442177,261.02634,0.00011312673450447619
3.297233560090703,488.60922,0.00015989890380296856
3.320453514739229,461.97113,9.067000064533204e-05
3.3436734693877552,108.98251,8.117286051856354e-05
3.3668934240362813,111.07503,0.00014052492042537779
3.3901133786848074,120.96564,0.00010231978376396
3.4133333333333336,523.20966,8.419461664743721e-05
3.4365532879818597,264.27142,9.98467585304752e-05
3.4597732426303858,484.43292,0.00011574129166547209
3.4829931972789114,444.2348,8.411324233748019e-05
3.5062131519274375,471.19916,9.8599681223277e-05
3.5294331065759637,477.4957,2.984400634886697e-05
3.5526530612244898,0.0,6.763801138731651e-06
3.575873015873016,0.0,2.417718860669993e-07
3.599092970521542,0.0,1.4646775525761768e-07
3.622312925170068,0.0,2.8166141419205815e-08
3.645532879818594,0.0,2.3039319785311818e-08
3.6687528344671203,0.0,1.4147190086077899e-08
3.6919727891156464,0.0,1.650823833188042e-08
3.7151927437641725,0.0,2.2743734007235616e-08
3.7384126984126986,0.0,1.6148987924680114e-08
3.7616326530612247,0.0,1.9308572518639266e-08
3.784852607709751,0.0,3.173863660776988e-08
3.8080725623582765,0.0,4.1552993934601545e-08
3.8312925170068026,0.0,2.4194378056563437e-08
3.8545124716553287,0.0,1.6241756384260952e-08
3.877732426303855,0.0,5.7275428844150156e-08
3.900952380952381,0.0,3.610057319747284e-08
