0.0,0.0,2.453525667078793e-07
0.023219954648526078,0.0,1.5968544175848365e-07
0.046439909297052155,0.0,1.448979674023576e-07
0.06965986394557823,0.0,3.2328262022929266e-07
0.09287981859410431,0.0,2.1617961465381086e-07
0.11609977324263039,0.0,1.0280473361490294e-07
0.13931972789115646,0.0,1.6609646991128102e-07
0.16253968253968254,0.0,5.223128027864732e-07
0.18575963718820862,0.0,3.8217485780478455e-06
0.2089795918367347,81.95685,4.861672277911566e-05
0.23219954648526078,492.9507,0.00014023510448168963
0.25541950113378686,164.78136,0.00023960007820278406
0.2786394557823129,165.79408,0.00034877719008363783
0.301859410430839,165.36345,0.00048048270400613546
0.3250793650793651,166.73529,0.0005148401251062751
0.3482993197278912,166.99442,0.000505648145917803
0.37151927437641724,165.18634,0.0004981025704182684
0.3947392290249433,164.50612,0.0006092680850997567
0.4179591836734694,167.25279,0.0006947981892153621
0.44117913832199546,172.33928,0.0007505668909288943
0.46439909297052157,180.08403,0.000580105755943805
0.4876190476190476,378.19235,0.0005337362526915967
0.5108390022675737,196.68156,0.0006134758004918694
0.5340589569160998,198.83482,0.0006958122248761356
0.5572789115646258,198.96336,0.0006143461214378476
0.5804988662131519,198.94174,0.0007865865482017398
0.603718820861678,202.57744,0.0011365795508027077
0.626938775510204,209.18082,0.001295228605158627
0.6501587301587302,215.1799,0.0015638722106814384
0.6733786848072563,220.14104,0.0017270299140363932
0.6965986394557824,218.41057,0.0017031694296747446
0.7198185941043084,2561.3777,0.0019071113783866167
0.7430385487528345,214.68027,0.0019989621359854937
0.7662585034013606,220.12274,0.002340251812711358
0.7894784580498866,224.2699,0.003353761974722147
0.8126984126984127,232.45383,0.0034564819652587175
0.8359183673469388,237.46346,0.004009673371911049
0.8591383219954649,236.88086,0.004092831630259752
0.8823582766439909,236.7034,0.0045512402430176735
0.905578231292517,236.04149,0.004287570249289274
0.9287981859410431,234.68811,0.00431411899626255
0.9520181405895691,237.27444,0.003318941220641136
0.9752380952380952,244.08159,0.0029323638882488012
0.9984580498866213,253.65154,0.004267864860594273
1.0216780045351475,263.2091,0.004896647296845913
1.0448979591836736,263.67,0.004321211948990822
1.0681179138321997,260.46045,0.003804511856287718
1.0913378684807256,258.05023,0.003933717962354422
1.1145578231292517,257.89764,0.0048614563420414925
1.1377777777777778,262.75522,0.0034593483433127403
1.1609977324263039,269.85706,0.0024604382924735546
1.18421768707483,277.9068,0.0031753401271998882
1.207437641723356,289.05222,0.002766979392617941
1.2306575963718822,2624.746,0.002906715963035822
1.253877551020408,2632.1506,0.002937199082225561
1.2770975056689342,2629.6995,0.0030381488613784313
1.3003174603174603,2639.861,0.002203556941822171
1.3235374149659864,299.29068,0.0021563670597970486
1.3467573696145125,307.90262,0.0029619629494845867
1.3699773242630386,316.8643,0.0037279820535331964
1.3931972789115648,646.31934,0.0036580138839781284
1.4164172335600906,651.1321,0.003404166316613555
1.4396371882086167,647.09485,0.003368750214576721
1.4628571428571429,646.0707,0.0032137995585799217
1.486077097505669,650.25195,0.0040948232635855675
1.509297052154195,327.8115,0.00532355485484004
1.5325170068027212,333.3915,0.004400169011205435
1.5557369614512473,338.47394,0.0048974379897117615
1.5789569160997732,342.48798,0.005105976946651936
1.6021768707482993,342.8799,0.005499476566910744
1.6253968253968254,343.831,0.005170739721506834
1.6486167800453515,346.5404,0.004548490047454834
1.6718367346938776,349.63245,0.004151663277298212
1.6950566893424037,352.0402,0.003675956279039383
1.7182766439909298,355.03918,0.005583467893302441
1.7414965986394557,2555.81,0.0071379998698830605
1.7647165532879818,2638.527,0.00784776359796524
1.787936507936508,383.6974,0.004837747663259506
1.811156462585034,393.2949,0.005506036803126335
1.8343764172335602,396.6466,0.005530741065740585
1.8575963718820863,3157.4873,0.005840410944074392
1.8808163265306124,3144.5889,0.005837596952915192
1.9040362811791383,3143.5386,0.0064273010939359665
1.9272562358276644,3101.1687,0.0070275673642754555
1.9504761904761905,3092.7776,0.010266562923789024
1.9736961451247166,2655.6511,0.0092904819175601
1.9969160997732427,2567.0754,0.005693534854799509
2.020136054421769,702.92004,0.0045445626601576805
2.043356009070295,345.6271,0.00500799436122179
2.066575963718821,341.73672,0.005436107981950045
2.089795918367347,343.08368,0.005384410731494427
2.1130158730158732,342.52002,0.005705894902348518
2.1362358276643993,341.86935,0.005712159909307957
2.159455782312925,337.77264,0.005992773454636335
2.182675736961451,666.9276,0.00523711834102869
2.2058956916099772,657.71075,0.004398636054247618
2.2291156462585033,654.1493,0.004147556610405445
2.2523356009070294,652.2157,0.004312749952077866
2.2755555555555556,655.0319,0.005195838864892721
2.2987755102040817,658.5524,0.005952485371381044
2.3219954648526078,660.6579,0.005129704251885414
2.345215419501134,655.2818,0.0035102861002087593
2.36843537414966,319.13718,0.0019434643909335136
2.391655328798186,306.18222,0.0019023719942197204
2.414875283446712,896.021,0.0031807604245841503
2.4380952380952383,887.1472,0.0032910224981606007
2.4613151927437644,883.61646,0.0029981150291860104
2.48453514739229,2621.833,0.003016849048435688
2.507755102040816,2585.3853,0.0029783942736685276
2.5309750566893423,286.37143,0.00305661978200078
2.5541950113378684,280.13647,0.00208483194001019
2.5774149659863945,272.99426,0.0027847695164382458
2.6006349206349206,265.51083,0.003373808693140745
2.6238548752834467,258.86368,0.0026733973063528538
2.647074829931973,255.34319,0.002688012085855007
2.670294784580499,254.47276,0.003014869522303343
2.693514739229025,256.78525,0.003273880109190941
2.716734693877551,258.02045,0.0032444018870592117
2.7399546485260773,257.84802,0.0026728420052677393
2.7631746031746034,251.03732,0.0021440761629492044
2.7863945578231295,241.73732,0.0027447789907455444
2.809614512471655,232.33087,0.0020128614269196987
2.8328344671201813,226.42549,0.002319235820323229
2.8560544217687074,229.69382,0.002625534078106284
2.8792743764172335,228.16911,0.0024934429675340652
2.9024943310657596,229.72633,0.002355345292016864
2.9257142857142857,225.81744,0.002486943267285824
2.948934240362812,218.52443,0.0022823000326752663
2.972154195011338,2555.8225,0.0020655589178204536
2.995374149659864,2521.5176,0.0018076718552038074
3.01859410430839,2560.3494,0.00242658075876534
3.0418140589569163,2557.265,0.0023860291112214327
3.0650340136054424,2593.699,0.0021728181745857
3.0882539682539685,2597.156,0.0024037756957113743
3.1114739229024946,2569.0256,0.0020537679083645344
3.1346938775510207,420.63745,0.0014654521364718676
3.1579138321995464,409.0287,0.0011044535785913467
3.1811337868480725,392.02338,0.0007776381680741906
3.2043537414965986,186.25592,0.0007683284347876906
3.2275736961451247,188.6145,0.000861115287989378
3.250793650793651,2493.175,0.0010908946860581636
3.274013605442177,2533.673,0.0013633646303787827
3.297233560090703,2557.3804,0.0012257280759513378
3.320453514739229,2549.8396,0.0010340106673538685
3.3436734693877552,2508.7078,0.0008554936503060162
3.3668934240362813,190.90651,0.0008021772955544293
3.3901133786848074,187.80168,0.000989301479421556
3.4133333333333336,182.5748,0.0010280461283400655
3.4365532879818597,131.87183,0.0010666613234207034
3.4597732426303858,2539.1418,0.0009075932903215289
3.4829931972789114,500.86063,0.0010081749642267823
3.5062131519274375,509.7382,0.0009073743713088334
3.5294331065759637,171.40959,0.0007943847449496388
3.5526530612244898,171.47235,0.0008376893820241094
3.575873015873016,506.8642,0.000724429206456989
3.599092970521542,498.0566,0.0007439569453708827
3.622312925170068,2523.016,0.0009655775502324104
3.645532879818594,508.15878,0.0008173446403816342
3.6687528344671203,518.9609,0.0008437046781182289
3.6919727891156464,174.81854,0.0009087076759897172
3.7151927437641725,177.87035,0.0007702548173256218
3.7384126984126986,175.32924,0.0008689311798661947
3.7616326530612247,169.7872,0.0006735655479133129
3.784852607709751,487.34683,0.0011068396270275116
3.8080725623582765,159.56963,0.000879294762853533
3.8312925170068026,162.16785,0.0006079238373786211
3.8545124716553287,513.5707,0.0005985223688185215
3.877732426303855,526.98157,0.0007419422036036849
3.900952380952381,2517.615,0.0007580440724268556
3.924172335600907,178.06131,0.0008432753384113312
3.947392290249433,169.40758,0.0006539207533933222
3.9706122448979593,482.54758,0.0006731012254022062
3.9938321995464854,154.95361,0.0003764841239899397
4.017052154195011,456.327,0.00029725240892730653
4.040272108843538,153.99922,0.0005140240537002683
4.063492063492063,162.38725,0.00034518714528530836
4.08671201814059,526.5474,0.0003265067934989929
4.1099319727891155,174.98405,0.00019725934544112533
4.133151927437642,164.3775,4.561738751363009e-05
4.156371882086168,0.0,3.4809927456080914e-06
4.179591836734694,0.0,8.592342055635527e-07
4.20281179138322,0.0,3.457562343101017e-07
4.2260317460317465,0.0,1.212902134284377e-07
4.249251700680272,0.0,1.0642270353855565e-07
4.272471655328799,0.0,1.2879718269687146e-07
4.295691609977324,0.0,2.626611603773199e-07
4.31891156462585,0.0,2.8438626031856984e-07
4.342131519274377,0.0,2.477108864695765e-07
4.365351473922902,0.0,2.9505827114917338e-08
