0.0,0.0,4.2584360926412046e-07
0.023219954648526078,0.0,4.517305569606833e-07
0.046439909297052155,0.0,6.568061508005485e-07
0.06965986394557823,0.0,1.5018122212495655e-07
0.09287981859410431,0.0,9.806444722926244e-08
0.11609977324263039,0.0,1.9577782950364053e-07
0.13931972789115646,178.1682,1.4248186744225677e-05
0.16253968253968254,323.96597,0.00013021785707678646
0.18575963718820862,2594.5142,0.0008936053491197526
0.2089795918367347,2493.7925,0.0012967817019671202
0.23219954648526078,2015.745,0.0014435258926823735
0.25541950113378686,2026.4813,0.0017877693753689528
0.2786394557823129,2528.8948,0.0021719648502767086
0.301859410430839,2511.7043,0.0023538994137197733
0.3250793650793651,2034.5995,0.0021776005160063505
0.3482993197278912,2058.0464,0.001924486132338643
0.37151927437641724,173.81586,0.0017656447598710656
0.3947392290249433,2066.48,0.0028718281537294388
0.4179591836734694,2117.8132,0.004299387335777283
0.44117913832199546,2130.402,0.0040785628370940685
0.46439909297052157,1994.7921,0.005069481208920479
0.4876190476190476,402.17477,0.0047936392948031425
0.5108390022675737,2060.0305,0.004978661425411701
0.5340589569160998,418.28943,0.0043575274758040905
0.5572789115646258,423.26605,0.00510178878903389
0.5804988662131519,1973.0125,0.006882441230118275
0.603718820861678,2019.3796,0.007472065277397633
0.626938775510204,2040.9514,0.00659004645422101
0.6501587301587302,2030.874,0.004534633830189705
0.6733786848072563,2004.525,0.00523543544113636
0.6965986394557824,2010.1266,0.007963386364281178
0.7198185941043084,2075.5383,0.006429513916373253
0.7430385487528345,2114.4377,0.005484728142619133
0.7662585034013606,1930.9395,0.005664738826453686
0.7894784580498866,1944.0723,0.005588085390627384
0.8126984126984127,2398.1506,0.006148963700979948
0.8359183673469388,2131.511,0.008243899792432785
0.8591383219954649,2126.8025,0.0064522200264036655
0.8823582766439909,1952.574,0.008855942636728287
0.905578231292517,1988.1144,0.010249484330415726
0.9287981859410431,2079.967,0.008155511692166328
0.9520181405895691,2379.4314,0.008389681577682495
0.9752380952380952,2129.9194,0.00996498204767704
0.9984580498866213,2119.8154,0.009996137581765652
1.0216780045351475,2110.1116,0.009065087884664536
1.0448979591836736,2118.3005,0.007701491005718708
1.0681179138321997,2439.5803,0.009764258749783039
1.0913378684807256,2000.1377,0.011950280517339706
1.1145578231292517,2059.9114,0.010501915588974953
1.1377777777777778,2121.1252,0.008534574881196022
1.1609977324263039,2447.9807,0.008584029972553253
1.18421768707483,2135.7117,0.010396159254014492
1.207437641723356,2129.6716,0.011285287328064442
1.2306575963718822,2131.0212,0.011455478146672249
1.253877551020408,2490.2278,0.010718912817537785
1.2770975056689342,1931.5057,0.02249484322965145
1.3003174603174603,1974.0642,0.016104424372315407
1.3235374149659864,2001.509,0.013019002042710781
1.3467573696145125,2010.1945,0.0124819315969944
1.3699773242630386,2004.289,0.013559408485889435
1.3931972789115648,1995.6525,0.013802164234220982
1.4164172335600906,2000.6738,0.01258144248276949
1.4396371882086167,2028.9476,0.016404181718826294
1.4628571428571429,2051.0083,0.01586533710360527
1.486077097505669,2065.1565,0.014302171766757965
1.509297052154195,2073.63,0.012305242009460926
1.5325170068027212,2086.1755,0.012549087405204773
1.5557369614512473,2101.3425,0.013158008456230164
1.5789569160997732,2469.8113,0.014373574405908585
1.6021768707482993,2489.1816,0.010636255145072937
1.6253968253968254,2511.548,0.008048096671700478
1.6486167800453515,2169.9487,0.00930786319077015
1.6718367346938776,1838.6622,0.013562221080064774
1.6950566893424037,1885.0973,0.024254225194454193
1.7182766439909298,383.7399,0.027892768383026123
1.7414965986394557,386.171,0.029103286564350128
1.7647165532879818,388.82242,0.032376524060964584
1.787936507936508,391.19287,0.032445356249809265
1.811156462585034,390.95395,0.02764764055609703
1.8343764172335602,386.10852,0.025843538343906403
1.8575963718820863,377.51273,0.014371313154697418
1.8808163265306124,2484.9905,0.014800535514950752
1.9040362811791383,2083.4502,0.016159603372216225
1.9272562358276644,2033.244,0.014813967980444431
1.9504761904761905,2018.952,0.017132028937339783
1.9736961451247166,2075.8618,0.015949364751577377
1.9969160997732427,2468.5164,0.01673375442624092
2.020136054421769,2489.696,0.01804744079709053
2.043356009070295,2098.8186,0.01982700452208519
2.066575963718821,2033.0009,0.018161702901124954
2.089795918367347,1951.2878,0.019057296216487885
2.1130158730158732,1937.0559,0.01604999601840973
2.1362358276643993,1925.1475,0.01987728849053383
2.159455782312925,1950.0775,0.018957624211907387
2.182675736961451,1994.1256,0.018059255555272102
2.2058956916099772,2023.9685,0.018852073699235916
2.2291156462585033,2016.1686,0.018299296498298645
2.2523356009070294,1968.3269,0.015729105100035667
2.2755555555555556,1879.9008,0.009543003514409065
2.2987755102040817,2050.7344,0.01116190105676651
2.3219954648526078,2015.9976,0.010202284902334213
2.345215419501134,1997.4073,0.011471952311694622
2.36843537414966,1993.8395,0.011617425829172134
2.391655328798186,2011.1708,0.011235319077968597
2.414875283446712,2021.8809,0.011639827862381935
2.4380952380952383,2021.7183,0.010953271761536598
2.4613151927437644,1997.939,0.01005476526916027
2.48453514739229,1945.4004,0.0061214398592710495
2.507755102040816,2420.8242,0.005628966726362705
2.5309750566893423,2094.945,0.006065059918910265
2.5541950113378684,2067.9355,0.006357509642839432
2.5774149659863945,2049.965,0.006001780740916729
2.6006349206349206,2050.728,0.005813333671540022
2.6238548752834467,2039.7314,0.005441081710159779
2.647074829931973,2032.8127,0.00473937951028347
2.670294784580499,2031.913,0.00455089844763279
2.693514739229025,2010.6224,0.004145778715610504
2.716734693877551,1950.5682,0.0025769202038645744
2.7399546485260773,2080.3079,0.0030050768982619047
2.7631746031746034,2032.3822,0.0033694717567414045
2.7863945578231295,2029.6741,0.002669429872184992
2.809614512471655,2030.0137,0.002628930378705263
2.8328344671201813,2028.0483,0.002773576881736517
2.8560544217687074,2033.0879,0.0023442162200808525
2.8792743764172335,2009.6931,0.0019210788886994123
2.9024943310657596,1972.3071,0.0019545876421034336
2.9257142857142857,389.02896,0.0017305663786828518
2.948934240362812,423.10147,0.001934882253408432
2.972154195011338,420.69824,0.00179889309220016
2.995374149659864,418.8977,0.002134411595761776
3.01859410430839,417.1431,0.0016270815394818783
3.0418140589569163,420.53268,0.0013991199666634202
3.0650340136054424,423.6267,0.0013891748385503888
3.0882539682539685,421.83865,0.0017353541916236281
3.1114739229024946,2055.324,0.0012960124295204878
3.1346938775510207,197.49844,0.001656556036323309
3.1579138321995464,2051.071,0.001864806399680674
3.1811337868480725,2031.9917,0.0019280877895653248
3.2043537414965986,2023.608,0.0019352649105712771
3.2275736961451247,2052.324,0.0016423288034275174
3.250793650793651,2078.8179,0.0012739435769617558
3.274013605442177,385.6111,0.001197055447846651
3.297233560090703,387.9874,0.001192920608446002
3.320453514739229,2122.1704,0.001470233779400587
3.3436734693877552,2076.3433,0.0014592607039958239
3.3668934240362813,2015.646,0.0016486551612615585
3.3901133786848074,2097.1362,0.0020500607788562775
3.4133333333333336,2052.2893,0.001969826640561223
3.4365532879818597,2013.0134,0.001649554236792028
3.4597732426303858,2011.2936,0.0018272235756739974
3.4829931972789114,2037.4762,0.0016599937807768583
3.5062131519274375,2047.7645,0.0015962629113346338
3.5294331065759637,2051.4885,0.001575938076712191
3.5526530612244898,2033.1631,0.0013054164592176676
3.575873015873016,2006.9027,0.0012672257144004107
3.599092970521542,1992.0186,0.0013607984874397516
3.622312925170068,1995.6088,0.0017915703356266022
3.645532879818594,2051.7087,0.0017192828236147761
3.6687528344671203,1972.9645,0.0014887367142364383
3.6919727891156464,1998.5927,0.0012663842644542456
3.7151927437641725,1960.3071,0.0014942045090720057
3.7384126984126986,2049.8716,0.001703918562270701
3.7616326530612247,1984.8386,0.0011943986173719168
3.784852607709751,1920.2065,0.0011001047678291798
3.8080725623582765,1919.8688,0.0017785028321668506
3.8312925170068026,1991.4867,0.001302517019212246
3.8545124716553287,1892.1903,0.0013654273934662342
3.877732426303855,1948.4032,0.0016576647758483887
3.900952380952381,1959.016,0.0016465551452711225
3.924172335600907,1927.991,0.0013089801650494337
3.947392290249433,1982.9177,0.0014210969675332308
3.9706122448979593,1916.1786,0.0007716338732279837
3.9938321995464854,474.6908,0.0009194542071782053
4.017052154195011,1928.7845,0.0009557695011608303
4.040272108843538,1913.5338,0.0008702425402589142
4.063492063492063,357.7261,0.00025354180252179503
4.08671201814059,368.0458,3.118599852314219e-05
4.1099319727891155,0.0,2.3231623345054686e-06
4.133151927437642,0.0,4.1554721974534914e-07
4.156371882086168,0.0,1.2359396350802854e-07
4.179591836734694,0.0,5.244419298833236e-08
4.20281179138322,0.0,4.998673830414191e-08
4.2260317460317465,0.0,1.274520400329493e-07
4.249251700680272,0.0,1.6737794794607908e-07
4.272471655328799,0.0,1.9184699340257794e-07
4.295691609977324,0.0,7.465587259503081e-08
4.31891156462585,0.0,5.21640686201863e-08
4.342131519274377,0.0,5.288165993988514e-08
4.365351473922902,0.0,4.935736797051504e-08
4.388571428571429,0.0,1.0123767424374819e-07
4.4117913832199545,0.0,1.9596518541220576e-07
4.435011337868481,0.0,1.8685750546865165e-07
4.458231292517007,0.0,2.5063854991458356e-08
