0.0,0.0,4.477806214708835e-08
0.023219954648526078,0.0,3.7527570384554565e-08
0.046439909297052155,0.0,8.597635314799845e-08
0.06965986394557823,0.0,2.1641608327627182e-07
0.09287981859410431,0.0,2.5826830096775666e-07
0.11609977324263039,0.0,5.2299583330750465e-08
0.13931972789115646,0.0,1.6611829778412357e-07
0.16253968253968254,0.0,2.416982169961557e-07
0.18575963718820862,0.0,8.181086741387844e-08
0.2089795918367347,0.0,1.5060049918247387e-07
0.23219954648526078,170.24846,1.3044437764619943e-05
0.25541950113378686,484.5813,4.237155371811241e-05
0.2786394557823129,638.37256,0.00012164487270638347
0.301859410430839,155.18393,0.0007734340615570545
0.3250793650793651,608.7558,0.0015333364717662334
0.3482993197278912,628.3694,0.0023607872426509857
0.37151927437641724,326.1204,0.0021911156363785267
0.3947392290249433,163.46815,0.0022275461815297604
0.4179591836734694,162.43546,0.0023378380574285984
0.44117913832199546,164.35368,0.0027762246318161488
0.46439909297052157,167.60867,0.0030727186240255833
0.4876190476190476,170.03429,0.0020953072234988213
0.5108390022675737,169.63698,0.001031847088597715
0.5340589569160998,171.41301,0.002073399256914854
0.5572789115646258,361.2097,0.0029492699541151524
0.5804988662131519,380.8474,0.0024839998222887516
0.603718820861678,389.99002,0.0025992444716393948
0.626938775510204,196.37083,0.00201347004622221
0.6501587301587302,196.26357,0.002596629783511162
0.6733786848072563,197.26993,0.003461342304944992
0.6965986394557824,201.73982,0.004702296108007431
0.7198185941043084,622.1229,0.005249600857496262
0.7430385487528345,212.21315,0.004960290156304836
0.7662585034013606,212.71587,0.00417784508317709
0.7894784580498866,213.3165,0.0035057205241173506
0.8126984126984127,215.65538,0.0038578789681196213
0.8359183673469388,220.18147,0.006603351328521967
0.8591383219954649,225.78392,0.008098132908344269
0.8823582766439909,226.20299,0.008466975763440132
0.905578231292517,224.29445,0.010334761813282967
0.9287981859410431,222.07985,0.010020483285188675
0.9520181405895691,222.9051,0.010762720368802547
0.9752380952380952,227.23978,0.010082703083753586
0.9984580498866213,234.10037,0.011378742754459381
1.0216780045351475,738.78937,0.0077960193157196045
1.0448979591836736,764.64526,0.0057258144952356815
1.0681179138321997,258.26077,0.005988425575196743
1.0913378684807256,257.7397,0.005865140352398157
1.1145578231292517,255.19499,0.006861754693090916
1.1377777777777778,253.57144,0.005624216049909592
1.1609977324263039,258.87833,0.006729691289365292
1.18421768707483,547.3694,0.00541525287553668
1.207437641723356,285.85162,0.01143399067223072
1.2306575963718822,293.23917,0.009690629318356514
1.253877551020408,287.05313,0.006191465072333813
1.2770975056689342,279.04184,0.006809637416154146
1.3003174603174603,281.46408,0.011489774100482464
1.3235374149659864,295.03735,0.02083483710885048
1.3467573696145125,308.9832,0.018464025110006332
1.3699773242630386,318.9448,0.01960977539420128
1.3931972789115648,321.2511,0.0181710347533226
1.4164172335600906,317.60184,0.01655368134379387
1.4396371882086167,310.5562,0.019607210531830788
1.4628571428571429,309.30463,0.01936258375644684
1.486077097505669,317.60944,0.01979871653020382
1.509297052154195,328.41318,0.027833979576826096
1.5325170068027212,337.30377,0.0381246954202652
1.5557369614512473,339.8248,0.03112269937992096
1.5789569160997732,337.20383,0.027968861162662506
1.6021768707482993,334.5235,0.029306326061487198
1.6253968253968254,337.79385,0.04510791227221489
1.6486167800453515,348.43665,0.04299019277095795
1.6718367346938776,361.95465,0.020734533667564392
1.6950566893424037,379.49548,0.010128166526556015
1.7182766439909298,390.87955,0.015173793770372868
1.7414965986394557,393.3533,0.015533112920820713
1.7647165532879818,393.01413,0.01377364806830883
1.787936507936508,391.0519,0.011844674125313759
1.811156462585034,387.9636,0.010261479765176773
1.8343764172335602,380.95056,0.022856708616018295
1.8575963718820863,367.90347,0.03478462994098663
1.8808163265306124,350.70624,0.027878809720277786
1.9040362811791383,337.4291,0.025324180722236633
1.9272562358276644,339.44257,0.02793339639902115
1.9504761904761905,342.31918,0.030161213129758835
1.9736961451247166,344.19727,0.03062308207154274
1.9969160997732427,337.241,0.02475312352180481
2.020136054421769,327.71515,0.020414356142282486
2.043356009070295,321.75082,0.024192240089178085
2.066575963718821,318.39417,0.022966992110013962
2.089795918367347,320.0654,0.016994893550872803
2.1130158730158732,323.7575,0.01850287988781929
2.1362358276643993,326.35675,0.021787770092487335
2.159455782312925,327.3711,0.018952734768390656
2.182675736961451,324.0664,0.020763415843248367
2.2058956916099772,313.4666,0.027328120544552803
2.2291156462585033,296.41125,0.014959173277020454
2.2523356009070294,285.5118,0.013892999850213528
2.2755555555555556,282.99957,0.01243031956255436
2.2987755102040817,287.34488,0.014003592543303967
2.3219954648526078,292.03116,0.013294074684381485
2.345215419501134,290.34268,0.010321691632270813
2.36843537414966,286.55362,0.007858703844249249
2.391655328798186,274.66428,0.007495829835534096
2.414875283446712,762.2615,0.00709786731749773
2.4380952380952383,251.62642,0.005528404843062162
2.4613151927437644,757.4077,0.004106383305042982
2.48453514739229,255.9381,0.004015232902020216
2.507755102040816,516.9657,0.00471994373947382
2.5309750566893423,259.91876,0.00404739985242486
2.5541950113378684,257.36984,0.004897014703601599
2.5774149659863945,248.37733,0.010919743217527866
2.6006349206349206,712.88055,0.013394540175795555
2.6238548752834467,692.5861,0.01539157796651125
2.647074829931973,682.82306,0.016518594697117805
2.670294784580499,677.8203,0.01724144257605076
2.693514739229025,681.42194,0.014957909472286701
2.716734693877551,231.77136,0.01526852697134018
2.7399546485260773,692.43805,0.016920210793614388
2.7631746031746034,680.6247,0.016928626224398613
2.7863945578231295,662.8164,0.008596766740083694
2.809614512471655,212.9358,0.007978084497153759
2.8328344671201813,211.84645,0.008449218235909939
2.8560544217687074,216.32916,0.00932382047176361
2.8792743764172335,218.79872,0.010215955786406994
2.9024943310657596,219.07686,0.010073743760585785
2.9257142857142857,656.035,0.00855628214776516
2.948934240362812,214.0837,0.0076080020517110825
2.972154195011338,629.6111,0.006904661655426025
2.995374149659864,612.40564,0.004283786751329899
3.01859410430839,196.4154,0.00256919814273715
3.0418140589569163,192.48164,0.0018063196912407875
3.0650340136054424,191.45467,0.0023378869518637657
3.0882539682539685,190.0924,0.002539865206927061
3.1114739229024946,190.89352,0.002193230902776122
3.1346938775510207,190.9392,0.002040022751316428
3.1579138321995464,190.91417,0.002009773626923561
3.1811337868480725,377.47192,0.0030932705849409103
3.2043537414965986,181.78363,0.003189013572409749
3.2275736961451247,170.06902,0.0019622384570538998
3.250793650793651,637.32117,0.0018058568239212036
3.274013605442177,160.19255,0.002074050484225154
3.297233560090703,164.13593,0.002334009623154998
3.320453514739229,164.70947,0.0021409860346466303
3.3436734693877552,163.82655,0.0017826713155955076
3.3668934240362813,161.90817,0.0019478707108646631
3.3901133786848074,159.97447,0.0018400342669337988
3.4133333333333336,160.64258,0.0021941522136330605
3.4365532879818597,164.15265,0.003968213684856892
3.4597732426303858,169.29172,0.00412546144798398
3.4829931972789114,692.02277,0.0038229795172810555
3.5062131519274375,172.8114,0.003591320477426052
3.5294331065759637,169.17273,0.0019547189585864544
3.5526530612244898,634.6067,0.0016005621291697025
3.575873015873016,154.25006,0.0012901009758934379
3.599092970521542,153.47447,0.0017738745082169771
3.622312925170068,159.91356,0.0017813123995438218
3.645532879818594,166.5893,0.002802880946546793
3.6687528344671203,171.45462,0.0025737518444657326
3.6919727891156464,697.2716,0.0020872869063168764
3.7151927437641725,168.69121,0.0014282530173659325
3.7384126984126986,630.0175,0.0010563188698142767
3.7616326530612247,734.8584,0.000904758577235043
3.784852607709751,721.776,0.0011184755712747574
3.8080725623582765,592.11774,0.0013385661877691746
3.8312925170068026,630.78815,0.0008243917836807668
3.8545124716553287,672.3243,0.0010380554012954235
3.877732426303855,171.8046,0.00017273053526878357
3.900952380952381,163.29611,1.0863541319849901e-05
3.924172335600907,0.0,7.386051947833039e-07
3.947392290249433,0.0,2.2565018298337236e-07
3.9706122448979593,0.0,2.333590600755997e-07
3.9938321995464854,0.0,2.2104086383478716e-07
4.017052154195011,0.0,1.6575631889281794e-07
4.040272108843538,0.0,4.506364348344505e-08
