0.0,0.0,1.626940502319485e-07
0.023219954648526078,0.0,6.260506779653952e-08
0.046439909297052155,0.0,7.627204468008131e-08
0.06965986394557823,0.0,2.679935278138146e-07
0.09287981859410431,0.0,1.676189640420489e-07
0.11609977324263039,0.0,3.791647031903267e-07
0.13931972789115646,0.0,6.529035090352409e-07
0.16253968253968254,0.0,8.467559382552281e-07
0.18575963718820862,135.92918,1.8011203792411834e-05
0.2089795918367347,130.0706,0.00014607874618377537
0.23219954648526078,382.39288,0.00020484744163695723
0.25541950113378686,126.483734,0.0002372094604652375
0.2786394557823129,127.16128,0.0002765048702713102
0.301859410430839,127.70259,0.0003553071874193847
0.3250793650793651,128.23053,0.00042714393930509686
0.3482993197278912,129.39125,0.0003783772117458284
0.37151927437641724,129.7989,0.0002805929980240762
0.3947392290249433,388.93295,0.0003820254351012409
0.4179591836734694,137.4639,0.0004797589499503374
0.44117913832199546,144.71814,0.0008588765049353242
0.46439909297052157,450.25848,0.0010694739175960422
0.4876190476190476,451.1804,0.0010168248554691672
0.5108390022675737,148.20737,0.0007939146598801017
0.5340589569160998,147.96436,0.0009107681107707322
0.5572789115646258,150.79256,0.001168588176369667
0.5804988662131519,154.87709,0.001316223293542862
0.603718820861678,158.61592,0.0013021265622228384
0.626938775510204,159.66682,0.0012795425718650222
0.6501587301587302,159.91145,0.001321563497185707
0.6733786848072563,160.36766,0.0011680035386234522
0.6965986394557824,162.81319,0.0010314546525478363
0.7198185941043084,495.7112,0.0010690361959859729
0.7430385487528345,169.18378,0.00107920216396451
0.7662585034013606,520.78625,0.0016086762771010399
0.7894784580498866,173.86441,0.001401220913976431
0.8126984126984127,173.39168,0.001172942342236638
0.8359183673469388,172.6029,0.0013312241062521935
0.8591383219954649,175.53876,0.0012072926620021462
0.8823582766439909,551.669,0.001432420569472015
0.905578231292517,570.5101,0.001122122397646308
0.9287981859410431,387.1509,0.0013022772036492825
0.9520181405895691,188.58098,0.0018757992656901479
0.9752380952380952,562.36224,0.0018854771042242646
0.9984580498866213,570.7892,0.0011807134142145514
1.0216780045351475,196.52155,0.0017664327751845121
1.0448979591836736,406.63028,0.002725970931351185
1.0681179138321997,212.66573,0.002491310238838196
1.0913378684807256,221.16978,0.003212105017155409
1.1145578231292517,224.7,0.0034093770664185286
1.1377777777777778,221.44672,0.0027785087004303932
1.1609977324263039,217.57231,0.0026648633647710085
1.18421768707483,217.79704,0.002842423040419817
1.207437641723356,223.55669,0.003999538253992796
1.2306575963718822,234.41122,0.004891879856586456
1.253877551020408,246.35329,0.0035035593900829554
1.2770975056689342,251.55505,0.003392220940440893
1.3003174603174603,249.63712,0.004547064192593098
1.3235374149659864,245.06586,0.005365267861634493
1.3467573696145125,244.27087,0.004206429235637188
1.3699773242630386,248.47481,0.0030690536368638277
1.3931972789115648,258.93536,0.003916259855031967
1.4164172335600906,266.74286,0.004975631833076477
1.4396371882086167,265.2556,0.005456062499433756
1.4628571428571429,264.66916,0.005717470310628414
1.486077097505669,261.06174,0.00502856494858861
1.509297052154195,260.471,0.004928454756736755
1.5325170068027212,264.21274,0.003842472331598401
1.5557369614512473,273.0077,0.002915178192779422
1.5789569160997732,291.54227,0.0014507428277283907
1.6021768707482993,297.12708,0.0015360986581072211
1.6253968253968254,293.83423,0.0019329296192154288
1.6486167800453515,289.052,0.003189576556906104
1.6718367346938776,285.8541,0.0033121767919510603
1.6950566893424037,283.013,0.003325759433209896
1.7182766439909298,282.4713,0.0031833546236157417
1.7414965986394557,280.83405,0.0034227916039526463
1.7647165532879818,275.54465,0.002966375555843115
1.787936507936508,267.9599,0.003570497501641512
1.811156462585034,257.432,0.00336764520034194
1.8343764172335602,249.45462,0.0038455133326351643
1.8575963718820863,245.26965,0.003811313770711422
1.8808163265306124,249.24023,0.0031984238885343075
1.9040362811791383,250.72337,0.0027044625021517277
1.9272562358276644,251.34605,0.003276610281318426
1.9504761904761905,245.54593,0.0035952148027718067
1.9736961451247166,242.25168,0.004265842959284782
1.9969160997732427,240.51697,0.004432653542608023
2.020136054421769,240.56229,0.00406258599832654
2.043356009070295,242.53357,0.003525840351358056
2.066575963718821,244.70332,0.003519621677696705
2.089795918367347,243.59242,0.0036316863261163235
2.1130158730158732,240.26888,0.0036248082760721445
2.1362358276643993,446.00854,0.0017119100084528327
2.159455782312925,213.45604,0.0019198658410459757
2.182675736961451,212.2649,0.0019654047209769487
2.2058956916099772,215.06958,0.002065052278339863
2.2291156462585033,216.97977,0.002100459998473525
2.2523356009070294,216.48007,0.001888829399831593
2.2755555555555556,213.04395,0.002051173709332943
2.2987755102040817,416.71606,0.0012684431858360767
2.3219954648526078,394.78915,0.0008253182750195265
2.345215419501134,186.89131,0.0008951275958679616
2.36843537414966,190.47395,0.0010667901951819658
2.391655328798186,192.78358,0.0009809869807213545
2.414875283446712,195.5895,0.0010688342154026031
2.4380952380952383,195.3036,0.0009891870431602001
2.4613151927437644,188.73021,0.0010629097232595086
2.48453514739229,547.27716,0.0010059550404548645
2.507755102040816,520.6136,0.0009223485831171274
2.5309750566893423,170.13559,0.0009732965263538063
2.5541950113378684,171.53845,0.0012149610556662083
2.5774149659863945,129.95395,0.0013093415182083845
2.6006349206349206,173.69125,0.0011697853915393353
2.6238548752834467,129.59981,0.0010227123275399208
2.647074829931973,169.76788,0.0008581935544498265
2.670294784580499,165.37903,0.0009816631209105253
2.693514739229025,161.12125,0.0008944300934672356
2.716734693877551,159.46451,0.001035815803334117
2.7399546485260773,161.48608,0.0009911083616316319
2.7631746031746034,165.12135,0.0009842433501034975
2.7863945578231295,166.74081,0.0008039525127969682
2.809614512471655,166.90712,0.000784474890679121
2.8328344671201813,165.26825,0.001105275470763445
2.8560544217687074,163.25836,0.0010266611352562904
2.8792743764172335,161.53514,0.0012346646981313825
2.9024943310657596,157.01382,0.0013868347741663456
2.9257142857142857,458.83377,0.0006767582381144166
2.948934240362812,147.14386,0.000656728632748127
2.972154195011338,144.89253,0.0008075803052634001
2.995374149659864,144.43703,0.0008132035727612674
3.01859410430839,144.2082,0.0008138369885273278
3.0418140589569163,145.37083,0.0007151149329729378
3.0650340136054424,145.71587,0.0007226633606478572
3.0882539682539685,144.33519,0.0008056082879193127
3.1114739229024946,143.59764,0.0007129826117306948
3.1346938775510207,84.59579,0.0006525534554384649
3.1579138321995464,136.56873,0.0004086582048330456
3.1811337868480725,399.49097,0.00035098090302199125
3.2043537414965986,131.21053,0.00033772163442336023
3.2275736961451247,131.6266,0.0003448413626756519
3.250793650793651,132.01784,0.0003693723410833627
3.274013605442177,132.30289,0.0003533610433805734
3.297233560090703,131.67934,0.00033932676888071
3.320453514739229,131.62857,0.0003139651962555945
3.3436734693877552,131.25731,0.00034996887552551925
3.3668934240362813,132.1159,0.0003489498049020767
3.3901133786848074,132.32686,0.00039602405740879476
3.4133333333333336,133.1578,0.0004402408085297793
3.4365532879818597,134.27734,0.0004490368301048875
3.4597732426303858,133.9082,0.0003362807910889387
3.4829931972789114,393.46112,0.0001613071362953633
3.5062131519274375,495.7934,0.00012093268014723435
3.5294331065759637,122.80733,0.00016646942822262645
3.5526530612244898,123.675545,0.0001688206393737346
3.575873015873016,125.78058,0.00018734054174274206
3.599092970521542,395.0642,0.00033325410913676023
3.622312925170068,406.72458,0.0001403501519234851
3.645532879818594,0.0,5.919791874475777e-06
3.6687528344671203,0.0,1.202909515995998e-06
3.6919727891156464,0.0,4.856156010646373e-07
3.7151927437641725,0.0,1.5163368516368791e-07
3.7384126984126986,0.0,5.4644260671921074e-08
3.7616326530612247,0.0,6.470327207352966e-08
3.784852607709751,0.0,1.253420123248361e-07
3.8080725623582765,0.0,1.6807643987704068e-07
3.8312925170068026,0.0,1.970520315808244e-07
