0.0,0.0,1.6488229448441416e-08
0.023219954648526078,0.0,1.330590748693794e-08
0.046439909297052155,0.0,1.0614712664391845e-08
0.06965986394557823,0.0,1.1349584383424371e-08
0.09287981859410431,0.0,1.1232259566895664e-08
0.11609977324263039,0.0,1.4726538211107254e-08
0.13931972789115646,0.0,7.009730325080454e-06
0.16253968253968254,371.6846,2.508188845240511e-05
0.18575963718820862,120.70613,5.0157817895524204e-05
0.2089795918367347,1686.3622,6.9431473093573e-05
0.23219954648526078,117.669,7.212096534203738e-05
0.25541950113378686,116.38088,9.2733433120884e-05
0.2786394557823129,116.47121,0.00012744011473841965
0.301859410430839,1653.3295,0.00017677355208434165
0.3250793650793651,1685.4958,0.000191304279724136
0.3482993197278912,122.215195,0.00020679685985669494
0.37151927437641724,126.49249,0.00038248393684625626
0.3947392290249433,134.36407,0.0006416099495254457
0.4179591836734694,424.89304,0.00045727271935902536
0.44117913832199546,148.68042,0.0005621673772111535
0.46439909297052157,1697.9332,0.0004716087714768946
0.4876190476190476,1720.1505,0.0005115991807542741
0.5108390022675737,1728.9911,0.0004412803682498634
0.5340589569160998,1737.1069,0.0003879647410940379
0.5572789115646258,161.40465,0.00045391780440695584
0.5804988662131519,167.75867,0.0006424371968023479
0.603718820861678,354.82623,0.0011796989711001515
0.626938775510204,187.50186,0.0012813335051760077
0.6501587301587302,192.27545,0.0015050043584778905
0.6733786848072563,194.09154,0.0014429989969357848
0.6965986394557824,1712.3314,0.0015534990234300494
0.7198185941043084,189.77223,0.0014529891777783632
0.7430385487528345,192.49208,0.0017446107231080532
0.7662585034013606,199.00412,0.0030910102650523186
0.7894784580498866,208.0361,0.0027490612119436264
0.8126984126984127,215.56961,0.0030974671244621277
0.8359183673469388,225.03795,0.0033352954778820276
0.8591383219954649,233.49022,0.003982607275247574
0.8823582766439909,241.18117,0.004191570915281773
0.905578231292517,244.7634,0.003896180773153901
0.9287981859410431,247.12215,0.003866505343466997
0.9520181405895691,248.88162,0.003452199511229992
0.9752380952380952,251.47014,0.0030571669340133667
0.9984580498866213,253.9671,0.0029400368221104145
1.0216780045351475,257.6092,0.0028837008867412806
1.0448979591836736,258.1455,0.003071086248382926
1.0681179138321997,244.62477,0.003284704638645053
1.0913378684807256,222.04169,0.00253648916259408
1.1145578231292517,200.33633,0.0012992247939109802
1.1377777777777778,1713.1433,0.0009731004829518497
1.1609977324263039,189.2474,0.0010698346886783838
1.18421768707483,192.48656,0.0012365708826109767
1.207437641723356,194.2874,0.0010321964509785175
1.2306575963718822,189.11249,0.0008076851372607052
1.253877551020408,508.42065,0.0005899567622691393
1.2770975056689342,1625.6296,0.0006838729023002088
1.3003174603174603,161.38942,0.000611271127127111
1.3235374149659864,321.33865,0.0006280584493651986
1.3467573696145125,327.21817,0.000491019687615335
1.3699773242630386,331.77237,0.0005130652571097016
1.3931972789115648,163.15884,0.000489131489302963
1.4164172335600906,445.6995,0.000701061449944973
1.4396371882086167,400.3811,0.0004996961215510964
1.4628571428571429,387.8003,0.0003455686382949352
1.486077097505669,127.99178,0.0003770987968891859
1.509297052154195,129.82495,0.0004080653307028115
1.5325170068027212,131.19452,0.0004140167438890785
1.5557369614512473,130.64134,0.00030457161483354867
1.5789569160997732,128.10608,0.0002361936931265518
1.6021768707482993,126.871704,0.00022354727843776345
1.6253968253968254,126.6014,0.0002175448025809601
1.6486167800453515,127.49087,0.00024696128093637526
1.6718367346938776,130.24403,0.00033486998290754855
1.6950566893424037,132.87947,0.0003722836554516107
1.7182766439909298,131.75673,0.00029327234369702637
1.7414965986394557,386.51987,0.00021538833971135318
1.7647165532879818,124.22918,0.00020479365775827318
1.787936507936508,123.54995,0.00023117345699574798
1.811156462585034,1625.9924,0.0002468694874551147
1.8343764172335602,127.85373,0.0002827657153829932
1.8575963718820863,131.46658,0.00035820979974232614
1.8808163265306124,132.57666,0.0003231653245165944
1.9040362811791383,390.16748,0.0001647899189265445
1.9272562358276644,122.17781,0.00017033300537150353
1.9504761904761905,1673.8004,0.00015657677431590855
1.9736961451247166,121.11527,0.0001714742829790339
1.9969160997732427,124.89792,0.00022329544299282134
2.020136054421769,129.40152,0.00025712858769111335
2.043356009070295,131.57162,0.00022691377671435475
2.066575963718821,388.53122,0.00013979562208987772
2.089795918367347,123.06019,0.00012004996824543923
2.1130158730158732,121.09797,0.00011182313755853102
2.1362358276643993,121.956825,0.00014341699716169387
2.159455782312925,125.902855,0.00014847316197119653
2.182675736961451,131.36757,0.000160347786732018
2.2058956916099772,401.57477,0.00013163519906811416
2.2291156462585033,396.01266,7.071244908729568e-05
2.2523356009070294,124.16814,5.416746353148483e-05
2.2755555555555556,1683.1292,5.851815512869507e-05
2.2987755102040817,122.06817,5.4619704314973205e-05
2.3219954648526078,126.40235,5.3700503485742956e-05
2.345215419501134,129.67061,3.540096804499626e-05
2.36843537414966,97.35974,1.7223132090293802e-05
2.391655328798186,391.11374,1.0529659448366147e-05
2.414875283446712,0.0,5.2275554480729625e-06
2.4380952380952383,0.0,1.2105865607736632e-06
2.4613151927437644,0.0,1.593343768035993e-07
2.48453514739229,0.0,4.857429303228855e-08
2.507755102040816,0.0,1.665739546297118e-08
2.5309750566893423,0.0,1.0937583283521235e-08
2.5541950113378684,0.0,9.040377335622907e-09
2.5774149659863945,0.0,7.728885975666344e-09
