0.0,0.0,7.231392373796552e-08
0.023219954648526078,0.0,3.432242010603659e-06
0.046439909297052155,471.82935,1.395147955918219e-05
0.06965986394557823,123.41599,2.7269095880910754e-05
0.09287981859410431,1649.5137,3.8568821764783934e-05
0.11609977324263039,386.96207,5.04599665873684e-05
0.13931972789115646,391.42722,7.291235669981688e-05
0.16253968253968254,395.1352,8.625332702649757e-05
0.18575963718820862,394.1169,0.0001012839493341744
0.2089795918367347,393.49542,0.00011956892558373511
0.23219954648526078,392.50064,0.0001252126385224983
0.25541950113378686,393.98474,0.0001104084076359868
0.2786394557823129,394.53653,5.967615288682282e-05
0.301859410430839,396.29468,7.402578921755776e-05
0.3250793650793651,420.43484,0.0001686036412138492
0.3482993197278912,150.07321,0.0003850456268992275
0.37151927437641724,469.84583,0.0003657477209344506
0.3947392290249433,159.57536,0.00032291008392348886
0.4179591836734694,157.41116,0.00025822396855801344
0.44117913832199546,465.49802,0.00020413805032148957
0.46439909297052157,468.78116,0.00022495820303447545
0.4876190476190476,166.98938,0.000311986863380298
0.5108390022675737,175.606,0.0003490798408165574
0.5340589569160998,2238.8486,0.000430657179094851
0.5572789115646258,2835.351,0.0003994981525465846
0.5804988662131519,554.63525,0.00031893682898953557
0.603718820861678,134.50992,0.000364580046152696
0.626938775510204,182.03914,0.0003330166800878942
0.6501587301587302,567.44324,0.00030430100741796196
0.6733786848072563,203.18434,0.0002561961009632796
0.6965986394557824,220.66164,0.00040487953810952604
0.7198185941043084,232.72932,0.00043210855801589787
0.7430385487528345,244.32298,0.000631936127319932
0.7662585034013606,255.41182,0.0010017980821430683
0.7894784580498866,262.00632,0.000871756172273308
0.8126984126984127,255.87846,0.0005826182896271348
0.8359183673469388,250.08907,0.0006346097216010094
0.8591383219954649,247.319,0.0006917617283761501
0.8823582766439909,246.66754,0.0006847334443591535
0.905578231292517,470.0397,0.0006124110659584403
0.9287981859410431,2220.3489,0.0004219184920657426
0.9520181405895691,386.8231,0.00037876347778365016
0.9752380952380952,387.34448,0.0003718408406712115
0.9984580498866213,391.00412,0.0003330909530632198
1.0216780045351475,393.23016,0.0002781240618787706
1.0448979591836736,389.4059,0.0003362474963068962
1.0681179138321997,138.90666,0.00046726048458367586
1.0913378684807256,169.28009,0.00047864814405329525
1.1145578231292517,314.08038,0.0004350353847257793
1.1377777777777778,460.16153,0.0003444067551754415
1.1609977324263039,1555.6154,0.0004965513362549245
1.18421768707483,1564.3345,0.0004912865115329623
1.207437641723356,476.4791,0.0002902334090322256
1.2306575963718822,322.9766,0.0002307087415829301
1.253877551020408,160.9979,0.00018890772480517626
1.2770975056689342,466.96283,0.0001311350060859695
1.3003174603174603,1598.5334,0.00012731296010315418
1.3235374149659864,523.6554,0.00012940654414705932
1.3467573696145125,125.13004,0.00013883125211577863
1.3699773242630386,1608.4745,0.0001915534376166761
1.3931972789115648,1622.556,0.0002396913623670116
1.4164172335600906,1618.6145,0.000262123707216233
1.4396371882086167,1598.6759,0.00022117298794910312
1.4628571428571429,242.3065,0.00020964411669410765
1.486077097505669,239.34116,0.0002010773023357615
1.509297052154195,238.6043,0.00018089251534547657
1.5325170068027212,121.567406,0.00016814787522889674
1.5557369614512473,125.22036,0.00015410770720336586
1.5789569160997732,257.53024,0.00017848453717306256
1.6021768707482993,127.89069,0.00019476344459690154
1.6253968253968254,124.670456,0.00017694308189675212
1.6486167800453515,238.83011,0.00020066085562575608
1.6718367346938776,232.28952,0.00018224742962047458
1.6950566893424037,115.28507,0.00014154138625599444
1.7182766439909298,117.47538,0.00016021996270865202
1.7414965986394557,243.32643,0.0001502398808952421
1.7647165532879818,126.6584,0.00016169159789569676
1.787936507936508,390.34326,0.00017533174832351506
1.811156462585034,129.03964,0.0001732716045808047
1.8343764172335602,125.02612,0.00017992373614106327
1.8575963718820863,238.65121,0.00017483561532571912
1.8808163265306124,233.31815,0.0001362194016110152
1.9040362811791383,231.93474,0.00015376661031041294
1.9272562358276644,238.14282,0.00012363675341475755
1.9504761904761905,125.35566,0.00013106520054861903
1.9736961451247166,393.14175,0.00015468415222130716
1.9969160997732427,1608.0796,0.00015163201896939427
2.020136054421769,1598.3088,0.00014811778964940459
2.043356009070295,126.20516,0.00014212215319275856
2.066575963718821,238.89456,0.0001538566721137613
2.089795918367347,117.01707,0.00010869804827962071
2.1130158730158732,234.2589,0.00012099860759917647
2.1362358276643993,120.88458,0.00010828762606251985
2.159455782312925,1646.69,8.912025077734143e-05
2.182675736961451,389.03015,8.636244456283748e-05
2.2058956916099772,1685.3999,8.254902058979496e-05
2.2291156462585033,126.43862,3.943049523513764e-05
2.2523356009070294,0.0,8.69929681357462e-06
2.2755555555555556,0.0,1.4446350178332068e-06
2.2987755102040817,0.0,2.995047907461412e-07
2.3219954648526078,0.0,9.240466170012951e-08
2.345215419501134,0.0,8.207643986679614e-08
2.36843537414966,0.0,4.7411049308720976e-08
2.391655328798186,0.0,2.3665052140131593e-08
2.414875283446712,0.0,3.741388354683295e-08
2.4380952380952383,0.0,1.5226760297082365e-08
2.4613151927437644,0.0,2.4266228138003498e-08
2.48453514739229,0.0,3.834338713204488e-08
2.507755102040816,0.0,2.1799678506795317e-08
2.5309750566893423,0.0,3.4753611544147134e-08
2.5541950113378684,0.0,1.9072103896178305e-09
