0.0,0.0,6.73762770020403e-08
0.023219954648526078,0.0,2.2018866729922593e-08
0.046439909297052155,0.0,2.8055183065589517e-08
0.06965986394557823,0.0,4.517369234235957e-08
0.09287981859410431,0.0,8.427923603449017e-08
0.11609977324263039,0.0,6.046775524737313e-08
0.13931972789115646,0.0,1.558300937176682e-07
0.16253968253968254,112.36525,2.1878358893445693e-05
0.18575963718820862,127.04342,6.797915557399392e-05
0.2089795918367347,1435.0378,0.00015410123160108924
0.23219954648526078,1475.6724,0.00018740871746558696
0.25541950113378686,1475.581,0.00015328676090575755
0.2786394557823129,1471.5918,0.0001396365842083469
0.301859410430839,1480.2466,7.893541624071077e-05
0.3250793650793651,134.19391,2.859034066204913e-05
0.3482993197278912,126.90809,1.1326245839882176e-05
0.37151927437641724,0.0,1.295055881200824e-06
0.3947392290249433,0.0,1.4292709238361567e-07
0.4179591836734694,0.0,1.1751581041608006e-07
0.44117913832199546,0.0,4.837875167140737e-08
0.46439909297052157,0.0,6.798582035116851e-07
0.4876190476190476,168.6894,7.016990275587887e-05
0.5108390022675737,708.4102,0.00017137416580226272
0.5340589569160998,708.4832,0.0002559986023698002
0.5572789115646258,176.0017,0.00027103425236418843
0.5804988662131519,175.94522,0.0002956170937977731
0.603718820861678,173.77855,0.00024642146308906376
0.626938775510204,1513.477,0.00015436040121130645
0.6501587301587302,1511.8774,7.638843089807779e-05
0.6733786848072563,169.89517,2.2855221686768346e-05
0.6965986394557824,0.0,4.762912794831209e-06
0.7198185941043084,0.0,4.1268776840297505e-07
0.7430385487528345,0.0,9.740870154928416e-08
0.7662585034013606,0.0,2.7682290237862617e-08
0.7894784580498866,0.0,5.001857061870396e-08
0.8126984126984127,1480.3411,0.00011892163456650451
0.8359183673469388,601.73315,0.0002931308699771762
0.8591383219954649,195.38152,0.0004376265569590032
0.8823582766439909,386.425,0.0006263781106099486
0.905578231292517,381.79443,0.0007922318764030933
0.9287981859410431,378.45447,0.0007631960324943066
0.9520181405895691,377.05402,0.0004951360169798136
0.9752380952380952,571.7944,0.00018753751646727324
0.9984580498866213,594.52295,6.888651114422828e-05
1.0216780045351475,0.0,8.133967639878392e-06
1.0448979591836736,0.0,1.209794390888419e-06
1.0681179138321997,0.0,1.5523801266681403e-07
1.0913378684807256,0.0,5.525726010091603e-08
1.1145578231292517,0.0,6.253685569390655e-08
1.1377777777777778,0.0,7.971357263159007e-08
1.1609977324263039,0.0,3.3784635888878256e-07
1.18421768707483,1526.3871,0.00018277406343258917
1.207437641723356,258.29053,0.0003604067023843527
1.2306575963718822,264.5093,0.0004830640973523259
1.253877551020408,543.7061,0.0007082426454871893
1.2770975056689342,540.3004,0.0006557521992363036
1.3003174603174603,527.80237,0.0007034921436570585
1.3235374149659864,520.486,0.0007463343790732324
1.3467573696145125,260.24097,0.00043143104994669557
1.3699773242630386,258.2279,0.00019954005256295204
1.3931972789115648,262.22336,6.222212687134743e-05
1.4164172335600906,263.06607,2.1738071154686622e-05
1.4396371882086167,0.0,2.5291119527537376e-06
1.4628571428571429,0.0,5.345700628822669e-07
1.486077097505669,0.0,1.508078639744781e-07
1.509297052154195,0.0,6.18865669821389e-08
1.5325170068027212,0.0,2.109809429384768e-07
1.5557369614512473,536.9382,0.00011622534657362849
1.5789569160997732,535.4066,0.00020040737581439316
1.6021768707482993,1462.1267,0.0006362989079207182
1.6253968253968254,1494.7582,0.0008645110647194088
1.6486167800453515,384.27518,0.0006589660188183188
1.6718367346938776,387.1068,0.0005747828399762511
1.6950566893424037,382.79163,0.0004672854847740382
1.7182766439909298,190.77199,0.00022153147438075393
1.7414965986394557,573.67194,5.160556611372158e-05
1.7647165532879818,0.0,6.733056579832919e-06
1.787936507936508,0.0,7.423132046824321e-07
1.811156462585034,0.0,1.9242816051701084e-07
1.8343764172335602,0.0,4.9762093112803996e-08
1.8575963718820863,0.0,4.311095835873857e-08
1.8808163265306124,0.0,1.2884356692666188e-07
1.9040362811791383,146.92831,2.7822454285342246e-05
1.9272562358276644,627.8574,0.00011656378774205223
1.9504761904761905,2193.3184,0.00023978899116627872
1.9736961451247166,2211.4102,0.00023426124243997037
1.9969160997732427,2226.4502,0.00019091602007392794
2.020136054421769,159.75928,0.00016576459165662527
2.043356009070295,488.4252,0.00014085299335420132
2.066575963718821,1466.831,7.836597069399431e-05
2.089795918367347,160.29517,3.0866820452502e-05
2.1130158730158732,0.0,5.428337317425758e-06
2.1362358276643993,0.0,5.010069799027406e-07
2.159455782312925,0.0,1.432854332961142e-07
2.182675736961451,0.0,3.1355739338323474e-08
2.2058956916099772,0.0,3.7090103433001786e-08
2.2291156462585033,0.0,7.67831807024777e-08
2.2523356009070294,0.0,1.8353784980718046e-07
2.2755555555555556,0.0,1.3805401977151632e-07
2.2987755102040817,0.0,8.396531484322622e-06
2.3219954648526078,114.20765,2.683400634850841e-05
2.345215419501134,116.04376,5.963339935988188e-05
2.36843537414966,488.11816,0.00010466403182363138
2.391655328798186,124.45007,0.00015789148164913058
2.414875283446712,124.36956,0.00018526619533076882
2.4380952380952383,124.44454,0.0001824161154218018
2.4613151927437644,1450.736,0.0001253756636288017
2.48453514739229,471.89966,0.0001612804626347497
2.507755102040816,476.81097,0.0001941158261615783
2.5309750566893423,1475.6749,0.00020712534023914486
2.5541950113378684,125.91989,0.0002300232445122674
2.5774149659863945,1472.9806,0.00017635445692576468
2.6006349206349206,2172.715,0.00014522824494633824
2.6238548752834467,1482.8344,0.00013792660320177674
2.647074829931973,515.84015,0.00014048744924366474
2.670294784580499,1574.9576,0.00011458287917776033
2.693514739229025,122.18188,8.628712384961545e-05
2.716734693877551,124.966225,9.361776756122708e-05
2.7399546485260773,1583.278,8.807124686427414e-05
2.7631746031746034,135.1197,8.036066719796509e-05
2.7863945578231295,103.99869,8.47436604090035e-05
2.809614512471655,1613.8671,8.16064202808775e-05
2.8328344671201813,126.608696,7.46574587537907e-05
2.8560544217687074,120.99912,6.161864439491183e-05
2.8792743764172335,117.54367,5.403467366704717e-05
2.9024943310657596,1581.4563,4.520608126767911e-05
2.9257142857142857,125.606255,5.2075622079428285e-05
2.948934240362812,1621.0358,4.7002231440274045e-05
2.972154195011338,411.88297,3.778910104301758e-05
2.995374149659864,1621.4485,2.8421072784112766e-05
3.01859410430839,127.42615,2.056974517472554e-05
3.0418140589569163,123.943436,1.3768999451713171e-05
3.0650340136054424,0.0,8.329265256179497e-06
3.0882539682539685,0.0,5.70736938243499e-06
3.1114739229024946,0.0,3.82535199605627e-06
3.1346938775510207,0.0,2.0383295122883283e-06
3.1579138321995464,0.0,2.2525409804075025e-06
3.1811337868480725,0.0,6.512391337309964e-07
3.2043537414965986,0.0,1.4000852388562635e-07
3.2275736961451247,0.0,1.0217354429187253e-07
3.250793650793651,0.0,1.5925252228043973e-09
