0.0,0.0,1.8438277038512751e-07
0.023219954648526078,0.0,7.51570041757077e-08
0.046439909297052155,0.0,7.191101758508012e-08
0.06965986394557823,0.0,2.4197197490138933e-07
0.09287981859410431,118.973465,1.5201705537037924e-05
0.11609977324263039,122.80198,0.00011647741484921426
0.13931972789115646,128.82661,0.0001531353045720607
0.16253968253968254,139.89062,0.0002607138885650784
0.18575963718820862,159.05061,0.00043315882794559
0.2089795918367347,170.56833,0.0004288629279471934
0.23219954648526078,360.02524,0.0004496283072512597
0.25541950113378686,363.1595,0.0007313438109122217
0.2786394557823129,178.5584,0.0006187513936311007
0.301859410430839,174.29562,0.00043487761286087334
0.3250793650793651,173.2686,0.0004905302776023746
0.3482993197278912,173.96729,0.0005294778384268284
0.37151927437641724,1949.8936,0.00039014601497910917
0.3947392290249433,179.30705,0.00037066172808408737
0.4179591836734694,181.20766,0.00019981505465693772
0.44117913832199546,173.81407,4.459878255147487e-05
0.46439909297052157,0.0,3.970394573116209e-06
0.4876190476190476,0.0,7.038133844616823e-07
0.5108390022675737,0.0,2.2950371203478426e-07
0.5340589569160998,0.0,6.688696885248646e-08
0.5572789115646258,0.0,4.770754458149895e-08
0.5804988662131519,0.0,3.456052581896074e-07
0.603718820861678,208.89684,7.356196874752641e-05
0.626938775510204,214.11226,0.0002784642856568098
0.6501587301587302,212.8415,0.00037243717815726995
0.6733786848072563,224.50958,0.0003269129665568471
0.6965986394557824,227.98438,0.0003047192294616252
0.7198185941043084,222.94435,0.0005471393815241754
0.7430385487528345,1949.8151,0.0010131754679605365
0.7662585034013606,1935.4353,0.001413928810507059
0.7894784580498866,1929.807,0.001695680315606296
0.8126984126984127,1927.5382,0.0015545100905001163
0.8359183673469388,1948.4949,0.0006823877338320017
0.8591383219954649,222.73494,0.0005119425477460027
0.8823582766439909,225.2447,0.0004044092202093452
0.905578231292517,223.1105,0.0001688623015070334
0.9287981859410431,0.0,8.411901944782585e-06
0.9520181405895691,0.0,1.0000030670198612e-06
0.9752380952380952,0.0,5.928686732659116e-07
0.9984580498866213,0.0,2.1379219106165692e-07
1.0216780045351475,0.0,8.510332918376662e-07
1.0448979591836736,0.0,8.944825822254643e-07
1.0681179138321997,232.22403,0.0002917558595072478
1.0913378684807256,260.0714,0.0009107267251238227
1.1145578231292517,267.23172,0.0011954728979617357
1.1377777777777778,272.5191,0.0009260389488190413
1.1609977324263039,273.41098,0.0012249003630131483
1.18421768707483,265.88705,0.0013467452954500914
1.207437641723356,259.58868,0.0009918627329170704
1.2306575963718822,256.7141,0.0008666582871228456
1.253877551020408,2045.1501,0.0013071957509964705
1.2770975056689342,2073.9673,0.002067494671791792
1.3003174603174603,264.2276,0.0017734556458890438
1.3235374149659864,273.02695,0.0018708322895690799
1.3467573696145125,276.4426,0.0013441159389913082
1.3699773242630386,263.44608,9.06520799617283e-05
1.3931972789115648,265.566,4.200261173537001e-05
1.4164172335600906,0.0,4.9321188271278515e-06
1.4396371882086167,0.0,1.8119953892892227e-06
1.4628571428571429,0.0,3.3216838346561417e-07
1.486077097505669,0.0,1.7593811207916588e-07
1.509297052154195,0.0,2.0412971935002133e-07
1.5325170068027212,0.0,3.229379217373207e-07
1.5557369614512473,0.0,2.8879003366455436e-07
1.5789569160997732,0.0,6.133495844551362e-07
1.6021768707482993,330.20114,0.0002490551851224154
1.6253968253968254,708.28644,0.000957657874096185
1.6486167800453515,715.89795,0.0012699952349066734
1.6718367346938776,358.05115,0.0012742532417178154
1.6950566893424037,351.31903,0.0017298557795584202
1.7182766439909298,345.7339,0.0022362172603607178
1.7414965986394557,343.8563,0.0024007814936339855
1.7647165532879818,343.51306,0.0026449598371982574
1.787936507936508,343.7179,0.0029127602465450764
1.811156462585034,346.17383,0.0024947128258645535
1.8343764172335602,354.00107,0.001902092481032014
1.8575963718820863,1791.142,0.002728383056819439
1.8808163265306124,2095.5315,0.002000949112698436
1.9040362811791383,338.09732,0.00037750895717181265
1.9272562358276644,269.60623,3.59983641828876e-05
1.9504761904761905,0.0,5.6460548876202665e-06
1.9736961451247166,0.0,2.0306861188146286e-06
1.9969160997732427,0.0,4.941266524838284e-07
2.020136054421769,0.0,2.9433340387186036e-07
2.043356009070295,0.0,3.6717210605274886e-07
2.066575963718821,0.0,4.6255445340648293e-07
2.089795918367347,245.84106,0.00012560954201035202
2.1130158730158732,257.29462,0.0004129973822273314
2.1362358276643993,1795.4734,0.0007072727894410491
2.159455782312925,260.91348,0.000739250099286437
2.182675736961451,263.62637,0.0007079481147229671
2.2058956916099772,265.81192,0.0009866063483059406
2.2291156462585033,265.19998,0.0014728516107425094
2.2523356009070294,1847.5714,0.0015640119090676308
2.2755555555555556,264.38284,0.0013828632654622197
2.2987755102040817,265.17514,0.00111321487929672
2.3219954648526078,266.10355,0.0010027186945080757
2.345215419501134,267.37567,0.0011279471218585968
2.36843537414966,270.39642,0.0008426334243267775
2.391655328798186,273.94537,0.00041453438461758196
2.414875283446712,271.743,0.00013710095663554966
2.4380952380952383,260.63187,2.0264575141482055e-05
2.4613151927437644,266.6435,1.129979773395462e-05
2.48453514739229,0.0,7.077314876369201e-07
2.507755102040816,0.0,4.843568603973836e-07
2.5309750566893423,0.0,2.4754444893915206e-07
2.5541950113378684,0.0,3.8710822991561145e-07
2.5774149659863945,216.43613,9.17306388146244e-05
2.6006349206349206,2004.3961,0.00042646349174901843
2.6238548752834467,2010.9468,0.0008791821310296655
2.647074829931973,2040.9252,0.0013987101847305894
2.670294784580499,2038.3751,0.0016592524480074644
2.693514739229025,1990.9547,0.001953521743416786
2.716734693877551,1977.7308,0.0016109752468764782
2.7399546485260773,1970.3633,0.0015413834480568767
2.7631746031746034,1986.3751,0.001259828102774918
2.7863945578231295,2028.19,0.001447945600375533
2.809614512471655,2061.4944,0.00145792739931494
2.8328344671201813,1851.2783,0.0003197081678081304
2.8560544217687074,222.83093,4.7697980335215107e-05
2.8792743764172335,0.0,1.4944298527552746e-06
2.9024943310657596,0.0,7.006956366240047e-07
2.9257142857142857,0.0,1.8396258383290842e-07
2.948934240362812,0.0,7.812741387169808e-08
2.972154195011338,0.0,1.5500518202316016e-07
2.995374149659864,0.0,3.722971086972393e-07
3.01859410430839,0.0,7.260250640683807e-07
3.0418140589569163,156.35516,4.683675797423348e-05
3.0650340136054424,321.00476,9.654909081291407e-05
3.0882539682539685,166.1709,0.00024774117628112435
3.1114739229024946,1996.5945,0.0002947857428807765
3.1346938775510207,1996.5956,0.0004175918875262141
3.1579138321995464,1991.1638,0.0005653527332469821
3.1811337868480725,2073.3723,0.0006685074768029153
3.2043537414965986,2009.1226,0.0008202274329960346
3.2275736961451247,1991.5197,0.0007791225798428059
3.250793650793651,1993.3372,0.0008633331162855029
3.274013605442177,2062.2053,0.0012939281295984983
3.297233560090703,1964.0614,0.0007316073169931769
3.320453514739229,2013.8553,0.0006843846058472991
3.3436734693877552,2029.8092,0.0006904881447553635
3.3668934240362813,1960.9452,0.0011073881760239601
3.3901133786848074,1998.4802,0.0010835154680535197
3.4133333333333336,1935.3285,0.0008110456401482224
3.4365532879818597,1945.8308,0.0005191498203203082
3.4597732426303858,168.98418,0.0008343524532392621
3.4829931972789114,1955.833,0.00044954451732337475
3.5062131519274375,2056.661,0.0005695514846593142
3.5294331065759637,2060.2886,0.0005103891016915441
3.5526530612244898,1971.5715,0.0007205472211353481
3.575873015873016,348.87753,0.0004896906320936978
3.599092970521542,167.6743,0.0004505359102040529
3.622312925170068,1943.4814,0.0003015952534042299
3.645532879818594,165.5625,0.00039043539436534047
3.6687528344671203,1943.8528,0.0002973219088744372
3.6919727891156464,2027.381,0.00022509953123517334
3.7151927437641725,2066.899,0.0001343047188129276
3.7384126984126986,181.17804,2.137149203917943e-05
3.7616326530612247,0.0,8.735214578337036e-06
3.784852607709751,0.0,9.619207048672251e-07
3.8080725623582765,0.0,2.413744368823245e-07
3.8312925170068026,0.0,2.397891876171343e-07
3.8545124716553287,0.0,6.970640242798254e-08
3.877732426303855,0.0,1.4082252164371312e-07
3.900952380952381,0.0,1.2733380572171882e-07
3.924172335600907,0.0,1.2093005352653563e-07
3.947392290249433,0.0,2.664100975380279e-07
3.9706122448979593,0.0,6.314621714409441e-08
3.9938321995464854,0.0,3.920104063581675e-08
4.017052154195011,0.0,8.516326488461345e-08
4.040272108843538,0.0,2.0662810129579157e-07
4.063492063492063,0.0,8.593269740231335e-08
4.08671201814059,0.0,6.59047145745717e-08
4.1099319727891155,0.0,1.3437693269224837e-07
4.133151927437642,0.0,3.0169758247211576e-08
4.156371882086168,0.0,5.7734723668545485e-09
