0.0,0.0,3.4698496165219694e-07
0.023219954648526078,0.0,3.1596573535352945e-07
0.046439909297052155,0.0,4.676285243476741e-07
0.06965986394557823,0.0,1.9755862012971193e-07
0.09287981859410431,0.0,2.0131028577452525e-07
0.11609977324263039,204.56679,0.00021360465325415134
0.13931972789115646,339.79593,0.0020063945557922125
0.16253968253968254,337.1837,0.003712157253175974
0.18575963718820862,175.00806,0.0030001834966242313
0.2089795918367347,364.62256,0.0034241233952343464
0.23219954648526078,169.92125,0.002792977262288332
0.25541950113378686,163.92038,0.0015659669879823923
0.2786394557823129,163.29462,0.001956926891580224
0.301859410430839,169.79141,0.0016241874545812607
0.3250793650793651,176.6904,0.001427192473784089
0.3482993197278912,188.70212,0.0014573364751413465
0.37151927437641724,193.86836,0.001561472425237298
0.3947392290249433,198.42921,0.0019488795660436153
0.4179591836734694,200.18954,0.0018332437612116337
0.44117913832199546,193.60703,0.0013584820553660393
0.46439909297052157,189.62547,0.0010631532641127706
0.4876190476190476,196.15727,0.0014013946056365967
0.5108390022675737,210.93253,0.001187335466966033
0.5340589569160998,226.27814,0.0013834775891155005
0.5572789115646258,233.14651,0.0017916932702064514
0.5804988662131519,225.39175,0.002317746402695775
0.603718820861678,209.0989,0.003140609012916684
0.626938775510204,202.94206,0.0017019722145050764
0.6501587301587302,216.80818,0.0012477375566959381
0.6733786848072563,234.85141,0.001482879975810647
0.6965986394557824,247.4088,0.0016318662092089653
0.7198185941043084,245.86618,0.0028470354154706
0.7430385487528345,240.66049,0.003303146455436945
0.7662585034013606,231.98572,0.002635424956679344
0.7894784580498866,229.70297,0.0020779436454176903
0.8126984126984127,247.19206,0.0016131831798702478
0.8359183673469388,269.99683,0.0019999428186565638
0.8591383219954649,279.0896,0.0018888937775045633
0.8823582766439909,276.95895,0.002050256822258234
0.905578231292517,266.5802,0.002755227964371443
0.9287981859410431,260.82855,0.002759623574092984
0.9520181405895691,263.7882,0.002612387528643012
0.9752380952380952,288.02658,0.002223813906311989
0.9984580498866213,317.07974,0.004140318371355534
1.0216780045351475,331.16406,0.004913903772830963
1.0448979591836736,320.45578,0.002338727703318
1.0681179138321997,297.9308,0.0026487994473427534
1.0913378684807256,288.8018,0.0023431694135069847
1.1145578231292517,297.8229,0.0026821827050298452
1.1377777777777778,330.88336,0.005110864527523518
1.1609977324263039,345.49902,0.004268149379640818
1.18421768707483,348.2457,0.005662661045789719
1.207437641723356,334.1009,0.003485775552690029
1.2306575963718822,311.65283,0.0031413105316460133
1.253877551020408,311.11575,0.003595405025407672
1.2770975056689342,334.32205,0.005915032234042883
1.3003174603174603,722.63324,0.006267830729484558
1.3235374149659864,370.36343,0.007606829982250929
1.3467573696145125,366.93982,0.008901088498532772
1.3699773242630386,357.3978,0.0043264590203762054
1.3931972789115648,343.24866,0.006744225509464741
1.4164172335600906,345.0764,0.00532954465597868
1.4396371882086167,373.63046,0.004746770486235619
1.4628571428571429,399.8379,0.004259733483195305
1.486077097505669,407.9482,0.005257889628410339
1.509297052154195,397.84137,0.008278852328658104
1.5325170068027212,739.96173,0.009526310488581657
1.5557369614512473,367.38815,0.007966860197484493
1.5789569160997732,373.88095,0.006759932264685631
1.6021768707482993,1144.4194,0.006775924935936928
1.6253968253968254,384.23444,0.010420644655823708
1.6486167800453515,369.8701,0.008330615237355232
1.6718367346938776,336.46854,0.006183275021612644
1.6950566893424037,309.31656,0.004118146374821663
1.7182766439909298,647.2003,0.005389712750911713
1.7414965986394557,699.688,0.003732122480869293
1.7647165532879818,351.1502,0.003905130084604025
1.787936507936508,341.2618,0.005349550396203995
1.811156462585034,315.04962,0.003383819479495287
1.8343764172335602,301.66998,0.0033679455518722534
1.8575963718820863,308.0339,0.0023123696446418762
1.8808163265306124,319.77582,0.0026520895771682262
1.9040362811791383,323.12592,0.0025180301163345575
1.9272562358276644,316.99127,0.002516839187592268
1.9504761904761905,575.6052,0.006309667602181435
1.9736961451247166,528.3771,0.00870856549590826
1.9969160997732427,263.74893,0.0058212378062307835
2.020136054421769,271.96338,0.0029058726504445076
2.043356009070295,283.88562,0.002094404771924019
2.066575963718821,284.99802,0.0035451145377010107
2.089795918367347,527.9739,0.0052910465747118
2.1130158730158732,483.23608,0.011122336611151695
2.1362358276643993,235.18884,0.008275697007775307
2.159455782312925,238.27275,0.0037740834522992373
2.182675736961451,247.13428,0.002364249899983406
2.2058956916099772,250.22034,0.00314143393188715
2.2291156462585033,246.09322,0.007511770352721214
2.2523356009070294,233.62152,0.006123775616288185
2.2755555555555556,217.9473,0.005360891111195087
2.2987755102040817,217.74098,0.005224545020610094
2.3219954648526078,225.77191,0.007402712479233742
2.345215419501134,236.9191,0.007645629812031984
2.36843537414966,235.21684,0.006753560155630112
2.391655328798186,214.03603,0.005450462456792593
2.414875283446712,203.06097,0.005477859638631344
2.4380952380952383,205.81349,0.0049182516522705555
2.4613151927437644,212.10178,0.004276048392057419
2.48453514739229,219.49327,0.004205760546028614
2.507755102040816,223.3236,0.004646466113626957
2.5309750566893423,421.31348,0.003721553599461913
2.5541950113378684,186.19435,0.002645554021000862
2.5774149659863945,177.2395,0.002294340869411826
2.6006349206349206,178.94493,0.003465455025434494
2.6238548752834467,377.37317,0.0052495538257062435
2.647074829931973,197.96533,0.006891525350511074
2.670294784580499,196.51627,0.004662691615521908
2.693514739229025,375.38965,0.003000319004058838
2.716734693877551,166.64146,0.0025481279008090496
2.7399546485260773,157.80038,0.0020969430916011333
2.7631746031746034,158.66621,0.002407072577625513
2.7863945578231295,167.29129,0.0031092786230146885
2.809614512471655,171.65953,0.0024531125091016293
2.8328344671201813,173.60677,0.002289573196321726
2.8560544217687074,172.11148,0.003230009926483035
2.8792743764172335,167.38063,0.0023364978842437267
2.9024943310657596,162.29309,0.0021905023604631424
2.9257142857142857,161.72122,0.0023141377605497837
2.948934240362812,168.45178,0.0025799416471272707
2.972154195011338,354.41428,0.0018483949825167656
2.995374149659864,178.6327,0.001498842379078269
3.01859410430839,175.25922,0.0022674263454973698
3.0418140589569163,169.60963,0.003002262208610773
3.0650340136054424,164.87372,0.0020066346041858196
3.0882539682539685,162.38602,0.0022056051529943943
3.1114739229024946,166.32545,0.0024941584561020136
3.1346938775510207,352.29456,0.001837285002693534
3.1579138321995464,365.66052,0.0020750316325575113
3.1811337868480725,179.47276,0.0012539672898128629
3.2043537414965986,170.28699,0.0024078525602817535
3.2275736961451247,165.44293,0.001945182797499001
3.250793650793651,164.83249,0.0020049281883984804
3.274013605442177,172.76263,0.0005003705737181008
3.297233560090703,182.9736,9.470583609072492e-05
3.320453514739229,365.83105,2.4268463675980456e-05
3.3436734693877552,0.0,1.5471096048713662e-06
3.3668934240362813,0.0,1.0555386324995197e-06
3.3901133786848074,0.0,2.984270395245403e-07
3.4133333333333336,0.0,2.741471689660102e-07
3.4365532879818597,0.0,2.7100759325549006e-07
3.4597732426303858,0.0,2.388242137385532e-07
3.4829931972789114,0.0,1.638363755773753e-07
3.5062131519274375,0.0,2.290653355885297e-07
3.5294331065759637,0.0,3.6547589843394235e-07
3.5526530612244898,0.0,4.438425094122067e-08
