0.0,0.0,5.216134013608098e-08
0.023219954648526078,0.0,5.2678842621389776e-08
0.046439909297052155,0.0,6.394566298695281e-08
0.06965986394557823,0.0,3.7033714761491865e-08
0.09287981859410431,0.0,6.59383658785373e-08
0.11609977324263039,0.0,4.108041139261331e-06
0.13931972789115646,490.8174,1.3237878192740027e-05
0.16253968253968254,516.808,1.587508995726239e-05
0.18575963718820862,176.69176,4.416657247929834e-05
0.2089795918367347,522.8351,9.758112719282508e-05
0.23219954648526078,520.5926,0.00012118855374865234
0.25541950113378686,521.67444,0.00015667259867768735
0.2786394557823129,525.3946,0.00018893316155299544
0.301859410430839,523.6675,0.00017972153727896512
0.3250793650793651,520.4385,0.00022583379177376628
0.3482993197278912,525.26196,0.0002404513070359826
0.37151927437641724,444.18777,0.0002447721199132502
0.3947392290249433,445.54474,0.00023745468934066594
0.4179591836734694,533.4362,0.00024283304810523987
0.44117913832199546,1529.7993,0.0003337687230668962
0.46439909297052157,98.980225,0.0005079373950138688
0.4876190476190476,1596.0961,0.00062363944016397
0.5108390022675737,1532.4056,0.0005528820911422372
0.5340589569160998,1570.3126,0.0007579192169941962
0.5572789115646258,1572.6073,0.0008676530560478568
0.5804988662131519,1550.1783,0.0010051191784441471
0.603718820861678,1533.9785,0.0008935038349591196
0.626938775510204,1528.9302,0.0008161405567079782
0.6501587301587302,2289.6418,0.0008783511584624648
0.6733786848072563,2273.1633,0.0005673767300322652
0.6965986394557824,1531.9897,0.0008834734326228499
0.7198185941043084,1552.3185,0.0010641487315297127
0.7430385487528345,249.87373,0.0012661993969231844
0.7662585034013606,261.42615,0.0011241238098591566
0.7894784580498866,133.70345,0.0011980610433965921
0.8126984126984127,134.63058,0.0014437739737331867
0.8359183673469388,131.50645,0.0016686777817085385
0.8591383219954649,258.86978,0.0020676529966294765
0.8823582766439909,127.18586,0.0017821270739659667
0.905578231292517,258.54053,0.0013986451085656881
0.9287981859410431,268.64993,0.0012811742490157485
0.9520181405895691,1510.0875,0.0013429441023617983
0.9752380952380952,1539.1196,0.0011109700426459312
0.9984580498866213,488.8412,0.001822074525989592
1.0216780045351475,528.5737,0.0021401720587164164
1.0448979591836736,375.09192,0.0014626438496634364
1.0681179138321997,381.1548,0.0016886123921722174
1.0913378684807256,375.99664,0.0016522654332220554
1.1145578231292517,369.4339,0.0020209457725286484
1.1377777777777778,541.6262,0.0012688657734543085
1.1609977324263039,1561.4332,0.0012538994196802378
1.18421768707483,515.94684,0.0012439338024705648
1.207437641723356,518.27814,0.0012728290166705847
1.2306575963718822,133.27562,0.0013024854706600308
1.253877551020408,178.1981,0.0017970218323171139
1.2770975056689342,500.84744,0.0016360377194359899
1.3003174603174603,542.6131,0.001814969233237207
1.3235374149659864,126.35272,0.0019246581941843033
1.3467573696145125,126.045555,0.001599112176336348
1.3699773242630386,257.0333,0.001259698299691081
1.3931972789115648,130.1051,0.0012669381685554981
1.4164172335600906,130.95818,0.0012938862200826406
1.4396371882086167,130.68178,0.0013441626215353608
1.4628571428571429,130.61667,0.001383435446768999
1.486077097505669,131.90834,0.001423572190105915
1.509297052154195,131.4078,0.001635073684155941
1.5325170068027212,256.4216,0.0014887070283293724
1.5557369614512473,495.6361,0.0010289165657013655
1.5789569160997732,1502.6364,0.000828055664896965
1.6021768707482993,1505.4576,0.0006520862807519734
1.6253968253968254,1429.3774,0.0007327210041694343
1.6486167800453515,1471.5112,0.000600501662120223
1.6718367346938776,1474.6434,0.0007921303040347993
1.6950566893424037,1454.4806,0.0006326228613033891
1.7182766439909298,1455.0511,0.0007572667673230171
1.7414965986394557,445.14447,0.0007432292914018035
1.7647165532879818,1453.8561,0.0006132022244855762
1.787936507936508,1457.7524,0.0007929786806926131
1.811156462585034,1536.3275,0.00031780474819242954
1.8343764172335602,105.16506,0.00023000847431831062
1.8575963718820863,97.24968,0.00011678101873258129
1.8808163265306124,551.066,0.00011950988846365362
1.9040362811791383,528.44275,0.00011604440078372136
1.9272562358276644,1500.2351,9.223318193107843e-05
1.9504761904761905,175.90738,8.881985559128225e-05
1.9736961451247166,1494.4939,0.00010463443322805688
1.9969160997732427,173.91707,0.00011770253331633285
2.020136054421769,1478.3405,9.932887041941285e-05
2.043356009070295,1521.9509,0.00012547611549962312
2.066575963718821,1522.1531,0.0001267234474653378
2.089795918367347,1507.3645,0.0001451722637284547
2.1130158730158732,1511.8785,0.0001508548011770472
2.1362358276643993,1528.5453,0.0001747201895341277
2.159455782312925,1511.7384,0.0001822293852455914
2.182675736961451,1491.6051,0.00020866355043835938
2.2058956916099772,1496.5813,0.0002113538794219494
2.2291156462585033,1515.1227,0.0002437423972878605
2.2523356009070294,1526.6754,0.0002059111138805747
2.2755555555555556,1522.9915,0.00021661759819835424
2.2987755102040817,1517.0907,0.00022839719895273447
2.3219954648526078,1507.9595,0.00020889341249130666
2.345215419501134,1510.5024,0.00020856353512499481
2.36843537414966,1496.958,0.00019604127737693489
2.391655328798186,1494.7357,0.00018669255950953811
2.414875283446712,439.97092,0.00013185055286157876
2.4380952380952383,452.11774,0.000101474579423666
2.4613151927437644,92.8098,1.9557330233510584e-05
2.48453514739229,0.0,3.6451383493840694e-06
2.507755102040816,0.0,9.380819392390549e-07
2.5309750566893423,0.0,3.618561095208861e-07
2.5541950113378684,0.0,1.0340227163396776e-07
2.5774149659863945,0.0,9.381892596138641e-08
2.6006349206349206,0.0,5.368019628804177e-08
2.6238548752834467,0.0,3.120931069133803e-08
