0.0,0.0,3.865898179356009e-08
0.023219954648526078,0.0,2.0984771254006773e-08
0.046439909297052155,0.0,2.8542672225739807e-08
0.06965986394557823,0.0,4.632875061361119e-08
0.09287981859410431,0.0,2.8331669454928488e-08
0.11609977324263039,0.0,5.710353434551507e-08
0.13931972789115646,503.51938,3.102683331235312e-05
0.16253968253968254,238.11823,0.0002495839726179838
0.18575963718820862,121.14449,0.00031640304950997233
0.2089795918367347,125.07936,0.0003793360374402255
0.23219954648526078,391.01138,0.0003786869638133794
0.25541950113378686,263.3966,0.0004056099569424987
0.2786394557823129,129.46915,0.0004692617803812027
0.301859410430839,258.5175,0.0004918626509606838
0.3250793650793651,129.48105,0.0005792450392618775
0.3482993197278912,128.34528,0.0007045556558296084
0.37151927437641724,128.64262,0.0005357341142371297
0.3947392290249433,268.12488,0.0004439654294401407
0.4179591836734694,705.19006,0.0005189636722207069
0.44117913832199546,740.53235,0.0005326579557731748
0.46439909297052157,150.43602,0.0006662996020168066
0.4876190476190476,149.65622,0.000692252186127007
0.5108390022675737,145.49207,0.0007247765315696597
0.5340589569160998,144.08536,0.000775666325353086
0.5572789115646258,146.17105,0.0006266871350817382
0.5804988662131519,462.7151,0.0007822007755748928
0.603718820861678,121.028534,0.0006881305598653853
0.626938775510204,165.34776,0.0008738806354813278
0.6501587301587302,164.70575,0.0007466803072020411
0.6733786848072563,161.69986,0.0009700063965283334
0.6965986394557824,159.74681,0.0009165379451587796
0.7198185941043084,159.99666,0.0007671526400372386
0.7430385487528345,165.04059,0.0010113981552422047
0.7662585034013606,171.04974,0.0009493984398432076
0.7894784580498866,532.39624,0.001078957226127386
0.8126984126984127,535.55023,0.0011857063509523869
0.8359183673469388,133.31796,0.0013211703626438975
0.8591383219954649,173.45111,0.0013536449987441301
0.8823582766439909,174.74355,0.0013257632963359356
0.905578231292517,180.48622,0.0008339927298948169
0.9287981859410431,191.41608,0.0006385491578839719
0.9520181405895691,197.15001,0.0008477665251120925
0.9752380952380952,201.40454,0.001156676677055657
0.9984580498866213,197.89082,0.001231514848768711
1.0216780045351475,193.58875,0.0015182604547590017
1.0448979591836736,193.50226,0.0013611465692520142
1.0681179138321997,196.82974,0.0014182871673256159
1.0913378684807256,203.61252,0.0011038118973374367
1.1145578231292517,423.1726,0.0015022354200482368
1.1377777777777778,220.60007,0.002078135497868061
1.1609977324263039,226.66365,0.0027509245555847883
1.18421768707483,228.28398,0.003281836863607168
1.207437641723356,224.11803,0.003138960339128971
1.2306575963718822,175.97305,0.003125020070001483
1.253877551020408,226.46916,0.003274095943197608
1.2770975056689342,236.38377,0.0028046881780028343
1.3003174603174603,246.42358,0.005617525428533554
1.3235374149659864,253.94109,0.00819779559969902
1.3467573696145125,256.39542,0.00849156640470028
1.3699773242630386,251.47963,0.0100559052079916
1.3931972789115648,246.6198,0.00904620811343193
1.4164172335600906,246.29599,0.009603017941117287
1.4396371882086167,249.9268,0.009249189868569374
1.4628571428571429,258.58093,0.009859586134552956
1.486077097505669,269.82333,0.01286635734140873
1.509297052154195,543.80347,0.012662077322602272
1.5325170068027212,267.32257,0.014710062183439732
1.5557369614512473,263.01776,0.01508716307580471
1.5789569160997732,259.31158,0.013700790703296661
1.6021768707482993,259.66562,0.014162635430693626
1.6253968253968254,268.24957,0.010687355883419514
1.6486167800453515,284.42743,0.013307532295584679
1.6718367346938776,296.841,0.01523375604301691
1.6950566893424037,302.8647,0.02510055899620056
1.7182766439909298,608.5971,0.028192270547151566
1.7414965986394557,297.21057,0.021089639514684677
1.7647165532879818,294.18008,0.022141484543681145
1.787936507936508,294.58017,0.021973520517349243
1.811156462585034,296.4613,0.022636201232671738
1.8343764172335602,299.1339,0.02400783635675907
1.8575963718820863,298.6452,0.0219865832477808
1.8808163265306124,292.2676,0.016710195690393448
1.9040362811791383,276.30002,0.01583905518054962
1.9272562358276644,265.57343,0.012939536944031715
1.9504761904761905,264.30753,0.011419001035392284
1.9736961451247166,265.60327,0.009898541495203972
1.9969160997732427,267.1595,0.008680361323058605
2.020136054421769,267.40738,0.008695563301444054
2.043356009070295,262.99835,0.00806390680372715
2.066575963718821,200.32266,0.010333612561225891
2.089795918367347,245.99243,0.007650700397789478
2.1130158730158732,248.4639,0.006379994098097086
2.1362358276643993,251.01735,0.007021647412329912
2.159455782312925,251.97707,0.00727660208940506
2.182675736961451,249.78964,0.006671797018498182
2.2058956916099772,246.99861,0.006771873217076063
2.2291156462585033,466.19824,0.004139384720474482
2.2523356009070294,210.29901,0.0027993805706501007
2.2755555555555556,208.07526,0.0030923187732696533
2.2987755102040817,866.0538,0.0033419164828956127
2.3219954648526078,223.25208,0.004012739285826683
2.345215419501134,225.45483,0.003578406060114503
2.36843537414966,178.57114,0.0023072087205946445
2.391655328798186,209.18384,0.002540649613365531
2.414875283446712,191.55746,0.003105946583673358
2.4380952380952383,140.35725,0.0022090631537139416
2.4613151927437644,189.4173,0.0017706668004393578
2.48453514739229,194.73082,0.0017354291630908847
2.507755102040816,199.52286,0.001856860937550664
2.5309750566893423,198.29842,0.001704951049759984
2.5541950113378684,188.2733,0.0024955300614237785
2.5774149659863945,173.71257,0.0022480376064777374
2.6006349206349206,805.2552,0.0015103045152500272
2.6238548752834467,514.45013,0.0023682136088609695
2.647074829931973,171.25601,0.001967355143278837
2.670294784580499,529.77374,0.0021128663793206215
2.693514739229025,532.5461,0.0023289392702281475
2.716734693877551,131.83006,0.0024836070369929075
2.7399546485260773,169.24927,0.0017319783801212907
2.7631746031746034,805.059,0.001402211608365178
2.7863945578231295,795.883,0.0011588342022150755
2.809614512471655,160.38753,0.0010660015977919102
2.8328344671201813,163.34686,0.0013511909637600183
2.8560544217687074,165.95625,0.001680663088336587
2.8792743764172335,168.78241,0.00164490204770118
2.9024943310657596,167.63957,0.0011764566879719496
2.9257142857142857,464.73953,0.0008931804914027452
2.948934240362812,521.63007,0.0006381117855198681
2.972154195011338,272.83667,0.0005153355305083096
2.995374149659864,139.12585,0.0006478248396888375
3.01859410430839,142.13588,0.0005935754743404686
3.0418140589569163,288.5459,0.0006096577271819115
3.0650340136054424,291.858,0.0007412683917209506
3.0882539682539685,291.80133,0.0005786010297015309
3.1114739229024946,142.79532,0.0004999304073862731
3.1346938775510207,528.68085,0.0006157828029245138
3.1579138321995464,249.12732,0.0004842627968173474
3.1811337868480725,119.953224,0.0003701255191117525
3.2043537414965986,503.97403,0.00022982506197877228
3.2275736961451247,128.44446,0.00019495582091622055
3.250793650793651,263.17612,0.00019625178538262844
3.274013605442177,128.3919,0.00024497666163370013
3.297233560090703,126.84425,0.00026099267415702343
3.320453514739229,126.92617,0.0002533302176743746
3.3436734693877552,127.26113,0.00027192229754291475
3.3668934240362813,127.3235,0.0002759906346909702
3.3901133786848074,128.06998,0.00027160916943103075
3.4133333333333336,129.25339,0.00027177034644410014
3.4365532879818597,264.17642,0.00032228603959083557
3.4597732426303858,267.13968,0.00034507823875173926
3.4829931972789114,264.6136,0.0003566413070075214
3.5062131519274375,128.36038,0.00038207037141546607
3.5294331065759637,126.040855,0.0004018995678052306
3.5526530612244898,125.764694,0.0003059553273487836
3.575873015873016,126.87855,0.00027890445198863745
3.599092970521542,260.81186,0.0002880657557398081
3.622312925170068,401.43988,0.00030037914984859526
3.645532879818594,269.60074,0.00027347321156412363
3.6687528344671203,269.925,0.00031478056916967034
3.6919727891156464,263.57056,0.00028136352193541825
3.7151927437641725,126.002914,0.00029401463689282537
3.7384126984126986,124.396194,0.00027925404720008373
3.7616326530612247,125.62293,0.00023088189482223243
3.784852607709751,259.4403,0.00022577765048481524
3.8080725623582765,395.51593,0.00024245298118330538
3.8312925170068026,265.3357,0.00024127648794092238
3.8545124716553287,265.0468,0.0002016811049543321
3.877732426303855,260.8691,0.00013038888573646545
3.900952380952381,133.05515,6.1143706261646e-05
3.924172335600907,0.0,9.048126230482012e-06
3.947392290249433,0.0,5.157698979019187e-07
3.9706122448979593,0.0,1.679718479863368e-07
3.9938321995464854,0.0,8.159622666426003e-08
4.017052154195011,0.0,5.1712049753405154e-08
4.040272108843538,0.0,4.1742168832570314e-08
4.063492063492063,0.0,3.213790478184819e-08
4.08671201814059,0.0,7.044855010462925e-08
4.1099319727891155,0.0,6.928803486516699e-08
4.133151927437642,0.0,2.3976099328137934e-08
