0.0,0.0,4.6923560148570687e-08
0.023219954648526078,0.0,1.7655111150816083e-08
0.046439909297052155,0.0,9.62850208452437e-07
0.06965986394557823,0.0,2.3068059817887843e-07
0.09287981859410431,0.0,4.430707122082822e-06
0.11609977324263039,1641.2125,2.0269104425096884e-05
0.13931972789115646,1638.125,1.760186569299549e-05
0.16253968253968254,459.8115,6.324521382339299e-05
0.18575963718820862,450.87057,0.0001059960195561871
0.2089795918367347,2300.1477,0.00011086366430390626
0.23219954648526078,2291.8682,9.224975656252354e-05
0.25541950113378686,1644.4264,7.234681834233925e-05
0.2786394557823129,1619.9023,7.894274313002825e-05
0.301859410430839,1623.8634,9.000198042485863e-05
0.3250793650793651,1562.1903,7.653204374946654e-05
0.3482993197278912,93.302986,0.00014191873196978122
0.37151927437641724,2284.6384,0.0001419085601810366
0.3947392290249433,493.9899,0.00017942643899004906
0.4179591836734694,2303.504,0.0002741560456342995
0.44117913832199546,2298.4438,0.00022296437236946076
0.46439909297052157,2232.5286,0.00019145631813444197
0.4876190476190476,1584.4905,0.0002044275461230427
0.5108390022675737,404.1699,0.00016496016178280115
0.5340589569160998,510.4446,0.00016348832286894321
0.5572789115646258,1583.2845,0.0002437947114231065
0.5804988662131519,2236.0525,0.0002513581421226263
0.603718820861678,443.7074,0.0003602334181778133
0.626938775510204,443.78036,0.00040605064714327455
0.6501587301587302,444.49976,0.0003111129626631737
0.6733786848072563,111.98858,0.0003624743549153209
0.6965986394557824,113.57665,0.00034650269662961364
0.7198185941043084,115.896706,0.0003465397749096155
0.7430385487528345,1612.7194,0.00046120636397972703
0.7662585034013606,1609.6339,0.0004352765390649438
0.7894784580498866,115.86879,0.0003757138620130718
0.8126984126984127,115.78797,0.0005073734791949391
0.8359183673469388,115.4119,0.00042315496830269694
0.8591383219954649,114.586075,0.00030851762858219445
0.8823582766439909,114.14728,0.00041033292654901743
0.905578231292517,116.79712,0.00039549116627313197
0.9287981859410431,248.64021,0.00037614061147905886
0.9520181405895691,524.779,0.0003714800113812089
0.9752380952380952,534.41284,0.0005725463852286339
0.9984580498866213,132.05339,0.0006716217030771077
1.0216780045351475,127.658775,0.0006942815380170941
1.0448979591836736,125.47612,0.0007449762779287994
1.0681179138321997,125.4005,0.0006718030199408531
1.0913378684807256,127.47843,0.0005041815456934273
1.1145578231292517,1529.7449,0.0006114488933235407
1.1377777777777778,1589.06,0.0007464560912922025
1.1609977324263039,442.7657,0.0007744575850665569
1.18421768707483,444.85516,0.0008923224522732198
1.207437641723356,442.67178,0.0007915596943348646
1.2306575963718822,442.00943,0.0007579406956210732
1.253877551020408,441.69016,0.0008609124342910945
1.2770975056689342,149.61772,0.0007309351931326091
1.3003174603174603,153.82892,0.0006464374018833041
1.3235374149659864,162.77316,0.0009194011217914522
1.3467573696145125,1540.6862,0.0012237022165209055
1.3699773242630386,515.00574,0.0015212297439575195
1.3931972789115648,2213.3162,0.0015801982954144478
1.4164172335600906,168.70999,0.0016318074194714427
1.4396371882086167,169.06198,0.001490832306444645
1.4628571428571429,1558.3695,0.0010146248387172818
1.486077097505669,1600.7572,0.0009585160296410322
1.509297052154195,2188.5818,0.0014543483266606927
1.5325170068027212,551.5866,0.0016643819399178028
1.5557369614512473,546.43774,0.0016607634024694562
1.5789569160997732,539.8103,0.0015244309324771166
1.6021768707482993,178.32979,0.0015575296711176634
1.6253968253968254,531.989,0.0015671446453779936
1.6486167800453515,133.3417,0.0017519926186650991
1.6718367346938776,1513.105,0.0015768007142469287
1.6950566893424037,2252.247,0.002381415804848075
1.7182766439909298,1482.7953,0.003577213268727064
1.7414965986394557,1502.7788,0.0037118566688150167
1.7647165532879818,2323.1387,0.0031793168745934963
1.787936507936508,2227.0012,0.002648397581651807
1.811156462585034,396.66824,0.0030646570958197117
1.8343764172335602,389.43527,0.0026737675070762634
1.8575963718820863,392.54904,0.0024618846364319324
1.8808163265306124,2197.2825,0.002658268203958869
1.9040362811791383,396.43484,0.0031374418176710606
1.9272562358276644,2252.3318,0.0027541869785636663
1.9504761904761905,135.23856,0.002364120911806822
1.9736961451247166,132.9783,0.002062763087451458
1.9969160997732427,177.89359,0.0017668405780568719
2.020136054421769,538.8052,0.0017875318881124258
2.043356009070295,544.2298,0.0017981873825192451
2.066575963718821,135.72786,0.001611962914466858
2.089795918367347,176.08476,0.002194248838350177
2.1130158730158732,511.06265,0.0021751655731350183
2.1362358276643993,167.60059,0.0018533323891460896
2.159455782312925,167.24565,0.0016433134442195296
2.182675736961451,504.9627,0.001457402016967535
2.2058956916099772,511.90573,0.0014293597778305411
2.2291156462585033,512.356,0.0014648051001131535
2.2523356009070294,168.25873,0.0013739725109189749
2.2755555555555556,161.5585,0.0015837044920772314
2.2987755102040817,150.83635,0.0011372413719072938
2.3219954648526078,442.48264,0.0014699023449793458
2.345215419501134,149.3905,0.0012356967199593782
2.36843537414966,1514.5228,0.0012612729333341122
2.391655328798186,1527.7811,0.0011668939841911197
2.414875283446712,303.1507,0.0012396092060953379
2.4380952380952383,149.4239,0.000845208007376641
2.4613151927437644,1531.2397,0.0009470388176850975
2.48453514739229,530.1672,0.000935695949010551
2.507755102040816,259.3349,0.000934856478124857
2.5309750566893423,129.90671,0.0006208019331097603
2.5541950113378684,133.12982,0.0006519461749121547
2.5774149659863945,1484.4166,0.0006115476717241108
2.6006349206349206,1502.0704,0.0006362040876410902
2.6238548752834467,132.34299,0.0008940420229919255
2.647074829931973,256.16827,0.0008378986385650933
2.670294784580499,2252.1382,0.0006368099711835384
2.693514739229025,2258.4421,0.0006526479264721274
2.716734693877551,1521.8523,0.0006764058489352465
2.7399546485260773,117.47351,0.0005404400872066617
2.7631746031746034,120.94707,0.0005610981024801731
2.7863945578231295,1555.3517,0.000618628051597625
2.809614512471655,2303.705,0.0005358936614356935
2.8328344671201813,2246.299,0.0004959447542205453
2.8560544217687074,1560.0151,0.000538415857590735
2.8792743764172335,444.97803,0.0004001529305242002
2.9024943310657596,2275.0396,0.0005497062811627984
2.9257142857142857,455.63104,0.000466725614387542
2.948934240362812,450.3109,0.000444290810264647
2.972154195011338,1559.779,0.0005365423276089132
2.995374149659864,2245.2646,0.0003754822537302971
3.01859410430839,511.44965,0.00036181494942866266
3.0418140589569163,2218.3833,0.0003503776388242841
3.0650340136054424,2224.6646,0.0002785144024528563
3.0882539682539685,2238.0828,0.0002434574707876891
3.1114739229024946,2243.0325,0.0002601632149890065
3.1346938775510207,2179.724,0.0003217375196982175
3.1579138321995464,2196.2715,0.00025131029542535543
3.1811337868480725,2194.8083,0.00021379708778113127
3.2043537414965986,1556.5059,0.00026073609478771687
3.2275736961451247,474.8911,0.00020026779384352267
3.250793650793651,1551.7017,0.00016454295837320387
3.274013605442177,2225.0146,0.00012207691906951368
3.297233560090703,525.80194,0.00010987627319991589
3.320453514739229,520.82324,0.0001473243610234931
3.3436734693877552,1570.492,0.00015397326205857098
3.3668934240362813,1586.5612,0.0001359179150313139
3.3901133786848074,444.7208,0.00015571777475997806
3.4133333333333336,447.57556,0.00015344700659625232
3.4365532879818597,444.93954,0.00013318026321940124
3.4597732426303858,441.88553,0.0001274471142096445
3.4829931972789114,444.82785,0.0001349170779576525
3.5062131519274375,1592.4314,0.0001361449103569612
3.5294331065759637,88.634735,0.0001526933046989143
3.5526530612244898,449.20587,0.0001920174981933087
3.575873015873016,89.9301,0.00015210683341138065
3.599092970521542,445.02325,0.0001364353665849194
3.622312925170068,88.92098,0.000149315019370988
3.645532879818594,89.361336,0.00013424617645796388
3.6687528344671203,445.18658,0.0001445902162231505
3.6919727891156464,440.90082,0.0001337519206572324
3.7151927437641725,439.8714,0.0001269908680114895
3.7384126984126986,445.6478,0.00013301527360454202
3.7616326530612247,448.61084,0.00013485390809364617
3.784852607709751,1538.5277,0.00013376754941418767
3.8080725623582765,1545.9071,0.0001107093266909942
3.8312925170068026,1541.4115,0.00011204782640561461
3.8545124716553287,1540.8622,0.00010928674601018429
3.877732426303855,453.75195,9.357566887047142e-05
3.900952380952381,90.79569,7.58582609705627e-05
3.924172335600907,455.084,3.332275809952989e-05
3.947392290249433,0.0,2.743117875070311e-06
3.9706122448979593,0.0,1.4042461771168746e-06
3.9938321995464854,0.0,4.999765224056318e-07
4.017052154195011,0.0,3.679069777717814e-07
4.040272108843538,0.0,3.564746293704957e-07
4.063492063492063,0.0,1.5554360288660973e-07
4.08671201814059,0.0,3.807872417382896e-08
4.1099319727891155,0.0,1.4356646715896204e-07
4.133151927437642,0.0,1.2221698852954432e-07
4.156371882086168,0.0,1.208609319292009e-07
4.179591836734694,0.0,4.85761120216921e-09
