0.0,0.0,4.732291927211918e-07
0.023219954648526078,0.0,7.694325176998973e-07
0.046439909297052155,0.0,8.290498954011127e-07
0.06965986394557823,0.0,7.394364729407243e-07
0.09287981859410431,0.0,8.025754141272046e-07
0.11609977324263039,0.0,4.112480382900685e-07
0.13931972789115646,179.20164,1.1601629012147896e-05
0.16253968253968254,177.80872,5.015813439968042e-05
0.18575963718820862,175.15485,5.858819713466801e-05
0.2089795918367347,172.42815,5.02405091538094e-05
0.23219954648526078,170.90965,3.658289278973825e-05
0.25541950113378686,168.94537,3.398198168724775e-05
0.2786394557823129,167.12563,3.979599568992853e-05
0.301859410430839,165.32603,5.134118691785261e-05
0.3250793650793651,164.07301,7.776910206303e-05
0.3482993197278912,163.83315,9.869403584161773e-05
0.37151927437641724,167.96436,9.680840594228357e-05
0.3947392290249433,172.35417,0.0001083577299141325
0.4179591836734694,172.87184,0.00013271714851725847
0.44117913832199546,172.53183,0.00017468526493757963
0.46439909297052157,169.93797,0.00020598445553332567
0.4876190476190476,166.63199,0.00019333785166963935
0.5108390022675737,165.89658,0.00020846900588367134
0.5340589569160998,167.88426,0.00015174747386481613
0.5572789115646258,170.21053,0.00014596640539821237
0.5804988662131519,170.20007,0.00018505709886085242
0.603718820861678,168.6049,0.00022597268980462104
0.626938775510204,166.72,0.0002222877083113417
0.6501587301587302,166.88316,0.00017411872977390885
0.6733786848072563,167.47334,0.00012310112651903182
0.6965986394557824,168.64146,8.089860784821212e-05
0.7198185941043084,171.91054,7.697487308178097e-05
0.7430385487528345,176.69382,9.451275400351733e-05
0.7662585034013606,187.5831,9.495572885498405e-05
0.7894784580498866,194.54762,0.00013964809477329254
0.8126984126984127,384.69797,0.00018126964278053492
0.8359183673469388,186.31622,0.00020716592553071678
0.8591383219954649,183.14107,0.0001943559618666768
0.8823582766439909,186.17508,0.00015739252557978034
0.905578231292517,189.9421,0.00016828517254907638
0.9287981859410431,193.48001,0.00013520380889531225
0.9520181405895691,198.88756,0.00010030424891738221
0.9752380952380952,203.77542,0.00011667596118059009
0.9984580498866213,206.45265,0.00015698588686063886
1.0216780045351475,207.39943,0.000229083132580854
1.0448979591836736,206.64317,0.00029647507471963763
1.0681179138321997,204.1592,0.00034371716901659966
1.0913378684807256,201.72972,0.0003292827750556171
1.1145578231292517,202.80464,0.00029308669036254287
1.1377777777777778,206.67693,0.00025681842816993594
1.1609977324263039,209.7141,0.00018763185653369874
1.18421768707483,213.89221,0.00015135726425796747
1.207437641723356,219.38583,0.00018730707233771682
1.2306575963718822,223.33449,0.0002973431837745011
1.253877551020408,223.27972,0.0003749100724235177
1.2770975056689342,89.452126,0.0003683013201225549
1.3003174603174603,221.50969,0.0003078373847529292
1.3235374149659864,220.15384,0.00023790649720467627
1.3467573696145125,221.38618,0.0002666387881617993
1.3699773242630386,222.42165,0.00021293474128469825
1.3931972789115648,217.79161,0.0001476680627092719
1.4164172335600906,211.39627,0.00015494870604015887
1.4396371882086167,256.40912,0.00027173536363989115
1.4628571428571429,269.12473,0.0003104517236351967
1.486077097505669,264.00455,0.0003696339554153383
1.509297052154195,258.07343,0.00036936713149771094
1.5325170068027212,253.01088,0.0003848323249258101
1.5557369614512473,250.54387,0.0004793905536644161
1.5789569160997732,251.10306,0.000567684299312532
1.6021768707482993,253.22403,0.0006410917267203331
1.6253968253968254,85.094444,0.0006567210657522082
1.6486167800453515,257.92734,0.0006682226667180657
1.6718367346938776,256.9887,0.0006393921794369817
1.6950566893424037,257.79272,0.0005608671344816685
1.7182766439909298,262.70963,0.0007199598476290703
1.7414965986394557,269.74484,0.0009846552275121212
1.7647165532879818,276.0696,0.0010442112106829882
1.787936507936508,282.2792,0.0012548449449241161
1.811156462585034,284.89114,0.0013521162327378988
1.8343764172335602,283.93115,0.0012759333476424217
1.8575963718820863,283.98138,0.0011896488722413778
1.8808163265306124,287.00558,0.0013387249782681465
1.9040362811791383,292.01566,0.0013809464871883392
1.9272562358276644,297.9293,0.001200275612063706
1.9504761904761905,305.70538,0.0011802087537944317
1.9736961451247166,314.704,0.0017049175221472979
1.9969160997732427,317.3695,0.0015608826652169228
2.020136054421769,315.07944,0.0013798782601952553
2.043356009070295,312.53748,0.0011822569649666548
2.066575963718821,309.65204,0.0009949078084900975
2.089795918367347,310.69324,0.0010301206493750215
2.1130158730158732,317.09097,0.001733073964715004
2.1362358276643993,324.83826,0.0027938857674598694
2.159455782312925,332.57422,0.002839247463271022
2.182675736961451,337.57132,0.00204838952049613
2.2058956916099772,339.16092,0.0022528457920998335
2.2291156462585033,336.2092,0.0028157345950603485
2.2523356009070294,334.26382,0.0028647163417190313
2.2755555555555556,336.18192,0.002280137501657009
2.2987755102040817,342.2584,0.0015377977397292852
2.3219954648526078,351.8136,0.0018698051571846008
2.345215419501134,355.10925,0.0030108122155070305
2.36843537414966,360.36572,0.004840712528675795
2.391655328798186,369.21344,0.0046315849758684635
2.414875283446712,382.61926,0.0058374106884002686
2.4380952380952383,385.60388,0.005941933020949364
2.4613151927437644,382.9729,0.0063155838288366795
2.48453514739229,380.41757,0.006117226555943489
2.507755102040816,379.4946,0.0061190249398350716
2.5309750566893423,380.58347,0.006409064866602421
2.5541950113378684,381.731,0.006868147756904364
2.5774149659863945,382.90295,0.007006482221186161
2.6006349206349206,382.88492,0.00761417206376791
2.6238548752834467,384.46045,0.008196445181965828
2.647074829931973,384.86026,0.006881143897771835
2.670294784580499,378.00076,0.003933426924049854
2.693514739229025,364.28174,0.002293277531862259
2.716734693877551,349.4217,0.0012194323353469372
2.7399546485260773,335.42957,0.001862653880380094
2.7631746031746034,337.73996,0.0017087564337998629
2.7863945578231295,339.43314,0.0016318466514348984
2.809614512471655,341.6815,0.0016899968031793833
2.8328344671201813,342.22025,0.0016236200463026762
2.8560544217687074,341.21762,0.0017288844101130962
2.8792743764172335,336.6882,0.0023286347277462482
2.9024943310657596,331.00266,0.0028741229325532913
2.9257142857142857,326.31656,0.002907293615862727
2.948934240362812,322.19656,0.0024956506676971912
2.972154195011338,320.3092,0.0026000444777309895
2.995374149659864,321.32434,0.002641012193635106
3.01859410430839,320.87744,0.0025349094066768885
3.0418140589569163,317.74292,0.0020441082306206226
3.0650340136054424,313.3794,0.0018757462967187166
3.0882539682539685,309.92035,0.0018599960021674633
3.1114739229024946,304.662,0.001447862247005105
3.1346938775510207,297.27063,0.0017241903115063906
3.1579138321995464,290.80936,0.0013096170732751489
3.1811337868480725,287.08087,0.0010711015202105045
3.2043537414965986,285.81894,0.0009889396606013179
3.2275736961451247,284.52225,0.000877632643096149
3.250793650793651,282.3064,0.0008605557377450168
3.274013605442177,280.4204,0.0008054081699810922
3.297233560090703,280.3752,0.0008019556989893317
3.320453514739229,281.79684,0.0007168197189457715
3.3436734693877552,279.97968,0.0007345409831032157
3.3668934240362813,273.9407,0.0007511007715947926
3.3901133786848074,266.98065,0.0006185746751725674
3.4133333333333336,259.43515,0.00042269600089639425
3.4365532879818597,253.1686,0.0003827144973911345
3.4597732426303858,251.92595,0.0004109064757358283
3.4829931972789114,253.15675,0.0004243615549057722
3.5062131519274375,253.80847,0.00040825532050803304
3.5294331065759637,253.58055,0.0004064520471729338
3.5526530612244898,251.63394,0.0004238392866682261
3.575873015873016,250.40858,0.0004515078035183251
3.599092970521542,248.88692,0.0004474767192732543
3.622312925170068,244.94998,0.00028357928385958076
3.645532879818594,239.6023,6.848338671261445e-05
3.6687528344671203,225.74568,6.531218241434544e-05
3.6919727891156464,230.17241,5.732831050409004e-05
3.7151927437641725,228.42531,5.719581531593576e-05
3.7384126984126986,229.03642,5.496518861036748e-05
3.7616326530612247,230.7287,4.8941103159449995e-05
3.784852607709751,231.00165,2.1515979824471287e-05
3.8080725623582765,0.0,3.406123141758144e-06
3.8312925170068026,0.0,7.070941137499176e-06
3.8545124716553287,0.0,4.59783313999651e-06
3.877732426303855,0.0,3.5034008760703728e-06
3.900952380952381,0.0,7.0725373007007875e-06
3.924172335600907,0.0,9.59585031523602e-06
3.947392290249433,0.0,7.2417979026795365e-06
3.9706122448979593,0.0,7.790029485477135e-06
3.9938321995464854,210.7015,1.0010870937549043e-05
4.017052154195011,207.69536,1.6438367310911417e-05
4.040272108843538,204.73882,4.134152550250292e-05
4.063492063492063,200.61891,6.755439972039312e-05
4.08671201814059,195.18,8.321963105117902e-05
4.1099319727891155,380.5549,9.50453249970451e-05
4.133151927437642,182.764,0.00010191048932028934
4.156371882086168,182.99962,8.16645915620029e-05
4.179591836734694,188.16281,7.247604662552476e-05
4.20281179138322,190.30762,0.00012987750233151019
4.2260317460317465,186.99826,0.00014472156181000173
4.249251700680272,185.31926,0.00015613062714692205
4.272471655328799,186.31204,0.0001603683631401509
4.295691609977324,186.73671,0.00014437278150580823
4.31891156462585,185.57228,0.00014981495041865855
4.342131519274377,185.77425,0.00017222014139406383
4.365351473922902,184.69572,0.00018659420311450958
4.388571428571429,177.94933,0.0001951502781594172
4.4117913832199545,171.15878,0.00022319988056551665
4.435011337868481,167.30716,0.00022737114340998232
4.458231292517007,164.65643,0.00022759585408493876
4.481451247165533,165.67145,0.00016210583271458745
4.504671201814059,168.04073,0.00010918447514995933
4.527891156462585,170.06046,0.00010640206892276183
4.551111111111111,170.68376,0.00014663209731224924
4.574331065759638,169.08923,0.00022360548609867692
4.597551020408163,167.21431,0.00019747788610402495
4.62077097505669,168.38771,0.0001536547060823068
4.6439909297052155,168.96805,0.00012768138549290597
4.667210884353741,170.0448,9.879199205897748e-05
4.690430839002268,171.00807,0.0001054956010193564
4.713650793650793,170.57053,0.00010684695735108107
4.73687074829932,170.94205,0.00010145666601601988
4.760090702947846,170.76268,0.00013309443602338433
4.783310657596372,167.69821,0.00019683112623170018
4.806530612244898,166.507,0.00015342676488216966
4.829750566893424,168.96002,0.00010195982758887112
4.85297052154195,170.51163,8.115403034025803e-05
4.876190476190477,171.55974,7.578959048260003e-05
4.899410430839002,172.58652,7.698230183450505e-05
4.922630385487529,172.317,9.451257938053459e-05
4.9458503401360545,170.01028,0.00011852846364490688
4.96907029478458,168.09468,0.00012158910249127075
4.992290249433107,167.48657,9.804502042243257e-05
5.015510204081632,168.47446,6.541641778312624e-05
5.038730158730159,170.89197,4.755560803459957e-05
5.061950113378685,173.00089,4.636002267943695e-05
5.085170068027211,173.3438,5.7169214414898306e-05
5.108390022675737,171.77899,6.404505984392017e-05
5.131609977324263,170.03381,7.888255640864372e-05
5.154829931972789,167.4875,7.094757165759802e-05
5.178049886621316,166.83008,5.270715701044537e-05
5.201269841269841,169.81967,2.920307088061236e-05
5.224489795918368,86.07612,2.4919390853028744e-05
5.2477097505668935,88.3332,2.5295012164860964e-05
5.27092970521542,172.02574,2.5330369680887088e-05
5.294149659863946,0.0,3.1525169106316753e-06
5.317369614512471,0.0,4.959129000781104e-07
5.340589569160998,0.0,2.6585075829643756e-07
5.363809523809524,0.0,8.046054063015617e-07
5.38702947845805,0.0,1.0607991498545744e-06
5.410249433106576,0.0,2.967908585560508e-07
5.433469387755102,0.0,3.7277277442626655e-07
5.456689342403628,0.0,7.53188032831531e-07
5.479909297052155,0.0,2.1042342268629e-07
5.50312925170068,0.0,5.519414116861299e-07
5.526349206349207,0.0,2.0514471543719992e-07
