0.0,0.0,1.818671080400236e-07
0.023219954648526078,0.0,1.8080481822835281e-07
0.046439909297052155,0.0,6.153004505904391e-08
0.06965986394557823,0.0,9.359064279124141e-08
0.09287981859410431,0.0,1.1927750165341422e-07
0.11609977324263039,0.0,1.1580414138734341e-07
0.13931972789115646,0.0,9.768064046511427e-08
0.16253968253968254,0.0,1.7236470739590004e-07
0.18575963718820862,0.0,1.683347363723442e-07
0.2089795918367347,271.12332,7.843882485758513e-05
0.23219954648526078,254.18147,0.0002193633554270491
0.25541950113378686,260.16174,0.0003157527244184166
0.2786394557823129,260.41687,0.0003501528990454972
0.301859410430839,254.74707,0.00035386980744078755
0.3250793650793651,255.99889,0.00044763562618754804
0.3482993197278912,266.18042,0.0006802998250350356
0.37151927437641724,278.50888,0.0008497596718370914
0.3947392290249433,285.95947,0.0006319861277006567
0.4179591836734694,285.38123,0.0005847886786796153
0.44117913832199546,290.91275,0.0005649401573464274
0.46439909297052157,307.19244,0.0005303164944052696
0.4876190476190476,331.96353,0.0013896796153858304
0.5108390022675737,352.89346,0.0028998914640396833
0.5340589569160998,366.2316,0.003541771322488785
0.5572789115646258,363.68854,0.0034449317026883364
0.5804988662131519,354.5118,0.0029283242765814066
0.603718820861678,356.28635,0.0036227935925126076
0.626938775510204,371.9575,0.004795512184500694
0.6501587301587302,395.93344,0.006477548275142908
0.6733786848072563,418.20135,0.01303841732442379
0.6965986394557824,427.26837,0.013025171123445034
0.7198185941043084,418.5295,0.008991770446300507
0.7430385487528345,408.83783,0.008456826210021973
0.7662585034013606,421.56485,0.013297970406711102
0.7894784580498866,452.89062,0.01443493738770485
0.8126984126984127,500.9837,0.04019535705447197
0.8359183673469388,534.0497,0.05769641697406769
0.8591383219954649,550.339,0.0733761340379715
0.8823582766439909,537.50446,0.056758053600788116
0.905578231292517,524.0697,0.05756735801696777
0.9287981859410431,525.00464,0.06122911721467972
0.9520181405895691,532.89343,0.06186429038643837
0.9752380952380952,544.95886,0.07711350172758102
0.9984580498866213,550.91016,0.07340772449970245
1.0216780045351475,538.4649,0.041732996702194214
1.0448979591836736,506.5178,0.01718125492334366
1.0681179138321997,2727.1504,0.008020283654332161
1.0913378684807256,404.83237,0.006021927576512098
1.1145578231292517,406.03427,0.007291131652891636
1.1377777777777778,412.75607,0.006868335884064436
1.1609977324263039,414.45645,0.006547742988914251
1.18421768707483,400.69122,0.005354765802621841
1.207437641723356,376.62946,0.004235351458191872
1.2306575963718822,343.10132,0.0029740948230028152
1.253877551020408,334.94202,0.0022953758016228676
1.2770975056689342,339.5225,0.0020622974261641502
1.3003174603174603,343.67572,0.0020511492621153593
1.3235374149659864,340.11826,0.001430327771231532
1.3467573696145125,328.59006,0.0006608851253986359
1.3699773242630386,2980.6975,0.0008438627701252699
1.3931972789115648,270.1974,0.0008792227017693222
1.4164172335600906,257.87512,0.0005450239987112582
1.4396371882086167,260.14868,0.000525892130099237
1.4628571428571429,269.57004,0.0007394758868031204
1.486077097505669,274.1917,0.0008164067985489964
1.509297052154195,270.48727,0.0007345055346377194
1.5325170068027212,260.40155,0.0004998070653527975
1.5557369614512473,250.7349,0.0004005410009995103
1.5789569160997732,250.06473,0.0004612348275259137
1.6021768707482993,260.93826,0.0005192413809709251
1.6253968253968254,272.49078,0.0008072900818660855
1.6486167800453515,275.8769,0.0007352805114351213
1.6718367346938776,270.1716,0.0007604237762279809
1.6950566893424037,258.78793,0.0004141428507864475
1.7182766439909298,243.83267,0.0003737023798748851
1.7414965986394557,242.29306,0.00049017887795344
1.7647165532879818,256.54932,0.0005454913480207324
1.787936507936508,271.8794,0.0006253811297938228
1.811156462585034,281.63046,0.0006281163077801466
1.8343764172335602,279.61752,0.0006548758246935904
1.8575963718820863,266.8089,0.0005752420984208584
1.8808163265306124,246.60199,0.0002797539345920086
1.9040362811791383,241.32463,0.00036206727963872254
1.9272562358276644,251.06133,0.0004864289076067507
1.9504761904761905,271.6754,0.0004889519768767059
1.9736961451247166,286.13956,0.0004264249582774937
1.9969160997732427,287.9375,0.00036367966094985604
2.020136054421769,276.52136,0.00044114168849773705
2.043356009070295,258.61295,0.0003105567884631455
2.066575963718821,238.10529,0.0002369167486904189
2.089795918367347,241.52242,0.0002981161524076015
2.1130158730158732,262.99033,0.00033308006823062897
2.1362358276643993,282.14417,0.00022189720766618848
2.159455782312925,284.17465,8.407951099798083e-05
2.182675736961451,0.0,3.4616396078490652e-06
2.2058956916099772,0.0,8.794640962150879e-07
2.2291156462585033,0.0,2.3147640604292974e-07
2.2523356009070294,0.0,3.6670826375484467e-08
2.2755555555555556,0.0,9.13869371288456e-08
2.2987755102040817,0.0,1.4506804291158915e-07
2.3219954648526078,0.0,9.05338310985826e-08
2.345215419501134,0.0,1.0408984962850809e-07
2.36843537414966,0.0,8.466395229334012e-08
2.391655328798186,0.0,8.971255738288164e-08
2.414875283446712,0.0,8.143433660734445e-08
2.4380952380952383,0.0,3.006516635650769e-08
2.4613151927437644,0.0,1.0449548426549882e-07
2.48453514739229,0.0,1.11940607894212e-08
