0.0,0.0,2.544311428209767e-07
0.023219954648526078,0.0,9.788527677301317e-08
0.046439909297052155,0.0,1.3512908481061459e-07
0.06965986394557823,0.0,9.498762665316463e-08
0.09287981859410431,0.0,5.182937456993386e-08
0.11609977324263039,0.0,5.155561666470021e-08
0.13931972789115646,0.0,1.6595549823250622e-07
0.16253968253968254,0.0,1.0017720342148095e-07
0.18575963718820862,0.0,3.442710294621065e-08
0.2089795918367347,0.0,1.1886550055351108e-07
0.23219954648526078,372.3679,2.9102297048666514e-05
0.25541950113378686,378.8176,0.00041243579471483827
0.2786394557823129,362.8555,0.0006226100376807153
0.301859410430839,364.91727,0.0007923523662611842
0.3250793650793651,363.69244,0.0009920492302626371
0.3482993197278912,359.49298,0.0012688238639384508
0.37151927437641724,358.92133,0.0017984254518523812
0.3947392290249433,361.57428,0.0019699675031006336
0.4179591836734694,360.755,0.0019053074065595865
0.44117913832199546,355.51215,0.0011262738844379783
0.46439909297052157,348.45322,0.001355572254396975
0.4876190476190476,366.51065,0.0023948694579303265
0.5108390022675737,392.51553,0.005279406905174255
0.5340589569160998,429.48135,0.003958357498049736
0.5572789115646258,463.23795,0.002554490463808179
0.5804988662131519,462.39163,0.0043646907433867455
0.603718820861678,451.6764,0.0051965536549687386
0.626938775510204,461.18246,0.0037848674692213535
0.6501587301587302,489.03024,0.008363397791981697
0.6733786848072563,519.8246,0.015217133797705173
0.6965986394557824,541.554,0.02216905727982521
0.7198185941043084,543.99744,0.020843207836151123
0.7430385487528345,537.2734,0.019868895411491394
0.7662585034013606,546.6872,0.022417020052671432
0.7894784580498866,575.3261,0.030326273292303085
0.8126984126984127,642.46814,0.07834134995937347
0.8359183673469388,701.8236,0.09925254434347153
0.8591383219954649,749.0046,0.12474557757377625
0.8823582766439909,766.0781,0.18557681143283844
0.905578231292517,745.8079,0.3530066907405853
0.9287981859410431,716.5982,0.4104081690311432
0.9520181405895691,708.47614,0.4234042465686798
0.9752380952380952,727.0174,0.48510754108428955
0.9984580498866213,749.7379,0.46887537837028503
1.0216780045351475,762.62317,0.38719242811203003
1.0448979591836736,736.91846,0.3190368115901947
1.0681179138321997,672.0934,0.07126770913600922
1.0913378684807256,544.33325,0.018879808485507965
1.1145578231292517,527.5094,0.015785470604896545
1.1377777777777778,545.968,0.021967926993966103
1.1609977324263039,567.02405,0.026954900473356247
1.18421768707483,573.8006,0.017549941316246986
1.207437641723356,544.23615,0.007766800466924906
1.2306575963718822,465.00443,0.004887573421001434
1.253877551020408,425.3392,0.0055722990073263645
1.2770975056689342,433.7231,0.004569530487060547
1.3003174603174603,455.52145,0.003550325520336628
1.3235374149659864,471.65613,0.002364198910072446
1.3467573696145125,465.52258,0.004995646420866251
1.3699773242630386,418.12744,0.011273412965238094
1.3931972789115648,379.48355,0.004499723203480244
1.4164172335600906,355.64325,0.004086890257894993
1.4396371882086167,360.50537,0.0049618929624557495
1.4628571428571429,370.60092,0.005836475174874067
1.486077097505669,373.542,0.005057016387581825
1.509297052154195,362.68912,0.002909179078415036
1.5325170068027212,341.7903,0.00159557000733912
1.5557369614512473,327.91943,0.0018076924607157707
1.5789569160997732,336.45343,0.002189870225265622
1.6021768707482993,362.52164,0.004637517500668764
1.6253968253968254,383.74377,0.00496926112100482
1.6486167800453515,385.89346,0.004088703077286482
1.6718367346938776,367.31546,0.00308476435020566
1.6950566893424037,331.8605,0.0017925197025761008
1.7182766439909298,321.9231,0.0017439726507291198
1.7414965986394557,339.20776,0.002878176048398018
1.7647165532879818,370.0632,0.005155627150088549
1.787936507936508,388.74243,0.005666901357471943
1.811156462585034,387.88297,0.003954804036766291
1.8343764172335602,367.37582,0.0027474863454699516
1.8575963718820863,328.43332,0.0015900172293186188
1.8808163265306124,316.1462,0.0011731745908036828
1.9040362811791383,334.9235,0.002030283911153674
1.9272562358276644,366.13373,0.0036026868037879467
1.9504761904761905,381.9009,0.0032139657996594906
1.9736961451247166,377.39035,0.002911233576014638
1.9969160997732427,354.24866,0.0016090527642518282
2.020136054421769,318.5937,0.0011418473441153765
2.043356009070295,316.58618,0.0010274389060214162
2.066575963718821,347.5682,0.0013941014185547829
2.089795918367347,375.19785,0.0007466560928151011
2.1130158730158732,375.0426,5.7146935432683676e-05
2.1362358276643993,0.0,6.275777195696719e-07
2.159455782312925,0.0,2.1174128050915897e-07
2.182675736961451,0.0,1.0593248589430004e-07
2.2058956916099772,0.0,1.200642145704478e-07
2.2291156462585033,0.0,1.261287252418697e-07
2.2523356009070294,0.0,2.1719188225688413e-07
2.2755555555555556,0.0,5.707170203095302e-08
2.2987755102040817,0.0,1.1047814041376114e-07
