0.0,0.0,6.317259249044582e-08
0.023219954648526078,0.0,6.652498996118084e-08
0.046439909297052155,0.0,6.748450687155128e-08
0.06965986394557823,0.0,7.807102520018816e-08
0.09287981859410431,0.0,5.4685187933500856e-08
0.11609977324263039,0.0,6.471327651524916e-08
0.13931972789115646,0.0,9.325958671979606e-08
0.16253968253968254,0.0,6.784466677345335e-08
0.18575963718820862,0.0,1.1070005712099373e-07
0.2089795918367347,372.59082,7.192126213340089e-05
0.23219954648526078,371.5237,0.0004936527693644166
0.25541950113378686,368.3385,0.0008804647368378937
0.2786394557823129,361.09564,0.00103949720505625
0.301859410430839,350.56647,0.0010565717238932848
0.3250793650793651,344.2622,0.0011638146825134754
0.3482993197278912,340.3836,0.0010033344151452184
0.37151927437641724,347.19012,0.0013019827893003821
0.3947392290249433,357.7477,0.0011245289351791143
0.4179591836734694,363.75687,0.0009395865490660071
0.44117913832199546,364.83777,0.001062561757862568
0.46439909297052157,376.8983,0.0012854353990405798
0.4876190476190476,399.7314,0.001665797783061862
0.5108390022675737,435.08493,0.0024820463731884956
0.5340589569160998,464.1844,0.0028898403979837894
0.5572789115646258,471.5411,0.0024032192304730415
0.5804988662131519,453.7624,0.003807786386460066
0.603718820861678,435.20215,0.002836531726643443
0.626938775510204,446.52917,0.0038616457022726536
0.6501587301587302,477.058,0.006000161170959473
0.6733786848072563,518.2891,0.020162997767329216
0.6965986394557824,540.8134,0.027437623590230942
0.7198185941043084,549.1505,0.031522199511528015
0.7430385487528345,544.0151,0.026186693459749222
0.7662585034013606,555.0243,0.04415309429168701
0.7894784580498866,589.897,0.05741007626056671
0.8126984126984127,648.8656,0.07958382368087769
0.8359183673469388,704.6597,0.11359615623950958
0.8591383219954649,723.7977,0.15899571776390076
0.8823582766439909,706.7096,0.22347980737686157
0.905578231292517,680.29456,0.24564169347286224
0.9287981859410431,669.9896,0.29422974586486816
0.9520181405895691,692.27875,0.360515832901001
0.9752380952380952,717.1848,0.3344581723213196
0.9984580498866213,725.93085,0.2898887097835541
1.0216780045351475,693.34625,0.17184555530548096
1.0448979591836736,614.447,0.06842313706874847
1.0681179138321997,527.0657,0.024674346670508385
1.0913378684807256,511.05774,0.027681536972522736
1.1145578231292517,527.502,0.036797188222408295
1.1377777777777778,543.9065,0.03607970476150513
1.1609977324263039,542.6093,0.023722436279058456
1.18421768707483,517.52075,0.009488549083471298
1.207437641723356,452.76364,0.004712352529168129
1.2306575963718822,428.09995,0.0028442684561014175
1.253877551020408,431.81412,0.0030459377449005842
1.2770975056689342,453.68436,0.004242256283760071
1.3003174603174603,463.6349,0.0024922341108322144
1.3235374149659864,453.63834,0.002752453088760376
1.3467573696145125,417.86276,0.0015519430162385106
1.3699773242630386,370.85995,0.0013542179949581623
1.3931972789115648,350.96768,0.0010513802990317345
1.4164172335600906,355.36243,0.0012147065717726946
1.4396371882086167,367.90182,0.0010461988858878613
1.4628571428571429,372.02518,0.0012278830399736762
1.486077097505669,365.01865,0.0011440266389399767
1.509297052154195,344.25604,0.0007135202176868916
1.5325170068027212,332.11096,0.0003096379805356264
1.5557369614512473,331.36438,0.0004361512546893209
1.5789569160997732,346.73367,0.0009656589245423675
1.6021768707482993,368.76886,0.000979829579591751
1.6253968253968254,381.2592,0.0009301357204094529
1.6486167800453515,377.96222,0.0009817027021199465
1.6718367346938776,360.7473,0.0009685549302957952
1.6950566893424037,334.83923,0.00041952624451369047
1.7182766439909298,331.22858,0.0003921479801647365
1.7414965986394557,348.49994,0.0008220988675020635
1.7647165532879818,368.6023,0.000791658996604383
1.787936507936508,386.88782,0.0007254664087668061
1.811156462585034,385.34006,0.0007288561901077628
1.8343764172335602,362.9061,0.000805662595666945
1.8575963718820863,337.30914,0.000449801969807595
1.8808163265306124,337.73456,0.00041440274799242616
1.9040362811791383,358.64447,0.000605348963290453
1.9272562358276644,378.32816,0.00027802298427559435
1.9504761904761905,383.29498,1.701113797025755e-05
1.9736961451247166,0.0,5.530437192646787e-07
1.9969160997732427,0.0,1.5707882994320244e-07
2.020136054421769,0.0,1.0700387065298855e-07
2.043356009070295,0.0,1.485168468207121e-07
2.066575963718821,0.0,1.8893388187279925e-07
2.089795918367347,0.0,2.6722591428551823e-07
2.1130158730158732,0.0,1.0796065907925367e-07
2.1362358276643993,0.0,4.57775968243368e-08
