0.0,0.0,1.1037445801775903e-07
0.023219954648526078,0.0,1.8454375094734132e-07
0.046439909297052155,0.0,1.5622208593413234e-07
0.06965986394557823,0.0,1.0273197403876111e-07
0.09287981859410431,0.0,2.0567222236422822e-07
0.11609977324263039,0.0,1.2321379472268745e-07
0.13931972789115646,0.0,1.423686626367271e-07
0.16253968253968254,0.0,1.4588476915378124e-07
0.18575963718820862,0.0,2.8868998924735934e-07
0.2089795918367347,0.0,1.0098210623255e-07
0.23219954648526078,0.0,6.648770067840815e-08
0.25541950113378686,0.0,7.472317520296201e-08
0.2786394557823129,0.0,9.156428859569132e-08
0.301859410430839,279.74005,2.0887502614641562e-05
0.3250793650793651,274.7659,0.00013511598808690906
0.3482993197278912,267.05692,0.00017702439799904823
0.37151927437641724,267.70642,0.0002470086037646979
0.3947392290249433,267.07883,0.00023594869708176702
0.4179591836734694,266.49963,0.00028201003442518413
0.44117913832199546,269.42773,0.0003569641266949475
0.46439909297052157,276.94946,0.0005258363671600819
0.4876190476190476,284.7932,0.000630570575594902
0.5108390022675737,294.06503,0.0005094294901937246
0.5340589569160998,304.45322,0.0006684368127025664
0.5572789115646258,309.90765,0.0006954738055355847
0.5804988662131519,310.1014,0.0007171375909820199
0.603718820861678,309.1838,0.0007748256321065128
0.626938775510204,314.55023,0.0007650668849237263
0.6501587301587302,327.9898,0.0009610387496650219
0.6733786848072563,341.06094,0.0016434225253760815
0.6965986394557824,347.2794,0.0017768589314073324
0.7198185941043084,345.82187,0.0022595729678869247
0.7430385487528345,341.2953,0.0023357034660875797
0.7662585034013606,340.47388,0.0022154287435114384
0.7894784580498866,350.95975,0.0014683823101222515
0.8126984126984127,372.39417,0.00218194629997015
0.8359183673469388,382.09613,0.002298769075423479
0.8591383219954649,379.76538,0.002306900918483734
0.8823582766439909,369.02252,0.0021225898526608944
0.905578231292517,364.47363,0.0023625679314136505
0.9287981859410431,372.22867,0.002743999008089304
0.9520181405895691,390.5802,0.0038650063797831535
0.9752380952380952,402.9376,0.0050644236616790295
0.9984580498866213,402.93637,0.005600334145128727
1.0216780045351475,392.97784,0.0033984233159571886
1.0448979591836736,386.4712,0.002993667032569647
1.0681179138321997,399.00165,0.00345124420709908
1.0913378684807256,425.49304,0.0017190435901284218
1.1145578231292517,452.00482,0.0027511673979461193
1.1377777777777778,463.28986,0.0031366031616926193
1.1609977324263039,456.96783,0.0025113460142165422
1.18421768707483,452.92456,0.0030551620293408632
1.207437641723356,462.36508,0.004209043458104134
1.2306575963718822,487.7113,0.006263250485062599
1.253877551020408,510.68967,0.01396331936120987
1.2770975056689342,520.58734,0.013978824950754642
1.3003174603174603,512.6056,0.008549842983484268
1.3235374149659864,499.4385,0.006575684063136578
1.3467573696145125,499.97894,0.008840526454150677
1.3699773242630386,518.1214,0.021178793162107468
1.3931972789115648,544.3289,0.04417670518159866
1.4164172335600906,561.7127,0.0602872297167778
1.4396371882086167,565.5419,0.06280438601970673
1.4628571428571429,555.84534,0.049649760127067566
1.486077097505669,548.8111,0.03955661505460739
1.509297052154195,558.1248,0.05561625212430954
1.5325170068027212,581.75354,0.06080873683094978
1.5557369614512473,610.5373,0.06899912655353546
1.5789569160997732,629.3257,0.06987563520669937
1.6021768707482993,625.14484,0.0878179743885994
1.6253968253968254,603.7586,0.0760488361120224
1.6486167800453515,576.3179,0.07450105994939804
1.6718367346938776,575.13995,0.07440069317817688
1.6950566893424037,591.1543,0.08637138456106186
1.7182766439909298,611.89777,0.11343082785606384
1.7414965986394557,620.0417,0.09520642459392548
1.7647165532879818,604.13934,0.08217653632164001
1.787936507936508,565.06396,0.04445398598909378
1.811156462585034,534.01086,0.03120395354926586
1.8343764172335602,535.37115,0.040389351546764374
1.8575963718820863,549.4671,0.05794095993041992
1.8808163265306124,557.1491,0.07185650616884232
1.9040362811791383,552.9284,0.05515073239803314
1.9272562358276644,535.6903,0.022971929982304573
1.9504761904761905,495.66254,0.006768356077373028
1.9736961451247166,481.26184,0.005648329854011536
1.9969160997732427,489.32535,0.010845622047781944
2.020136054421769,506.76492,0.020259065553545952
2.043356009070295,518.79926,0.02311037667095661
2.066575963718821,510.66525,0.011659372597932816
2.089795918367347,485.9699,0.003945561125874519
2.1130158730158732,450.19437,0.0036262813955545425
2.1362358276643993,433.76346,0.0026382196228951216
2.159455782312925,447.8751,0.004284139256924391
2.182675736961451,460.69446,0.003525701817125082
2.2058956916099772,462.41342,0.0027007143944501877
2.2291156462585033,448.19952,0.002746311016380787
2.2523356009070294,409.45044,0.0031077153980731964
2.2755555555555556,385.03577,0.0025674868375062943
2.2987755102040817,382.46124,0.0022794874384999275
2.3219954648526078,393.07678,0.00262488704174757
2.345215419501134,399.2315,0.0029451604932546616
2.36843537414966,392.9483,0.002819495741277933
2.391655328798186,373.6406,0.0024813064374029636
2.414875283446712,355.1463,0.0016114957397803664
2.4380952380952383,345.88425,0.001424887333996594
2.4613151927437644,349.24292,0.001659038127399981
2.48453514739229,358.01926,0.002329640556126833
2.507755102040816,359.74927,0.002331281080842018
2.5309750566893423,353.31247,0.0015151328407227993
2.5541950113378684,336.85114,0.0012456905096769333
2.5774149659863945,323.14398,0.0010885398369282484
2.6006349206349206,320.15005,0.0010107795242220163
2.6238548752834467,327.48215,0.0010466661769896746
2.647074829931973,334.41873,0.000982831814326346
2.670294784580499,332.5591,0.0008674473501741886
2.693514739229025,320.3525,0.0008564024465158582
2.716734693877551,297.6235,0.0007098190835677087
2.7399546485260773,278.63956,0.000923158775549382
2.7631746031746034,273.72858,0.000753865810111165
2.7863945578231295,284.59695,0.0008189492509700358
2.809614512471655,294.6375,0.0005950481281615794
2.8328344671201813,295.55447,0.0005993391387164593
2.8560544217687074,282.5183,0.0006526992656290531
2.8792743764172335,261.24228,0.0003659446956589818
2.9024943310657596,243.9087,0.0002682897902559489
2.9257142857142857,244.40562,0.00036512810038402677
2.948934240362812,255.65176,0.0005046704318374395
2.972154195011338,264.46277,0.0004624074208550155
2.995374149659864,263.70535,0.00044331635581329465
3.01859410430839,256.63345,0.00031070795375853777
3.0418140589569163,244.74557,0.00023564958246424794
3.0650340136054424,242.9,0.0002992608060594648
3.0882539682539685,257.61453,0.0004602762055583298
3.1114739229024946,271.70654,0.0004647019668482244
3.1346938775510207,278.92145,0.0005543245933949947
3.1579138321995464,276.06577,0.00048226036597043276
3.1811337868480725,264.7321,0.00036780349910259247
3.2043537414965986,249.04677,0.0002098583208862692
3.2275736961451247,243.39532,0.00028246582951396704
3.250793650793651,256.37408,0.0004397343145683408
3.274013605442177,271.4187,0.00047097643255256116
3.297233560090703,282.50076,0.0004955853801220655
3.320453514739229,281.28366,0.0005699641769751906
3.3436734693877552,269.9106,0.00037377176340669394
3.3668934240362813,249.55373,0.00017785046657081693
3.3901133786848074,233.63527,0.0001459410705137998
3.4133333333333336,243.7005,0.000261849956586957
3.4365532879818597,263.09372,0.00044858711771667004
3.4597732426303858,279.918,0.0004548414726741612
3.4829931972789114,290.74594,0.0003154287696816027
3.5062131519274375,282.96762,0.0005000618984922767
3.5294331065759637,266.53226,0.0003814921947196126
3.5526530612244898,250.4837,0.00028048601234331727
3.575873015873016,253.81757,0.00044112096657045186
3.599092970521542,269.39548,0.0004241960123181343
3.622312925170068,287.88977,0.00019213714404031634
3.645532879818594,286.438,4.4247710320632905e-05
3.6687528344671203,0.0,2.033584678429179e-06
3.6919727891156464,0.0,7.900625860202126e-07
3.7151927437641725,0.0,1.6033300198614597e-07
3.7384126984126986,0.0,8.745728337089531e-07
3.7616326530612247,0.0,3.4047661756630987e-07
3.784852607709751,0.0,1.271552719117608e-06
3.8080725623582765,0.0,5.831216185470112e-07
3.8312925170068026,0.0,1.701382643659599e-07
3.8545124716553287,0.0,1.3484077499015257e-07
3.877732426303855,0.0,2.2960557544138283e-07
3.900952380952381,0.0,1.4164834283292294e-07
3.924172335600907,0.0,5.7442775869276375e-08
3.947392290249433,0.0,6.661412044195458e-08
3.9706122448979593,0.0,1.671287463977933e-08
