0.0,0.0,2.8346221370156854e-08
0.023219954648526078,0.0,3.1278432288672775e-08
0.046439909297052155,0.0,3.9813130570109934e-08
0.06965986394557823,0.0,2.2532731236424297e-08
0.09287981859410431,0.0,2.0385414245538414e-08
0.11609977324263039,0.0,2.466731530148536e-08
0.13931972789115646,0.0,2.0544575818348676e-08
0.16253968253968254,0.0,1.990247255889699e-08
0.18575963718820862,0.0,3.7813151720911264e-08
0.2089795918367347,0.0,1.8246282706968486e-08
0.23219954648526078,0.0,1.6024387150537223e-08
0.25541950113378686,0.0,1.60204763233196e-07
0.2786394557823129,249.47212,1.9722196157090366e-05
0.301859410430839,241.21669,7.898079638835043e-05
0.3250793650793651,252.01984,0.00019480331684462726
0.3482993197278912,256.052,0.00019483704818412662
0.37151927437641724,252.02345,0.0001688053016550839
0.3947392290249433,247.19751,0.00021771431784145534
0.4179591836734694,259.1547,0.00024910643696784973
0.44117913832199546,288.5799,0.0004106306587345898
0.46439909297052157,305.4059,0.00038229551864787936
0.4876190476190476,320.64432,0.00040688944864086807
0.5108390022675737,319.42694,0.00036558444844558835
0.5340589569160998,315.30713,0.0003639694186858833
0.5572789115646258,322.40372,0.00040206778794527054
0.5804988662131519,342.3225,0.0006902330205775797
0.603718820861678,360.91956,0.0010815942659974098
0.626938775510204,376.04166,0.0011572835501283407
0.6501587301587302,379.60883,0.0011202525347471237
0.6733786848072563,371.9984,0.0012270240113139153
0.6965986394557824,371.87967,0.001195558113977313
0.7198185941043084,381.90247,0.0010292634833604097
0.7430385487528345,409.06308,0.0016385477501899004
0.7662585034013606,456.43774,0.001618605456314981
0.7894784580498866,506.7576,0.002775922417640686
0.8126984126984127,516.6776,0.0029758838936686516
0.8359183673469388,502.36948,0.002413066802546382
0.8591383219954649,496.66418,0.0025668235030025244
0.8823582766439909,489.6775,0.003398206317797303
0.905578231292517,488.43665,0.004414123483002186
0.9287981859410431,490.45358,0.004791192710399628
0.9520181405895691,492.30145,0.00426094327121973
0.9752380952380952,492.37683,0.005039199721068144
0.9984580498866213,479.2423,0.004118070472031832
1.0216780045351475,443.72855,0.0057238684967160225
1.0448979591836736,412.2248,0.0037932125851511955
1.0681179138321997,390.06787,0.0024019277188926935
1.0913378684807256,386.6287,0.0017824351089075208
1.1145578231292517,382.18,0.0015398866962641478
1.1377777777777778,378.12308,0.0014786903047934175
1.1609977324263039,365.34467,0.001251682871952653
1.18421768707483,347.74466,0.0008401097729802132
1.207437641723356,342.6989,0.0008274223655462265
1.2306575963718822,344.95926,0.0007338881841860712
1.253877551020408,340.37808,0.0005334052257239819
1.2770975056689342,331.97256,0.0004335754783824086
1.3003174603174603,328.17722,0.00033848665771074593
1.3235374149659864,324.83554,0.0003033268731087446
1.3467573696145125,315.33865,0.00036255005397833884
1.3699773242630386,299.3331,0.0003280977252870798
1.3931972789115648,248.80031,0.0001724314788589254
1.4164172335600906,242.34482,0.00020646154007408768
1.4396371882086167,257.8198,0.0002066410961560905
1.4628571428571429,266.79175,0.00017818206106312573
1.486077097505669,271.3268,0.0002473891945555806
1.509297052154195,268.19968,0.00021550097153522074
1.5325170068027212,260.40656,0.00015415613597724587
1.5557369614512473,256.31528,0.00013002693594899029
1.5789569160997732,256.93967,0.0001292701781494543
1.6021768707482993,256.16833,0.00011950032057939097
1.6253968253968254,251.05377,9.621442586649209e-05
1.6486167800453515,240.17035,0.00011245880159549415
1.6718367346938776,241.29791,0.00011684755008900538
1.6950566893424037,253.11668,0.0001522133097751066
1.7182766439909298,267.71228,0.00012435155804269016
1.7414965986394557,272.86255,0.0001635527005419135
1.7647165532879818,266.99533,0.00011526313028298318
1.787936507936508,251.85936,8.998492558021098e-05
1.811156462585034,243.91354,9.311722533311695e-05
1.8343764172335602,248.19116,0.00011349441774655133
1.8575963718820863,259.33752,8.844787953421474e-05
1.8808163265306124,270.41632,0.00011058768723160028
1.9040362811791383,278.0062,9.322268306277692e-05
1.9272562358276644,0.0,6.350699550239369e-06
1.9504761904761905,0.0,1.394663740938995e-06
1.9736961451247166,0.0,4.911735231871717e-07
1.9969160997732427,0.0,1.0393796401331201e-07
2.020136054421769,0.0,1.2575128494063392e-07
2.043356009070295,0.0,1.332100509898737e-07
2.066575963718821,0.0,6.114623829489574e-08
2.089795918367347,0.0,1.833486749092117e-07
2.1130158730158732,0.0,4.0738996176514775e-08
2.1362358276643993,0.0,4.2665305954869837e-08
2.159455782312925,0.0,3.3452124625910074e-08
2.182675736961451,0.0,1.0238363756798208e-07
2.2058956916099772,0.0,9.846462489804253e-08
2.2291156462585033,0.0,7.107337296474725e-08
2.2523356009070294,0.0,2.4845485313562676e-07
2.2755555555555556,0.0,1.5457590052392334e-07
2.2987755102040817,0.0,8.921233529690653e-08
2.3219954648526078,0.0,4.1528437577653676e-08
2.345215419501134,0.0,4.638422979041934e-10
