0.0,0.0,2.2041695046937093e-07
0.023219954648526078,0.0,1.0557687346590683e-07
0.046439909297052155,0.0,7.950256986077875e-08
0.06965986394557823,0.0,6.967002263991162e-08
0.09287981859410431,0.0,8.691131370142102e-08
0.11609977324263039,0.0,2.9744114726781845e-08
0.13931972789115646,0.0,2.6631823857314885e-08
0.16253968253968254,0.0,7.333801477216184e-08
0.18575963718820862,0.0,5.3131770982872695e-08
0.2089795918367347,342.92755,3.7336081732064486e-05
0.23219954648526078,347.46182,0.0005415887571871281
0.25541950113378686,359.73843,0.0007932746666483581
0.2786394557823129,361.84213,0.0007637328817509115
0.301859410430839,357.6308,0.0008777168695814908
0.3250793650793651,361.70776,0.0010312984231859446
0.3482993197278912,369.62555,0.001043541356921196
0.37151927437641724,369.75565,0.001314807217568159
0.3947392290249433,366.83612,0.0016869823448359966
0.4179591836734694,360.01877,0.0024094528052955866
0.44117913832199546,366.86816,0.0021023214794695377
0.46439909297052157,429.23108,0.0039206696674227715
0.4876190476190476,464.73712,0.004146150313317776
0.5108390022675737,473.99478,0.003390851430594921
0.5340589569160998,464.84567,0.005347477272152901
0.5572789115646258,461.25363,0.008148262277245522
0.5804988662131519,466.74445,0.007838930934667587
0.603718820861678,471.45755,0.005961982067674398
0.626938775510204,463.3038,0.006191273219883442
0.6501587301587302,467.0984,0.00550879817456007
0.6733786848072563,507.36917,0.018288351595401764
0.6965986394557824,529.2324,0.02371540293097496
0.7198185941043084,532.8644,0.025134598836302757
0.7430385487528345,528.26587,0.02934771031141281
0.7662585034013606,524.19995,0.03398260474205017
0.7894784580498866,527.7923,0.039016641676425934
0.8126984126984127,555.2394,0.06520958244800568
0.8359183673469388,573.1876,0.04460528865456581
0.8591383219954649,560.28436,0.00404138071462512
0.8823582766439909,534.8721,0.001141728600487113
0.905578231292517,622.0998,0.014314167201519012
0.9287981859410431,667.3241,0.030479906126856804
0.9520181405895691,696.47876,0.038753438740968704
0.9752380952380952,704.2247,0.06457690894603729
0.9984580498866213,691.365,0.06486056745052338
1.0216780045351475,678.5749,0.06603815406560898
1.0448979591836736,683.95483,0.052103132009506226
1.0681179138321997,701.35693,0.0575026236474514
1.0913378684807256,704.93243,0.04984007775783539
1.1145578231292517,666.4917,0.06189080327749252
1.1377777777777778,595.54456,0.022062834352254868
1.1609977324263039,514.22253,0.01657906547188759
1.18421768707483,507.37204,0.018620915710926056
1.207437641723356,520.17804,0.02039705589413643
1.2306575963718822,530.9617,0.01557956449687481
1.253877551020408,529.15204,0.015913911163806915
1.2770975056689342,522.00006,0.019415244460105896
1.3003174603174603,519.4355,0.02187436819076538
1.3235374149659864,520.73334,0.021005677059292793
1.3467573696145125,517.2471,0.015049897134304047
1.3699773242630386,492.1574,0.003678065724670887
1.3931972789115648,445.2953,0.005268250126391649
1.4164172335600906,441.65897,0.004700020421296358
1.4396371882086167,452.8528,0.005109889432787895
1.4628571428571429,459.13843,0.004544994328171015
1.486077097505669,460.13907,0.004395016469061375
1.509297052154195,455.5666,0.005187210161238909
1.5325170068027212,448.11804,0.005026035010814667
1.5557369614512473,445.81497,0.004677026532590389
1.5789569160997732,444.4421,0.003913332708179951
1.6021768707482993,432.05112,0.0019167209975421429
1.6253968253968254,393.5916,0.001618268433958292
1.6486167800453515,357.74124,0.0016212475020438433
1.6718367346938776,358.84625,0.0016079397173598409
1.6950566893424037,370.6204,0.00115999486297369
1.7182766439909298,372.31827,0.0012037513079121709
1.7414965986394557,367.04205,0.0013207794399932027
1.7647165532879818,357.24274,0.0014396357582882047
1.787936507936508,347.18314,0.0011981087736785412
1.811156462585034,341.26715,0.0013546139234676957
1.8343764172335602,341.56436,0.0012997864978387952
1.8575963718820863,349.06302,0.0012924282345920801
1.8808163265306124,368.60437,0.0006556278094649315
1.9040362811791383,385.02432,0.0005859524826519191
1.9272562358276644,388.05112,0.0007096136105246842
1.9504761904761905,379.52475,0.0007778996950946748
1.9736961451247166,362.62958,0.0011197651037946343
1.9969160997732427,341.38846,0.0010125415865331888
2.020136054421769,332.21988,0.0008421653765253723
2.043356009070295,334.62692,0.0009980825707316399
2.066575963718821,347.06122,0.0009977188892662525
2.089795918367347,370.12177,0.000656980206258595
2.1130158730158732,382.3434,0.0005176260601729155
2.1362358276643993,379.94717,0.0005284225917421281
2.159455782312925,366.57742,0.0007934431778267026
2.182675736961451,345.12027,0.0006496626301668584
2.2058956916099772,326.81543,0.00044953415635973215
2.2291156462585033,326.22992,0.00046717346413061023
2.2523356009070294,342.39908,0.0006810170598328114
2.2755555555555556,360.84366,0.0003713826881721616
2.2987755102040817,364.43015,1.556724419060629e-05
2.3219954648526078,0.0,3.1557729016640224e-06
2.345215419501134,0.0,5.493639037013054e-07
2.36843537414966,0.0,6.944082997506484e-08
2.391655328798186,0.0,5.194397090235725e-08
2.414875283446712,0.0,1.0530766303418204e-07
2.4380952380952383,0.0,8.379811333725229e-08
2.4613151927437644,0.0,4.9525624490343034e-08
2.48453514739229,0.0,4.2347892303951085e-08
2.507755102040816,0.0,5.7514625950716436e-08
2.5309750566893423,0.0,5.567744665313512e-08
2.5541950113378684,0.0,9.155792213277891e-08
2.5774149659863945,0.0,5.236415745457634e-08
2.6006349206349206,0.0,3.059722075704485e-08
2.6238548752834467,0.0,1.2590135156642646e-08
