0.0,0.0,1.0686644600355066e-06
0.023219954648526078,0.0,6.562831913470291e-07
0.046439909297052155,0.0,4.440989869181067e-07
0.06965986394557823,0.0,1.5589830582030118e-07
0.09287981859410431,0.0,5.829770088894293e-08
0.11609977324263039,0.0,3.735749487532303e-08
0.13931972789115646,0.0,5.8166733651887625e-08
0.16253968253968254,0.0,4.640878614736721e-08
0.18575963718820862,0.0,1.6535523172933608e-08
0.2089795918367347,0.0,2.6788256946019828e-08
0.23219954648526078,0.0,3.948571247747168e-08
0.25541950113378686,361.60336,0.00021470057254191488
0.2786394557823129,363.26422,0.0013835941208526492
0.301859410430839,370.4773,0.0018279114738106728
0.3250793650793651,370.4883,0.002025461057201028
0.3482993197278912,365.37085,0.0022992324084043503
0.37151927437641724,360.27048,0.00262401532381773
0.3947392290249433,363.09665,0.003004017286002636
0.4179591836734694,368.2883,0.003609605133533478
0.44117913832199546,368.5844,0.003334606299176812
0.46439909297052157,359.89136,0.0022811545059084892
0.4876190476190476,369.1934,0.0047531407326459885
0.5108390022675737,418.86145,0.01605015993118286
0.5340589569160998,450.29813,0.027456432580947876
0.5572789115646258,462.77173,0.029873903840780258
0.5804988662131519,455.03226,0.032148122787475586
0.603718820861678,445.2234,0.0282498300075531
0.626938775510204,447.58252,0.03410622477531433
0.6501587301587302,456.7054,0.03331952914595604
0.6733786848072563,464.82263,0.019158486276865005
0.6965986394557824,483.61942,0.02261621132493019
0.7198185941043084,515.7421,0.0470852330327034
0.7430385487528345,535.5886,0.04654592648148537
0.7662585034013606,534.9585,0.052661363035440445
0.7894784580498866,527.83734,0.06758055090904236
0.8126984126984127,521.1461,0.08119295537471771
0.8359183673469388,521.6252,0.08167160302400589
0.8591383219954649,532.06946,0.07074417173862457
0.8823582766439909,540.6207,0.04741897061467171
0.905578231292517,544.5666,0.01943090185523033
0.9287981859410431,611.4686,0.030592307448387146
0.9520181405895691,679.7179,0.031752809882164
0.9752380952380952,714.65424,0.04526761174201965
0.9984580498866213,716.16956,0.06294365972280502
1.0216780045351475,703.2946,0.06655114889144897
1.0448979591836736,700.77954,0.06693316996097565
1.0681179138321997,712.8606,0.07845401018857956
1.0913378684807256,724.9947,0.07257483899593353
1.1145578231292517,716.4098,0.07243472337722778
1.1377777777777778,658.3454,0.07378844171762466
1.1609977324263039,578.0723,0.039858050644397736
1.18421768707483,548.1028,0.059248507022857666
1.207437641723356,555.59424,0.07192535698413849
1.2306575963718822,570.56885,0.06405948102474213
1.253877551020408,571.9842,0.05502724647521973
1.2770975056689342,558.9994,0.06556326895952225
1.3003174603174603,543.2594,0.057244349271059036
1.3235374149659864,538.4003,0.060323070734739304
1.3467573696145125,545.1708,0.05893496423959732
1.3699773242630386,530.95593,0.04321375489234924
1.3931972789115648,501.08185,0.013833903707563877
1.4164172335600906,458.78278,0.014911211095750332
1.4396371882086167,444.92484,0.01442461833357811
1.4628571428571429,442.90356,0.013466982170939445
1.486077097505669,441.4718,0.012763104401528835
1.509297052154195,440.19452,0.011863225139677525
1.5325170068027212,439.2304,0.011937092989683151
1.5557369614512473,442.57663,0.014183267951011658
1.5789569160997732,447.29636,0.015731029212474823
1.6021768707482993,446.85974,0.01201585866510868
1.6253968253968254,426.44434,0.004318110644817352
1.6486167800453515,392.96954,0.0010497336043044925
1.6718367346938776,334.82343,0.001061724266037345
1.6950566893424037,342.04727,0.0016498755430802703
1.7182766439909298,353.23923,0.002015994396060705
1.7414965986394557,356.80347,0.001917802612297237
1.7647165532879818,352.56186,0.0018820250406861305
1.787936507936508,343.57242,0.002100622747093439
1.811156462585034,331.26547,0.0011580061400309205
1.8343764172335602,325.52762,0.0009624874801374972
1.8575963718820863,326.0029,0.0009694445179775357
1.8808163265306124,331.81866,0.0015069387154653668
1.9040362811791383,344.07486,0.0017753560096025467
1.9272562358276644,361.07224,0.00136126100551337
1.9504761904761905,367.99536,0.0012052482925355434
1.9736961451247166,363.7116,0.0014630075311288238
1.9969160997732427,348.45068,0.001365007134154439
2.020136054421769,332.16547,0.0007924665114842355
2.043356009070295,318.50818,0.0005192363751120865
2.066575963718821,319.32263,0.0005846753483638167
2.089795918367347,330.5989,0.0010040743509307504
2.1130158730158732,345.66592,0.0013237525708973408
2.1362358276643993,361.28476,0.0009110168321058154
2.159455782312925,363.60077,0.0007721101865172386
2.182675736961451,350.54755,0.0007810902316123247
2.2058956916099772,333.09375,0.0005377965280786157
2.2291156462585033,315.98758,0.0003358036046847701
2.2523356009070294,319.32513,0.00048295516171492636
2.2755555555555556,336.6294,0.0008795891189947724
2.2987755102040817,358.00046,0.0005498455720953643
2.3219954648526078,370.8446,2.282468631165102e-05
2.345215419501134,0.0,6.872553058201447e-06
2.36843537414966,0.0,1.3890075933886692e-06
2.391655328798186,0.0,1.3010503607802093e-07
2.414875283446712,0.0,6.183563527883962e-08
2.4380952380952383,0.0,5.325455276761204e-08
2.4613151927437644,0.0,1.422949935658835e-07
2.48453514739229,0.0,1.0044550435850397e-07
2.507755102040816,0.0,2.9539478418882936e-08
2.5309750566893423,0.0,4.6127752284519374e-08
2.5541950113378684,0.0,5.6610588217154145e-08
2.5774149659863945,0.0,8.535425877198577e-08
2.6006349206349206,0.0,9.096675057662651e-08
2.6238548752834467,0.0,1.874104782473296e-08
