0.0,0.0,2.709230102482252e-07
0.023219954648526078,0.0,1.5163368516368791e-07
0.046439909297052155,0.0,1.217877070303075e-07
0.06965986394557823,0.0,1.9096569303655997e-07
0.09287981859410431,0.0,8.864753908710554e-08
0.11609977324263039,0.0,8.374627213925123e-08
0.13931972789115646,0.0,4.8100446292664856e-08
0.16253968253968254,0.0,3.6034634831594303e-07
0.18575963718820862,0.0,4.2484316509217024e-07
0.2089795918367347,0.0,1.0371513781137764e-07
0.23219954648526078,0.0,8.44717760628555e-07
0.25541950113378686,265.87512,0.0002058036916423589
0.2786394557823129,249.85336,0.0006974951829761267
0.301859410430839,258.87143,0.0012578928144648671
0.3250793650793651,263.32962,0.0012378422543406487
0.3482993197278912,264.82614,0.0011202055029571056
0.37151927437641724,270.79187,0.0009185309754684567
0.3947392290249433,275.97952,0.000990286935120821
0.4179591836734694,280.55197,0.001028775004670024
0.44117913832199546,296.02115,0.0008288244716823101
0.46439909297052157,309.6642,0.0006326684379018843
0.4876190476190476,309.6638,0.0006940426537767053
0.5108390022675737,307.80832,0.000836009334307164
0.5340589569160998,304.00284,0.0009663014789111912
0.5572789115646258,307.2272,0.0010568725410848856
0.5804988662131519,320.2145,0.0019068135879933834
0.603718820861678,335.68353,0.0024050595238804817
0.626938775510204,346.03387,0.001984786242246628
0.6501587301587302,347.54584,0.0025020637549459934
0.6733786848072563,342.35938,0.0033932782243937254
0.6965986394557824,338.75375,0.0034582288935780525
0.7198185941043084,342.66595,0.002334956079721451
0.7430385487528345,357.89896,0.001719235209748149
0.7662585034013606,373.0837,0.0016268733888864517
0.7894784580498866,378.5988,0.0019097179174423218
0.8126984126984127,378.97375,0.0021711355075240135
0.8359183673469388,372.5046,0.002621083054691553
0.8591383219954649,363.71213,0.0031635030172765255
0.8823582766439909,359.69894,0.003225774969905615
0.905578231292517,363.0995,0.003194006159901619
0.9287981859410431,378.46738,0.0038449144922196865
0.9520181405895691,400.73608,0.0046685682609677315
0.9752380952380952,417.03018,0.0047232285141944885
0.9984580498866213,418.02686,0.005674952641129494
1.0216780045351475,410.82617,0.007429834455251694
1.0448979591836736,402.91846,0.008381972089409828
1.0681179138321997,405.79614,0.008564351126551628
1.0913378684807256,419.20737,0.005904089659452438
1.1145578231292517,442.32245,0.007485176902264357
1.1377777777777778,461.56824,0.008051890879869461
1.1609977324263039,464.4933,0.010576106607913971
1.18421768707483,455.37445,0.015872225165367126
1.207437641723356,447.07706,0.01643933728337288
1.2306575963718822,448.57535,0.018901081755757332
1.253877551020408,458.9719,0.021210085600614548
1.2770975056689342,476.86365,0.014361485838890076
1.3003174603174603,509.1932,0.0217265784740448
1.3235374149659864,518.3709,0.025524497032165527
1.3467573696145125,504.98578,0.024290911853313446
1.3699773242630386,490.6448,0.026734311133623123
1.3931972789115648,490.37183,0.022098775953054428
1.4164172335600906,503.67603,0.032080553472042084
1.4396371882086167,529.4286,0.03355226665735245
1.4628571428571429,560.6528,0.04722446948289871
1.486077097505669,573.7855,0.046364493668079376
1.509297052154195,566.09265,0.04209035634994507
1.5325170068027212,548.4142,0.04304392635822296
1.5557369614512473,542.9,0.04180189594626427
1.5789569160997732,542.89417,0.04231572151184082
1.6021768707482993,551.491,0.05567455664277077
1.6253968253968254,584.9799,0.10030197352170944
1.6486167800453515,616.024,0.12249764800071716
1.6718367346938776,636.4267,0.13711613416671753
1.6950566893424037,634.1895,0.14579090476036072
1.7182766439909298,612.1982,0.11223091930150986
1.7414965986394557,585.71344,0.07128975540399551
1.7647165532879818,568.6985,0.05432804673910141
1.787936507936508,556.11957,0.03812548145651817
1.811156462585034,544.72614,0.02694670483469963
1.8343764172335602,539.3232,0.022238021716475487
1.8575963718820863,533.3338,0.022774094715714455
1.8808163265306124,527.17377,0.02878386527299881
1.9040362811791383,521.3034,0.03355308249592781
1.9272562358276644,517.2341,0.03314901888370514
1.9504761904761905,514.567,0.030429549515247345
1.9736961451247166,516.12585,0.028606552630662918
1.9969160997732427,517.5282,0.02522149309515953
2.020136054421769,514.09283,0.021145600825548172
2.043356009070295,503.49185,0.0150345079600811
2.066575963718821,483.28226,0.014670820906758308
2.089795918367347,465.25757,0.020711109042167664
2.1130158730158732,460.79807,0.01900676265358925
2.1362358276643993,467.3145,0.01376296766102314
2.159455782312925,473.06314,0.012330167926847935
2.182675736961451,467.24045,0.010998144745826721
2.2058956916099772,448.3566,0.006397790275514126
2.2291156462585033,409.36145,0.00523319561034441
2.2523356009070294,394.54678,0.004295020364224911
2.2755555555555556,401.8414,0.005598354618996382
2.2987755102040817,416.09406,0.00459829717874527
2.3219954648526078,424.04626,0.0030719484202563763
2.345215419501134,416.15018,0.00440245633944869
2.36843537414966,395.06003,0.003273703157901764
2.391655328798186,363.80545,0.0021519099827855825
2.414875283446712,348.11325,0.002252992009744048
2.4380952380952383,359.5539,0.0016405130736529827
2.4613151927437644,370.12967,0.0015777403023093939
2.48453514739229,372.14862,0.0015312216710299253
2.507755102040816,367.48254,0.001322571188211441
2.5309750566893423,345.77237,0.001935361186042428
2.5541950113378684,328.15552,0.002254052786156535
2.5774149659863945,325.45557,0.0022155907936394215
2.6006349206349206,336.34222,0.0017008237773552537
2.6238548752834467,345.4643,0.0012881846632808447
2.647074829931973,346.63007,0.0015509151853621006
2.670294784580499,335.68665,0.0013430316466838121
2.693514739229025,315.136,0.0005299439071677625
2.716734693877551,295.4608,0.0006638807826675475
2.7399546485260773,297.5677,0.0005700226174667478
2.7631746031746034,304.5054,0.0004147397121414542
2.7863945578231295,305.84094,0.00035158643731847405
2.809614512471655,307.16217,0.0003563201171346009
2.8328344671201813,305.16553,0.0003756423247978091
2.8560544217687074,299.39923,0.000460321840364486
2.8792743764172335,289.94867,0.0006289590965025127
2.9024943310657596,274.67224,0.0006186723476275802
2.9257142857142857,258.61533,0.0007429256220348179
2.948934240362812,265.598,0.0006896654958836734
2.972154195011338,273.4537,0.0009248256101273
2.995374149659864,274.62732,0.0007979787769727409
3.01859410430839,270.92694,0.0006215200992301106
3.0418140589569163,266.26227,0.0005803699023090303
3.0650340136054424,264.33084,0.0006122206686995924
3.0882539682539685,265.8902,0.0006351633928716183
3.1114739229024946,270.5093,0.0005402598180808127
3.1346938775510207,274.68567,0.00030573277035728097
3.1579138321995464,259.19696,0.0001331217063125223
3.1811337868480725,0.0,4.321164851717185e-06
3.2043537414965986,0.0,3.965578798670322e-06
3.2275736961451247,0.0,3.6243181966710836e-07
3.250793650793651,0.0,3.235400072298944e-07
3.274013605442177,0.0,1.223115759785287e-07
3.297233560090703,0.0,2.40431290876586e-07
3.320453514739229,0.0,1.2938653526362032e-07
3.3436734693877552,0.0,3.538571036187932e-08
3.3668934240362813,0.0,1.2161490303697065e-07
3.3901133786848074,0.0,5.8647856349125504e-08
3.4133333333333336,0.0,9.825089364312589e-08
3.4365532879818597,0.0,6.705613486701623e-08
3.4597732426303858,0.0,6.177469913382083e-08
3.4829931972789114,0.0,9.110226528719068e-08
3.5062131519274375,0.0,5.121637514093891e-08
