0.0,0.0,2.5554072635713965e-08
0.023219954648526078,0.0,3.719287633430213e-08
0.046439909297052155,0.0,3.542118065524846e-08
0.06965986394557823,0.0,1.580974640091881e-08
0.09287981859410431,0.0,5.1261849876027554e-08
0.11609977324263039,0.0,2.3597749532200396e-08
0.13931972789115646,0.0,1.3656426745001227e-07
0.16253968253968254,0.0,2.7552232495509088e-08
0.18575963718820862,0.0,6.724440027028322e-08
0.2089795918367347,366.01215,0.0001017077811411582
0.23219954648526078,354.73282,0.0004439548356458545
0.25541950113378686,356.57266,0.0006253752508200705
0.2786394557823129,354.42575,0.0007116702036000788
0.301859410430839,357.03476,0.0008406617562286556
0.3250793650793651,363.4021,0.0010594509076327085
0.3482993197278912,366.02255,0.0014263757038861513
0.37151927437641724,357.60565,0.0010778794530779123
0.3947392290249433,362.38065,0.0015175000298768282
0.4179591836734694,385.91434,0.0031786728650331497
0.44117913832199546,402.88586,0.00607035867869854
0.46439909297052157,409.46924,0.0072553097270429134
0.4876190476190476,407.04987,0.006481700576841831
0.5108390022675737,398.12225,0.0057004718109965324
0.5340589569160998,398.9878,0.005508588161319494
0.5572789115646258,416.09592,0.006926953326910734
0.5804988662131519,441.35483,0.008850377053022385
0.603718820861678,461.34177,0.011109595187008381
0.626938775510204,463.8417,0.01355586014688015
0.6501587301587302,454.79852,0.014989888295531273
0.6733786848072563,443.64893,0.012439848855137825
0.6965986394557824,445.70712,0.01908484846353531
0.7198185941043084,461.63794,0.017216715961694717
0.7430385487528345,486.96747,0.008205019868910313
0.7662585034013606,508.17282,0.015217024832963943
0.7894784580498866,502.8156,0.012795538641512394
0.8126984126984127,482.84302,0.01929769665002823
0.8359183673469388,472.63736,0.026138190180063248
0.8591383219954649,474.1921,0.01968645676970482
0.8823582766439909,487.1473,0.013851625844836235
0.905578231292517,511.7115,0.028095681220293045
0.9287981859410431,534.2226,0.02319777011871338
0.9520181405895691,539.9905,0.02221612259745598
0.9752380952380952,532.7705,0.02458243817090988
0.9984580498866213,526.7469,0.02768772467970848
1.0216780045351475,523.16095,0.029819879680871964
1.0448979591836736,527.0528,0.027133941650390625
1.0681179138321997,541.98956,0.0341096967458725
1.0913378684807256,573.3449,0.060773469507694244
1.1145578231292517,606.3002,0.08569826185703278
1.1377777777777778,625.13184,0.08460666239261627
1.1609977324263039,616.76166,0.10743708908557892
1.18421768707483,607.9193,0.10724970698356628
1.207437641723356,605.54095,0.08079373836517334
1.2306575963718822,616.8539,0.05183376744389534
1.253877551020408,645.8715,0.05550298094749451
1.2770975056689342,678.6439,0.07306613028049469
1.3003174603174603,693.7162,0.08100166916847229
1.3235374149659864,691.3816,0.10061860084533691
1.3467573696145125,684.226,0.10330532491207123
1.3699773242630386,681.4015,0.09454523026943207
1.3931972789115648,690.79193,0.07371288537979126
1.4164172335600906,711.7058,0.05689617246389389
1.4396371882086167,733.2965,0.0391855463385582
1.4628571428571429,749.53076,0.03922059386968613
1.486077097505669,748.55524,0.0573907196521759
1.509297052154195,736.2094,0.0685000866651535
1.5325170068027212,728.0397,0.06816718727350235
1.5557369614512473,733.1243,0.04904046282172203
1.5789569160997732,749.2878,0.03180424124002457
1.6021768707482993,778.4503,0.029894351959228516
1.6253968253968254,820.97046,0.02351927012205124
1.6486167800453515,858.4218,0.02876272425055504
1.6718367346938776,864.9422,0.03846847265958786
1.6950566893424037,836.9592,0.05238465592265129
1.7182766439909298,803.59753,0.06060422956943512
1.7414965986394557,776.11206,0.039073746651411057
1.7647165532879818,740.58887,0.047699470072984695
1.787936507936508,729.35944,0.04417577385902405
1.811156462585034,739.86725,0.03382743149995804
1.8343764172335602,753.1231,0.033584341406822205
1.8575963718820863,753.59436,0.04024284705519676
1.8808163265306124,725.6157,0.0654747262597084
1.9040362811791383,678.5617,0.06792984902858734
1.9272562358276644,651.17596,0.05831095576286316
1.9504761904761905,653.9716,0.05581525340676308
1.9736961451247166,677.31,0.06578782200813293
1.9969160997732427,689.9827,0.05143895000219345
2.020136054421769,676.78516,0.05619517341256142
2.043356009070295,637.212,0.05996984243392944
2.066575963718821,594.56177,0.019502781331539154
2.089795918367347,565.7809,0.017805591225624084
2.1130158730158732,569.2239,0.014732898212969303
2.1362358276643993,582.2825,0.02048167958855629
2.159455782312925,597.8202,0.030718432739377022
2.182675736961451,596.50104,0.02559059113264084
2.2058956916099772,574.10864,0.015497777611017227
2.2291156462585033,540.7732,0.012433291412889957
2.2523356009070294,523.55383,0.013112084940075874
2.2755555555555556,525.0992,0.010992500931024551
2.2987755102040817,537.7536,0.008083298802375793
2.3219954648526078,545.0144,0.008505819365382195
2.345215419501134,536.5682,0.00821712426841259
2.36843537414966,517.8273,0.008787177503108978
2.391655328798186,481.7228,0.015535945072770119
2.414875283446712,470.59366,0.0162177924066782
2.4380952380952383,473.40152,0.013022621162235737
2.4613151927437644,482.28064,0.006403426174074411
2.48453514739229,489.01144,0.004571941215544939
2.507755102040816,481.17734,0.006172348279505968
2.5309750566893423,461.4374,0.005324491299688816
2.5541950113378684,435.054,0.00351351429708302
2.5774149659863945,432.72192,0.0040304940193891525
2.6006349206349206,443.4034,0.005533798597753048
2.6238548752834467,452.90454,0.006038597784936428
2.647074829931973,450.0333,0.0054594650864601135
2.670294784580499,433.26697,0.002873675897717476
2.693514739229025,404.55698,0.0035291004460304976
2.716734693877551,394.66385,0.00347806210629642
2.7399546485260773,399.33334,0.0036032155621796846
2.7631746031746034,402.06732,0.003912683576345444
2.7863945578231295,403.42752,0.003856083145365119
2.809614512471655,397.6612,0.0025714091025292873
2.8328344671201813,384.35245,0.001345431199297309
2.8560544217687074,365.48264,0.0010751616209745407
2.8792743764172335,347.53088,0.0013106393162161112
2.9024943310657596,357.8055,0.001231183297932148
2.9257142857142857,363.93106,0.0007894897717051208
2.948934240362812,368.01205,0.0011054304195567966
2.972154195011338,366.13358,0.001329468097537756
2.995374149659864,359.78738,0.001433496130630374
3.01859410430839,346.50195,0.0024611572735011578
3.0418140589569163,339.94003,0.003017952898517251
3.0650340136054424,341.48453,0.002561010420322418
3.0882539682539685,350.06,0.0013733163941651583
3.1114739229024946,366.25357,0.0008711105911061168
3.1346938775510207,375.7854,0.001029131468385458
3.1579138321995464,376.7533,0.0007893298170529306
3.1811337868480725,368.5319,0.0007550980662927032
3.2043537414965986,353.45004,0.0013169285375624895
3.2275736961451247,337.6225,0.0013579371152445674
3.250793650793651,338.4746,0.0014456395292654634
3.274013605442177,355.93054,0.0006214596214704216
3.297233560090703,373.94424,0.00022876975708641112
3.320453514739229,372.3663,1.138856077886885e-05
3.3436734693877552,0.0,7.070011633913964e-07
3.3668934240362813,0.0,4.208122845739126e-07
3.3901133786848074,0.0,2.45618139160797e-08
3.4133333333333336,0.0,2.285651135025546e-08
3.4365532879818597,0.0,1.3280441635288298e-08
3.4597732426303858,0.0,5.160472937859595e-08
3.4829931972789114,0.0,4.6944478526711464e-08
3.5062131519274375,0.0,4.278808773960918e-08
3.5294331065759637,0.0,2.7340320229995996e-08
3.5526530612244898,0.0,1.8597347661852837e-08
3.575873015873016,0.0,4.802313924301416e-08
3.599092970521542,0.0,2.9544935387093574e-08
