0.0,0.0,1.2726104614557698e-07
0.023219954648526078,0.0,1.422640707460232e-07
0.046439909297052155,0.0,1.649477781029418e-07
0.06965986394557823,0.0,1.4059696695767343e-07
0.09287981859410431,0.0,1.2326654541539028e-07
0.11609977324263039,0.0,2.0225434127496555e-07
0.13931972789115646,0.0,9.108498488785699e-08
0.16253968253968254,0.0,6.899790605530143e-08
0.18575963718820862,0.0,1.122934918384999e-07
0.2089795918367347,0.0,9.117684385273606e-08
0.23219954648526078,0.0,2.1097366698086262e-07
0.25541950113378686,0.0,1.6627564036753029e-07
0.2786394557823129,0.0,1.7382535588694736e-07
0.301859410430839,0.0,1.0123585525434464e-07
0.3250793650793651,0.0,3.920442395610735e-06
0.3482993197278912,336.22833,0.0003724974812939763
0.37151927437641724,346.02097,0.0009333562338724732
0.3947392290249433,350.91553,0.0012356099905446172
0.4179591836734694,346.93164,0.0014173220843076706
0.44117913832199546,344.72055,0.0015793144702911377
0.46439909297052157,347.0992,0.0018467194167897105
0.4876190476190476,344.62598,0.0016154819168150425
0.5108390022675737,342.96417,0.002277506049722433
0.5340589569160998,373.00806,0.0041824812069535255
0.5572789115646258,396.78622,0.004928658716380596
0.5804988662131519,407.42242,0.00691863801330328
0.603718820861678,405.8623,0.007068579085171223
0.626938775510204,397.61096,0.006318389438092709
0.6501587301587302,391.4418,0.005702536553144455
0.6733786848072563,395.70193,0.007263857871294022
0.6965986394557824,422.7396,0.011892998591065407
0.7198185941043084,449.25488,0.01669936813414097
0.7430385487528345,470.07205,0.014097094535827637
0.7662585034013606,466.5801,0.028748605400323868
0.7894784580498866,453.3521,0.03639116883277893
0.8126984126984127,443.21628,0.03402981162071228
0.8359183673469388,446.80875,0.05399740859866142
0.8591383219954649,463.04068,0.024018261581659317
0.8823582766439909,497.47305,0.024462323635816574
0.905578231292517,514.5419,0.04074249044060707
0.9287981859410431,509.21033,0.0440334677696228
0.9520181405895691,494.3854,0.03410689905285835
0.9752380952380952,482.63928,0.03665436804294586
0.9984580498866213,486.00348,0.030785521492362022
1.0216780045351475,499.79877,0.05480685830116272
1.0448979591836736,529.5289,0.0673636794090271
1.0681179138321997,555.53296,0.08488128334283829
1.0913378684807256,553.77893,0.08332197368144989
1.1145578231292517,533.8229,0.0796385407447815
1.1377777777777778,521.32623,0.09722913801670074
1.1609977324263039,525.4562,0.09921601414680481
1.18421768707483,555.08875,0.1549173891544342
1.207437641723356,590.2672,0.18415191769599915
1.2306575963718822,613.93365,0.1504306197166443
1.253877551020408,614.58075,0.13296973705291748
1.2770975056689342,594.34985,0.10549426823854446
1.3003174603174603,580.9,0.09563864767551422
1.3235374149659864,584.533,0.0997510477900505
1.3467573696145125,606.7634,0.10615861415863037
1.3699773242630386,645.06744,0.08691707253456116
1.3931972789115648,688.1347,0.09053488820791245
1.4164172335600906,706.4961,0.10116297006607056
1.4396371882086167,695.3636,0.11980044841766357
1.4628571428571429,676.1905,0.1184740737080574
1.486077097505669,677.0515,0.10509545356035233
1.509297052154195,701.38104,0.0765344426035881
1.5325170068027212,735.99304,0.04543743282556534
1.5557369614512473,765.3348,0.03049619495868683
1.5789569160997732,767.1577,0.03809488192200661
1.6021768707482993,746.4809,0.0685187429189682
1.6253968253968254,732.38605,0.09670141339302063
1.6486167800453515,731.7612,0.07507328689098358
1.6718367346938776,752.87085,0.041207924485206604
1.6950566893424037,797.3324,0.049894459545612335
1.7182766439909298,834.8753,0.03255287557840347
1.7414965986394557,852.525,0.034675877541303635
1.7647165532879818,829.7023,0.06595301628112793
1.787936507936508,791.7296,0.06280383467674255
1.811156462585034,766.4317,0.036010779440402985
1.8343764172335602,745.2785,0.04840240627527237
1.8575963718820863,720.61426,0.05202436447143555
1.8808163265306124,715.1598,0.03958164155483246
1.9040362811791383,732.90454,0.03372158482670784
1.9272562358276644,740.48004,0.028171638026833534
1.9504761904761905,733.92676,0.03499055653810501
1.9736961451247166,721.1628,0.04302863031625748
1.9969160997732427,697.3615,0.039592333137989044
2.020136054421769,665.22235,0.04027002304792404
2.043356009070295,652.3233,0.0371205136179924
2.066575963718821,665.9087,0.04456016421318054
2.089795918367347,678.8862,0.0431344211101532
2.1130158730158732,675.0799,0.04693940281867981
2.1362358276643993,642.71484,0.053576283156871796
2.159455782312925,603.08044,0.026299236342310905
2.182675736961451,577.67285,0.02252120152115822
2.2058956916099772,585.7331,0.030846506357192993
2.2291156462585033,602.03827,0.031579434871673584
2.2523356009070294,611.0452,0.0248260460793972
2.2755555555555556,594.29333,0.017953835427761078
2.2987755102040817,557.47107,0.011405004188418388
2.3219954648526078,523.75055,0.011764783412218094
2.345215419501134,523.81445,0.012440476566553116
2.36843537414966,540.8812,0.010756941512227058
2.391655328798186,552.89026,0.01193026639521122
2.414875283446712,546.5594,0.010487580671906471
2.4380952380952383,519.44714,0.008421195670962334
2.4613151927437644,478.59674,0.00986522063612938
2.48453514739229,465.239,0.012525548227131367
2.507755102040816,469.66483,0.006904631853103638
2.5309750566893423,482.18198,0.00308052496984601
2.5541950113378684,495.57465,0.003316761925816536
2.5774149659863945,490.07532,0.004451422486454248
2.6006349206349206,470.1628,0.006940066814422607
2.6238548752834467,443.0194,0.002057899720966816
2.647074829931973,423.84106,0.002189741237089038
2.670294784580499,438.04697,0.0034492427948862314
2.693514739229025,455.67963,0.004606895614415407
2.716734693877551,467.7964,0.004358487669378519
2.7399546485260773,456.3761,0.003094929503276944
2.7631746031746034,419.2808,0.0015749814920127392
2.7863945578231295,386.70618,0.0014393567107617855
2.809614512471655,389.14398,0.0012756976066157222
2.8328344671201813,399.03247,0.0013607358559966087
2.8560544217687074,407.49237,0.0015410362975671887
2.8792743764172335,409.98996,0.001443763030692935
2.9024943310657596,406.44672,0.0012471500085666776
2.9257142857142857,397.4174,0.001249779248610139
2.948934240362812,383.2202,0.0008490709587931633
2.972154195011338,357.2464,0.0006991986883804202
2.995374149659864,346.52115,0.0008190334774553776
3.01859410430839,358.72614,0.0008056866354309022
3.0418140589569163,367.02753,0.000606751418672502
3.0650340136054424,367.96902,0.0007256268290802836
3.0882539682539685,362.58438,0.0007676290115341544
3.1114739229024946,353.09857,0.0006521973991766572
3.1346938775510207,340.88602,0.0007286965847015381
3.1579138321995464,336.15094,0.0006721537793055177
3.1811337868480725,341.691,0.0006898599094711244
3.2043537414965986,354.90192,0.0006486416095867753
3.2275736961451247,365.28442,0.00044079229701310396
3.250793650793651,368.73322,0.0004975993651896715
3.274013605442177,362.75897,0.0005215115379542112
3.297233560090703,350.59808,0.0004844528157263994
3.320453514739229,333.96042,0.0005167797207832336
3.3436734693877552,332.55936,0.00042219244642183185
3.3668934240362813,344.0272,0.0003550514520611614
3.3901133786848074,364.07236,0.00023655158292967826
3.4133333333333336,368.47232,2.3001859517535195e-05
3.4365532879818597,0.0,1.1616193660302088e-06
3.4597732426303858,0.0,3.97611984226387e-07
3.4829931972789114,0.0,1.1383144737919793e-07
3.5062131519274375,0.0,4.373760020826012e-08
3.5294331065759637,0.0,3.6866367736365646e-08
3.5526530612244898,0.0,4.80922608403489e-08
3.575873015873016,0.0,5.908441380597651e-08
3.599092970521542,0.0,4.6248715079855174e-08
3.622312925170068,0.0,7.138987712096423e-08
3.645532879818594,0.0,2.2848325897939503e-08
3.6687528344671203,0.0,2.733577275648713e-08
3.6919727891156464,0.0,3.8838152249809355e-08
3.7151927437641725,0.0,1.6519152268301696e-08
3.7384126984126986,0.0,5.594120011664927e-08
3.7616326530612247,0.0,6.05023160460405e-08
3.784852607709751,0.0,2.2832864488009363e-08
