0.0,0.0,4.309458745410666e-08
0.023219954648526078,0.0,5.3926669352222234e-08
0.046439909297052155,0.0,3.765126166399568e-08
0.06965986394557823,0.0,1.6524609236512333e-08
0.09287981859410431,0.0,3.352306521264836e-08
0.11609977324263039,0.0,6.858408596599475e-08
0.13931972789115646,0.0,5.511265044333413e-08
0.16253968253968254,0.0,2.9979673854541034e-08
0.18575963718820862,0.0,1.9145772967021912e-08
0.2089795918367347,0.0,3.001969162141904e-08
0.23219954648526078,0.0,1.6045305528678e-08
0.25541950113378686,0.0,1.027456164592877e-08
0.2786394557823129,0.0,1.0884832590818405e-08
0.301859410430839,0.0,2.0680090528912842e-08
0.3250793650793651,0.0,3.0784576665610075e-08
0.3482993197278912,0.0,2.0309016690589488e-08
0.37151927437641724,0.0,1.911666913656518e-08
0.3947392290249433,0.0,3.1243871490005404e-08
0.4179591836734694,0.0,7.040580385364592e-08
0.44117913832199546,0.0,5.201127351028845e-08
0.46439909297052157,0.0,4.066987457918003e-08
0.4876190476190476,0.0,4.94244977744529e-06
0.5108390022675737,254.30922,2.906370718847029e-05
0.5340589569160998,267.58093,5.918387250858359e-05
0.5572789115646258,274.5033,7.335715781664476e-05
0.5804988662131519,273.6435,6.454958929680288e-05
0.603718820861678,270.5275,6.474454130511731e-05
0.626938775510204,268.97314,7.51021143514663e-05
0.6501587301587302,270.29916,8.377933409065008e-05
0.6733786848072563,270.84753,7.936396286822855e-05
0.6965986394557824,274.08417,9.011047222884372e-05
0.7198185941043084,279.6242,9.738162043504417e-05
0.7430385487528345,291.25888,7.469537376891822e-05
0.7662585034013606,306.2832,8.747098763706163e-05
0.7894784580498866,324.39987,0.0001801623438950628
0.8126984126984127,335.0687,0.0002552751684561372
0.8359183673469388,333.7703,0.0002635954297147691
0.8591383219954649,331.06018,0.0002576014376245439
0.8823582766439909,333.2862,0.00028139466303400695
0.905578231292517,344.44263,0.0003957080189138651
0.9287981859410431,377.39816,0.0006869568605907261
0.9520181405895691,417.3036,0.0006875544786453247
0.9752380952380952,421.47415,0.0013913449365645647
0.9984580498866213,401.26404,0.0016843025805428624
1.0216780045351475,391.949,0.0014684884808957577
1.0448979591836736,393.03943,0.0014097733655944467
1.0681179138321997,398.87268,0.0012003929587081075
1.0913378684807256,410.3222,0.0005663017509505153
1.1145578231292517,435.56573,0.0002415064664091915
1.1377777777777778,480.42365,0.00048783811507746577
1.1609977324263039,527.75433,0.001178128644824028
1.18421768707483,555.4293,0.0019582067616283894
1.207437641723356,557.1916,0.0023185047321021557
1.2306575963718822,546.8966,0.0015879967249929905
1.253877551020408,542.7674,0.001408236101269722
1.2770975056689342,550.40814,0.0017320255283266306
1.3003174603174603,544.9877,0.0012609248515218496
1.3235374149659864,515.7661,0.0007443124195560813
1.3467573696145125,421.8986,0.0011693950509652495
1.3699773242630386,401.66962,0.0015819049440324306
1.3931972789115648,400.61136,0.0013332823291420937
1.4164172335600906,404.6193,0.0010405685752630234
1.4396371882086167,409.37057,0.0007891244604252279
1.4628571428571429,408.237,0.0008942156564444304
1.486077097505669,404.19788,0.001041717710904777
1.509297052154195,393.92734,0.000866602873429656
1.5325170068027212,370.1479,0.0006433785893023014
1.5557369614512473,352.63052,0.0005126927862875164
1.5789569160997732,351.45087,0.0004992961185052991
1.6021768707482993,351.8717,0.000457815796835348
1.6253968253968254,347.72623,0.0004034343874081969
1.6486167800453515,341.0089,0.0003438461571931839
1.6718367346938776,334.27048,0.00030458898982033134
1.6950566893424037,326.4493,0.00021891991491429508
1.7182766439909298,315.02432,0.00010884697985602543
1.7414965986394557,280.7278,0.00018675105820875615
1.7647165532879818,264.9451,0.000147967497468926
1.787936507936508,263.82227,0.00014629357610829175
1.811156462585034,267.689,0.0001403043424943462
1.8343764172335602,276.8147,0.00015471054939553142
1.8575963718820863,279.32834,0.00016381271416321397
1.8808163265306124,275.74466,0.00014179518620949239
1.9040362811791383,265.8746,0.0001249330525752157
1.9272562358276644,256.797,9.176904859486967e-05
1.9504761904761905,251.14757,7.530012226197869e-05
1.9736961451247166,251.6978,7.617968367412686e-05
1.9969160997732427,259.57016,0.00010750501678558066
2.020136054421769,265.74518,0.00013995687186252326
2.043356009070295,267.2993,0.0001305494224652648
2.066575963718821,263.77408,0.000110758570372127
2.089795918367347,252.2964,7.423994247801602e-05
2.1130158730158732,249.36853,6.354549987008795e-05
2.1362358276643993,253.95232,7.265918247867376e-05
2.159455782312925,263.73593,0.00011234953854000196
2.182675736961451,275.14304,0.00010469713743077591
2.2058956916099772,277.74094,9.881738515105098e-05
2.2291156462585033,267.5165,8.621418965049088e-05
2.2523356009070294,251.37494,6.568065145984292e-05
2.2755555555555556,245.36081,5.5723387049511075e-05
2.2987755102040817,249.73831,6.10411079833284e-05
2.3219954648526078,260.768,8.636145503260195e-05
2.345215419501134,270.8444,9.027671330841258e-05
2.36843537414966,275.9911,8.796698966762051e-05
2.391655328798186,267.21246,6.792494968976825e-05
2.414875283446712,254.53424,4.998231815989129e-05
2.4380952380952383,255.83383,6.938135629752651e-05
2.4613151927437644,271.80597,8.211133535951376e-05
2.48453514739229,283.74747,3.948692756239325e-05
2.507755102040816,0.0,1.948238605109509e-06
2.5309750566893423,0.0,1.3522003428079188e-07
2.5541950113378684,0.0,8.321512723341584e-08
2.5774149659863945,0.0,1.5726072888355702e-08
2.6006349206349206,0.0,1.9872459233738482e-08
2.6238548752834467,0.0,2.6951965992338955e-08
2.647074829931973,0.0,1.4304532669484615e-08
2.670294784580499,0.0,2.525121090002358e-08
2.693514739229025,0.0,1.706757757347077e-08
2.716734693877551,0.0,2.7129317459184676e-08
2.7399546485260773,0.0,2.2866515791974962e-08
2.7631746031746034,0.0,1.3706085155718029e-08
2.7863945578231295,0.0,1.0054463928099722e-08
2.809614512471655,0.0,2.8262547857593745e-08
2.8328344671201813,0.0,4.371304385131225e-08
2.8560544217687074,0.0,2.193155523855239e-08
2.8792743764172335,0.0,1.83936208486557e-08
2.9024943310657596,0.0,1.3841599866282195e-08
2.9257142857142857,0.0,2.0895640773233026e-08
2.948934240362812,0.0,1.743319444358349e-08
2.972154195011338,0.0,3.947025106754154e-08
2.995374149659864,0.0,2.588149072835222e-08
3.01859410430839,0.0,1.2516466085799038e-08
3.0418140589569163,0.0,1.7804268281906843e-08
3.0650340136054424,0.0,1.4791112334933132e-08
3.0882539682539685,0.0,1.33677531266585e-08
3.1114739229024946,0.0,1.9482286006677896e-08
3.1346938775510207,0.0,3.019067662535235e-08
3.1579138321995464,0.0,2.9058355721645057e-08
3.1811337868480725,0.0,2.321394276805222e-08
3.2043537414965986,0.0,3.820241545327008e-08
3.2275736961451247,0.0,2.823617251124233e-08
3.250793650793651,0.0,9.20590537134558e-09
