0.0,0.0,7.891503628343344e-08
0.023219954648526078,0.0,9.566338121658191e-08
0.046439909297052155,0.0,1.984662958420813e-07
0.06965986394557823,0.0,2.1050254872534424e-07
0.09287981859410431,0.0,7.066046237014234e-08
0.11609977324263039,0.0,6.865320756332949e-08
0.13931972789115646,0.0,1.0453550203237683e-07
0.16253968253968254,0.0,1.6810463421279564e-07
0.18575963718820862,0.0,7.63529897085391e-08
0.2089795918367347,0.0,2.3218854039441794e-07
0.23219954648526078,0.0,7.738890417385846e-08
0.25541950113378686,0.0,1.1671636457322165e-07
0.2786394557823129,0.0,1.4971737982705235e-07
0.301859410430839,0.0,1.7140791896963492e-07
0.3250793650793651,0.0,1.013513610814698e-07
0.3482993197278912,0.0,9.558243618812412e-08
0.37151927437641724,0.0,8.459119271719828e-08
0.3947392290249433,0.0,7.123071554815397e-08
0.4179591836734694,0.0,8.343886293005198e-08
0.44117913832199546,0.0,9.080031304620206e-08
0.46439909297052157,0.0,1.0964686225634068e-07
0.4876190476190476,0.0,4.47225829702802e-08
0.5108390022675737,0.0,5.2767973102163523e-08
0.5340589569160998,0.0,2.6970155886374414e-08
0.5572789115646258,0.0,1.078860805137083e-07
0.5804988662131519,0.0,1.6225931176450104e-07
0.603718820861678,0.0,2.3784014047123492e-07
0.626938775510204,0.0,8.48058334668167e-08
0.6501587301587302,0.0,1.4711531548528e-07
0.6733786848072563,260.4093,0.00011185968469362706
0.6965986394557824,239.07156,0.00045581976883113384
0.7198185941043084,244.611,0.0008796826587058604
0.7430385487528345,249.78023,0.0009126741206273437
0.7662585034013606,248.02606,0.000488230143673718
0.7894784580498866,247.25449,0.0001780433376552537
0.8126984126984127,0.0,9.826283530856017e-06
0.8359183673469388,0.0,3.1172648959909566e-06
0.8591383219954649,0.0,6.838236004114151e-07
0.8823582766439909,0.0,7.796846148266923e-06
0.905578231292517,316.9502,0.0009572944836691022
0.9287981859410431,318.24106,0.0014571503270417452
0.9520181405895691,326.0164,0.0013633270282298326
0.9752380952380952,326.87546,0.0005219501908868551
0.9984580498866213,335.38394,3.2537966035306454e-05
1.0216780045351475,0.0,8.587849151808769e-07
1.0448979591836736,0.0,4.7294452087953687e-07
1.0681179138321997,0.0,3.7223526305751875e-07
1.0913378684807256,0.0,5.181564119993709e-07
1.1145578231292517,389.87643,0.0014473388437181711
1.1377777777777778,390.2121,0.0028366963379085064
1.1609977324263039,394.31134,0.00354017480276525
1.18421768707483,393.5125,0.0021069454960525036
1.207437641723356,392.9855,0.0003822571597993374
1.2306575963718822,0.0,4.433550202520564e-06
1.253877551020408,0.0,1.0692028808989562e-06
1.2770975056689342,0.0,5.851752575836144e-07
1.3003174603174603,0.0,2.7974965632893145e-07
1.3235374149659864,485.1364,0.0002817687054630369
1.3467573696145125,485.1304,0.0021553724072873592
1.3699773242630386,492.44565,0.004645053297281265
1.3931972789115648,497.9288,0.004452426917850971
1.4164172335600906,494.3191,0.0021988684311509132
1.4396371882086167,496.572,0.00034547888208180666
1.4628571428571429,0.0,1.2433874871931039e-06
1.486077097505669,0.0,2.582601155154407e-07
1.509297052154195,0.0,1.3413864508038387e-07
1.5325170068027212,0.0,9.132509148912504e-08
1.5557369614512473,403.16898,0.0004895076854154468
1.5789569160997732,395.47815,0.003339762333780527
1.6021768707482993,399.52557,0.00620429590344429
1.6253968253968254,404.40308,0.00551870372146368
1.6486167800453515,402.73926,0.0019465195946395397
1.6718367346938776,395.59708,8.048005111049861e-05
1.6950566893424037,0.0,3.241038939449936e-06
1.7182766439909298,0.0,4.100720616406761e-07
1.7414965986394557,0.0,8.59308784129098e-08
1.7647165532879818,0.0,1.2577038432937115e-07
1.787936507936508,325.9979,0.00019616223289631307
1.811156462585034,332.98828,0.001705541624687612
1.8343764172335602,340.68613,0.004191931337118149
1.8575963718820863,347.57648,0.0056242914870381355
1.8808163265306124,347.44305,0.004400231875479221
1.9040362811791383,343.01038,0.0025768005289137363
1.9272562358276644,338.8106,0.000987354083918035
1.9504761904761905,341.45743,0.00013695948291569948
1.9736961451247166,0.0,8.786782927927561e-07
1.9969160997732427,0.0,9.742689144331962e-08
2.020136054421769,0.0,3.9211045077536255e-08
2.043356009070295,0.0,1.7152160580735654e-08
2.066575963718821,0.0,9.281939128413796e-08
2.089795918367347,273.51923,0.00022943595831748098
2.1130158730158732,266.40002,0.0012793720234185457
2.1362358276643993,275.8549,0.002137196948751807
2.159455782312925,282.25812,0.002075576689094305
2.182675736961451,273.12885,0.0013093944871798158
2.2058956916099772,247.90071,0.00045854318886995316
2.2291156462585033,228.96173,0.0003184385714121163
2.2523356009070294,236.9439,0.000496616237796843
2.2755555555555556,252.55177,0.0007268476765602827
2.2987755102040817,270.6957,0.0007741645677015185
2.3219954648526078,275.01617,0.0005022380501031876
2.345215419501134,264.66315,2.050818147836253e-05
2.36843537414966,0.0,1.968209289771039e-06
2.391655328798186,0.0,1.1479332897579297e-06
2.414875283446712,0.0,2.95916834147647e-07
2.4380952380952383,0.0,1.9652907212730497e-07
2.4613151927437644,0.0,6.951177056180313e-08
2.48453514739229,0.0,1.6364992916351184e-07
2.507755102040816,0.0,2.580081854830496e-07
2.5309750566893423,0.0,4.0031500248005614e-07
2.5541950113378684,0.0,1.9009712559636682e-07
2.5774149659863945,0.0,1.9538128981366754e-07
2.6006349206349206,0.0,6.659502105321735e-08
2.6238548752834467,0.0,5.4529664339497685e-08
2.647074829931973,0.0,1.9675735529744998e-07
2.670294784580499,0.0,1.0770691005745903e-07
2.693514739229025,0.0,1.3831959222443402e-07
2.716734693877551,0.0,9.681480150902644e-08
2.7399546485260773,0.0,3.68308974429965e-08
2.7631746031746034,0.0,6.040318112354726e-08
2.7863945578231295,0.0,1.3530916476156563e-07
2.809614512471655,0.0,9.11886672838591e-08
2.8328344671201813,0.0,6.251957529457286e-08
2.8560544217687074,0.0,3.936474968213588e-08
2.8792743764172335,0.0,3.747845767065883e-08
2.9024943310657596,0.0,3.4648110158741474e-08
2.9257142857142857,0.0,3.8809957914054394e-08
2.948934240362812,0.0,7.569633453385904e-08
2.972154195011338,0.0,6.0868842410855e-08
2.995374149659864,0.0,7.112248567864299e-08
3.01859410430839,0.0,6.76182025927119e-08
3.0418140589569163,0.0,3.247259883210063e-08
3.0650340136054424,0.0,2.9958755476400256e-09
