0.0,0.0,2.3684151528868824e-08
0.023219954648526078,0.0,2.5054760044440627e-08
0.046439909297052155,0.0,4.5503838919103146e-08
0.06965986394557823,0.0,4.559751687338576e-08
0.09287981859410431,0.0,5.351557774702087e-08
0.11609977324263039,0.0,3.553486749297008e-08
0.13931972789115646,0.0,7.651487976545468e-08
0.16253968253968254,0.0,4.639059625333175e-08
0.18575963718820862,0.0,1.2611053534783423e-08
0.2089795918367347,0.0,3.147215466015041e-08
0.23219954648526078,0.0,1.8329046724829823e-08
0.25541950113378686,0.0,1.9534127204678953e-08
0.2786394557823129,0.0,2.8684553399216384e-08
0.301859410430839,0.0,2.233173290733248e-08
0.3250793650793651,0.0,7.077505870256573e-08
0.3482993197278912,0.0,6.227401172509417e-08
0.37151927437641724,0.0,1.2328200682532042e-08
0.3947392290249433,0.0,1.615080691408366e-08
0.4179591836734694,0.0,2.655906428117305e-08
0.44117913832199546,0.0,4.149569576838985e-08
0.46439909297052157,0.0,2.1510459191631526e-08
0.4876190476190476,0.0,1.8125319911632687e-08
0.5108390022675737,0.0,1.6013473214115947e-08
0.5340589569160998,0.0,2.660817699506879e-08
0.5572789115646258,0.0,2.2043423086870462e-08
0.5804988662131519,0.0,1.8098944565281272e-08
0.603718820861678,0.0,5.011679604649544e-08
0.626938775510204,0.0,6.309983291430399e-08
0.6501587301587302,0.0,7.54525899537839e-08
0.6733786848072563,0.0,6.933714757906273e-08
0.6965986394557824,266.31592,0.0001339027367066592
0.7198185941043084,249.3,0.0005916847148910165
0.7430385487528345,255.08392,0.0008864918490871787
0.7662585034013606,248.66693,0.0007344407495111227
0.7894784580498866,244.86589,0.0007034103618934751
0.8126984126984127,247.28,0.0007395895663648844
0.8359183673469388,254.81831,0.0009682780946604908
0.8591383219954649,273.22052,0.0015035145916044712
0.8823582766439909,297.959,0.0022165952250361443
0.905578231292517,313.24667,0.0021483423188328743
0.9287981859410431,313.82242,0.0023213429376482964
0.9520181405895691,300.38797,0.0019899706821888685
0.9752380952380952,294.73004,0.0021909421775490046
0.9984580498866213,303.65683,0.0018837919924408197
1.0216780045351475,321.18353,0.002618262078613043
1.0448979591836736,342.73517,0.004434743896126747
1.0681179138321997,350.9633,0.00551669392734766
1.0913378684807256,346.34442,0.005230586975812912
1.1145578231292517,331.78537,0.003664106596261263
1.1377777777777778,329.23758,0.0037902407348155975
1.1609977324263039,344.69302,0.005287976935505867
1.18421768707483,367.97086,0.006449478212743998
1.207437641723356,381.6955,0.006057138554751873
1.2306575963718822,381.70636,0.006059626117348671
1.253877551020408,367.68137,0.0071419719606637955
1.2770975056689342,348.93073,0.006261742208153009
1.3003174603174603,351.07413,0.007312249392271042
1.3235374149659864,377.9772,0.006395947188138962
1.3467573696145125,406.3708,0.007650404702872038
1.3699773242630386,418.51642,0.007470297627151012
1.3931972789115648,414.35233,0.008678821846842766
1.4164172335600906,398.5828,0.008265161886811256
1.4396371882086167,390.74585,0.008145259693264961
1.4628571428571429,408.67053,0.009226827882230282
1.486077097505669,438.49683,0.007611160632222891
1.509297052154195,458.56027,0.006937121041119099
1.5325170068027212,460.1372,0.0076303910464048386
1.5557369614512473,445.10898,0.012442236766219139
1.5789569160997732,432.6359,0.014156847260892391
1.6021768707482993,447.69202,0.012431694194674492
1.6253968253968254,479.42142,0.01199271623045206
1.6486167800453515,506.8969,0.022521760314702988
1.6718367346938776,521.0635,0.033009521663188934
1.6950566893424037,502.49847,0.019389275461435318
1.7182766439909298,471.4826,0.02007359080016613
1.7414965986394557,480.01944,0.02547721192240715
1.7647165532879818,512.1627,0.042279202491045
1.787936507936508,537.06726,0.04346742108464241
1.811156462585034,548.42737,0.03874081373214722
1.8343764172335602,535.58795,0.04951180890202522
1.8575963718820863,514.66394,0.049502987414598465
1.8808163265306124,517.5763,0.06334912031888962
1.9040362811791383,544.09045,0.056242942810058594
1.9272562358276644,591.0364,0.06732936948537827
1.9504761904761905,613.2145,0.08335702121257782
1.9736961451247166,599.541,0.05643808841705322
1.9969160997732427,554.83484,0.06909612566232681
2.020136054421769,511.8158,0.06206316873431206
2.043356009070295,497.2239,0.05910664051771164
2.066575963718821,517.3454,0.07454615086317062
2.089795918367347,539.84607,0.05299806594848633
2.1130158730158732,552.1036,0.04596538841724396
2.1362358276643993,538.61896,0.055792585015296936
2.159455782312925,511.093,0.03594758361577988
2.182675736961451,477.24762,0.029269015416502953
2.2058956916099772,479.4351,0.02844809554517269
2.2291156462585033,504.9964,0.031208477914333344
2.2523356009070294,519.5558,0.035588450729846954
2.2755555555555556,513.95105,0.024149572476744652
2.2987755102040817,483.78345,0.019954830408096313
2.3219954648526078,442.52356,0.024690981954336166
2.345215419501134,424.3472,0.021652214229106903
2.36843537414966,436.92737,0.01861603930592537
2.391655328798186,454.39905,0.012550191953778267
2.414875283446712,460.78214,0.009707828052341938
2.4380952380952383,448.007,0.012240106239914894
2.4613151927437644,426.28766,0.012473766691982746
2.48453514739229,400.43698,0.011286230757832527
2.507755102040816,397.3375,0.0103292316198349
2.5309750566893423,410.02402,0.009159265086054802
2.5541950113378684,419.8463,0.00716340821236372
2.5774149659863945,415.64804,0.007053340785205364
2.6006349206349206,398.66968,0.006353347096592188
2.6238548752834467,370.52316,0.006248216610401869
2.647074829931973,356.21643,0.006489774212241173
2.670294784580499,363.05045,0.005648944992572069
2.693514739229025,378.2655,0.005320741795003414
2.716734693877551,385.2019,0.004122973419725895
2.7399546485260773,378.45016,0.00404217978939414
2.7631746031746034,358.37482,0.0034287991002202034
2.7863945578231295,328.36908,0.0023586656898260117
2.809614512471655,318.35974,0.002020819578319788
2.8328344671201813,321.62698,0.0019124955870211124
2.8560544217687074,335.16928,0.0018551095854490995
2.8792743764172335,337.04987,0.0018909352365881205
2.9024943310657596,324.65848,0.0017450889572501183
2.9257142857142857,302.263,0.002093300689011812
2.948934240362812,284.8282,0.0023017788771539927
2.972154195011338,282.09283,0.001762386760674417
2.995374149659864,286.4273,0.0014140235725790262
3.01859410430839,293.8915,0.0014934900682419538
3.0418140589569163,292.44662,0.00165303994435817
3.0650340136054424,280.97687,0.0016576710622757673
3.0882539682539685,264.92203,0.0014833423774689436
3.1114739229024946,257.03488,0.001184601685963571
3.1346938775510207,262.5042,0.0012466047191992402
3.1579138321995464,273.02866,0.001603223499841988
3.1811337868480725,278.29388,0.0015341242542490363
3.2043537414965986,271.37357,0.0013725580647587776
3.2275736961451247,256.56512,0.0009813769720494747
3.250793650793651,246.29291,0.0008401855011470616
3.274013605442177,249.30779,0.0009074514964595437
3.297233560090703,262.52847,0.000748425314668566
3.320453514739229,276.50153,0.0005548019544221461
3.3436734693877552,272.26865,6.871732330182567e-05
3.3668934240362813,267.06622,1.2506783605203964e-05
3.3901133786848074,0.0,6.050412594049703e-06
3.4133333333333336,0.0,5.722458809032105e-06
3.4365532879818597,0.0,6.148393367766403e-07
3.4597732426303858,0.0,9.409677659277804e-07
3.4829931972789114,0.0,6.158225005492568e-07
3.5062131519274375,0.0,2.1271262085065246e-07
3.5294331065759637,0.0,1.9074832380283624e-08
3.5526530612244898,0.0,2.0467268768697977e-08
3.575873015873016,0.0,1.877197064459324e-08
3.599092970521542,0.0,2.159595169359818e-08
3.622312925170068,0.0,9.21027094591409e-08
3.645532879818594,0.0,1.0044277587439865e-07
3.6687528344671203,0.0,5.737092578783631e-08
3.6919727891156464,0.0,1.4154284144751728e-07
3.7151927437641725,0.0,7.47841113479808e-08
3.7384126984126986,0.0,3.766945155803114e-08
3.7616326530612247,0.0,1.5009663911769167e-07
3.784852607709751,0.0,1.3819862942909822e-07
3.8080725623582765,0.0,1.1544943845365196e-07
3.8312925170068026,0.0,5.4579686548095196e-08
3.8545124716553287,0.0,3.5794073482975364e-08
3.877732426303855,0.0,2.9070179152768105e-08
3.900952380952381,0.0,4.349203663878143e-08
3.924172335600907,0.0,4.544563125818968e-08
3.947392290249433,0.0,4.553385224426165e-08
3.9706122448979593,0.0,9.085670171771199e-08
3.9938321995464854,0.0,3.813693183474243e-08
4.017052154195011,0.0,2.6253474061377347e-08
4.040272108843538,0.0,4.9733898777049035e-08
4.063492063492063,0.0,4.9870322982314974e-08
4.08671201814059,0.0,4.111643647775054e-08
4.1099319727891155,0.0,4.534467734629288e-08
4.133151927437642,0.0,2.9535840440075845e-08
