0.0,0.0,3.152053977828473e-07
0.023219954648526078,0.0,2.548258635215461e-07
0.046439909297052155,0.0,1.6267858882201836e-07
0.06965986394557823,0.0,6.310710887191817e-08
0.09287981859410431,0.0,3.6487108445726335e-08
0.11609977324263039,0.0,3.8568032323382795e-08
0.13931972789115646,0.0,4.3137788452440873e-07
0.16253968253968254,0.0,1.7776437744032592e-07
0.18575963718820862,277.3023,1.9604971384978853e-05
0.2089795918367347,241.57451,0.0003543966740835458
0.23219954648526078,249.62096,0.0009279932710342109
0.25541950113378686,258.94778,0.001929944846779108
0.2786394557823129,262.675,0.0027320159133523703
0.301859410430839,263.08975,0.003100757719948888
0.3250793650793651,263.7267,0.003055504523217678
0.3482993197278912,266.7566,0.0027731640730053186
0.37151927437641724,271.19736,0.0022944114170968533
0.3947392290249433,276.9394,0.001621460192836821
0.4179591836734694,287.99582,0.0014357917243614793
0.44117913832199546,306.36206,0.0028045442886650562
0.46439909297052157,324.8405,0.004115393850952387
0.4876190476190476,334.06985,0.006190058309584856
0.5108390022675737,335.89777,0.0065642064437270164
0.5340589569160998,328.28528,0.005215715616941452
0.5572789115646258,321.2354,0.005649246275424957
0.5804988662131519,323.11572,0.005024389363825321
0.603718820861678,331.6824,0.0036548818461596966
0.626938775510204,338.81122,0.0026014624163508415
0.6501587301587302,360.86224,0.0036372076719999313
0.6733786848072563,388.90176,0.00418095150962472
0.6965986394557824,409.99606,0.0036940164864063263
0.7198185941043084,420.4201,0.004191182553768158
0.7430385487528345,416.4805,0.005553704686462879
0.7662585034013606,412.4586,0.00663570174947381
0.7894784580498866,412.55396,0.005668791010975838
0.8126984126984127,411.73895,0.0045356061309576035
0.8359183673469388,411.33765,0.003363635390996933
0.8591383219954649,438.3356,0.005100974813103676
0.8823582766439909,489.29657,0.008294428698718548
0.905578231292517,528.83124,0.012547618709504604
0.9287981859410431,525.0573,0.014185314998030663
0.9520181405895691,516.58185,0.015462031587958336
0.9752380952380952,519.2677,0.015056055039167404
0.9984580498866213,524.74493,0.014562347903847694
1.0216780045351475,520.1286,0.01407224778085947
1.0448979591836736,504.32025,0.009514326229691505
1.0681179138321997,459.0796,0.010763164609670639
1.0913378684807256,401.81808,0.010228639468550682
1.1145578231292517,380.6443,0.008466513827443123
1.1377777777777778,381.41177,0.008026566356420517
1.1609977324263039,383.562,0.008159798569977283
1.18421768707483,382.24084,0.008199229836463928
1.207437641723356,385.2515,0.006999170407652855
1.2306575963718822,396.2631,0.0054629151709377766
1.253877551020408,405.64886,0.004854322411119938
1.2770975056689342,412.1766,0.004602160770446062
1.3003174603174603,405.72968,0.0052574267610907555
1.3235374149659864,380.18417,0.0075280191376805305
1.3467573696145125,348.46432,0.005697203800082207
1.3699773242630386,326.0282,0.004733874928206205
1.3931972789115648,325.27957,0.004394568037241697
1.4164172335600906,324.29068,0.0042242491617798805
1.4396371882086167,326.49118,0.003832118585705757
1.4628571428571429,327.90717,0.0035517446231096983
1.486077097505669,323.22952,0.003533467650413513
1.509297052154195,314.19727,0.003912912216037512
1.5325170068027212,292.709,0.0027016832027584314
1.5557369614512473,269.48395,0.0018152089323848486
1.5789569160997732,261.6534,0.0018369286553934216
1.6021768707482993,264.1412,0.0020548508036881685
1.6253968253968254,270.1249,0.002258188556879759
1.6486167800453515,273.49152,0.0023266333155333996
1.6718367346938776,272.8161,0.002085990272462368
1.6950566893424037,266.81717,0.001688220538198948
1.7182766439909298,259.72614,0.001339348265901208
1.7414965986394557,255.4481,0.0009531141258776188
1.7647165532879818,256.04614,0.0010367745999246836
1.787936507936508,264.22787,0.0013753484236076474
1.811156462585034,274.22876,0.0015111720422282815
1.8343764172335602,278.3111,0.0015053974930197
1.8575963718820863,271.73187,0.0009982887422665954
1.8808163265306124,257.09683,0.000603563035838306
1.9040362811791383,249.31973,0.00047617527889087796
1.9272562358276644,258.454,0.0007554669864475727
1.9504761904761905,271.78824,0.000808997661806643
1.9736961451247166,281.36975,0.0003368980251252651
1.9969160997732427,274.39447,2.0567684259731323e-05
2.020136054421769,0.0,2.4976261556730606e-06
2.043356009070295,297.35788,4.243065632181242e-05
2.066575963718821,46.469784,6.387884786818177e-05
2.089795918367347,44.198208,2.5205716156051494e-05
2.1130158730158732,0.0,5.7647002904559486e-06
2.1362358276643993,0.0,3.2486714189872146e-06
2.159455782312925,0.0,8.492979759466834e-07
2.182675736961451,0.0,2.499955371604301e-07
2.2058956916099772,0.0,3.956301952712238e-08
2.2291156462585033,0.0,2.709730324568227e-07
2.2523356009070294,0.0,5.255405994830653e-07
2.2755555555555556,0.0,2.822343958541751e-07
2.2987755102040817,0.0,2.1051528165116906e-07
2.3219954648526078,0.0,4.090115908184089e-07
2.345215419501134,0.0,2.1617688616970554e-07
