0.0,0.0,7.472172001143917e-07
0.023219954648526078,0.0,7.967055353219621e-07
0.046439909297052155,0.0,1.0569328878773376e-06
0.06965986394557823,0.0,1.4030019883648492e-06
0.09287981859410431,0.0,1.393350430589635e-06
0.11609977324263039,0.0,1.4594652384403162e-06
0.13931972789115646,0.0,3.53973973687971e-06
0.16253968253968254,347.11774,0.0003242597449570894
0.18575963718820862,355.07352,0.0023906100541353226
0.2089795918367347,354.5312,0.003225329564884305
0.23219954648526078,350.35825,0.0034325318410992622
0.25541950113378686,348.97076,0.0035206470638513565
0.2786394557823129,353.67667,0.004293295554816723
0.301859410430839,358.00208,0.00511766504496336
0.3250793650793651,355.90146,0.005698868073523045
0.3482993197278912,351.51474,0.006148697808384895
0.37151927437641724,347.14102,0.00608124490827322
0.3947392290249433,347.46533,0.006514711305499077
0.4179591836734694,355.0745,0.006605619564652443
0.44117913832199546,369.694,0.00807963777333498
0.46439909297052157,401.74164,0.03357621654868126
0.4876190476190476,427.5615,0.03353433310985565
0.5108390022675737,444.2753,0.01936371996998787
0.5340589569160998,442.86404,0.03273632004857063
0.5572789115646258,436.73883,0.04324762523174286
0.5804988662131519,433.8511,0.04537700116634369
0.603718820861678,432.92123,0.0497981533408165
0.626938775510204,433.51892,0.061322323977947235
0.6501587301587302,433.19797,0.0510985441505909
0.6733786848072563,439.8406,0.014497721567749977
0.6965986394557824,495.98254,0.02092200703918934
0.7198185941043084,544.5142,0.03877292200922966
0.7430385487528345,561.1718,0.05025023594498634
0.7662585034013606,551.3648,0.03632095456123352
0.7894784580498866,532.0757,0.03126883879303932
0.8126984126984127,526.1677,0.03439701348543167
0.8359183673469388,537.7532,0.04618886858224869
0.8591383219954649,547.5036,0.041691072285175323
0.8823582766439909,547.2362,0.026905197650194168
0.905578231292517,586.74963,0.19019737839698792
0.9287981859410431,648.62946,0.3057367503643036
0.9520181405895691,713.3549,0.22329963743686676
0.9752380952380952,743.5155,0.29815560579299927
0.9984580498866213,728.68134,0.4304678738117218
1.0216780045351475,716.10846,0.5043995976448059
1.0448979591836736,719.2091,0.5348607897758484
1.0681179138321997,729.1163,0.5674384832382202
1.0913378684807256,729.534,0.5881960988044739
1.1145578231292517,722.18805,0.5683684945106506
1.1377777777777778,706.22974,0.6023918390274048
1.1609977324263039,681.9213,0.5526497960090637
1.18421768707483,638.02985,0.13637284934520721
1.207437641723356,565.03253,0.0723988264799118
1.2306575963718822,537.7105,0.04212968051433563
1.253877551020408,525.9965,0.03690078482031822
1.2770975056689342,518.63824,0.030126046389341354
1.3003174603174603,514.44977,0.026362339034676552
1.3235374149659864,511.0072,0.023408392444252968
1.3467573696145125,508.66675,0.020698178559541702
1.3699773242630386,509.0461,0.021872038021683693
1.3931972789115648,513.9447,0.029658673331141472
1.4164172335600906,519.29175,0.033483341336250305
1.4396371882086167,514.08514,0.022765694186091423
1.4628571428571429,489.74792,0.015602285973727703
1.486077097505669,450.96985,0.03646625578403473
1.509297052154195,434.909,0.05369478464126587
1.5325170068027212,433.02762,0.04461875185370445
1.5557369614512473,439.77875,0.03583710640668869
1.5789569160997732,440.31888,0.04220090061426163
1.6021768707482993,436.56107,0.050599806010723114
1.6253968253968254,434.9331,0.051299940794706345
1.6486167800453515,433.88794,0.05230320617556572
1.6718367346938776,435.9621,0.04657325893640518
1.6950566893424037,438.29913,0.047885239124298096
1.7182766439909298,437.18988,0.053260840475559235
1.7414965986394557,432.07437,0.04196201264858246
1.7647165532879818,411.0073,0.010671965777873993
1.787936507936508,357.20923,0.0050403038039803505
1.811156462585034,318.91818,0.003326276782900095
1.8343764172335602,324.1371,0.002974198665469885
1.8575963718820863,342.15924,0.0038217175751924515
1.8808163265306124,357.1727,0.004070114344358444
1.9040362811791383,362.34485,0.003901228541508317
1.9272562358276644,358.70538,0.004643045365810394
1.9504761904761905,353.29355,0.005600960459560156
1.9736961451247166,349.61566,0.005475291050970554
1.9969160997732427,344.61227,0.00353434169664979
2.020136054421769,340.5411,0.0019076416501775384
2.043356009070295,339.69418,0.0017459625378251076
2.066575963718821,348.28598,0.003069292288273573
2.089795918367347,358.07343,0.0031512354034930468
2.1130158730158732,360.33087,0.00323663791641593
2.1362358276643993,353.11215,0.002851909026503563
2.159455782312925,340.30682,0.001446387148462236
2.182675736961451,318.6469,0.001324784941971302
2.2058956916099772,309.0893,0.0010827911319211125
2.2291156462585033,310.2623,0.00043469329830259085
2.2523356009070294,331.90204,0.00038500025402754545
2.2755555555555556,361.35538,0.0005080508999526501
2.2987755102040817,370.4737,0.00044855952728539705
2.3219954648526078,353.44244,0.0003269609296694398
2.345215419501134,326.18417,0.0002728060935623944
2.36843537414966,322.4377,0.00014041224494576454
2.391655328798186,347.64078,2.2343154341797344e-05
2.414875283446712,0.0,8.607685231254436e-07
2.4380952380952383,0.0,9.098966984311119e-07
2.4613151927437644,0.0,1.7664515326032415e-06
2.48453514739229,0.0,1.927038283611182e-06
2.507755102040816,0.0,3.013705281773582e-06
2.5309750566893423,0.0,1.1401425581425428e-06
2.5541950113378684,0.0,6.124846549937502e-07
2.5774149659863945,0.0,6.983373168623075e-08
