0.0,0.0,4.4450371206039563e-07
0.023219954648526078,0.0,2.723900252021849e-07
0.046439909297052155,0.0,1.900007191579789e-07
0.06965986394557823,0.0,1.9851449906127527e-07
0.09287981859410431,0.0,2.371416485402733e-07
0.11609977324263039,0.0,1.621465344214812e-07
0.13931972789115646,0.0,6.167920219013467e-08
0.16253968253968254,0.0,9.711675375001505e-08
0.18575963718820862,0.0,1.0306303011020645e-07
0.2089795918367347,0.0,4.323492248659022e-07
0.23219954648526078,354.60083,0.0004241896385792643
0.25541950113378686,338.60104,0.0010753541719168425
0.2786394557823129,345.51663,0.001924789510667324
0.301859410430839,349.51712,0.002727112965658307
0.3250793650793651,350.34256,0.003316494170576334
0.3482993197278912,349.40594,0.0035081161186099052
0.37151927437641724,348.9314,0.0033825256396085024
0.3947392290249433,351.0473,0.003587063867598772
0.4179591836734694,365.19208,0.004155970178544521
0.44117913832199546,401.24088,0.009604910388588905
0.46439909297052157,437.08737,0.011728746816515923
0.4876190476190476,456.79688,0.018230006098747253
0.5108390022675737,459.75394,0.01410195417702198
0.5340589569160998,455.50098,0.015062161721289158
0.5572789115646258,456.29834,0.015344765037298203
0.5804988662131519,473.7508,0.018759572878479958
0.603718820861678,498.4886,0.051673613488674164
0.626938775510204,531.02655,0.07810255885124207
0.6501587301587302,545.1958,0.07061497867107391
0.6733786848072563,543.7298,0.07206620275974274
0.6965986394557824,531.4036,0.0763714537024498
0.7198185941043084,525.54565,0.08611024916172028
0.7430385487528345,532.6849,0.09947628527879715
0.7662585034013606,560.05695,0.14271658658981323
0.7894784580498866,596.1485,0.18812397122383118
0.8126984126984127,645.98615,0.09952840954065323
0.8359183673469388,691.52167,0.08886389434337616
0.8591383219954649,716.4885,0.16887126863002777
0.8823582766439909,723.43536,0.20984119176864624
0.905578231292517,721.2725,0.23759807646274567
0.9287981859410431,720.88324,0.2591260075569153
0.9520181405895691,715.6577,0.2273460030555725
0.9752380952380952,689.74756,0.20319533348083496
0.9984580498866213,620.9885,0.13368681073188782
1.0216780045351475,558.8309,0.09722551703453064
1.0448979591836736,555.95544,0.12106506526470184
1.0681179138321997,561.67413,0.11802719533443451
1.0913378684807256,556.6249,0.10944288969039917
1.1145578231292517,539.0288,0.08650872111320496
1.1377777777777778,504.34433,0.028601229190826416
1.1609977324263039,445.11844,0.0184246264398098
1.18421768707483,423.1361,0.017034608870744705
1.207437641723356,431.5428,0.012947570532560349
1.2306575963718822,437.09094,0.013324125669896603
1.253877551020408,438.365,0.014695810154080391
1.2770975056689342,446.59335,0.021798990666866302
1.3003174603174603,449.76566,0.02201838046312332
1.3235374149659864,441.6327,0.014927434735000134
1.3467573696145125,413.7451,0.013457917608320713
1.3699773242630386,370.39038,0.0036895866505801678
1.3931972789115648,335.27478,0.003941510803997517
1.4164172335600906,348.31052,0.007721439003944397
1.4396371882086167,352.10956,0.008506322279572487
1.4628571428571429,348.18982,0.007553186733275652
1.486077097505669,344.67645,0.006609339267015457
1.509297052154195,343.70084,0.004850269295275211
1.5325170068027212,339.4951,0.0032719536684453487
1.5557369614512473,336.08072,0.0031146612018346786
1.5789569160997732,345.83423,0.005537359043955803
1.6021768707482993,361.7553,0.007632974535226822
1.6253968253968254,365.9162,0.007593712769448757
1.6486167800453515,356.12137,0.005306749138981104
1.6718367346938776,343.1079,0.0031973961740732193
1.6950566893424037,330.15866,0.0024470363277941942
1.7182766439909298,331.70364,0.002988068852573633
1.7414965986394557,349.09586,0.005130816251039505
1.7647165532879818,368.71933,0.006593231577426195
1.787936507936508,367.49347,0.006720602512359619
1.811156462585034,349.65387,0.00271468423306942
1.8343764172335602,326.93427,0.0015847411705181003
1.8575963718820863,342.59528,0.0037413169629871845
1.8808163265306124,367.9129,0.002973682712763548
1.9040362811791383,360.42346,0.00017381880024913698
1.9272562358276644,351.78842,2.0787374523933977e-05
1.9504761904761905,0.0,4.4695325414068066e-06
1.9736961451247166,1224.38,1.183686799777206e-05
1.9969160997732427,0.0,3.5817092793877237e-06
2.020136054421769,0.0,0.000279121333733201
2.043356009070295,43.488052,0.0004102434904780239
2.066575963718821,0.0,0.00011141888535348698
2.089795918367347,43.76416,0.0001311742526013404
2.1130158730158732,43.453323,4.8210087697952986e-05
2.1362358276643993,22849.299,1.3040906196692958e-05
2.159455782312925,0.0,1.217625140270684e-06
2.182675736961451,0.0,2.273959580634255e-06
2.2058956916099772,0.0,2.4880773707991466e-06
2.2291156462585033,0.0,1.0037701940746047e-06
2.2523356009070294,0.0,7.476401151507162e-07
2.2755555555555556,0.0,6.984455467318185e-07
2.2987755102040817,0.0,1.6858120943652466e-07
2.3219954648526078,0.0,4.5214892452349886e-07
2.345215419501134,0.0,4.517378329182975e-07
2.36843537414966,0.0,2.2347285266732797e-07
2.391655328798186,0.0,4.5722208596998826e-07
2.414875283446712,0.0,1.4191755326464772e-08
