0.0,0.0,5.4218617151491344e-08
0.023219954648526078,0.0,5.551646609092131e-08
0.046439909297052155,0.0,2.3737811716273427e-08
0.06965986394557823,0.0,3.7471181713044643e-08
0.09287981859410431,0.0,5.476977094076574e-08
0.11609977324263039,0.0,5.6253156799357384e-08
0.13931972789115646,0.0,7.096332410583273e-08
0.16253968253968254,0.0,3.9059159462340176e-08
0.18575963718820862,0.0,3.9981387089937925e-08
0.2089795918367347,0.0,5.764559318777174e-08
0.23219954648526078,0.0,5.160836735740304e-08
0.25541950113378686,0.0,8.141705620801076e-08
0.2786394557823129,0.0,8.97407517186366e-08
0.301859410430839,0.0,6.899517757119611e-08
0.3250793650793651,0.0,7.08532752469182e-08
0.3482993197278912,0.0,4.728281055577099e-08
0.37151927437641724,0.0,4.858702595811337e-08
0.3947392290249433,0.0,3.904187906300649e-08
0.4179591836734694,0.0,4.063167580170557e-08
0.44117913832199546,0.0,3.055083652725443e-08
0.46439909297052157,0.0,1.0324220056645572e-07
0.4876190476190476,0.0,2.8268914320506155e-08
0.5108390022675737,0.0,3.8664438761770725e-08
0.5340589569160998,0.0,1.3240514817880467e-07
0.5572789115646258,0.0,6.993741408223286e-08
0.5804988662131519,0.0,7.357084541581571e-08
0.603718820861678,0.0,9.76760929916054e-08
0.626938775510204,0.0,1.267871994059533e-07
0.6501587301587302,0.0,2.1029336494393647e-08
0.6733786848072563,0.0,3.185141395078972e-08
0.6965986394557824,0.0,4.064804670633748e-08
0.7198185941043084,0.0,8.535243978258222e-08
0.7430385487528345,0.0,3.2384377846028656e-08
0.7662585034013606,0.0,2.3877873900346458e-08
0.7894784580498866,0.0,4.762387106893584e-08
0.8126984126984127,0.0,7.135427949833684e-06
0.8359183673469388,373.7539,0.00011880135571118444
0.8591383219954649,363.27243,0.00021123206533957273
0.8823582766439909,369.23282,0.0003855018294416368
0.905578231292517,369.64297,0.00039747441769577563
0.9287981859410431,366.81583,0.00046165683306753635
0.9520181405895691,364.30063,0.0004425619263201952
0.9752380952380952,362.2064,0.0004597959923557937
0.9984580498866213,365.1967,0.0005162910092622042
1.0216780045351475,376.8726,0.00048453843919560313
1.0448979591836736,393.22897,0.0008089668699540198
1.0681179138321997,409.028,0.0011651928070932627
1.0913378684807256,418.68686,0.0013647532323375344
1.1145578231292517,417.80185,0.0012542085023596883
1.1377777777777778,409.71597,0.001195653690956533
1.1609977324263039,400.61362,0.0011951751075685024
1.18421768707483,402.02133,0.0016024120850488544
1.207437641723356,424.61716,0.0027411524206399918
1.2306575963718822,445.2525,0.0035591525956988335
1.253877551020408,455.8681,0.004028070718050003
1.2770975056689342,456.5004,0.003584486898034811
1.3003174603174603,450.36453,0.003173036267980933
1.3235374149659864,443.66513,0.0030152620747685432
1.3467573696145125,450.84036,0.0031972043216228485
1.3699773242630386,466.44095,0.0033941660076379776
1.3931972789115648,486.94394,0.003575403243303299
1.4164172335600906,493.73563,0.003671824000775814
1.4396371882086167,486.12006,0.005822863429784775
1.4628571428571429,472.02515,0.005420824512839317
1.486077097505669,465.7319,0.0047683739103376865
1.509297052154195,473.84595,0.005343751981854439
1.5325170068027212,513.538,0.005666605196893215
1.5557369614512473,538.0236,0.01093253307044506
1.5789569160997732,552.19543,0.009190378710627556
1.6021768707482993,550.8076,0.007718167267739773
1.6253968253968254,538.7489,0.006633017212152481
1.6486167800453515,525.8075,0.005868741311132908
1.6718367346938776,529.0276,0.007021390832960606
1.6950566893424037,558.51855,0.012040314264595509
1.7182766439909298,580.70593,0.0058350893668830395
1.7414965986394557,603.7273,0.0052047111093997955
1.7647165532879818,607.25104,0.005333974491804838
1.787936507936508,598.1401,0.007362601812928915
1.811156462585034,594.05493,0.006941621191799641
1.8343764172335602,605.1393,0.007785157300531864
1.8575963718820863,634.57153,0.022156301885843277
1.8808163265306124,664.26843,0.05928561091423035
1.9040362811791383,684.5315,0.06625133752822876
1.9272562358276644,690.64777,0.06358123570680618
1.9504761904761905,679.7017,0.06500167399644852
1.9736961451247166,667.8966,0.07018551230430603
1.9969160997732427,669.4156,0.09127576649188995
2.020136054421769,685.33484,0.08489949256181717
2.043356009070295,711.3378,0.07843996584415436
2.066575963718821,732.3346,0.11220849305391312
2.089795918367347,741.0986,0.09162282198667526
2.1130158730158732,736.9792,0.08633879572153091
2.1362358276643993,733.617,0.0889417827129364
2.159455782312925,742.54346,0.08915296941995621
2.182675736961451,767.189,0.09577952325344086
2.2058956916099772,796.9783,0.0931856632232666
2.2291156462585033,813.1789,0.09750241041183472
2.2523356009070294,819.1984,0.09722477197647095
2.2755555555555556,820.6503,0.10396477580070496
2.2987755102040817,817.2258,0.1034119725227356
2.3219954648526078,802.7171,0.0968467965722084
2.345215419501134,759.2183,0.14574672281742096
2.36843537414966,714.60425,0.14495357871055603
2.391655328798186,703.619,0.10802168399095535
2.414875283446712,710.84644,0.08805160969495773
2.4380952380952383,720.02704,0.09268499165773392
2.4613151927437644,721.0451,0.08888751268386841
2.48453514739229,710.2707,0.0817132443189621
2.507755102040816,685.3872,0.14967337250709534
2.5309750566893423,665.0209,0.14390429854393005
2.5541950113378684,660.24066,0.13984954357147217
2.5774149659863945,666.5726,0.15732493996620178
2.6006349206349206,670.32367,0.15243616700172424
2.6238548752834467,667.3701,0.1183609589934349
2.647074829931973,652.9335,0.033953744918107986
2.670294784580499,606.53705,0.009373579174280167
2.693514739229025,569.2139,0.01569240912795067
2.716734693877551,575.7619,0.013941626995801926
2.7399546485260773,590.66614,0.009608561173081398
2.7631746031746034,594.60706,0.008150521665811539
2.7863945578231295,588.8205,0.008542796596884727
2.809614512471655,577.6761,0.012438923120498657
2.8328344671201813,555.4576,0.006288993638008833
2.8560544217687074,526.4724,0.004934449680149555
2.8792743764172335,520.66956,0.005646347068250179
2.9024943310657596,528.22565,0.008027635514736176
2.9257142857142857,533.11224,0.007352471351623535
2.948934240362812,529.6824,0.0065262713469564915
2.972154195011338,520.1685,0.004158093594014645
2.995374149659864,504.30093,0.0037160238716751337
3.01859410430839,486.33725,0.006974140647798777
3.0418140589569163,476.59103,0.006580681540071964
3.0650340136054424,474.64563,0.00616413913667202
3.0882539682539685,475.4082,0.005662059411406517
3.1114739229024946,471.1544,0.004727190360426903
3.1346938775510207,461.96494,0.002939931582659483
3.1579138321995464,452.01697,0.002200100105255842
3.1811337868480725,441.73004,0.003025050275027752
3.2043537414965986,433.92374,0.0035899835638701916
3.2275736961451247,436.4405,0.0033260658383369446
3.250793650793651,443.44107,0.0026668556965887547
3.274013605442177,446.0726,0.0024359209928661585
3.297233560090703,442.42395,0.00260480516590178
3.320453514739229,435.77203,0.0028169299475848675
3.3436734693877552,425.28384,0.0023600130807608366
3.3668934240362813,405.65973,0.001403248286806047
3.3901133786848074,394.3909,0.0012646665563806891
3.4133333333333336,394.27695,0.0012598177418112755
3.4365532879818597,396.7415,0.0012082327157258987
3.4597732426303858,395.56726,0.0011355647584423423
3.4829931972789114,392.33755,0.0009990903781726956
3.5062131519274375,386.69525,0.0009437166154384613
3.5294331065759637,376.009,0.0007985807023942471
3.5526530612244898,359.28455,0.0005847365828230977
3.575873015873016,358.89792,0.0005995007231831551
3.599092970521542,363.41205,0.0007936754263937473
3.622312925170068,364.4534,0.0007191898766905069
3.645532879818594,360.57068,0.0005874419584870338
3.6687528344671203,354.7137,0.00037200405495241284
3.6919727891156464,349.21344,0.0003548385575413704
3.7151927437641725,348.06403,0.00037743966095149517
3.7384126984126986,353.43484,0.00033668530522845685
3.7616326530612247,364.7532,0.0007474038866348565
3.784852607709751,370.9588,0.0008486451115459204
3.8080725623582765,368.37222,0.000748588121496141
3.8312925170068026,358.83243,0.0004908699775114655
3.8545124716553287,347.03427,0.00040712434565648437
3.877732426303855,345.50848,0.00045401050010696054
3.900952380952381,355.0411,0.00041907280683517456
3.924172335600907,369.13855,0.0007926748367026448
3.947392290249433,373.12775,0.0007052076980471611
3.9706122448979593,366.63358,0.0005223295302130282
3.9938321995464854,354.8725,0.00039325456600636244
4.017052154195011,343.60648,0.00038594804937019944
4.040272108843538,334.767,0.00044273750972934067
4.063492063492063,341.058,0.0004356884164735675
4.08671201814059,352.41342,0.00034118531038984656
4.1099319727891155,365.18826,0.0005016720970161259
4.133151927437642,366.4137,0.0005041832337155938
4.156371882086168,358.61777,0.000361009209882468
4.179591836734694,347.846,0.0002884789137169719
4.20281179138322,338.12448,0.00039580135489813983
4.2260317460317465,337.32635,0.0004029043484479189
4.249251700680272,347.00815,0.0003092784318141639
4.272471655328799,361.4759,0.0004308234201744199
4.295691609977324,375.28763,0.0005803064559586346
4.31891156462585,372.78128,0.000408282910939306
4.342131519274377,354.78186,0.00033292145235463977
4.365351473922902,341.07526,0.0003825428429991007
4.388571428571429,337.70673,0.00043129664845764637
4.4117913832199545,349.39374,0.0003467260394245386
4.435011337868481,373.15866,0.0006782475975342095
4.458231292517007,371.81735,0.00048301395145244896
4.481451247165533,354.18686,0.00028616777854040265
4.504671201814059,349.30447,0.00018862530123442411
4.527891156462585,367.1994,0.00026414566673338413
4.551111111111111,374.65912,6.775867223041132e-05
4.574331065759638,0.0,3.169203409925103e-06
4.597551020408163,0.0,1.055605935107451e-06
4.62077097505669,0.0,1.275593604077585e-07
4.6439909297052155,0.0,1.1369047570042312e-07
4.667210884353741,0.0,1.8535502022132277e-08
4.690430839002268,0.0,5.8070327213499695e-08
4.713650793650793,0.0,2.128854248439893e-08
4.73687074829932,0.0,6.266509444685653e-08
4.760090702947846,0.0,2.4436303647235036e-08
4.783310657596372,0.0,5.643596523441374e-08
4.806530612244898,0.0,3.5977791412733495e-08
4.829750566893424,0.0,2.5001099857036024e-08
4.85297052154195,0.0,2.7141140890307724e-08
4.876190476190477,0.0,2.431625034660101e-08
4.899410430839002,0.0,5.6783392210491e-08
4.922630385487529,0.0,7.523613021476194e-08
4.9458503401360545,0.0,4.975663614459336e-08
4.96907029478458,0.0,5.041783879278228e-08
4.992290249433107,0.0,1.827538653742522e-08
5.015510204081632,0.0,3.3483956940472126e-08
5.038730158730159,0.0,6.850132194813341e-08
5.061950113378685,0.0,1.2285454431548715e-07
5.085170068027211,0.0,7.097969501046464e-08
5.108390022675737,0.0,3.519744495861232e-08
5.131609977324263,0.0,7.284961611730978e-08
5.154829931972789,0.0,9.447830962017179e-08
5.178049886621316,0.0,7.487324182875454e-08
5.201269841269841,0.0,4.635057848645374e-08
