0.0,0.0,3.747272785403766e-07
0.023219954648526078,0.0,5.766705726273358e-07
0.046439909297052155,0.0,4.2979172576451674e-07
0.06965986394557823,0.0,3.7965673982398584e-07
0.09287981859410431,0.0,6.404598025255837e-07
0.11609977324263039,0.0,4.214761247567367e-06
0.13931972789115646,349.34064,0.00020572103676386178
0.16253968253968254,349.28897,0.0003019117284566164
0.18575963718820862,351.83408,0.00029291881946846843
0.2089795918367347,351.67166,0.00012975493154954165
0.23219954648526078,348.65997,3.350676706759259e-05
0.25541950113378686,0.0,8.216767128033098e-06
0.2786394557823129,0.0,4.746757440443616e-06
0.301859410430839,427.1338,0.0003845451574306935
0.3250793650793651,445.5989,0.0008676275028847158
0.3482993197278912,454.56818,0.0011426976416260004
0.37151927437641724,450.6267,0.0009504241170361638
0.3947392290249433,438.84708,0.0003362468269187957
0.4179591836734694,434.31592,4.548929427983239e-05
0.44117913832199546,441.9421,5.717007297789678e-05
0.46439909297052157,499.45444,0.0006112189730629325
0.4876190476190476,538.1729,0.0010007205419242382
0.5108390022675737,556.7746,0.0005931106861680746
0.5340589569160998,552.96277,0.000359221245162189
0.5572789115646258,540.6171,0.0007068375125527382
0.5804988662131519,536.64435,4.92660838062875e-05
0.603718820861678,0.0,5.216051249590237e-06
0.626938775510204,647.73627,0.002946950728073716
0.6501587301587302,679.9891,0.023441217839717865
0.6733786848072563,701.6271,0.021430619060993195
0.6965986394557824,691.2757,0.03388620540499687
0.7198185941043084,683.15155,0.028025727719068527
0.7430385487528345,666.86957,0.0024590957909822464
0.7662585034013606,641.3873,7.496307807741687e-05
0.7894784580498866,0.0,4.819230525754392e-06
0.8126984126984127,0.0,5.1984088713652454e-06
0.8359183673469388,477.70648,0.0007588807493448257
0.8591383219954649,505.0358,0.001052621752023697
0.8823582766439909,524.10077,0.0010960366344079375
0.905578231292517,522.87756,0.0005721512716263533
0.9287981859410431,498.79962,0.000531743629835546
0.9520181405895691,476.93497,2.078951001749374e-05
0.9752380952380952,454.58054,6.18636840954423e-05
0.9984580498866213,427.38843,0.0008393976604565978
1.0216780045351475,453.4482,0.0011798994382843375
1.0448979591836736,458.07684,0.0010633525671437383
1.0681179138321997,447.53632,0.0007258664118126035
1.0913378684807256,424.64502,0.00023833235900383443
1.1145578231292517,0.0,5.286198756948579e-06
1.1377777777777778,0.0,1.6956300896708854e-06
1.1609977324263039,346.0274,7.403588097076863e-05
1.18421768707483,352.2028,0.00030822446569800377
1.207437641723356,358.72092,0.0003494968987070024
1.2306575963718822,363.71066,0.0005397176137194037
1.253877551020408,359.48297,0.0005065990844741464
1.2770975056689342,349.7205,0.00042600202141329646
1.3003174603174603,343.37762,0.0006890846998430789
1.3235374149659864,343.91272,0.0007055130554363132
1.3467573696145125,349.0197,0.00047936540795490146
1.3699773242630386,357.60626,0.000278884923318401
1.3931972789115648,369.5547,0.0005537891993299127
1.4164172335600906,367.4552,0.00044151468318887055
1.4396371882086167,353.04486,0.00028075373847968876
1.4628571428571429,340.25476,0.0004149284213781357
1.486077097505669,328.6363,0.00021437054965645075
1.509297052154195,323.1305,0.0002517897810321301
1.5325170068027212,332.09235,0.00024888094048947096
1.5557369614512473,348.98203,0.0001775508135324344
1.5789569160997732,373.19824,0.0002148794155800715
1.6021768707482993,377.59534,0.0001270430802833289
1.6253968253968254,364.0655,0.00014156752149574459
1.6486167800453515,342.23074,0.00011182736488990486
1.6718367346938776,329.84363,6.692338502034545e-05
1.6950566893424037,337.31256,5.633412001770921e-05
1.7182766439909298,350.95874,3.963038034271449e-05
1.7414965986394557,370.22632,4.072450246894732e-05
1.7647165532879818,366.75406,2.9322010959731415e-05
1.787936507936508,0.0,2.444465280859731e-06
1.811156462585034,0.0,1.2976606740267016e-06
1.8343764172335602,0.0,1.3577127901953645e-06
1.8575963718820863,0.0,1.3800136002828367e-06
1.8808163265306124,0.0,2.9920192901045084e-07
1.9040362811791383,0.0,4.597495717462152e-09
