0.0,0.0,1.7424463294446468e-07
0.023219954648526078,0.0,6.374557415256277e-08
0.046439909297052155,0.0,1.9450817489996552e-07
0.06965986394557823,0.0,2.500455593690276e-07
0.09287981859410431,271.737,0.00018950636149384081
0.11609977324263039,258.94925,0.0013020967599004507
0.13931972789115646,260.01758,0.002170659601688385
0.16253968253968254,258.21295,0.001034884131513536
0.18575963718820862,253.69624,0.00013803050387650728
0.2089795918367347,251.26395,1.4253669178287964e-05
0.23219954648526078,263.39886,1.1480081411718857e-05
0.25541950113378686,323.08224,8.492967754136771e-05
0.2786394557823129,346.88455,0.0009228783892467618
0.301859410430839,354.47116,0.0015576733276247978
0.3250793650793651,348.36667,0.0005752450088039041
0.3482993197278912,338.38217,3.4787182812578976e-05
0.37151927437641724,0.0,3.1095951271709055e-06
0.3947392290249433,0.0,1.3511989891412668e-06
0.4179591836734694,0.0,1.8079035726259463e-06
0.44117913832199546,421.44815,0.0013494594022631645
0.46439909297052157,424.3546,0.0034045116044580936
0.4876190476190476,422.13547,0.003506724489852786
0.5108390022675737,423.97607,0.0011191163212060928
0.5340589569160998,418.5532,0.00016106701514218003
0.5572789115646258,0.0,3.4374934330116957e-06
0.5804988662131519,0.0,2.2448830350185744e-06
0.603718820861678,0.0,2.0340039554866962e-06
0.626938775510204,529.5629,0.0014722418272867799
0.6501587301587302,542.7151,0.005278567783534527
0.6733786848072563,544.5881,0.005258655175566673
0.6965986394557824,532.39923,0.002199094044044614
0.7198185941043084,514.5504,0.00022654888744000345
0.7430385487528345,498.12,1.060220802173717e-05
0.7662585034013606,0.0,1.6668764146743342e-06
0.7894784580498866,0.0,6.16771103523206e-07
0.8126984126984127,425.265,0.000655178155284375
0.8359183673469388,394.9498,0.0063262819312512875
0.8591383219954649,386.9735,0.0033934793900698423
0.8823582766439909,380.13718,7.496461330447346e-05
0.905578231292517,0.0,7.653221473447047e-06
0.9287981859410431,0.0,2.5351400836370885e-06
0.9520181405895691,0.0,1.2655900718527846e-06
0.9752380952380952,370.6578,0.0001602412376087159
0.9984580498866213,337.9334,0.0014630358200520277
1.0216780045351475,335.03995,0.0020897937938570976
1.0448979591836736,333.80045,0.0009618970798328519
1.0681179138321997,331.47983,8.074122888501734e-05
1.0913378684807256,0.0,1.7600523278815672e-06
1.1145578231292517,0.0,6.573345672222786e-07
1.1377777777777778,0.0,9.19460944714956e-07
1.1609977324263039,0.0,1.069760401151143e-06
1.18421768707483,245.80984,0.00019706544117070735
1.207437641723356,240.38309,0.0007720109424553812
1.2306575963718822,247.64842,0.0017087097512558103
1.253877551020408,254.87897,0.0027711959555745125
1.2770975056689342,257.42474,0.0024815381038933992
1.3003174603174603,252.43932,0.0018268486019223928
1.3235374149659864,248.03003,0.0015006153844296932
1.3467573696145125,249.14558,0.001566095044836402
1.3699773242630386,257.23352,0.0019898349419236183
1.3931972789115648,267.40057,0.002098074182868004
1.4164172335600906,275.15164,0.0021944779437035322
1.4396371882086167,271.7822,0.0021889558993279934
1.4628571428571429,264.03897,0.0016803843900561333
1.486077097505669,255.30814,0.0008427486754953861
1.509297052154195,250.04443,0.0007607972947880626
1.5325170068027212,256.53372,0.0008305571973323822
1.5557369614512473,270.8886,0.0005238520097918808
1.5789569160997732,286.7752,0.00027945739566348493
1.6021768707482993,288.5386,0.00030690725543536246
1.6253968253968254,273.07224,0.00031438778387382627
1.6486167800453515,256.49512,0.00011768686817958951
1.6718367346938776,246.51064,5.810052971355617e-05
1.6950566893424037,259.15082,5.393110041040927e-05
1.7182766439909298,283.70508,2.8411550374585204e-05
1.7414965986394557,0.0,2.764906639640685e-06
1.7647165532879818,0.0,5.02054717799183e-07
1.787936507936508,0.0,3.342474883538671e-07
1.811156462585034,0.0,1.941562004503794e-07
1.8343764172335602,0.0,8.641109161544591e-09
