0.0,0.0,1.0390704119345173e-06
0.023219954648526078,0.0,2.7761961973737925e-07
0.046439909297052155,0.0,2.301540007465519e-07
0.06965986394557823,374.85504,1.1336862371535972e-05
0.09287981859410431,365.64813,0.0007010630797594786
0.11609977324263039,358.96872,0.0011429984588176012
0.13931972789115646,354.02505,0.0008567923214286566
0.16253968253968254,356.2534,0.0007511581643484533
0.18575963718820862,363.5843,0.0010474631562829018
0.2089795918367347,365.81183,0.0003702160611283034
0.23219954648526078,368.18152,8.053595956880599e-05
0.25541950113378686,371.53793,0.0001958699431270361
0.2786394557823129,418.83713,0.002285358728840947
0.301859410430839,440.10574,0.003425752278417349
0.3250793650793651,459.9905,0.003636302426457405
0.3482993197278912,456.7771,0.0015871452633291483
0.37151927437641724,450.99908,0.00012183214130345732
0.3947392290249433,0.0,7.242556421260815e-06
0.4179591836734694,0.0,5.800073267892003e-06
0.44117913832199546,523.83014,0.0009470925433561206
0.46439909297052157,542.0621,0.0034742234274744987
0.4876190476190476,541.6639,0.006087488029152155
0.5108390022675737,537.63446,0.005781408865004778
0.5340589569160998,540.30774,0.0027991582173854113
0.5572789115646258,540.60175,0.0007357558351941407
0.5804988662131519,550.5134,2.5651028408901766e-05
0.603718820861678,585.2088,1.3562254935095552e-05
0.626938775510204,659.2798,0.003524128347635269
0.6501587301587302,683.9905,0.020828794687986374
0.6733786848072563,703.61835,0.022225625813007355
0.6965986394557824,709.83594,0.02225876972079277
0.7198185941043084,710.6942,0.010412521660327911
0.7430385487528345,694.7758,0.0029804203659296036
0.7662585034013606,685.1925,0.00039136840496212244
0.7894784580498866,691.24207,1.3209120879764669e-05
0.8126984126984127,0.0,8.710051588423084e-06
0.8359183673469388,532.33295,0.0005294657312333584
0.8591383219954649,531.8946,0.0011106457095593214
0.8823582766439909,532.9217,0.0013611542526632547
0.905578231292517,526.8984,0.0008342770161107183
0.9287981859410431,502.38354,0.00033869739854708314
0.9520181405895691,489.2549,1.897766924230382e-05
0.9752380952380952,0.0,5.3819239838048816e-06
0.9984580498866213,426.93854,0.0003089119854848832
1.0216780045351475,443.65073,0.0014026319840922952
1.0448979591836736,465.8084,0.0017558829858899117
1.0681179138321997,473.39194,0.0016033261781558394
1.0913378684807256,462.86365,0.0007349953521043062
1.1145578231292517,432.25162,0.00024042854784056544
1.1377777777777778,0.0,7.33735942048952e-06
1.1609977324263039,0.0,1.6122858141898178e-06
1.18421768707483,0.0,1.4081479093874805e-06
1.207437641723356,369.38315,0.0003078194858971983
1.2306575963718822,356.42328,0.0006058558356016874
1.253877551020408,358.5164,0.0005346646066755056
1.2770975056689342,357.4346,0.00037852185778319836
1.3003174603174603,348.8126,0.00034030008828267455
1.3235374149659864,338.4546,0.0006625613896176219
1.3467573696145125,332.24002,0.000358307093847543
1.3699773242630386,333.31458,0.0003100761095993221
1.3931972789115648,342.0519,0.0003567873209249228
1.4164172335600906,354.7166,0.00038028048584237695
1.4396371882086167,363.30988,0.0003974036662839353
1.4628571428571429,362.46643,0.0004779984592460096
1.486077097505669,352.18054,0.00017829297576099634
1.509297052154195,336.7544,0.0003086425713263452
1.5325170068027212,327.07324,0.00013435768778435886
1.5557369614512473,333.2744,0.0001857590104918927
1.5789569160997732,352.5617,0.00016771588707342744
1.6021768707482993,369.1237,0.00021750493033323437
1.6253968253968254,371.78745,0.0002072814095299691
1.6486167800453515,362.2756,0.00011886972060892731
1.6718367346938776,342.74866,7.285295578185469e-05
1.6950566893424037,332.56042,4.3019354052376e-05
1.7182766439909298,330.81317,1.700772190815769e-05
1.7414965986394557,345.92233,1.5041393453429919e-05
1.7647165532879818,373.05777,1.3363318430492654e-05
1.787936507936508,0.0,2.801260052365251e-06
1.811156462585034,0.0,1.3136550478520803e-06
1.8343764172335602,0.0,1.0279582056682557e-06
1.8575963718820863,0.0,1.1088277460657991e-06
1.8808163265306124,0.0,5.650690582115203e-07
1.9040362811791383,0.0,9.389377737534232e-07
1.9272562358276644,0.0,6.865839168312959e-07
