0.0,0.0,3.0158389563439414e-07
0.023219954648526078,0.0,3.3391279430361465e-07
0.046439909297052155,0.0,1.3327917258720845e-07
0.06965986394557823,0.0,9.643190423958004e-08
0.09287981859410431,0.0,3.832628863165155e-07
0.11609977324263039,0.0,1.4372835721587762e-07
0.13931972789115646,0.0,2.0190054783597589e-07
0.16253968253968254,0.0,1.424796209903434e-07
0.18575963718820862,0.0,7.934067980386317e-08
0.2089795918367347,0.0,2.3090433387551457e-07
0.23219954648526078,0.0,1.1786551112891175e-06
0.25541950113378686,336.9917,6.324698188109323e-05
0.2786394557823129,333.87317,0.0001289468928007409
0.301859410430839,329.9314,0.00018320787057746202
0.3250793650793651,334.2527,0.000277204584563151
0.3482993197278912,345.42667,0.0003564598155207932
0.37151927437641724,362.8211,0.0005112419603392482
0.3947392290249433,372.92755,0.0008905796566978097
0.4179591836734694,379.43018,0.0007961706724017859
0.44117913832199546,375.79742,0.0011500344844534993
0.46439909297052157,367.79245,0.0013466733507812023
0.4876190476190476,361.20447,0.0011091710766777396
0.5108390022675737,358.0325,0.0006923336768522859
0.5340589569160998,366.58377,0.000996123068034649
0.5572789115646258,387.17685,0.0010766922496259212
0.5804988662131519,410.2203,0.002043758286163211
0.603718820861678,420.73926,0.0024455504026263952
0.626938775510204,419.96658,0.0027909951750189066
0.6501587301587302,416.845,0.0026306244544684887
0.6733786848072563,414.07538,0.0025708952452987432
0.6965986394557824,420.46826,0.0029240576550364494
0.7198185941043084,443.302,0.0024354655761271715
0.7430385487528345,467.01794,0.003467543050646782
0.7662585034013606,475.1249,0.004034767393022776
0.7894784580498866,467.43704,0.003172867698594928
0.8126984126984127,456.73877,0.002527302596718073
0.8359183673469388,452.90604,0.003026474267244339
0.8591383219954649,461.89706,0.0037432534154504538
0.8823582766439909,483.53513,0.005034144967794418
0.905578231292517,499.86118,0.0028476635925471783
0.9287981859410431,502.23773,0.0029068230651319027
0.9520181405895691,496.43518,0.004273715429008007
0.9752380952380952,490.25336,0.00528101297095418
0.9984580498866213,491.71643,0.004514322616159916
1.0216780045351475,509.21915,0.0019215545617043972
1.0448979591836736,531.9574,0.0029902723617851734
1.0681179138321997,552.7706,0.0035878121852874756
1.0913378684807256,556.6121,0.0032591295894235373
1.1145578231292517,548.3028,0.0023721707984805107
1.1377777777777778,536.28674,0.0043142614886164665
1.1609977324263039,537.87,0.0046646385453641415
1.18421768707483,557.80743,0.008615385740995407
1.207437641723356,581.8745,0.01728656142950058
1.2306575963718822,606.9693,0.024219980463385582
1.253877551020408,621.32996,0.023101333528757095
1.2770975056689342,613.03955,0.017893675714731216
1.3003174603174603,598.64624,0.011877454817295074
1.3235374149659864,603.1189,0.01843605749309063
1.3467573696145125,626.3509,0.06080445274710655
1.3699773242630386,659.5893,0.14463268220424652
1.3931972789115648,683.28723,0.21538615226745605
1.4164172335600906,683.6371,0.24483254551887512
1.4396371882086167,667.9928,0.16467183828353882
1.4628571428571429,653.78784,0.15714889764785767
1.486077097505669,669.83044,0.25561606884002686
1.509297052154195,698.3781,0.17427386343479156
1.5325170068027212,735.9774,0.23610961437225342
1.5557369614512473,745.74194,0.21332377195358276
1.5789569160997732,734.4369,0.2775092124938965
1.6021768707482993,716.2544,0.21434633433818817
1.6253968253968254,706.69495,0.1786772757768631
1.6486167800453515,729.2386,0.21647518873214722
1.6718367346938776,766.3574,0.1618404984474182
1.6950566893424037,819.3047,0.4436245560646057
1.7182766439909298,845.969,0.46012771129608154
1.7414965986394557,848.2679,0.4565744400024414
1.7647165532879818,822.44165,0.25604525208473206
1.787936507936508,777.5907,0.14482466876506805
1.811156462585034,736.5283,0.20208556950092316
1.8343764172335602,702.50385,0.15122553706169128
1.8575963718820863,704.6849,0.12457312643527985
1.8808163265306124,730.59515,0.12878121435642242
1.9040362811791383,753.5945,0.07434914261102676
1.9272562358276644,761.08887,0.08659739792346954
1.9504761904761905,734.5784,0.10927996039390564
1.9736961451247166,693.594,0.15280351042747498
1.9969160997732427,673.1772,0.15960508584976196
2.020136054421769,669.4751,0.1490638107061386
2.043356009070295,682.2784,0.16108091175556183
2.066575963718821,705.3106,0.0782979428768158
2.089795918367347,712.93915,0.07814551889896393
2.1130158730158732,689.74255,0.11716913431882858
2.1362358276643993,650.09106,0.039175450801849365
2.159455782312925,616.5414,0.02808496356010437
2.182675736961451,609.21967,0.025875011458992958
2.2058956916099772,615.91486,0.03349408879876137
2.2291156462585033,622.7227,0.030176430940628052
2.2523356009070294,616.50055,0.01401505060493946
2.2755555555555556,588.7209,0.0057458640076220036
2.2987755102040817,557.9623,0.003053901484236121
2.3219954648526078,547.46875,0.0030265869572758675
2.345215419501134,551.56995,0.0031028278172016144
2.36843537414966,554.52405,0.0033644759096205235
2.391655328798186,547.15826,0.0030141975730657578
2.414875283446712,529.81006,0.0037049604579806328
2.4380952380952383,499.85056,0.005787774920463562
2.4613151927437644,479.67065,0.007968738675117493
2.48453514739229,483.10907,0.00881529413163662
2.507755102040816,491.9042,0.006401295308023691
2.5309750566893423,492.65768,0.00631998386234045
2.5541950113378684,480.08878,0.006166401784867048
2.5774149659863945,462.62683,0.002690783701837063
2.6006349206349206,442.90555,0.003143074456602335
2.6238548752834467,443.0316,0.002681068843230605
2.647074829931973,452.11218,0.002655845368281007
2.670294784580499,461.88754,0.0034699623938649893
2.693514739229025,459.64636,0.0022795721888542175
2.716734693877551,444.48495,0.002714603440836072
2.7399546485260773,423.11844,0.003322956385090947
2.7631746031746034,398.72168,0.0018581452313810587
2.7863945578231295,393.54648,0.001819792902097106
2.809614512471655,400.07446,0.002413761103525758
2.8328344671201813,408.14963,0.002285860013216734
2.8560544217687074,404.86108,0.0015680247452110052
2.8792743764172335,381.69104,0.0009102881886065006
2.9024943310657596,344.26,0.0008762533543631434
2.9257142857142857,336.5479,0.0011802458902820945
2.948934240362812,344.39856,0.0010566533310338855
2.972154195011338,354.56665,0.0008384519605897367
2.995374149659864,361.04962,0.0007524946122430265
3.01859410430839,361.49222,0.0009194051381200552
3.0418140589569163,354.82697,0.0006832656217738986
3.0650340136054424,346.26114,0.0008690655813552439
3.0882539682539685,340.24774,0.001147967530414462
3.1114739229024946,342.67447,0.0009471210069023073
3.1346938775510207,357.896,0.0007138899527490139
3.1579138321995464,375.17154,0.0008470253087580204
3.1811337868480725,384.28107,0.000517776352353394
3.2043537414965986,376.63068,0.0006477917777374387
3.2275736961451247,363.30933,0.0005918354727327824
3.250793650793651,342.61475,0.0006589801050722599
3.274013605442177,335.0187,0.0007432460552081466
3.297233560090703,338.21436,0.0005903012352064252
3.320453514739229,348.08823,0.00041440874338150024
3.3436734693877552,365.93472,0.0004137013456784189
3.3668934240362813,374.8677,0.0005400263471528888
3.3901133786848074,370.62784,0.00036202100454829633
3.4133333333333336,354.28433,0.0002677911252249032
3.4365532879818597,335.50702,0.0003679197106976062
3.4597732426303858,330.46774,0.00025137304328382015
3.4829931972789114,339.78693,0.0001838566386140883
3.5062131519274375,365.62335,0.00020156975369900465
3.5294331065759637,382.11664,0.00015881852596066892
3.5526530612244898,380.31403,0.00011328377877362072
3.575873015873016,359.86603,9.9633150966838e-05
3.599092970521542,333.8779,8.817043271847069e-05
3.622312925170068,326.0171,5.125856841914356e-05
3.645532879818594,350.1041,3.906103302142583e-05
3.6687528344671203,374.89694,5.0301368901273236e-05
3.6919727891156464,375.68182,1.4865815501252655e-05
3.7151927437641725,0.0,1.3637736628879793e-06
3.7384126984126986,0.0,5.012079782318324e-07
3.7616326530612247,0.0,2.0215793483657762e-07
3.784852607709751,0.0,2.1668984118150547e-07
3.8080725623582765,0.0,2.847573341568932e-07
3.8312925170068026,0.0,5.035835783928633e-07
3.8545124716553287,0.0,1.954022081918083e-07
3.877732426303855,0.0,1.5473415260203183e-07
3.900952380952381,0.0,2.7651731215883046e-07
3.924172335600907,0.0,2.1401410776888952e-07
3.947392290249433,0.0,1.5734258340671659e-09
