0.0,0.0,6.100890459492803e-08
0.023219954648526078,0.0,4.9852133088279516e-08
0.046439909297052155,0.0,8.298684406327084e-08
0.06965986394557823,0.0,5.3560142987407744e-08
0.09287981859410431,0.0,1.41343662107829e-07
0.11609977324263039,0.0,1.5951809473335743e-07
0.13931972789115646,281.49408,2.3703974875388667e-05
0.16253968253968254,275.9036,0.0001285512698814273
0.18575963718820862,275.52072,0.0002099646517308429
0.2089795918367347,279.49872,0.0002690583060029894
0.23219954648526078,278.324,0.0003132191486656666
0.25541950113378686,276.39496,0.00036674176226370037
0.2786394557823129,277.26562,0.0004334938421379775
0.301859410430839,278.67468,0.00046997572644613683
0.3250793650793651,277.133,0.0004498374182730913
0.3482993197278912,273.79953,0.00042935379315167665
0.37151927437641724,274.10254,0.0004410714900586754
0.3947392290249433,276.40445,0.0004619820392690599
0.4179591836734694,281.46713,0.0005203085020184517
0.44117913832199546,293.0026,0.0004253736697137356
0.46439909297052157,307.1622,0.0003231409646105021
0.4876190476190476,315.49774,0.00031899166060611606
0.5108390022675737,313.2801,0.0003430141368880868
0.5340589569160998,309.098,0.0003297326620668173
0.5572789115646258,311.18445,0.0003522691549733281
0.5804988662131519,323.27817,0.0005260591278783977
0.603718820861678,338.1353,0.0005090036429464817
0.626938775510204,355.25717,0.0005205737543292344
0.6501587301587302,359.8815,0.0004332053940743208
0.6733786848072563,355.01086,0.00033287290716543794
0.6965986394557824,346.6847,0.0004843814531341195
0.7198185941043084,344.46243,0.0007830163231119514
0.7430385487528345,350.28418,0.0007560141384601593
0.7662585034013606,360.05847,0.0006866605835966766
0.7894784580498866,369.96924,0.0015230996068567038
0.8126984126984127,372.91754,0.0011989069171249866
0.8359183673469388,368.6523,0.0012183812214061618
0.8591383219954649,364.83936,0.0013394164852797985
0.8823582766439909,362.773,0.0012592554558068514
0.905578231292517,368.60168,0.0017202777089551091
0.9287981859410431,384.8488,0.001481439103372395
0.9520181405895691,403.55304,0.0033375006169080734
0.9752380952380952,412.14676,0.0035589528270065784
0.9984580498866213,407.92957,0.0032143457792699337
1.0216780045351475,400.43927,0.002634025178849697
1.0448979591836736,398.64523,0.003357951994985342
1.0681179138321997,411.58438,0.005146419629454613
1.0913378684807256,438.05737,0.003807938192039728
1.1145578231292517,461.39246,0.004422868136316538
1.1377777777777778,464.72583,0.004025706555694342
1.1609977324263039,455.1698,0.003923596348613501
1.18421768707483,449.55682,0.004538516514003277
1.207437641723356,450.92877,0.004940747749060392
1.2306575963718822,465.11008,0.006979264318943024
1.253877551020408,494.05765,0.004904298577457666
1.2770975056689342,521.4056,0.001400042325258255
1.3003174603174603,529.51013,0.002388664986938238
1.3235374149659864,522.8534,0.0028508936520665884
1.3467573696145125,511.88876,0.004011383280158043
1.3699773242630386,510.20657,0.0026469454169273376
1.3931972789115648,522.04065,0.0016863725613802671
1.4164172335600906,540.2037,0.00167048629373312
1.4396371882086167,562.6059,0.006274154409766197
1.4628571428571429,568.5061,0.009129809215664864
1.486077097505669,564.42413,0.006529784761369228
1.509297052154195,552.8515,0.0025031701661646366
1.5325170068027212,548.82684,0.0018576051807031035
1.5557369614512473,565.49854,0.00917627103626728
1.5789569160997732,594.3556,0.010109464637935162
1.6021768707482993,641.21075,0.0299875196069479
1.6253968253968254,663.2985,0.028548160567879677
1.6486167800453515,652.6906,0.01691724732518196
1.6718367346938776,621.7141,0.006101164501160383
1.6950566893424037,594.5343,0.0032141017727553844
1.7182766439909298,579.51904,0.005866961553692818
1.7414965986394557,570.1567,0.005034836009144783
1.7647165532879818,556.9114,0.0016601962270215154
1.787936507936508,548.3102,0.0008337126346305013
1.811156462585034,546.67285,0.0008691624971106648
1.8343764172335602,548.97,0.0010379476007074118
1.8575963718820863,548.66064,0.0010928927222266793
1.8808163265306124,542.0738,0.0016035172156989574
1.9040362811791383,529.7571,0.001800586236640811
1.9272562358276644,518.19305,0.0018692342564463615
1.9504761904761905,518.597,0.0013434955617412925
1.9736961451247166,526.02545,0.0014712244737893343
1.9969160997732427,526.6089,0.0014695562422275543
2.020136054421769,520.2811,0.0018637836910784245
2.043356009070295,507.9324,0.0033696566242724657
2.066575963718821,485.37585,0.006941390223801136
2.089795918367347,461.36542,0.003803608939051628
2.1130158730158732,458.18472,0.0038825408555567265
2.1362358276643993,463.21313,0.004139775410294533
2.159455782312925,470.27826,0.0039718421176075935
2.182675736961451,462.97934,0.002803604118525982
2.2058956916099772,448.44565,0.0029921135865151882
2.2291156462585033,418.55316,0.003959293477237225
2.2523356009070294,410.4509,0.0037126762326806784
2.2755555555555556,415.72855,0.0038747540675103664
2.2987755102040817,425.09143,0.0037041865289211273
2.3219954648526078,427.70734,0.0032443501986563206
2.345215419501134,418.61505,0.0031171978916972876
2.36843537414966,400.12473,0.001405308023095131
2.391655328798186,384.50055,0.00073470757342875
2.414875283446712,365.03033,0.0009319237433373928
2.4380952380952383,366.30087,0.0010673643555492163
2.4613151927437644,371.12286,0.0011847142595797777
2.48453514739229,376.31186,0.0008328216499648988
2.507755102040816,374.55975,0.0006430536741390824
2.5309750566893423,365.19534,0.0008021253161132336
2.5541950113378684,353.06198,0.00039750634459778666
2.5774149659863945,345.55432,0.000664488528855145
2.6006349206349206,346.36673,0.0006942461477592587
2.6238548752834467,351.59338,0.00048794009489938617
2.647074829931973,356.82538,0.000275523925665766
2.670294784580499,353.0076,0.0002924161381088197
2.693514739229025,342.4413,0.0005711467820219696
2.716734693877551,324.12207,0.00035957308136858046
2.7399546485260773,315.2644,0.0002677047741599381
2.7631746031746034,312.8146,0.000254579063039273
2.7863945578231295,311.6664,0.00022097636247053742
2.809614512471655,313.69012,0.0002394989860476926
2.8328344671201813,313.99142,0.00022944279771763831
2.8560544217687074,307.80664,0.00022654019994661212
2.8792743764172335,289.75305,0.00036337843630462885
2.9024943310657596,271.0723,0.00023637712001800537
2.9257142857142857,265.95108,0.0002397354255663231
2.948934240362812,264.20627,0.00021208675752859563
2.972154195011338,263.78864,0.0002258799213450402
2.995374149659864,266.98056,0.00027044815942645073
3.01859410430839,263.319,0.00019797528511844575
3.0418140589569163,256.73657,0.00014960650878492743
3.0650340136054424,254.03291,0.00012800205149687827
3.0882539682539685,255.44792,0.00012550459359772503
3.1114739229024946,263.69022,0.00017451841267757118
3.1346938775510207,272.04736,0.00030046876054257154
3.1579138321995464,279.11707,0.0003382473369129002
3.1811337868480725,280.94666,0.00029510032618418336
3.2043537414965986,273.73593,0.00021259236382320523
3.2275736961451247,263.7277,0.00014507373271044344
3.250793650793651,250.81444,0.00015643410733900964
3.274013605442177,248.96265,0.00017012181342579424
3.297233560090703,257.67404,0.00010497488256078213
3.320453514739229,270.6072,0.0002862093970179558
3.3436734693877552,279.25964,0.00042997190030291677
3.3668934240362813,284.21658,0.00042371213203296065
3.3901133786848074,278.0938,0.0002258739696117118
3.4133333333333336,263.29044,0.00010599895176710561
3.4365532879818597,249.30229,0.0001281535078305751
3.4597732426303858,246.17957,0.00015553433331660926
3.4829931972789114,251.98483,9.408986807102337e-05
3.5062131519274375,271.4886,0.0001228590845130384
3.5294331065759637,283.4719,0.00018494590767659247
3.5526530612244898,290.31326,0.00017562421271577477
3.575873015873016,284.58182,0.00011012189497705549
3.599092970521542,267.4211,5.8035901020048186e-05
3.622312925170068,248.81726,6.411881622625515e-05
3.645532879818594,247.01408,6.79422082612291e-05
3.6687528344671203,256.5851,4.508889833232388e-05
3.6919727891156464,279.3694,7.811211980879307e-05
3.7151927437641725,291.93564,5.174842226551846e-05
3.7384126984126986,0.0,7.838698365958408e-06
3.7616326530612247,0.0,6.181471690069884e-07
3.784852607709751,0.0,1.4205215848051012e-07
3.8080725623582765,0.0,2.4228029360529035e-08
3.8312925170068026,0.0,6.131631380412728e-08
3.8545124716553287,0.0,8.346069080289453e-08
3.877732426303855,0.0,2.7504938771016896e-08
3.900952380952381,0.0,7.963626558193937e-08
3.924172335600907,0.0,1.1569045454962179e-07
3.947392290249433,0.0,2.558817868703045e-07
3.9706122448979593,0.0,2.962497092084959e-07
3.9938321995464854,0.0,7.204016583273187e-08
