0.0,0.0,6.722975740558468e-07
0.023219954648526078,0.0,7.724411261733621e-07
0.046439909297052155,0.0,2.623492036946118e-07
0.06965986394557823,0.0,1.9493654690450057e-07
0.09287981859410431,0.0,6.6522989072836936e-06
0.11609977324263039,129.61037,0.0002141150616807863
0.13931972789115646,134.91093,0.0006336016813293099
0.16253968253968254,155.6322,0.0010945708490908146
0.18575963718820862,163.64243,0.002111328300088644
0.2089795918367347,168.11784,0.001965599600225687
0.23219954648526078,167.34468,0.002025557216256857
0.25541950113378686,165.4412,0.0024396555963903666
0.2786394557823129,168.12645,0.002020883373916149
0.301859410430839,182.00606,0.003430528100579977
0.3250793650793651,391.3692,0.0034148027189075947
0.3482993197278912,212.66347,0.0032634022645652294
0.37151927437641724,214.82956,0.0031610322184860706
0.3947392290249433,208.26582,0.0030676701571792364
0.4179591836734694,208.6634,0.002878601662814617
0.44117913832199546,226.33083,0.0015244284877553582
0.46439909297052157,261.5741,0.002143462188541889
0.4876190476190476,285.90784,0.004004074726253748
0.5108390022675737,294.08838,0.0068541234359145164
0.5340589569160998,284.22372,0.002806000877171755
0.5572789115646258,2705.0784,0.0027358699589967728
0.5804988662131519,247.02692,0.0018529093358665705
0.603718820861678,263.43723,0.0029212026856839657
0.626938775510204,294.81583,0.004077666439116001
0.6501587301587302,347.83167,0.0070914882235229015
0.6733786848072563,361.24463,0.011637698858976364
0.6965986394557824,362.41562,0.010732900351285934
0.7198185941043084,350.63126,0.0037517305463552475
0.7430385487528345,329.6158,0.0032150913029909134
0.7662585034013606,294.46097,0.005640716757625341
0.7894784580498866,279.48132,0.0032387617975473404
0.8126984126984127,262.00595,0.004744729492813349
0.8359183673469388,260.7734,0.004526769742369652
0.8591383219954649,264.34833,0.003714731428772211
0.8823582766439909,266.59,0.0031969270203262568
0.905578231292517,261.10916,0.002350510098040104
0.9287981859410431,239.85988,0.0015521119348704815
0.9520181405895691,211.06757,0.002331752795726061
0.9752380952380952,193.31856,0.0024440563283860683
0.9984580498866213,193.2292,0.002092000562697649
1.0216780045351475,203.31046,0.001491716131567955
1.0448979591836736,213.49445,0.0016412250697612762
1.0681179138321997,215.59914,0.0015992550179362297
1.0913378684807256,204.89847,0.0013603742700070143
1.1145578231292517,387.3792,0.0010355161502957344
1.1377777777777778,158.78255,0.0010208399035036564
1.1609977324263039,156.8649,0.0008668253431096673
1.18421768707483,160.12762,0.0010496341856196523
1.207437641723356,169.27719,0.0008189636282622814
1.2306575963718822,184.80994,0.0007853825809434056
1.253877551020408,187.0445,0.0007895589806139469
1.2770975056689342,181.0196,0.0005875025526620448
1.3003174603174603,167.69868,0.0006740692770108581
1.3235374149659864,158.88924,0.0006452187080867589
1.3467573696145125,153.92249,0.0005521773127838969
1.3699773242630386,155.5329,0.0005095188971608877
1.3931972789115648,166.33391,0.0006113526760600507
1.4164172335600906,190.86069,0.0010633415076881647
1.4396371882086167,195.32532,0.0010146833956241608
1.4628571428571429,384.5011,0.000607104622758925
1.486077097505669,164.55328,0.00037846132181584835
1.509297052154195,146.06773,0.00036643692874349654
1.5325170068027212,152.12346,0.0001081726368283853
1.5557369614512473,95.94714,9.591254638507962e-05
1.5789569160997732,200.0588,7.05970887793228e-05
1.6021768707482993,0.0,7.296055628103204e-06
1.6253968253968254,0.0,6.939591003174428e-06
1.6486167800453515,0.0,7.345652193180285e-07
1.6718367346938776,0.0,3.165696398355067e-07
1.6950566893424037,0.0,1.7313141142949462e-07
1.7182766439909298,0.0,1.1212341632926837e-07
1.7414965986394557,0.0,1.7074398783734068e-07
1.7647165532879818,0.0,1.5529531083302572e-07
