0.0,0.0,7.095877663232386e-08
0.023219954648526078,0.0,9.037648851517588e-08
0.046439909297052155,0.0,1.0740313882706687e-07
0.06965986394557823,0.0,5.902620614506304e-08
0.09287981859410431,0.0,9.735322237247601e-08
0.11609977324263039,0.0,1.0880921763600782e-07
0.13931972789115646,0.0,2.0184234017506242e-07
0.16253968253968254,862.1957,1.4402326996787451e-05
0.18575963718820862,171.47565,0.00016939747729338706
0.2089795918367347,169.10226,0.0003121252520941198
0.23219954648526078,168.6883,0.0003425635804887861
0.25541950113378686,167.84859,0.00039093970553949475
0.2786394557823129,166.62471,0.0005977276596240699
0.301859410430839,166.14944,0.0007330946973524988
0.3250793650793651,167.87521,0.0005174005636945367
0.3482993197278912,170.76897,0.000718832656275481
0.37151927437641724,170.23215,0.0008049816824495792
0.3947392290249433,165.97333,0.0011786195682361722
0.4179591836734694,163.96812,0.0016305337194353342
0.44117913832199546,162.33049,0.0017137086251750588
0.46439909297052157,160.592,0.001776948687620461
0.4876190476190476,161.74957,0.0016056264284998178
0.5108390022675737,163.11569,0.0013073162408545613
0.5340589569160998,611.6348,0.0009310502209700644
0.5572789115646258,606.7039,0.0010406889487057924
0.5804988662131519,191.56235,0.001828312175348401
0.603718820861678,199.56416,0.0032850862480700016
0.626938775510204,202.72813,0.003896518377587199
0.6501587301587302,198.86809,0.003322603879496455
0.6733786848072563,194.25456,0.0024712742306292057
0.6965986394557824,197.71286,0.0026166215538978577
0.7198185941043084,206.1898,0.003758922452107072
0.7430385487528345,215.9891,0.005581071600317955
0.7662585034013606,225.39326,0.005950970575213432
0.7894784580498866,229.01213,0.004934476688504219
0.8126984126984127,225.93678,0.004534140229225159
0.8359183673469388,222.41032,0.005746991839259863
0.8591383219954649,226.94638,0.005624398123472929
0.8823582766439909,236.67192,0.007715357467532158
0.905578231292517,245.98973,0.010957378894090652
0.9287981859410431,251.1823,0.007959039881825447
0.9520181405895691,250.42966,0.00761399557814002
0.9752380952380952,247.81462,0.007686384487897158
0.9984580498866213,247.33203,0.007686031982302666
1.0216780045351475,257.5709,0.008784284815192223
1.0448979591836736,268.51324,0.008766768500208855
1.0681179138321997,276.5735,0.008753682486712933
1.0913378684807256,274.87796,0.008681008592247963
1.1145578231292517,266.72818,0.008568964898586273
1.1377777777777778,265.711,0.01009078323841095
1.1609977324263039,271.80356,0.011082207784056664
1.18421768707483,285.67484,0.014349058270454407
1.207437641723356,302.65576,0.009781928732991219
1.2306575963718822,309.79126,0.009147566743195057
1.253877551020408,302.4136,0.004243063740432262
1.2770975056689342,296.32617,0.0035058106295764446
1.3003174603174603,302.09003,0.006729640066623688
1.3235374149659864,311.70813,0.006763003766536713
1.3467573696145125,322.89716,0.0037032945547252893
1.3699773242630386,334.31982,0.005299170035868883
1.3931972789115648,334.0959,0.003906026016920805
1.4164172335600906,323.3212,0.004495157860219479
1.4396371882086167,325.52112,0.0036564513575285673
1.4628571428571429,339.5751,0.008683119900524616
1.486077097505669,353.37186,0.015459745191037655
1.509297052154195,364.87823,0.018544703722000122
1.5325170068027212,370.27075,0.015461482107639313
1.5557369614512473,364.15677,0.017508484423160553
1.5789569160997732,360.09198,0.0167560875415802
1.6021768707482993,367.5638,0.012524167075753212
1.6253968253968254,384.26926,0.015341535210609436
1.6486167800453515,395.31467,0.020619433373212814
1.6718367346938776,398.9643,0.02084878645837307
1.6950566893424037,394.03113,0.020312687382102013
1.7182766439909298,390.79688,0.021952584385871887
1.7414965986394557,388.62854,0.02366592362523079
1.7647165532879818,390.0658,0.024582145735621452
1.787936507936508,391.40695,0.024222522974014282
1.811156462585034,391.8449,0.022400207817554474
1.8343764172335602,391.2228,0.02351280301809311
1.8575963718820863,386.99164,0.018819738179445267
1.8808163265306124,372.6185,0.022118229418992996
1.9040362811791383,353.98264,0.014135660603642464
1.9272562358276644,340.33005,0.01154483575373888
1.9504761904761905,340.90387,0.012930470518767834
1.9736961451247166,343.08905,0.013494621962308884
1.9969160997732427,348.88724,0.015965811908245087
2.020136054421769,350.3856,0.013695288449525833
2.043356009070295,345.38193,0.009999091736972332
2.066575963718821,334.3614,0.007232365198433399
2.089795918367347,321.0178,0.008047424256801605
2.1130158730158732,316.52893,0.0077041760087013245
2.1362358276643993,319.86383,0.006427459418773651
2.159455782312925,323.07324,0.007655997294932604
2.182675736961451,318.32278,0.009176060557365417
2.2058956916099772,305.16318,0.008347708731889725
2.2291156462585033,2964.0476,0.0067343031987547874
2.2523356009070294,277.16647,0.006198153831064701
2.2755555555555556,279.36163,0.007558284793049097
2.2987755102040817,283.78738,0.007035483606159687
2.3219954648526078,287.00546,0.006901903077960014
2.345215419501134,282.25275,0.005407356191426516
2.36843537414966,267.42984,0.006234440952539444
2.391655328798186,254.35458,0.005552834365516901
2.414875283446712,246.56398,0.004858377389609814
2.4380952380952383,250.12338,0.005514363758265972
2.4613151927437644,253.45665,0.006103318650275469
2.48453514739229,254.31482,0.00515988701954484
2.507755102040816,249.62494,0.00424899160861969
2.5309750566893423,240.02159,0.005149460397660732
2.5541950113378684,229.28645,0.005278711207211018
2.5774149659863945,224.43591,0.0046776654198765755
2.6006349206349206,226.14774,0.004755489528179169
2.6238548752834467,228.50134,0.0051230089738965034
2.647074829931973,229.70135,0.004955417942255735
2.670294784580499,225.8667,0.005925294011831284
2.693514739229025,219.93741,0.0066710226237773895
2.716734693877551,212.56812,0.005649534985423088
2.7399546485260773,205.72743,0.007009322755038738
2.7631746031746034,206.90869,0.006676455959677696
2.7863945578231295,209.39526,0.006872903555631638
2.809614512471655,211.84145,0.007064640987664461
2.8328344671201813,205.92032,0.0073212794959545135
2.8560544217687074,2777.6704,0.003959524445235729
2.8792743764172335,2821.5325,0.004346721805632114
2.9024943310657596,177.59312,0.004406963475048542
2.9257142857142857,178.02931,0.00351632758975029
2.948934240362812,180.19417,0.0036288308911025524
2.972154195011338,182.49239,0.004024782218039036
2.995374149659864,182.83592,0.004313381388783455
3.01859410430839,181.27155,0.004511154722422361
3.0418140589569163,176.98601,0.0038696492556482553
3.0650340136054424,2876.96,0.0031987156253308058
3.0882539682539685,601.583,0.0013307007029652596
3.1114739229024946,144.88947,0.0012401040876284242
3.1346938775510207,148.44048,0.001825127867050469
3.1579138321995464,599.53516,0.002290153643116355
3.1811337868480725,593.1026,0.0033598472364246845
3.2043537414965986,165.58751,0.00217739911749959
3.2275736961451247,168.48308,0.0021264213137328625
3.250793650793651,599.7422,0.0022387902718037367
3.274013605442177,156.35606,0.0019649043679237366
3.297233560090703,152.621,0.001977739855647087
3.320453514739229,153.76208,0.0018354726489633322
3.3436734693877552,594.35596,0.002426232909783721
3.3668934240362813,598.2313,0.0015387509483844042
3.3901133786848074,174.75659,0.0014688350493088365
3.4133333333333336,176.65686,0.0015831426717340946
3.4365532879818597,603.6769,0.0017843575915321708
3.4597732426303858,601.69904,0.0016176706412807107
3.4829931972789114,158.40845,0.0014099926920607686
3.5062131519274375,158.75656,0.0015834332443773746
3.5294331065759637,163.71304,0.0014726824592798948
3.5526530612244898,603.5249,0.0008508540922775865
3.575873015873016,178.50824,0.0007936859037727118
3.599092970521542,181.39023,0.0007699307752773166
3.622312925170068,2834.778,0.000687022227793932
3.645532879818594,601.2611,0.000764929864089936
3.6687528344671203,162.17215,0.0006670731236226857
3.6919727891156464,163.88408,0.0005568547057919204
3.7151927437641725,170.05724,0.0004463361983653158
3.7384126984126986,176.12613,0.0003919335431419313
3.7616326530612247,177.86552,0.00021954304247628897
3.784852607709751,172.81978,0.00012206527753733099
3.8080725623582765,161.25504,8.922051347326487e-05
3.8312925170068026,166.3949,6.12446601735428e-05
3.8545124716553287,170.478,4.348895527073182e-05
3.877732426303855,175.17564,2.1476023903233e-05
3.900952380952381,0.0,9.718550245452207e-06
3.924172335600907,0.0,6.943600055819843e-06
3.947392290249433,0.0,1.8926866687252186e-06
3.9706122448979593,0.0,5.045749276177958e-07
3.9938321995464854,0.0,1.9567960407584906e-07
4.017052154195011,0.0,2.4217752070399e-07
4.040272108843538,0.0,6.334857971523888e-07
4.063492063492063,0.0,3.3164815249620005e-07
4.08671201814059,0.0,2.8299564291955903e-07
4.1099319727891155,0.0,2.667466105776839e-07
