0.0,0.0,7.894777809269726e-08
0.023219954648526078,0.0,1.6856392903719097e-07
0.046439909297052155,0.0,1.9530671124812216e-07
0.06965986394557823,0.0,9.532413969282061e-08
0.09287981859410431,0.0,7.548715075245127e-08
0.11609977324263039,0.0,7.135622581699863e-08
0.13931972789115646,0.0,2.0834977476624772e-07
0.16253968253968254,0.0,8.658207661937922e-08
0.18575963718820862,0.0,7.881808414822444e-07
0.2089795918367347,149.1741,0.00010417921293992549
0.23219954648526078,346.7124,0.00024698226479813457
0.25541950113378686,163.62135,0.00033944816095754504
0.2786394557823129,162.23666,0.0005102218128740788
0.301859410430839,161.53699,0.0006114587304182351
0.3250793650793651,161.99646,0.0006885557086206973
0.3482993197278912,168.00096,0.0015231306897476315
0.37151927437641724,173.7003,0.002231074497103691
0.3947392290249433,171.78954,0.002053257543593645
0.4179591836734694,169.36865,0.002028720686212182
0.44117913832199546,165.17198,0.0018495013937354088
0.46439909297052157,163.5584,0.0018027299083769321
0.4876190476190476,168.70686,0.003444358706474304
0.5108390022675737,176.85735,0.0033754734322428703
0.5340589569160998,194.35283,0.005690043792128563
0.5572789115646258,214.91187,0.01421392522752285
0.5804988662131519,224.59944,0.009798364713788033
0.603718820861678,222.89572,0.009396001696586609
0.626938775510204,217.06194,0.005938471760600805
0.6501587301587302,221.79605,0.004370491951704025
0.6733786848072563,238.6642,0.0037854393012821674
0.6965986394557824,260.14017,0.008076831698417664
0.7198185941043084,274.81967,0.012176992371678352
0.7430385487528345,275.3242,0.014110931195318699
0.7662585034013606,268.81796,0.008812800981104374
0.7894784580498866,269.36343,0.005532341077923775
0.8126984126984127,281.4717,0.003113672137260437
0.8359183673469388,320.04874,0.0056146858260035515
0.8591383219954649,356.33627,0.003963942639529705
0.8823582766439909,382.74435,0.0017223113682121038
0.905578231292517,390.89532,0.0037199188955128193
0.9287981859410431,387.49838,0.005056220106780529
0.9520181405895691,382.91,0.00439701322466135
0.9752380952380952,378.21558,0.005191314034163952
0.9984580498866213,370.6944,0.007930496707558632
1.0216780045351475,367.3333,0.00935632735490799
1.0448979591836736,363.6155,0.00979253463447094
1.0681179138321997,359.19907,0.0124337924644351
1.0913378684807256,357.80563,0.014965391717851162
1.1145578231292517,353.36218,0.01873423159122467
1.1377777777777778,340.8909,0.015773260965943336
1.1609977324263039,321.68182,0.008779321797192097
1.18421768707483,283.22162,0.00844256579875946
1.207437641723356,262.80923,0.005921511445194483
1.2306575963718822,257.56802,0.005969351157546043
1.253877551020408,261.15213,0.008193619549274445
1.2770975056689342,264.62216,0.0096633555367589
1.3003174603174603,262.85126,0.005530251655727625
1.3235374149659864,247.24484,0.004410162568092346
1.3467573696145125,216.02193,0.006470578256994486
1.3699773242630386,196.93858,0.0029352183919399977
1.3931972789115648,192.8875,0.0037296079099178314
1.4164172335600906,195.35536,0.0034850691445171833
1.4396371882086167,196.45016,0.0033232830464839935
1.4628571428571429,198.33183,0.003341452684253454
1.486077097505669,199.08264,0.0022432953119277954
1.509297052154195,187.94855,0.0022071958519518375
1.5325170068027212,176.05835,0.0019505011150613427
1.5557369614512473,155.47806,0.0016986248083412647
1.5789569160997732,147.37675,0.0015695104375481606
1.6021768707482993,150.8313,0.002305620815604925
1.6253968253968254,156.83057,0.002923910738900304
1.6486167800453515,161.83565,0.002464144490659237
1.6718367346938776,164.96211,0.002607115311548114
1.6950566893424037,166.5871,0.0024347850121557713
1.7182766439909298,162.80432,0.001739906263537705
1.7414965986394557,157.75363,0.0018515727715566754
1.7647165532879818,154.9079,0.002463078126311302
1.787936507936508,156.48444,0.0022897853050380945
1.811156462585034,162.81215,0.001823332393541932
1.8343764172335602,172.06844,0.003050908213481307
1.8575963718820863,179.73203,0.0017134924419224262
1.8808163265306124,184.08492,0.001286434126086533
1.9040362811791383,183.10033,0.001196168945170939
1.9272562358276644,178.09506,0.0015052045928314328
1.9504761904761905,170.76006,0.001079391106031835
1.9736961451247166,164.8451,0.0011259752791374922
1.9969160997732427,166.62552,0.0014492606278508902
2.020136054421769,170.65744,0.0017285447102040052
2.043356009070295,174.07716,0.0014924799324944615
2.066575963718821,177.23604,0.0012002377770841122
2.089795918367347,175.50049,0.0008814469911158085
2.1130158730158732,167.14328,0.0006529945530928671
2.1362358276643993,159.24588,0.00041640986455604434
2.159455782312925,159.54984,0.00018794590141624212
2.182675736961451,169.75302,0.00012257799971848726
2.2058956916099772,176.12617,3.0372846595128067e-05
2.2291156462585033,171.99731,1.2740221791318618e-05
2.2523356009070294,0.0,2.748557562881615e-06
2.2755555555555556,0.0,1.0550911611062475e-06
2.2987755102040817,0.0,4.91028004034888e-07
2.3219954648526078,0.0,9.139876055996865e-08
2.345215419501134,0.0,1.9526578398654237e-07
2.36843537414966,0.0,6.37546690995805e-08
