0.0,0.0,6.208347258507274e-07
0.023219954648526078,0.0,2.428296284051612e-07
0.046439909297052155,0.0,2.0447623683139682e-07
0.06965986394557823,0.0,1.173666532849893e-07
0.09287981859410431,0.0,1.0621988622006029e-07
0.11609977324263039,0.0,1.3194494385970756e-07
0.13931972789115646,0.0,1.4326451491797343e-07
0.16253968253968254,0.0,2.0530387701001018e-07
0.18575963718820862,0.0,1.0832984116859734e-05
0.2089795918367347,150.11742,4.529960278887302e-05
0.23219954648526078,3088.2393,8.325700036948547e-05
0.25541950113378686,126.484,0.00010464086517458782
0.2786394557823129,128.92644,0.00013866563676856458
0.301859410430839,129.386,0.00016307563055306673
0.3250793650793651,128.83408,0.0001892601721920073
0.3482993197278912,129.37906,0.0002136103285010904
0.37151927437641724,130.34068,0.00023823839728720486
0.3947392290249433,131.66948,0.00026501264073885977
0.4179591836734694,3068.5945,0.00034823661553673446
0.44117913832199546,3097.472,0.00025040493346750736
0.46439909297052157,3103.7744,0.00024503242457285523
0.4876190476190476,3126.509,0.0003800642443820834
0.5108390022675737,3107.0972,0.0004953118623234332
0.5340589569160998,3041.076,0.00043201615335419774
0.5572789115646258,3021.6562,0.00040457514114677906
0.5804988662131519,3027.6482,0.00035384975490160286
0.603718820861678,148.95767,0.00045537383994087577
0.626938775510204,149.79417,0.00039685351657681167
0.6501587301587302,3049.3308,0.0004269867204129696
0.6733786848072563,3001.1304,0.0004489871789701283
0.6965986394557824,169.62158,0.0005348301492631435
0.7198185941043084,169.95813,0.0004912163130939007
0.7430385487528345,3119.424,0.0004614222561940551
0.7662585034013606,163.4923,0.00039535161340609193
0.7894784580498866,3082.6135,0.0003631200233940035
0.8126984126984127,3051.981,0.0005061512929387391
0.8359183673469388,3137.3645,0.0004190384061075747
0.8591383219954649,184.10498,0.00048777172924019396
0.8823582766439909,3124.6045,0.0004052188014611602
0.905578231292517,180.47783,0.0003786098677664995
0.9287981859410431,3123.653,0.0005182471359148622
0.9520181405895691,3122.7532,0.0006157797761261463
0.9752380952380952,3056.8394,0.0007653865031898022
0.9984580498866213,3061.8142,0.0009806716116145253
1.0216780045351475,206.69412,0.0019340795697644353
1.0448979591836736,205.95215,0.001347365789115429
1.0681179138321997,202.08406,0.0010506883263587952
1.0913378684807256,206.23763,0.001935353735461831
1.1145578231292517,3038.906,0.0020166828762739897
1.1377777777777778,3072.0515,0.0033200527541339397
1.1609977324263039,228.38954,0.005939604714512825
1.18421768707483,229.20868,0.005698928609490395
1.207437641723356,224.53766,0.0029598665423691273
1.2306575963718822,222.03508,0.003446619026362896
1.253877551020408,225.55402,0.004366752691566944
1.2770975056689342,1038.8551,0.004225672222673893
1.3003174603174603,245.46527,0.005250241607427597
1.3235374149659864,251.28085,0.0041246553882956505
1.3467573696145125,249.45555,0.004272527992725372
1.3699773242630386,246.97821,0.005049240775406361
1.3931972789115648,244.91496,0.005071292631328106
1.4164172335600906,251.75284,0.00789232924580574
1.4396371882086167,1035.2118,0.007213866338133812
1.4628571428571429,273.75806,0.008393136784434319
1.486077097505669,277.04584,0.00692705949768424
1.509297052154195,273.2344,0.003425802104175091
1.5325170068027212,268.06152,0.003433018922805786
1.5557369614512473,273.18137,0.004586898721754551
1.5789569160997732,283.87134,0.005356306210160255
1.6021768707482993,292.71338,0.007655664347112179
1.6253968253968254,296.4975,0.0076381247490644455
1.6486167800453515,295.7395,0.00669538788497448
1.6718367346938776,293.16556,0.007053243461996317
1.6950566893424037,294.67004,0.007913046516478062
1.7182766439909298,297.1895,0.007238695397973061
1.7414965986394557,297.79907,0.005966081749647856
1.7647165532879818,296.65372,0.005485307890921831
1.787936507936508,292.4071,0.005946117453277111
1.811156462585034,282.01352,0.005024454556405544
1.8343764172335602,271.02512,0.004867475479841232
1.8575963718820863,263.55258,0.004962397273629904
1.8808163265306124,262.1339,0.004811800550669432
1.9040362811791383,263.46362,0.004914012271910906
1.9272562358276644,262.75488,0.00482732430100441
1.9504761904761905,256.86777,0.006658234633505344
1.9736961451247166,247.59637,0.00360682001337409
1.9969160997732427,239.48117,0.0028446430806070566
2.020136054421769,232.47966,0.0021067545749247074
2.043356009070295,233.18777,0.0019291723147034645
2.066575963718821,235.90422,0.001746016787365079
2.089795918367347,234.10281,0.0017053617630153894
2.1130158730158732,228.09007,0.0014362790388986468
2.1362358276643993,2851.2625,0.0012707732385024428
2.159455782312925,208.05176,0.0007294772658497095
2.182675736961451,206.43343,0.0007185105932876468
2.2058956916099772,208.65164,0.000676413532346487
2.2291156462585033,208.81152,0.0006341043626889586
2.2523356009070294,208.08824,0.0005234854761511087
2.2755555555555556,2979.473,0.0004311891971156001
2.2987755102040817,2973.9778,0.0004272988880984485
2.3219954648526078,3038.0745,0.0003776662051677704
2.345215419501134,178.09242,0.00034276634687557817
2.36843537414966,180.00497,0.000277022976661101
2.391655328798186,183.29707,0.0002769039710983634
2.414875283446712,185.27159,0.0002583636960480362
2.4380952380952383,182.83636,0.00028783033485524356
2.4613151927437644,3047.7307,0.000280013307929039
2.48453514739229,3056.584,0.00033407227601855993
2.507755102040816,155.17416,0.0003028676437679678
2.5309750566893423,156.36752,0.00023314094869419932
2.5541950113378684,160.59964,0.00022083174553699791
2.5774149659863945,165.50653,0.00019019375031348318
2.6006349206349206,167.29752,0.00019332928059156984
2.6238548752834467,162.47295,0.00023654659162275493
2.647074829931973,3106.2878,0.0003139263717457652
2.670294784580499,150.64091,0.0003486663044895977
2.693514739229025,149.8039,0.0003927632933482528
2.716734693877551,151.01778,0.000322360428981483
2.7399546485260773,155.21046,0.00032492392347194254
2.7631746031746034,155.68002,0.0003877225681208074
2.7863945578231295,3071.5122,0.0006025253096595407
2.809614512471655,3146.7175,0.001082691247574985
2.8328344671201813,3152.4348,0.0010088265407830477
2.8560544217687074,3150.1392,0.00100935238879174
2.8792743764172335,130.54988,0.0010343483882024884
2.9024943310657596,132.27425,0.0012428422924131155
2.9257142857142857,133.74565,0.0013476533349603415
2.948934240362812,134.45758,0.0012587844394147396
2.972154195011338,133.98666,0.001163872191682458
2.995374149659864,3167.5217,0.0009513456607237458
3.01859410430839,3150.2554,0.00040969508700072765
3.0418140589569163,120.15166,0.00035759390448220074
3.0650340136054424,120.263504,0.0004341501626186073
3.0882539682539685,3193.6033,0.0004997830837965012
3.1114739229024946,3182.2283,0.00047410628758370876
3.1346938775510207,130.00502,0.0006684077670797706
3.1579138321995464,130.13092,0.0007140087545849383
3.1811337868480725,3160.5054,0.00047305572661571205
3.2043537414965986,3177.9622,0.0002760879579000175
3.2275736961451247,3209.3223,0.0003295728820376098
3.250793650793651,3210.5059,0.000322912324918434
3.274013605442177,3178.2847,0.00032459900830872357
3.297233560090703,3191.8281,0.0003952892730012536
3.320453514739229,3162.0698,0.00041568989399820566
3.3436734693877552,3166.1975,0.0004320336156524718
3.3668934240362813,3163.3582,0.0003650024882517755
3.3901133786848074,3166.819,0.0002328598638996482
3.4133333333333336,3170.866,0.00028454343555495143
3.4365532879818597,3139.2856,0.00019639605307020247
3.4597732426303858,3139.77,0.00023566847085021436
3.4829931972789114,3135.0454,0.00030394899658858776
3.5062131519274375,3133.686,0.00026291224639862776
3.5294331065759637,129.50388,0.00014683602785225958
3.5526530612244898,126.15127,4.692462243838236e-05
3.575873015873016,129.72736,1.91043691302184e-05
3.599092970521542,124.96096,2.280521221109666e-05
3.622312925170068,117.17078,1.1934816939174198e-05
3.645532879818594,0.0,4.023479959869292e-06
3.6687528344671203,0.0,1.6813319234643131e-06
3.6919727891156464,0.0,4.251032805768773e-07
3.7151927437641725,0.0,4.535650077741593e-07
3.7384126984126986,0.0,2.2481799533125013e-07
3.7616326530612247,0.0,2.7590613171923906e-07
3.784852607709751,0.0,2.8418435249477625e-07
