0.0,0.0,2.0287643565097824e-07
0.023219954648526078,0.0,5.169295036466792e-08
0.046439909297052155,0.0,3.7325662560760975e-08
0.06965986394557823,0.0,2.9363036446738988e-08
0.09287981859410431,0.0,1.7192178347613662e-07
0.11609977324263039,0.0,2.619153747218661e-07
0.13931972789115646,0.0,2.0109837350901216e-06
0.16253968253968254,174.405,0.0006353729986585677
0.18575963718820862,116.98159,0.0034989977721124887
0.2089795918367347,121.145874,0.005414504557847977
0.23219954648526078,127.14645,0.0079430490732193
0.25541950113378686,127.832886,0.010856898501515388
0.2786394557823129,249.28647,0.013282408006489277
0.301859410430839,118.79508,0.014181351289153099
0.3250793650793651,121.116425,0.01413027010858059
0.3482993197278912,507.7743,0.010600263252854347
0.37151927437641724,146.64471,0.011989952996373177
0.3947392290249433,162.31348,0.01683812215924263
0.4179591836734694,165.31445,0.021632272750139236
0.44117913832199546,159.84145,0.017383597791194916
0.46439909297052157,144.99419,0.017739232629537582
0.4876190476190476,140.201,0.017978481948375702
0.5108390022675737,509.52338,0.027134891599416733
0.5340589569160998,180.82536,0.026768408715724945
0.5572789115646258,195.14235,0.0260819960385561
0.5804988662131519,200.09198,0.035892851650714874
0.603718820861678,194.32416,0.03415076062083244
0.626938775510204,185.4732,0.03928980976343155
0.6501587301587302,635.1193,0.03246956691145897
0.6733786848072563,225.50624,0.04124508798122406
0.6965986394557824,240.89867,0.04471270740032196
0.7198185941043084,258.8228,0.06823692470788956
0.7430385487528345,277.94693,0.0630861297249794
0.7662585034013606,275.41006,0.060084596276283264
0.7894784580498866,240.44104,0.05552217364311218
0.8126984126984127,646.19586,0.050194427371025085
0.8359183673469388,172.30847,0.04803566262125969
0.8591383219954649,170.53394,0.05045038461685181
0.8823582766439909,175.68126,0.045401401817798615
0.905578231292517,189.1751,0.02948758751153946
0.9287981859410431,191.8218,0.02522953599691391
0.9520181405895691,186.57236,0.039145488291978836
0.9752380952380952,515.3523,0.030411165207624435
0.9984580498866213,517.6444,0.031565140932798386
1.0216780045351475,134.30197,0.024180617183446884
1.0448979591836736,139.18741,0.014808746986091137
1.0681179138321997,148.32187,0.01776338368654251
1.0913378684807256,151.98412,0.014703173190355301
1.1145578231292517,630.31335,0.018569421023130417
1.1377777777777778,505.9636,0.02014763094484806
1.1609977324263039,501.5814,0.011793604120612144
1.18421768707483,113.64075,0.009472046047449112
1.207437641723356,499.56964,0.012581524439156055
1.2306575963718822,123.76735,0.015177580527961254
1.253877551020408,125.62378,0.017204955220222473
1.2770975056689342,125.06668,0.01704946719110012
1.3003174603174603,121.77725,0.01360761746764183
1.3235374149659864,116.4728,0.008192754350602627
1.3467573696145125,114.53381,0.007313965354114771
1.3699773242630386,119.21933,0.012353751808404922
1.3931972789115648,123.75748,0.011563065461814404
1.4164172335600906,499.39752,0.009182791225612164
1.4396371882086167,132.95837,0.008082323707640171
1.4628571428571429,502.04523,0.008966130204498768
1.486077097505669,118.65776,0.007332766428589821
1.509297052154195,110.46264,0.00486723193898797
1.5325170068027212,494.10498,0.006672622635960579
1.5557369614512473,119.99821,0.005549462046474218
1.5789569160997732,497.80817,0.0032353089191019535
1.6021768707482993,138.47556,0.001530962996184826
1.6253968253968254,136.36205,0.00034791213693097234
1.6486167800453515,127.97821,8.004070696188137e-05
1.6718367346938776,136.80919,5.845593477715738e-05
1.6950566893424037,43.32728,0.00018006315804086626
1.7182766439909298,43.406963,0.0001066222830559127
1.7414965986394557,0.0,2.4682416551513597e-05
1.7647165532879818,0.0,3.117060987278819e-05
1.787936507936508,0.0,7.056592949084006e-06
1.811156462585034,44.51325,1.8822174752131104e-05
1.8343764172335602,0.0,2.1845344235771336e-06
1.8575963718820863,0.0,6.178261173772626e-07
1.8808163265306124,0.0,4.166606231592596e-06
1.9040362811791383,0.0,2.209605554526206e-06
1.9272562358276644,0.0,4.008370524388738e-07
1.9504761904761905,0.0,6.645368557656184e-07
1.9736961451247166,0.0,4.814164640265517e-07
1.9969160997732427,0.0,1.5809291653567925e-07
