0.0,0.0,3.7673089536838233e-08
0.023219954648526078,0.0,3.4800905268639326e-08
0.046439909297052155,0.0,2.5381268642377108e-08
0.06965986394557823,0.0,4.2562533053569496e-08
0.09287981859410431,0.0,2.329124981770292e-08
0.11609977324263039,0.0,2.570504875620827e-08
0.13931972789115646,0.0,2.4252585717476904e-08
0.16253968253968254,0.0,2.164870238630101e-08
0.18575963718820862,0.0,1.5800651453901082e-08
0.2089795918367347,0.0,3.433524398133159e-08
0.23219954648526078,0.0,7.266862667165697e-09
0.25541950113378686,0.0,1.0881194612011313e-08
0.2786394557823129,0.0,1.758598955348134e-08
0.301859410430839,0.0,3.445802576607093e-08
0.3250793650793651,0.0,2.133492671418935e-08
0.3482993197278912,0.0,2.897043486882467e-06
0.37151927437641724,0.0,8.662455911689904e-06
0.3947392290249433,168.52719,1.6272122593363747e-05
0.4179591836734694,172.73726,2.2710348275722936e-05
0.44117913832199546,173.80504,1.838619209593162e-05
0.46439909297052157,170.70392,2.346403016417753e-05
0.4876190476190476,169.991,4.0627266571391374e-05
0.5108390022675737,172.7022,4.698713746620342e-05
0.5340589569160998,174.5674,4.0264618291985244e-05
0.5572789115646258,171.56223,5.199328370508738e-05
0.5804988662131519,171.32622,8.105038432404399e-05
0.603718820861678,172.59952,8.903059642761946e-05
0.626938775510204,171.79756,9.94428337435238e-05
0.6501587301587302,172.23041,0.0001232084905495867
0.6733786848072563,172.75278,0.0001526767446193844
0.6965986394557824,173.75401,0.0001809695386327803
0.7198185941043084,174.78882,0.00017445744015276432
0.7430385487528345,173.6184,0.0001638834655750543
0.7662585034013606,178.64865,0.0002896317164413631
0.7894784580498866,390.01987,0.00023617860279046
0.8126984126984127,213.07465,0.00024531545932404697
0.8359183673469388,217.56271,0.00024490937357768416
0.8591383219954649,416.61816,0.0003141067281831056
0.8823582766439909,190.76323,0.00031603756360709667
0.905578231292517,191.68098,0.0003573961148504168
0.9287981859410431,407.46603,0.0003674016916193068
0.9520181405895691,214.35548,0.00034748949110507965
0.9752380952380952,225.77287,0.00022756737598683685
0.9984580498866213,228.07108,0.00036109937354922295
1.0216780045351475,216.82515,0.0006910292431712151
1.0448979591836736,199.28714,0.0006223765667527914
1.0681179138321997,197.17258,0.0005455614300444722
1.0913378684807256,420.19623,0.0006275148480199277
1.1145578231292517,222.91953,0.0004235744127072394
1.1377777777777778,234.13702,0.0004265919851604849
1.1609977324263039,238.8486,0.0007137845968827605
1.18421768707483,236.3034,0.0009536831057630479
1.207437641723356,221.87381,0.0011610818328335881
1.2306575963718822,217.69559,0.0013577677309513092
1.253877551020408,224.91212,0.000771081424318254
1.2770975056689342,238.81088,0.0006556768203154206
1.3003174603174603,257.08456,0.0004219877300783992
1.3235374149659864,269.0478,0.0003587300598155707
1.3467573696145125,278.66467,0.00042999014840461314
1.3699773242630386,272.82672,0.0005614568945020437
1.3931972789115648,259.1819,0.000640730606392026
1.4164172335600906,248.84415,0.0005227643414400518
1.4396371882086167,257.87714,0.0004888515686616302
1.4628571428571429,274.89014,0.0004115029005333781
1.486077097505669,293.47308,0.00043756581726484
1.509297052154195,310.15018,0.0004804092168342322
1.5325170068027212,306.7316,0.0006116568110883236
1.5557369614512473,291.2988,0.0009371057385578752
1.5789569160997732,285.97867,0.0009008932393044233
1.6021768707482993,294.66653,0.0005463561974465847
1.6253968253968254,312.26913,0.0006962260231375694
1.6486167800453515,329.17468,0.0011294863652437925
1.6718367346938776,344.71646,0.0015117444563657045
1.6950566893424037,345.54877,0.001655536936596036
1.7182766439909298,327.3219,0.001794941141270101
1.7414965986394557,317.89523,0.0014093667268753052
1.7647165532879818,324.6643,0.0020423871465027332
1.787936507936508,334.63422,0.0018375229556113482
1.811156462585034,352.38376,0.002122799400240183
1.8343764172335602,364.0772,0.0028949903789907694
1.8575963718820863,368.0931,0.00275670294649899
1.8808163265306124,358.86603,0.0036873607896268368
1.9040362811791383,347.47656,0.0031250123865902424
1.9272562358276644,345.29932,0.0031053186394274235
1.9504761904761905,357.07144,0.0028308099135756493
1.9736961451247166,375.88583,0.0020373649895191193
1.9969160997732427,398.00986,0.0029799258336424828
2.020136054421769,414.44553,0.0030711181461811066
2.043356009070295,422.73486,0.004086265340447426
2.066575963718821,414.52393,0.0038921264931559563
2.089795918367347,396.87115,0.004323804751038551
2.1130158730158732,382.93823,0.002814886625856161
2.1362358276643993,370.21014,0.0026976217050105333
2.159455782312925,365.61526,0.003086466807872057
2.182675736961451,363.38306,0.003209298476576805
2.2058956916099772,363.95297,0.0032698488794267178
2.2291156462585033,358.74808,0.0032989117316901684
2.2523356009070294,347.70956,0.002101923804730177
2.2755555555555556,339.25888,0.0020022026728838682
2.2987755102040817,337.64914,0.0017614337848499417
2.3219954648526078,343.30627,0.0019031959818676114
2.345215419501134,344.78125,0.001502060447819531
2.36843537414966,334.66006,0.0015887110494077206
2.391655328798186,322.8044,0.001220094389282167
2.414875283446712,305.40265,0.001067683449946344
2.4380952380952383,295.8231,0.001051540719345212
2.4613151927437644,296.9496,0.0008693230338394642
2.48453514739229,299.63397,0.0008247329969890416
2.507755102040816,301.7884,0.000815090024843812
2.5309750566893423,295.59824,0.001115433406084776
2.5541950113378684,278.98962,0.0012774706119671464
2.5774149659863945,259.9733,0.001016524969600141
2.6006349206349206,260.8283,0.0009441734291613102
2.6238548752834467,271.6329,0.0009531226241961122
2.647074829931973,274.17584,0.0007952990708872676
2.670294784580499,267.95044,0.0009149413090199232
2.693514739229025,261.5175,0.0011438706424087286
2.716734693877551,241.446,0.0020434479229152203
2.7399546485260773,234.431,0.0022302204743027687
2.7631746031746034,236.78618,0.0024710120633244514
2.7863945578231295,240.45468,0.0029379657935351133
2.809614512471655,241.95685,0.0026099837850779295
2.8328344671201813,238.83792,0.002778793452307582
2.8560544217687074,226.40074,0.0013823907356709242
2.8792743764172335,218.96098,0.0016568468417972326
2.9024943310657596,222.72762,0.001406158204190433
2.9257142857142857,227.7303,0.0013152622850611806
2.948934240362812,225.58629,0.0012603109935298562
2.972154195011338,223.51344,0.0012164143845438957
2.995374149659864,215.63847,0.0012541960459202528
3.01859410430839,205.40234,0.0009972767438739538
3.0418140589569163,198.34915,0.0006255579646676779
3.0650340136054424,198.02986,0.0005929403705522418
3.0882539682539685,195.04865,0.0005019049858674407
3.1114739229024946,191.14775,0.0005078549729660153
3.1346938775510207,193.09477,0.0004731660592369735
3.1579138321995464,190.16301,0.0004804949858225882
3.1811337868480725,184.48207,0.00038288385258056223
3.2043537414965986,166.91539,0.0003103437484242022
3.2275736961451247,165.768,0.00037826868356205523
3.250793650793651,169.62344,0.00047154666390269995
3.274013605442177,172.75217,0.00043641802039928734
3.297233560090703,174.03262,0.0003504714695736766
3.320453514739229,172.04732,0.0003345012664794922
3.3436734693877552,166.7515,0.00038100918754935265
3.3668934240362813,161.55345,0.0002671618713065982
3.3901133786848074,161.12064,0.00030625617364421487
3.4133333333333336,2518.9702,0.00041328652878291905
3.4365532879818597,180.93344,0.00046216382179409266
3.4597732426303858,186.52565,0.00046387212933041155
3.4829931972789114,188.15114,0.00044222312862984836
3.5062131519274375,184.06743,0.00033512955997139215
3.5294331065759637,2519.2688,0.0002845649723894894
3.5526530612244898,156.62254,0.0003158576728310436
3.575873015873016,157.72247,0.0002576007100287825
3.599092970521542,2516.0593,0.00037372170481830835
3.622312925170068,180.0662,0.0004303553723730147
3.645532879818594,185.57185,0.00047130289021879435
3.6687528344671203,183.86606,0.0003612781874835491
3.6919727891156464,2514.7983,0.0002851170429494232
3.7151927437641725,2510.3884,0.00028313309303484857
3.7384126984126986,152.36264,0.0002087371685774997
3.7616326530612247,2491.3528,0.00024331898021046072
3.784852607709751,2528.884,0.0003172673750668764
3.8080725623582765,186.1875,0.00011543926666490734
3.8312925170068026,0.0,9.745624993229285e-06
3.8545124716553287,0.0,1.2941172826685943e-06
3.877732426303855,0.0,1.223315848619677e-07
3.900952380952381,0.0,4.114372131880373e-08
3.924172335600907,0.0,5.6182216212619096e-08
3.947392290249433,0.0,3.769127943087369e-08
3.9706122448979593,0.0,4.031517164548859e-08
3.9938321995464854,0.0,3.2651769288349897e-08
4.017052154195011,0.0,2.9371221899054945e-08
4.040272108843538,0.0,1.8016180547419935e-08
4.063492063492063,0.0,6.447316991398111e-08
4.08671201814059,0.0,3.016793925780803e-08
4.1099319727891155,0.0,1.8615537555888295e-08
4.133151927437642,0.0,3.5201082937419415e-08
4.156371882086168,0.0,1.767330104485154e-08
4.179591836734694,0.0,1.8338141671847552e-08
