0.0,0.0,6.33381205261685e-08
0.023219954648526078,0.0,3.4160893847001716e-07
0.046439909297052155,0.0,2.34511389862746e-07
0.06965986394557823,0.0,2.58202817349229e-07
0.09287981859410431,0.0,1.586486177984625e-07
0.11609977324263039,0.0,1.0815529094543308e-07
0.13931972789115646,0.0,6.360114639392123e-07
0.16253968253968254,2722.6106,9.82832643785514e-05
0.18575963718820862,139.70547,0.00024405837757512927
0.2089795918367347,142.12427,0.00022651506878901273
0.23219954648526078,142.33398,0.0005772297736257315
0.25541950113378686,140.72456,0.0009513749973848462
0.2786394557823129,140.34407,0.0013181855902075768
0.301859410430839,139.75809,0.0016503424849361181
0.3250793650793651,137.28117,0.001433797413483262
0.3482993197278912,135.8495,0.0016619183588773012
0.37151927437641724,138.0005,0.0023280757013708353
0.3947392290249433,139.14314,0.002503173891454935
0.4179591836734694,139.2937,0.0024711755104362965
0.44117913832199546,2387.255,0.0015582332853227854
0.46439909297052157,2410.9983,0.001869547413662076
0.4876190476190476,2420.686,0.004623071290552616
0.5108390022675737,164.14766,0.006634811870753765
0.5340589569160998,166.5899,0.008532963693141937
0.5572789115646258,168.50365,0.008389783091843128
0.5804988662131519,171.1634,0.007719847373664379
0.603718820861678,171.08829,0.007723825052380562
0.626938775510204,172.41118,0.006428542081266642
0.6501587301587302,177.24863,0.006105785258114338
0.6733786848072563,2445.5115,0.005520254373550415
0.6965986394557824,2327.2217,0.006000343710184097
0.7198185941043084,204.28555,0.00873219221830368
0.7430385487528345,2460.779,0.00964447483420372
0.7662585034013606,196.39032,0.013423316180706024
0.7894784580498866,202.2584,0.014087051153182983
0.8126984126984127,2561.9753,0.016744613647460938
0.8359183673469388,217.12242,0.01914403960108757
0.8591383219954649,220.61752,0.01641203835606575
0.8823582766439909,221.02438,0.016539525240659714
0.905578231292517,2493.112,0.01425497978925705
0.9287981859410431,2396.202,0.016415152698755264
0.9520181405895691,2472.6335,0.018883880227804184
0.9752380952380952,276.5706,0.02097022719681263
0.9984580498866213,277.35507,0.023558685556054115
1.0216780045351475,274.78424,0.020618900656700134
1.0448979591836736,273.30264,0.020435133948922157
1.0681179138321997,276.09213,0.02431151457130909
1.0913378684807256,275.88983,0.021546106785535812
1.1145578231292517,276.21002,0.021696221083402634
1.1377777777777778,270.21027,0.013698789291083813
1.1609977324263039,2498.4368,0.014176958240568638
1.18421768707483,2551.066,0.014875274151563644
1.207437641723356,2607.7192,0.013086477294564247
1.2306575963718822,206.01035,0.010977611877024174
1.253877551020408,206.53902,0.009520309045910835
1.2770975056689342,209.61612,0.007513039279729128
1.3003174603174603,207.33946,0.008358810096979141
1.3235374149659864,206.59976,0.006649767979979515
1.3467573696145125,2497.1602,0.007755649276077747
1.3699773242630386,2475.3337,0.005146918818354607
1.3931972789115648,163.55225,0.006072567775845528
1.4164172335600906,164.63524,0.009233305230736732
1.4396371882086167,168.85286,0.009498633444309235
1.4628571428571429,170.96227,0.00914064608514309
1.486077097505669,170.50009,0.008899208158254623
1.509297052154195,170.23691,0.008394594304263592
1.5325170068027212,169.54652,0.006912114564329386
1.5557369614512473,167.0594,0.007463115267455578
1.5789569160997732,2440.8357,0.007690994534641504
1.6021768707482993,2515.3982,0.00270498963072896
1.6253968253968254,2330.7764,0.00024186522932723165
1.6486167800453515,2391.0024,0.0014872602187097073
1.6718367346938776,140.41104,0.0015932577662169933
1.6950566893424037,140.38623,0.0016898008761927485
1.7182766439909298,139.85445,0.0020086518488824368
1.7414965986394557,139.14459,0.001653976971283555
1.7647165532879818,138.69485,0.0012284417171031237
1.787936507936508,138.21513,0.0010820546885952353
1.811156462585034,138.99669,0.0011866469867527485
1.8343764172335602,140.76389,0.0017345151863992214
1.8575963718820863,141.63206,0.00170462008100003
1.8808163265306124,142.34698,0.002058778889477253
1.9040362811791383,2369.26,0.001378772547468543
1.9272562358276644,135.39699,0.0008886252762749791
1.9504761904761905,2271.2046,0.00040244049159809947
1.9736961451247166,130.49477,0.0004653948999475688
1.9969160997732427,133.11441,0.0007016613963060081
2.020136054421769,135.80038,0.0010556295746937394
2.043356009070295,2301.452,0.0015443393494933844
2.066575963718821,141.8478,0.0012575987493619323
2.089795918367347,2357.0842,0.0005441663088276982
2.1130158730158732,133.37367,6.256615597521886e-05
2.1362358276643993,119.392105,4.615610305336304e-05
2.159455782312925,122.87496,1.2769656677846797e-05
2.182675736961451,0.0,3.3025280572474003e-06
2.2058956916099772,0.0,8.112601790344343e-07
2.2291156462585033,0.0,3.594914232962765e-07
2.2523356009070294,0.0,1.809366949601099e-07
2.2755555555555556,0.0,5.104866431793198e-07
2.2987755102040817,0.0,5.39848770131357e-07
2.3219954648526078,0.0,3.5881657822756097e-07
2.345215419501134,0.0,8.924143912736326e-08
2.36843537414966,0.0,3.6086930776946247e-08
2.391655328798186,0.0,1.0826624929904938e-08
