0.0,0.0,4.520234142546542e-07
0.023219954648526078,0.0,2.508222678443417e-07
0.046439909297052155,0.0,2.2225685825105757e-07
0.06965986394557823,0.0,1.4506167644867674e-07
0.09287981859410431,0.0,4.468256520340219e-08
0.11609977324263039,0.0,8.295228326460347e-08
0.13931972789115646,0.0,3.145669325022027e-08
0.16253968253968254,0.0,7.869039109209552e-08
0.18575963718820862,163.70439,1.4299926988314837e-05
0.2089795918367347,64.407585,0.00010296468099113554
0.23219954648526078,131.05,0.00026605642051436007
0.25541950113378686,130.00658,0.0003906617930624634
0.2786394557823129,130.78925,0.0004574924532789737
0.301859410430839,130.61423,0.0004564932605717331
0.3250793650793651,129.51314,0.00042177358409389853
0.3482993197278912,129.45222,0.00045879516983404756
0.37151927437641724,131.97415,0.0006591388955712318
0.3947392290249433,139.37354,0.0009168515680357814
0.4179591836734694,145.12476,0.0010953510645776987
0.44117913832199546,148.97078,0.001437927596271038
0.46439909297052157,149.25128,0.0011261143954470754
0.4876190476190476,148.9794,0.0012508633080869913
0.5108390022675737,153.45242,0.0018578870221972466
0.5340589569160998,158.04617,0.0026277070865035057
0.5572789115646258,161.44118,0.0018928879871964455
0.5804988662131519,161.77113,0.0018180191982537508
0.603718820861678,163.18092,0.001720022177323699
0.626938775510204,162.90514,0.002005684655159712
0.6501587301587302,165.17827,0.002445637248456478
0.6733786848072563,171.64584,0.0027036184910684824
0.6965986394557824,176.80249,0.002176100853830576
0.7198185941043084,179.92007,0.001960572088137269
0.7430385487528345,181.95494,0.0020042876712977886
0.7662585034013606,180.94203,0.002099619247019291
0.7894784580498866,178.78548,0.0020006843842566013
0.8126984126984127,178.38983,0.0016354091931134462
0.8359183673469388,186.1034,0.0018159393221139908
0.8591383219954649,191.62042,0.0021886988542973995
0.8823582766439909,196.12099,0.0020861283410340548
0.905578231292517,196.198,0.0023451042361557484
0.9287981859410431,2615.226,0.0023356922902166843
0.9520181405895691,189.728,0.0026622277218848467
0.9752380952380952,2663.0774,0.002306718612089753
0.9984580498866213,203.15877,0.0032239139545708895
1.0216780045351475,214.81372,0.004470537416636944
1.0448979591836736,224.19905,0.005905813537538052
1.0681179138321997,225.432,0.005392882507294416
1.0913378684807256,220.26329,0.00463569350540638
1.1145578231292517,216.58087,0.004490436054766178
1.1377777777777778,219.26535,0.006623927038162947
1.1609977324263039,228.60016,0.009492512792348862
1.18421768707483,241.0635,0.006891005672514439
1.207437641723356,253.67082,0.006426190957427025
1.2306575963718822,256.5524,0.007772402372211218
1.253877551020408,253.79541,0.008070701733231544
1.2770975056689342,249.59612,0.006369141396135092
1.3003174603174603,248.67192,0.006665863562375307
1.3235374149659864,250.27838,0.00803220272064209
1.3467573696145125,256.80887,0.011438781395554543
1.3699773242630386,264.10013,0.010202774778008461
1.3931972789115648,269.70773,0.008787553757429123
1.4164172335600906,267.0688,0.009272505529224873
1.4396371882086167,260.55527,0.010416442528367043
1.4628571428571429,254.90169,0.009310283698141575
1.486077097505669,257.266,0.009985505603253841
1.509297052154195,266.81064,0.008768811821937561
1.5325170068027212,285.76276,0.005827919580042362
1.5557369614512473,299.26288,0.0044278474524617195
1.5789569160997732,302.38434,0.005159804131835699
1.6021768707482993,297.62445,0.00473492406308651
1.6253968253968254,290.20697,0.0061943307518959045
1.6486167800453515,284.66226,0.008605707436800003
1.6718367346938776,279.7919,0.008395016193389893
1.6950566893424037,275.11548,0.007155396044254303
1.7182766439909298,267.68512,0.008262798190116882
1.7414965986394557,262.0977,0.009363056160509586
1.7647165532879818,256.99454,0.008678656071424484
1.787936507936508,255.63007,0.008471377193927765
1.811156462585034,258.0847,0.008551182225346565
1.8343764172335602,258.04684,0.007642659358680248
1.8575963718820863,252.83331,0.006559624336659908
1.8808163265306124,246.71535,0.005232946015894413
1.9040362811791383,243.15575,0.0055802930146455765
1.9272562358276644,241.60657,0.00575550552457571
1.9504761904761905,243.45178,0.005055665038526058
1.9736961451247166,247.19774,0.004688065964728594
1.9969160997732427,249.4563,0.0048478939570486546
2.020136054421769,245.4704,0.0056416941806674
2.043356009070295,235.34357,0.0071513354778289795
2.066575963718821,219.60442,0.00499339122325182
2.089795918367347,214.07584,0.004814217798411846
2.1130158730158732,214.7313,0.004899464547634125
2.1362358276643993,216.4694,0.004905571695417166
2.159455782312925,216.86807,0.004663807339966297
2.182675736961451,214.20578,0.004158216528594494
2.2058956916099772,208.7207,0.0037560444325208664
2.2291156462585033,2745.1267,0.0028562843799591064
2.2523356009070294,195.03778,0.002356971148401499
2.2755555555555556,191.49622,0.002192300744354725
2.2987755102040817,190.70078,0.0027304342947900295
2.3219954648526078,192.4821,0.002667229389771819
2.345215419501134,195.43748,0.002436144044622779
2.36843537414966,194.9696,0.0023735566064715385
2.391655328798186,2594.2551,0.0019296645186841488
2.414875283446712,181.25023,0.0023936245124787092
2.4380952380952383,172.15897,0.002483641728758812
2.4613151927437644,172.0304,0.0025826510973274708
2.48453514739229,174.22902,0.0026015148032456636
2.507755102040816,175.97859,0.002158203860744834
2.5309750566893423,175.02666,0.002271365374326706
2.5541950113378684,170.94801,0.002790972823277116
2.5774149659863945,167.42467,0.0021653492003679276
2.6006349206349206,164.68294,0.001577453687787056
2.6238548752834467,164.10587,0.0015790786128491163
2.647074829931973,164.57115,0.0015527327777817845
2.670294784580499,162.7901,0.0017132220091298223
2.693514739229025,162.15779,0.001853031339123845
2.716734693877551,163.77432,0.0017659311415627599
2.7399546485260773,162.31184,0.0019375195261090994
2.7631746031746034,502.80884,0.0022846783977001905
2.7863945578231295,422.78278,0.0014351264107972383
2.809614512471655,144.85184,0.0011063767597079277
2.8328344671201813,144.46893,0.0012400491395965219
2.8560544217687074,144.8161,0.001538615906611085
2.8792743764172335,144.21146,0.001606591627933085
2.9024943310657596,144.15083,0.0016115569742396474
2.9257142857142857,144.67499,0.0013333173701539636
2.948934240362812,142.69312,0.0013181078247725964
2.972154195011338,141.01491,0.0011427141726016998
2.995374149659864,138.22195,0.0006957033183425665
3.01859410430839,133.0271,0.000496154185384512
3.0418140589569163,130.98853,0.00034962588688358665
3.0650340136054424,130.21317,0.0003816650132648647
3.0882539682539685,132.4841,0.0005369365680962801
3.1114739229024946,133.36824,0.0005344547098502517
3.1346938775510207,133.12085,0.000543171598110348
3.1579138321995464,132.34854,0.0005027145962230861
3.1811337868480725,130.96104,0.00041249225614592433
3.2043537414965986,129.18224,0.00030295009491965175
3.2275736961451247,129.13809,0.0002992611553054303
3.250793650793651,130.799,0.0004925438552163541
3.274013605442177,131.56435,0.00047546951100230217
3.297233560090703,133.28735,0.0004631048650480807
3.320453514739229,135.16562,0.0004584118723869324
3.3436734693877552,132.61253,0.00037103091017343104
3.3668934240362813,125.573326,0.00026678404537960887
3.3901133786848074,119.74318,0.00029472634196281433
3.4133333333333336,119.84215,0.0003011449007317424
3.4365532879818597,128.35068,0.00031864235643297434
3.4597732426303858,139.25711,0.0001737532438710332
3.4829931972789114,138.75156,2.3356704332400113e-05
3.5062131519274375,0.0,2.4131304598995484e-06
3.5294331065759637,0.0,1.300582880503498e-06
3.5526530612244898,0.0,2.1927462512394413e-07
3.575873015873016,0.0,7.500730134779587e-07
3.599092970521542,0.0,8.447595973848365e-07
3.622312925170068,0.0,4.706516847363673e-07
3.645532879818594,0.0,6.840518835815601e-07
3.6687528344671203,0.0,6.429836503230035e-07
