0.0,0.0,2.9452166927512735e-08
0.023219954648526078,0.0,2.8078829927835613e-08
0.046439909297052155,0.0,7.726976036792621e-08
0.06965986394557823,0.0,7.24994606571272e-08
0.09287981859410431,0.0,6.313439371297136e-08
0.11609977324263039,0.0,1.0010899131884798e-07
0.13931972789115646,215.82414,0.0003593009023461491
0.16253968253968254,196.13014,0.0014147493056952953
0.18575963718820862,192.38722,0.0023476677015423775
0.2089795918367347,193.25142,0.0036965874023735523
0.23219954648526078,194.13928,0.00495037529617548
0.25541950113378686,194.11774,0.006544214673340321
0.2786394557823129,192.82442,0.008076991885900497
0.301859410430839,189.85812,0.009121299721300602
0.3250793650793651,187.83388,0.012279321439564228
0.3482993197278912,184.73187,0.01249589305371046
0.37151927437641724,182.50601,0.01264101266860962
0.3947392290249433,181.28525,0.013248755596578121
0.4179591836734694,182.5381,0.014257846400141716
0.44117913832199546,182.01218,0.013878303579986095
0.46439909297052157,182.01245,0.014069302007555962
0.4876190476190476,184.86313,0.016078004613518715
0.5108390022675737,189.64603,0.014993716962635517
0.5340589569160998,200.24818,0.019922468811273575
0.5572789115646258,210.57042,0.027786115184426308
0.5804988662131519,218.42648,0.034789763391017914
0.603718820861678,215.83878,0.029050294309854507
0.626938775510204,211.05559,0.025003604590892792
0.6501587301587302,211.4039,0.0286847036331892
0.6733786848072563,213.78308,0.02963782474398613
0.6965986394557824,218.23044,0.03327232599258423
0.7198185941043084,223.32245,0.03499026969075203
0.7430385487528345,228.53578,0.034019432961940765
0.7662585034013606,237.23009,0.045970287173986435
0.7894784580498866,246.59625,0.09051312506198883
0.8126984126984127,254.23409,0.10466628521680832
0.8359183673469388,257.4448,0.127224862575531
0.8591383219954649,255.20317,0.12463929504156113
0.8823582766439909,255.48465,0.1259211301803589
0.905578231292517,255.74944,0.13747598230838776
0.9287981859410431,257.52835,0.15443170070648193
0.9520181405895691,258.69144,0.1658235788345337
0.9752380952380952,257.0732,0.15533971786499023
0.9984580498866213,257.20825,0.1486559808254242
1.0216780045351475,260.30096,0.13105176389217377
1.0448979591836736,269.38925,0.042735688388347626
1.0681179138321997,286.26465,0.04027961194515228
1.0913378684807256,301.53787,0.03376470506191254
1.1145578231292517,318.98135,0.015768712386488914
1.1377777777777778,326.22427,0.01321085263043642
1.1609977324263039,326.9511,0.014462159015238285
1.18421768707483,325.6652,0.015246999450027943
1.207437641723356,325.9124,0.015932414680719376
1.2306575963718822,328.64932,0.017039228230714798
1.253877551020408,329.5688,0.01692977175116539
1.2770975056689342,332.968,0.018921466544270515
1.3003174603174603,336.0821,0.020219974219799042
1.3235374149659864,339.16324,0.019170934334397316
1.3467573696145125,339.27377,0.018783491104841232
1.3699773242630386,325.639,0.0369352325797081
1.3931972789115648,299.765,0.05495166406035423
1.4164172335600906,270.00662,0.06517280638217926
1.4396371882086167,262.49194,0.07267824560403824
1.4628571428571429,262.49875,0.06868554651737213
1.486077097505669,263.0413,0.061563584953546524
1.509297052154195,264.13226,0.056864216923713684
1.5325170068027212,263.90244,0.05845695734024048
1.5557369614512473,262.80157,0.06030413880944252
1.5789569160997732,255.63887,0.06451436132192612
1.6021768707482993,239.10907,0.07190748304128647
1.6253968253968254,213.59201,0.0597662553191185
1.6486167800453515,207.84076,0.034605540335178375
1.6718367346938776,208.20854,0.03751111775636673
1.6950566893424037,211.7684,0.045878805220127106
1.7182766439909298,214.43216,0.04735106602311134
1.7414965986394557,217.18105,0.05021324008703232
1.7647165532879818,216.10521,0.045952655375003815
1.787936507936508,215.51088,0.04175390675663948
1.811156462585034,215.76622,0.041521526873111725
1.8343764172335602,216.86566,0.043153416365385056
1.8575963718820863,215.17105,0.038860172033309937
1.8808163265306124,210.02483,0.024906231090426445
1.9040362811791383,196.99228,0.01477200910449028
1.9272562358276644,180.19211,0.010885262861847878
1.9504761904761905,174.95207,0.011466325260698795
1.9736961451247166,175.2119,0.010795862413942814
1.9969160997732427,176.26701,0.00914468802511692
2.020136054421769,177.26656,0.008172714151442051
2.043356009070295,176.42531,0.008793055079877377
2.066575963718821,174.08386,0.010782360099256039
2.089795918367347,172.7895,0.011747783049941063
2.1130158730158732,172.29265,0.011666705831885338
2.1362358276643993,173.91122,0.010818036273121834
2.159455782312925,176.37619,0.009596413001418114
2.182675736961451,176.95026,0.009459602646529675
2.2058956916099772,174.76921,0.012178277596831322
2.2291156462585033,171.82614,0.013555760495364666
2.2523356009070294,169.19507,0.012129483744502068
2.2755555555555556,169.2558,0.011228768154978752
2.2987755102040817,171.61739,0.011648952960968018
2.3219954648526078,176.02075,0.008909406140446663
2.345215419501134,179.76276,0.007391347549855709
2.36843537414966,177.80505,0.00820043496787548
2.391655328798186,173.6368,0.01170766819268465
2.414875283446712,169.40916,0.011576322838664055
2.4380952380952383,167.7851,0.010232551023364067
2.4613151927437644,169.04265,0.009653955698013306
2.48453514739229,172.82732,0.008520564064383507
2.507755102040816,178.21872,0.006043506786227226
2.5309750566893423,179.12236,0.006060898303985596
2.5541950113378684,175.10716,0.008224571123719215
2.5774149659863945,170.3781,0.00926941353827715
2.6006349206349206,167.32603,0.008204514160752296
2.6238548752834467,168.56064,0.007903599180281162
2.647074829931973,171.44765,0.007356979884207249
2.670294784580499,176.00005,0.00489426776766777
2.693514739229025,177.45804,0.005059606395661831
2.716734693877551,171.29994,0.006563520058989525
2.7399546485260773,166.0531,0.00491896690800786
2.7631746031746034,165.18057,0.00460716150701046
2.7863945578231295,166.75229,0.00438217306509614
2.809614512471655,169.39885,0.0040852781385183334
2.8328344671201813,172.16486,0.003328808583319187
2.8560544217687074,174.85883,0.002082257065922022
2.8792743764172335,177.83267,0.0011484017595648766
2.9024943310657596,184.16144,0.0005333498120307922
2.9257142857142857,189.35521,0.0001616654044482857
2.948934240362812,179.30954,3.586361708585173e-05
2.972154195011338,166.51956,1.1294271644146647e-05
2.995374149659864,0.0,1.5399837138829753e-06
3.01859410430839,0.0,8.814931788947433e-07
3.0418140589569163,0.0,2.5862755137495697e-07
3.0650340136054424,0.0,2.1906816982664168e-07
3.0882539682539685,0.0,2.6726957003120333e-07
3.1114739229024946,0.0,2.416272764094174e-07
3.1346938775510207,0.0,1.6947160474956036e-07
3.1579138321995464,0.0,1.0685835150070488e-07
