0.0,0.0,1.1313204595353454e-08
0.023219954648526078,0.0,1.046373654389754e-08
0.046439909297052155,0.0,9.565155778545886e-09
0.06965986394557823,0.0,1.1333213478792459e-08
0.09287981859410431,0.0,1.4455508789978921e-08
0.11609977324263039,0.0,1.115677150664851e-08
0.13931972789115646,0.0,4.0171880755224265e-06
0.16253968253968254,133.4229,2.1053825548733585e-05
0.18575963718820862,131.55476,3.344409924466163e-05
0.2089795918367347,130.10179,5.592472371063195e-05
0.23219954648526078,128.43698,7.509136776207015e-05
0.25541950113378686,128.82277,9.311932808486745e-05
0.2786394557823129,129.52574,0.00011297259334241971
0.301859410430839,129.42102,0.00013416755245998502
0.3250793650793651,129.17244,0.00015545464702881873
0.3482993197278912,129.65187,0.0001694374077487737
0.37151927437641724,131.45293,0.0001668552285991609
0.3947392290249433,1866.7797,0.0002198810107074678
0.4179591836734694,1926.8568,0.00021513341926038265
0.44117913832199546,1896.7686,0.00017043082334566861
0.46439909297052157,165.07407,0.00019108853302896023
0.4876190476190476,167.41855,0.00025520590133965015
0.5108390022675737,163.77216,0.00032966374419629574
0.5340589569160998,158.73322,0.0002923296415247023
0.5572789115646258,158.26857,0.0003409871133044362
0.5804988662131519,1901.7054,0.0002852323232218623
0.603718820861678,1865.9298,0.000352261820808053
0.626938775510204,185.06148,0.00032049629953689873
0.6501587301587302,192.15926,0.0003660826478153467
0.6733786848072563,196.00995,0.00031962431967258453
0.6965986394557824,195.56331,0.0003239725483581424
0.7198185941043084,193.3455,0.00035971810575574636
0.7430385487528345,194.55205,0.00029326765798032284
0.7662585034013606,198.95924,0.0002708180691115558
0.7894784580498866,206.4839,0.0004397447337396443
0.8126984126984127,214.08522,0.0004388750239741057
0.8359183673469388,226.12341,0.0005069411126896739
0.8591383219954649,1939.3838,0.0007046271348372102
0.8823582766439909,244.95044,0.0008226544596254826
0.905578231292517,249.89433,0.000999569077976048
0.9287981859410431,251.63872,0.0010471638524904847
0.9520181405895691,254.32323,0.001224481500685215
0.9752380952380952,255.94586,0.0012995064025744796
0.9984580498866213,256.25415,0.0012535764835774899
1.0216780045351475,260.62918,0.0012374690268188715
1.0448979591836736,261.00345,0.0012682985980063677
1.0681179138321997,254.42503,0.0010396202560514212
1.0913378684807256,1937.906,0.0007596489740535617
1.1145578231292517,1959.6837,0.0004522076924331486
1.1377777777777778,197.16551,0.0004244115552864969
1.1609977324263039,197.77083,0.0003091209218837321
1.18421768707483,201.6332,0.00034276721999049187
1.207437641723356,200.87752,0.00032757309963926673
1.2306575963718822,1971.0742,0.0002959026605822146
1.253877551020408,1957.0656,0.00023601914290338755
1.2770975056689342,163.9153,0.0002273192221764475
1.3003174603174603,161.71175,0.00021326978458091617
1.3235374149659864,163.99312,0.00017102053971029818
1.3467573696145125,167.1745,0.00016694446094334126
1.3699773242630386,168.18889,0.0001545818813610822
1.3931972789115648,162.69894,0.00015167758101597428
1.4164172335600906,298.66837,0.00025187910068780184
1.4396371882086167,1975.2528,0.00023881063680164516
1.4628571428571429,127.22832,0.00017021139501594007
1.486077097505669,127.68731,0.00018620332411956042
1.509297052154195,129.82513,0.0001874986191978678
1.5325170068027212,130.79524,0.00019040799816139042
1.5557369614512473,129.1721,0.0001607567392056808
1.5789569160997732,126.09861,0.00012414240336511284
1.6021768707482993,125.073616,0.00013587440480478108
1.6253968253968254,126.10023,0.00014350676792673767
1.6486167800453515,127.63847,0.00016022080671973526
1.6718367346938776,1932.5016,0.00015129087842069566
1.6950566893424037,132.8472,0.00017847458366304636
1.7182766439909298,131.56325,0.0001867618120741099
1.7414965986394557,128.57744,0.0001668276818236336
1.7647165532879818,126.5837,0.00014760326303076
1.787936507936508,126.43309,0.00016237932140938938
1.811156462585034,128.40437,0.00017661048332229257
1.8343764172335602,131.09885,0.00017556388047523797
1.8575963718820863,133.36995,0.0002032087359111756
1.8808163265306124,132.42738,0.00019440932373981923
1.9040362811791383,1907.5547,0.0001441879867343232
1.9272562358276644,123.04836,0.0001441228378098458
1.9504761904761905,121.85516,0.0001646230521146208
1.9736961451247166,122.734344,0.00015770335448905826
1.9969160997732427,1915.5775,0.00016839355521369725
2.020136054421769,129.85226,0.0001332472456851974
2.043356009070295,133.49792,0.00014915278006810695
2.066575963718821,131.61101,0.00015004917804617435
2.089795918367347,1889.5829,0.00012184733350295573
2.1130158730158732,123.57737,0.00012175107258372009
2.1362358276643993,122.38551,0.00012759827950503677
2.159455782312925,124.18338,0.00012710834562312812
2.182675736961451,127.5465,0.00011779954365920275
2.2058956916099772,129.66501,9.919717558659613e-05
2.2291156462585033,129.5054,9.432704973733053e-05
2.2523356009070294,1855.3247,7.76070955907926e-05
2.2755555555555556,122.849945,7.663656288059428e-05
2.2987755102040817,122.57288,8.67359631229192e-05
2.3219954648526078,1865.1216,9.021863661473617e-05
2.345215419501134,129.73653,7.841868500690907e-05
2.36843537414966,130.6126,7.364638440776616e-05
2.391655328798186,1857.1027,6.304118141997606e-05
2.414875283446712,1859.6443,5.8073579566553235e-05
2.4380952380952383,121.23393,5.261554179014638e-05
2.4613151927437644,122.45555,4.305269249016419e-05
2.48453514739229,125.530815,3.141701381537132e-05
2.507755102040816,0.0,8.910290489438921e-06
2.5309750566893423,0.0,8.370931027457118e-06
2.5541950113378684,0.0,4.201770934741944e-06
2.5774149659863945,0.0,3.024724719580263e-06
2.6006349206349206,0.0,1.0013927749241702e-06
2.6238548752834467,0.0,1.29403815662954e-07
2.647074829931973,0.0,4.154844646109268e-08
2.670294784580499,0.0,1.2598320608958602e-08
2.693514739229025,0.0,1.166608853964135e-08
2.716734693877551,0.0,1.071839506039396e-08
2.7399546485260773,0.0,1.1939846444875002e-08
2.7631746031746034,0.0,1.0872099664993584e-08
2.7863945578231295,0.0,8.005372365005314e-09
