0.0,0.0,1.6267222235910594e-08
0.023219954648526078,0.0,8.166352927219123e-09
0.046439909297052155,0.0,1.0829353414010257e-08
0.06965986394557823,0.0,2.2809108486399055e-06
0.09287981859410431,22587.838,1.3985542864247691e-05
0.11609977324263039,0.0,3.4501344998716377e-06
0.13931972789115646,0.0,8.807282938505523e-07
0.16253968253968254,0.0,3.622790245572105e-07
0.18575963718820862,0.0,5.913451786909718e-06
0.2089795918367347,392.15063,5.425543349701911e-05
0.23219954648526078,130.41162,0.00010292569641023874
0.25541950113378686,131.98933,0.00014831939188297838
0.2786394557823129,131.87616,0.00016187885194085538
0.301859410430839,131.98856,0.00018413316865917295
0.3250793650793651,132.51958,0.0002692677662707865
0.3482993197278912,134.83868,0.00035541196120902896
0.37151927437641724,136.44623,0.00038121925899758935
0.3947392290249433,136.31216,0.0004044045927003026
0.4179591836734694,135.44992,0.00045306870015338063
0.44117913832199546,133.37715,0.0004921299405395985
0.46439909297052157,133.29008,0.0005130750359967351
0.4876190476190476,136.96089,0.00048515351954847574
0.5108390022675737,143.97072,0.00027039568522013724
0.5340589569160998,154.40831,0.0002139050920959562
0.5572789115646258,164.25992,0.0002747680991888046
0.5804988662131519,165.76253,0.00028406496858224273
0.603718820861678,164.18626,0.0002509254263713956
0.626938775510204,159.58527,0.00022265224833972752
0.6501587301587302,160.67361,0.0002569511125329882
0.6733786848072563,166.08076,0.00041449707350693643
0.6965986394557824,177.68208,0.0008706529042683542
0.7198185941043084,391.95703,0.0015130550600588322
0.7430385487528345,396.14453,0.0025607580319046974
0.7662585034013606,399.97342,0.003329015336930752
0.7894784580498866,397.14816,0.003140268847346306
0.8126984126984127,393.48306,0.0027156155556440353
0.8359183673469388,396.9672,0.0031335775274783373
0.8591383219954649,401.09665,0.003916724119335413
0.8823582766439909,408.9472,0.0038010647986084223
0.905578231292517,424.24493,0.0020500426180660725
0.9287981859410431,455.47784,0.0009569817339070141
0.9520181405895691,244.38988,0.0009061224991455674
0.9752380952380952,256.5686,0.0008421388920396566
0.9984580498866213,264.04532,0.0008715442381799221
1.0216780045351475,263.79614,0.0009226574329659343
1.0448979591836736,261.94327,0.0010264880256727338
1.0681179138321997,261.2971,0.001030906569212675
1.0913378684807256,263.40894,0.0009500178275629878
1.1145578231292517,266.4387,0.0009060176671482623
1.1377777777777778,266.1344,0.0008905660361051559
1.1609977324263039,258.58057,0.000835433485917747
1.18421768707483,236.92047,0.0011881263926625252
1.207437641723356,414.80676,0.0025465586222708225
1.2306575963718822,384.5579,0.0016309795901179314
1.253877551020408,380.02264,0.0016430411487817764
1.2770975056689342,392.3721,0.0016542798839509487
1.3003174603174603,396.5827,0.0015829859767109156
1.3235374149659864,386.5416,0.0011722234776243567
1.3467573696145125,354.80267,0.0007245239685289562
1.3699773242630386,164.84654,0.0003910461673513055
1.3931972789115648,164.20335,0.00040236650966107845
1.4164172335600906,166.68364,0.000496315595228225
1.4396371882086167,169.49817,0.000552101235371083
1.4628571428571429,169.5355,0.0005262555787339807
1.486077097505669,168.99971,0.00040380825521424413
1.509297052154195,162.67462,0.00023041114036459476
1.5325170068027212,151.35156,0.0002641541650518775
1.5557369614512473,138.13928,0.00033865825389511883
1.5789569160997732,132.92056,0.00035164615837857127
1.6021768707482993,131.77396,0.00031216570641845465
1.6253968253968254,133.65503,0.0003310357569716871
1.6486167800453515,134.65636,0.00032653892412781715
1.6718367346938776,133.86171,0.0003111844998784363
1.6950566893424037,130.43433,0.00024969509104266763
1.7182766439909298,128.48166,0.00020603399025276303
1.7414965986394557,128.83545,0.00021824080613441765
1.7647165532879818,131.23068,0.0002444126002956182
1.787936507936508,133.5258,0.0002724630176089704
1.811156462585034,134.34592,0.00028336176183074713
1.8343764172335602,133.95323,0.0003097248845733702
1.8575963718820863,132.23006,0.00029222096782177687
1.8808163265306124,128.82411,0.0001867650425992906
1.9040362811791383,126.72757,0.0001836637093219906
1.9272562358276644,129.24818,0.00022376849665306509
1.9504761904761905,131.26776,0.0002647408691700548
1.9736961451247166,134.27382,0.0002907004381995648
1.9969160997732427,135.041,0.0002702368947211653
2.020136054421769,133.49338,0.0002662123879417777
2.043356009070295,129.58727,0.00017384567763656378
2.066575963718821,125.08756,0.0001432500866940245
2.089795918367347,125.023384,0.00016338778368663043
2.1130158730158732,129.02504,0.00017049603047780693
2.1362358276643993,131.82507,0.00019313034135848284
2.159455782312925,133.16508,0.00019510279526002705
2.182675736961451,132.59686,0.00018819034448824823
2.2058956916099772,129.73894,0.00014199934958014637
2.2291156462585033,126.26771,0.00012381351552903652
2.2523356009070294,126.318794,0.00012659902859013528
2.2755555555555556,128.95857,0.00013338417920749635
2.2987755102040817,132.8459,0.0001535810879431665
2.3219954648526078,134.65714,0.00017704747733660042
2.345215419501134,133.0487,0.00015770571189932525
2.36843537414966,129.4545,0.00010103575186803937
2.391655328798186,124.88483,9.287861757911742e-05
2.414875283446712,125.43991,0.0001004109944915399
2.4380952380952383,129.6796,8.043673733482137e-05
2.4613151927437644,132.2943,8.936165977502242e-05
2.48453514739229,132.5749,8.94962577149272e-05
2.507755102040816,130.49594,6.103861960582435e-05
2.5309750566893423,126.112785,4.688231274485588e-05
2.5541950113378684,124.998955,5.363838863559067e-05
2.5774149659863945,127.53037,4.829472163692117e-05
2.6006349206349206,131.53192,4.078490746906027e-05
2.6238548752834467,136.9782,2.223774208687246e-05
2.647074829931973,138.81076,1.048468220687937e-05
2.670294784580499,0.0,4.5418810259434395e-06
2.693514739229025,0.0,4.1087059798883274e-07
2.716734693877551,0.0,7.805738277966157e-08
2.7399546485260773,0.0,2.7672285796143115e-08
2.7631746031746034,0.0,1.928492565639317e-08
2.7863945578231295,0.0,4.92982508148998e-08
2.809614512471655,0.0,4.310459189582616e-08
2.8328344671201813,0.0,7.183643901953474e-08
2.8560544217687074,0.0,9.67793312156573e-09
