0.0,0.0,5.638867150992155e-08
0.023219954648526078,0.0,2.1011146600358188e-08
0.046439909297052155,0.0,2.7644091460388154e-08
0.06965986394557823,0.0,3.436070983298123e-08
0.09287981859410431,0.0,2.721217242651619e-07
0.11609977324263039,128.63788,6.743393169017509e-05
0.13931972789115646,118.425186,0.00013139491784386337
0.16253968253968254,117.89997,0.00021163898054510355
0.18575963718820862,121.07132,0.00029439578065648675
0.2089795918367347,122.43192,0.0005075308727100492
0.23219954648526078,123.08751,0.0006471647648140788
0.25541950113378686,123.31982,0.0009002746664918959
0.2786394557823129,124.30925,0.0011071072658523917
0.301859410430839,124.47734,0.0013596065109595656
0.3250793650793651,124.52305,0.001258333446457982
0.3482993197278912,128.09958,0.0008468618616461754
0.37151927437641724,135.69876,0.0014555241214111447
0.3947392290249433,139.04205,0.0027822174597531557
0.4179591836734694,140.48573,0.0024258794728666544
0.44117913832199546,140.28415,0.0015818094834685326
0.46439909297052157,140.64682,0.0007092680316418409
0.4876190476190476,158.136,0.000724654586520046
0.5108390022675737,160.72525,0.0023819126654416323
0.5340589569160998,163.44104,0.0031578484922647476
0.5572789115646258,162.39,0.0030958543065935373
0.5804988662131519,158.86633,0.0018688980489969254
0.603718820861678,157.11247,0.0013545108959078789
0.626938775510204,171.62233,0.001687192008830607
0.6501587301587302,175.51146,0.0028953379951417446
0.6733786848072563,180.79431,0.0035285381600260735
0.6965986394557824,176.14183,0.003974908031523228
0.7198185941043084,169.41167,0.003834768198430538
0.7430385487528345,167.31653,0.0012928228825330734
0.7662585034013606,174.53563,0.001269106869585812
0.7894784580498866,189.97395,0.0017592720687389374
0.8126984126984127,192.27338,0.003238347824662924
0.8359183673469388,192.85178,0.0029095036443322897
0.8591383219954649,189.46706,0.0032207993790507317
0.8823582766439909,990.47266,0.003046284196898341
0.905578231292517,198.70694,0.003478575497865677
0.9287981859410431,202.51276,0.003316733054816723
0.9520181405895691,209.44414,0.0028488344978541136
0.9752380952380952,217.14462,0.002862407360225916
0.9984580498866213,218.21043,0.0027498160488903522
1.0216780045351475,216.08995,0.002874612109735608
1.0448979591836736,220.52315,0.003474593162536621
1.0681179138321997,229.53764,0.00321197765879333
1.0913378684807256,239.36244,0.0037345653399825096
1.1145578231292517,241.8577,0.0035347675438970327
1.1377777777777778,237.91783,0.002553511643782258
1.1609977324263039,235.47241,0.002236322034150362
1.18421768707483,239.0128,0.003700918285176158
1.207437641723356,247.62234,0.009886454790830612
1.2306575963718822,256.23676,0.010912717320024967
1.253877551020408,262.7397,0.010058660060167313
1.2770975056689342,262.80588,0.011937296018004417
1.3003174603174603,259.92294,0.014060604386031628
1.3235374149659864,260.60574,0.011641998775303364
1.3467573696145125,267.03357,0.008295198902487755
1.3699773242630386,273.39453,0.008651388809084892
1.3931972789115648,281.43857,0.013376970775425434
1.4164172335600906,284.5963,0.01572425663471222
1.4396371882086167,286.1571,0.022428307682275772
1.4628571428571429,288.47766,0.022884219884872437
1.486077097505669,289.76035,0.02257329784333706
1.509297052154195,288.92535,0.0166320763528347
1.5325170068027212,278.7049,0.010401400737464428
1.5557369614512473,259.74643,0.01754128187894821
1.5789569160997732,247.57852,0.010769758373498917
1.6021768707482993,246.94536,0.01461542397737503
1.6253968253968254,252.77408,0.017919830977916718
1.6486167800453515,257.00333,0.015840671956539154
1.6718367346938776,256.62076,0.014193661510944366
1.6950566893424037,247.96129,0.007505658082664013
1.7182766439909298,237.97192,0.004609641619026661
1.7414965986394557,234.63226,0.004548170603811741
1.7647165532879818,237.14064,0.003692216705530882
1.787936507936508,240.64142,0.004582331981509924
1.811156462585034,236.58232,0.004380283877253532
1.8343764172335602,226.37643,0.00499787786975503
1.8575963718820863,207.00894,0.006913207471370697
1.8808163265306124,204.63245,0.006122767925262451
1.9040362811791383,208.5668,0.004335204605013132
1.9272562358276644,213.30556,0.0037346158642321825
1.9504761904761905,209.67085,0.004090641625225544
1.9736961451247166,199.221,0.004301120992749929
1.9969160997732427,189.91455,0.004166707396507263
2.020136054421769,189.35226,0.004161179065704346
2.043356009070295,191.20143,0.003054314525797963
2.066575963718821,193.61264,0.003319843439385295
2.089795918367347,188.36058,0.003027298953384161
2.1130158730158732,177.74002,0.003953138832002878
2.1362358276643993,170.97356,0.00436973012983799
2.159455782312925,170.82835,0.004142033401876688
2.182675736961451,173.3862,0.0036786848213523626
2.2058956916099772,176.14427,0.003331057960167527
2.2291156462585033,174.2609,0.003465794026851654
2.2523356009070294,167.82207,0.0028544561937451363
2.2755555555555556,161.45096,0.0027831876650452614
2.2987755102040817,159.48541,0.0023201736621558666
2.3219954648526078,159.15277,0.002648374065756798
2.345215419501134,159.8077,0.0026428853161633015
2.36843537414966,159.99612,0.002251044614240527
2.391655328798186,338.45483,0.0023827371187508106
2.414875283446712,146.01192,0.002903200453147292
2.4380952380952383,142.3414,0.0028019086457788944
2.4613151927437644,142.31282,0.0026725330390036106
2.48453514739229,144.52957,0.002764638513326645
2.507755102040816,144.26222,0.0028199758380651474
2.5309750566893423,295.95587,0.002736228285357356
2.5541950113378684,1956.4888,0.0021015433594584465
2.5774149659863945,121.33946,0.0016053415602073073
2.6006349206349206,120.37646,0.001774720149114728
2.6238548752834467,122.17705,0.0017309305258095264
2.647074829931973,124.26554,0.001715563703328371
2.670294784580499,124.89168,0.0016086874529719353
2.693514739229025,123.41901,0.0016976245678961277
2.716734693877551,122.69335,0.0016652361955493689
2.7399546485260773,121.914894,0.0017504703719168901
2.7631746031746034,122.35485,0.0018099913140758872
2.7863945578231295,124.30627,0.001722975168377161
2.809614512471655,125.35139,0.0017196398694068193
2.8328344671201813,125.729416,0.0017221401212736964
2.8560544217687074,123.16482,0.0018557633738964796
2.8792743764172335,119.40334,0.0015872379299253225
2.9024943310657596,118.742455,0.0014865647535771132
2.9257142857142857,121.02676,0.0015940945595502853
2.948934240362812,1959.2239,0.0017869224539026618
2.972154195011338,128.2579,0.0014931377954781055
2.995374149659864,127.87458,0.0013417755253612995
3.01859410430839,1954.3933,0.0015041721053421497
3.0418140589569163,116.95502,0.0012922880705446005
3.0650340136054424,114.56055,0.0014335245359688997
3.0882539682539685,116.79671,0.0013830943498760462
3.1114739229024946,120.88249,0.0014464089181274176
3.1346938775510207,124.255486,0.0013396460562944412
3.1579138321995464,126.40381,0.001152310986071825
3.1811337868480725,124.92413,0.0011011161841452122
3.2043537414965986,121.408554,0.0012385961599647999
3.2275736961451247,119.16293,0.0008402653620578349
3.250793650793651,119.81528,0.000777979614213109
3.274013605442177,122.72079,0.0008394485921598971
3.297233560090703,126.04429,0.0008577407570555806
3.320453514739229,124.739296,0.0007890532724559307
3.3436734693877552,121.41217,0.0008575791143812239
3.3668934240362813,119.121864,0.0005671191611327231
3.3901133786848074,119.33566,0.00048066076124086976
3.4133333333333336,120.83232,0.00045239226892590523
3.4365532879818597,124.8286,0.00040671409806236625
3.4597732426303858,126.106285,0.00032898521749302745
3.4829931972789114,125.71056,0.0001856828312156722
3.5062131519274375,126.392586,8.875377534423023e-05
3.5294331065759637,129.80307,2.9894483304815367e-05
3.5526530612244898,127.1677,1.7251839381060563e-05
3.575873015873016,126.230934,1.4677655599371064e-05
3.599092970521542,129.39957,1.112946938519599e-05
3.622312925170068,0.0,9.232910997525323e-06
3.645532879818594,0.0,4.895784513792023e-06
3.6687528344671203,0.0,1.8899490896728821e-06
3.6919727891156464,0.0,1.224421794177033e-06
3.7151927437641725,0.0,3.0521186999976635e-07
3.7384126984126986,0.0,9.444920578971505e-08
3.7616326530612247,0.0,7.099879439920187e-08
3.784852607709751,0.0,3.881177690345794e-08
3.8080725623582765,0.0,4.1092789615504444e-08
3.8312925170068026,0.0,2.0750121620949358e-08
3.8545124716553287,0.0,3.578770702006295e-08
3.877732426303855,0.0,1.4882971299812198e-08
