0.0,0.0,1.1846714187413454e-07
0.023219954648526078,0.0,8.148344932124019e-08
0.046439909297052155,0.0,4.688081389758736e-08
0.06965986394557823,0.0,2.358683559577912e-08
0.09287981859410431,0.0,5.731999408453703e-08
0.11609977324263039,0.0,1.1201245797565207e-07
0.13931972789115646,0.0,3.989862307207659e-08
0.16253968253968254,0.0,4.916455509373918e-08
0.18575963718820862,0.0,9.676386980572715e-08
0.2089795918367347,181.0715,5.060423427494243e-05
0.23219954648526078,169.59424,0.00036673148861154914
0.25541950113378686,165.88136,0.0007166013238020241
0.2786394557823129,163.99355,0.0010984009131789207
0.301859410430839,162.75003,0.0013686781749129295
0.3250793650793651,163.58942,0.0017646201886236668
0.3482993197278912,164.89384,0.002393541857600212
0.37151927437641724,167.11183,0.0031932045239955187
0.3947392290249433,169.22766,0.003907749429345131
0.4179591836734694,170.34354,0.00451982207596302
0.44117913832199546,170.24153,0.005058105103671551
0.46439909297052157,168.3742,0.00510429497808218
0.4876190476190476,167.55243,0.005500584840774536
0.5108390022675737,169.78096,0.006087084766477346
0.5340589569160998,172.93843,0.00525102112442255
0.5572789115646258,181.67867,0.004147290252149105
0.5804988662131519,189.42221,0.005285922437906265
0.603718820861678,192.00902,0.00545880664139986
0.626938775510204,188.91185,0.007087205536663532
0.6501587301587302,185.7914,0.0093335947021842
0.6733786848072563,185.81909,0.009671850129961967
0.6965986394557824,187.1181,0.011609410867094994
0.7198185941043084,189.74417,0.013362386263906956
0.7430385487528345,191.69359,0.011337862350046635
0.7662585034013606,192.14893,0.01013164222240448
0.7894784580498866,192.92447,0.008966979570686817
0.8126984126984127,198.15765,0.01088041253387928
0.8359183673469388,208.77942,0.015784291550517082
0.8591383219954649,216.70374,0.023531749844551086
0.8823582766439909,217.39482,0.02202392742037773
0.905578231292517,211.74057,0.015979411080479622
0.9287981859410431,206.51297,0.014750960282981396
0.9520181405895691,204.17455,0.013801954686641693
0.9752380952380952,204.54337,0.015995504334568977
0.9984580498866213,207.22766,0.01695253513753414
1.0216780045351475,208.75882,0.016304586082696915
1.0448979591836736,209.28615,0.01556842215359211
1.0681179138321997,212.59018,0.017859283834695816
1.0913378684807256,220.76837,0.026111189275979996
1.1145578231292517,228.21269,0.023672204464673996
1.1377777777777778,231.79294,0.02008085697889328
1.1609977324263039,229.43446,0.022218365222215652
1.18421768707483,225.93726,0.026164405047893524
1.207437641723356,225.04202,0.028235996142029762
1.2306575963718822,225.99556,0.02565116249024868
1.253877551020408,226.44086,0.023937977850437164
1.2770975056689342,227.00172,0.022663630545139313
1.3003174603174603,225.93628,0.023820390924811363
1.3235374149659864,226.79802,0.018707262352108955
1.3467573696145125,231.964,0.015370192006230354
1.3699773242630386,240.00174,0.02280968427658081
1.3931972789115648,248.60983,0.038833122700452805
1.4164172335600906,253.77994,0.04191458225250244
1.4396371882086167,250.63492,0.03150531277060509
1.4628571428571429,246.79857,0.025153666734695435
1.486077097505669,246.54942,0.028647825121879578
1.509297052154195,249.22406,0.03249281272292137
1.5325170068027212,250.20558,0.033075228333473206
1.5557369614512473,249.29869,0.029398001730442047
1.5789569160997732,247.20459,0.02812144346535206
1.6021768707482993,246.67764,0.028001518920063972
1.6253968253968254,246.86588,0.030549177899956703
1.6486167800453515,249.1407,0.03586575388908386
1.6718367346938776,252.94557,0.04350123554468155
1.6950566893424037,256.2339,0.045127011835575104
1.7182766439909298,263.34076,0.03741658851504326
1.7414965986394557,271.7849,0.039026934653520584
1.7647165532879818,284.09882,0.03456801176071167
1.787936507936508,292.14496,0.03095104917883873
1.811156462585034,289.95596,0.0351136215031147
1.8343764172335602,282.14758,0.04779064655303955
1.8575963718820863,279.2292,0.05393325537443161
1.8808163265306124,279.926,0.053188011050224304
1.9040362811791383,281.07358,0.045441631227731705
1.9272562358276644,281.96915,0.04153858870267868
1.9504761904761905,281.64743,0.03653467074036598
1.9736961451247166,282.75974,0.02828223817050457
1.9969160997732427,283.73154,0.019529705867171288
2.020136054421769,286.60284,0.014892855659127235
2.043356009070295,295.55402,0.014572042971849442
2.066575963718821,306.04776,0.011721525341272354
2.089795918367347,309.03955,0.011891729198396206
2.1130158730158732,304.69046,0.01696363091468811
2.1362358276643993,298.49734,0.01824171282351017
2.159455782312925,295.24707,0.01685209572315216
2.182675736961451,296.94025,0.016745593398809433
2.2058956916099772,305.02798,0.01580183580517769
2.2291156462585033,311.8663,0.013190973550081253
2.2523356009070294,313.6062,0.015309619717299938
2.2755555555555556,307.6425,0.017814770340919495
2.2987755102040817,300.657,0.019094709306955338
2.3219954648526078,300.84406,0.018077315762639046
2.345215419501134,307.30463,0.012309078127145767
2.36843537414966,317.51678,0.009196142666041851
2.391655328798186,324.3817,0.00706025306135416
2.414875283446712,323.85464,0.007470092736184597
2.4380952380952383,323.89066,0.0074675679206848145
2.4613151927437644,324.37186,0.007558617740869522
2.48453514739229,324.6222,0.007703262846916914
2.507755102040816,326.49948,0.007591387256979942
2.5309750566893423,327.50226,0.007534600794315338
2.5541950113378684,327.4265,0.007665220648050308
2.5774149659863945,325.8714,0.007879141718149185
2.6006349206349206,325.31107,0.008327236399054527
2.6238548752834467,322.66956,0.008719878271222115
2.647074829931973,323.80542,0.006831103470176458
2.670294784580499,325.1077,0.005945645738393068
2.693514739229025,332.43335,0.006395414471626282
2.716734693877551,343.11298,0.009313501417636871
2.7399546485260773,350.4045,0.014953848905861378
2.7631746031746034,353.99277,0.01550561748445034
2.7863945578231295,355.61615,0.015363866463303566
2.809614512471655,356.28122,0.015986185520887375
2.8328344671201813,356.2715,0.014851721934974194
2.8560544217687074,356.53818,0.015769144520163536
2.8792743764172335,360.26578,0.0196244940161705
2.9024943310657596,358.10526,0.01737440936267376
2.9257142857142857,357.27612,0.015112489461898804
2.948934240362812,355.16736,0.014200812205672264
2.972154195011338,355.99054,0.01590799354016781
2.995374149659864,360.01025,0.017722729593515396
3.01859410430839,360.45718,0.01618637517094612
3.0418140589569163,356.28287,0.010372561402618885
3.0650340136054424,346.6543,0.008546452969312668
3.0882539682539685,333.58698,0.0069814808666706085
3.1114739229024946,324.8171,0.00814624410122633
3.1346938775510207,324.2595,0.006916260812431574
3.1579138321995464,328.33838,0.006683569401502609
3.1811337868480725,327.62997,0.0067923180758953094
3.2043537414965986,326.4736,0.006805593613535166
3.2275736961451247,326.67682,0.007281805854290724
3.250793650793651,327.5827,0.007036083843559027
3.274013605442177,328.2673,0.006857375614345074
3.297233560090703,328.72864,0.006058022379875183
3.320453514739229,327.54727,0.006356799975037575
3.3436734693877552,319.68152,0.012228740379214287
3.3668934240362813,311.01398,0.014888291247189045
3.3901133786848074,305.3387,0.01742406189441681
3.4133333333333336,304.82526,0.017592687159776688
3.4365532879818597,307.08762,0.015756871551275253
3.4597732426303858,308.6113,0.015463456511497498
3.4829931972789114,309.74933,0.016195587813854218
3.5062131519274375,309.30243,0.01726406067609787
3.5294331065759637,310.5758,0.0170297771692276
3.5526530612244898,310.72498,0.016068540513515472
3.575873015873016,309.33743,0.015819523483514786
3.599092970521542,301.3671,0.015752485021948814
3.622312925170068,287.42224,0.013614017516374588
3.645532879818594,270.31937,0.02307143434882164
3.6687528344671203,266.46045,0.02251565083861351
3.6919727891156464,268.69324,0.01727188378572464
3.7151927437641725,273.2025,0.01813407987356186
3.7384126984126986,272.21393,0.02039416879415512
3.7616326530612247,272.19284,0.020619716495275497
3.784852607709751,272.4985,0.020738370716571808
3.8080725623582765,273.02972,0.02167452499270439
3.8312925170068026,273.28998,0.01881379820406437
3.8545124716553287,271.39578,0.01763860508799553
3.877732426303855,265.4513,0.02359718270599842
3.900952380952381,256.99426,0.04560815542936325
3.924172335600907,248.7346,0.042492907494306564
3.947392290249433,246.74617,0.03717204928398132
3.9706122448979593,247.39742,0.039005402475595474
3.9938321995464854,249.93536,0.044141724705696106
4.017052154195011,250.16585,0.04426872730255127
4.040272108843538,249.95636,0.043282657861709595
4.063492063492063,248.8657,0.038948141038417816
4.08671201814059,247.54439,0.03765474259853363
4.1099319727891155,247.45929,0.03890146687626839
4.133151927437642,247.32086,0.03716617077589035
4.156371882086168,246.09319,0.03308665007352829
4.179591836734694,242.33858,0.022934839129447937
4.20281179138322,233.93474,0.016210326924920082
4.2260317460317465,224.54674,0.02052806317806244
4.249251700680272,221.77129,0.021381545811891556
4.272471655328799,222.26788,0.021632768213748932
4.295691609977324,224.39528,0.021706171333789825
4.31891156462585,224.73747,0.021128417924046516
4.342131519274377,222.97607,0.020808029919862747
4.365351473922902,222.62508,0.02074669674038887
4.388571428571429,222.01352,0.020046405494213104
4.4117913832199545,219.4091,0.015727519989013672
4.435011337868481,216.67116,0.011381000280380249
4.458231292517007,210.77357,0.009436840191483498
4.481451247165533,205.75739,0.008152531459927559
4.504671201814059,202.15253,0.007810104638338089
4.527891156462585,202.87209,0.007559075951576233
4.551111111111111,204.51237,0.007516006473451853
4.574331065759638,206.11653,0.007808491587638855
4.597551020408163,204.56754,0.007291012443602085
4.62077097505669,204.65714,0.0073759849183261395
4.6439909297052155,204.16907,0.007071516942232847
4.667210884353741,203.42322,0.007468496449291706
4.690430839002268,200.03322,0.007898710668087006
4.713650793650793,193.08017,0.006848370656371117
4.73687074829932,180.8851,0.007339817471802235
4.760090702947846,177.44583,0.007458674721419811
4.783310657596372,177.10919,0.006701661739498377
4.806530612244898,179.46596,0.00534822978079319
4.829750566893424,182.04463,0.005197550635784864
4.85297052154195,182.48555,0.005197237245738506
4.876190476190477,181.61743,0.0049358238466084
4.899410430839002,180.85165,0.004856759682297707
4.922630385487529,181.00536,0.004968003369867802
4.9458503401360545,182.22684,0.004843130242079496
4.96907029478458,182.1749,0.004794793203473091
4.992290249433107,179.3297,0.004796520806849003
5.015510204081632,174.87567,0.007666079327464104
5.038730158730159,165.5931,0.01013228204101324
5.061950113378685,162.31015,0.008390301838517189
5.085170068027211,163.41655,0.007420862093567848
5.108390022675737,164.66936,0.006837842985987663
5.131609977324263,166.33847,0.006732394453138113
5.154829931972789,165.64464,0.00676717609167099
5.178049886621316,163.22395,0.0064372047781944275
5.201269841269841,162.99174,0.006041060201823711
5.224489795918368,163.569,0.006022969260811806
5.2477097505668935,167.15225,0.006420201621949673
5.27092970521542,169.80899,0.006220309063792229
5.294149659863946,170.35872,0.006562061607837677
5.317369614512471,167.80556,0.007494132034480572
5.340589569160998,164.08188,0.007586879655718803
5.363809523809524,161.76688,0.007126551121473312
5.38702947845805,162.62863,0.006873928941786289
5.410249433106576,165.85925,0.0075125861912965775
5.433469387755102,170.23537,0.00637656357139349
5.456689342403628,171.939,0.006646743509918451
5.479909297052155,170.01437,0.008078128099441528
5.50312925170068,165.75975,0.00868021510541439
5.526349206349207,160.22092,0.007661939598619938
5.5495691609977325,158.94142,0.006574500352144241
5.572789115646259,160.58347,0.00705586327239871
5.596009070294785,164.52083,0.007610398344695568
5.61922902494331,169.23088,0.006837369874119759
5.642448979591837,170.77101,0.006448774598538876
5.6656689342403626,168.11183,0.00758720189332962
5.688888888888889,163.71703,0.006891298107802868
5.712108843537415,160.6748,0.00621009198948741
5.735328798185941,161.2849,0.0057563032023608685
5.758548752834467,164.21301,0.0059164585545659065
5.7817687074829935,168.44913,0.005483588669449091
5.804988662131519,170.43126,0.004959423094987869
5.828208616780046,167.94629,0.005658759735524654
5.851428571428571,163.78026,0.005259561352431774
5.874648526077098,161.57646,0.004862799774855375
5.897868480725624,161.24069,0.004358951933681965
5.92108843537415,163.75502,0.004382371436804533
5.944308390022676,168.46965,0.004016948863863945
5.9675283446712015,171.75838,0.0035463999956846237
5.990748299319728,170.77556,0.003939224407076836
6.013968253968254,164.22739,0.0033327494747936726
6.03718820861678,158.59248,0.0030879653058946133
6.060408163265306,157.57657,0.002542968839406967
6.0836281179138325,160.86269,0.0018820078112185001
6.106848072562358,166.39175,0.0017184184398502111
6.130068027210885,171.13168,0.001444275607354939
6.15328798185941,172.63525,0.001364417839795351
6.176507936507937,174.3492,0.001025376608595252
6.199727891156463,171.49245,0.0007903974037617445
6.222947845804989,164.77249,0.0006112182745710015
6.246167800453515,162.02301,0.0004970608279109001
6.269387755102041,163.34319,0.0003862085286527872
6.292607709750567,165.25865,0.0003839277196675539
6.315827664399093,166.52034,0.00038548163138329983
6.339047619047619,167.98889,0.0003360187984071672
6.362267573696145,169.28008,0.00018042619922198355
6.3854875283446715,170.88081,7.929431740194559e-05
6.408707482993197,169.9106,4.003430512966588e-05
6.431927437641724,169.8143,1.9563634850783274e-05
6.455147392290249,0.0,9.612479516363237e-06
6.478367346938776,0.0,3.5591110645327717e-06
6.501587301587302,0.0,6.712843969580717e-07
6.524807256235828,0.0,2.592269083834253e-07
6.548027210884354,0.0,9.421182767255232e-08
6.57124716553288,0.0,6.650861905654892e-08
6.594467120181406,0.0,3.8093276089057326e-08
6.617687074829932,0.0,2.443721314193681e-08
6.640907029478458,0.0,7.73070496506989e-10
