0.0,0.0,5.6138560466933995e-08
0.023219954648526078,0.0,1.6294507076963782e-08
0.046439909297052155,0.0,6.749814929207787e-08
0.06965986394557823,0.0,9.490941010881215e-08
0.09287981859410431,0.0,1.8295941117685288e-07
0.11609977324263039,0.0,1.0449366527609527e-07
0.13931972789115646,0.0,5.860874807694927e-08
0.16253968253968254,0.0,6.632217264268547e-08
0.18575963718820862,0.0,5.268611857900396e-08
0.2089795918367347,0.0,2.1102487153257243e-06
0.23219954648526078,163.92387,1.1054336027882528e-05
0.25541950113378686,165.14192,1.776953286025673e-05
0.2786394557823129,164.33884,3.450519579928368e-05
0.301859410430839,164.19179,6.413745722966269e-05
0.3250793650793651,163.80081,9.99083204078488e-05
0.3482993197278912,163.7906,0.00015561064356006682
0.37151927437641724,2698.26,0.00024899188429117203
0.3947392290249433,2709.065,0.0003609461709856987
0.4179591836734694,2679.6428,0.0005304914666339755
0.44117913832199546,181.56612,0.000492300430778414
0.46439909297052157,181.14787,0.0004666378954425454
0.4876190476190476,178.56299,0.00039111869409680367
0.5108390022675737,2668.546,0.0002482868148945272
0.5340589569160998,2706.691,0.0002385301049798727
0.5572789115646258,2662.6477,0.00028552705771289766
0.5804988662131519,2630.3281,0.00034681614488363266
0.603718820861678,204.8439,0.0005101440474390984
0.626938775510204,204.21747,0.00044193907524459064
0.6501587301587302,197.40329,0.0004198528185952455
0.6733786848072563,192.23282,0.0003275642520748079
0.6965986394557824,193.9207,0.0003240496153011918
0.7198185941043084,2591.0605,0.0004313117533456534
0.7430385487528345,212.69157,0.00033805088605731726
0.7662585034013606,220.85724,0.0004712051013484597
0.7894784580498866,222.64928,0.0005134673556312919
0.8126984126984127,219.71437,0.000393133785109967
0.8359183673469388,213.00536,0.0003611963475123048
0.8591383219954649,211.39197,0.00031871249666437507
0.8823582766439909,216.1961,0.0003191980649717152
0.905578231292517,228.56975,0.0004585040733218193
0.9287981859410431,240.09363,0.0004739275318570435
0.9520181405895691,246.34589,0.0004295564431231469
0.9752380952380952,241.24722,0.0005972393555566669
0.9984580498866213,235.6582,0.0006492849788628519
1.0216780045351475,234.31442,0.0005111881764605641
1.0448979591836736,240.37248,0.0003170794225297868
1.0681179138321997,254.10582,0.0003416609251871705
1.0913378684807256,266.34998,0.00044949090806767344
1.1145578231292517,271.55093,0.0005538568366318941
1.1377777777777778,267.51328,0.0005219592712819576
1.1609977324263039,260.4792,0.0005168021889403462
1.18421768707483,257.23038,0.000474500993732363
1.207437641723356,261.2329,0.0005209987284615636
1.2306575963718822,273.42474,0.0007221752312034369
1.253877551020408,290.39664,0.0005633438122458756
1.2770975056689342,299.4767,0.0006793597713112831
1.3003174603174603,295.92365,0.0006955522112548351
1.3235374149659864,289.17117,0.0008057574741542339
1.3467573696145125,285.4904,0.0007936287438496947
1.3699773242630386,289.73526,0.0005445280694402754
1.3931972789115648,301.55475,0.0006482638418674469
1.4164172335600906,320.61847,0.0015561598120257258
1.4396371882086167,330.31335,0.0025694682262837887
1.4628571428571429,328.3575,0.0021125348284840584
1.486077097505669,319.78012,0.001337831374257803
1.509297052154195,315.95032,0.0012835569214075804
1.5325170068027212,316.41412,0.00131456577219069
1.5557369614512473,322.4677,0.0019381437450647354
1.5789569160997732,332.45825,0.0017369784181937575
1.6021768707482993,348.75708,0.0010083147790282965
1.6253968253968254,355.26297,0.0011344999074935913
1.6486167800453515,351.43307,0.0012848353944718838
1.6718367346938776,343.0875,0.002044365042820573
1.6950566893424037,339.70163,0.00207357294857502
1.7182766439909298,339.69647,0.0016956001054495573
1.7414965986394557,345.03354,0.0011670762905851007
1.7647165532879818,360.98782,0.0013296072138473392
1.787936507936508,379.01422,0.0034239296801388264
1.811156462585034,397.75754,0.005223995074629784
1.8343764172335602,400.6743,0.0051168655045330524
1.8575963718820863,394.10474,0.005340169183909893
1.8808163265306124,384.95248,0.0019723824225366116
1.9040362811791383,378.61993,0.0015363114653155208
1.9272562358276644,378.0754,0.0014817824121564627
1.9504761904761905,371.06238,0.0015834153164178133
1.9736961451247166,360.8582,0.0015099793672561646
1.9969160997732427,348.1885,0.0014824410900473595
2.020136054421769,344.47943,0.0013831902761012316
2.043356009070295,354.38205,0.0012154197320342064
2.066575963718821,362.47244,0.0012901958543807268
2.089795918367347,359.7669,0.0011820555664598942
2.1130158730158732,348.7463,0.0010154017945751548
2.1362358276643993,332.83594,0.0020730486139655113
2.159455782312925,325.3667,0.0016915900632739067
2.182675736961451,325.32117,0.0016880723414942622
2.2058956916099772,328.214,0.0015425907913595438
2.2291156462585033,329.9885,0.0012193520087748766
2.2523356009070294,329.76266,0.0014052941696718335
2.2755555555555556,324.554,0.0013054682640358806
2.2987755102040817,313.49762,0.0010731206275522709
2.3219954648526078,298.11655,0.0008531120838597417
2.345215419501134,287.8292,0.00106392044108361
2.36843537414966,286.96487,0.0008450123714283109
2.391655328798186,290.78183,0.0006183127406984568
2.414875283446712,295.22592,0.0005403211107477546
2.4380952380952383,294.00223,0.0006483084289357066
2.4613151927437644,284.69128,0.0009832116775214672
2.48453514739229,268.07324,0.0008610304212197661
2.507755102040816,257.5126,0.000694795569870621
2.5309750566893423,257.69714,0.0008073800709098577
2.5541950113378684,260.7309,0.0009459916036576033
2.5774149659863945,265.16956,0.0008403857937082648
2.6006349206349206,264.82343,0.0008406817214563489
2.6238548752834467,259.46832,0.0005396702908910811
2.647074829931973,245.5978,0.0006836367538198829
2.670294784580499,228.5288,0.0006684258696623147
2.693514739229025,225.34016,0.0006372969364747405
2.716734693877551,228.81248,0.0006411090726032853
2.7399546485260773,232.95331,0.000855721184052527
2.7631746031746034,234.60461,0.001022408832795918
2.7863945578231295,232.84955,0.0007957256166264415
2.809614512471655,227.91612,0.0005422357353381813
2.8328344671201813,220.75865,0.0007607765146531165
2.8560544217687074,214.81592,0.0008953909273259342
2.8792743764172335,215.65608,0.000836570281535387
2.9024943310657596,219.13376,0.0007275027455762029
2.9257142857142857,221.3963,0.0006219219067133963
2.948934240362812,222.54765,0.0005887537263333797
2.972154195011338,219.59064,0.0007502866210415959
2.995374149659864,212.89365,0.000988303916528821
3.01859410430839,201.62814,0.0008205613703466952
3.0418140589569163,196.57057,0.0007922249496914446
3.0650340136054424,196.97684,0.000755823974031955
3.0882539682539685,200.04948,0.0008322483627125621
3.1114739229024946,200.84286,0.0007201978587545455
3.1346938775510207,199.00365,0.0005609714426100254
3.1579138321995464,196.22337,0.0004913179436698556
3.1811337868480725,189.38058,0.0004522837698459625
3.2043537414965986,403.3062,0.00029441737569868565
3.2275736961451247,169.45583,0.0002958277182187885
3.250793650793651,169.12039,0.0003026105696335435
3.274013605442177,170.99007,0.0003187769325450063
3.297233560090703,171.72722,0.0003633402520790696
3.320453514739229,170.9946,0.0003707983414642513
3.3436734693877552,168.22348,0.00040011329110711813
3.3668934240362813,163.8009,0.00028263835702091455
3.3901133786848074,163.58833,0.0003962107002735138
3.4133333333333336,168.1302,0.000335196586092934
3.4365532879818597,174.96242,0.0004430728731676936
3.4597732426303858,177.95424,0.0004912087460979819
3.4829931972789114,176.47313,0.0004138492513448
3.5062131519274375,170.95233,0.0004121183301322162
3.5294331065759637,166.34987,0.0005220322636887431
3.5526530612244898,163.68088,0.00046791142085567117
3.575873015873016,165.39206,0.0004530379665084183
3.599092970521542,2639.0583,0.00039689120603725314
3.622312925170068,178.18288,0.0004389526438899338
3.645532879818594,182.20769,0.0005985653260722756
3.6687528344671203,181.39523,0.0006634627352468669
3.6919727891156464,2695.2083,0.0004076724871993065
3.7151927437641725,2653.7224,0.0004937576595693827
3.7384126984126986,163.8883,0.00041487961425445974
3.7616326530612247,163.32663,0.0004484435776248574
3.784852607709751,167.31442,0.00038222118746489286
3.8080725623582765,174.05553,0.00039750587893649936
3.8312925170068026,178.85858,0.00038014957681298256
3.8545124716553287,181.08191,0.000460812880191952
3.877732426303855,178.43275,0.00048013500054366887
3.900952380952381,171.91765,0.00036721397191286087
3.924172335600907,165.9075,0.00042139188735745847
3.947392290249433,161.99416,0.00028373999521136284
3.9706122448979593,162.97691,0.00041486762347631156
3.9938321995464854,168.49113,0.00032720970921218395
4.017052154195011,175.88243,0.0003429135540500283
4.040272108843538,179.5269,0.00029695749981328845
4.063492063492063,179.80632,0.00035597445094026625
4.08671201814059,175.66002,0.00026944579440169036
4.1099319727891155,169.32756,0.0004076788609381765
4.133151927437642,165.46243,0.0003355027874931693
4.156371882086168,165.01685,0.0003295195638202131
4.179591836734694,167.47134,0.00026088434970006347
4.20281179138322,173.2391,0.0002389185974607244
4.2260317460317465,176.78441,0.00027196892187930644
4.249251700680272,176.96553,0.00023237749701365829
4.272471655328799,172.34085,0.0002932427159976214
4.295691609977324,165.12141,0.00026547512970864773
4.31891156462585,160.37967,0.00022810464724898338
4.342131519274377,163.39093,0.00033226789673790336
4.365351473922902,169.02596,0.0002562779118306935
4.388571428571429,175.72989,0.00025096337776631117
4.4117913832199545,179.61792,0.0002058860845863819
4.435011337868481,181.5477,0.0002812333405017853
4.458231292517007,177.67358,0.00022335407265927643
4.481451247165533,169.48094,0.0002752977889031172
4.504671201814059,2666.5679,0.00019859486201312393
4.527891156462585,160.71053,0.0002121638972312212
4.551111111111111,2655.2087,0.0002725987578742206
4.574331065759638,169.49634,0.00020670105004683137
4.597551020408163,175.3219,0.00018084833573084325
4.62077097505669,177.82626,0.00018062788876704872
4.6439909297052155,176.96938,0.00013424965436570346
4.667210884353741,172.14758,3.8957437936915085e-05
4.690430839002268,0.0,5.626811798720155e-06
4.713650793650793,0.0,8.43003363115713e-07
4.73687074829932,0.0,2.656706783454865e-07
4.760090702947846,0.0,7.05676939105615e-08
4.783310657596372,0.0,4.557296051643789e-08
4.806530612244898,0.0,2.9128386813681573e-08
4.829750566893424,0.0,5.197125574341044e-08
4.85297052154195,0.0,3.338027454447001e-08
4.876190476190477,0.0,3.856257535517216e-08
4.899410430839002,0.0,2.8028807719238102e-08
4.922630385487529,0.0,2.3305801732931286e-08
