0.0,0.0,2.483830030541867e-08
0.023219954648526078,0.0,3.5341145121492445e-08
0.046439909297052155,0.0,4.2869942262768745e-08
0.06965986394557823,0.0,2.224169293185696e-08
0.09287981859410431,0.0,3.9667611417826265e-08
0.11609977324263039,0.0,5.299079930409789e-08
0.13931972789115646,0.0,2.823890099534765e-08
0.16253968253968254,0.0,2.5219378585461527e-08
0.18575963718820862,0.0,2.8793692763429135e-08
0.2089795918367347,0.0,3.02761145576369e-06
0.23219954648526078,158.04015,3.398327316972427e-05
0.25541950113378686,158.03305,7.307133637368679e-05
0.2786394557823129,163.0878,0.00010168029984924942
0.301859410430839,166.68314,0.00017956166993826628
0.3250793650793651,168.44952,0.00026932693435810506
0.3482993197278912,168.12189,0.0003311977779958397
0.37151927437641724,169.33226,0.0004391506954561919
0.3947392290249433,170.14378,0.0005399209912866354
0.4179591836734694,169.87943,0.0007831950206309557
0.44117913832199546,175.27861,0.0009876708500087261
0.46439909297052157,179.18301,0.0009622162906453013
0.4876190476190476,179.93163,0.0009383027208968997
0.5108390022675737,172.45692,0.0008722684578970075
0.5340589569160998,172.67232,0.0006164641818031669
0.5572789115646258,179.86954,0.0006992925191298127
0.5804988662131519,187.66356,0.0007280876161530614
0.603718820861678,193.57468,0.0005414285697042942
0.626938775510204,195.68788,0.0005969218909740448
0.6501587301587302,192.90959,0.0004950440488755703
0.6733786848072563,189.76285,0.0006990106194280088
0.6965986394557824,194.80641,0.0005507096066139638
0.7198185941043084,205.31606,0.0006476137787103653
0.7430385487528345,215.612,0.0007391231483779848
0.7662585034013606,222.17964,0.001098055625334382
0.7894784580498866,222.00557,0.0008601339068263769
0.8126984126984127,215.42615,0.00048233135021291673
0.8359183673469388,212.22046,0.0005329612176865339
0.8591383219954649,216.55,0.0007620361866429448
0.8823582766439909,225.02718,0.0013869560789316893
0.905578231292517,232.58423,0.0021170496474951506
0.9287981859410431,236.92259,0.0025737513788044453
0.9520181405895691,236.86128,0.002504077274352312
0.9752380952380952,233.30568,0.0020887041464447975
0.9984580498866213,228.28053,0.0011844753753393888
1.0216780045351475,231.06293,0.0015698170755058527
1.0448979591836736,240.1628,0.002049598842859268
1.0681179138321997,253.29388,0.0027187648229300976
1.0913378684807256,263.16174,0.004614097066223621
1.1145578231292517,264.648,0.00476607121527195
1.1377777777777778,259.9664,0.0032820829655975103
1.1609977324263039,253.84285,0.0015305479755625129
1.18421768707483,255.15466,0.0020362376235425472
1.207437641723356,263.57062,0.004331531934440136
1.2306575963718822,279.32477,0.003050524275749922
1.253877551020408,296.52222,0.004073813557624817
1.2770975056689342,299.81757,0.004837307147681713
1.3003174603174603,294.21512,0.003362535033375025
1.3235374149659864,285.128,0.004082147963345051
1.3467573696145125,283.92337,0.003304111072793603
1.3699773242630386,293.00165,0.0030266374815255404
1.3931972789115648,309.3207,0.0023040894884616137
1.4164172335600906,329.0695,0.003532788483425975
1.4396371882086167,331.62842,0.0036247046664357185
1.4628571428571429,324.71796,0.0020674520637840033
1.486077097505669,316.8092,0.002451434265822172
1.509297052154195,313.0712,0.0031963232904672623
1.5325170068027212,317.00717,0.0024332923348993063
1.5557369614512473,335.529,0.004315646830946207
1.5789569160997732,354.9115,0.002862995956093073
1.6021768707482993,363.27283,0.0037217936478555202
1.6253968253968254,358.4716,0.0039502582512795925
1.6486167800453515,349.28305,0.0043346635065972805
1.6718367346938776,342.04764,0.004966118838638067
1.6950566893424037,341.12085,0.004664244595915079
1.7182766439909298,347.32996,0.0030827471055090427
1.7414965986394557,361.5001,0.0019321228610351682
1.7647165532879818,381.415,0.0012435915414243937
1.787936507936508,394.995,0.002822247100993991
1.811156462585034,397.34155,0.002827649936079979
1.8343764172335602,391.44662,0.0013909857952967286
1.8575963718820863,385.27863,0.0008363265078514814
1.8808163265306124,383.02225,0.0009158955072052777
1.9040362811791383,379.25687,0.0013490912970155478
1.9272562358276644,373.77783,0.002045195549726486
1.9504761904761905,364.64108,0.0027506810147315264
1.9736961451247166,354.61334,0.003317193128168583
1.9969160997732427,350.1626,0.003257748670876026
2.020136054421769,349.46115,0.0031393272802233696
2.043356009070295,349.22284,0.0026049641892313957
2.066575963718821,352.39816,0.0021467418409883976
2.089795918367347,350.84125,0.0024198084138333797
2.1130158730158732,343.68597,0.0029230157379060984
2.1362358276643993,336.8377,0.003076546359807253
2.159455782312925,333.55774,0.002599535044282675
2.182675736961451,331.5589,0.001905152341350913
2.2058956916099772,328.5872,0.0016709375195205212
2.2291156462585033,329.59717,0.0016936322208493948
2.2523356009070294,328.78876,0.0014633876271545887
2.2755555555555556,321.3194,0.0013876816956326365
2.2987755102040817,312.85007,0.0022507000248879194
2.3219954648526078,304.9036,0.0025594912003725767
2.345215419501134,297.50757,0.0022458513267338276
2.36843537414966,293.92307,0.001469072070904076
2.391655328798186,296.4714,0.002230684272944927
2.414875283446712,301.60556,0.0026076738722622395
2.4380952380952383,300.74667,0.002973027992993593
2.4613151927437644,293.8028,0.0018202161882072687
2.48453514739229,274.36575,0.0018510606605559587
2.507755102040816,259.48526,0.0024421988055109978
2.5309750566893423,257.28217,0.0018901668954640627
2.5541950113378684,258.63315,0.0020227269269526005
2.5774149659863945,262.47662,0.002327584894374013
2.6006349206349206,263.50818,0.0023097088560462
2.6238548752834467,261.77173,0.0022353045642375946
2.647074829931973,255.195,0.0017515519866719842
2.670294784580499,240.40779,0.003021115204319358
2.693514739229025,232.13692,0.0021154123824089766
2.716734693877551,231.21674,0.0018659362103790045
2.7399546485260773,233.11389,0.0022570830769836903
2.7631746031746034,235.81941,0.003105604089796543
2.7863945578231295,237.17386,0.0033791465684771538
2.809614512471655,236.53928,0.0033556423150002956
2.8328344671201813,233.5899,0.002054547891020775
2.8560544217687074,223.12854,0.000966061488725245
2.8792743764172335,217.40692,0.0009264781838282943
2.9024943310657596,215.85364,0.0008229806553572416
2.9257142857142857,215.91266,0.0007577022770419717
2.948934240362812,216.29675,0.0007715206011198461
2.972154195011338,217.79007,0.0008829804719425738
2.995374149659864,217.37604,0.0009546851506456733
3.01859410430839,215.54422,0.0008080634288489819
3.0418140589569163,206.5044,0.0007406219374388456
3.0650340136054424,197.50845,0.0005096150562167168
3.0882539682539685,191.67265,0.00034361815778538585
3.1114739229024946,193.81483,0.00038890878204256296
3.1346938775510207,194.45534,0.00046823034062981606
3.1579138321995464,196.59073,0.0006487361970357597
3.1811337868480725,196.84058,0.0005745833041146398
3.2043537414965986,195.1376,0.00038006535032764077
3.2275736961451247,191.4411,0.00035310621024109423
3.250793650793651,183.29613,0.0003736995568033308
3.274013605442177,173.45993,0.0004048788105137646
3.297233560090703,168.88843,0.0003129123942926526
3.320453514739229,168.80556,0.00030494399834424257
3.3436734693877552,170.60126,0.00036097870906814933
3.3668934240362813,171.3791,0.00043437606655061245
3.3901133786848074,170.53346,0.0003912856918759644
3.4133333333333336,168.45494,0.0003547513915691525
3.4365532879818597,164.04163,0.0005953428335487843
3.4597732426303858,162.69992,0.0007366110221482813
3.4829931972789114,168.50412,0.0003997063613496721
3.5062131519274375,172.16768,0.00046307878801599145
3.5294331065759637,172.75615,0.0006378754042088985
3.5526530612244898,170.76416,0.0005440769600681961
3.575873015873016,165.02586,0.00071780348662287
3.599092970521542,161.32103,0.0011511832708492875
3.622312925170068,160.03487,0.0010020050685852766
3.645532879818594,162.27278,0.0007910952554084361
3.6687528344671203,170.46289,0.0003792612405959517
3.6919727891156464,175.35645,0.0005564565071836114
3.7151927437641725,177.10088,0.0004952842718921602
3.7384126984126986,174.62323,0.0005835908814333379
3.7616326530612247,169.6639,0.0004979039076715708
3.784852607709751,162.71373,0.0009404898737557232
3.8080725623582765,159.88187,0.001012916793115437
3.8312925170068026,160.109,0.0009695251937955618
3.8545124716553287,166.82831,0.00042525201570242643
3.877732426303855,173.86784,0.00045103527372702956
3.900952380952381,177.2112,0.00047821231419220567
3.924172335600907,177.80327,0.0004381070320960134
3.947392290249433,175.50003,0.0005276182782836258
3.9706122448979593,169.38821,0.0004910166026093066
3.9938321995464854,162.69157,0.0008802355732768774
4.017052154195011,162.86548,0.000861991080455482
4.040272108843538,166.9749,0.00042101749568246305
4.063492063492063,172.33054,0.00037994119338691235
4.08671201814059,176.81125,0.00047283951425924897
4.1099319727891155,177.54466,0.00043257224024273455
4.133151927437642,173.4615,0.00047091313172131777
4.156371882086168,167.12827,0.0005260840407572687
4.179591836734694,161.3456,0.0010286452015861869
4.20281179138322,159.94398,0.0009310164023190737
4.2260317460317465,163.48277,0.0005164447356946766
4.249251700680272,173.20491,0.0003557383897714317
4.272471655328799,179.475,0.00030892842914909124
4.295691609977324,182.30751,0.0002995885442942381
4.31891156462585,179.2028,0.00037502311170101166
4.342131519274377,171.7475,0.00039602883043698967
4.365351473922902,164.80125,0.0005806174012832344
4.388571428571429,162.70886,0.0007331693777814507
4.4117913832199545,166.66747,0.00032378360629081726
4.435011337868481,173.70442,0.000295718404231593
4.458231292517007,178.1793,0.0002846650604624301
4.481451247165533,179.71257,0.0002942434512078762
4.504671201814059,177.67085,0.00034122157376259565
4.527891156462585,171.64871,0.00035668915370479226
4.551111111111111,165.48302,0.0005037040682509542
4.574331065759638,160.82648,0.0007408942328765988
4.597551020408163,161.9771,0.0004968849243596196
4.62077097505669,172.18343,0.00025568329147063196
4.6439909297052155,176.60077,0.00022634337074123323
4.667210884353741,179.73886,1.1839696526294574e-05
4.690430839002268,0.0,7.505595931434073e-07
4.713650793650793,0.0,2.6163434085901827e-07
4.73687074829932,0.0,1.1137490218970925e-07
4.760090702947846,0.0,1.1236988939344883e-07
4.783310657596372,0.0,4.1996827349066734e-08
4.806530612244898,0.0,5.1818460633512586e-08
4.829750566893424,0.0,4.2947249312419444e-08
4.85297052154195,0.0,5.963283911114559e-08
4.876190476190477,0.0,5.811216396978125e-08
4.899410430839002,0.0,7.196922524599358e-08
4.922630385487529,0.0,5.696256266674027e-08
