0.0,0.0,1.5084970073075965e-07
0.023219954648526078,0.0,1.0451458365423605e-07
0.046439909297052155,0.0,6.237405614228919e-08
0.06965986394557823,0.0,2.7264832169748843e-08
0.09287981859410431,0.0,2.2010681277606636e-08
0.11609977324263039,0.0,1.3108547136653215e-08
0.13931972789115646,0.0,4.207595338812098e-08
0.16253968253968254,0.0,3.7609206628985703e-06
0.18575963718820862,0.0,9.986494660552125e-06
0.2089795918367347,128.62712,1.5345292922575027e-05
0.23219954648526078,130.38745,2.5718680262798443e-05
0.25541950113378686,132.20554,3.511699105729349e-05
0.2786394557823129,133.90292,3.7314730434445664e-05
0.301859410430839,134.5053,4.081015504198149e-05
0.3250793650793651,135.59048,4.703928061644547e-05
0.3482993197278912,136.45541,5.883279300178401e-05
0.37151927437641724,136.84708,6.09883718425408e-05
0.3947392290249433,136.42368,7.030076812952757e-05
0.4179591836734694,134.49678,6.64617691654712e-05
0.44117913832199546,132.88834,5.167827839613892e-05
0.46439909297052157,134.38535,4.845355579163879e-05
0.4876190476190476,140.5147,5.165165930520743e-05
0.5108390022675737,147.83974,5.359153510653414e-05
0.5340589569160998,154.7299,5.883321864530444e-05
0.5572789115646258,154.76823,4.419216202222742e-05
0.5804988662131519,150.82352,3.268376531195827e-05
0.603718820861678,151.7661,4.010759585071355e-05
0.626938775510204,154.8192,6.894195394124836e-05
0.6501587301587302,161.49907,0.00011995318345725536
0.6733786848072563,163.6629,0.00015459282440133393
0.6965986394557824,162.68655,0.00015423870354425162
0.7198185941043084,159.07866,0.00010261863644700497
0.7430385487528345,157.78558,8.691798575455323e-05
0.7662585034013606,161.67256,0.00012116182188037783
0.7894784580498866,167.13107,0.0001131188910221681
0.8126984126984127,173.16342,0.00012205043458379805
0.8359183673469388,175.51944,0.00013421141193248332
0.8591383219954649,174.20956,9.324696293333545e-05
0.8823582766439909,171.2228,0.00010709336493164301
0.905578231292517,173.14857,0.00013941005454398692
0.9287981859410431,178.16661,0.00013198363012634218
0.9520181405895691,377.3646,0.00029544418794102967
0.9752380952380952,199.64545,0.00045671960106119514
0.9984580498866213,200.2998,0.00037633709143847227
1.0216780045351475,387.52023,0.00024174113059416413
1.0448979591836736,384.5967,0.0002595616679172963
1.0681179138321997,198.47844,0.000398261850932613
1.0913378684807256,208.58063,0.0003713943879120052
1.1145578231292517,220.14273,0.00033960180007852614
1.1377777777777778,227.16989,0.00035918690264225006
1.1609977324263039,223.79294,0.0003685675037559122
1.18421768707483,219.57292,0.00037668709410354495
1.207437641723356,221.85924,0.0003259291115682572
1.2306575963718822,231.47841,0.0004715415998362005
1.253877551020408,241.65154,0.0003694275510497391
1.2770975056689342,248.73622,0.0003090056125074625
1.3003174603174603,246.6872,0.00038737955037504435
1.3235374149659864,243.12822,0.0005350559367798269
1.3467573696145125,240.84552,0.000556442653760314
1.3699773242630386,242.02098,0.0004273717349860817
1.3931972789115648,252.5487,0.00030737745692022145
1.4164172335600906,265.21548,0.0005543881561607122
1.4396371882086167,270.5556,0.000581926666200161
1.4628571428571429,267.1503,0.0007594727212563157
1.486077097505669,263.07318,0.0007346626371145248
1.509297052154195,258.678,0.0005839439108967781
1.5325170068027212,261.80048,0.0007084030075930059
1.5557369614512473,266.3686,0.0004258585977368057
1.5789569160997732,281.69928,0.0004214935179334134
1.6021768707482993,296.65112,0.0005877488292753696
1.6253968253968254,313.61832,0.0002508122124709189
1.6486167800453515,316.64844,0.00027114542899653316
1.6718367346938776,306.4209,0.00048535389942117035
1.6950566893424037,296.36984,0.0010043593356385827
1.7182766439909298,283.99338,0.00043179793283343315
1.7414965986394557,269.34534,0.000572419841773808
1.7647165532879818,264.00293,0.0006713467882946134
1.787936507936508,264.67178,0.0007318257703445852
1.811156462585034,268.11823,0.0006794603541493416
1.8343764172335602,268.76727,0.000640274491161108
1.8575963718820863,264.61258,0.0006114229327067733
1.8808163265306124,257.23004,0.0003093142295256257
1.9040362811791383,248.52805,0.0002582875022199005
1.9272562358276644,242.61285,0.00040019306470640004
1.9504761904761905,242.66502,0.0003188262053299695
1.9736961451247166,247.19347,0.00025781558360904455
1.9969160997732427,250.5803,0.0002340233331779018
2.020136054421769,248.57413,0.00026637231349013746
2.043356009070295,240.89264,0.00039709906559437513
2.066575963718821,227.11844,0.0003744094865396619
2.089795918367347,217.47952,0.0004128600412514061
2.1130158730158732,216.502,0.0004131515452172607
2.1362358276643993,217.47963,0.00037500064354389906
2.159455782312925,221.69165,0.00027704518288373947
2.182675736961451,224.82808,0.00023033234174363315
2.2058956916099772,222.9986,0.00025767210172489285
2.2291156462585033,216.26408,0.0003551469126250595
2.2523356009070294,201.72224,0.0003637290792539716
2.2755555555555556,387.30392,0.0002303098444826901
2.2987755102040817,191.96326,0.00023902436078060418
2.3219954648526078,194.59198,0.00029160059057176113
2.345215419501134,197.50072,0.0003300010575912893
2.36843537414966,197.77397,0.00026214373065158725
2.391655328798186,389.05722,0.00020807245164178312
2.414875283446712,187.15213,0.00015169270045589656
2.4380952380952383,177.8381,0.00011283443018328398
2.4613151927437644,173.0858,8.963755681179464e-05
2.48453514739229,172.91827,0.00013000628678128123
2.507755102040816,174.13824,0.00012216460891067982
2.5309750566893423,177.53278,9.623419464332983e-05
2.5541950113378684,179.40213,0.00012097929720766842
2.5774149659863945,176.02017,8.726487430976704e-05
2.6006349206349206,170.76988,0.00014771110727451742
2.6238548752834467,163.83653,0.0001601211552042514
2.647074829931973,161.6868,0.0002172613749280572
2.670294784580499,161.78156,0.0002267220406793058
2.693514739229025,163.51537,0.00017675133130978793
2.716734693877551,163.34576,0.00018482041195966303
2.7399546485260773,161.87416,0.00019227919983677566
2.7631746031746034,158.88316,8.668962254887447e-05
2.7863945578231295,150.42216,6.76922791171819e-05
2.809614512471655,145.45912,7.753181853331625e-05
2.8328344671201813,143.60437,7.755961996736005e-05
2.8560544217687074,142.2604,9.914979455061257e-05
2.8792743764172335,141.56795,7.729095523245633e-05
2.9024943310657596,143.32834,6.929364462848753e-05
2.9257142857142857,143.73807,8.605743641965091e-05
2.948934240362812,142.82614,7.630788604728878e-05
2.972154195011338,141.17049,6.965697684790939e-05
2.995374149659864,138.74506,7.358613947872072e-05
3.01859410430839,135.0256,0.00010189021122641861
3.0418140589569163,131.49179,7.689758786000311e-05
3.0650340136054424,128.06105,6.389737245626748e-05
3.0882539682539685,126.92284,5.653071639244445e-05
3.1114739229024946,126.47829,5.771986980107613e-05
3.1346938775510207,128.38943,6.237243360374123e-05
3.1579138321995464,127.192406,6.030283111613244e-05
3.1811337868480725,126.788734,5.7368310081074014e-05
3.2043537414965986,126.90462,5.849952867720276e-05
3.2275736961451247,127.77825,6.828522600699216e-05
3.250793650793651,130.00456,8.74781544553116e-05
3.274013605442177,130.52261,0.00010099317296408117
3.297233560090703,130.66536,0.00010316953557776287
3.320453514739229,129.29704,8.414913463639095e-05
3.3436734693877552,127.09184,6.576245505129918e-05
3.3668934240362813,125.154686,5.250736649031751e-05
3.3901133786848074,124.52091,5.730151679017581e-05
3.4133333333333336,124.84004,5.9737078117905185e-05
3.4365532879818597,127.545685,7.31164327589795e-05
3.4597732426303858,131.91437,9.923521429300308e-05
3.4829931972789114,132.1229,9.507816866971552e-05
3.5062131519274375,130.52435,8.65180918481201e-05
3.5294331065759637,127.77479,6.789485632907599e-05
3.5526530612244898,125.111244,5.478804814629257e-05
3.575873015873016,123.332405,5.5274249461945146e-05
3.599092970521542,123.056915,5.891924229217693e-05
3.622312925170068,125.45973,6.0041747929062694e-05
3.645532879818594,130.28078,8.043240814004093e-05
3.6687528344671203,132.76422,9.944624616764486e-05
3.6919727891156464,133.26051,9.476454579271376e-05
3.7151927437641725,131.4779,8.487616287311539e-05
3.7384126984126986,128.43466,6.909456715220585e-05
3.7616326530612247,125.26534,5.516052624443546e-05
3.784852607709751,123.90045,5.179118670639582e-05
3.8080725623582765,124.72902,6.258790381252766e-05
3.8312925170068026,127.2111,6.352904892992228e-05
3.8545124716553287,130.5661,8.6077896412462e-05
3.877732426303855,131.46358,9.312413749285042e-05
3.900952380952381,130.631,8.32511723274365e-05
3.924172335600907,127.4097,6.664815009571612e-05
3.947392290249433,124.67682,5.145240720594302e-05
3.9706122448979593,122.12839,5.578186028287746e-05
3.9938321995464854,122.03803,6.016330735292286e-05
4.017052154195011,124.16537,6.602027860935777e-05
4.040272108843538,129.25627,7.158073276514187e-05
4.063492063492063,131.52556,8.772442379267886e-05
4.08671201814059,132.24265,8.149172936100513e-05
4.1099319727891155,130.83333,6.519705493701622e-05
4.133151927437642,126.865005,5.119918205309659e-05
4.156371882086168,123.899185,4.4455235183704644e-05
4.179591836734694,122.29054,5.044540739618242e-05
4.20281179138322,124.3928,5.7300523621961474e-05
4.2260317460317465,129.97096,6.416827091015875e-05
4.249251700680272,132.1523,7.814870332367718e-05
4.272471655328799,131.44565,3.925839700968936e-05
4.295691609977324,0.0,2.428108018648345e-06
4.31891156462585,0.0,6.004465831210837e-07
4.342131519274377,0.0,1.0114399628946558e-07
4.365351473922902,0.0,5.4576048569288105e-08
4.388571428571429,0.0,3.948298399336636e-08
4.4117913832199545,0.0,2.2016138245817274e-08
4.435011337868481,0.0,1.4619217836298048e-08
4.458231292517007,0.0,4.647699825000018e-08
4.481451247165533,0.0,2.0395418687257916e-08
