0.0,0.0,7.8788616519887e-08
0.023219954648526078,0.0,3.2194293453358114e-08
0.046439909297052155,0.0,9.733957995194942e-08
0.06965986394557823,0.0,5.3579242376144975e-08
0.09287981859410431,0.0,4.321009328123182e-08
0.11609977324263039,0.0,6.611480785068125e-08
0.13931972789115646,0.0,3.8490725273732096e-08
0.16253968253968254,0.0,2.1012965589761734e-08
0.18575963718820862,0.0,3.816876414930448e-08
0.2089795918367347,0.0,4.548655851976946e-08
0.23219954648526078,0.0,1.4150737115414813e-07
0.25541950113378686,159.47803,1.1472830919956323e-05
0.2786394557823129,124.522156,1.9167433492839336e-05
0.301859410430839,124.52754,2.3913562472444028e-05
0.3250793650793651,127.04085,2.630829476402141e-05
0.3482993197278912,130.80061,4.663031722884625e-05
0.37151927437641724,132.48679,6.098482117522508e-05
0.3947392290249433,131.49567,6.569264951394871e-05
0.4179591836734694,131.93872,8.962441643234342e-05
0.44117913832199546,134.67183,0.00012825960584450513
0.46439909297052157,135.2581,0.00014380045467987657
0.4876190476190476,131.07176,0.00012502791651058942
0.5108390022675737,128.12769,7.136659405659884e-05
0.5340589569160998,129.14449,8.330376294907182e-05
0.5572789115646258,134.80405,0.00011645663471426815
0.5804988662131519,142.28114,0.0001657856337260455
0.603718820861678,146.44388,0.00024148185912054032
0.626938775510204,147.83424,0.0001917924382723868
0.6501587301587302,145.61089,0.00011255464778514579
0.6733786848072563,141.11905,0.00010024494986282662
0.6965986394557824,147.41283,0.00016222131671383977
0.7198185941043084,154.65227,0.0002727571118157357
0.7430385487528345,161.59262,0.00019578353385441005
0.7662585034013606,161.77124,0.0002087930333800614
0.7894784580498866,157.65958,0.00031343562295660377
0.8126984126984127,154.85986,0.0002952158683910966
0.8359183673469388,156.71915,0.00033855560468509793
0.8591383219954649,161.16777,0.00019229146710131317
0.8823582766439909,168.80931,0.00016284637968055904
0.905578231292517,173.15605,0.00027521225274540484
0.9287981859410431,175.50336,0.0002738524926826358
0.9520181405895691,172.82309,0.00022446828370448202
0.9752380952380952,169.49413,0.00015843313303776085
0.9984580498866213,172.58965,0.00022379604342859238
1.0216780045351475,178.71452,0.00021978214499540627
1.0448979591836736,187.39975,0.0003382193681318313
1.0681179138321997,193.9452,0.00036086642649024725
1.0913378684807256,197.52946,0.0004655426018871367
1.1145578231292517,194.68199,0.00019968085689470172
1.1377777777777778,189.45805,0.00024703284725546837
1.1609977324263039,196.77162,0.0004219095571897924
1.18421768707483,205.78345,0.0005372844752855599
1.207437641723356,216.6428,0.0005805986002087593
1.2306575963718822,221.32863,0.0007339966832660139
1.253877551020408,221.02426,0.0005960966227576137
1.2770975056689342,219.35432,0.00047645947779528797
1.3003174603174603,220.30429,0.00048048674943856895
1.3235374149659864,224.78491,0.0006966201472096145
1.3467573696145125,238.32259,0.0010632434859871864
1.3699773242630386,249.59662,0.0007491743308492005
1.3931972789115648,255.3331,0.001045347424224019
1.4164172335600906,250.47188,0.00076961365994066
1.4396371882086167,245.14738,0.0010452927090227604
1.4628571428571429,245.55272,0.0010238320101052523
1.486077097505669,251.58002,0.0009395026136189699
1.509297052154195,259.652,0.0018599051982164383
1.5325170068027212,267.44055,0.001701656263321638
1.5557369614512473,276.313,0.0013428488746285439
1.5789569160997732,274.9583,0.0016476879827678204
1.6021768707482993,268.34213,0.0024158067535609007
1.6253968253968254,263.17654,0.0030966319609433413
1.6486167800453515,262.54843,0.0026208385825157166
1.6718367346938776,270.2285,0.0011547721223905683
1.6950566893424037,291.1713,0.001276967115700245
1.7182766439909298,303.53033,0.0018417614046484232
1.7414965986394557,304.68454,0.0019029434770345688
1.7647165532879818,296.35248,0.0015785405412316322
1.787936507936508,288.3616,0.0016547634731978178
1.811156462585034,279.30267,0.0016216509975492954
1.8343764172335602,268.05844,0.0020187473855912685
1.8575963718820863,259.72266,0.0022800154983997345
1.8808163265306124,256.69922,0.0021635303273797035
1.9040362811791383,261.21295,0.002882897388190031
1.9272562358276644,266.48984,0.002649532863870263
1.9504761904761905,265.6339,0.00284600374288857
1.9736961451247166,258.84332,0.0022395621053874493
1.9969160997732427,249.6066,0.0014450441813096404
2.020136054421769,245.57437,0.001191803952679038
2.043356009070295,242.94324,0.0011611978989094496
2.066575963718821,243.66656,0.001255044131539762
2.089795918367347,245.7009,0.0015030975919216871
2.1130158730158732,245.54582,0.0015193696599453688
2.1362358276643993,243.64961,0.001362059498205781
2.159455782312925,235.6045,0.0012836366659030318
2.182675736961451,225.25285,0.0012808330357074738
2.2058956916099772,222.29477,0.001487482339143753
2.2291156462585033,222.5177,0.0013968703569844365
2.2523356009070294,223.54776,0.0012227005790919065
2.2755555555555556,223.132,0.0011405294062569737
2.2987755102040817,221.21494,0.0010162538383156061
2.3219954648526078,216.7822,0.0007998340297490358
2.345215419501134,209.17212,0.0005929563194513321
2.36843537414966,203.29301,0.0007306145271286368
2.391655328798186,202.31168,0.0008305320516228676
2.414875283446712,201.11906,0.0008822203963063657
2.4380952380952383,199.64372,0.0008103362051770091
2.4613151927437644,199.16498,0.0008894856437109411
2.48453514739229,197.72583,0.0008605868788436055
2.507755102040816,194.38959,0.0004604925634339452
2.5309750566893423,187.03543,0.00036543485475704074
2.5541950113378684,181.90263,0.00029377778992056847
2.5774149659863945,177.89148,0.00028327415930107236
2.6006349206349206,177.8865,0.00026273506227880716
2.6238548752834467,178.10738,0.0002810228615999222
2.647074829931973,179.695,0.0002771212311927229
2.670294784580499,178.58421,0.00025387981440871954
2.693514739229025,176.5993,0.0002790972648654133
2.716734693877551,172.07115,0.00029397866455838084
2.7399546485260773,166.82066,0.00027009507175534964
2.7631746031746034,166.28043,0.00019336507830303162
2.7863945578231295,167.8126,0.00017991973436437547
2.809614512471655,167.4267,0.0001760914019541815
2.8328344671201813,167.27208,0.00016477219469379634
2.8560544217687074,166.0151,0.00016995139594655484
2.8792743764172335,163.35818,0.00027662550564855337
2.9024943310657596,157.10701,0.0004590623138938099
2.9257142857142857,151.0858,0.00027484510792419314
2.948934240362812,147.03667,0.00021518568973988295
2.972154195011338,145.38676,0.00020224248874001205
2.995374149659864,144.92888,0.0002227399090770632
3.01859410430839,145.15303,0.00024077868147287518
3.0418140589569163,146.50037,0.0002051803603535518
3.0650340136054424,147.02171,0.00017898765509016812
3.0882539682539685,145.0543,0.00018363131675869226
3.1114739229024946,142.50386,0.00015697773778811097
3.1346938775510207,139.27711,0.00012192709982628003
3.1579138321995464,132.45018,8.735398296266794e-05
3.1811337868480725,125.386536,5.7372548326384276e-05
3.2043537414965986,123.91596,6.125302752479911e-05
3.2275736961451247,125.45556,7.697984983678907e-05
3.250793650793651,128.16261,9.222982043866068e-05
3.274013605442177,129.60242,0.00012035074178129435
3.297233560090703,129.23212,9.96395610854961e-05
3.320453514739229,126.18462,7.291262591024861e-05
3.3436734693877552,123.523994,6.96697534294799e-05
3.3668934240362813,123.21135,6.99315860401839e-05
3.3901133786848074,125.10807,7.718896813457832e-05
3.4133333333333336,126.39872,7.475172606064007e-05
3.4365532879818597,128.5566,9.276392665924504e-05
3.4597732426303858,129.5689,0.00011519019608385861
3.4829931972789114,128.19357,8.996919495984912e-05
3.5062131519274375,124.80639,8.198768045986071e-05
3.5294331065759637,120.65216,0.0001102815949707292
3.5526530612244898,119.02753,0.0001332977699348703
3.575873015873016,238.18591,0.00012368886382319033
3.599092970521542,121.53269,7.552259194198996e-05
3.622312925170068,128.3254,7.409180398099124e-05
3.645532879818594,131.45267,0.00011072891356889158
3.6687528344671203,132.23564,0.00011916879884665832
3.6919727891156464,131.33977,9.71820845734328e-05
3.7151927437641725,125.767654,6.851232319604605e-05
3.7384126984126986,121.35203,0.00010161276441067457
3.7616326530612247,119.31093,0.00011253257980570197
3.784852607709751,119.30268,0.000117844610940665
3.8080725623582765,121.53458,7.835427823010832e-05
3.8312925170068026,128.31277,6.440797005780041e-05
3.8545124716553287,130.96817,0.0001035703462548554
3.877732426303855,131.58868,0.0001057281406247057
3.900952380952381,130.62741,7.45926663512364e-05
3.924172335600907,125.90613,5.729029362555593e-05
3.947392290249433,120.868385,9.695331391412765e-05
3.9706122448979593,118.46839,0.00011234367411816493
3.9938321995464854,238.3154,0.00010349962394684553
4.017052154195011,122.6661,6.254832987906411e-05
4.040272108843538,129.60216,6.530319660669193e-05
4.063492063492063,132.55844,8.885157149052247e-05
4.08671201814059,132.79306,7.999195076990873e-05
4.1099319727891155,129.98582,5.280046025291085e-05
4.133151927437642,124.03248,6.447592022595927e-05
4.156371882086168,117.95806,9.077330469153821e-05
4.179591836734694,116.49131,0.00010504604870220646
4.20281179138322,118.505104,8.130899368552491e-05
4.2260317460317465,124.1393,4.2136114643653855e-05
4.249251700680272,130.32567,3.469017974566668e-05
4.272471655328799,0.0,4.1632538341218606e-06
4.295691609977324,0.0,5.012625479139388e-07
4.31891156462585,0.0,3.660625225165859e-08
4.342131519274377,0.0,5.2650648285634816e-08
4.365351473922902,0.0,4.531648301053792e-08
4.388571428571429,0.0,2.7113856049254537e-08
4.4117913832199545,0.0,1.8205355445388705e-08
4.435011337868481,0.0,2.0205334294587374e-08
4.458231292517007,0.0,4.837602318730205e-09
