0.0,0.0,1.8062200979329646e-07
0.023219954648526078,0.0,2.09233803616371e-07
0.046439909297052155,0.0,1.7189631762448698e-07
0.06965986394557823,0.0,1.5080331650096923e-08
0.09287981859410431,0.0,4.3846193875651807e-07
0.11609977324263039,151.46777,7.889783591963351e-05
0.13931972789115646,149.7864,0.00022117813932709396
0.16253968253968254,160.77892,0.0003012141678482294
0.18575963718820862,168.38242,0.0004308015631977469
0.2089795918367347,175.52171,0.0004181476542726159
0.23219954648526078,179.33604,0.0004092595772817731
0.25541950113378686,180.86491,0.0007418628665618598
0.2786394557823129,181.21254,0.0007742439629510045
0.301859410430839,179.03162,0.000580493884626776
0.3250793650793651,178.62938,0.00039398635271936655
0.3482993197278912,178.87402,0.00038255355320870876
0.37151927437641724,176.97087,0.0001893150038085878
0.3947392290249433,172.21785,0.00016651034820824862
0.4179591836734694,172.12622,0.00015341189282480627
0.44117913832199546,180.42638,6.738099182257429e-05
0.46439909297052157,185.82645,4.802086186828092e-05
0.4876190476190476,0.0,5.1321449063834734e-06
0.5108390022675737,0.0,2.7479673008201644e-06
0.5340589569160998,0.0,5.526790118892677e-07
0.5572789115646258,0.0,6.445980034186505e-07
0.5804988662131519,0.0,7.842700142646208e-07
0.603718820861678,0.0,9.493514880887233e-07
0.626938775510204,0.0,1.2792361303581856e-06
0.6501587301587302,248.75072,0.00016009563114494085
0.6733786848072563,237.82283,0.00028172563179396093
0.6965986394557824,235.20624,0.00035633560037240386
0.7198185941043084,230.20248,0.00024390083854086697
0.7430385487528345,224.51094,0.00035512581234797835
0.7662585034013606,220.77026,0.000587990100029856
0.7894784580498866,220.39172,0.0005518150283023715
0.8126984126984127,221.50249,0.0004952532472088933
0.8359183673469388,223.34444,0.00040013593388721347
0.8591383219954649,227.84383,0.0003174742450937629
0.8823582766439909,232.76895,0.00033010149491019547
0.905578231292517,232.1929,0.0003199263592250645
0.9287981859410431,224.51324,0.0003329597820993513
0.9520181405895691,212.34766,0.00015518961299676448
0.9752380952380952,0.0,8.753825568419416e-06
0.9984580498866213,0.0,9.862005754257552e-07
1.0216780045351475,0.0,4.724934115074575e-07
1.0448979591836736,0.0,2.6376892492407933e-07
1.0681179138321997,0.0,1.5399382391478866e-07
1.0913378684807256,0.0,1.0523763194214553e-07
1.1145578231292517,0.0,2.7034548111259937e-07
1.1377777777777778,282.00653,8.671089744893834e-05
1.1609977324263039,275.83655,0.00023393549781758338
1.18421768707483,276.3708,0.00026496677310205996
1.207437641723356,277.9538,0.00032442231895402074
1.2306575963718822,275.1229,0.00043093186104670167
1.253877551020408,268.2098,0.0005298141040839255
1.2770975056689342,259.94916,0.0006328871240839362
1.3003174603174603,255.5991,0.0005526123568415642
1.3235374149659864,255.77698,0.0005065285367891192
1.3467573696145125,261.98898,0.0007448432152159512
1.3699773242630386,267.4138,0.0010513461893424392
1.3931972789115648,272.97067,0.0009739676024764776
1.4164172335600906,271.9582,0.0007665766752324998
1.4396371882086167,261.51465,0.0007252766517922282
1.4628571428571429,249.05751,8.49043790367432e-05
1.486077097505669,258.30023,4.035738675156608e-05
1.509297052154195,0.0,1.7103402569773607e-06
1.5325170068027212,0.0,1.6038702597143129e-06
1.5557369614512473,0.0,2.3889697331469506e-07
1.5789569160997732,0.0,2.865617716452107e-07
1.6021768707482993,0.0,1.179041646537371e-07
1.6253968253968254,0.0,1.3919543562224135e-07
1.6486167800453515,0.0,8.918777893995866e-08
1.6718367346938776,0.0,2.661481630639173e-07
1.6950566893424037,350.31683,3.377379471203312e-05
1.7182766439909298,351.3153,0.00040079717291519046
1.7414965986394557,355.69983,0.0007510811556130648
1.7647165532879818,358.28085,0.0011968084145337343
1.787936507936508,357.2342,0.0011697575682774186
1.811156462585034,351.65634,0.001129490090534091
1.8343764172335602,349.287,0.0014187238411977887
1.8575963718820863,348.65387,0.0016415199497714639
1.8808163265306124,350.44122,0.001673838822171092
1.9040362811791383,353.4777,0.0018239500932395458
1.9272562358276644,359.20786,0.0031117317266762257
1.9504761904761905,363.57123,0.0037042812909930944
1.9736961451247166,361.16852,0.0015759849920868874
1.9969160997732427,327.77026,0.0006748504238203168
2.020136054421769,302.37793,6.485864287242293e-05
2.043356009070295,0.0,7.189350071712397e-06
2.066575963718821,0.0,2.352592673560139e-06
2.089795918367347,0.0,3.618752089096233e-07
2.1130158730158732,0.0,2.918523023254238e-07
2.1362358276643993,0.0,1.5861951396800578e-07
2.159455782312925,0.0,1.2906548363389447e-07
2.182675736961451,0.0,1.2008968042209744e-07
2.2058956916099772,0.0,2.6028628781205043e-06
2.2291156462585033,271.6377,0.0001339108421234414
2.2523356009070294,270.3933,0.00029197282856330276
2.2755555555555556,274.9285,0.0003890751686412841
2.2987755102040817,277.48663,0.00042839039815589786
2.3219954648526078,276.37357,0.0005288253887556493
2.345215419501134,271.07376,0.0006578019820153713
2.36843537414966,268.0252,0.0007307529449462891
2.391655328798186,265.36996,0.0008380166254937649
2.414875283446712,266.2885,0.0008941456908360124
2.4380952380952383,268.89072,0.0008896015351638198
2.4613151927437644,270.10345,0.0008581849979236722
2.48453514739229,272.50958,0.0007820832543075085
2.507755102040816,273.13287,0.0005449008895084262
2.5309750566893423,266.54968,0.0003275817143730819
2.5541950113378684,254.48643,2.8543938242364675e-05
2.5774149659863945,262.6044,1.9034527213079855e-05
2.6006349206349206,0.0,1.1579550118767656e-06
2.6238548752834467,0.0,8.627712304587476e-07
2.647074829931973,0.0,1.4952274796087295e-07
2.670294784580499,0.0,1.427515599061735e-07
2.693514739229025,0.0,9.623454388929531e-08
2.716734693877551,233.16237,4.4217151298653334e-05
2.7399546485260773,218.73543,9.627969120629132e-05
2.7631746031746034,224.68205,9.489855438005179e-05
2.7863945578231295,228.9846,0.00010848393867490813
2.809614512471655,228.3522,0.0001503067760495469
2.8328344671201813,227.30775,0.00015764044655952603
2.8560544217687074,225.77328,0.00022278234246186912
2.8792743764172335,223.13141,0.00041561905527487397
2.9024943310657596,221.37503,0.0005314602749422193
2.9257142857142857,220.2668,0.0005166265182197094
2.948934240362812,221.05325,0.00040592614095658064
2.972154195011338,225.37253,0.00023642680025659502
2.995374149659864,231.819,0.00028349607600830495
3.01859410430839,234.85295,0.00038597031380049884
3.0418140589569163,230.00514,0.00010913390724454075
3.0650340136054424,0.0,8.89558214112185e-06
3.0882539682539685,0.0,1.2267018973943777e-06
3.1114739229024946,0.0,4.051735231769271e-07
3.1346938775510207,0.0,1.1162956070620567e-07
3.1579138321995464,0.0,1.3609496818389744e-07
3.1811337868480725,0.0,1.2466261978261173e-07
3.2043537414965986,0.0,5.7918441598303616e-08
3.2275736961451247,0.0,3.156856109853834e-08
3.250793650793651,174.24916,2.5221290343324654e-05
3.274013605442177,167.79031,0.0001618062669876963
3.297233560090703,171.45285,0.0004358608275651932
3.320453514739229,182.28954,0.00040413119131699204
3.3436734693877552,189.78519,0.00034634326584637165
3.3668934240362813,192.91808,0.0004112006863579154
3.3901133786848074,189.53534,0.00033209403045475483
3.4133333333333336,182.89023,0.0003953157865907997
3.4365532879818597,355.67883,0.0005768268601968884
3.4597732426303858,171.08055,0.0005876399809494615
3.4829931972789114,171.15201,0.0008048288291320205
3.5062131519274375,174.49152,0.0005750437849201262
3.5294331065759637,180.65813,0.00033881093258969486
3.5526530612244898,187.82988,0.0004353137337602675
3.575873015873016,188.40456,0.00032312492839992046
3.599092970521542,181.70312,0.00041466153925284743
3.622312925170068,173.30165,0.0004313844838179648
3.645532879818594,168.41707,0.0007183321285992861
3.6687528344671203,167.29176,0.0005507172318175435
3.6919727891156464,170.30573,0.0005887032020837069
3.7151927437641725,175.98813,0.00041124908602796495
3.7384126984126986,181.62437,0.00032775202998891473
3.7616326530612247,182.55595,0.00047938679927028716
3.784852607709751,179.43265,0.0004401869373396039
3.8080725623582765,173.10837,0.00037174418685026467
3.8312925170068026,168.06125,0.0005518320249393582
3.8545124716553287,165.97556,0.000315968063659966
3.877732426303855,168.60349,0.000371872796677053
3.900952380952381,175.17773,0.0003679417131934315
3.924172335600907,182.01537,0.00022887939121574163
3.947392290249433,184.52863,0.0003420287976041436
3.9706122448979593,182.17555,0.0003785320441238582
3.9938321995464854,176.46452,0.0003376155800651759
4.017052154195011,170.72044,0.0005115793901495636
4.040272108843538,169.37505,0.000622266554273665
4.063492063492063,170.45306,0.0005527225439436734
4.08671201814059,175.39546,0.00029428311972878873
4.1099319727891155,184.79134,0.0002120679710060358
4.133151927437642,189.18843,0.00014738872414454818
4.156371882086168,189.98882,0.0001611312327440828
4.179591836734694,182.60718,8.19396082079038e-05
4.20281179138322,170.59924,4.112817259738222e-05
4.2260317460317465,0.0,9.325766768597532e-06
4.249251700680272,0.0,6.263508112169802e-07
4.272471655328799,0.0,2.558135747676715e-07
4.295691609977324,0.0,2.5854387786239386e-07
4.31891156462585,0.0,1.245925886905752e-07
4.342131519274377,0.0,1.3784119801130146e-07
4.365351473922902,0.0,2.807964847306721e-07
4.388571428571429,0.0,8.029110176721588e-08
4.4117913832199545,0.0,1.2075361155439168e-07
4.435011337868481,0.0,1.2912369129480794e-07
4.458231292517007,0.0,4.4549778976943344e-08
4.481451247165533,0.0,5.225228960625827e-08
4.504671201814059,0.0,2.6259840524289757e-08
4.527891156462585,0.0,8.0454810813535e-08
4.551111111111111,0.0,4.4127773435320705e-08
4.574331065759638,0.0,6.318077794276178e-08
4.597551020408163,0.0,1.271091605303809e-07
4.62077097505669,0.0,6.409754860214889e-08
4.6439909297052155,0.0,1.614444045117125e-08
