0.0,0.0,2.004253474297002e-08
0.023219954648526078,0.0,1.053022060659714e-07
0.046439909297052155,0.0,3.7695826904382557e-08
0.06965986394557823,0.0,4.368848749436438e-08
0.09287981859410431,0.0,4.550565790850669e-08
0.11609977324263039,0.0,6.222126103239134e-08
0.13931972789115646,0.0,9.902487363433465e-08
0.16253968253968254,0.0,9.362156561110169e-08
0.18575963718820862,0.0,4.2916326492559165e-08
0.2089795918367347,0.0,1.0167768778046593e-06
0.23219954648526078,127.449524,1.7051354006980546e-05
0.25541950113378686,129.26434,4.371067916508764e-05
0.2786394557823129,2416.4714,9.380944538861513e-05
0.301859410430839,137.19861,0.00011018728400813416
0.3250793650793651,135.27301,7.515199831686914e-05
0.3482993197278912,134.4139,6.946205394342542e-05
0.37151927437641724,136.32642,4.0712962800171226e-05
0.3947392290249433,137.92229,1.611671905266121e-05
0.4179591836734694,0.0,5.7223360272473656e-06
0.44117913832199546,0.0,9.669138307799585e-07
0.46439909297052157,0.0,2.0536663214443251e-07
0.4876190476190476,0.0,1.4216129784472287e-07
0.5108390022675737,0.0,1.1606334737734869e-07
0.5340589569160998,0.0,7.712606020504609e-08
0.5572789115646258,0.0,9.147617674898356e-06
0.5804988662131519,173.18056,2.9768394597340375e-05
0.603718820861678,175.48357,4.869554322795011e-05
0.626938775510204,173.21881,6.981479236856103e-05
0.6501587301587302,171.30463,8.994601375889033e-05
0.6733786848072563,166.44943,8.677509322296828e-05
0.6965986394557824,162.63934,6.730803579557687e-05
0.7198185941043084,161.58638,6.532239785883576e-05
0.7430385487528345,166.0166,4.5524491724791005e-05
0.7662585034013606,171.41481,2.725485319388099e-05
0.7894784580498866,171.9083,1.796577635104768e-05
0.8126984126984127,0.0,3.072379513469059e-06
0.8359183673469388,0.0,3.650702637969516e-07
0.8591383219954649,0.0,9.379709808854386e-08
0.8823582766439909,0.0,5.055335350334644e-08
0.905578231292517,0.0,2.3661505110794678e-07
0.9287981859410431,2291.1226,4.013567013316788e-05
0.9520181405895691,196.48131,6.88259387970902e-05
0.9752380952380952,192.19795,0.0001187941015814431
0.9984580498866213,189.28444,0.00017491841572336853
1.0216780045351475,186.19365,0.00015983037883415818
1.0448979591836736,184.53757,0.00014900781388860196
1.0681179138321997,185.9075,9.227367991115898e-05
1.0913378684807256,189.97775,4.2552412196528167e-05
1.1145578231292517,198.34787,2.6363013603258878e-05
1.1377777777777778,204.38531,1.1989229278697167e-05
1.1609977324263039,0.0,2.8999602363910526e-06
1.18421768707483,0.0,4.936491677653976e-07
1.207437641723356,0.0,1.2383316061459482e-07
1.2306575963718822,0.0,5.915353540331125e-08
1.253877551020408,0.0,6.23804226052016e-08
1.2770975056689342,0.0,7.64066498959437e-08
1.3003174603174603,268.94907,1.1730749974958599e-05
1.3235374149659864,273.7768,7.178736268542707e-05
1.3467573696145125,278.87552,5.994045568513684e-05
1.3699773242630386,283.5253,7.112903404049575e-05
1.3931972789115648,279.11847,0.0001136077189585194
1.4164172335600906,268.69202,0.00013898492034059018
1.4396371882086167,259.64172,0.000127207298646681
1.4628571428571429,252.49612,4.943910244037397e-05
1.486077097505669,246.85283,3.485190973151475e-05
1.509297052154195,247.45312,3.7752033676952124e-05
1.5325170068027212,253.12048,2.9403072403511032e-05
1.5557369614512473,255.20215,1.0976591511280276e-05
1.5789569160997732,0.0,1.716322913125623e-06
1.6021768707482993,0.0,8.538954716641456e-07
1.6253968253968254,0.0,2.094257069984451e-07
1.6486167800453515,0.0,1.3159387890482321e-07
1.6718367346938776,0.0,5.756919563282281e-08
1.6950566893424037,2327.0027,2.521167516533751e-05
1.7182766439909298,177.8053,8.781625365372747e-05
1.7414965986394557,184.20743,0.0001279444550164044
1.7647165532879818,187.71642,8.931528282118961e-05
1.787936507936508,192.98688,7.629655010532588e-05
1.811156462585034,192.95166,8.821237133815885e-05
1.8343764172335602,186.88203,6.786021549487486e-05
1.8575963718820863,184.04904,4.5234970457386225e-05
1.8808163265306124,188.96347,2.3444312319043092e-05
1.9040362811791383,195.43666,2.1035195459262468e-05
1.9272562358276644,194.89752,1.1444847586972173e-05
1.9504761904761905,0.0,4.858734428125899e-06
1.9736961451247166,0.0,6.374748409143649e-07
1.9969160997732427,0.0,1.600328687345609e-07
2.020136054421769,0.0,9.778796083992347e-08
2.043356009070295,0.0,1.4080069377087057e-07
2.066575963718821,2273.0684,1.8466889741830528e-05
2.089795918367347,150.49942,6.192898581502959e-05
2.1130158730158732,2234.2114,0.00010448394459672272
2.1362358276643993,164.69025,0.00010388854570919648
2.159455782312925,166.15137,9.760868124430999e-05
2.182675736961451,161.20398,0.00011523590364959091
2.2058956916099772,160.47278,8.260903268819675e-05
2.2291156462585033,158.60265,5.638400398311205e-05
2.2523356009070294,157.18712,2.048322494374588e-05
2.2755555555555556,160.1145,1.0368347830080893e-05
2.2987755102040817,0.0,5.1428387450869195e-06
2.3219954648526078,0.0,5.001966201234609e-07
2.345215419501134,0.0,1.4286524674389511e-07
2.36843537414966,0.0,8.315419108839706e-08
2.391655328798186,0.0,3.553577698767185e-08
2.414875283446712,0.0,1.6420017345808446e-08
2.4380952380952383,0.0,3.897639544447884e-08
2.4613151927437644,0.0,4.033609002362937e-08
2.48453514739229,0.0,6.3853649407974444e-06
2.507755102040816,117.40385,1.5038865967653692e-05
2.5309750566893423,117.76837,2.6342426281189546e-05
2.5541950113378684,2263.2598,4.9626971303950995e-05
2.5774149659863945,2309.745,7.950556755531579e-05
2.6006349206349206,127.32286,9.211040014633909e-05
2.6238548752834467,128.29608,8.831818558974192e-05
2.647074829931973,129.35255,8.311559213325381e-05
2.670294784580499,128.95987,7.839409227017313e-05
2.693514739229025,127.69613,7.580035889986902e-05
2.716734693877551,129.44316,6.408080662367865e-05
2.7399546485260773,131.3432,5.658895679516718e-05
2.7631746031746034,132.44513,6.366922752931714e-05
2.7863945578231295,132.46315,5.531719943974167e-05
2.809614512471655,130.05847,5.301942292135209e-05
2.8328344671201813,2293.9114,4.55959998362232e-05
2.8560544217687074,2272.2876,4.4334447011351585e-05
2.8792743764172335,2270.3445,3.341418050695211e-05
2.9024943310657596,118.31145,3.190462302882224e-05
2.9257142857142857,2285.5266,3.068562728003599e-05
2.948934240362812,2250.3904,3.186386311426759e-05
2.972154195011338,2219.2244,3.726275099324994e-05
2.995374149659864,137.29428,3.7334804801503196e-05
3.01859410430839,2208.345,3.232085146009922e-05
3.0418140589569163,2263.1638,2.429812229820527e-05
3.0650340136054424,2234.1116,2.604440123832319e-05
3.0882539682539685,116.74361,1.763027103152126e-05
3.1114739229024946,2282.877,1.8241320503875613e-05
3.1346938775510207,2277.2083,1.9537597836460918e-05
3.1579138321995464,2255.0115,2.0540359400911257e-05
3.1811337868480725,138.01735,1.2597082786669489e-05
3.2043537414965986,0.0,7.77777677285485e-06
3.2275736961451247,0.0,5.180034349905327e-06
3.250793650793651,0.0,3.72391332348343e-06
3.274013605442177,0.0,3.1290164770325646e-06
3.297233560090703,0.0,2.192711690440774e-06
3.320453514739229,0.0,1.7082811609725468e-06
3.3436734693877552,0.0,6.207019396242686e-07
3.3668934240362813,0.0,1.578764567966573e-07
3.3901133786848074,0.0,9.284758561989293e-08
3.4133333333333336,0.0,2.677006705198437e-08
3.4365532879818597,0.0,3.6583514884114265e-08
3.4597732426303858,0.0,2.461183612467721e-08
3.4829931972789114,0.0,4.5404703996609896e-08
3.5062131519274375,0.0,8.458300726488233e-10
