0.0,0.0,7.62856871006079e-08
0.023219954648526078,0.0,3.301647666376084e-08
0.046439909297052155,0.0,5.91753632761538e-08
0.06965986394557823,0.0,1.070293365046382e-07
0.09287981859410431,0.0,3.0911905923858285e-08
0.11609977324263039,0.0,2.7168425731360912e-08
0.13931972789115646,0.0,3.172044671373442e-08
0.16253968253968254,0.0,4.088369678356685e-07
0.18575963718820862,0.0,9.718100045574829e-06
0.2089795918367347,105.49845,1.3545710316975601e-05
0.23219954648526078,104.72028,1.9592231183196418e-05
0.25541950113378686,106.32546,3.2360036129830405e-05
0.2786394557823129,115.73458,6.089724411140196e-05
0.301859410430839,126.95767,6.857368134660646e-05
0.3250793650793651,130.87877,8.639425504952669e-05
0.3482993197278912,132.26392,0.00011462866677902639
0.37151927437641724,132.44817,0.00012227673141751438
0.3947392290249433,131.20264,0.00011351479042787105
0.4179591836734694,128.8255,8.270559192169458e-05
0.44117913832199546,129.13844,3.6026227462571114e-05
0.46439909297052157,129.07175,1.4718424608872738e-05
0.4876190476190476,0.0,3.6383762562763877e-06
0.5108390022675737,0.0,2.998476702487096e-07
0.5340589569160998,0.0,1.9330582290422171e-07
0.5572789115646258,0.0,8.094775694189593e-08
0.5804988662131519,0.0,1.8918435671366751e-06
0.603718820861678,163.33955,2.4226157620432787e-05
0.626938775510204,158.48918,3.861752338707447e-05
0.6501587301587302,157.31566,4.1958086512750015e-05
0.6733786848072563,154.29552,4.4671865907730535e-05
0.6965986394557824,151.90622,4.959370198776014e-05
0.7198185941043084,150.58061,5.429720113170333e-05
0.7430385487528345,149.69647,5.466286893351935e-05
0.7662585034013606,150.1468,4.820430694962852e-05
0.7894784580498866,153.00018,3.100735921179876e-05
0.8126984126984127,151.29485,1.563405749038793e-05
0.8359183673469388,0.0,3.3384349080733955e-06
0.8591383219954649,0.0,8.573169907322153e-07
0.8823582766439909,0.0,9.754967322805896e-08
0.905578231292517,0.0,6.745849532308057e-07
0.9287981859410431,185.93776,1.9752991647692397e-05
0.9520181405895691,178.16747,3.671149897854775e-05
0.9752380952380952,178.4253,4.574019476422109e-05
0.9984580498866213,176.09065,3.672394814202562e-05
1.0216780045351475,171.27834,4.8036989028332755e-05
1.0448979591836736,167.53702,7.137360807973891e-05
1.0681179138321997,167.07253,5.653923290083185e-05
1.0913378684807256,169.02657,4.5483160647563636e-05
1.1145578231292517,170.8815,3.7347526813391596e-05
1.1377777777777778,167.75558,2.0879506337223575e-05
1.1609977324263039,0.0,2.7735977710108273e-06
1.18421768707483,0.0,1.5702789823990315e-07
1.207437641723356,0.0,5.612128006760031e-08
1.2306575963718822,0.0,1.140538188337814e-06
1.253877551020408,185.83063,1.6389283700846136e-05
1.2770975056689342,180.0187,3.8511192542500794e-05
1.3003174603174603,178.35905,4.429958789842203e-05
1.3235374149659864,178.91603,5.996701293042861e-05
1.3467573696145125,178.10657,6.496807327494025e-05
1.3699773242630386,177.02654,6.216672773007303e-05
1.3931972789115648,177.78323,6.830980419181287e-05
1.4164172335600906,178.41737,6.83010439388454e-05
1.4396371882086167,179.52269,5.878162482986227e-05
1.4628571428571429,177.79652,2.9240225558169186e-05
1.486077097505669,172.25447,2.4030865461099893e-05
1.509297052154195,169.6835,1.588671511854045e-05
1.5325170068027212,183.93703,1.6784464605734684e-05
1.5557369614512473,196.48904,3.2029747671913356e-05
1.5789569160997732,201.91962,3.9062400901457295e-05
1.6021768707482993,204.08887,4.741785232909024e-05
1.6253968253968254,204.26883,6.645457324339077e-05
1.6486167800453515,202.74345,9.56600924837403e-05
1.6718367346938776,199.75836,0.0001045141980284825
1.6950566893424037,198.35217,0.00010383734479546547
1.7182766439909298,199.51341,8.401424565818161e-05
1.7414965986394557,201.04129,4.531333252089098e-05
1.7647165532879818,0.0,9.973683518182952e-06
1.787936507936508,0.0,6.550708349095657e-07
1.811156462585034,0.0,4.6540935727534816e-07
1.8343764172335602,0.0,8.514925866620615e-07
1.8575963718820863,0.0,3.82396683562547e-06
1.8808163265306124,234.35107,8.814487955532968e-05
1.9040362811791383,227.05043,0.00011648453073576093
1.9272562358276644,225.56438,0.00016619294183328748
1.9504761904761905,224.95027,0.0002004714624490589
1.9736961451247166,224.33885,0.0002634661504998803
1.9969160997732427,224.15338,0.00025618524523451924
2.020136054421769,225.27602,0.00018730426381807774
2.043356009070295,225.68663,0.0001341759052593261
2.066575963718821,226.14781,9.91833585430868e-05
2.089795918367347,217.70168,4.2401592509122565e-05
2.1130158730158732,0.0,2.8793447199859656e-06
2.1362358276643993,0.0,1.4824954632786103e-06
2.159455782312925,0.0,4.0283794078277424e-07
2.182675736961451,0.0,5.155952749191783e-07
2.2058956916099772,276.25458,4.453198562259786e-05
2.2291156462585033,266.08853,0.00021520770678762347
2.2523356009070294,261.20624,0.00032837456092238426
2.2755555555555556,259.08444,0.0004120297380723059
2.2987755102040817,256.14774,0.0003956315922550857
2.3219954648526078,252.34467,0.0003019163850694895
2.345215419501134,250.26479,0.00024558365112170577
2.36843537414966,249.76855,0.00020728338859044015
2.391655328798186,248.84648,0.00016749509086366743
2.414875283446712,249.40881,0.00014016893692314625
2.4380952380952383,249.15565,6.657771155005321e-05
2.4613151927437644,241.12881,2.940749254776165e-05
2.48453514739229,0.0,7.672510037082247e-06
2.507755102040816,0.0,1.8593618733575568e-06
2.5309750566893423,0.0,7.671196726732887e-07
2.5541950113378684,280.4703,0.00011192630336154252
2.5774149659863945,271.7919,0.00026179320411756635
2.6006349206349206,271.6899,0.00037390243960544467
2.6238548752834467,271.74274,0.00040908041410148144
2.647074829931973,268.66238,0.0003829669440165162
2.670294784580499,265.048,0.0004376719007268548
2.693514739229025,265.19348,0.0005058043170720339
2.716734693877551,266.9234,0.0005313265137374401
2.7399546485260773,268.64337,0.0005329769919626415
2.7631746031746034,267.03397,0.0003866682236548513
2.7863945578231295,261.1128,9.721057722344995e-05
2.809614512471655,266.91254,2.1557238142122515e-05
2.8328344671201813,0.0,2.9251341402414255e-06
2.8560544217687074,0.0,8.855413398123346e-07
2.8792743764172335,0.0,1.7939692043000832e-07
2.9024943310657596,317.7659,6.701172969769686e-05
2.9257142857142857,308.41287,0.0002972584334202111
2.948934240362812,310.69232,0.0003405368188396096
2.972154195011338,312.21747,0.0003471758682280779
2.995374149659864,310.08014,0.0005046281730756164
3.01859410430839,306.38895,0.0006754617788828909
3.0418140589569163,303.18512,0.0006876944098621607
3.0650340136054424,302.3526,0.0005894222995266318
3.0882539682539685,303.88428,0.0004460944328457117
3.1114739229024946,301.49323,0.00029929628362879157
3.1346938775510207,287.56857,9.47407097555697e-05
3.1579138321995464,267.01907,1.6019175745896064e-05
3.1811337868480725,0.0,2.1279111024341546e-06
3.2043537414965986,0.0,1.0788353392854333e-06
3.2275736961451247,0.0,2.6805810193764046e-07
3.250793650793651,279.35437,7.837126759113744e-05
3.274013605442177,264.94342,0.00019355719268787652
3.297233560090703,267.7185,0.00028736161766573787
3.320453514739229,270.39282,0.0003070553648285568
3.3436734693877552,271.62247,0.00028193325852043927
3.3668934240362813,270.1402,0.00024626601953059435
3.3901133786848074,270.37213,0.0002751691790763289
3.4133333333333336,269.66528,0.00027954133111052215
3.4365532879818597,263.9144,0.0002771408762782812
3.4597732426303858,253.76236,4.621175685315393e-05
3.4829931972789114,259.9494,1.8157341401092708e-05
3.5062131519274375,0.0,1.0806015779962763e-06
3.5294331065759637,0.0,9.816703823162243e-07
3.5526530612244898,0.0,1.703137968434021e-07
3.575873015873016,0.0,1.426386006642133e-06
3.599092970521542,244.18736,4.884774534730241e-05
3.622312925170068,236.28052,6.970895628910512e-05
3.645532879818594,238.1805,0.00010541095252847299
3.6687528344671203,239.39151,0.00014196441043168306
3.6919727891156464,242.58755,0.00018120254389941692
3.7151927437641725,246.1605,0.00018615031149238348
3.7384126984126986,247.62053,0.00015496538253501058
3.7616326530612247,248.55406,0.000132102650240995
3.784852607709751,248.02007,0.00010572782775852829
3.8080725623582765,241.65016,4.596053622663021e-05
3.8312925170068026,0.0,8.288147910207044e-06
3.8545124716553287,0.0,2.0299166862969287e-06
3.877732426303855,0.0,6.49338289804291e-07
3.900952380952381,0.0,4.0660779632162303e-07
3.924172335600907,0.0,4.5970136852702126e-07
3.947392290249433,234.5078,4.600205284077674e-05
3.9706122448979593,218.19873,0.00010394092532806098
3.9938321995464854,218.70305,0.00010631424811435863
4.017052154195011,219.5487,0.00010304564784746617
4.040272108843538,221.35095,0.00010839629976544529
4.063492063492063,221.60083,0.0001205775115522556
4.08671201814059,219.88722,0.0001070532453013584
4.1099319727891155,219.98306,6.883227615617216e-05
4.133151927437642,219.8624,4.169605381321162e-05
4.156371882086168,0.0,4.60855972050922e-06
4.179591836734694,0.0,3.9104907045839354e-07
4.20281179138322,0.0,2.375682015554048e-07
4.2260317460317465,0.0,2.2073527361499146e-07
4.249251700680272,0.0,4.0530630940338597e-07
4.272471655328799,0.0,1.9990875443909317e-07
4.295691609977324,212.08073,2.809417128446512e-05
4.31891156462585,199.43347,7.798853039275855e-05
4.342131519274377,198.69304,0.00010878701868932694
4.365351473922902,198.68477,0.00010725057654781267
4.388571428571429,198.9636,8.501435513608158e-05
4.4117913832199545,199.13147,7.924438978079706e-05
4.435011337868481,199.28847,6.030413351254538e-05
4.458231292517007,200.4686,4.241435817675665e-05
4.481451247165533,201.68613,2.5224762794096023e-05
4.504671201814059,0.0,3.2899870348046534e-06
4.527891156462585,0.0,3.388622644706629e-07
4.551111111111111,0.0,2.433807821944356e-07
4.574331065759638,0.0,2.162587406928651e-07
4.597551020408163,0.0,2.3885331756900996e-07
4.62077097505669,0.0,1.6454378055641428e-06
4.6439909297052155,178.58571,9.526623762212694e-05
4.667210884353741,172.62578,0.00016455951845273376
4.690430839002268,175.06126,0.00015742209507152438
4.713650793650793,178.84454,0.00011664937483146787
4.73687074829932,179.18927,0.00014700095925945789
4.760090702947846,179.8555,0.00014383757661562413
4.783310657596372,179.95755,0.00010931766155408695
4.806530612244898,180.41504,6.976607983233407e-05
4.829750566893424,179.57462,1.838205753301736e-05
4.85297052154195,0.0,5.91452499065781e-06
4.876190476190477,0.0,2.94062374450732e-07
4.899410430839002,0.0,1.0322401067242026e-07
4.922630385487529,0.0,1.1383781384211034e-07
4.9458503401360545,0.0,2.8641534299822524e-07
4.96907029478458,0.0,1.8246855688630603e-06
4.992290249433107,172.4339,0.00010103744716616347
5.015510204081632,168.7718,0.00021035231475252658
5.038730158730159,169.44534,0.00026781338965520263
5.061950113378685,171.81137,0.00026055617490783334
5.085170068027211,170.9955,0.00022802408784627914
5.108390022675737,168.83472,0.00019121094373986125
5.131609977324263,166.92833,0.00013759726425632834
5.154829931972789,167.64798,0.00011432988685555756
5.178049886621316,171.17488,8.129912021104246e-05
5.201269841269841,171.70718,3.591834683902562e-05
5.224489795918368,0.0,7.192177690740209e-06
5.2477097505668935,0.0,7.629314495716244e-07
5.27092970521542,0.0,3.4096501622116193e-07
5.294149659863946,0.0,1.7143702280009165e-07
5.317369614512471,0.0,9.864925232250243e-08
5.340589569160998,162.79782,1.2622637768799905e-05
5.363809523809524,146.25772,4.3363397708162665e-05
5.38702947845805,144.82632,7.645173172932118e-05
5.410249433106576,146.93895,0.00010002448107115924
5.433469387755102,148.77939,0.00010974217730108649
5.456689342403628,149.8255,0.00010696772369556129
5.479909297052155,150.66524,0.00010575793567113578
5.50312925170068,151.07285,0.000100874894997105
5.526349206349207,151.97458,8.798460476100445e-05
5.5495691609977325,153.00467,6.614332960452884e-05
5.572789115646259,150.34727,4.2180145101156086e-05
5.596009070294785,0.0,9.057490387931466e-06
5.61922902494331,0.0,8.843771865940653e-07
5.642448979591837,0.0,3.1798754207557067e-07
5.6656689342403626,0.0,2.516089807613753e-07
5.688888888888889,0.0,4.5490742195397615e-07
5.712108843537415,0.0,2.9306102078408003e-07
5.735328798185941,0.0,3.0030059861019254e-07
5.758548752834467,0.0,2.6685938792070374e-07
5.7817687074829935,135.38388,1.8700955479289405e-05
5.804988662131519,128.6381,4.398067540023476e-05
5.828208616780046,130.39188,6.399337871698663e-05
5.851428571428571,132.34277,8.534471271559596e-05
5.874648526077098,133.40234,9.456172119826078e-05
5.897868480725624,132.36644,9.909416257869452e-05
5.92108843537415,129.3497,9.208447590935975e-05
5.944308390022676,128.01321,8.097407408058643e-05
5.9675283446712015,128.92076,8.905564027372748e-05
5.990748299319728,130.90388,0.00011584292951738462
6.013968253968254,134.09254,0.00011844249092973769
6.03718820861678,136.91766,0.00010430892871227115
6.060408163265306,139.66075,8.865466224960983e-05
6.0836281179138325,137.19475,9.931170643540099e-05
6.106848072562358,130.96411,0.00012213339505251497
6.130068027210885,126.16846,0.00010814463894348592
6.15328798185941,123.4004,0.00010000550537370145
6.176507936507937,125.86787,0.00010501692304387689
6.199727891156463,129.70067,0.00010032761201728135
6.222947845804989,133.36417,0.00010855806613108143
6.246167800453515,137.12239,7.277235272340477e-05
6.269387755102041,137.87515,7.22015684004873e-05
6.292607709750567,134.727,7.91476049926132e-05
6.315827664399093,129.69897,0.00010454290168127045
6.339047619047619,125.744484,7.743600872345269e-05
6.362267573696145,122.026695,8.911117038223892e-05
6.3854875283446715,123.50232,8.283847273560241e-05
6.408707482993197,128.83627,6.272986502153799e-05
6.431927437641724,135.26814,6.899783329572529e-05
6.455147392290249,141.7746,6.137886521173641e-05
6.478367346938776,141.2551,6.543264316860586e-05
6.501587301587302,136.0212,6.134116847533733e-05
6.524807256235828,128.75378,6.200148345669731e-05
6.548027210884354,122.97492,5.7565499446354806e-05
6.57124716553288,122.95947,6.190039857756346e-05
6.594467120181406,125.82972,5.530428097699769e-05
6.617687074829932,131.714,5.465937283588573e-05
6.640907029478458,137.70332,4.775635170517489e-05
6.664126984126984,138.66049,3.637845293269493e-05
6.6873469387755105,136.14722,1.3724355994781945e-05
6.710566893424036,0.0,2.441814103804063e-06
6.733786848072563,0.0,4.938647180097178e-07
6.757006802721088,0.0,1.7473666957812384e-07
6.780226757369615,0.0,1.761754901963286e-07
6.8034467120181406,0.0,7.726976036792621e-08
6.826666666666667,0.0,1.5215937310131267e-07
6.849886621315193,0.0,1.4212764654075727e-07
6.873106575963719,0.0,1.4274610293796286e-07
6.896326530612245,0.0,7.386734068859369e-08
6.9195464852607715,0.0,1.327907739323564e-07
6.942766439909297,0.0,1.7077945813070983e-07
6.965986394557823,0.0,4.111279849894345e-07
6.989206349206349,0.0,4.2518604459473863e-07
7.012426303854875,0.0,2.325996319996193e-07
7.035646258503402,0.0,1.8482933228369802e-07
7.058866213151927,0.0,3.121886038570665e-07
7.082086167800454,0.0,1.1221800377825275e-07
7.1053061224489795,0.0,8.278038876596838e-08
7.128526077097506,0.0,9.592986316420138e-08
7.151746031746032,0.0,1.26319719129242e-08
