0.0,0.0,1.710423020995222e-07
0.023219954648526078,0.0,6.235777618712746e-07
0.046439909297052155,0.0,1.0840894901775755e-06
0.06965986394557823,0.0,4.152661858825013e-07
0.09287981859410431,0.0,8.46039256430231e-08
0.11609977324263039,0.0,2.0641255105147138e-07
0.13931972789115646,0.0,1.278958734474145e-07
0.16253968253968254,0.0,3.140767148579471e-07
0.18575963718820862,0.0,4.0159102354664356e-07
0.2089795918367347,0.0,6.388636393239722e-07
0.23219954648526078,0.0,7.038979674689472e-07
0.25541950113378686,0.0,1.7237562133232132e-07
0.2786394557823129,0.0,2.1727191779064015e-07
0.301859410430839,0.0,2.3520624381490052e-07
0.3250793650793651,0.0,8.832193998387083e-08
0.3482993197278912,0.0,1.2477903510443866e-07
0.37151927437641724,0.0,1.594833520357497e-06
0.3947392290249433,723.8335,3.0366536520887166e-05
0.4179591836734694,127.22439,4.679203266277909e-05
0.44117913832199546,124.58018,5.56770246475935e-05
0.46439909297052157,125.106804,5.7962060964200646e-05
0.4876190476190476,125.238106,6.484105688286945e-05
0.5108390022675737,127.15722,9.083665645448491e-05
0.5340589569160998,128.70665,0.00014435435878112912
0.5572789115646258,132.1336,0.0002500783884897828
0.5804988662131519,135.35677,0.00040175358299165964
0.603718820861678,136.98827,0.000500874244607985
0.626938775510204,138.77744,0.0010053205769509077
0.6501587301587302,139.93216,0.0011583252344280481
0.6733786848072563,138.50407,0.001102323760278523
0.6965986394557824,138.17953,0.0011170442448928952
0.7198185941043084,139.08626,0.0014057527296245098
0.7430385487528345,138.57423,0.0016168641159310937
0.7662585034013606,138.42238,0.0019691670313477516
0.7894784580498866,139.65776,0.0020046967547386885
0.8126984126984127,139.19853,0.0017616513650864363
0.8359183673469388,138.53642,0.002138078212738037
0.8591383219954649,138.94986,0.0008017633226700127
0.8823582766439909,139.506,0.0002686843799892813
0.905578231292517,153.27788,0.0013039755867794156
0.9287981859410431,154.07365,0.0025050505064427853
0.9520181405895691,153.39362,0.002322637941688299
0.9752380952380952,150.64476,0.002151201479136944
0.9984580498866213,146.61852,0.0011629790533334017
1.0216780045351475,147.59071,0.001623328309506178
1.0448979591836736,151.82637,0.002153144683688879
1.0681179138321997,164.74387,0.004256244748830795
1.0913378684807256,171.90501,0.009774420410394669
1.1145578231292517,683.42847,0.007397426757961512
1.1377777777777778,165.81653,0.0029724373016506433
1.1609977324263039,166.26558,0.0058473143726587296
1.18421768707483,693.7409,0.006231675390154123
1.207437641723356,185.38577,0.003373304381966591
1.2306575963718822,187.84995,0.006183512508869171
1.253877551020408,182.74065,0.002923178020864725
1.2770975056689342,178.46584,0.00330082094296813
1.3003174603174603,193.55586,0.005417610518634319
1.3235374149659864,207.67368,0.008475566282868385
1.3467573696145125,215.21104,0.009388494305312634
1.3699773242630386,210.57176,0.006140024866908789
1.3931972789115648,200.62566,0.0058730607852339745
1.4164172335600906,208.24477,0.011900541372597218
1.4396371882086167,226.81168,0.0228496715426445
1.4628571428571429,240.04042,0.013682356104254723
1.486077097505669,244.57759,0.022048845887184143
1.509297052154195,234.53601,0.025495344772934914
1.5325170068027212,227.07384,0.023920895531773567
1.5557369614512473,241.5994,0.02069231867790222
1.5789569160997732,257.43555,0.013726728036999702
1.6021768707482993,272.35837,0.014804791659116745
1.6253968253968254,263.6185,0.02294306457042694
1.6486167800453515,247.65845,0.027100790292024612
1.6718367346938776,253.80223,0.01727231964468956
1.6950566893424037,281.3415,0.034097373485565186
1.7182766439909298,295.45508,0.042372290045022964
1.7414965986394557,293.9386,0.025397466495633125
1.7647165532879818,265.6647,0.02332082763314247
1.787936507936508,257.49725,0.016730647534132004
1.811156462585034,282.57303,0.026111556217074394
1.8343764172335602,303.07214,0.023112941533327103
1.8575963718820863,310.20804,0.019680745899677277
1.8808163265306124,296.8607,0.019195368513464928
1.9040362811791383,281.94263,0.013519943691790104
1.9272562358276644,258.67856,0.015888340771198273
1.9504761904761905,251.04048,0.01413743570446968
1.9736961451247166,256.02783,0.01000765711069107
1.9969160997732427,274.92615,0.011129451915621758
2.020136054421769,283.33676,0.012207948602735996
2.043356009070295,271.5327,0.016899649053812027
2.066575963718821,245.56973,0.02061418630182743
2.089795918367347,240.9662,0.016258342191576958
2.1130158730158732,251.16313,0.010349167510867119
2.1362358276643993,258.00912,0.0075756567530334
2.159455782312925,250.3849,0.01751147210597992
2.182675736961451,233.50478,0.01430420484393835
2.2058956916099772,217.09285,0.0073051126673817635
2.2291156462585033,223.51825,0.012862466275691986
2.2523356009070294,232.00473,0.01950075477361679
2.2755555555555556,229.73885,0.010432743467390537
2.2987755102040817,216.72188,0.0029816250316798687
2.3219954648526078,203.61948,0.00336260674521327
2.345215419501134,203.13937,0.0029850865248590708
2.36843537414966,206.09605,0.0024306168779730797
2.391655328798186,209.17735,0.002072438597679138
2.414875283446712,203.27257,0.0024368311278522015
2.4380952380952383,192.53651,0.0013496740721166134
2.4613151927437644,183.11258,0.0014919545501470566
2.48453514739229,182.9736,0.001957349944859743
2.507755102040816,190.71274,0.00135276117362082
2.5309750566893423,192.88625,0.001314451452344656
2.5541950113378684,186.40187,0.0013335893163457513
2.5774149659863945,179.59477,0.0006959517486393452
2.6006349206349206,170.00038,0.0006009386852383614
2.6238548752834467,165.44594,0.0011182291200384498
2.647074829931973,167.51273,0.0013957852497696877
2.670294784580499,168.1481,0.0009740843088366091
2.693514739229025,163.11485,0.0005116479005664587
2.716734693877551,154.90627,0.00027501664590090513
2.7399546485260773,151.99425,0.00037190725561231375
2.7631746031746034,155.03397,0.000659042620100081
2.7863945578231295,156.37654,0.0007838117307983339
2.809614512471655,152.57245,0.0005778427002951503
2.8328344671201813,143.41832,0.00042039359686896205
2.8560544217687074,133.22427,0.0002490257320459932
2.8792743764172335,128.69183,0.00020820256031583995
2.9024943310657596,127.057144,0.00022836998687125742
2.9257142857142857,128.37126,0.0001931147853611037
2.948934240362812,130.9134,0.00023210344079416245
2.972154195011338,131.44127,0.00026040952070616186
2.995374149659864,132.82849,0.0003376585082150996
3.01859410430839,133.75035,0.000396634335629642
3.0418140589569163,133.15475,0.0003877260023728013
3.0650340136054424,132.60391,0.00040735348011367023
3.0882539682539685,132.06062,0.0003821115824393928
3.1114739229024946,133.39734,0.00040182744851335883
3.1346938775510207,132.78542,0.0004373541451059282
3.1579138321995464,133.73521,0.00045723875518888235
3.1811337868480725,134.78528,0.00046093063428997993
3.2043537414965986,135.31578,0.0004666752938646823
3.2275736961451247,135.44762,0.00042345980182290077
3.250793650793651,134.31834,0.0003591736895032227
3.274013605442177,133.29755,0.00032965251011773944
3.297233560090703,132.78537,0.00036645180080085993
3.320453514739229,133.9714,0.0004151639877818525
3.3436734693877552,135.2732,0.000411132350564003
3.3668934240362813,136.23546,0.0003852207737509161
3.3901133786848074,135.0765,0.0002719817857723683
3.4133333333333336,134.02722,0.00019720560521818697
3.4365532879818597,133.65121,0.0002093400980811566
3.4597732426303858,138.41795,0.0003820917918346822
3.4829931972789114,144.2218,0.00025757341063581407
3.5062131519274375,144.66281,0.00011729753168765455
3.5294331065759637,142.76068,7.263751467689872e-05
3.5526530612244898,138.99179,1.9767277990467846e-05
3.575873015873016,0.0,2.662323822733015e-06
3.599092970521542,0.0,6.859590939711779e-07
3.622312925170068,0.0,1.5405566955450922e-07
3.645532879818594,0.0,1.8297851056559011e-07
3.6687528344671203,0.0,7.18966475687921e-07
3.6919727891156464,0.0,1.029074155667331e-06
3.7151927437641725,0.0,1.4156248653307557e-06
3.7384126984126986,0.0,6.649370334343985e-07
3.7616326530612247,0.0,6.05039531365037e-07
3.784852607709751,0.0,3.9967653719941154e-07
3.8080725623582765,0.0,7.268945410032757e-07
3.8312925170068026,0.0,9.868335837381892e-07
3.8545124716553287,0.0,7.171220204327255e-07
3.877732426303855,0.0,9.031800800585188e-07
3.900952380952381,0.0,5.457432052935474e-07
3.924172335600907,0.0,3.5580069379648194e-07
3.947392290249433,0.0,2.2806580091128126e-07
3.9706122448979593,0.0,3.0886349122738466e-07
3.9938321995464854,0.0,4.3599357013590634e-07
