0.0,0.0,1.3023782230447978e-07
0.023219954648526078,0.0,5.308411346049979e-07
0.046439909297052155,0.0,3.458708306425251e-07
0.06965986394557823,0.0,4.978282959200442e-07
0.09287981859410431,0.0,2.7687110559782013e-07
0.11609977324263039,0.0,3.983177521149628e-07
0.13931972789115646,0.0,6.88085492583923e-07
0.16253968253968254,190.95581,6.065639900043607e-05
0.18575963718820862,724.78186,0.0007890600827522576
0.2089795918367347,167.2205,0.0015090244123712182
0.23219954648526078,164.11421,0.00160415715072304
0.25541950113378686,160.76633,0.0015716077759861946
0.2786394557823129,161.89119,0.0021135308779776096
0.301859410430839,169.84773,0.003485190449282527
0.3250793650793651,177.36769,0.005156758241355419
0.3482993197278912,180.49458,0.003453528042882681
0.37151927437641724,352.73407,0.0009497178834863007
0.3947392290249433,164.00891,0.0005114863743074238
0.4179591836734694,176.05426,0.0006960211903788149
0.44117913832199546,195.6215,0.0015303657855838537
0.46439909297052157,217.09383,0.0023502586409449577
0.4876190476190476,224.9205,0.0028173986356705427
0.5108390022675737,214.97937,0.0017645671032369137
0.5340589569160998,206.77142,0.0018702803645282984
0.5572789115646258,211.47424,0.0015365412691608071
0.5804988662131519,224.58676,0.0020496908109635115
0.603718820861678,240.95755,0.0016443745698779821
0.626938775510204,257.5452,0.0015052687376737595
0.6501587301587302,265.42,0.0015999875031411648
0.6733786848072563,265.64453,0.001756028737872839
0.6965986394557824,255.88274,0.00141019350849092
0.7198185941043084,249.66447,0.0009491157252341509
0.7430385487528345,260.65173,0.0012052978854626417
0.7662585034013606,271.3462,0.0011705042561516166
0.7894784580498866,276.4065,0.000845365459099412
0.8126984126984127,291.4314,0.0012878112029284239
0.8359183673469388,323.2508,0.003452870761975646
0.8591383219954649,345.9561,0.007584112696349621
0.8823582766439909,348.2607,0.009493667632341385
0.905578231292517,340.59003,0.007824225351214409
0.9287981859410431,333.43805,0.007597653195261955
0.9520181405895691,335.6359,0.008571852929890156
0.9752380952380952,346.67685,0.011176282539963722
0.9984580498866213,351.0754,0.012175525538623333
1.0216780045351475,343.56143,0.006384082604199648
1.0448979591836736,325.6121,0.004510389640927315
1.0681179138321997,298.32623,0.001975161489099264
1.0913378684807256,267.0329,0.0018289373256266117
1.1145578231292517,269.6069,0.002011528704315424
1.1377777777777778,281.2764,0.0022525321692228317
1.1609977324263039,281.39893,0.0019166636047884822
1.18421768707483,267.8101,0.001453205943107605
1.207437641723356,236.74686,0.0023044059053063393
1.2306575963718822,214.5798,0.0014493444468826056
1.253877551020408,201.62787,0.0016868836246430874
1.2770975056689342,206.7531,0.0014774242881685495
1.3003174603174603,218.29356,0.0019597362261265516
1.3235374149659864,224.44145,0.002080480335280299
1.3467573696145125,223.47078,0.0018756432691588998
1.3699773242630386,210.34303,0.001429830677807331
1.3931972789115648,201.70845,0.0017227197531610727
1.4164172335600906,204.80077,0.0013041089987382293
1.4396371882086167,223.24913,0.0013803821057081223
1.4628571428571429,225.20764,0.0007370553794316947
1.486077097505669,191.69499,0.00040723971324041486
1.509297052154195,155.99742,0.0002109069173457101
1.5325170068027212,149.20824,0.00020040839444845915
1.5557369614512473,153.9911,0.0003564313519746065
1.5789569160997732,162.30223,0.00031037579174153507
1.6021768707482993,165.95018,0.000293941207928583
1.6253968253968254,161.2414,0.00028497708262875676
1.6486167800453515,156.13681,0.0003345596487633884
1.6718367346938776,155.31006,0.00028785207541659474
1.6950566893424037,156.28998,0.00035510072484612465
1.7182766439909298,159.83276,0.0003781768027693033
1.7414965986394557,171.79185,0.0005263948114588857
1.7647165532879818,181.09743,0.0005065965233370662
1.787936507936508,180.17566,0.0005328682018443942
1.811156462585034,170.554,0.0005381196388043463
1.8343764172335602,159.91289,0.00035572287742979825
1.8575963718820863,153.69911,0.00033423927379772067
1.8808163265306124,156.12036,0.00029983866261318326
1.9040362811791383,172.20662,0.000275765749393031
1.9272562358276644,182.17381,0.00017166329780593514
1.9504761904761905,182.53603,0.00020832307927776128
1.9736961451247166,175.28856,0.0001966381969396025
1.9969160997732427,165.2929,0.00012020168651361018
2.020136054421769,159.38527,5.415081977844238e-05
2.043356009070295,171.09999,3.48401881637983e-05
2.066575963718821,0.0,3.4331369533902034e-06
2.089795918367347,0.0,1.9681756384670734e-06
2.1130158730158732,0.0,7.178405212471262e-07
2.1362358276643993,0.0,6.390710041159764e-07
2.159455782312925,0.0,6.467862476711161e-07
2.182675736961451,0.0,1.1163319868501276e-07
2.2058956916099772,0.0,2.038423190242611e-07
2.2291156462585033,0.0,7.370999810518697e-08
