0.0,0.0,6.334221325232647e-07
0.023219954648526078,0.0,4.811272447113879e-07
0.046439909297052155,0.0,2.352608134970069e-07
0.06965986394557823,0.0,5.963065632386133e-07
0.09287981859410431,0.0,6.185700840433128e-07
0.11609977324263039,0.0,3.604725861805491e-06
0.13931972789115646,159.5555,0.0007586865103803575
0.16253968253968254,166.23041,0.0017742514610290527
0.18575963718820862,167.27158,0.0024252431467175484
0.2089795918367347,167.36966,0.0026183205191046
0.23219954648526078,164.23816,0.0030777454376220703
0.25541950113378686,163.95215,0.0022329797502607107
0.2786394557823129,168.13521,0.0012445186730474234
0.301859410430839,182.81967,0.000995175912976265
0.3250793650793651,195.56999,0.0013460940681397915
0.3482993197278912,197.28085,0.001643029972910881
0.37151927437641724,194.24084,0.0012380536645650864
0.3947392290249433,186.61638,0.0014320786576718092
0.4179591836734694,180.84163,0.0011271333787590265
0.44117913832199546,184.72517,0.0009584627696312964
0.46439909297052157,203.34015,0.001298719085752964
0.4876190476190476,226.54895,0.002789750462397933
0.5108390022675737,229.35487,0.0037681295070797205
0.5340589569160998,224.87634,0.002465062076225877
0.5572789115646258,217.65025,0.0015519182197749615
0.5804988662131519,212.34705,0.0014147143810987473
0.603718820861678,222.30946,0.001987997442483902
0.626938775510204,240.70952,0.0025456752628087997
0.6501587301587302,252.7559,0.002993975766003132
0.6733786848072563,249.54018,0.00263045122846961
0.6965986394557824,238.62343,0.003523895051330328
0.7198185941043084,234.42189,0.0033322875387966633
0.7430385487528345,235.60767,0.002296881517395377
0.7662585034013606,247.93187,0.0028596175834536552
0.7894784580498866,263.67023,0.003256079740822315
0.8126984126984127,273.65265,0.0031550456769764423
0.8359183673469388,268.11337,0.0028411876410245895
0.8591383219954649,257.98026,0.0033133625984191895
0.8823582766439909,252.35677,0.0025731222704052925
0.905578231292517,261.6805,0.0030037537217140198
0.9287981859410431,292.2853,0.010009368881583214
0.9520181405895691,309.89996,0.01603740081191063
0.9752380952380952,312.59756,0.012179470621049404
0.9984580498866213,303.8092,0.008846166543662548
1.0216780045351475,291.91925,0.00413824338465929
1.0448979591836736,294.28586,0.008216537535190582
1.0681179138321997,314.6807,0.020008139312267303
1.0913378684807256,335.73315,0.04167798161506653
1.1145578231292517,342.90216,0.03931324556469917
1.1377777777777778,337.8999,0.037948206067085266
1.1609977324263039,325.69025,0.015825944021344185
1.18421768707483,313.67975,0.010519403964281082
1.207437641723356,322.21085,0.022495616227388382
1.2306575963718822,340.32,0.02337123081088066
1.253877551020408,366.8924,0.010425441898405552
1.2770975056689342,373.00497,0.012492910027503967
1.3003174603174603,355.52417,0.022161850705742836
1.3235374149659864,338.43735,0.030275290831923485
1.3467573696145125,339.6732,0.012324284762144089
1.3699773242630386,372.47366,0.005221798084676266
1.3931972789115648,399.94196,0.007252229377627373
1.4164172335600906,407.7027,0.009139725007116795
1.4396371882086167,401.35385,0.010673904791474342
1.4628571428571429,386.07013,0.009476128965616226
1.486077097505669,378.3017,0.006684878841042519
1.509297052154195,388.80487,0.010240774601697922
1.5325170068027212,398.77615,0.009610434994101524
1.5557369614512473,394.76315,0.013865520246326923
1.5789569160997732,741.9576,0.043311797082424164
1.6021768707482993,683.323,0.039710551500320435
1.6253968253968254,316.51108,0.011309944093227386
1.6486167800453515,328.8415,0.029195135459303856
1.6718367346938776,348.37827,0.026881922036409378
1.6950566893424037,354.2479,0.028117969632148743
1.7182766439909298,342.0526,0.043265484273433685
1.7414965986394557,329.08023,0.01772218570113182
1.7647165532879818,313.81827,0.006840062327682972
1.787936507936508,319.73117,0.012384414672851562
1.811156462585034,327.1888,0.02440427802503109
1.8343764172335602,325.54507,0.01704065129160881
1.8575963718820863,311.21747,0.007128109224140644
1.8808163265306124,290.45862,0.0030103034805506468
1.9040362811791383,273.253,0.003137204796075821
1.9272562358276644,283.90265,0.006917170248925686
1.9504761904761905,298.6965,0.01866554282605648
1.9736961451247166,301.3007,0.022999783977866173
1.9969160997732427,291.87668,0.005324326455593109
2.020136054421769,262.2233,0.0038287800271064043
2.043356009070295,231.30849,0.006172170862555504
2.066575963718821,228.5335,0.004332499112933874
2.089795918367347,243.07828,0.0032506748102605343
2.1130158730158732,260.445,0.005686693824827671
2.1362358276643993,254.9483,0.0035271509550511837
2.159455782312925,232.9541,0.0040070535615086555
2.182675736961451,208.4863,0.0037875480484217405
2.2058956916099772,199.49521,0.003625083016231656
2.2291156462585033,209.0394,0.002665788633748889
2.2523356009070294,223.71729,0.0027766479179263115
2.2755555555555556,228.4853,0.002386071952059865
2.2987755102040817,216.92328,0.0020451911259442568
2.3219954648526078,206.23283,0.002094961702823639
2.345215419501134,196.6834,0.0014192058006301522
2.36843537414966,201.78308,0.001790799549780786
2.391655328798186,211.05922,0.0014485092833638191
2.414875283446712,214.34477,0.001697677536867559
2.4380952380952383,205.9393,0.00187279237434268
2.4613151927437644,189.52374,0.002425143029540777
2.48453514739229,177.50241,0.00245580542832613
2.507755102040816,176.85612,0.0021773597691208124
2.5309750566893423,182.29608,0.001204094965942204
2.5541950113378684,190.3095,0.001210416085086763
2.5774149659863945,195.14561,0.0008936275262385607
2.6006349206349206,189.33035,0.0015129793900996447
2.6238548752834467,169.77151,0.0014210582012310624
2.647074829931973,150.8604,0.0008339068153873086
2.670294784580499,154.89284,0.0010876964079216123
2.693514739229025,163.07098,0.0021247221156954765
2.716734693877551,173.06308,0.002710309810936451
2.7399546485260773,173.45773,0.0028298338875174522
2.7631746031746034,171.96042,0.003032643347978592
2.7863945578231295,167.73775,0.0021466200705617666
2.809614512471655,159.50679,0.0016445787623524666
2.8328344671201813,158.13736,0.0016621163813397288
2.8560544217687074,162.90576,0.001869059749878943
2.8792743764172335,172.62889,0.0013245544396340847
2.9024943310657596,176.72043,0.0008572048973292112
2.9257142857142857,178.78285,0.0007152835605666041
2.948934240362812,175.07796,0.001073226099833846
2.972154195011338,170.74709,0.0014111822238191962
2.995374149659864,164.85117,0.0011126577155664563
3.01859410430839,160.65822,0.0012094334233552217
3.0418140589569163,166.40636,0.0010719739366322756
3.0650340136054424,173.47409,0.0010282268049195409
3.0882539682539685,178.14816,0.0007355125271715224
3.1114739229024946,179.08304,0.0005579989519901574
3.1346938775510207,173.1539,0.0009284939151257277
3.1579138321995464,165.28773,0.0010422944324091077
3.1811337868480725,157.81813,0.0008478976087644696
3.2043537414965986,161.48042,0.0008343584486283362
3.2275736961451247,172.9481,0.0005865238490514457
3.250793650793651,185.6455,0.0004729781940113753
3.274013605442177,184.74467,0.0003115986182820052
3.297233560090703,177.25407,0.00011308141256449744
3.320453514739229,169.26216,7.717119297012687e-05
3.3436734693877552,0.0,6.165823833725881e-06
3.3668934240362813,0.0,1.1551437637535855e-06
3.3901133786848074,0.0,5.847432476002723e-07
3.4133333333333336,0.0,6.339369065244682e-07
3.4365532879818597,0.0,5.55842234462034e-07
3.4597732426303858,0.0,4.904786692350172e-07
3.4829931972789114,0.0,1.0895109880948439e-07
3.5062131519274375,0.0,4.5146771299187094e-07
3.5294331065759637,0.0,2.992910594912246e-07
3.5526530612244898,0.0,4.954490577802062e-07
3.575873015873016,0.0,7.829294190742075e-08
