0.0,0.0,4.2439660319359973e-07
0.023219954648526078,0.0,3.969234967371449e-07
0.046439909297052155,0.0,5.524052539840341e-07
0.06965986394557823,0.0,6.342534106806852e-07
0.09287981859410431,0.0,7.97763277660124e-07
0.11609977324263039,132.88971,1.655790583754424e-05
0.13931972789115646,122.99287,0.0002249807002954185
0.16253968253968254,416.55536,0.0006634809542447329
0.18575963718820862,139.27296,0.0011021529790014029
0.2089795918367347,138.64879,0.0009515359997749329
0.23219954648526078,135.33574,0.000621891813352704
0.25541950113378686,128.19545,0.00047113143955357373
0.2786394557823129,125.31805,0.0003390861093066633
0.301859410430839,131.01645,0.0006196584436111152
0.3250793650793651,141.44882,0.0012565113138407469
0.3482993197278912,448.93845,0.0027398429811000824
0.37151927437641724,460.4373,0.0028705368749797344
0.3947392290249433,460.52826,0.0016824521590024233
0.4179591836734694,147.09596,0.0006726891733705997
0.44117913832199546,144.07224,0.0004932268057018518
0.46439909297052157,147.23581,0.000747550162486732
0.4876190476190476,151.1686,0.0010680563282221556
0.5108390022675737,158.77634,0.0020435298793017864
0.5340589569160998,162.26376,0.0023974268697202206
0.5572789115646258,164.14867,0.0022506355307996273
0.5804988662131519,164.17007,0.0024259178899228573
0.603718820861678,163.48915,0.0023317832965403795
0.626938775510204,161.78833,0.001985233975574374
0.6501587301587302,162.82382,0.001080466783605516
0.6733786848072563,168.04195,0.0009874252136796713
0.6965986394557824,173.56923,0.0023966627195477486
0.7198185941043084,178.1423,0.0024694320745766163
0.7430385487528345,183.14757,0.0020391521975398064
0.7662585034013606,184.03697,0.002454255009070039
0.7894784580498866,180.8319,0.003279035910964012
0.8126984126984127,183.18375,0.0012488403590396047
0.8359183673469388,201.16763,0.0015225647948682308
0.8591383219954649,208.46971,0.0018757737707346678
0.8823582766439909,205.9214,0.0011634647380560637
0.905578231292517,190.36176,0.001913510262966156
0.9287981859410431,182.34961,0.003829333931207657
0.9520181405895691,187.37328,0.0019886346999555826
0.9752380952380952,214.31363,0.00493242871016264
0.9984580498866213,229.21532,0.007162219379097223
1.0216780045351475,239.16121,0.007756599225103855
1.0448979591836736,233.83734,0.008445855230093002
1.0681179138321997,222.73018,0.005761453881859779
1.0913378684807256,214.4925,0.0049807969480752945
1.1145578231292517,228.42766,0.0051279147155582905
1.1377777777777778,255.60628,0.006330339703708887
1.1609977324263039,268.47678,0.007386138662695885
1.18421768707483,258.42288,0.005115666892379522
1.207437641723356,244.18788,0.007124289404600859
1.2306575963718822,235.33142,0.006392277777194977
1.253877551020408,243.79037,0.004837774205952883
1.2770975056689342,263.0689,0.012044530361890793
1.3003174603174603,268.7159,0.01274339109659195
1.3235374149659864,264.93018,0.007086970843374729
1.3467573696145125,256.69528,0.0034380415454506874
1.3699773242630386,255.44608,0.004083346575498581
1.3931972789115648,272.2764,0.008064999245107174
1.4164172335600906,305.8622,0.018624940887093544
1.4396371882086167,324.2043,0.023800617083907127
1.4628571428571429,317.4854,0.011767037212848663
1.486077097505669,290.85684,0.006741871125996113
1.509297052154195,263.80667,0.0038648475892841816
1.5325170068027212,265.85968,0.004638198763132095
1.5557369614512473,289.32184,0.0045942626893520355
1.5789569160997732,297.8563,0.0036617990117520094
1.6021768707482993,281.1908,0.00437899399548769
1.6253968253968254,249.36453,0.004951045848429203
1.6486167800453515,230.41585,0.004957091994583607
1.6718367346938776,241.77129,0.002884772140532732
1.6950566893424037,269.86847,0.0042864494025707245
1.7182766439909298,274.09314,0.0048492481000721455
1.7414965986394557,263.77365,0.0027664247900247574
1.7647165532879818,236.88596,0.004535870626568794
1.787936507936508,224.25996,0.00457408744841814
1.811156462585034,232.54466,0.0031607290729880333
1.8343764172335602,245.02577,0.0021899305284023285
1.8575963718820863,251.18698,0.0023391058202832937
1.8808163265306124,236.26007,0.00450378842651844
1.9040362811791383,215.09795,0.0038465196266770363
1.9272562358276644,207.04228,0.004309681244194508
1.9504761904761905,215.75053,0.0040801167488098145
1.9736961451247166,223.43576,0.004648501984775066
1.9969160997732427,226.40668,0.004179915878921747
2.020136054421769,220.92787,0.0034141973592340946
2.043356009070295,205.39394,0.002544670831412077
2.066575963718821,193.52362,0.002192419022321701
2.089795918367347,196.35405,0.0020772074349224567
2.1130158730158732,201.73083,0.0027410066686570644
2.1362358276643993,200.98753,0.002371962880715728
2.159455782312925,187.36583,0.004434407688677311
2.182675736961451,167.00238,0.002493551466614008
2.2058956916099772,157.64859,0.0023411873262375593
2.2291156462585033,165.92259,0.0032200319692492485
2.2523356009070294,179.15605,0.0028944737277925014
2.2755555555555556,184.3684,0.0030580824241042137
2.2987755102040817,174.77754,0.0030848789028823376
2.3219954648526078,158.78703,0.0013479834888130426
2.345215419501134,149.838,0.0013867088127881289
2.36843537414966,158.73578,0.002993852598592639
2.391655328798186,169.17638,0.004040105268359184
2.414875283446712,170.13457,0.003706888761371374
2.4380952380952383,160.55275,0.00189595902338624
2.4613151927437644,147.42366,0.001364520052447915
2.48453514739229,135.31197,0.0015024917665868998
2.507755102040816,133.997,0.0013739382848143578
2.5309750566893423,139.60867,0.0014007934369146824
2.5541950113378684,141.04369,0.0012835520319640636
2.5774149659863945,142.50294,0.001347159966826439
2.6006349206349206,137.36678,0.0014671729877591133
2.6238548752834467,126.85133,0.0006663805106654763
2.647074829931973,113.91409,0.0006336922524496913
2.670294784580499,113.32333,0.000642487604636699
2.693514739229025,125.11085,0.0011906761210411787
2.716734693877551,131.19676,0.0014151742216199636
2.7399546485260773,135.08713,0.0009497945429757237
2.7631746031746034,135.21205,0.0010441383346915245
2.7863945578231295,129.3649,0.0012642225483432412
2.809614512471655,125.44747,0.0008357023471035063
2.8328344671201813,125.22217,0.0007260834099724889
2.8560544217687074,127.22225,0.000729417079128325
2.8792743764172335,131.451,0.000745418481528759
2.9024943310657596,137.38705,0.0006068159709684551
2.9257142857142857,136.46687,0.00030361415701918304
2.948934240362812,127.465225,7.601776451338083e-05
2.972154195011338,130.75104,1.902698386402335e-05
2.995374149659864,0.0,1.3817316357744858e-06
3.01859410430839,0.0,1.1116862879134715e-06
3.0418140589569163,0.0,1.5302248357329518e-07
3.0650340136054424,0.0,9.757786756381392e-08
