0.0,0.0,3.865898179356009e-08
0.023219954648526078,0.0,2.0984771254006773e-08
0.046439909297052155,0.0,2.8542672225739807e-08
0.06965986394557823,0.0,4.632875061361119e-08
0.09287981859410431,0.0,2.8331669454928488e-08
0.11609977324263039,0.0,5.710353434551507e-08
0.13931972789115646,0.0,3.102683331235312e-05
0.16253968253968254,122.75613,0.0002495839726179838
0.18575963718820862,124.042755,0.00031640304950997233
0.2089795918367347,127.431335,0.0003793360374402255
0.23219954648526078,131.57785,0.0003786869638133794
0.25541950113378686,129.93393,0.0004056099569424987
0.2786394557823129,128.82202,0.0004692617803812027
0.301859410430839,129.3043,0.0004918626509606838
0.3250793650793651,128.83937,0.0005792450392618775
0.3482993197278912,127.57305,0.0007045556558296084
0.37151927437641724,130.49617,0.0005357341142371297
0.3947392290249433,136.5325,0.0004439654294401407
0.4179591836734694,143.47617,0.0005189636722207069
0.44117913832199546,149.38515,0.0005326579557731748
0.46439909297052157,151.21571,0.0006662996020168066
0.4876190476190476,147.9159,0.000692252186127007
0.5108390022675737,143.51776,0.0007247765315696597
0.5340589569160998,144.01324,0.000775666325353086
0.5572789115646258,147.96648,0.0006266871350817382
0.5804988662131519,157.95383,0.0007822007755748928
0.603718820861678,164.239,0.0006881305598653853
0.626938775510204,165.95221,0.0008738806354813278
0.6501587301587302,163.11217,0.0007466803072020411
0.6733786848072563,159.62663,0.0009700063965283334
0.6965986394557824,159.55931,0.0009165379451587796
0.7198185941043084,161.71541,0.0007671526400372386
0.7430385487528345,168.77798,0.0010113981552422047
0.7662585034013606,175.69128,0.0009493984398432076
0.7894784580498866,178.63779,0.001078957226127386
0.8126984126984127,178.08821,0.0011857063509523869
0.8359183673469388,175.11781,0.0013211703626438975
0.8591383219954649,173.36238,0.0013536449987441301
0.8823582766439909,177.13252,0.0013257632963359356
0.905578231292517,182.43459,0.0008339927298948169
0.9287981859410431,193.52235,0.0006385491578839719
0.9520181405895691,200.93585,0.0008477665251120925
0.9752380952380952,200.80275,0.001156676677055657
0.9984580498866213,195.07578,0.001231514848768711
1.0216780045351475,192.78487,0.0015182604547590017
1.0448979591836736,194.3513,0.0013611465692520142
1.0681179138321997,198.83313,0.0014182871673256159
1.0913378684807256,206.72437,0.0011038118973374367
1.1145578231292517,215.46075,0.0015022354200482368
1.1377777777777778,223.09125,0.002078135497868061
1.1609977324263039,228.1021,0.0027509245555847883
1.18421768707483,227.78789,0.003281836863607168
1.207437641723356,221.1175,0.003138960339128971
1.2306575963718822,221.02968,0.003125020070001483
1.253877551020408,230.45355,0.003274095943197608
1.2770975056689342,240.39832,0.0028046881780028343
1.3003174603174603,251.03633,0.005617525428533554
1.3235374149659864,257.19086,0.00819779559969902
1.3467573696145125,255.30263,0.00849156640470028
1.3699773242630386,248.7525,0.0100559052079916
1.3931972789115648,244.52742,0.00904620811343193
1.4164172335600906,247.02547,0.009603017941117287
1.4396371882086167,253.18686,0.009249189868569374
1.4628571428571429,264.9206,0.009859586134552956
1.486077097505669,272.4296,0.01286635734140873
1.509297052154195,269.62448,0.012662077322602272
1.5325170068027212,264.47623,0.014710062183439732
1.5557369614512473,260.15482,0.01508716307580471
1.5789569160997732,257.65,0.013700790703296661
1.6021768707482993,262.3659,0.014162635430693626
1.6253968253968254,273.05246,0.010687355883419514
1.6486167800453515,290.0183,0.013307532295584679
1.6718367346938776,301.67105,0.01523375604301691
1.6950566893424037,305.01215,0.02510055899620056
1.7182766439909298,301.42307,0.028192270547151566
1.7414965986394557,295.41922,0.021089639514684677
1.7647165532879818,293.47275,0.022141484543681145
1.787936507936508,295.5005,0.021973520517349243
1.811156462585034,298.167,0.022636201232671738
1.8343764172335602,299.991,0.02400783635675907
1.8575963718820863,297.0693,0.0219865832477808
1.8808163265306124,287.22293,0.016710195690393448
1.9040362811791383,270.9638,0.01583905518054962
1.9272562358276644,263.39133,0.012939536944031715
1.9504761904761905,264.47318,0.011419001035392284
1.9736961451247166,266.67383,0.009898541495203972
1.9969160997732427,268.46985,0.008680361323058605
2.020136054421769,266.3318,0.008695563301444054
2.043356009070295,257.64282,0.00806390680372715
2.066575963718821,247.64684,0.010333612561225891
2.089795918367347,245.88156,0.007650700397789478
2.1130158730158732,249.27058,0.006379994098097086
2.1362358276643993,253.28766,0.007021647412329912
2.159455782312925,251.11642,0.00727660208940506
2.182675736961451,248.66171,0.006671797018498182
2.2058956916099772,243.00456,0.006771873217076063
2.2291156462585033,230.8487,0.004139384720474482
2.2523356009070294,207.0657,0.0027993805706501007
2.2755555555555556,210.89447,0.0030923187732696533
2.2987755102040817,218.18112,0.0033419164828956127
2.3219954648526078,225.31001,0.004012739285826683
2.345215419501134,225.52458,0.003578406060114503
2.36843537414966,218.81349,0.0023072087205946445
2.391655328798186,203.75905,0.002540649613365531
2.414875283446712,188.58948,0.003105946583673358
2.4380952380952383,186.68024,0.0022090631537139416
2.4613151927437644,191.68106,0.0017706668004393578
2.48453514739229,197.83708,0.0017354291630908847
2.507755102040816,200.18541,0.001856860937550664
2.5309750566893423,195.63127,0.001704951049759984
2.5541950113378684,184.02174,0.0024955300614237785
2.5774149659863945,168.44208,0.0022480376064777374
2.6006349206349206,161.3048,0.0015103045152500272
2.6238548752834467,170.12645,0.0023682136088609695
2.647074829931973,176.0137,0.001967355143278837
2.670294784580499,177.25363,0.0021128663793206215
2.693514739229025,177.09067,0.0023289392702281475
2.716734693877551,172.71823,0.0024836070369929075
2.7399546485260773,166.92917,0.0017319783801212907
2.7631746031746034,158.85399,0.001402211608365178
2.7863945578231295,159.85455,0.0011588342022150755
2.809614512471655,161.58978,0.0010660015977919102
2.8328344671201813,165.67288,0.0013511909637600183
2.8560544217687074,167.88994,0.001680663088336587
2.8792743764172335,170.73581,0.00164490204770118
2.9024943310657596,165.06848,0.0011764566879719496
2.9257142857142857,150.01419,0.0008931804914027452
2.948934240362812,137.0952,0.0006381117855198681
2.972154195011338,137.28514,0.0005153355305083096
2.995374149659864,141.17952,0.0006478248396888375
3.01859410430839,142.93152,0.0005935754743404686
3.0418140589569163,145.04668,0.0006096577271819115
3.0650340136054424,146.80089,0.0007412683917209506
3.0882539682539685,145.62039,0.0005786010297015309
3.1114739229024946,141.01047,0.0004999304073862731
3.1346938775510207,131.30315,0.0006157828029245138
3.1579138321995464,120.86243,0.0004842627968173474
3.1811337868480725,119.87481,0.0003701255191117525
3.2043537414965986,127.286064,0.00022982506197877228
3.2275736961451247,131.58606,0.00019495582091622055
3.250793650793651,129.7369,0.00019625178538262844
3.274013605442177,126.71046,0.00024497666163370013
3.297233560090703,126.47981,0.00026099267415702343
3.320453514739229,127.09345,0.0002533302176743746
3.3436734693877552,127.48788,0.00027192229754291475
3.3668934240362813,127.41165,0.0002759906346909702
3.3901133786848074,128.7377,0.00027160916943103075
3.4133333333333336,129.98135,0.00027177034644410014
3.4365532879818597,133.53368,0.00032228603959083557
3.4597732426303858,133.81506,0.00034507823875173926
3.4829931972789114,131.54155,0.0003566413070075214
3.5062131519274375,127.30412,0.00038207037141546607
3.5294331065759637,125.36824,0.0004018995678052306
3.5526530612244898,126.1794,0.0003059553273487836
3.575873015873016,127.72561,0.00027890445198863745
3.599092970521542,132.47891,0.0002880657557398081
3.622312925170068,134.44327,0.00030037914984859526
3.645532879818594,135.53833,0.00027347321156412363
3.6687528344671203,133.91708,0.00031478056916967034
3.6919727891156464,129.16927,0.00028136352193541825
3.7151927437641725,124.8313,0.00029401463689282537
3.7384126984126986,123.91414,0.00027925404720008373
3.7616326530612247,128.41139,0.00023088189482223243
3.784852607709751,131.09311,0.00022577765048481524
3.8080725623582765,132.46289,0.00024245298118330538
3.8312925170068026,133.20091,0.00024127648794092238
3.8545124716553287,131.68364,0.0002016811049543321
3.877732426303855,128.9737,0.00013038888573646545
3.900952380952381,134.89044,6.1143706261646e-05
3.924172335600907,0.0,9.048126230482012e-06
3.947392290249433,0.0,5.157698979019187e-07
3.9706122448979593,0.0,1.679718479863368e-07
3.9938321995464854,0.0,8.159622666426003e-08
4.017052154195011,0.0,5.1712049753405154e-08
4.040272108843538,0.0,4.1742168832570314e-08
4.063492063492063,0.0,3.213790478184819e-08
4.08671201814059,0.0,7.044855010462925e-08
4.1099319727891155,0.0,6.928803486516699e-08
4.133151927437642,0.0,2.3976099328137934e-08
