0.0,0.0,5.9095327742397785e-08
0.023219954648526078,0.0,4.433150024851784e-08
0.046439909297052155,0.0,2.6125235308427364e-08
0.06965986394557823,0.0,7.492781151086092e-08
0.09287981859410431,0.0,3.1393028621096164e-08
0.11609977324263039,0.0,3.889817890012637e-08
0.13931972789115646,0.0,1.615444489289075e-08
0.16253968253968254,0.0,1.1123120202682912e-08
0.18575963718820862,0.0,1.8160426407121122e-07
0.2089795918367347,133.3814,0.00014710205141454935
0.23219954648526078,122.947044,0.00030272529693320394
0.25541950113378686,121.88784,0.00032327004009857774
0.2786394557823129,124.313835,0.0003538454184308648
0.301859410430839,124.43618,0.0004399251192808151
0.3250793650793651,123.78558,0.00043604953680187464
0.3482993197278912,128.65009,0.0003113180573564023
0.37151927437641724,132.7335,0.00040277920197695494
0.3947392290249433,131.19293,0.0004037095350213349
0.4179591836734694,127.77163,0.00032203932642005384
0.44117913832199546,130.77489,0.0003863092279061675
0.46439909297052157,139.52316,0.000545988033991307
0.4876190476190476,143.5913,0.0005517887184396386
0.5108390022675737,146.35225,0.000565299647860229
0.5340589569160998,149.62038,0.0005901538534089923
0.5572789115646258,150.79167,0.0007219272665679455
0.5804988662131519,148.22342,0.0008787256083451211
0.603718820861678,143.22176,0.001035293797031045
0.626938775510204,140.75705,0.0010780026204884052
0.6501587301587302,146.18811,0.0009081624448299408
0.6733786848072563,157.69052,0.0008714350406080484
0.6965986394557824,163.1897,0.0011180280707776546
0.7198185941043084,163.34906,0.0013915877789258957
0.7430385487528345,160.24359,0.0011907797306776047
0.7662585034013606,158.34895,0.0012467323103919625
0.7894784580498866,158.96118,0.001230567111633718
0.8126984126984127,160.2694,0.0013930071145296097
0.8359183673469388,164.7185,0.0020038364455103874
0.8591383219954649,168.87048,0.0015070410445332527
0.8823582766439909,172.58139,0.0014773234724998474
0.905578231292517,174.7886,0.0022756531834602356
0.9287981859410431,174.15074,0.002152838045731187
0.9520181405895691,167.83899,0.0022436557337641716
0.9752380952380952,166.78163,0.002710095141083002
0.9984580498866213,172.93149,0.0022422620095312595
1.0216780045351475,186.39142,0.0013814530102536082
1.0448979591836736,198.30963,0.0016327386256307364
1.0681179138321997,200.74832,0.0018952302634716034
1.0913378684807256,196.84377,0.002554509788751602
1.1145578231292517,192.63896,0.002748630940914154
1.1377777777777778,188.12732,0.0029754869174212217
1.1609977324263039,191.30147,0.0020209685899317265
1.18421768707483,202.28908,0.001872422406449914
1.207437641723356,211.43944,0.0031432253308594227
1.2306575963718822,216.1721,0.004302550107240677
1.253877551020408,214.71127,0.004146276973187923
1.2770975056689342,208.6747,0.003083370625972748
1.3003174603174603,206.57465,0.0034566340036690235
1.3235374149659864,212.32573,0.005056855734437704
1.3467573696145125,227.95233,0.005099969916045666
1.3699773242630386,243.77547,0.004918999969959259
1.3931972789115648,251.93008,0.005469300784170628
1.4164172335600906,250.23088,0.00922164786607027
1.4396371882086167,241.76378,0.013744247145950794
1.4628571428571429,237.84639,0.013590505346655846
1.486077097505669,243.67436,0.009214259684085846
1.509297052154195,254.50221,0.0057841455563902855
1.5325170068027212,265.9046,0.008398346602916718
1.5557369614512473,273.1353,0.013526299968361855
1.5789569160997732,272.65262,0.016909794881939888
1.6021768707482993,266.65683,0.02040335349738598
1.6253968253968254,260.1148,0.018191540613770485
1.6486167800453515,265.4888,0.020901847630739212
1.6718367346938776,274.4187,0.010008606128394604
1.6950566893424037,289.88553,0.011711832135915756
1.7182766439909298,302.02884,0.01810806803405285
1.7414965986394557,306.7636,0.02390838786959648
1.7647165532879818,304.04276,0.02346525341272354
1.787936507936508,296.86157,0.02077186107635498
1.811156462585034,294.7411,0.02273677848279476
1.8343764172335602,298.41986,0.023001544177532196
1.8575963718820863,302.3157,0.024172058328986168
1.8808163265306124,299.48557,0.01900969073176384
1.9040362811791383,288.1245,0.019825976341962814
1.9272562358276644,268.69553,0.02420361340045929
1.9504761904761905,260.03076,0.015739554539322853
1.9736961451247166,263.30008,0.016730867326259613
1.9969160997732427,267.95236,0.0159306637942791
2.020136054421769,266.85126,0.015690354630351067
2.043356009070295,259.778,0.012333011254668236
2.066575963718821,249.96721,0.012683715671300888
2.089795918367347,248.25453,0.011260910890996456
2.1130158730158732,251.31013,0.010117823258042336
2.1362358276643993,252.88535,0.01011563092470169
2.159455782312925,251.60875,0.010910051874816418
2.182675736961451,246.64471,0.01081182062625885
2.2058956916099772,236.41066,0.009149584919214249
2.2291156462585033,215.0053,0.00989145040512085
2.2523356009070294,210.15062,0.007894321344792843
2.2755555555555556,216.04216,0.0057995133101940155
2.2987755102040817,224.32384,0.00409266073256731
2.3219954648526078,224.03012,0.004572451580315828
2.345215419501134,216.63275,0.007503356784582138
2.36843537414966,201.31699,0.006457473151385784
2.391655328798186,192.34467,0.005104496609419584
2.414875283446712,190.27548,0.004962403327226639
2.4380952380952383,191.21483,0.005133099853992462
2.4613151927437644,194.59157,0.005812555551528931
2.48453514739229,194.77972,0.005643617361783981
2.507755102040816,187.10863,0.009172750636935234
2.5309750566893423,339.01636,0.0058714705519378185
2.5541950113378684,159.4374,0.004935362376272678
2.5774149659863945,162.51358,0.0041442858055233955
2.6006349206349206,167.56763,0.0039030034095048904
2.6238548752834467,172.69865,0.004203442018479109
2.647074829931973,172.8698,0.004372019786387682
2.670294784580499,166.93222,0.004868574906140566
2.693514739229025,162.14742,0.004612681455910206
2.716734693877551,159.13156,0.003812206443399191
2.7399546485260773,160.8122,0.00320512056350708
2.7631746031746034,164.07649,0.0037400054279714823
2.7863945578231295,166.02078,0.0027065477333962917
2.809614512471655,164.37067,0.0013390647945925593
2.8328344671201813,156.73119,0.0014381504151970148
2.8560544217687074,141.03606,0.0011719679459929466
2.8792743764172335,136.5104,0.0013327577617019415
2.9024943310657596,139.13962,0.0012198371114209294
2.9257142857142857,142.29112,0.001973280217498541
2.948934240362812,144.72191,0.0016781294252723455
2.972154195011338,146.42345,0.002066848799586296
2.995374149659864,144.12392,0.0011815158650279045
3.01859410430839,138.96066,0.00041433543083257973
3.0418140589569163,128.2932,0.0006053181132301688
3.0650340136054424,121.33694,0.0007965666591189802
3.0882539682539685,119.17473,0.0005642212345264852
3.1114739229024946,122.370735,0.0005617404822260141
3.1346938775510207,123.47118,0.0006446603802032769
3.1579138321995464,126.168015,0.0005987563054077327
3.1811337868480725,129.20218,0.0005453228950500488
3.2043537414965986,130.31395,0.0005925828590989113
3.2275736961451247,130.43944,0.0006569011020474136
3.250793650793651,128.31436,0.0006339979590848088
3.274013605442177,126.55073,0.0006635651807300746
3.297233560090703,127.1194,0.0006511934916488826
3.320453514739229,127.8798,0.0005435129278339446
3.3436734693877552,129.4305,0.0005206330679357052
3.3668934240362813,130.3627,0.0005625290796160698
3.3901133786848074,130.36363,0.0005283630453050137
3.4133333333333336,129.59798,0.0005435924977064133
3.4365532879818597,128.56099,0.0005345569807104766
3.4597732426303858,128.09772,0.0004717723932117224
3.4829931972789114,129.48915,0.0004731639928650111
3.5062131519274375,129.99542,0.0005082903080619872
3.5294331065759637,129.80118,0.0004666818422265351
3.5526530612244898,131.01747,0.0005010093445889652
3.575873015873016,130.9484,0.0004867676179856062
3.599092970521542,129.87056,0.000429641455411911
3.622312925170068,128.77756,0.00040115939918905497
3.645532879818594,130.27632,0.00032832424039952457
3.6687528344671203,132.229,3.595153975766152e-05
3.6919727891156464,0.0,2.999363459821325e-06
3.7151927437641725,0.0,5.606716513284482e-07
3.7384126984126986,0.0,1.0846451914403588e-07
3.7616326530612247,0.0,7.999278750503436e-08
3.784852607709751,0.0,1.0302755981683731e-07
3.8080725623582765,0.0,1.1646261555142701e-07
3.8312925170068026,0.0,5.1650204113684595e-08
3.8545124716553287,0.0,5.477340891957283e-08
3.877732426303855,0.0,2.147498889826238e-08
