0.0,0.0,2.901897460105829e-07
0.023219954648526078,0.0,3.984523573308252e-07
0.046439909297052155,0.0,4.832509148400277e-07
0.06965986394557823,0.0,2.0976949599571526e-07
0.09287981859410431,0.0,3.447967173997313e-07
0.11609977324263039,259.20462,7.851723785279319e-05
0.13931972789115646,257.57495,0.00020651365048252046
0.16253968253968254,254.65636,0.0001940726797329262
0.18575963718820862,250.21288,0.00013794614642392844
0.2089795918367347,252.17644,0.00031563069205731153
0.23219954648526078,255.39325,0.0006801781128160655
0.25541950113378686,255.77446,0.0006324947462417185
0.2786394557823129,261.7779,0.000375270436052233
0.301859410430839,280.33682,0.0003812466165982187
0.3250793650793651,294.3872,0.0005579550052061677
0.3482993197278912,300.539,0.0004027342365588993
0.37151927437641724,298.466,0.0004658618418034166
0.3947392290249433,292.85928,0.00046203387319110334
0.4179591836734694,292.95078,0.0005495506920851767
0.44117913832199546,302.72675,0.0005222891923040152
0.46439909297052157,314.53098,0.000776973320171237
0.4876190476190476,320.7379,0.0007064619567245245
0.5108390022675737,323.70764,0.0006149435648694634
0.5340589569160998,322.08014,0.0006443900056183338
0.5572789115646258,319.229,0.0006530075334012508
0.5804988662131519,333.95514,0.002969847060739994
0.603718820861678,346.38586,0.0026787063106894493
0.626938775510204,358.52466,0.0021088754292577505
0.6501587301587302,357.254,0.0025693289935588837
0.6733786848072563,352.2638,0.005179536063224077
0.6965986394557824,339.96487,0.0033097262494266033
0.7198185941043084,338.03464,0.0042167771607637405
0.7430385487528345,354.6613,0.0009996171575039625
0.7662585034013606,379.75684,0.0007193688070401549
0.7894784580498866,386.599,0.0010547754354774952
0.8126984126984127,388.23672,0.001045938115566969
0.8359183673469388,383.62775,0.0005708889802917838
0.8591383219954649,367.37982,0.0006165864178910851
0.8823582766439909,396.36444,0.0017439703224226832
0.905578231292517,440.05112,0.005838002078235149
0.9287981859410431,462.28195,0.007271454203873873
0.9520181405895691,464.12976,0.00617402046918869
0.9752380952380952,458.59268,0.0036341564264148474
0.9984580498866213,445.30334,0.00503960158675909
1.0216780045351475,457.02762,0.010571228340268135
1.0448979591836736,483.7394,0.019491437822580338
1.0681179138321997,501.41553,0.05073267221450806
1.0913378684807256,507.1946,0.06957130879163742
1.1145578231292517,504.95312,0.04918105900287628
1.1377777777777778,494.7428,0.018673136830329895
1.1609977324263039,476.39636,0.02362664043903351
1.18421768707483,505.8829,0.1231137067079544
1.207437641723356,520.0031,0.06082616001367569
1.2306575963718822,535.28033,0.036553122103214264
1.253877551020408,538.2789,0.03971550613641739
1.2770975056689342,536.75,0.04750042036175728
1.3003174603174603,533.89374,0.047873374074697495
1.3235374149659864,537.3079,0.07644520699977875
1.3467573696145125,538.27094,0.05836557224392891
1.3699773242630386,550.2493,0.041839223355054855
1.3931972789115648,579.4722,0.041437312960624695
1.4164172335600906,597.17834,0.0360928475856781
1.4396371882086167,603.82654,0.03707608953118324
1.4628571428571429,589.343,0.03261835500597954
1.486077097505669,570.98193,0.03236968070268631
1.509297052154195,554.7775,0.05437733232975006
1.5325170068027212,543.68384,0.08270644396543503
1.5557369614512473,537.6856,0.06365689635276794
1.5789569160997732,535.3959,0.03194277361035347
1.6021768707482993,528.94977,0.017709635198116302
1.6253968253968254,520.24194,0.016541779041290283
1.6486167800453515,516.31476,0.014940829947590828
1.6718367346938776,517.82056,0.015489131212234497
1.6950566893424037,512.78375,0.015001433901488781
1.7182766439909298,504.2244,0.008388113230466843
1.7414965986394557,497.496,0.00328753050416708
1.7647165532879818,488.75177,0.0032677457202225924
1.787936507936508,486.65543,0.0025237174704670906
1.811156462585034,480.67938,0.0024220249615609646
1.8343764172335602,476.27582,0.002600381150841713
1.8575963718820863,465.95303,0.0020114989019930363
1.8808163265306124,436.72583,0.00129175023175776
1.9040362811791383,426.29312,0.0007845305372029543
1.9272562358276644,430.49765,0.0009723660768941045
1.9504761904761905,436.08987,0.001277852337807417
1.9736961451247166,441.364,0.0011097140377387404
1.9969160997732427,436.88895,0.0007979249930940568
2.020136054421769,427.0159,0.000864319852553308
2.043356009070295,395.73373,0.0039846161380410194
2.066575963718821,380.92657,0.004764505662024021
2.089795918367347,390.77148,0.0022591878660023212
2.1130158730158732,404.4718,0.0009336263174191117
2.1362358276643993,407.58505,0.0008301639463752508
2.159455782312925,398.00687,0.0012055797269567847
2.182675736961451,379.00168,0.004598767496645451
2.2058956916099772,362.7075,0.00593023095279932
2.2291156462585033,349.48715,0.008238873444497585
2.2523356009070294,354.86914,0.005110529717057943
2.2755555555555556,365.39496,0.005684723611921072
2.2987755102040817,369.5571,0.0027142849285155535
2.3219954648526078,363.7909,0.0017865087138488889
2.345215419501134,343.38455,0.0013068708358332515
2.36843537414966,317.14404,0.0007031945278868079
2.391655328798186,320.76727,0.0010837194276973605
2.414875283446712,335.95505,0.0018682379741221666
2.4380952380952383,342.35568,0.001879921299405396
2.4613151927437644,339.0585,0.0006929889204911888
2.48453514739229,322.37903,0.00040596825419925153
2.507755102040816,301.37473,0.0003219184873159975
2.5309750566893423,288.35733,0.0003554825088940561
2.5541950113378684,291.16513,0.00045284704538062215
2.5774149659863945,299.7128,0.00030303909443318844
2.6006349206349206,300.99686,0.0003131760167889297
2.6238548752834467,294.93115,0.00043053767876699567
2.647074829931973,277.2659,0.0011754401493817568
2.670294784580499,271.12936,0.0015545256901532412
2.693514739229025,273.13666,0.002265544841066003
2.716734693877551,270.21323,0.00137545564211905
2.7399546485260773,257.10748,0.001065022312104702
2.7631746031746034,252.52412,0.0012000177521258593
2.7863945578231295,255.31229,0.0018228261033073068
2.809614512471655,254.11386,0.000886743888258934
2.8328344671201813,249.63397,0.00042242015479132533
2.8560544217687074,252.56387,0.0009667242411524057
2.8792743764172335,256.97272,0.0018337001092731953
2.9024943310657596,260.16116,0.00166227831505239
2.9257142857142857,261.83682,0.0014440903905779123
2.948934240362812,260.30038,0.001375748892314732
2.972154195011338,256.63406,0.0007642180426046252
2.995374149659864,250.46562,0.00020864976977463812
3.01859410430839,242.93855,0.0002642284380272031
3.0418140589569163,244.249,0.0002968807821162045
3.0650340136054424,255.13467,0.0006876157131046057
3.0882539682539685,263.487,0.0004763448960147798
3.1114739229024946,271.92136,0.0004053860902786255
3.1346938775510207,265.5432,0.00022555590840056539
3.1579138321995464,255.19957,9.075450361706316e-05
3.1811337868480725,242.13333,8.450159657513723e-05
3.2043537414965986,239.79121,0.00011273552081547678
3.2275736961451247,246.57773,0.0001793215051293373
3.250793650793651,260.01413,0.00024896382819861174
3.274013605442177,271.31946,0.00016089632117655128
3.297233560090703,267.6302,8.333920413861051e-05
3.320453514739229,249.67348,3.2706950150895864e-05
3.3436734693877552,229.75948,1.3234411198936868e-05
3.3668934240362813,227.15697,1.6382095054723322e-05
3.3901133786848074,239.25786,3.669660509331152e-05
3.4133333333333336,254.19122,4.27381310146302e-05
3.4365532879818597,265.45996,3.072251274716109e-05
3.4597732426303858,261.4414,1.5304187400033697e-05
3.4829931972789114,0.0,7.661265044589527e-07
3.5062131519274375,0.0,6.301097528194077e-07
3.5294331065759637,0.0,1.3318585843080655e-06
3.5526530612244898,0.0,6.740547178196721e-07
3.575873015873016,0.0,6.709333320031874e-07
3.599092970521542,0.0,1.4324723451863974e-07
3.622312925170068,0.0,2.015040081460029e-07
3.645532879818594,0.0,3.4729328035609797e-07
