0.0,0.0,3.860441211145371e-07
0.023219954648526078,0.0,1.2412247087922879e-06
0.046439909297052155,0.0,5.301180863170885e-07
0.06965986394557823,0.0,1.8011178326560184e-07
0.09287981859410431,0.0,2.550450517446734e-07
0.11609977324263039,0.0,1.1167003322043456e-06
0.13931972789115646,265.24088,4.343783439253457e-05
0.16253968253968254,260.50037,0.00013395206769928336
0.18575963718820862,263.23566,0.0001378364977426827
0.2089795918367347,265.78,0.00019490160048007965
0.23219954648526078,267.51068,0.0002133175585186109
0.25541950113378686,262.66818,8.970636554295197e-05
0.2786394557823129,251.69334,5.504937143996358e-05
0.301859410430839,279.17035,0.0001939131907420233
0.3250793650793651,289.17224,0.00019705563317984343
0.3482993197278912,292.97354,0.00025224947603419423
0.37151927437641724,297.07443,0.0002615505363792181
0.3947392290249433,302.27487,0.00019296394020784646
0.4179591836734694,303.2111,0.00016796911950223148
0.44117913832199546,296.90482,0.0001522048405604437
0.46439909297052157,316.34955,0.00019068256369791925
0.4876190476190476,330.19003,0.0005153622478246689
0.5108390022675737,335.18076,0.0005559643032029271
0.5340589569160998,333.3591,0.0005756370956078172
0.5572789115646258,335.40015,0.0006318328669294715
0.5804988662131519,335.415,0.000701433455105871
0.603718820861678,332.92117,0.0006899783620610833
0.626938775510204,338.95657,0.0009261947125196457
0.6501587301587302,354.04938,0.0012578400783240795
0.6733786848072563,357.66177,0.0014058479573577642
0.6965986394557824,357.0758,0.0013156728819012642
0.7198185941043084,352.0676,0.0012069973163306713
0.7430385487528345,356.044,0.0015851673670113087
0.7662585034013606,359.52106,0.0016811788082122803
0.7894784580498866,364.2244,0.0020177308470010757
0.8126984126984127,378.9987,0.0016038103494793177
0.8359183673469388,379.2638,0.0014053222257643938
0.8591383219954649,384.63846,0.0016204423736780882
0.8823582766439909,387.42157,0.001739678904414177
0.905578231292517,394.56064,0.001993547659367323
0.9287981859410431,405.3379,0.00244887825101614
0.9520181405895691,421.38443,0.0036614250857383013
0.9752380952380952,430.1842,0.002746924292296171
0.9984580498866213,436.09058,0.002419393742457032
1.0216780045351475,439.7669,0.002909233095124364
1.0448979591836736,446.15,0.00391025934368372
1.0681179138321997,448.52286,0.004170726519078016
1.0913378684807256,453.75394,0.006345018278807402
1.1145578231292517,478.68466,0.015131913125514984
1.1377777777777778,485.25244,0.011959092691540718
1.1609977324263039,492.746,0.011221866123378277
1.18421768707483,491.2744,0.010847634635865688
1.207437641723356,492.97485,0.011872046627104282
1.2306575963718822,495.91074,0.011923031881451607
1.253877551020408,503.47812,0.010016830638051033
1.2770975056689342,525.2461,0.013094554655253887
1.3003174603174603,539.3171,0.010927421040832996
1.3235374149659864,543.6304,0.007336707320064306
1.3467573696145125,537.2683,0.00803722906857729
1.3699773242630386,532.1352,0.010257869027554989
1.3931972789115648,538.34894,0.01349944993853569
1.4164172335600906,544.93506,0.018130797892808914
1.4396371882086167,549.458,0.0369018018245697
1.4628571428571429,559.8295,0.03325833007693291
1.486077097505669,576.9165,0.03178056702017784
1.509297052154195,599.66254,0.029615553095936775
1.5325170068027212,623.7581,0.02961971051990986
1.5557369614512473,622.4226,0.03513289988040924
1.5789569160997732,603.13336,0.023120712488889694
1.6021768707482993,568.80505,0.023589299991726875
1.6253968253968254,535.0662,0.015604877844452858
1.6486167800453515,531.2323,0.013229785487055779
1.6718367346938776,539.78033,0.012879119254648685
1.6950566893424037,546.8377,0.010349683463573456
1.7182766439909298,543.68976,0.008739389479160309
1.7414965986394557,538.5958,0.00931126344949007
1.7647165532879818,531.0461,0.015516609884798527
1.787936507936508,513.3805,0.016261741518974304
1.811156462585034,505.31436,0.016585180535912514
1.8343764172335602,506.69308,0.019110053777694702
1.8575963718820863,510.0968,0.013736320659518242
1.8808163265306124,505.25778,0.013880927115678787
1.9040362811791383,495.45935,0.00932939164340496
1.9272562358276644,478.52643,0.008206639438867569
1.9504761904761905,453.5332,0.004825449548661709
1.9736961451247166,451.22263,0.008106647059321404
1.9969160997732427,447.15747,0.007900825701653957
2.020136054421769,442.92343,0.006109151989221573
2.043356009070295,433.6489,0.003930380102247
2.066575963718821,428.9301,0.00398002564907074
2.089795918367347,422.38065,0.0030083893798291683
2.1130158730158732,405.48178,0.0015160564798861742
2.1362358276643993,386.0926,0.0017859451472759247
2.159455782312925,397.3861,0.00313344388268888
2.182675736961451,395.3266,0.0030510947108268738
2.2058956916099772,392.04602,0.0026655010879039764
2.2291156462585033,383.09644,0.002204370219260454
2.2523356009070294,375.86658,0.0016777494456619024
2.2755555555555556,363.23636,0.0010651778429746628
2.2987755102040817,353.10794,0.0013813129626214504
2.3219954648526078,362.18167,0.0018850467167794704
2.345215419501134,364.001,0.0017634878167882562
2.36843537414966,357.8991,0.001360294409096241
2.391655328798186,352.684,0.0005353479646146297
2.414875283446712,344.23117,0.0003382568247616291
2.4380952380952383,335.98126,0.000724569836165756
2.4613151927437644,326.58597,0.001057543558999896
2.48453514739229,328.31232,0.0014349231496453285
2.507755102040816,330.0224,0.0014142792206257582
2.5309750566893423,326.33313,0.001129915937781334
2.5541950113378684,325.88297,0.0008658855222165585
2.5774149659863945,323.1382,0.0006555705331265926
2.6006349206349206,309.33997,0.00031589396530762315
2.6238548752834467,291.2875,0.0005175811820663512
2.647074829931973,292.19455,0.0006154896691441536
2.670294784580499,295.57755,0.0005815246840938926
2.693514739229025,298.44608,0.00044074770994484425
2.716734693877551,300.202,0.0003433481033425778
2.7399546485260773,295.92545,0.00043521710904315114
2.7631746031746034,289.9463,0.0004969814326614141
2.7863945578231295,283.30023,0.00037075072759762406
2.809614512471655,274.93665,0.0002531644713599235
2.8328344671201813,262.59015,0.00019238077220506966
2.8560544217687074,248.31161,0.00015250312571879476
2.8792743764172335,246.59589,0.0002714438596740365
2.9024943310657596,253.35283,0.00023864657850936055
2.9257142857142857,263.99545,0.00015628125402145088
2.948934240362812,263.77887,0.0002567549527157098
2.972154195011338,261.1767,0.00022834497212897986
2.995374149659864,257.96094,0.00018626499513629824
3.01859410430839,256.04794,0.00016642120317555964
3.0418140589569163,260.7173,0.000178717658855021
3.0650340136054424,270.67133,0.00027734789182431996
3.0882539682539685,270.45163,0.0002223630581283942
3.1114739229024946,261.0218,0.00016711128409951925
3.1346938775510207,252.99738,0.00011336457828292623
3.1579138321995464,248.97049,0.0001216702803503722
3.1811337868480725,253.40099,0.00012438616249710321
3.2043537414965986,264.1714,0.00010146517888642848
3.2275736961451247,268.3983,0.00016241311095654964
3.250793650793651,265.14276,0.00011617376731010154
3.274013605442177,255.91975,7.192129851318896e-05
3.297233560090703,246.6137,6.314936035778373e-05
3.320453514739229,249.76256,9.728681470733136e-05
3.3436734693877552,254.39993,6.932101678103209e-05
3.3668934240362813,264.82852,4.0899612940847874e-05
3.3901133786848074,270.15256,5.5071468523237854e-05
3.4133333333333336,269.45853,1.9238579625380225e-05
3.4365532879818597,0.0,3.4995682653971016e-06
3.4597732426303858,0.0,1.2069158401573077e-06
3.4829931972789114,0.0,2.6923680707113817e-07
3.5062131519274375,0.0,1.772405084921047e-07
3.5294331065759637,0.0,2.5011831894516945e-07
3.5526530612244898,0.0,1.3298995327204466e-07
3.575873015873016,0.0,5.951860657660291e-07
3.599092970521542,0.0,6.135214789537713e-07
3.622312925170068,0.0,2.7300393412588164e-07
