0.0,0.0,1.1194879334652796e-07
0.023219954648526078,0.0,3.0132105166558176e-07
0.046439909297052155,0.0,1.864727892098017e-07
0.06965986394557823,0.0,1.033940861816518e-07
0.09287981859410431,0.0,1.206726665259339e-07
0.11609977324263039,0.0,8.458664524368942e-08
0.13931972789115646,0.0,9.170707926386967e-08
0.16253968253968254,0.0,1.4574015949619934e-07
0.18575963718820862,0.0,1.5850400814088061e-07
0.2089795918367347,0.0,2.0747302187373862e-07
0.23219954648526078,0.0,1.8632727005751804e-07
0.25541950113378686,0.0,5.513265932677314e-08
0.2786394557823129,0.0,2.5393092073500156e-08
0.301859410430839,0.0,4.987487045582384e-08
0.3250793650793651,0.0,4.446883394848555e-08
0.3482993197278912,0.0,3.428067429922521e-08
0.37151927437641724,0.0,5.842866812599823e-08
0.3947392290249433,0.0,1.365433490718715e-07
0.4179591836734694,0.0,1.0601424946798943e-06
0.44117913832199546,24599.965,0.0001636570959817618
0.46439909297052157,258.71786,0.0003954310668632388
0.4876190476190476,546.5885,0.0006431884248740971
0.5108390022675737,568.6422,0.000603108259383589
0.5340589569160998,560.8813,0.0006730332970619202
0.5572789115646258,561.6412,0.0005518051330000162
0.5804988662131519,551.807,0.0004539845685940236
0.603718820861678,540.14417,0.00039822523831389844
0.626938775510204,541.3514,0.00036341187660582364
0.6501587301587302,529.67194,0.0003999188484158367
0.6733786848072563,539.81134,0.0004475720343180001
0.6965986394557824,558.0448,0.00048374742618761957
0.7198185941043084,558.7606,0.0004364336491562426
0.7430385487528345,573.4688,0.0004243760195095092
0.7662585034013606,561.5827,0.0004617631493601948
0.7894784580498866,562.8937,0.00041039419011212885
0.8126984126984127,540.63416,0.00037344006705097854
0.8359183673469388,261.62567,0.0003725297865457833
0.8591383219954649,260.86465,0.00040073739364743233
0.8823582766439909,266.27496,0.00045173545368015766
0.905578231292517,558.62476,0.0004095282929483801
0.9287981859410431,560.5449,0.0004005171940661967
0.9520181405895691,566.7996,0.0003682242822833359
0.9752380952380952,564.1846,0.0004146596766076982
0.9984580498866213,553.9194,0.00036617033765651286
1.0216780045351475,542.2739,0.00035295949783176184
1.0448979591836736,258.76068,0.00034235994098708034
1.0681179138321997,514.39795,0.00033481247373856604
1.0913378684807256,521.9581,0.0003417141269892454
1.1145578231292517,267.1721,0.00038796383887529373
1.1377777777777778,545.0506,0.00042418233351781964
1.1609977324263039,558.06226,0.000394422619137913
1.18421768707483,556.46985,0.0003794071963056922
1.207437641723356,539.6913,0.00035680399741977453
1.2306575963718822,263.4749,0.0003463075263425708
1.253877551020408,258.88727,0.00034508173121139407
1.2770975056689342,520.7182,0.0003448679344728589
1.3003174603174603,528.1867,0.00044113738113082945
1.3235374149659864,558.2047,0.000541004934348166
1.3467573696145125,562.8283,0.0004992720205336809
1.3699773242630386,566.09894,0.00035868468694388866
1.3931972789115648,557.5747,0.0004450258566066623
1.4164172335600906,599.806,0.0004412688431330025
1.4396371882086167,329.11633,0.0005945893353782594
1.4628571428571429,344.49667,0.0006301680696196854
1.486077097505669,354.16318,0.0008973533986136317
1.509297052154195,351.65723,0.0014193677343428135
1.5325170068027212,526.6757,0.0015038889832794666
1.5557369614512473,331.90866,0.0008107423782348633
1.5789569160997732,322.7198,0.0009003363084048033
1.6021768707482993,325.1221,0.001602544216439128
1.6253968253968254,942.0448,0.0020037712529301643
1.6486167800453515,1072.6334,0.0010224026627838612
1.6718367346938776,364.84668,0.0009853533701971173
1.6950566893424037,366.49545,0.0013679106486961246
1.7182766439909298,359.97714,0.0020949607715010643
1.7414965986394557,1058.1318,0.001818668795749545
1.7647165532879818,336.9868,0.001155393896624446
1.787936507936508,327.14932,0.0011159457499161363
1.811156462585034,330.11084,0.002082966733723879
1.8343764172335602,344.4717,0.001683295937255025
1.8575963718820863,541.9279,0.0008833030005916953
1.8808163265306124,366.7326,0.001036049798130989
1.9040362811791383,361.23523,0.0015466106124222279
1.9272562358276644,552.0559,0.001833267044275999
1.9504761904761905,1045.896,0.001622539944946766
1.9736961451247166,334.04294,0.0012439099373295903
1.9969160997732427,329.6296,0.0015118162846192718
2.020136054421769,334.57297,0.0019267775351181626
2.043356009070295,530.5836,0.00117721245624125
2.066575963718821,548.1025,0.0008471048204228282
2.089795918367347,368.05402,0.0009837690740823746
2.1130158730158732,553.5457,0.0013668611645698547
2.1362358276643993,1031.2325,0.0013797965366393328
2.159455782312925,546.3783,0.0012556139845401049
2.182675736961451,337.80054,0.0012853920925408602
2.2058956916099772,340.84875,0.0011838760692626238
2.2291156462585033,351.1971,0.0008311354904435575
2.2523356009070294,363.13895,0.0006103642517700791
2.2755555555555556,370.4275,0.0007962464587762952
2.2987755102040817,1106.0853,0.0010897292522713542
2.3219954648526078,1056.9255,0.001267023617401719
2.345215419501134,355.3709,0.0014890872407704592
2.36843537414966,1040.5309,0.00196742732077837
2.391655328798186,1097.0446,0.001240373239852488
2.414875283446712,393.68576,0.0011823009699583054
2.4380952380952383,421.42923,0.0012070576194673777
2.4613151927437644,425.32822,0.0013573144096881151
2.48453514739229,416.7981,0.0019574174657464027
2.507755102040816,403.41754,0.002439068863168359
2.5309750566893423,393.76318,0.003015643684193492
2.5541950113378684,391.903,0.002738610841333866
2.5774149659863945,394.85373,0.0021355128847062588
2.6006349206349206,403.5532,0.001851558219641447
2.6238548752834467,415.43918,0.00175320147536695
2.647074829931973,423.9313,0.001912871259264648
2.670294784580499,475.2606,0.0020676152780652046
2.693514739229025,464.6321,0.002707206178456545
2.716734693877551,404.2718,0.0029397630132734776
2.7399546485260773,390.12805,0.003043734934180975
2.7631746031746034,384.36786,0.002650601090863347
2.7863945578231295,572.2356,0.0024938408751040697
2.809614512471655,392.40054,0.002167169936001301
2.8328344671201813,414.19028,0.0018966190982609987
2.8560544217687074,482.3935,0.0016796481795608997
2.8792743764172335,482.33807,0.0016667468007653952
2.9024943310657596,472.0743,0.002180577488616109
2.9257142857142857,404.57748,0.0020810533314943314
2.948934240362812,386.96405,0.0020993459038436413
2.972154195011338,381.0988,0.0020321905612945557
2.995374149659864,382.53085,0.0019714385271072388
3.01859410430839,393.48767,0.0019813436083495617
3.0418140589569163,417.79938,0.0017982425633817911
3.0650340136054424,485.5381,0.0014526413287967443
3.0882539682539685,485.11398,0.0014655569102615118
3.1114739229024946,478.94846,0.0018796420190483332
3.1346938775510207,407.03497,0.0018528519431129098
3.1579138321995464,390.47552,0.0018574051791802049
3.1811337868480725,426.69962,0.0018867806065827608
3.2043537414965986,395.26117,0.0020190293435007334
3.2275736961451247,412.05466,0.0020155555102974176
3.250793650793651,483.83487,0.0017045324202626944
3.274013605442177,487.234,0.0015742272371426225
3.297233560090703,482.76608,0.0019098998745903373
3.320453514739229,473.32385,0.0026200925931334496
3.3436734693877552,464.28223,0.0029483793769031763
3.3668934240362813,424.48517,0.0026737037114799023
3.3901133786848074,447.99792,0.0047499570064246655
3.4133333333333336,506.32608,0.010252106003463268
3.4365532879818597,540.8711,0.0101367412135005
3.4597732426303858,541.8695,0.007384141907095909
3.4829931972789114,519.4875,0.008253192529082298
3.5062131519274375,504.9974,0.011613317765295506
3.5294331065759637,511.2486,0.014476731419563293
3.5526530612244898,533.3553,0.021158643066883087
3.575873015873016,557.74225,0.02620311640202999
3.599092970521542,567.8142,0.022509828209877014
3.622312925170068,565.33685,0.021202828735113144
3.645532879818594,552.90283,0.014128868468105793
3.6687528344671203,528.2577,0.01217931043356657
3.6919727891156464,506.2573,0.011660102754831314
3.7151927437641725,501.72232,0.013479460962116718
3.7384126984126986,516.1226,0.015176630578935146
3.7616326530612247,552.7795,0.02157595194876194
3.784852607709751,572.5479,0.017292454838752747
3.8080725623582765,573.5757,0.015567587688565254
3.8312925170068026,563.299,0.011804242618381977
3.8545124716553287,534.9281,0.009587816894054413
3.877732426303855,506.65457,0.009728457778692245
3.900952380952381,568.81775,0.009932272136211395
3.924172335600907,502.88705,0.011160105466842651
3.947392290249433,527.9089,0.014499211683869362
3.9706122448979593,560.92224,0.013713795691728592
3.9938321995464854,571.51556,0.011046571657061577
4.017052154195011,566.93945,0.01068855356425047
4.040272108843538,552.7307,0.00845511443912983
4.063492063492063,525.1113,0.008668397553265095
4.08671201814059,506.276,0.009176175110042095
4.1099319727891155,503.41006,0.009638093411922455
4.133151927437642,516.3994,0.009056385606527328
4.156371882086168,549.61456,0.013100417330861092
4.179591836734694,566.2897,0.008604953996837139
4.20281179138322,567.14154,0.00788792036473751
4.2260317460317465,556.2854,0.005772131495177746
4.249251700680272,530.9709,0.005682769231498241
4.272471655328799,505.8353,0.006629184819757938
4.295691609977324,500.40714,0.007735875900834799
4.31891156462585,510.94458,0.007518896367400885
4.342131519274377,528.46655,0.005635927431285381
4.365351473922902,536.8783,0.004306642338633537
4.388571428571429,518.40265,0.0021539197769016027
4.4117913832199545,484.76215,0.0021705524995923042
4.435011337868481,406.45224,0.0022847605869174004
4.458231292517007,1166.4554,0.00257989508099854
4.481451247165533,1183.0452,0.002226639073342085
4.504671201814059,591.49634,0.0016991179436445236
4.527891156462585,409.22955,0.0018494176911190152
4.551111111111111,454.04666,0.0021060043945908546
4.574331065759638,403.4609,0.0027100350707769394
4.597551020408163,589.0033,0.0032841896172612906
4.62077097505669,1181.0854,0.002672650618478656
4.6439909297052155,1160.3865,0.0020938999950885773
4.667210884353741,1166.282,0.002609560964629054
4.690430839002268,1194.7471,0.0025145215913653374
4.713650793650793,588.8522,0.0015273867174983025
4.73687074829932,471.8176,0.0014167707413434982
4.760090702947846,486.93396,0.0012959527084603906
4.783310657596372,484.61658,0.0013752409722656012
4.806530612244898,464.5707,0.002302424982190132
4.829750566893424,400.6071,0.0023791887797415257
4.85297052154195,1185.0002,0.0012001253198832273
4.876190476190477,375.30872,0.0012700632214546204
4.899410430839002,378.073,0.00204808940179646
4.922630385487529,1192.3099,0.0021486268378794193
4.9458503401360545,582.37195,0.0014339711051434278
4.96907029478458,479.2294,0.0013762768357992172
4.992290249433107,481.83878,0.0014304349897429347
5.015510204081632,462.16846,0.0022202669642865658
5.038730158730159,402.43716,0.0021683773957192898
5.061950113378685,1182.3541,0.0010651072952896357
5.085170068027211,376.62158,0.0011028344742953777
5.108390022675737,379.80493,0.0018337530782446265
5.131609977324263,1200.0138,0.0017936051590368152
5.154829931972789,584.3289,0.0011628544889390469
5.178049886621316,480.98975,0.0010795558337122202
5.201269841269841,482.2637,0.0010967543348670006
5.224489795918368,466.68433,0.0016625826247036457
5.2477097505668935,401.2054,0.0016937258187681437
5.27092970521542,1157.0695,0.0008759512566030025
5.294149659863946,376.64853,0.0011670636013150215
5.317369614512471,1161.9006,0.0012730371672660112
5.340589569160998,402.57217,0.0009377508540637791
5.363809523809524,467.97922,0.00093016994651407
5.38702947845805,457.94675,0.0010788890067487955
5.410249433106576,386.71854,0.0009291241876780987
5.433469387755102,350.00998,0.001000783871859312
5.456689342403628,336.5037,0.0011215572012588382
5.479909297052155,339.4903,0.000968300155363977
5.50312925170068,347.32828,0.0009047466446645558
5.526349206349207,350.61917,0.0009880861034616828
5.5495691609977325,347.84174,0.0009805771987885237
5.572789115646259,342.67313,0.0009350716136395931
5.596009070294785,336.85672,0.0008698130259290338
5.61922902494331,331.32693,0.0008125149179250002
5.642448979591837,329.88116,0.0009212549775838852
5.6656689342403626,334.06934,0.001148195588029921
5.688888888888889,342.1471,0.0010246827732771635
5.712108843537415,351.5555,0.0008567266631871462
5.735328798185941,357.97864,0.0007602666737511754
5.758548752834467,356.5284,0.0008375154575332999
5.7817687074829935,349.65616,0.000966711959335953
5.804988662131519,339.10596,0.0007990073645487428
5.828208616780046,328.50903,0.0006000183639116585
5.851428571428571,327.0901,0.0008154856041073799
5.874648526077098,333.32236,0.001066339435055852
5.897868480725624,345.04523,0.0008667267393320799
5.92108843537415,355.7056,0.0008048623567447066
5.944308390022676,359.74112,0.0007272460497915745
5.9675283446712015,357.29504,0.0008070957846939564
5.990748299319728,350.35138,0.0008984206942841411
6.013968253968254,340.56927,0.0008772806613706052
6.03718820861678,331.95853,0.0007268742192536592
6.060408163265306,331.40356,0.0009672074811533093
6.0836281179138325,339.61487,0.00090289261424914
6.106848072562358,350.8481,0.0007018829928711057
6.130068027210885,360.34326,0.0005723725771531463
6.15328798185941,362.37634,0.0007031463319435716
6.176507936507937,357.4982,0.0007459541084244847
6.199727891156463,348.74503,0.0008160510333254933
6.222947845804989,337.88043,0.0007697909604758024
6.246167800453515,678.98663,0.0007809349335730076
6.269387755102041,675.4881,0.0008354127057828009
6.292607709750567,344.49133,0.0005965431919321418
6.315827664399093,355.8407,0.0005497708916664124
6.339047619047619,358.4732,0.0005655018030665815
6.362267573696145,352.85046,0.000641662860289216
6.3854875283446715,343.04602,0.0006922690663486719
6.408707482993197,332.6366,0.0006337552331387997
6.431927437641724,676.9662,0.0007651448249816895
6.455147392290249,669.9886,0.0007291330257430673
6.478367346938776,668.9428,0.0005333967274054885
6.501587301587302,673.09296,0.00042546994518488646
6.524807256235828,601.43,0.0005059593822807074
6.548027210884354,575.705,0.00030689482809975743
6.57124716553288,264.48932,0.00037818847340531647
6.594467120181406,269.30783,0.0005109114572405815
6.617687074829932,565.28357,0.00048183006583712995
6.640907029478458,566.5733,0.0004960105288773775
6.664126984126984,560.6004,0.0004199867835268378
6.6873469387755105,547.8626,0.0004234371881466359
6.710566893424036,262.08066,0.00042956304969266057
6.733786848072563,261.28427,0.0004491108120419085
6.757006802721088,262.69315,0.0004230531631037593
6.780226757369615,262.13074,0.00037540605990216136
6.8034467120181406,262.4619,0.00041155816870741546
6.826666666666667,267.47562,0.0004963806131854653
6.849886621315193,557.36316,0.0005723986541852355
6.873106575963719,560.5122,0.0005629421211779118
6.896326530612245,564.9743,0.0005562353180721402
6.9195464852607715,548.37354,0.000371017144061625
6.942766439909297,261.1513,0.0002979048585984856
6.965986394557823,252.63136,0.0002718963078223169
6.989206349206349,513.88525,0.00030550709925591946
7.012426303854875,527.6756,0.0003485477063804865
7.035646258503402,267.89755,0.0004403955827001482
7.058866213151927,560.561,0.0004647605528589338
7.082086167800454,568.9643,0.000439491996075958
7.1053061224489795,582.21094,0.000469408230856061
7.128526077097506,574.5427,0.0004388180677779019
7.151746031746032,552.5413,0.0003449006471782923
7.174965986394558,262.59387,0.0002986320178024471
7.198185941043084,254.31046,0.00024983708863146603
7.2214058956916105,253.2441,0.0002817927161231637
7.244625850340136,529.6353,0.00041556748328730464
7.267845804988662,274.2035,0.0004640636034309864
7.291065759637188,573.29944,0.0004083818639628589
7.314285714285714,592.53986,0.00045271372073329985
7.337505668934241,587.54926,0.00042848585871979594
7.360725623582766,572.90717,0.00038953282637521625
7.383945578231293,549.70667,0.00027799440431408584
7.4071655328798185,253.99287,0.00023943843552842736
7.430385487528345,252.63281,0.00026728922966867685
7.453605442176871,523.84235,0.0003815059317275882
7.476825396825397,271.4317,0.0004459262709133327
7.500045351473923,564.4309,0.00037236366188153625
7.5232653061224495,583.47363,0.0003619446069933474
7.546485260770975,579.32776,0.00035670536453835666
7.569705215419502,563.5402,0.0003630869905464351
7.592925170068027,541.77454,0.000299159437417984
7.616145124716553,257.63846,0.0002721784985624254
7.63936507936508,255.14615,0.00026703104958869517
7.662585034013605,259.1699,0.0003028390638064593
7.685804988662132,266.71906,0.00039405704592354596
7.7090249433106575,275.33224,0.00035542569821700454
7.732244897959184,563.7156,0.00032438855851069093
7.75546485260771,577.25385,0.0003202389634680003
7.778684807256236,560.69403,0.00034680403769016266
7.801904761904762,553.73944,0.0002748305560089648
7.8251247165532885,261.261,0.00025885875220410526
7.848344671201814,257.96375,0.00025941216154024005
7.871564625850341,264.2752,0.0003180360363330692
7.894784580498866,276.74716,0.0001797346631065011
7.918004535147393,575.9289,5.310367851052433e-05
7.9412244897959186,0.0,1.9228837118134834e-06
7.964444444444444,0.0,3.4544973459560424e-07
7.987664399092971,0.0,3.187415131833404e-08
8.010884353741497,0.0,4.621597327059135e-08
8.034104308390022,0.0,3.565037332009524e-08
8.057324263038549,0.0,4.169760359218344e-08
8.080544217687075,0.0,3.551122063072398e-08
8.103764172335602,0.0,2.726756065385416e-08
8.126984126984127,0.0,3.495370037853718e-08
8.150204081632653,0.0,1.0184430720983073e-07
8.17342403628118,0.0,8.65256879478693e-08
8.196643990929706,0.0,4.946832632413134e-08
8.219863945578231,0.0,8.780261850915849e-08
8.243083900226758,0.0,8.909682946978137e-08
8.266303854875284,0.0,6.822392606409267e-08
8.289523809523809,0.0,7.80328264227137e-08
8.312743764172335,0.0,9.518134902464226e-08
8.335963718820862,0.0,1.232992872246541e-07
8.359183673469389,0.0,1.4419401850318536e-07
8.382403628117913,0.0,9.474752005189657e-08
8.40562358276644,0.0,7.574089977424592e-08
8.428843537414966,0.0,8.543429430574179e-08
8.452063492063493,0.0,7.635935617145151e-08
8.475283446712018,0.0,3.8570760807488114e-08
8.498503401360544,0.0,7.144626579247415e-08
8.52172335600907,0.0,2.861179382307455e-08
8.544943310657597,0.0,3.3884134609252214e-08
8.568163265306122,0.0,1.1762313079088926e-07
8.591383219954649,0.0,1.1239262676099315e-07
8.614603174603175,0.0,1.7719594325171784e-07
8.6378231292517,0.0,1.3657154340762645e-07
8.661043083900227,0.0,1.2082637113053352e-08
