0.0,0.0,4.620778781827539e-08
0.023219954648526078,0.0,6.38856363366358e-08
0.046439909297052155,0.0,1.3043791113886982e-07
0.06965986394557823,0.0,1.2140390026615933e-07
0.09287981859410431,0.0,1.307744241785258e-07
0.11609977324263039,0.0,1.561629687785171e-07
0.13931972789115646,0.0,8.358438208233565e-08
0.16253968253968254,0.0,8.447568689007312e-08
0.18575963718820862,0.0,9.047926141647622e-08
0.2089795918367347,0.0,1.218813849845901e-07
0.23219954648526078,0.0,2.62953108176589e-08
0.25541950113378686,0.0,1.8969330994877964e-08
0.2786394557823129,0.0,2.167689672205597e-08
0.301859410430839,0.0,4.6314198698382825e-08
0.3250793650793651,0.0,4.922549123875797e-08
0.3482993197278912,0.0,3.4344338928349316e-08
0.37151927437641724,0.0,4.697085387306288e-08
0.3947392290249433,0.0,3.53056748281233e-08
0.4179591836734694,0.0,6.673326424788684e-08
0.44117913832199546,0.0,3.3113792596850544e-08
0.46439909297052157,0.0,2.935121301561594e-08
0.4876190476190476,0.0,5.0321432354394346e-08
0.5108390022675737,0.0,5.181027518119663e-08
0.5340589569160998,0.0,6.417485565179959e-08
0.5572789115646258,22769.16,4.825656651519239e-05
0.5804988662131519,367.22043,0.0002818611974362284
0.603718820861678,366.9678,0.000491185171995312
0.626938775510204,375.93796,0.0006139813922345638
0.6501587301587302,376.93713,0.0006817311514168978
0.6733786848072563,375.8383,0.000751049374230206
0.6965986394557824,371.43835,0.0009132578270509839
0.7198185941043084,360.73273,0.0012559411115944386
0.7430385487528345,350.7794,0.0012111158575862646
0.7662585034013606,347.65048,0.0013350655790418386
0.7894784580498866,352.89664,0.000793718674685806
0.8126984126984127,365.05917,0.0009486093767918646
0.8359183673469388,375.73398,0.0007634917856194079
0.8591383219954649,383.1866,0.0008300543413497508
0.8823582766439909,377.07574,0.0007191774202510715
0.905578231292517,369.36102,0.0009429079946130514
0.9287981859410431,356.65103,0.0011142491130158305
0.9520181405895691,347.8102,0.0012453505769371986
0.9752380952380952,349.72256,0.0009082857286557555
0.9984580498866213,361.98715,0.0008184270700439811
1.0216780045351475,376.6381,0.0008106132736429572
1.0448979591836736,385.93515,0.0010090019786730409
1.0681179138321997,382.42773,0.0007863426581025124
1.0913378684807256,375.8879,0.0007303782622329891
1.1145578231292517,366.20633,0.0009415522799827158
1.1377777777777778,362.84836,0.000992397777736187
1.1609977324263039,372.2333,0.0011788972187787294
1.18421768707483,397.19525,0.002503881696611643
1.207437641723356,417.22635,0.0025070998817682266
1.2306575963718822,424.468,0.0025846785865724087
1.253877551020408,470.2393,0.0029079639352858067
1.2770975056689342,413.19974,0.002567528747022152
1.3003174603174603,400.36813,0.0020069226156920195
1.3235374149659864,392.77066,0.002126624109223485
1.3467573696145125,396.7063,0.002712653484195471
1.3699773242630386,414.08716,0.0027073374949395657
1.3931972789115648,428.97046,0.002068436937406659
1.4164172335600906,440.04993,0.0020656981505453587
1.4396371882086167,431.10715,0.002273630816489458
1.4628571428571429,467.8984,0.002851555123925209
1.486077097505669,405.62863,0.0022775265388190746
1.509297052154195,394.02817,0.0022389674559235573
1.5325170068027212,396.1491,0.0031455974094569683
1.5557369614512473,412.8436,0.003148739691823721
1.5789569160997732,429.4815,0.002589744282886386
1.6021768707482993,442.6017,0.0029629592318087816
1.6253968253968254,441.01566,0.0023372932337224483
1.6486167800453515,430.50842,0.00239598099142313
1.6718367346938776,415.62152,0.0030341236852109432
1.6950566893424037,404.22885,0.0031221038661897182
1.7182766439909298,409.3622,0.0033823661506175995
1.7414965986394557,424.43265,0.0031489022076129913
1.7647165532879818,449.48486,0.005059447139501572
1.787936507936508,472.51794,0.004803945310413837
1.811156462585034,479.3371,0.0053829532116651535
1.8343764172335602,475.33978,0.006600730121135712
1.8575963718820863,466.20807,0.006503940559923649
1.8808163265306124,453.23688,0.005738277919590473
1.9040362811791383,444.41165,0.005322534590959549
1.9272562358276644,447.1356,0.006061237305402756
1.9504761904761905,464.82962,0.005192647688090801
1.9736961451247166,481.31946,0.0025211500469595194
1.9969160997732427,493.6219,0.0024385692086070776
2.020136054421769,484.27255,0.004562804475426674
2.043356009070295,472.46198,0.005998116917908192
2.066575963718821,457.4209,0.005279995501041412
2.089795918367347,444.8656,0.005058410577476025
2.1130158730158732,447.78842,0.00573949608951807
2.1362358276643993,465.5439,0.004104703664779663
2.159455782312925,485.13596,0.002635022858157754
2.182675736961451,506.25735,0.0033455733209848404
2.2058956916099772,499.98557,0.0034167321864515543
2.2291156462585033,549.4919,0.006691341288387775
2.2523356009070294,470.42676,0.007387569639831781
2.2755555555555556,457.78262,0.007162776775658131
2.2987755102040817,464.2398,0.0067303599789738655
2.3219954648526078,542.9508,0.0040889643132686615
2.345215419501134,509.98813,0.005764679051935673
2.36843537414966,517.20514,0.005610983818769455
2.391655328798186,508.37524,0.006392638199031353
2.414875283446712,492.18918,0.007342316210269928
2.4380952380952383,546.29846,0.010024957358837128
2.4613151927437644,468.6962,0.009038041345775127
2.48453514739229,471.58484,0.0066766804084181786
2.507755102040816,550.46686,0.004389225039631128
2.5309750566893423,513.671,0.004857609048485756
2.5541950113378684,527.93616,0.004514055326581001
2.5774149659863945,523.3943,0.005373639054596424
2.6006349206349206,506.43777,0.005288184620440006
2.6238548752834467,484.8199,0.007091381587088108
2.647074829931973,471.4976,0.007074789144098759
2.670294784580499,468.34015,0.006425139028578997
2.693514739229025,476.569,0.004631337709724903
2.716734693877551,493.22406,0.005393138155341148
2.7399546485260773,521.7581,0.004964394494891167
2.7631746031746034,528.45447,0.004739624448120594
2.7863945578231295,519.66125,0.004561620764434338
2.809614512471655,500.98053,0.004642508924007416
2.8328344671201813,555.78436,0.006312231998890638
2.8560544217687074,477.10022,0.005813093855977058
2.8792743764172335,486.6742,0.006135068368166685
2.9024943310657596,524.0374,0.010874339379370213
2.9257142857142857,552.7741,0.013918844982981682
2.948934240362812,565.3451,0.01597706973552704
2.972154195011338,561.14105,0.017087450250983238
2.995374149659864,545.26733,0.009527463465929031
3.01859410430839,522.5079,0.009663468226790428
3.0418140589569163,515.40674,0.009389957413077354
3.0650340136054424,523.14325,0.012384738773107529
3.0882539682539685,545.70306,0.015612348914146423
3.1114739229024946,566.7721,0.011664202436804771
3.1346938775510207,575.7166,0.013201387599110603
3.1579138321995464,567.76227,0.018168780952692032
3.1811337868480725,551.80005,0.013547150418162346
3.2043537414965986,532.7293,0.010251035913825035
3.2275736961451247,523.91406,0.01019459031522274
3.250793650793651,532.64606,0.013401993550360203
3.274013605442177,553.12115,0.013349400833249092
3.297233560090703,577.17285,0.008966555818915367
3.320453514739229,589.6285,0.011641453020274639
3.3436734693877552,691.9598,0.01707252487540245
3.3668934240362813,679.08765,0.03249749541282654
3.3901133786848074,553.88226,0.02751525491476059
3.4133333333333336,544.6362,0.024623572826385498
3.4365532879818597,553.0778,0.024596232920885086
3.4597732426303858,584.6731,0.03492531180381775
3.4829931972789114,617.1496,0.03527487441897392
3.5062131519274375,636.4784,0.037128716707229614
3.5294331065759637,633.9715,0.05030513554811478
3.5526530612244898,615.25305,0.042636558413505554
3.575873015873016,591.1281,0.026237107813358307
3.599092970521542,578.76337,0.026814036071300507
3.622312925170068,584.69653,0.030520612373948097
3.645532879818594,609.58746,0.04484080523252487
3.6687528344671203,636.2506,0.04317270219326019
3.6919727891156464,655.75806,0.048944197595119476
3.7151927437641725,649.19226,0.0507223904132843
3.7384126984126986,624.93097,0.0513073205947876
3.7616326530612247,599.744,0.025509167462587357
3.784852607709751,583.5697,0.02130231261253357
3.8080725623582765,583.78064,0.022693194448947906
3.8312925170068026,605.43585,0.04408453404903412
3.8545124716553287,636.0663,0.047796353697776794
3.877732426303855,665.5523,0.06654129922389984
3.900952380952381,670.74615,0.07413813471794128
3.924172335600907,654.7699,0.06285393983125687
3.947392290249433,621.84894,0.06733009219169617
3.9706122448979593,606.2687,0.04605507478117943
3.9938321995464854,604.6091,0.05245872586965561
4.017052154195011,633.8119,0.08939386904239655
4.040272108843538,683.21716,0.0880240947008133
4.063492063492063,710.6291,0.06811273843050003
4.08671201814059,720.24915,0.10143956542015076
4.1099319727891155,703.9957,0.14875681698322296
4.133151927437642,679.18353,0.1274803876876831
4.156371882086168,658.9112,0.08978748321533203
4.179591836734694,651.29224,0.08059516549110413
4.20281179138322,661.19165,0.09412075579166412
4.2260317460317465,689.59,0.05692370608448982
4.249251700680272,721.07904,0.04598578065633774
4.272471655328799,733.5175,0.06580241024494171
4.295691609977324,720.568,0.12042639404535294
4.31891156462585,690.4351,0.1367148458957672
4.342131519274377,668.1442,0.12103284895420074
4.365351473922902,667.391,0.11518849432468414
4.388571428571429,684.394,0.0693361908197403
4.4117913832199545,718.3341,0.035467565059661865
4.435011337868481,748.9693,0.03235940635204315
4.458231292517007,761.8066,0.05099435895681381
4.481451247165533,742.92194,0.09946237504482269
4.504671201814059,710.4936,0.1498483121395111
4.527891156462585,685.86865,0.13811826705932617
4.551111111111111,687.0142,0.09471601992845535
4.574331065759638,712.5001,0.0451490581035614
4.597551020408163,752.4832,0.044281914830207825
4.62077097505669,785.17505,0.06479485332965851
4.6439909297052155,791.08057,0.062239792197942734
4.667210884353741,767.9525,0.07673341035842896
4.690430839002268,733.8307,0.09504453837871552
4.713650793650793,714.9176,0.09192344546318054
4.73687074829932,715.3143,0.06817680597305298
4.760090702947846,732.44653,0.04933533817529678
4.783310657596372,763.6722,0.05455273389816284
4.806530612244898,795.51904,0.05244893580675125
4.829750566893424,814.2067,0.0719667300581932
4.85297052154195,1608.268,0.06439964473247528
4.876190476190477,762.1259,0.08212009817361832
4.899410430839002,727.6359,0.08203467726707458
4.922630385487529,723.65344,0.0625283271074295
4.9458503401360545,742.56134,0.0638500526547432
4.96907029478458,1583.9042,0.05708855763077736
4.992290249433107,1666.5304,0.042194582521915436
5.015510204081632,1717.7815,0.06891147792339325
5.038730158730159,1676.3807,0.12171473354101181
5.061950113378685,1624.5826,0.11066148430109024
5.085170068027211,1567.651,0.09926845133304596
5.108390022675737,1561.6882,0.12218035757541656
5.131609977324263,1590.535,0.0830211192369461
5.154829931972789,1658.9752,0.040210213512182236
5.178049886621316,1730.4769,0.04368177056312561
5.201269841269841,871.8718,0.05995826795697212
5.224489795918368,1718.8024,0.10306916385889053
5.2477097505668935,1671.8916,0.1313106268644333
5.27092970521542,1617.3363,0.1491391807794571
5.294149659863946,1600.7018,0.14098677039146423
5.317369614512471,1600.5356,0.10153645277023315
5.340589569160998,1654.459,0.057292744517326355
5.363809523809524,1721.9625,0.043682124465703964
5.38702947845805,869.88184,0.05855787172913551
5.410249433106576,1714.2292,0.08063993602991104
5.433469387755102,1636.71,0.09201283007860184
5.456689342403628,1601.0665,0.09212575852870941
5.479909297052155,1637.1647,0.08020568639039993
5.50312925170068,1685.3824,0.07038343697786331
5.526349206349207,1713.2087,0.06691572070121765
5.5495691609977325,1720.2642,0.07695241272449493
5.572789115646259,1700.7601,0.10169251263141632
5.596009070294785,1649.5194,0.06350703537464142
5.61922902494331,1571.5632,0.04900301992893219
5.642448979591837,735.0386,0.042927928268909454
5.6656689342403626,741.6035,0.04012486711144447
5.688888888888889,769.4687,0.06297998130321503
5.712108843537415,1592.2953,0.05697226896882057
5.735328798185941,781.67267,0.03830821067094803
5.758548752834467,753.4308,0.06875643134117126
5.7817687074829935,721.71466,0.10229595005512238
5.804988662131519,701.27905,0.09287934005260468
5.828208616780046,709.6928,0.05683252960443497
5.851428571428571,733.868,0.03611348941922188
5.874648526077098,768.5766,0.045993953943252563
5.897868480725624,793.36346,0.04756832495331764
5.92108843537415,789.13544,0.03764985501766205
5.944308390022676,755.2734,0.06914955377578735
5.9675283446712015,728.1528,0.09732019901275635
5.990748299319728,710.82745,0.08794577419757843
6.013968253968254,707.8642,0.05962984263896942
6.03718820861678,720.9035,0.038920849561691284
6.060408163265306,749.87286,0.035187214612960815
6.0836281179138325,1572.932,0.05413533002138138
6.106848072562358,1605.7336,0.05086888372898102
6.130068027210885,773.5137,0.05674251914024353
6.15328798185941,726.7481,0.09419237077236176
6.176507936507937,679.09125,0.0947442576289177
6.199727891156463,676.8611,0.08274392783641815
6.222947845804989,704.3407,0.04909788817167282
6.246167800453515,737.5597,0.039324335753917694
6.269387755102041,753.1526,0.05426595360040665
6.292607709750567,741.7549,0.07067137956619263
6.315827664399093,709.6401,0.10112622380256653
6.339047619047619,675.55707,0.09844845533370972
6.362267573696145,667.97974,0.10104000568389893
6.3854875283446715,676.42236,0.08265253156423569
6.408707482993197,700.007,0.049394167959690094
6.431927437641724,733.30023,0.03567887842655182
6.455147392290249,755.89844,0.03615700826048851
6.478367346938776,752.96576,0.06657485663890839
6.501587301587302,729.76666,0.09546711295843124
6.524807256235828,698.59436,0.10986694693565369
6.548027210884354,675.828,0.09704633057117462
6.57124716553288,673.5816,0.08957423269748688
6.594467120181406,690.0732,0.0636008232831955
6.617687074829932,718.2668,0.03645249083638191
6.640907029478458,744.5846,0.03756941854953766
6.664126984126984,739.53534,0.06823622435331345
6.6873469387755105,703.43835,0.05731858313083649
6.710566893424036,644.85455,0.034799084067344666
6.733786848072563,610.24634,0.03260784596204758
6.757006802721088,614.3234,0.03999743610620499
6.780226757369615,643.42175,0.05853588506579399
6.8034467120181406,665.6642,0.0607253760099411
6.826666666666667,664.5216,0.04816477745771408
6.849886621315193,641.9895,0.0382256954908371
6.873106575963719,605.4155,0.01931759901344776
6.896326530612245,582.02924,0.020374197512865067
6.9195464852607715,586.0317,0.01918761059641838
6.942766439909297,598.2223,0.04262311011552811
6.965986394557823,622.8741,0.03606846183538437
6.989206349206349,651.57385,0.04316498339176178
7.012426303854875,660.1404,0.04283807799220085
7.035646258503402,646.20605,0.04241159185767174
7.058866213151927,616.3554,0.033021580427885056
7.082086167800454,592.8499,0.019565336406230927
7.1053061224489795,589.0046,0.02136896178126335
7.128526077097506,599.1263,0.039509985595941544
7.151746031746032,618.847,0.03207411617040634
7.174965986394558,645.2528,0.03579472005367279
7.198185941043084,649.92,0.03182949870824814
7.2214058956916105,625.7405,0.015254881232976913
7.244625850340136,583.71844,0.012120181694626808
7.267845804988662,554.2141,0.009319107979536057
7.291065759637188,547.89185,0.009749535471200943
7.314285714285714,557.39233,0.010571267455816269
7.337505668934241,572.188,0.009722627699375153
7.360725623582766,579.0198,0.010371526703238487
7.383945578231293,569.1991,0.010098796337842941
7.4071655328798185,553.76483,0.006742309778928757
7.430385487528345,533.67267,0.0057739801704883575
7.453605442176871,526.05286,0.0066444347612559795
7.476825396825397,534.08673,0.009152224287390709
7.500045351473923,555.496,0.009805968031287193
7.5232653061224495,576.6228,0.006929618306457996
7.546485260770975,581.7205,0.008892932906746864
7.569705215419502,572.1878,0.009766249917447567
7.592925170068027,554.1048,0.006353101693093777
7.616145124716553,527.95703,0.0057974644005298615
7.63936507936508,518.4102,0.006064713001251221
7.662585034013605,524.8139,0.007776414975523949
7.685804988662132,546.5876,0.011373946443200111
7.7090249433106575,567.85535,0.008776243776082993
7.732244897959184,575.5799,0.008961443789303303
7.75546485260771,559.3646,0.0045028855092823505
7.778684807256236,518.3544,0.002902822569012642
7.801904761904762,484.60452,0.003363835159689188
7.8251247165532885,481.75235,0.003050260478630662
7.848344671201814,551.37164,0.004436722490936518
7.871564625850341,508.2208,0.005933491513133049
7.894784580498866,511.3131,0.006200743373483419
7.918004535147393,502.4106,0.004105877131223679
7.9412244897959186,553.60266,0.0043189506977796555
7.964444444444444,472.2458,0.005663386546075344
7.987664399092971,462.52667,0.005626012571156025
8.010884353741497,467.0998,0.004295313730835915
8.034104308390022,547.6116,0.004103193990886211
8.057324263038549,507.07755,0.00517971022054553
8.080544217687075,514.2993,0.005205852445214987
8.103764172335602,507.94992,0.004846022929996252
8.126984126984127,493.11517,0.0033663189969956875
8.150204081632653,544.0308,0.0053769368678331375
8.17342403628118,461.03577,0.006070346105843782
8.196643990929706,465.8644,0.0050674122758209705
8.219863945578231,547.1464,0.0050662001594901085
8.243083900226758,508.8821,0.0057603782042860985
8.266303854875284,516.00226,0.00496281310915947
8.289523809523809,499.90033,0.0026756655424833298
8.312743764172335,471.21783,0.0035890662111341953
8.335963718820862,451.3293,0.0038280151784420013
8.359183673469389,459.2383,0.003727307543158531
8.382403628117913,475.05,0.0024986150674521923
8.40562358276644,486.0394,0.002324747620150447
8.428843537414966,547.8421,0.002993905683979392
8.452063492063493,550.0742,0.004534639418125153
8.475283446712018,462.4726,0.0049896445125341415
8.498503401360544,446.10025,0.003958053886890411
8.52172335600907,437.8269,0.0036728624254465103
8.544943310657597,441.10782,0.004744317382574081
8.568163265306122,455.32626,0.0038937157951295376
8.591383219954649,538.1174,0.0024011265486478806
8.614603174603175,554.54083,0.002371462993323803
8.6378231292517,555.1202,0.0033512492664158344
8.661043083900227,538.3684,0.004025604575872421
8.684263038548753,448.16162,0.002916710451245308
8.70748299319728,434.6208,0.0030359975062310696
8.730702947845804,441.74396,0.004780561197549105
8.753922902494331,460.43243,0.0036071522627025843
8.777142857142858,546.24384,0.00237442459911108
8.800362811791384,550.076,0.003157776314765215
8.823582766439909,465.12576,0.0014569077175110579
8.846802721088435,422.72073,0.001745383022353053
8.870022675736962,404.33994,0.0019515142776072025
8.893242630385489,411.0933,0.0019388124346733093
8.916462585034013,421.1201,0.0015429423656314611
8.93968253968254,428.6596,0.0013295493554323912
8.962902494331066,424.7374,0.00177565508056432
8.986122448979591,418.8012,0.0023542018607258797
9.009342403628118,461.15134,0.0021647007670253515
9.032562358276644,400.53998,0.0018501118756830692
9.05578231292517,394.00296,0.0016989323776215315
9.079002267573696,393.4873,0.0015457066474482417
9.102222222222222,399.44318,0.0015570370014756918
9.125442176870749,410.73282,0.0014781466452404857
9.148662131519275,467.88138,0.00128564506303519
9.1718820861678,424.9064,0.0013396772556006908
9.195102040816327,550.1394,0.0015921921003609896
9.218321995464853,412.77963,0.0014490268658846617
9.24154195011338,398.6306,0.001334922038950026
9.264761904761905,393.43237,0.0013690032064914703
9.287981859410431,400.6545,0.0016019233735278249
9.311201814058958,413.1815,0.0013589360751211643
9.334421768707482,423.4745,0.001003136159852147
9.357641723356009,420.9204,0.0010480711935088038
9.380861678004536,403.85922,0.0004027155227959156
9.404081632653062,364.70642,0.00046977458987385035
9.427301587301587,355.78427,0.0004365962522570044
9.450521541950113,369.31665,0.0004306429182179272
9.47374149659864,377.552,0.0003239898360334337
9.496961451247167,378.4122,0.0003686712007038295
9.520181405895691,410.71103,0.0004509535792749375
9.543401360544218,407.24686,0.0004988720174878836
9.566621315192744,356.19128,0.0004904213128611445
9.58984126984127,345.04117,0.0006736993091180921
9.613061224489796,345.0761,0.000672383641358465
9.636281179138322,352.84448,0.0003788591711781919
9.659501133786849,366.17828,0.00044387520756572485
9.682721088435374,470.25787,0.0003392018552403897
9.7059410430839,382.1161,0.0003413182566873729
9.729160997732427,410.51382,0.00032983600976876915
9.752380952380953,410.3126,0.00036064538289792836
9.775600907029478,357.50858,0.000396889285184443
9.798820861678005,349.06662,0.00048047662130557
9.822040816326531,346.8521,0.0005358402850106359
9.845260770975058,353.23105,0.0003188978007528931
9.868480725623582,369.85242,0.00040992541471496224
9.891700680272109,378.00204,0.0003570260596461594
9.914920634920636,385.1081,0.0003955827560275793
9.93814058956916,381.82858,0.0003205454850103706
9.961360544217687,409.17816,0.0003321906551718712
9.984580498866213,359.4403,0.0003956985892727971
10.00780045351474,344.0628,0.0005377517663873732
10.031020408163265,340.8311,0.0005396391497924924
10.054240362811791,346.8603,0.0003884379402734339
10.077460317460318,365.587,0.0002860660897567868
10.100680272108844,468.0807,0.0002343734522582963
10.12390022675737,379.89575,0.0002490876358933747
10.147120181405896,375.40936,0.00025330870994366705
10.170340136054422,366.87485,0.0003148765827063471
10.193560090702949,351.49207,0.000395172624848783
10.216780045351474,341.44714,0.0005145973991602659
10.24,343.39865,0.0004122987447772175
10.263219954648527,352.9278,0.00024620548356324434
10.286439909297052,367.52774,0.00026426464319229126
10.309659863945578,376.2706,0.0002139262214768678
10.332879818594105,380.21564,0.00024252466391772032
10.356099773242631,375.05298,0.00023987446911633015
10.379319727891156,365.5053,0.0003200386418029666
10.402539682539683,349.27222,0.000390346918720752
10.425759637188209,346.12518,0.00039920207927934825
10.448979591836736,357.35074,0.0002372715389356017
10.47219954648526,377.61627,0.0002973138471134007
10.495419501133787,391.55853,2.5540113711031154e-05
10.518639455782314,0.0,1.266689650947228e-07
10.54185941043084,0.0,1.1791507859015837e-07
10.565079365079365,0.0,6.566824595211074e-08
10.588299319727891,0.0,3.627974365372211e-08
10.611519274376418,0.0,2.4193468561861664e-08
10.634739229024943,0.0,5.8507794165052474e-08
10.65795918367347,0.0,4.237790562910959e-08
10.681179138321996,0.0,2.0736479200422764e-08
10.704399092970522,0.0,3.902914613718167e-08
10.727619047619047,0.0,2.1680534700863063e-08
10.750839002267574,0.0,3.2862772059161216e-08
10.7740589569161,0.0,6.346272130031139e-08
10.797278911564627,0.0,7.760718290228397e-08
10.820498866213152,0.0,1.2634518498089164e-07
10.843718820861678,0.0,1.701591827441007e-07
10.866938775510205,0.0,8.182996680261567e-08
10.890158730158731,0.0,4.119738150620833e-08
10.913378684807256,0.0,1.3192220649216324e-08
10.936598639455783,0.0,4.375033313408494e-08
10.95981859410431,0.0,3.9766746340319514e-08
10.983038548752834,0.0,3.4722688724286854e-08
11.00625850340136,0.0,1.0577423381619155e-08
11.029478458049887,0.0,4.588400770444423e-08
11.052698412698414,0.0,2.7442183636594564e-08
11.075918367346938,0.0,3.126842784695327e-08
11.099138321995465,0.0,5.606580089079216e-08
11.122358276643991,0.0,1.197286110254936e-07
11.145578231292518,0.0,6.468962965300307e-08
11.168798185941043,0.0,4.418234311742708e-08
11.19201814058957,0.0,3.815421223407611e-08
11.215238095238096,0.0,4.396861186251044e-08
11.23845804988662,0.0,5.818037607241422e-08
11.261678004535147,0.0,5.473975761560723e-08
