0.0,0.0,4.58312570117414e-08
0.023219954648526078,0.0,2.4302607926074415e-08
0.046439909297052155,0.0,1.0303665476385504e-08
0.06965986394557823,0.0,1.0307303455192596e-08
0.09287981859410431,0.0,2.0484549168031663e-08
0.11609977324263039,0.0,2.8989234124310315e-08
0.13931972789115646,0.0,2.869546733563766e-08
0.16253968253968254,0.0,4.019148036604747e-08
0.18575963718820862,0.0,4.830326361116022e-08
0.2089795918367347,0.0,4.4932676246389747e-08
0.23219954648526078,0.0,2.6663656171876937e-08
0.25541950113378686,0.0,1.8479113350622356e-08
0.2786394557823129,0.0,1.4602846931666136e-08
0.301859410430839,0.0,2.8241629479452968e-08
0.3250793650793651,0.0,4.690537025453523e-08
0.3482993197278912,0.0,6.04959495831281e-08
0.37151927437641724,0.0,4.04961610911414e-08
0.3947392290249433,0.0,2.4199835024774075e-08
0.4179591836734694,0.0,1.69020495377481e-08
0.44117913832199546,0.0,1.5745172277092934e-08
0.46439909297052157,0.0,2.0469087758101523e-08
0.4876190476190476,0.0,3.0840055842418224e-08
0.5108390022675737,0.0,2.930755726993084e-08
0.5340589569160998,0.0,3.819604899035767e-08
0.5572789115646258,0.0,3.0240698833949864e-08
0.5804988662131519,0.0,3.065179043915123e-08
0.603718820861678,0.0,1.615990186110139e-08
0.626938775510204,0.0,1.3260432751849294e-08
0.6501587301587302,0.0,3.437889972701669e-08
0.6733786848072563,0.0,3.968489181715995e-08
0.6965986394557824,0.0,3.4147888072766364e-08
0.7198185941043084,0.0,4.1593011701479554e-08
0.7430385487528345,0.0,2.4252585717476904e-08
0.7662585034013606,0.0,1.4245415513869375e-08
0.7894784580498866,0.0,1.1571501090656966e-08
0.8126984126984127,0.0,2.275373844895512e-08
0.8359183673469388,0.0,3.5756784200202674e-08
0.8591383219954649,0.0,4.8176671043620445e-06
0.8823582766439909,352.8514,2.852938814612571e-05
0.905578231292517,352.8338,4.779038135893643e-05
0.9287981859410431,351.88174,5.500776751432568e-05
0.9520181405895691,341.97348,6.254845357034355e-05
0.9752380952380952,329.12234,5.6125099945347756e-05
0.9984580498866213,324.38367,6.882334855617955e-05
1.0216780045351475,332.8285,0.00010380038293078542
1.0448979591836736,349.63107,0.00018443696899339557
1.0681179138321997,366.09024,0.00020101413247175515
1.0913378684807256,367.59427,0.00018804696446750313
1.1145578231292517,354.07895,0.00012914657418150455
1.1377777777777778,337.1349,0.00014300376642495394
1.1609977324263039,331.8055,0.00010927666880888864
1.18421768707483,333.4845,0.00011065178841818124
1.207437641723356,341.09106,0.0001413505815435201
1.2306575963718822,354.30753,0.00018854989320971072
1.253877551020408,355.46848,0.00013728799240197986
1.2770975056689342,343.46436,0.00014432970783673227
1.3003174603174603,331.3099,0.00015323350089602172
1.3235374149659864,330.83585,0.00013601116370409727
1.3467573696145125,337.1877,0.00014327644021250308
1.3699773242630386,350.7483,0.00024267143453471363
1.3931972789115648,725.15857,0.00023792110732756555
1.4164172335600906,361.3761,0.00017498552915640175
1.4396371882086167,342.28586,0.00017219167784787714
1.4628571428571429,327.5255,0.0001794285053620115
1.486077097505669,755.6262,0.00014255993301048875
1.509297052154195,333.07068,0.00014148364425636828
1.5325170068027212,343.94788,0.00019568945572245866
1.5557369614512473,354.20987,0.0002768413978628814
1.5789569160997732,359.81647,0.00034125015372410417
1.6021768707482993,366.66278,0.00026548473397269845
1.6253968253968254,500.87936,0.00017226225463673472
1.6486167800453515,422.2827,0.00012031113874400035
1.6718367346938776,453.32642,0.0001563156401971355
1.6950566893424037,464.48624,0.00016125789261423051
1.7182766439909298,449.96542,0.0002143179881386459
1.7414965986394557,433.68982,0.00019547087140381336
1.7647165532879818,426.36627,0.0001916211622301489
1.787936507936508,436.91364,0.00020334351575002074
1.811156462585034,507.43192,0.00021326495334506035
1.8343764172335602,517.1432,0.00023298343876376748
1.8575963718820863,501.5964,0.00023291597608476877
1.8808163265306124,477.15677,0.00026786490343511105
1.9040362811791383,478.0673,0.00025279217516072094
1.9272562358276644,485.8885,0.00024162483168765903
1.9504761904761905,449.02335,0.00028850167291238904
1.9736961451247166,465.66306,0.0002541351714171469
1.9969160997732427,460.45975,0.0002709490363486111
2.020136054421769,440.53085,0.00031069281976670027
2.043356009070295,471.8605,0.0004037204780615866
2.066575963718821,466.13052,0.00028590491274371743
2.089795918367347,434.75327,0.0002981565776281059
2.1130158730158732,455.4188,0.0003358293906785548
2.1362358276643993,461.2702,0.0003258280921727419
2.159455782312925,454.45117,0.0003862509620375931
2.182675736961451,441.6114,0.00036064270534552634
2.2058956916099772,487.71982,0.00033258425537496805
2.2291156462585033,441.31317,0.00040450034430250525
2.2523356009070294,480.61453,0.0006392729701474309
2.2755555555555556,758.48975,0.00085301767103374
2.2987755102040817,783.75024,0.0009653327288106084
2.3219954648526078,795.7288,0.0011253748089075089
2.345215419501134,768.76447,0.0006507044308818877
2.36843537414966,499.0812,0.0008012743201106787
2.391655328798186,755.34515,0.0014945748262107372
2.414875283446712,783.00836,0.0009096943540498614
2.4380952380952383,546.9823,0.0008927418384701014
2.4613151927437644,556.762,0.0010980227962136269
2.48453514739229,799.10815,0.0016351502854377031
2.507755102040816,1609.5999,0.0010255079250782728
2.5309750566893423,740.9891,0.0014990720665082335
2.5541950113378684,1587.45,0.0014176538679748774
2.5774149659863945,786.5273,0.0007451054407283664
2.6006349206349206,552.56696,0.000862163258716464
2.6238548752834467,551.48914,0.001152867916971445
2.647074829931973,791.3157,0.0015630701091140509
2.670294784580499,1588.1743,0.0009728489676490426
2.693514739229025,741.4636,0.001368991332128644
2.716734693877551,1564.5378,0.001289537874981761
2.7399546485260773,774.876,0.0008738993783481419
2.7631746031746034,549.2442,0.0009937300346791744
2.7863945578231295,556.91565,0.0011693245032802224
2.809614512471655,543.30096,0.002062378218397498
2.8328344671201813,778.4219,0.002177651971578598
2.8560544217687074,767.0141,0.0016486806562170386
2.8792743764172335,551.86084,0.0012194314040243626
2.9024943310657596,596.0147,0.0010259241098538041
2.9257142857142857,651.17834,0.00045097863767296076
2.948934240362812,687.41925,0.00042087328620254993
2.972154195011338,695.50946,0.000732569838874042
2.995374149659864,675.9829,0.0014053706545382738
3.01859410430839,664.1252,0.0009360883850604296
3.0418140589569163,677.74603,0.0015980999451130629
3.0650340136054424,711.0078,0.005067390855401754
3.0882539682539685,735.8432,0.002912444993853569
3.1114739229024946,738.53156,0.0028931922279298306
3.1346938775510207,706.2614,0.0016391390236094594
3.1579138321995464,664.66705,0.0018245299579575658
3.1811337868480725,664.473,0.000985585618764162
3.2043537414965986,693.3504,0.00466641690582037
3.2275736961451247,728.2928,0.004037212580442429
3.250793650793651,743.20807,0.003206641413271427
3.274013605442177,720.6611,0.0014434934128075838
3.297233560090703,676.4517,0.0017403078963980079
3.320453514739229,662.8582,0.0009095185669139028
3.3436734693877552,681.2568,0.002547468524426222
3.3668934240362813,717.3425,0.005328602157533169
3.3901133786848074,743.32324,0.0032895018812268972
3.4133333333333336,737.0087,0.002666132990270853
3.4365532879818597,701.8295,0.001065376796759665
3.4597732426303858,677.15063,0.0010199269745498896
3.4829931972789114,688.61993,0.002262837952002883
3.5062131519274375,712.1204,0.005067835561931133
3.5294331065759637,721.55286,0.002125793369486928
3.5526530612244898,691.161,0.0016416662838310003
3.575873015873016,613.9796,0.0024806694127619267
3.599092970521542,561.2389,0.0023422064259648323
3.622312925170068,554.1403,0.0019335824763402343
3.645532879818594,557.9998,0.0017456028144806623
3.6687528344671203,554.56964,0.0018541236640885472
3.6919727891156464,1676.5573,0.0019490818958729506
3.7151927437641725,1626.6603,0.001494105439633131
3.7384126984126986,764.9146,0.0015170974656939507
3.7616326530612247,768.06415,0.0020578065887093544
3.784852607709751,784.17584,0.0025364714674651623
3.8080725623582765,1672.7344,0.0020183478482067585
3.8312925170068026,1681.6458,0.0029500178061425686
3.8545124716553287,1634.3024,0.0017639697762206197
3.877732426303855,757.7994,0.0010435334406793118
3.900952380952381,500.94092,0.00134513177908957
3.924172335600907,761.9191,0.00216980860568583
3.947392290249433,1652.2119,0.0013606490101665258
3.9706122448979593,796.2617,0.0012424886226654053
3.9938321995464854,554.25836,0.0018408471951261163
4.017052154195011,1659.7709,0.001802701037377119
4.040272108843538,776.5015,0.0015624838415533304
4.063492063492063,767.00903,0.002023183275014162
4.08671201814059,787.7868,0.001488913781940937
4.1099319727891155,801.06805,0.001270098495297134
4.133151927437642,545.6472,0.0014368846314027905
4.156371882086168,1609.6929,0.0005496112862601876
4.179591836734694,470.60147,0.0004385048523545265
4.20281179138322,446.13812,0.0003935038694180548
4.2260317460317465,446.5147,0.0003570588305592537
4.249251700680272,449.72916,0.0003474274417385459
4.272471655328799,448.92078,0.0003280115779489279
4.295691609977324,442.77957,0.00029271282255649567
4.31891156462585,504.04715,0.00031101697823032737
4.342131519274377,505.4348,0.0003281962708570063
4.365351473922902,445.08218,0.00038335344288498163
4.388571428571429,455.96515,0.00046290160389617085
4.4117913832199545,459.8204,0.000437326671089977
4.435011337868481,451.97098,0.0004418700991664082
4.458231292517007,436.39142,0.00044841921771876514
4.481451247165533,482.6338,0.00047235446982085705
4.504671201814059,488.95438,0.0003616831381805241
4.527891156462585,443.8537,0.0004760092415381223
4.551111111111111,468.99765,0.00049308140296489
4.574331065759638,542.08386,0.00042234163265675306
4.597551020408163,463.22177,0.00038801529444754124
4.62077097505669,439.6382,0.00039358268259093165
4.6439909297052155,494.35828,0.0003768320893868804
4.667210884353741,500.38806,0.00034584736567921937
4.690430839002268,451.489,0.000392099202144891
4.713650793650793,458.08685,0.00035374905564822257
4.73687074829932,438.70926,0.000500887050293386
4.760090702947846,512.69745,0.00032446146360598505
4.783310657596372,411.7485,0.0002832488971762359
4.806530612244898,344.1486,0.00027605309151113033
4.829750566893424,416.09122,0.00020536361262202263
4.85297052154195,357.85754,0.00019449152750894427
4.876190476190477,356.99448,0.00017260982713196427
4.899410430839002,352.6213,0.00016762221639510244
4.922630385487529,412.05286,0.00017913206829689443
4.9458503401360545,418.73358,0.00019123993115499616
4.96907029478458,416.36237,0.00019800930749624968
4.992290249433107,418.05197,0.00018071127124130726
5.015510204081632,351.10303,0.00017725802899803966
5.038730158730159,351.39407,0.00018111488316208124
5.061950113378685,351.6181,0.00018247019033879042
5.085170068027211,415.35614,0.0001839876058511436
5.108390022675737,421.07224,0.00016909392434172332
5.131609977324263,341.93555,0.00016950315330177546
5.154829931972789,342.765,0.00018580289906822145
5.178049886621316,417.70798,0.00017503925482742488
5.201269841269841,352.72894,0.00017821573419496417
5.224489795918368,356.39114,0.00017402693629264832
5.2477097505668935,353.49014,0.0001578669180162251
5.27092970521542,422.08826,0.0001657538377912715
5.294149659863946,414.8413,0.0001761021849233657
5.317369614512471,416.3073,0.00016957563639152795
5.340589569160998,343.25504,0.00017378403572365642
5.363809523809524,403.87433,0.00017195616965182126
5.38702947845805,421.1889,0.00017547496827319264
5.410249433106576,420.76706,0.00015920004807412624
5.433469387755102,408.51584,0.0001356852299068123
5.456689342403628,411.33868,0.00012219157360959798
5.479909297052155,408.93906,0.00011606941552599892
5.50312925170068,415.8003,0.00015498105494771153
5.526349206349207,402.9163,0.00017055172065738589
5.5495691609977325,421.06836,0.00016809369844850153
5.572789115646259,419.5468,0.00016985181719064713
5.596009070294785,353.72836,0.00012846552999690175
5.61922902494331,416.86838,0.00012092332326574251
5.642448979591837,411.5886,0.00011392404121579602
5.6656689342403626,415.4003,0.00013762051821686327
5.688888888888889,348.96945,0.00014610881044063717
5.712108843537415,414.3375,0.00016297223919536918
5.735328798185941,414.43518,0.00014001235831528902
5.758548752834467,407.05515,0.0001068603087333031
5.7817687074829935,416.27203,0.00010245468001812696
5.804988662131519,410.559,0.00012489207438193262
5.828208616780046,350.84116,9.956058056559414e-05
5.851428571428571,368.18674,5.423777474788949e-05
5.874648526077098,0.0,2.9055208869976923e-06
5.897868480725624,0.0,3.2768730306997895e-07
5.92108843537415,0.0,3.123022906947881e-08
5.944308390022676,0.0,1.4316356100607663e-08
5.9675283446712015,0.0,1.4447323337662965e-08
5.990748299319728,0.0,3.372042556293309e-08
6.013968253968254,0.0,7.564176485175267e-08
6.03718820861678,0.0,5.369474820327014e-08
6.060408163265306,0.0,1.953685568878427e-08
6.0836281179138325,0.0,7.95444066170603e-09
6.106848072562358,0.0,2.129399945260957e-08
6.130068027210885,0.0,1.780972525011748e-08
6.15328798185941,0.0,2.457454684190452e-08
6.176507936507937,0.0,3.544573701219633e-08
6.199727891156463,0.0,1.8662831280380487e-08
6.222947845804989,0.0,2.5808731152210385e-08
6.246167800453515,0.0,3.594504960346967e-08
6.269387755102041,0.0,2.3705979401711375e-08
6.292607709750567,0.0,4.3673935579136014e-08
6.315827664399093,0.0,4.0077793528325856e-08
6.339047619047619,0.0,4.3658474169205874e-08
6.362267573696145,0.0,2.1242158254608512e-08
6.3854875283446715,0.0,4.512639861786738e-08
6.408707482993197,0.0,2.2473614080809057e-08
6.431927437641724,0.0,2.6258931029587984e-08
6.455147392290249,0.0,1.8249011191073805e-08
6.478367346938776,0.0,7.546077540609986e-09
6.501587301587302,0.0,9.092218533623964e-09
6.524807256235828,0.0,3.5946868592873216e-08
6.548027210884354,0.0,5.35146682523191e-08
6.57124716553288,0.0,3.272361936978996e-08
6.594467120181406,0.0,1.4093529898673296e-08
6.617687074829932,0.0,3.96630639443174e-08
6.640907029478458,0.0,3.514287527650595e-08
6.664126984126984,0.0,4.023149813292548e-08
6.6873469387755105,0.0,3.5912307794205844e-08
6.710566893424036,0.0,1.5842488210182637e-08
6.733786848072563,0.0,1.9264007278252393e-08
6.757006802721088,0.0,1.7385900719091296e-08
6.780226757369615,0.0,1.1471456673461944e-08
6.8034467120181406,0.0,1.367880031466484e-08
6.826666666666667,0.0,1.1164047464262694e-08
6.849886621315193,0.0,2.662727638380602e-08
6.873106575963719,0.0,1.5186742530204356e-08
6.896326530612245,0.0,1.6348167264368385e-08
6.9195464852607715,0.0,3.08709786622785e-08
6.942766439909297,0.0,1.4484612620435655e-08
6.965986394557823,0.0,3.389595804037526e-08
6.989206349206349,0.0,4.759476723847911e-08
7.012426303854875,0.0,4.731555236503482e-08
7.035646258503402,0.0,1.9717845134437084e-08
7.058866213151927,0.0,2.512751962058246e-08
7.082086167800454,0.0,2.0789957488887012e-07
7.1053061224489795,0.0,6.880300134071149e-07
7.128526077097506,0.0,1.1524634828674607e-06
7.151746031746032,0.0,1.8341179384151474e-06
7.174965986394558,0.0,3.7820154830114916e-07
