0.0,0.0,1.5782643458805978e-07
0.023219954648526078,0.0,1.8528407963458449e-07
0.046439909297052155,0.0,9.920768206939101e-08
0.06965986394557823,0.0,3.0936462280806154e-08
0.09287981859410431,0.0,3.9441147237084806e-08
0.11609977324263039,0.0,5.325546226231381e-08
0.13931972789115646,0.0,6.912887329235673e-08
0.16253968253968254,0.0,2.1605228539556265e-07
0.18575963718820862,0.0,5.165566108189523e-08
0.2089795918367347,0.0,1.1721112969098613e-07
0.23219954648526078,0.0,7.384096534224227e-08
0.25541950113378686,0.0,2.3319535102928057e-07
0.2786394557823129,24220.24,3.353130887262523e-05
0.301859410430839,350.72916,0.00023044328554533422
0.3250793650793651,566.3055,0.00034030177630484104
0.3482993197278912,993.5718,0.00031384447356685996
0.37151927437641724,976.28595,0.00026640991563908756
0.3947392290249433,567.9571,0.0002831261372193694
0.4179591836734694,987.55023,0.000342939340043813
0.44117913832199546,984.39386,0.0003525547217577696
0.46439909297052157,965.6566,0.000374101335182786
0.4876190476190476,354.7668,0.0004375518183223903
0.5108390022675737,837.32697,0.0005003935657441616
0.5340589569160998,727.423,0.00048616656567901373
0.5572789115646258,699.7686,0.00031726201996207237
0.5804988662131519,687.071,0.00021247750555630773
0.603718820861678,339.2828,0.00025141501100733876
0.626938775510204,343.88766,0.0004780651652254164
0.6501587301587302,730.8656,0.0007252631476148963
0.6733786848072563,892.86194,0.0007940138457342982
0.6965986394557824,358.21402,0.0007751593366265297
0.7198185941043084,708.4723,0.0005254473071545362
0.7430385487528345,683.29425,0.00026359851472079754
0.7662585034013606,328.98895,0.0002538994303904474
0.7894784580498866,329.75836,0.00028709162143059075
0.8126984126984127,338.61127,0.0006563778733834624
0.8359183673469388,355.14236,0.0008529884507879615
0.8591383219954649,1063.9302,0.0008214985718950629
0.8823582766439909,1073.9344,0.0008413279429078102
0.905578231292517,356.93,0.0005604626494459808
0.9287981859410431,691.94794,0.00024751905584707856
0.9520181405895691,331.0195,0.0002274675789522007
0.9752380952380952,330.39584,0.00028596926131285727
0.9984580498866213,340.6322,0.0006668012356385589
1.0216780045351475,355.18506,0.0009799853432923555
1.0448979591836736,1062.446,0.0011169828940182924
1.0681179138321997,1099.466,0.0013155026827007532
1.0913378684807256,1075.4225,0.0012648385018110275
1.1145578231292517,1034.119,0.0010279223788529634
1.1377777777777778,934.86206,0.0010346428025513887
1.1609977324263039,830.057,0.001167817274108529
1.18421768707483,847.7957,0.0013456817250698805
1.207437641723356,993.6973,0.0013296818360686302
1.2306575963718822,1106.6146,0.0020399847999215126
1.253877551020408,1165.772,0.0009582849452272058
1.2770975056689342,425.8415,0.0009151791455224156
1.3003174603174603,440.58582,0.0010637943632900715
1.3235374149659864,439.36774,0.0019340231083333492
1.3467573696145125,1227.5276,0.0031822852324694395
1.3699773242630386,1203.9331,0.0032349321991205215
1.3931972789115648,1176.7877,0.0027302682865411043
1.4164172335600906,1176.8707,0.0015388771425932646
1.4396371882086167,1222.4678,0.0008381897350773215
1.4628571428571429,444.31238,0.0009324530838057399
1.486077097505669,1033.8401,0.0009504694608040154
1.509297052154195,1070.6809,0.0011167807970196009
1.5325170068027212,1016.5537,0.0010348048526793718
1.5557369614512473,873.0359,0.0009131177212111652
1.5789569160997732,848.6104,0.0008865220006555319
1.6021768707482993,415.37424,0.0007126244017854333
1.6253968253968254,420.59213,0.0007846131338737905
1.6486167800453515,872.4887,0.0009007644839584827
1.6718367346938776,512.2139,0.0010361894965171814
1.6950566893424037,1086.5619,0.0010824744822457433
1.7182766439909298,1077.4714,0.0011862687533721328
1.7414965986394557,898.5963,0.0011119209229946136
1.7647165532879818,855.98413,0.0012998254969716072
1.787936507936508,1120.0942,0.001071905717253685
1.811156462585034,1140.3701,0.0007324754260480404
1.8343764172335602,422.69846,0.0008313237922266126
1.8575963718820863,446.17313,0.0010994815966114402
1.8808163265306124,466.06766,0.0010746861808001995
1.9040362811791383,1071.6807,0.001336167799308896
1.9272562358276644,1037.3198,0.0013411937979981303
1.9504761904761905,892.38385,0.0011523959692567587
1.9736961451247166,881.93085,0.0011188050266355276
1.9969160997732427,888.84485,0.0009231247240677476
2.020136054421769,446.95718,0.0013157762587070465
2.043356009070295,456.2373,0.001226309104822576
2.066575963718821,522.80396,0.0011595450341701508
2.089795918367347,522.3432,0.0011821462539955974
2.1130158730158732,518.6059,0.0009696350898593664
2.1362358276643993,476.36075,0.001608584076166153
2.159455782312925,500.25256,0.004943422973155975
2.182675736961451,1097.9341,0.0097117330878973
2.2058956916099772,1136.5072,0.01018518302589655
2.2291156462585033,1116.595,0.005503203719854355
2.2523356009070294,1065.92,0.002663922496140003
2.2755555555555556,1028.5603,0.0016247485764324665
2.2987755102040817,996.31195,0.0015330940950661898
2.3219954648526078,492.16534,0.0013608227018266916
2.345215419501134,501.8914,0.002092525362968445
2.36843537414966,1056.0964,0.004752861335873604
2.391655328798186,1106.75,0.007921019569039345
2.414875283446712,1132.5979,0.007745254784822464
2.4380952380952383,1114.4487,0.00587991438806057
2.4613151927437644,1065.853,0.0028462298214435577
2.48453514739229,1029.4066,0.0018934507388621569
2.507755102040816,972.7147,0.0014055194333195686
2.5309750566893423,478.37057,0.0011853651376441121
2.5541950113378684,488.47025,0.0014999369159340858
2.5774149659863945,1033.8093,0.003830907866358757
2.6006349206349206,1097.0928,0.005611265078186989
2.6238548752834467,1112.5815,0.004919423721730709
2.647074829931973,1085.9764,0.0039053959771990776
2.670294784580499,1054.1415,0.002009485848248005
2.693514739229025,561.4529,0.0015370388282462955
2.716734693877551,535.979,0.0012551608961075544
2.7399546485260773,480.9591,0.001539246877655387
2.7631746031746034,496.37076,0.0029598893597722054
2.7863945578231295,1075.6986,0.006506584584712982
2.809614512471655,1111.0515,0.007148461416363716
2.8328344671201813,1108.837,0.005723767913877964
2.8560544217687074,1080.2457,0.004176873713731766
2.8792743764172335,1051.1821,0.00223715603351593
2.9024943310657596,1061.4148,0.0014907452277839184
2.9257142857142857,1084.719,0.001314435270614922
2.948934240362812,1077.6915,0.002001543063670397
2.972154195011338,1062.5388,0.004609290510416031
2.995374149659864,1087.9657,0.006769894622266293
3.01859410430839,547.9594,0.008805438876152039
3.0418140589569163,554.9447,0.012985549867153168
3.0650340136054424,561.5829,0.012581048533320427
3.0882539682539685,557.8142,0.008274419233202934
3.1114739229024946,544.0634,0.005884428508579731
3.1346938775510207,1088.6257,0.008934796787798405
3.1579138321995464,576.12115,0.02391904965043068
3.1811337868480725,1250.1381,0.029110688716173172
3.2043537414965986,671.3703,0.041647184640169144
3.2275736961451247,725.9742,0.05029119923710823
3.250793650793651,727.58374,0.074192576110363
3.274013605442177,712.96124,0.08793459832668304
3.297233560090703,697.58325,0.08667784929275513
3.320453514739229,680.6762,0.059804823249578476
3.3436734693877552,1336.7299,0.05578751116991043
3.3668934240362813,1326.4001,0.04377833753824234
3.3901133786848074,1360.2726,0.051036082208156586
3.4133333333333336,705.79315,0.04955800622701645
3.4365532879818597,728.94104,0.05499669164419174
3.4597732426303858,730.1439,0.06716058403253555
3.4829931972789114,715.923,0.07518870383501053
3.5062131519274375,692.2521,0.06098337098956108
3.5294331065759637,1356.5364,0.057457778602838516
3.5526530612244898,1337.9054,0.05556551739573479
3.575873015873016,1365.2391,0.0646536573767662
3.599092970521542,704.1362,0.057830195873975754
3.622312925170068,733.40234,0.05331125482916832
3.645532879818594,743.88715,0.05880383029580116
3.6687528344671203,737.4793,0.08274663984775543
3.6919727891156464,713.83997,0.09086555242538452
3.7151927437641725,676.85535,0.0548936128616333
3.7384126984126986,1319.6764,0.04224725067615509
3.7616326530612247,1316.5846,0.05160520598292351
3.784852607709751,1357.8811,0.06458406150341034
3.8080725623582765,711.7746,0.051744770258665085
3.8312925170068026,738.52136,0.05020901560783386
3.8545124716553287,743.08734,0.06113456189632416
3.877732426303855,729.56824,0.08178368210792542
3.900952380952381,703.0499,0.06836327910423279
3.924172335600907,676.4757,0.05046699196100235
3.947392290249433,1346.6499,0.0413113534450531
3.9706122448979593,1358.3358,0.05455165356397629
3.9938321995464854,700.9336,0.05216311290860176
4.017052154195011,721.3859,0.04854302108287811
4.040272108843538,725.44135,0.05592871457338333
4.063492063492063,719.3489,0.05930264666676521
4.08671201814059,709.1667,0.0641261488199234
4.1099319727891155,698.9513,0.06666897237300873
4.133151927437642,695.4469,0.06872300058603287
4.156371882086168,703.26624,0.06613186001777649
4.179591836734694,708.60846,0.07803474366664886
4.20281179138322,692.2857,0.07316072285175323
4.2260317460317465,1312.4099,0.018561387434601784
4.249251700680272,1177.0585,0.007140906527638435
4.272471655328799,1067.2273,0.0044897799380123615
4.295691609977324,1058.8733,0.004903312772512436
4.31891156462585,1084.6006,0.005392113700509071
4.342131519274377,1113.1302,0.004764198325574398
4.365351473922902,1096.4418,0.004040085710585117
4.388571428571429,1077.3837,0.003296471666544676
4.4117913832199545,1055.1534,0.0023352070711553097
4.435011337868481,1037.3306,0.001844574697315693
4.458231292517007,1028.4187,0.0017973780632019043
4.481451247165533,1027.8898,0.0027491776272654533
4.504671201814059,1058.6649,0.004771106410771608
4.527891156462585,1091.7086,0.009569939225912094
4.551111111111111,1151.2107,0.013444551266729832
4.574331065759638,1162.2771,0.011038496159017086
4.597551020408163,1139.2045,0.006754780653864145
4.62077097505669,1080.186,0.002848660573363304
4.6439909297052155,1022.99084,0.0019126769620925188
4.667210884353741,967.6468,0.0014773309230804443
4.690430839002268,478.90628,0.0013834499986842275
4.713650793650793,547.9655,0.002008387353271246
4.73687074829932,1092.4698,0.0061841923743486404
4.760090702947846,1097.9873,0.009958231821656227
4.783310657596372,1124.4005,0.00870591402053833
4.806530612244898,1113.6017,0.005996040068566799
4.829750566893424,1076.3911,0.0030969218350946903
4.85297052154195,1043.1279,0.002611347706988454
4.876190476190477,550.38403,0.0022673902567476034
4.899410430839002,545.2432,0.0025393320247530937
4.922630385487529,550.16394,0.0038071293383836746
4.9458503401360545,1069.8796,0.007407842669636011
4.96907029478458,1102.3568,0.008111311122775078
4.992290249433107,1118.2369,0.006421221420168877
5.015510204081632,1088.8843,0.004213953390717506
5.038730158730159,1074.7792,0.0023288042284548283
5.061950113378685,1092.7162,0.0016721099382266402
5.085170068027211,1066.2484,0.0018467940390110016
5.108390022675737,1071.9943,0.003093692474067211
5.131609977324263,1070.6501,0.005465562455356121
5.154829931972789,1126.2938,0.007216885220259428
5.178049886621316,1147.1556,0.00606146827340126
5.201269841269841,1080.8318,0.004500530660152435
5.224489795918368,1048.0199,0.0028491485863924026
5.2477097505668935,1028.1782,0.0024618753232061863
5.27092970521542,1033.4,0.0033198846504092216
5.294149659863946,1053.8738,0.003998525440692902
5.317369614512471,1073.4901,0.0037895753048360348
5.340589569160998,1059.855,0.002335118595510721
5.363809523809524,995.94604,0.002701183781027794
5.38702947845805,1194.7621,0.0056425114162266254
5.410249433106576,1289.7725,0.004495694767683744
5.433469387755102,1276.314,0.0018349963938817382
5.456689342403628,1285.1976,0.0010555342305451632
5.479909297052155,440.5846,0.001067352364771068
5.50312925170068,673.6074,0.0012600102927535772
5.526349206349207,1262.4666,0.001259124488569796
5.5495691609977325,1249.7194,0.0011986803729087114
5.572789115646259,1251.5652,0.0010349040385335684
5.596009070294785,1255.721,0.0008449777960777283
5.61922902494331,433.27914,0.0007282795268110931
5.642448979591837,443.07245,0.0007065237732604146
5.6656689342403626,456.3656,0.0007390234968625009
5.688888888888889,462.90485,0.0009386305464431643
5.712108843537415,459.20206,0.0016115515027195215
5.735328798185941,694.79803,0.003461831947788596
5.758548752834467,1284.3218,0.004189976491034031
5.7817687074829935,1252.5824,0.003079115180298686
5.804988662131519,1235.9272,0.002186073921620846
5.828208616780046,1254.1217,0.0008077102247625589
5.851428571428571,433.8948,0.000533623096998781
5.874648526077098,454.28946,0.0005978873814456165
5.897868480725624,460.12668,0.000657316530123353
5.92108843537415,912.4644,0.000739164010155946
5.944308390022676,441.20157,0.0011016064090654254
5.9675283446712015,1233.8322,0.0017930662725120783
5.990748299319728,1241.4622,0.0017281286418437958
6.013968253968254,1227.8656,0.0012647620169445872
6.03718820861678,1256.5536,0.0005415852065198123
6.060408163265306,443.71872,0.0004471292195376009
6.0836281179138325,465.05325,0.00043923070188611746
6.106848072562358,934.3484,0.0006003662711009383
6.130068027210885,919.42346,0.0008417402277700603
6.15328798185941,437.456,0.001513028866611421
6.176507936507937,1246.0914,0.0018425844609737396
6.199727891156463,1242.3446,0.001234186114743352
6.222947845804989,1254.1096,0.000563877634704113
6.246167800453515,438.20612,0.0004505169636104256
6.269387755102041,903.6895,0.0005931386258453131
6.292607709750567,926.04663,0.0007217682432383299
6.315827664399093,439.4803,0.0009895197581499815
6.339047619047619,1228.1497,0.0010677827522158623
6.362267573696145,1232.258,0.0011760499328374863
6.3854875283446715,1245.0187,0.0012884910684078932
6.408707482993197,1235.7078,0.0011381825897842646
6.431927437641724,1186.6101,0.0011635434348136187
6.455147392290249,1017.4461,0.0009638834744691849
6.478367346938776,799.3446,0.0007992852479219437
6.501587301587302,706.0406,0.00037285807775333524
6.524807256235828,337.5737,0.0003501929750200361
6.548027210884354,343.58246,0.0005261516780592501
6.57124716553288,728.64746,0.0005611857050098479
6.594467120181406,720.80585,0.0005682475748471916
6.617687074829932,717.82184,0.0005324019584804773
6.640907029478458,718.1005,0.0005158495623618364
6.664126984126984,721.2141,0.0005528307519853115
6.6873469387755105,707.2491,0.0006250581936910748
6.710566893424036,749.20605,0.0006088559166528285
6.733786848072563,353.80814,0.0005950118647888303
6.757006802721088,970.4413,0.0005542769213207066
6.780226757369615,360.13123,0.0006825604359619319
6.8034467120181406,832.5477,0.0007917068433016539
6.826666666666667,839.4718,0.0006755483336746693
6.849886621315193,693.54236,0.00024561595637351274
6.873106575963719,326.17877,0.0002085737360175699
6.896326530612245,325.20084,0.0002260822366224602
6.9195464852607715,661.5484,0.0003783793072216213
6.942766439909297,703.90717,0.0006205979734659195
6.965986394557823,364.01624,0.0006119011668488383
6.989206349206349,1071.3944,0.0005951221683062613
7.012426303854875,363.1726,0.0004998291842639446
7.035646258503402,347.71274,0.00023672454699408263
7.058866213151927,329.53308,0.0001808074302971363
7.082086167800454,327.6422,0.00018056218686979264
7.1053061224489795,335.31372,0.0002410596644040197
7.128526077097506,345.4281,0.0002959005068987608
7.151746031746032,356.8737,0.0003001663426402956
7.174965986394558,1056.5288,0.00030528882052749395
7.198185941043084,565.5032,0.00029266977799125016
7.2214058956916105,349.82104,0.00011015654308721423
7.244625850340136,326.73975,6.236054468899965e-05
7.267845804988662,320.606,5.688885357812978e-05
7.291065759637188,328.48138,5.602419332717545e-05
7.314285714285714,337.8199,6.919949373696e-05
7.337505668934241,348.9952,5.3891344578005373e-05
7.360725623582766,358.9178,3.183819353580475e-05
7.383945578231293,359.42017,2.0567227693391033e-05
7.4071655328798185,345.12817,1.9312330550746992e-05
7.430385487528345,329.8133,1.721034277579747e-05
7.453605442176871,419.84537,1.209820038639009e-05
7.476825396825397,339.96988,1.4836883565294556e-05
7.500045351473923,0.0,4.917202204524074e-06
7.5232653061224495,0.0,3.7672634789487347e-07
7.546485260770975,0.0,5.874608177691698e-08
7.569705215419502,0.0,4.289086064090952e-08
7.592925170068027,0.0,7.228027243399993e-08
7.616145124716553,0.0,2.2265612642513588e-07
7.63936507936508,0.0,5.5601049098186195e-08
7.662585034013605,0.0,7.263588486239314e-08
7.685804988662132,0.0,1.273710950044915e-07
7.7090249433106575,0.0,7.15690475772135e-08
7.732244897959184,0.0,1.3761564332526177e-08
7.75546485260771,0.0,5.996025720378384e-08
7.778684807256236,0.0,1.0469193512108177e-07
7.801904761904762,0.0,7.370817911578342e-08
7.8251247165532885,0.0,6.965456122998148e-08
7.848344671201814,0.0,2.9089278541505337e-08
7.871564625850341,0.0,7.613652996951714e-08
7.894784580498866,0.0,1.009384504868649e-07
7.918004535147393,0.0,6.66641426505521e-08
7.9412244897959186,0.0,4.766479833051562e-08
