0.0,0.0,4.388766683405265e-08
0.023219954648526078,0.0,9.637460607336834e-08
0.046439909297052155,0.0,1.393082129652612e-07
0.06965986394557823,0.0,3.1674062483944e-08
0.09287981859410431,0.0,4.254434315953404e-08
0.11609977324263039,0.0,6.154368747957051e-08
0.13931972789115646,0.0,1.3195858628023416e-07
0.16253968253968254,0.0,1.0608437150949612e-07
0.18575963718820862,0.0,7.532798917964101e-08
0.2089795918367347,0.0,6.013760867062956e-08
0.23219954648526078,0.0,1.595926732989028e-07
0.25541950113378686,0.0,6.104683052399196e-07
0.2786394557823129,0.0,1.0497651601326652e-06
0.301859410430839,0.0,2.551250872784294e-07
0.3250793650793651,0.0,6.471454980783165e-07
0.3482993197278912,23678.941,0.00011347539839334786
0.37151927437641724,348.00607,0.0002239607711089775
0.3947392290249433,396.33618,0.00035837371251545846
0.4179591836734694,3491.9963,0.0004907738184556365
0.44117913832199546,460.95923,0.0006554063875228167
0.46439909297052157,3585.8086,0.0006169204134494066
0.4876190476190476,3520.9077,0.0004324255569372326
0.5108390022675737,3437.318,0.000516692060045898
0.5340589569160998,3517.8508,0.0006435522809624672
0.5572789115646258,3614.1985,0.0012547310907393694
0.5804988662131519,389.28998,0.0012338540982455015
0.603718820861678,445.04526,0.0013861632905900478
0.626938775510204,3649.9214,0.0017833339516073465
0.6501587301587302,442.75513,0.0011872451286762953
0.6733786848072563,416.9999,0.0014315025182440877
0.6965986394557824,401.24252,0.0009618726908229291
0.7198185941043084,3529.5083,0.0010180685203522444
0.7430385487528345,1876.6097,0.0016017974121496081
0.7662585034013606,426.3797,0.001346156932413578
0.7894784580498866,3591.7683,0.0014942020643502474
0.8126984126984127,450.22202,0.0018370768520981073
0.8359183673469388,3618.6697,0.0015713528264313936
0.8591383219954649,421.7546,0.0015805319417268038
0.8823582766439909,3592.9854,0.0009751372272148728
0.905578231292517,3536.2607,0.00092480075545609
0.9287981859410431,3557.1396,0.001705884002149105
0.9520181405895691,422.43488,0.0014841032680124044
0.9752380952380952,3669.2515,0.0021599088795483112
0.9984580498866213,409.317,0.0021039198618382215
1.0216780045351475,450.88013,0.002116165589541197
1.0448979591836736,391.1348,0.0015434026718139648
1.0681179138321997,3576.3953,0.0010721726575866342
1.0913378684807256,3548.7354,0.0006939333397895098
1.1145578231292517,3526.28,0.001447860966436565
1.1377777777777778,3609.085,0.0016376322600990534
1.1609977324263039,439.22287,0.0012211285065859556
1.18421768707483,3723.466,0.0016552663873881102
1.207437641723356,437.0419,0.0015909981448203325
1.2306575963718822,425.04172,0.001495769014582038
1.253877551020408,410.0172,0.001166376518085599
1.2770975056689342,3578.5398,0.0006263050017878413
1.3003174603174603,3644.2634,0.0009986734949052334
1.3235374149659864,3509.5906,0.0017286652000620961
1.3467573696145125,428.49908,0.0011841024970635772
1.3699773242630386,444.02768,0.001556850504130125
1.3931972789115648,437.82596,0.0016534263268113136
1.4164172335600906,425.9984,0.0014830667059868574
1.4396371882086167,1903.5126,0.0014540322590619326
1.4628571428571429,403.75958,0.0012901357840746641
1.486077097505669,1894.3322,0.0016586956335231662
1.509297052154195,418.4445,0.0014374707825481892
1.5325170068027212,431.87875,0.00122124666813761
1.5557369614512473,418.59686,0.0023871068842709064
1.5789569160997732,409.7112,0.003911109641194344
1.6021768707482993,437.82318,0.0036907722242176533
1.6253968253968254,502.48904,0.0037630368024110794
1.6486167800453515,495.12454,0.005556737072765827
1.6718367346938776,425.04245,0.006251712329685688
1.6950566893424037,416.9224,0.006261015776544809
1.7182766439909298,423.23404,0.007629153784364462
1.7414965986394557,438.08878,0.0070658582262694836
1.7647165532879818,455.64014,0.011840539053082466
1.787936507936508,463.98474,0.013116175308823586
1.811156462585034,461.19968,0.00824617687612772
1.8343764172335602,503.4757,0.006110480986535549
1.8575963718820863,423.4056,0.006039418745785952
1.8808163265306124,453.27368,0.006622525863349438
1.9040362811791383,413.36987,0.00787130743265152
1.9272562358276644,431.16412,0.00869862549006939
1.9504761904761905,450.7027,0.011298004537820816
1.9736961451247166,460.90497,0.011324125342071056
1.9969160997732427,457.78552,0.00697262492030859
2.020136054421769,577.5418,0.0062018632888793945
2.043356009070295,427.55444,0.0057869479060173035
2.066575963718821,408.274,0.005946017801761627
2.089795918367347,411.23788,0.007284429855644703
2.1130158730158732,429.0753,0.00824691727757454
2.1362358276643993,449.64,0.010803824290633202
2.159455782312925,462.69366,0.012487230822443962
2.182675736961451,458.83893,0.007257615216076374
2.2058956916099772,497.32056,0.006425117142498493
2.2291156462585033,428.05023,0.0058299098163843155
2.2523356009070294,403.86157,0.005289158783853054
2.2755555555555556,403.3536,0.007781535852700472
2.2987755102040817,421.17868,0.008787255734205246
2.3219954648526078,446.42245,0.010320468805730343
2.345215419501134,460.00592,0.011168079450726509
2.36843537414966,455.0257,0.006362379994243383
2.391655328798186,495.20377,0.00707987742498517
2.414875283446712,423.4736,0.006194882560521364
2.4380952380952383,410.67935,0.006643251515924931
2.4613151927437644,413.34012,0.0076982202008366585
2.48453514739229,428.9293,0.008502068929374218
2.507755102040816,446.8705,0.009633136913180351
2.5309750566893423,456.43008,0.010584425181150436
2.5541950113378684,510.2979,0.00784220639616251
2.5774149659863945,575.2984,0.006850955076515675
2.6006349206349206,436.24088,0.007624554447829723
2.6238548752834467,429.88568,0.007209998555481434
2.647074829931973,427.05844,0.0068038227036595345
2.670294784580499,471.78168,0.006476166192442179
2.693514739229025,431.12207,0.0060537755489349365
2.716734693877551,444.03217,0.006751698907464743
2.7399546485260773,464.68222,0.008582661859691143
2.7631746031746034,495.03537,0.004086413886398077
2.7863945578231295,521.77,0.005435442551970482
2.809614512471655,532.13306,0.005151348188519478
2.8328344671201813,526.46124,0.005452973768115044
2.8560544217687074,511.47583,0.005991059821099043
2.8792743764172335,568.014,0.009141176007688046
2.9024943310657596,492.68237,0.005734533537179232
2.9257142857142857,587.4877,0.007587830536067486
2.948934240362812,527.9156,0.008720971643924713
2.972154195011338,543.3522,0.008969525806605816
2.995374149659864,546.762,0.0074470327235758305
3.01859410430839,542.96265,0.00637939665466547
3.0418140589569163,530.89905,0.007915508933365345
3.0650340136054424,510.02402,0.007932228967547417
3.0882539682539685,589.142,0.007622030097991228
3.1114739229024946,601.1968,0.01177170779556036
3.1346938775510207,525.58105,0.013207778334617615
3.1579138321995464,540.5022,0.013560870662331581
3.1811337868480725,548.4868,0.013677085749804974
3.2043537414965986,544.20386,0.008814344182610512
3.2275736961451247,529.48474,0.009896378964185715
3.250793650793651,578.27625,0.019148066639900208
3.274013605442177,636.9077,0.016900312155485153
3.297233560090703,588.5687,0.010267149657011032
3.320453514739229,601.1904,0.01482363510876894
3.3436734693877552,538.0168,0.013436280190944672
3.3668934240362813,545.23773,0.011989937163889408
3.3901133786848074,540.3571,0.01049271784722805
3.4133333333333336,524.8499,0.010907215997576714
3.4365532879818597,585.4894,0.015426915138959885
3.4597732426303858,636.18286,0.013897983357310295
3.4829931972789114,588.50964,0.008794667199254036
3.5062131519274375,600.96826,0.01449073851108551
3.5294331065759637,530.42236,0.01353539526462555
3.5526530612244898,534.6526,0.012990688905119896
3.575873015873016,618.32117,0.012804752215743065
3.599092970521542,517.60376,0.011256140656769276
3.622312925170068,641.99426,0.019458018243312836
3.645532879818594,634.27875,0.019172996282577515
3.6687528344671203,638.1175,0.00990327075123787
3.6919727891156464,612.017,0.01600778102874756
3.7151927437641725,525.3023,0.015351943671703339
3.7384126984126986,644.1549,0.012177901342511177
3.7616326530612247,676.1287,0.007347497157752514
3.784852607709751,682.93445,0.010174963623285294
3.8080725623582765,681.2933,0.014512844383716583
3.8312925170068026,669.4736,0.020643863826990128
3.8545124716553287,688.33386,0.030987117439508438
3.877732426303855,582.7848,0.02788403630256653
3.900952380952381,633.233,0.10060543566942215
3.924172335600907,679.5635,0.12362676113843918
3.947392290249433,702.3958,0.11914686858654022
3.9706122448979593,701.99915,0.1537233591079712
3.9938321995464854,683.3495,0.11737117916345596
4.017052154195011,661.9155,0.12059459090232849
4.040272108843538,659.8789,0.16232100129127502
4.063492063492063,677.49176,0.17762607336044312
4.08671201814059,702.78644,0.16066014766693115
4.1099319727891155,729.5185,0.16538454592227936
4.133151927437642,740.0623,0.14709484577178955
4.156371882086168,733.1784,0.1786290556192398
4.179591836734694,706.6688,0.19801059365272522
4.20281179138322,676.01764,0.19772475957870483
4.2260317460317465,675.701,0.226080060005188
4.249251700680272,694.4132,0.24099761247634888
4.272471655328799,719.71814,0.20722843706607819
4.295691609977324,742.5924,0.17960631847381592
4.31891156462585,751.4398,0.1747148036956787
4.342131519274377,738.36725,0.1938924491405487
4.365351473922902,706.6239,0.17775771021842957
4.388571428571429,670.0164,0.18061420321464539
4.4117913832199545,668.4582,0.22113466262817383
4.435011337868481,681.32764,0.25796759128570557
4.458231292517007,701.3951,0.23689866065979004
4.481451247165533,719.6979,0.2287019044160843
4.504671201814059,726.7182,0.22470353543758392
4.527891156462585,714.4916,0.20826178789138794
4.551111111111111,677.92975,0.21834608912467957
4.574331065759638,962.0601,0.21579650044441223
4.597551020408163,966.85834,0.20655106008052826
4.62077097505669,669.034,0.2273692637681961
4.6439909297052155,694.5969,0.25123029947280884
4.667210884353741,716.3731,0.22526419162750244
4.690430839002268,728.7956,0.21366839110851288
4.713650793650793,723.38806,0.20014771819114685
4.73687074829932,699.4904,0.15826573967933655
4.760090702947846,667.5149,0.1488073766231537
4.783310657596372,657.94104,0.17470717430114746
4.806530612244898,666.1592,0.23675784468650818
4.829750566893424,682.7737,0.23833848536014557
4.85297052154195,691.2179,0.2226639986038208
4.876190476190477,690.593,0.18177661299705505
4.899410430839002,687.1543,0.20314976572990417
4.922630385487529,692.3186,0.21554972231388092
4.9458503401360545,687.9768,0.12556946277618408
4.96907029478458,660.2331,0.047692764550447464
4.992290249433107,591.44324,0.0419301874935627
5.015510204081632,670.974,0.031005267053842545
5.038730158730159,685.342,0.024506941437721252
5.061950113378685,666.4323,0.019947845488786697
5.085170068027211,527.6883,0.017090046778321266
5.108390022675737,635.89703,0.0137918870896101
5.131609977324263,669.3791,0.010547786951065063
5.154829931972789,659.5488,0.0089176120236516
5.178049886621316,513.59766,0.010755449533462524
5.201269841269841,519.2007,0.013741192407906055
5.224489795918368,528.8996,0.016529398038983345
5.2477097505668935,538.785,0.018032215535640717
5.27092970521542,543.831,0.01599310338497162
5.294149659863946,542.5806,0.012003898620605469
5.317369614512471,532.4217,0.008518170565366745
5.340589569160998,513.6543,0.007647224701941013
5.363809523809524,498.37036,0.007249615155160427
5.38702947845805,502.93076,0.010592727921903133
5.410249433106576,516.83704,0.014332096092402935
5.433469387755102,528.0431,0.01699906587600708
5.456689342403628,538.62964,0.016296546906232834
5.479909297052155,541.3726,0.012952977791428566
5.50312925170068,535.97595,0.009964019060134888
5.526349206349207,519.18994,0.007294994313269854
5.5495691609977325,499.16544,0.007569131441414356
5.572789115646259,502.02902,0.00933048501610756
5.596009070294785,516.2952,0.013164623640477657
5.61922902494331,526.3751,0.014953846111893654
5.642448979591837,535.0217,0.014005822129547596
5.6656689342403626,536.4188,0.011196091771125793
5.688888888888889,528.28186,0.008219307288527489
5.712108843537415,515.1752,0.005218414589762688
5.735328798185941,502.03354,0.005496632307767868
5.758548752834467,504.6586,0.0074033234268426895
5.7817687074829935,518.576,0.011047235690057278
5.804988662131519,527.5154,0.011659877374768257
5.828208616780046,529.7228,0.008969385176897049
5.851428571428571,525.7378,0.0056584905833005905
5.874648526077098,515.08704,0.0034041458275169134
5.897868480725624,506.1228,0.004619336221367121
5.92108843537415,515.05664,0.009688748978078365
5.944308390022676,525.5145,0.011796440929174423
5.9675283446712015,529.2503,0.010583808645606041
5.990748299319728,526.72156,0.008119059726595879
6.013968253968254,524.4748,0.0069876438938081264
6.03718820861678,523.65247,0.006497769616544247
6.060408163265306,518.3683,0.006263697519898415
6.0836281179138325,495.44098,0.01350348349660635
6.106848072562358,462.95865,0.006686596665531397
6.130068027210885,430.5965,0.008865606971085072
6.15328798185941,435.17062,0.008577512577176094
6.176507936507937,440.64508,0.007422662805765867
6.199727891156463,439.6602,0.006652476266026497
6.222947845804989,438.70386,0.006124567240476608
6.246167800453515,435.61737,0.006066145841032267
6.269387755102041,428.55554,0.005711108446121216
6.292607709750567,422.6297,0.00606937799602747
6.315827664399093,427.785,0.0075138346292078495
6.339047619047619,441.18985,0.009440331719815731
6.362267573696145,458.11423,0.014365692622959614
6.3854875283446715,462.52237,0.012067694216966629
6.408707482993197,458.1901,0.006850229576230049
6.431927437641724,447.4431,0.005191620439291
6.455147392290249,427.68484,0.005218744743615389
6.478367346938776,418.3187,0.005597116891294718
6.501587301587302,426.64545,0.0073671648278832436
6.524807256235828,444.66385,0.009031979367136955
6.548027210884354,459.21252,0.011966775171458721
6.57124716553288,460.98404,0.00783168338239193
6.594467120181406,451.81155,0.003942615352571011
6.617687074829932,430.12128,0.0038736227434128523
6.640907029478458,450.61423,0.0036824988201260567
6.664126984126984,456.94586,0.00457002641633153
6.6873469387755105,420.60605,0.005993509665131569
6.710566893424036,444.82587,0.007772489450871944
6.733786848072563,457.91483,0.0091521255671978
6.757006802721088,457.10913,0.005383700132369995
6.780226757369615,449.52826,0.0037013650871813297
6.8034467120181406,433.9537,0.004058082588016987
6.826666666666667,413.79495,0.00314868101850152
6.849886621315193,408.74158,0.00378708029165864
6.873106575963719,420.13858,0.00478278286755085
6.896326530612245,439.3497,0.006602195091545582
6.9195464852607715,457.31885,0.008505502715706825
6.942766439909297,458.54224,0.0041389381512999535
6.965986394557823,446.75003,0.003135660197585821
6.989206349206349,433.2979,0.0036197034642100334
7.012426303854875,428.39612,0.0038322173058986664
7.035646258503402,432.99255,0.004431757144629955
7.058866213151927,441.28604,0.003978935535997152
7.082086167800454,499.44455,0.0034566279500722885
7.1053061224489795,494.38712,0.0036085746251046658
7.128526077097506,433.68152,0.0035209807101637125
7.151746031746032,423.66684,0.002509090816602111
7.174965986394558,400.28625,0.0012155611766502261
7.198185941043084,392.9769,0.0008294248254969716
7.2214058956916105,403.77496,0.0009580813348293304
7.244625850340136,387.5062,0.0009729358716867864
7.267845804988662,391.61414,0.0007529184804297984
7.291065759637188,430.2944,0.0006410466739907861
7.314285714285714,3431.9253,0.0006490867817774415
7.337505668934241,421.2425,0.0008889992022886872
7.360725623582766,407.2057,0.0010781899327412248
7.383945578231293,1952.3008,0.0009983577765524387
7.4071655328798185,1940.4233,0.0008283033967018127
7.430385487528345,418.67477,0.0009770591277629137
7.453605442176871,398.67987,0.0012231618165969849
7.476825396825397,405.70184,0.0015752159524708986
7.500045351473923,396.73785,0.0009764801943674684
7.5232653061224495,390.41812,0.001187607180327177
7.546485260770975,1951.9067,0.0010872818529605865
7.569705215419502,1927.1527,0.0011399248614907265
7.592925170068027,1989.5358,0.0009459896245971322
7.616145124716553,390.88806,0.0010344688780605793
7.63936507936508,399.4771,0.0011116880923509598
7.662585034013605,400.63467,0.0012170622358098626
7.685804988662132,392.5468,0.0008229281520470977
7.7090249433106575,403.93857,0.0012480899458751082
7.732244897959184,1969.6055,0.000889950490090996
7.75546485260771,388.5575,0.0013407667865976691
7.778684807256236,2003.1495,0.0011358072515577078
7.801904761904762,389.2152,0.0010389937087893486
7.8251247165532885,394.9873,0.0009501490858383477
7.848344671201814,396.65164,0.0008636675192974508
7.871564625850341,392.41992,0.0007765570771880448
7.894784580498866,406.61887,0.0010712991934269667
7.918004535147393,393.9617,0.0008009985322132707
7.9412244897959186,387.16052,0.0011562873842194676
7.964444444444444,395.03357,0.0011744321091100574
7.987664399092971,399.0572,0.001014414126984775
8.010884353741497,396.54208,0.0011659858282655478
8.034104308390022,401.1941,0.0012091461103409529
8.057324263038549,392.1646,0.0008703829953446984
8.080544217687075,406.04395,0.0009663168457336724
8.103764172335602,393.93146,0.0005357138579711318
8.126984126984127,377.74432,0.0006795253721065819
8.150204081632653,392.95407,0.0008924957364797592
8.17342403628118,401.56046,0.0008223631302826107
8.196643990929706,394.4409,0.0007943419041112065
8.219863945578231,393.40494,0.0007876444724388421
8.243083900226758,2049.2266,0.0009470048826187849
8.266303854875284,2004.7869,0.0005234723794274032
8.289523809523809,388.32422,0.0009108675876632333
8.312743764172335,2027.8901,0.0008153835078701377
8.335963718820862,393.27167,0.0007409969111904502
8.359183673469389,392.3307,0.0003042054595425725
8.382403628117913,393.89038,0.00015833668294362724
8.40562358276644,393.5034,3.941731483791955e-05
8.428843537414966,0.0,3.708515578182414e-06
8.452063492063493,0.0,4.472204636840615e-06
8.475283446712018,0.0,1.0332450983696617e-06
8.498503401360544,0.0,3.902914613718167e-07
8.52172335600907,0.0,1.55286215886008e-07
8.544943310657597,0.0,1.4741999621037394e-07
8.568163265306122,0.0,1.9990056898677722e-07
8.591383219954649,0.0,1.9395338313188404e-07
8.614603174603175,0.0,2.0194784156046808e-07
8.6378231292517,0.0,1.9630169845186174e-07
8.661043083900227,0.0,1.9747130863834172e-07
8.684263038548753,0.0,2.168299033655785e-07
8.70748299319728,0.0,3.7054269341751933e-07
8.730702947845804,0.0,5.450165190268308e-07
8.753922902494331,0.0,6.404843588825315e-07
8.777142857142858,0.0,4.505391189013608e-07
8.800362811791384,0.0,2.7930218493565917e-07
8.823582766439909,0.0,1.578391675138846e-07
8.846802721088435,0.0,3.0545743356924504e-07
8.870022675736962,0.0,2.493161446182057e-07
8.893242630385489,0.0,1.3220142136560753e-07
8.916462585034013,0.0,2.173137545469217e-07
8.93968253968254,0.0,1.4957640814827755e-07
8.962902494331066,0.0,1.8297123460797593e-07
8.986122448979591,0.0,1.6766716726124287e-07
9.009342403628118,0.0,1.1955580703215674e-07
9.032562358276644,0.0,1.2005239113932475e-07
9.05578231292517,0.0,1.1711836123140529e-07
9.079002267573696,0.0,1.3913086149841547e-07
9.102222222222222,0.0,3.064906195504591e-07
9.125442176870749,0.0,5.402634997153655e-07
9.148662131519275,0.0,2.382239472353831e-07
9.1718820861678,0.0,1.0394887794973329e-07
9.195102040816327,0.0,8.216920832637697e-08
9.218321995464853,0.0,8.650658855913207e-08
9.24154195011338,0.0,1.109665390686132e-07
9.264761904761905,0.0,2.0292372937547043e-07
9.287981859410431,0.0,1.4713350537931547e-07
9.311201814058958,0.0,2.193601176259108e-07
9.334421768707482,0.0,8.972801879281178e-08
9.357641723356009,0.0,7.331709639402106e-08
9.380861678004536,0.0,1.0269468475598842e-07
9.404081632653062,0.0,1.5349996829172596e-07
9.427301587301587,0.0,2.3940447135828435e-07
