0.0,0.0,5.82649590796791e-08
0.023219954648526078,0.0,4.363300831755623e-08
0.046439909297052155,0.0,2.545584720792249e-08
0.06965986394557823,0.0,1.358876033918932e-08
0.09287981859410431,0.0,2.9102011467330158e-08
0.11609977324263039,0.0,3.871809894917533e-08
0.13931972789115646,0.0,2.36950654652901e-08
0.16253968253968254,0.0,2.173237589886412e-08
0.18575963718820862,0.0,2.8469912649597973e-08
0.2089795918367347,0.0,2.2311724023893476e-08
0.23219954648526078,0.0,7.157268555602059e-08
0.25541950113378686,0.0,4.6699824451934546e-08
0.2786394557823129,0.0,1.9268554751761258e-08
0.301859410430839,0.0,3.280183591414243e-08
0.3250793650793651,0.0,1.8056198314297944e-08
0.3482993197278912,0.0,5.157835403224453e-08
0.37151927437641724,0.0,8.744318620301783e-07
0.3947392290249433,25322.596,5.521485581994057e-05
0.4179591836734694,350.1787,7.865407678764313e-05
0.44117913832199546,337.67624,6.470562948379666e-05
0.46439909297052157,330.34247,4.9537957238499075e-05
0.4876190476190476,329.4807,6.73949543852359e-05
0.5108390022675737,330.73044,7.532867311965674e-05
0.5340589569160998,333.64432,0.00011336772877257317
0.5572789115646258,340.8953,0.0001604868157301098
0.5804988662131519,351.7646,0.00011989167251158506
0.603718820861678,361.43338,0.00019223603885620832
0.626938775510204,359.5001,0.0002449809107929468
0.6501587301587302,390.5987,0.00028224685229361057
0.6733786848072563,383.98914,0.0002808959688991308
0.6965986394557824,418.84396,0.0002361336228204891
0.7198185941043084,423.97244,0.0003095421416219324
0.7430385487528345,441.07388,0.0002489713369868696
0.7662585034013606,361.66907,0.0003010986838489771
0.7894784580498866,373.9817,0.000303381122648716
0.8126984126984127,413.00516,0.00033637380693107843
0.8359183673469388,360.25534,0.00038253539241850376
0.8591383219954649,3288.2732,0.0003161461791023612
0.8823582766439909,426.567,0.0003562714555300772
0.905578231292517,430.73123,0.00044713658280670643
0.9287981859410431,3347.1865,0.0002462647098582238
0.9520181405895691,404.02875,0.00038454087916761637
0.9752380952380952,364.05862,0.00041823292849585414
0.9984580498866213,3398.6567,0.000328920956235379
1.0216780045351475,3288.025,0.00038475956534966826
1.0448979591836736,3365.459,0.0002033789351116866
1.0681179138321997,399.10422,0.0002880411338992417
1.0913378684807256,435.04977,0.0003242014499846846
1.1145578231292517,448.3616,0.00039878085954114795
1.1377777777777778,447.43552,0.0003429266216699034
1.1609977324263039,437.20544,0.00031914515420794487
1.18421768707483,424.16354,0.0003867371997330338
1.207437641723356,409.12662,0.0004112474271096289
1.2306575963718822,416.13623,0.00039319536881521344
1.253877551020408,433.05585,0.00048323950613848865
1.2770975056689342,448.0368,0.0007095049368217587
1.3003174603174603,414.66464,0.0007694558589719236
1.3235374149659864,410.0961,0.0007153773913159966
1.3467573696145125,446.47427,0.0004332538228482008
1.3699773242630386,3272.8604,0.0004975995398126543
1.3931972789115648,412.97717,0.0005121539579704404
1.4164172335600906,415.81348,0.0004445219528861344
1.4396371882086167,3314.74,0.0005493470816873014
1.4628571428571429,440.88397,0.0008775374735705554
1.486077097505669,419.98322,0.0009715045453049242
1.509297052154195,420.15088,0.0009755275677889585
1.5325170068027212,412.23685,0.0007558282231912017
1.5557369614512473,519.3843,0.00041379884351044893
1.5789569160997732,3316.4778,0.0003925875062122941
1.6021768707482993,424.7984,0.00035213929368183017
1.6253968253968254,430.39526,0.0004119595978409052
1.6486167800453515,446.99832,0.0006655980250798166
1.6718367346938776,422.02982,0.0006508507067337632
1.6950566893424037,441.2407,0.0007202549604699016
1.7182766439909298,501.42563,0.0007757787825539708
1.7414965986394557,438.59097,0.0007186551811173558
1.7647165532879818,423.25174,0.0009435217943973839
1.787936507936508,406.65103,0.0007648519240319729
1.811156462585034,401.7859,0.0009033065289258957
1.8343764172335602,410.08298,0.0011684587225317955
1.8575963718820863,432.26,0.0013521646615117788
1.8808163265306124,519.5095,0.0016916714375838637
1.9040362811791383,523.4308,0.0018009378109127283
1.9272562358276644,518.3789,0.001463238149881363
1.9504761904761905,493.20544,0.0011789395939558744
1.9736961451247166,420.2857,0.0013206686126068234
1.9969160997732427,462.44107,0.001338281319476664
2.020136054421769,414.7692,0.0013848338276147842
2.043356009070295,427.42123,0.0012044431641697884
2.066575963718821,506.7226,0.0016621515387669206
2.089795918367347,518.22955,0.0017832003068178892
2.1130158730158732,513.7682,0.001374096143990755
2.1362358276643993,495.22427,0.0011713181156665087
2.159455782312925,483.6277,0.001386959571391344
2.182675736961451,477.08704,0.0014719042228534818
2.2058956916099772,488.6386,0.0014084696304053068
2.2291156462585033,502.76572,0.0016415067948400974
2.2523356009070294,516.6457,0.0018441902939230204
2.2755555555555556,516.769,0.0017068590968847275
2.2987755102040817,513.8031,0.0016018552705645561
2.3219954648526078,514.52527,0.0016549640567973256
2.345215419501134,516.02405,0.001808640081435442
2.36843537414966,523.30133,0.002093557035550475
2.391655328798186,533.09485,0.0020154155790805817
2.414875283446712,534.7532,0.002111343899741769
2.4380952380952383,529.4461,0.0021837109234184027
2.4613151927437644,517.05664,0.0021036993712186813
2.48453514739229,508.4199,0.002059098333120346
2.507755102040816,508.88522,0.0025153132155537605
2.5309750566893423,516.9751,0.002578557701781392
2.5541950113378684,546.6954,0.0025834934785962105
2.5774149659863945,572.2486,0.002351386472582817
2.6006349206349206,572.0228,0.0025214198976755142
2.6238548752834467,556.4493,0.0021789849270135164
2.647074829931973,504.72723,0.0017202135641127825
2.670294784580499,494.75208,0.0016135415062308311
2.693514739229025,496.83325,0.0016277889953926206
2.716734693877551,511.43274,0.0026567471213638783
2.7399546485260773,534.659,0.0028662614058703184
2.7631746031746034,3104.6838,0.0026065551210194826
2.7863945578231295,573.0704,0.00282122939825058
2.809614512471655,550.96216,0.0024510377552360296
2.8328344671201813,523.9279,0.002341602463275194
2.8560544217687074,511.88742,0.0024593123234808445
2.8792743764172335,513.7764,0.002569274976849556
2.9024943310657596,518.20215,0.002509006066247821
2.9257142857142857,539.6033,0.00249088485725224
2.948934240362812,3114.6226,0.0022094128653407097
2.972154195011338,3103.026,0.0019518914632499218
2.995374149659864,3152.5972,0.0018838114337995648
3.01859410430839,3141.5317,0.0020410590805113316
3.0418140589569163,3122.8145,0.002438850235193968
3.0650340136054424,3202.6387,0.0037990454584360123
3.0882539682539685,520.17456,0.0032625291496515274
3.1114739229024946,532.86945,0.0032706581987440586
3.1346938775510207,617.66504,0.0036047769244760275
3.1579138321995464,525.5818,0.004916635807603598
3.1811337868480725,587.39276,0.003345486940816045
3.2043537414965986,580.39655,0.0027882945723831654
3.2275736961451247,584.3586,0.00439306627959013
3.250793650793651,594.954,0.00556737557053566
3.274013605442177,533.8555,0.004175740294158459
3.297233560090703,627.33264,0.004211118444800377
3.320453514739229,624.58624,0.003559208009392023
3.3436734693877552,530.1332,0.0050949109718203545
3.3668934240362813,509.44525,0.0038088324945420027
3.3901133786848074,580.59045,0.002780632581561804
3.4133333333333336,586.907,0.004707174375653267
3.4365532879818597,516.80774,0.004750647582113743
3.4597732426303858,539.48755,0.004946204833686352
3.4829931972789114,549.0637,0.005968350451439619
3.5062131519274375,548.6688,0.0047201113775372505
3.5294331065759637,627.1294,0.004437184426933527
3.5526530612244898,524.7743,0.005356314592063427
3.575873015873016,510.8685,0.00537196546792984
3.599092970521542,513.62384,0.005726427771151066
3.622312925170068,526.1472,0.004809646401554346
3.645532879818594,537.50604,0.005010581575334072
3.6687528344671203,550.09406,0.007480191066861153
3.6919727891156464,571.8073,0.006485976744443178
3.7151927437641725,592.50903,0.008280444890260696
3.7384126984126986,602.0968,0.00848473235964775
3.7616326530612247,591.3008,0.009116018190979958
3.784852607709751,565.5792,0.013862847350537777
3.8080725623582765,554.59326,0.01648109033703804
3.8312925170068026,558.93933,0.015601057559251785
3.8545124716553287,573.5538,0.012525852769613266
3.877732426303855,593.23236,0.015660863369703293
3.900952380952381,605.75977,0.019789990037679672
3.924172335600907,610.77246,0.01734137535095215
3.947392290249433,602.1949,0.013125521130859852
3.9706122448979593,578.1153,0.019197676330804825
3.9938321995464854,556.18756,0.02030862122774124
4.017052154195011,553.33435,0.020971477031707764
4.040272108843538,564.1394,0.014877814799547195
4.063492063492063,592.97174,0.019122643396258354
4.08671201814059,610.1405,0.02253608964383602
4.1099319727891155,615.2093,0.018289735540747643
4.133151927437642,603.32715,0.011612696573138237
4.156371882086168,572.76013,0.01731364242732525
4.179591836734694,557.1772,0.016680071130394936
4.20281179138322,561.2779,0.012473788112401962
4.2260317460317465,579.3497,0.009954622015357018
4.249251700680272,594.89246,0.011082910932600498
4.272471655328799,599.2385,0.011606878601014614
4.295691609977324,601.4395,0.012585378251969814
4.31891156462585,606.5455,0.01899241842329502
4.342131519274377,620.22076,0.025186261162161827
4.365351473922902,634.25635,0.02515265718102455
4.388571428571429,641.63055,0.025096099823713303
4.4117913832199545,640.0167,0.02676336094737053
4.435011337868481,632.6522,0.02854699082672596
4.458231292517007,624.38086,0.029389895498752594
4.481451247165533,620.3902,0.028995418921113014
4.504671201814059,623.9268,0.030183903872966766
4.527891156462585,639.8271,0.032574430108070374
4.551111111111111,660.6399,0.05297449231147766
4.574331065759638,674.51154,0.06029567867517471
4.597551020408163,673.0028,0.04263770580291748
4.62077097505669,656.31824,0.029366780072450638
4.6439909297052155,632.28296,0.0328061580657959
4.667210884353741,627.0727,0.03430035710334778
4.690430839002268,640.4007,0.03647357225418091
4.713650793650793,661.84546,0.06581044942140579
4.73687074829932,680.59094,0.07721587270498276
4.760090702947846,687.092,0.06493359059095383
4.783310657596372,675.06525,0.036920297890901566
4.806530612244898,648.2154,0.037958040833473206
4.829750566893424,631.2575,0.03778703510761261
4.85297052154195,640.9905,0.04049881175160408
4.876190476190477,659.4262,0.060018233954906464
4.899410430839002,673.98413,0.06674113869667053
4.922630385487529,676.7212,0.04580550640821457
4.9458503401360545,669.3477,0.0386371985077858
4.96907029478458,665.2544,0.04545430839061737
4.992290249433107,677.477,0.0567828044295311
5.015510204081632,697.0529,0.05966918542981148
5.038730158730159,714.28766,0.05943624675273895
5.061950113378685,715.7787,0.06470896303653717
5.085170068027211,701.6347,0.0782058984041214
5.108390022675737,675.27075,0.0522402822971344
5.131609977324263,652.9124,0.04932026192545891
5.154829931972789,656.74615,0.06826280802488327
5.178049886621316,672.92236,0.09260149300098419
5.201269841269841,696.3211,0.07772192358970642
5.224489795918368,720.74585,0.07484552264213562
5.2477097505668935,731.82196,0.07855087518692017
5.27092970521542,722.6602,0.09016745537519455
5.294149659863946,692.9516,0.08119796961545944
5.317369614512471,669.90515,0.0704931691288948
5.340589569160998,665.25006,0.08429226279258728
5.363809523809524,678.3096,0.09153124690055847
5.38702947845805,702.9146,0.07163109630346298
5.410249433106576,725.4084,0.08119730651378632
5.433469387755102,729.39056,0.08675085008144379
5.456689342403628,709.66614,0.07481902837753296
5.479909297052155,674.3258,0.06630278378725052
5.50312925170068,662.9479,0.09538547694683075
5.526349206349207,680.34576,0.10408662259578705
5.5495691609977325,699.5621,0.08889766037464142
5.572789115646259,708.71326,0.07349956035614014
5.596009070294785,702.8607,0.09789423644542694
5.61922902494331,682.75336,0.08481224626302719
5.642448979591837,664.08185,0.09430812299251556
5.6656689342403626,670.9009,0.08997369557619095
5.688888888888889,697.3001,0.06634978950023651
5.712108843537415,726.6136,0.03843388706445694
5.735328798185941,751.07153,0.030665958300232887
5.758548752834467,755.8328,0.037831105291843414
5.7817687074829935,738.6885,0.08381423354148865
5.804988662131519,708.59515,0.10177037864923477
5.828208616780046,696.9426,0.09685729444026947
5.851428571428571,713.46606,0.05485071241855621
5.874648526077098,751.1182,0.05196042358875275
5.897868480725624,789.3199,0.07034789770841599
5.92108843537415,808.46234,0.05760521814227104
5.944308390022676,805.2768,0.06510871648788452
5.9675283446712015,784.4843,0.041501667350530624
5.990748299319728,757.238,0.052193962037563324
6.013968253968254,749.973,0.04795454069972038
6.03718820861678,757.3533,0.05821456015110016
6.060408163265306,777.63544,0.09187016636133194
6.0836281179138325,798.21826,0.0915989875793457
6.106848072562358,802.45135,0.08750845491886139
6.130068027210885,784.67725,0.053921110928058624
6.15328798185941,764.2559,0.0577678345143795
6.176507936507937,764.73883,0.06056065112352371
6.199727891156463,772.9214,0.05416341871023178
6.222947845804989,775.00726,0.05222126469016075
6.246167800453515,761.8316,0.08079832792282104
6.269387755102041,730.7417,0.13437873125076294
6.292607709750567,695.95087,0.14506429433822632
6.315827664399093,682.03235,0.11059525609016418
6.339047619047619,683.2102,0.10892525315284729
6.362267573696145,687.5958,0.1064959168434143
6.3854875283446715,687.3458,0.09069155156612396
6.408707482993197,683.02466,0.07269007712602615
6.431927437641724,679.0764,0.061613425612449646
6.455147392290249,675.92957,0.06058643013238907
6.478367346938776,681.8204,0.07093283534049988
6.501587301587302,695.6348,0.06231141835451126
6.524807256235828,714.6019,0.05188272148370743
6.548027210884354,727.52594,0.06215726211667061
6.57124716553288,726.2771,0.0694861114025116
6.594467120181406,712.31195,0.07069728523492813
6.617687074829932,690.7835,0.06771829724311829
6.640907029478458,675.0131,0.054110631346702576
6.664126984126984,669.94543,0.06881898641586304
6.6873469387755105,679.10944,0.08119751513004303
6.710566893424036,693.49207,0.0924270749092102
6.733786848072563,701.45526,0.08179497718811035
6.757006802721088,700.19556,0.08758582174777985
6.780226757369615,689.6775,0.0663020983338356
6.8034467120181406,680.1092,0.06293439120054245
6.826666666666667,683.09503,0.07721453905105591
6.849886621315193,687.16345,0.08642251789569855
6.873106575963719,682.9013,0.06836564838886261
6.896326530612245,663.8571,0.06725169718265533
6.9195464852607715,642.5036,0.07001747936010361
6.942766439909297,637.7786,0.06616702675819397
6.965986394557823,642.0682,0.05640772730112076
6.989206349206349,647.4454,0.04721672832965851
7.012426303854875,650.3636,0.04258403554558754
7.035646258503402,649.1336,0.039397917687892914
7.058866213151927,643.6574,0.04229685291647911
7.082086167800454,636.39,0.04156707972288132
7.1053061224489795,628.78815,0.03890020400285721
7.128526077097506,630.67755,0.03595229238271713
7.151746031746032,641.7778,0.030821198597550392
7.174965986394558,654.37286,0.03522350639104843
7.198185941043084,662.86926,0.04130076989531517
7.2214058956916105,663.6032,0.03544484078884125
7.244625850340136,656.434,0.027839295566082
7.267845804988662,643.9641,0.03704400733113289
7.291065759637188,642.0178,0.03637209162116051
7.314285714285714,649.29865,0.040324218571186066
7.337505668934241,661.542,0.04930346459150314
7.360725623582766,664.333,0.04346860945224762
7.383945578231293,657.4725,0.028005169704556465
7.4071655328798185,646.28955,0.03059324249625206
7.430385487528345,641.1689,0.0334063321352005
7.453605442176871,639.51434,0.03729638457298279
7.476825396825397,633.485,0.04452403262257576
7.500045351473923,616.4055,0.029386214911937714
7.5232653061224495,1205.0858,0.02740887925028801
7.546485260770975,1190.6777,0.02573835290968418
7.569705215419502,1193.8662,0.021495819091796875
7.592925170068027,1196.2484,0.015677113085985184
7.616145124716553,586.25085,0.008056252263486385
7.63936507936508,577.8141,0.006685684435069561
7.662585034013605,569.1193,0.00662854453548789
7.685804988662132,562.1667,0.00781901367008686
7.7090249433106575,566.0893,0.009070079773664474
7.732244897959184,577.7934,0.013073672540485859
7.75546485260771,586.24536,0.015538460575044155
7.778684807256236,590.7473,0.015433021821081638
7.801904761904762,590.30945,0.012249010615050793
7.8251247165532885,585.58026,0.007251243107020855
7.848344671201814,573.3287,0.006284807808697224
7.871564625850341,555.6381,0.005743945948779583
7.894784580498866,552.80615,0.009488600306212902
7.918004535147393,564.98615,0.010727042332291603
7.9412244897959186,582.3114,0.015508787706494331
7.964444444444444,590.71216,0.015500864014029503
7.987664399092971,591.2866,0.011524930596351624
8.010884353741497,584.9089,0.005638055503368378
8.034104308390022,570.37427,0.005354532040655613
8.057324263038549,563.50116,0.0063281734474003315
8.080544217687075,568.03564,0.006336517166346312
8.103764172335602,566.19794,0.00444101681932807
8.126984126984127,549.5066,0.0027965614572167397
8.150204081632653,516.2304,0.0032982316333800554
8.17342403628118,511.4231,0.003929349593818188
8.196643990929706,522.47363,0.0027266801334917545
8.219863945578231,534.5767,0.0025746533647179604
8.243083900226758,535.24713,0.0025352081283926964
8.266303854875284,526.4447,0.003044712357223034
8.289523809523809,515.47363,0.002646943088620901
8.312743764172335,500.9686,0.002120207529515028
8.335963718820862,499.96432,0.003377614775672555
8.359183673469389,511.50864,0.003824755549430847
8.382403628117913,525.25543,0.002401836682111025
8.40562358276644,533.355,0.002355428645387292
8.428843537414966,528.9479,0.002887364709749818
8.452063492063493,609.0446,0.0031378627754747868
8.475283446712018,510.1178,0.0026141665875911713
8.498503401360544,500.0485,0.002705842023715377
8.52172335600907,504.16458,0.004278269130736589
8.544943310657597,519.0973,0.00365867605432868
8.568163265306122,536.6667,0.003812274429947138
8.591383219954649,540.6003,0.003115115687251091
8.614603174603175,529.9469,0.002928685862571001
8.6378231292517,517.0492,0.002808429766446352
8.661043083900227,509.65073,0.0031455368734896183
8.684263038548753,515.7437,0.0031595504842698574
8.70748299319728,522.4545,0.002763975877314806
8.730702947845804,518.59094,0.0024128062650561333
8.753922902494331,500.28113,0.0012017686385661364
8.777142857142858,540.4324,0.0016638184897601604
8.800362811791384,535.52966,0.001566778402775526
8.823582766439909,540.8339,0.0014058125670999289
8.846802721088435,542.3362,0.00143701140768826
8.870022675736962,537.8324,0.0014841631054878235
8.893242630385489,528.9489,0.0016219515819102526
8.916462585034013,449.42194,0.0015610550763085485
8.93968253968254,509.6817,0.001496623270213604
8.962902494331066,454.79968,0.0011529079638421535
8.986122448979591,469.57077,0.0009373031789436936
9.009342403628118,482.3125,0.0010029885452240705
9.032562358276644,475.32877,0.0012432150542736053
9.05578231292517,518.0081,0.0016068057157099247
9.079002267573696,509.34894,0.0013196339132264256
9.102222222222222,505.40112,0.0013126085978001356
9.125442176870749,450.34296,0.0013139578513801098
9.148662131519275,467.93393,0.0011400170624256134
9.1718820861678,479.27063,0.0011996034299954772
9.195102040816327,472.96292,0.0013440160546451807
9.218321995464853,533.8897,0.0014425250701606274
9.24154195011338,522.84265,0.001430412521585822
9.264761904761905,457.7021,0.0014424268156290054
9.287981859410431,460.86755,0.0015560949686914682
9.311201814058958,459.13412,0.001701559405773878
9.334421768707482,454.4429,0.0017708248924463987
9.357641723356009,451.30463,0.0016949225682765245
9.380861678004536,451.50696,0.0015998610761016607
9.404081632653062,454.74197,0.0015983192715793848
9.427301587301587,453.00607,0.0016105812974274158
9.450521541950113,501.28586,0.001168153714388609
9.47374149659864,434.227,0.0009195901220664382
9.496961451247167,432.39978,0.0010100036161020398
9.520181405895691,436.94705,0.0011811695294454694
9.543401360544218,494.22403,0.0012245246907696128
9.566621315192744,495.65436,0.0010223352583125234
9.58984126984127,436.2731,0.0007458553882315755
9.613061224489796,430.02887,0.000711157510522753
9.636281179138322,425.41064,0.0007275878451764584
9.659501133786849,428.13428,0.0007496922626160085
9.682721088435374,437.79126,0.0010563154937699437
9.7059410430839,445.1094,0.0012469575740396976
9.729160997732427,444.153,0.0010696505196392536
9.752380952380953,437.42062,0.0006848283810541034
9.775600907029478,426.78146,0.0008936480735428631
9.798820861678005,416.483,0.0011239221785217524
9.822040816326531,413.84048,0.0010144487023353577
9.845260770975058,422.94415,0.0009271330782212317
9.868480725623582,495.7768,0.0013246287126094103
9.891700680272109,450.5615,0.0015353458002209663
9.914920634920636,498.6092,0.0010156368371099234
9.93814058956916,493.75247,0.0007002510246820748
9.961360544217687,420.0676,0.0009520463645458221
9.984580498866213,417.4379,0.0009401204879395664
10.00780045351474,420.799,0.0008944441797211766
10.031020408163265,418.02386,0.0011655029375106096
10.054240362811791,398.42456,0.0009854510426521301
10.077460317460318,1093.0089,0.0007396682631224394
10.100680272108844,594.848,0.0007513426244258881
10.12390022675737,616.78754,0.0008541660499759018
10.147120181405896,445.0743,0.0009052882669493556
10.170340136054422,447.13873,0.0008533530635759234
10.193560090702949,445.63177,0.0007447635289281607
10.216780045351474,439.72247,0.000541047309525311
10.24,604.1005,0.00051629648078233
10.263219954648527,596.67114,0.0005205562338232994
10.286439909297052,509.21948,0.0005358835915103555
10.309659863945578,444.12946,0.000686410756316036
10.332879818594105,402.1782,0.0006849897908978164
10.356099773242631,405.01575,0.0006718193180859089
10.379319727891156,446.23584,0.0006571605335921049
10.402539682539683,438.3045,0.0004905535606667399
10.425759637188209,3200.6687,0.0005376784829422832
10.448979591836736,3215.9155,0.0004849598917644471
10.47219954648526,3208.2905,0.0005775106837972999
10.495419501133787,447.68512,0.0007455140585079789
10.518639455782314,450.82028,0.0008671963005326688
10.54185941043084,454.78094,0.000835639308206737
10.565079365079365,448.32755,0.0006445897743105888
10.588299319727891,3207.1414,0.00047600234393030405
10.611519274376418,3155.1946,0.0005267387023195624
10.634739229024943,3173.7986,0.0007525670807808638
10.65795918367347,3170.4226,0.0008674806449562311
10.681179138321996,3172.684,0.0005074423388577998
10.704399092970522,428.13962,0.0008199365111067891
10.727619047619047,390.57184,0.0007042309734970331
10.750839002267574,3061.6702,0.0007714441744610667
10.7740589569161,394.45993,0.0005616394337266684
10.797278911564627,563.4776,0.0005404660478234291
10.820498866213152,965.93085,0.0005883773555979133
10.843718820861678,961.15546,0.0006181779899634421
10.866938775510205,957.35803,0.0005430802702903748
10.890158730158731,384.07062,0.000609401729889214
10.913378684807256,386.26398,0.0007462460780516267
10.936598639455783,394.79147,0.00055486656492576
10.95981859410431,566.6728,0.0005053528002463281
10.983038548752834,407.35095,0.0007080386276356876
11.00625850340136,562.2605,0.0007088108686730266
11.029478458049887,543.46985,0.0005792338633909822
11.052698412698414,380.78296,0.0005292221321724355
11.075918367346938,378.98044,0.00065708311740309
11.099138321995465,388.03857,0.0007203239947557449
11.122358276643991,400.16125,0.0004186903825029731
11.145578231292518,3151.4863,0.00044867690303362906
11.168798185941043,412.66452,0.000490755308419466
11.19201814058957,411.44684,0.000700666569173336
11.215238095238096,3068.2666,0.0006580033805221319
11.23845804988662,388.31342,0.0005041564581915736
11.261678004535147,377.91516,0.0005238412995822728
11.284897959183674,380.51218,0.000719199946615845
11.3081179138322,391.25558,0.0006767204031348228
11.331337868480725,565.2951,0.0004281005240045488
11.354557823129252,3114.867,0.0005124594899825752
11.377777777777778,3111.307,0.0005974320229142904
11.400997732426305,3003.5588,0.0006836438551545143
11.42421768707483,3005.2969,0.0006732966285198927
11.447437641723356,383.90253,0.0006736534414812922
11.470657596371883,449.28638,0.0008512937929481268
11.49387755102041,548.8899,0.0005570066859945655
11.517097505668934,403.79724,0.00039592268876731396
11.54031746031746,414.16684,0.0005427950527518988
11.563537414965987,409.2041,0.0006752497283741832
11.586757369614512,398.70764,0.0006855069077573717
11.609977324263038,936.14026,0.00045119901187717915
11.633197278911565,377.37164,0.0004187527229078114
11.656417233560092,380.24258,0.0006397836259566247
11.679637188208616,2988.0374,0.0006907921051606536
11.702857142857143,953.3786,0.0004937234334647655
11.72607709750567,962.77075,0.0004664724401663989
11.749297052154196,3052.7766,0.0005892574554309249
11.77251700680272,3005.8745,0.0005050641484558582
11.795736961451247,382.4357,0.0003723459376487881
11.818956916099774,378.53513,0.0005348233389668167
11.8421768707483,388.03003,0.0007331022061407566
11.865396825396825,553.512,0.0007060498464852571
11.888616780045352,949.9657,0.0005568948108702898
11.911836734693878,382.5218,0.0003456034464761615
11.935056689342403,372.57486,0.00042732630390673876
11.95827664399093,382.30118,0.0005906615406274796
11.981496598639456,391.1791,0.0003513545962050557
12.004716553287983,553.0379,5.832300666952506e-05
12.027936507936507,0.0,5.274063369142823e-06
12.051156462585034,0.0,1.2927830539410934e-06
12.07437641723356,0.0,1.228054316015914e-07
12.097596371882087,0.0,7.859762263251469e-08
12.120816326530612,0.0,3.537388693075627e-08
12.144036281179138,0.0,4.9491973186377436e-08
12.167256235827665,0.0,4.471621650736779e-08
12.190476190476192,0.0,3.8897269405424595e-08
12.213696145124716,0.0,4.351113602751866e-08
12.236916099773243,0.0,4.7848516260273755e-08
12.26013605442177,0.0,3.0828232411295176e-08
12.283356009070294,0.0,2.3652319214306772e-08
12.30657596371882,0.0,5.44014255865477e-08
12.329795918367347,0.0,1.224525476573035e-07
12.353015873015874,0.0,8.86020643520169e-08
12.376235827664399,0.0,5.126003088662401e-08
12.399455782312925,0.0,6.064146873541176e-08
12.422675736961452,0.0,6.397203833330423e-08
12.445895691609978,0.0,3.607874532463029e-08
12.469115646258503,0.0,3.190689312759787e-08
12.49233560090703,0.0,5.768924893345684e-08
12.515555555555556,0.0,4.9964000936597586e-08
12.538775510204083,0.0,8.967435860540718e-08
12.561995464852608,0.0,4.7488356358371675e-08
12.585215419501134,0.0,2.8575414035003632e-08
12.60843537414966,0.0,2.3469510779250413e-08
12.631655328798185,0.0,2.2007043298799545e-08
12.654875283446712,0.0,3.1644958653487265e-08
12.678095238095239,0.0,7.44512362871319e-08
12.701315192743765,0.0,4.0236045606434345e-08
12.72453514739229,0.0,5.867696017958224e-08
12.747755102040816,0.0,3.8763573684263974e-08
12.770975056689343,0.0,5.03196133649908e-08
12.79419501133787,0.0,8.66566551849246e-08
12.817414965986394,0.0,7.334983820328489e-08
12.84063492063492,0.0,5.158017302164808e-08
12.863854875283447,0.0,4.9793015932664275e-08
12.887074829931972,0.0,7.517337508033961e-08
12.910294784580499,0.0,6.869959179311991e-08
12.933514739229025,0.0,6.841310096206143e-08
12.956734693877552,0.0,3.6710844142362475e-08
12.979954648526077,0.0,7.384460332104936e-08
13.003174603174603,0.0,6.631671567447484e-08
