0.0,0.0,5.433557817013934e-07
0.023219954648526078,0.0,3.598706825869158e-07
0.046439909297052155,0.0,2.6343514036852866e-07
0.06965986394557823,0.0,2.0292372937547043e-07
0.09287981859410431,0.0,3.519107849569991e-07
0.11609977324263039,0.0,3.7891459214733914e-07
0.13931972789115646,0.0,3.4814001992344856e-07
0.16253968253968254,0.0,3.83965925720986e-07
0.18575963718820862,0.0,3.694112820085138e-07
0.2089795918367347,0.0,3.922123141819611e-07
0.23219954648526078,0.0,8.426008207607083e-06
0.25541950113378686,362.06134,0.00043817650293931365
0.2786394557823129,729.48126,0.000568048213608563
0.301859410430839,726.3429,0.00037749973125755787
0.3250793650793651,713.5655,0.0003885490004904568
0.3482993197278912,706.3477,0.0006300205131992698
0.37151927437641724,728.4185,0.0014736851444467902
0.3947392290249433,744.4528,0.002716877032071352
0.4179591836734694,790.36646,0.0029591668862849474
0.44117913832199546,765.40424,0.0023430376313626766
0.46439909297052157,734.74646,0.0036550392396748066
0.4876190476190476,710.2007,0.0062945568934082985
0.5108390022675737,709.52765,0.007920969277620316
0.5340589569160998,713.64764,0.006917471531778574
0.5572789115646258,730.45105,0.005196302197873592
0.5804988662131519,752.58563,0.006951112765818834
0.603718820861678,733.4807,0.008928113617002964
0.626938775510204,729.7444,0.008946887217462063
0.6501587301587302,719.64264,0.00893424078822136
0.6733786848072563,723.2955,0.01084878109395504
0.6965986394557824,781.5681,0.016299908980727196
0.7198185941043084,804.6418,0.019952023401856422
0.7430385487528345,854.0446,0.017756648361682892
0.7662585034013606,376.04205,0.015153930522501469
0.7894784580498866,969.751,0.007445068564265966
0.8126984126984127,785.7096,0.012369444593787193
0.8359183673469388,826.58685,0.01506547350436449
0.8591383219954649,859.7651,0.006677696015685797
0.8823582766439909,898.3147,0.0045621092431247234
0.905578231292517,931.6478,0.005045918747782707
0.9287981859410431,895.93866,0.011128604412078857
0.9520181405895691,860.53503,0.01219660323113203
0.9752380952380952,851.79865,0.011112636886537075
0.9984580498866213,875.0643,0.00554456003010273
1.0216780045351475,468.17606,0.005803910084068775
1.0448979591836736,483.7213,0.0071691181510686874
1.0681179138321997,475.70065,0.009863598272204399
1.0913378684807256,1025.4753,0.015427624806761742
1.1145578231292517,866.7399,0.026174869388341904
1.1377777777777778,852.6958,0.023925285786390305
1.1609977324263039,862.8745,0.012883706018328667
1.18421768707483,1011.35724,0.008842529729008675
1.207437641723356,477.80185,0.009902283549308777
1.2306575963718822,479.49878,0.01126185990869999
1.253877551020408,461.12216,0.014120410196483135
1.2770975056689342,858.49097,0.028907794505357742
1.3003174603174603,855.9549,0.026582159101963043
1.3235374149659864,859.60236,0.013542165979743004
1.3467573696145125,885.7852,0.0098164863884449
1.3699773242630386,493.15417,0.00644505163654685
1.3931972789115648,1021.0379,0.00861632451415062
1.4164172335600906,1141.5005,0.004941338673233986
1.4396371882086167,609.9473,0.010134313255548477
1.4628571428571429,1039.0338,0.01152027491480112
1.486077097505669,498.40112,0.009930463507771492
1.509297052154195,1025.8026,0.006803436670452356
1.5325170068027212,1055.0093,0.019131220877170563
1.5557369614512473,1085.2034,0.027188580483198166
1.5789569160997732,1086.0181,0.01603263057768345
1.6021768707482993,1065.9459,0.007013814523816109
1.6253968253968254,1042.5728,0.022526800632476807
1.6486167800453515,1016.32855,0.02234026789665222
1.6718367346938776,1001.1761,0.016317173838615417
1.6950566893424037,1029.5833,0.02921399101614952
1.7182766439909298,1088.3861,0.07449276745319366
1.7414965986394557,1114.9376,0.06732779741287231
1.7647165532879818,1107.0023,0.014826515689492226
1.787936507936508,1056.1945,0.01296980306506157
1.811156462585034,1021.49756,0.016080155968666077
1.8343764172335602,494.22913,0.01102476380765438
1.8575963718820863,514.25275,0.026171274483203888
1.8808163265306124,1113.3435,0.05081424117088318
1.9040362811791383,1119.202,0.03574970364570618
1.9272562358276644,1097.3759,0.011828325688838959
1.9504761904761905,607.84467,0.006667549256235361
1.9736961451247166,761.9123,0.011627677828073502
1.9969160997732427,532.59875,0.024060308933258057
2.020136054421769,1147.529,0.04068771004676819
2.043356009070295,646.6378,0.09448453038930893
2.066575963718821,708.27734,0.14402437210083008
2.089795918367347,736.48096,0.2356805056333542
2.1130158730158732,725.7318,0.2759976387023926
2.1362358276643993,698.82715,0.45293712615966797
2.159455782312925,687.45905,0.5228725671768188
2.182675736961451,691.43726,0.312629759311676
2.2058956916099772,714.2318,0.4460781216621399
2.2291156462585033,740.6115,0.4385954737663269
2.2523356009070294,758.81586,0.5257196426391602
2.2755555555555556,751.8862,0.5825449824333191
2.2987755102040817,720.9737,0.5980637073516846
2.3219954648526078,683.6724,0.7104620337486267
2.345215419501134,675.29987,0.7267836332321167
2.36843537414966,683.20984,0.4811097979545593
2.391655328798186,718.20294,0.5029188394546509
2.414875283446712,758.392,0.22681374847888947
2.4380952380952383,779.8661,0.37655729055404663
2.4613151927437644,763.09406,0.5911816358566284
2.48453514739229,725.7548,0.5790284872055054
2.507755102040816,690.1684,0.6898505687713623
2.5309750566893423,690.4917,0.46004194021224976
2.5541950113378684,715.5456,0.5000692009925842
2.5774149659863945,745.2379,0.2738262414932251
2.6006349206349206,741.7078,0.07780998200178146
2.6238548752834467,646.1545,0.019968576729297638
2.647074829931973,1118.6432,0.005332881584763527
2.670294784580499,518.57904,0.00625727279111743
2.693514739229025,528.5083,0.01874770037829876
2.716734693877551,1093.6013,0.0247492715716362
2.7399546485260773,1090.9801,0.018303869292140007
2.7631746031746034,1073.41,0.009098132140934467
2.7863945578231295,3279.4255,0.008899295702576637
2.809614512471655,3290.7334,0.010504443198442459
2.8328344671201813,623.1721,0.021971385926008224
2.8560544217687074,1098.7667,0.04181177169084549
2.8792743764172335,1129.9614,0.04558950290083885
2.9024943310657596,1144.3876,0.05617734417319298
2.9257142857142857,1126.8663,0.026127666234970093
2.948934240362812,1100.3939,0.00993818324059248
2.972154195011338,609.4362,0.014063568785786629
2.995374149659864,1031.877,0.009170543402433395
3.01859410430839,526.8296,0.026565566658973694
3.0418140589569163,1106.2177,0.04738546162843704
3.0650340136054424,1142.0477,0.040977850556373596
3.0882539682539685,1150.3018,0.0611843466758728
3.1114739229024946,1113.7281,0.011438246816396713
3.1346938775510207,611.6308,0.018627246841788292
3.1579138321995464,1058.1407,0.01723339408636093
3.1811337868480725,519.1836,0.016756150871515274
3.2043537414965986,1039.8612,0.013695270754396915
3.2275736961451247,517.9074,0.011502562090754509
3.250793650793651,462.34186,0.010399984195828438
3.274013605442177,463.44763,0.010554855689406395
3.297233560090703,1031.637,0.012391170486807823
3.320453514739229,1025.037,0.015056050382554531
3.3436734693877552,994.6137,0.021357344463467598
3.3668934240362813,876.92645,0.025435257703065872
3.3901133786848074,871.2664,0.022301822900772095
3.4133333333333336,890.1264,0.010269169695675373
3.4365532879818597,942.5836,0.00801890715956688
3.4597732426303858,915.4008,0.008779957890510559
3.4829931972789114,906.0758,0.009973855689167976
3.5062131519274375,896.3286,0.01594981923699379
3.5294331065759637,876.2698,0.02293870970606804
3.5526530612244898,863.80035,0.019894136115908623
3.575873015873016,859.7918,0.013349922373890877
3.599092970521542,884.46027,0.006095629185438156
3.622312925170068,521.92523,0.0056516025215387344
3.645532879818594,538.1018,0.006763503886759281
3.6687528344671203,518.71515,0.007652620319277048
3.6919727891156464,885.4574,0.015105677768588066
3.7151927437641725,861.7446,0.014987144619226456
3.7384126984126986,852.58215,0.011925052851438522
3.7616326530612247,875.51984,0.0060082124546170235
3.784852607709751,505.3759,0.005079222377389669
3.8080725623582765,1007.9159,0.0069091832265257835
3.8312925170068026,859.318,0.004303900524973869
3.8545124716553287,376.947,0.002106508705765009
3.877732426303855,348.29446,0.0024845032021403313
3.900952380952381,742.9801,0.002471196698024869
3.924172335600907,350.1477,0.002120362129062414
3.947392290249433,355.3311,0.0019413175759837031
3.9706122448979593,1061.6809,0.0016486782114952803
3.9938321995464854,382.31104,0.0024238338228315115
4.017052154195011,763.3285,0.004125137813389301
4.040272108843538,338.97443,0.00467316247522831
4.063492063492063,339.81085,0.0038594547659158707
4.08671201814059,753.5312,0.0030989935621619225
4.1099319727891155,388.69006,0.004457756876945496
4.133151927437642,1069.0128,0.006306715775281191
4.156371882086168,1069.5905,0.0032452556770294905
4.179591836734694,387.29294,0.0038006906397640705
4.20281179138322,755.7819,0.006170905660837889
4.2260317460317465,336.79736,0.005279112607240677
4.249251700680272,336.4222,0.004842489957809448
4.272471655328799,743.7026,0.003570371540263295
4.295691609977324,790.4881,0.004379477817565203
4.31891156462585,1089.837,0.00637844018638134
4.342131519274377,1086.2632,0.004320519044995308
4.365351473922902,356.26288,0.0029211482033133507
4.388571428571429,770.9593,0.003510722890496254
4.4117913832199545,357.3289,0.002469729632139206
4.435011337868481,355.81403,0.0028549772687256336
4.458231292517007,360.65268,0.0036244243383407593
4.481451247165533,772.9765,0.003887796774506569
4.504671201814059,365.70206,0.006371966563165188
4.527891156462585,1117.5142,0.007459645159542561
4.551111111111111,1112.8547,0.006046907976269722
4.574331065759638,1082.0154,0.0030788590665906668
4.597551020408163,784.388,0.003955666907131672
4.62077097505669,678.58545,0.0038943684194236994
4.6439909297052155,361.99988,0.0036483535077422857
4.667210884353741,736.0194,0.0028887020889669657
4.690430839002268,786.0555,0.004012582823634148
4.713650793650793,1088.9934,0.006507839076220989
4.73687074829932,1115.3547,0.0043822540901601315
4.760090702947846,1080.0974,0.0021457872353494167
4.783310657596372,775.2979,0.0026130289770662785
4.806530612244898,357.91577,0.0017903177067637444
4.829750566893424,354.9318,0.0018259529024362564
4.85297052154195,360.15402,0.0022354107350111008
4.876190476190477,770.1847,0.0022927019745111465
4.899410430839002,365.26862,0.0037545091472566128
4.922630385487529,370.00455,0.0037804252933710814
4.9458503401360545,362.40128,0.002073438372462988
4.96907029478458,779.99634,0.0024057934060692787
4.992290249433107,713.9401,0.002074435818940401
5.015510204081632,362.43167,0.0018590434920042753
5.038730158730159,747.24115,0.001800397178158164
5.061950113378685,782.216,0.002018505707383156
5.085170068027211,370.0151,0.003538496093824506
5.108390022675737,1092.6978,0.0034618752542883158
5.131609977324263,1088.5353,0.0015820085536688566
5.154829931972789,778.6597,0.0015909218927845359
5.178049886621316,329.97794,0.0009302789112553
5.201269841269841,352.5742,0.0010257491376250982
5.224489795918368,328.76788,0.001178181730210781
5.2477097505668935,768.1172,0.001433112658560276
5.27092970521542,920.4998,0.0020701794419437647
5.294149659863946,981.73303,0.0022012111730873585
5.317369614512471,1009.4884,0.0009605139493942261
5.340589569160998,764.14386,0.0008468591840937734
5.363809523809524,330.53955,0.0004095160693395883
5.38702947845805,329.43082,0.0005772459553554654
5.410249433106576,750.69525,0.0007915019523352385
5.433469387755102,374.4811,0.00045931467320770025
5.456689342403628,385.1193,0.0003778411482926458
5.479909297052155,1071.2457,1.5182224160525948e-05
5.50312925170068,0.0,3.301956894574687e-06
5.526349206349207,0.0,7.888984328019433e-07
5.5495691609977325,0.0,4.3596901377895847e-07
5.572789115646259,0.0,8.270226317108609e-07
5.596009070294785,0.0,4.7797857405385e-07
5.61922902494331,0.0,1.0691537681850605e-06
5.642448979591837,0.0,4.899147825199179e-07
5.6656689342403626,0.0,4.2705687519628555e-07
5.688888888888889,0.0,1.8441460269968957e-07
5.712108843537415,0.0,2.443648554617539e-07
5.735328798185941,0.0,7.464759619324468e-07
5.758548752834467,0.0,3.481254680082202e-07
5.7817687074829935,0.0,2.279430191265419e-07
5.804988662131519,0.0,7.898233889136463e-08
