0.0,0.0,1.980333763640374e-07
0.023219954648526078,0.0,2.1217510948190466e-07
0.046439909297052155,0.0,1.877797330962494e-07
0.06965986394557823,0.0,3.0301453080028296e-07
0.09287981859410431,0.0,1.3993030734127387e-07
0.11609977324263039,0.0,1.0667190508684143e-07
0.13931972789115646,0.0,2.443548510200344e-07
0.16253968253968254,0.0,4.857156454818323e-08
0.18575963718820862,0.0,1.6245667211478576e-07
0.2089795918367347,0.0,2.1668347471859306e-07
0.23219954648526078,0.0,1.0556550478213467e-06
0.25541950113378686,0.0,6.638583727180958e-07
0.2786394557823129,0.0,1.327571226283908e-07
0.301859410430839,0.0,9.264476830139756e-08
0.3250793650793651,0.0,2.6254565455019474e-07
0.3482993197278912,22928.74,6.27712142886594e-05
0.37151927437641724,360.24924,0.0001438278704881668
0.3947392290249433,353.82318,0.00014986669702921063
0.4179591836734694,353.302,0.00017275617574341595
0.44117913832199546,351.54565,0.0002465777797624469
0.46439909297052157,346.4365,0.00048398878425359726
0.4876190476190476,350.21973,0.0005695831496268511
0.5108390022675737,358.17078,0.0008133281953632832
0.5340589569160998,363.44492,0.0015420777490362525
0.5572789115646258,363.10648,0.0018494951073080301
0.5804988662131519,361.34082,0.0013000254984945059
0.603718820861678,354.72043,0.0007781079621054232
0.626938775510204,343.71432,0.0015897550620138645
0.6501587301587302,346.33942,0.0015285519184544683
0.6733786848072563,356.47498,0.0021487704943865538
0.6965986394557824,372.26083,0.003217564430087805
0.7198185941043084,378.60635,0.0021158363670110703
0.7430385487528345,374.95804,0.0023664110340178013
0.7662585034013606,364.6918,0.0014866739511489868
0.7894784580498866,349.33466,0.0016393647529184818
0.8126984126984127,342.33954,0.002156659495085478
0.8359183673469388,348.04703,0.0018488408531993628
0.8591383219954649,366.7922,0.0038283560425043106
0.8823582766439909,380.59204,0.002449789084494114
0.905578231292517,386.21576,0.0025249342434108257
0.9287981859410431,374.72186,0.0020209355279803276
0.9520181405895691,360.48022,0.001195068471133709
0.9752380952380952,339.81628,0.002297260332852602
0.9984580498866213,339.84094,0.002032920718193054
1.0216780045351475,346.68335,0.0021166556980460882
1.0448979591836736,366.9299,0.003785517066717148
1.0681179138321997,382.02408,0.002529570832848549
1.0913378684807256,388.22482,0.002656034892424941
1.1145578231292517,374.47482,0.002174871973693371
1.1377777777777778,359.28333,0.0011166190961375833
1.1609977324263039,349.4628,0.0014437318313866854
1.18421768707483,367.32874,0.004294644109904766
1.207437641723356,399.01898,0.009605742990970612
1.2306575963718822,431.5677,0.005387988407164812
1.253877551020408,472.75934,0.007092548068612814
1.2770975056689342,473.66876,0.005460038315504789
1.3003174603174603,454.86536,0.008507716469466686
1.3235374149659864,432.02423,0.013536736369132996
1.3467573696145125,421.67047,0.01410294882953167
1.3699773242630386,430.8922,0.006993884686380625
1.3931972789115648,455.99457,0.00839938037097454
1.4164172335600906,478.64993,0.012647181749343872
1.4396371882086167,485.47607,0.014006957411766052
1.4628571428571429,479.5283,0.009068159386515617
1.486077097505669,457.7752,0.012660418637096882
1.509297052154195,430.01605,0.017618423327803612
1.5325170068027212,420.11127,0.01946399360895157
1.5557369614512473,427.2255,0.0121614346280694
1.5789569160997732,447.3036,0.011708306148648262
1.6021768707482993,478.4159,0.016545549035072327
1.6253968253968254,488.84097,0.01738991215825081
1.6486167800453515,485.4974,0.01560899242758751
1.6718367346938776,467.17746,0.011712515726685524
1.6950566893424037,436.11365,0.020384754985570908
1.7182766439909298,424.32236,0.023218289017677307
1.7414965986394557,428.3327,0.014450294896960258
1.7647165532879818,450.28036,0.015256568789482117
1.787936507936508,485.6672,0.015592962503433228
1.811156462585034,496.56067,0.01650160737335682
1.8343764172335602,490.12717,0.021203506737947464
1.8575963718820863,469.9344,0.012954840436577797
1.8808163265306124,442.53192,0.019221145659685135
1.9040362811791383,438.991,0.014001362957060337
1.9272562358276644,461.64005,0.015586904250085354
1.9504761904761905,495.50342,0.0039907111786305904
1.9736961451247166,548.1128,0.0030624675564467907
1.9969160997732427,571.9258,0.004537572152912617
2.020136054421769,559.84454,0.00566937867552042
2.043356009070295,532.8589,0.007916312664747238
2.066575963718821,505.9962,0.012944295071065426
2.089795918367347,502.97278,0.004528866149485111
2.1130158730158732,519.906,0.005882838740944862
2.1362358276643993,544.93787,0.003531338647007942
2.159455782312925,576.8973,0.007536213845014572
2.182675736961451,581.34155,0.007782311644405127
2.2058956916099772,568.7387,0.007117731496691704
2.2291156462585033,531.943,0.009900614619255066
2.2523356009070294,504.24673,0.017102457582950592
2.2755555555555556,501.5938,0.006610260345041752
2.2987755102040817,517.6195,0.0070663755759596825
2.3219954648526078,543.4866,0.004076099023222923
2.345215419501134,575.91705,0.009240580722689629
2.36843537414966,578.67413,0.007806882262229919
2.391655328798186,566.42487,0.007039397954940796
2.414875283446712,536.0958,0.010245261713862419
2.4380952380952383,514.4196,0.00928284041583538
2.4613151927437644,509.01816,0.0046971263363957405
2.48453514739229,523.3992,0.008854154497385025
2.507755102040816,543.79156,0.005415154621005058
2.5309750566893423,582.439,0.007625746540725231
2.5541950113378684,687.10846,0.010504050180315971
2.5774149659863945,585.18994,0.008005945943295956
2.6006349206349206,549.3514,0.012268653139472008
2.6238548752834467,524.2977,0.0062471600249409676
2.647074829931973,521.4164,0.010418258607387543
2.670294784580499,539.8107,0.004786427598446608
2.693514739229025,579.0649,0.007245953194797039
2.716734693877551,626.5473,0.0380079448223114
2.7399546485260773,659.7908,0.07116858661174774
2.7631746031746034,675.3544,0.09003002196550369
2.7863945578231295,680.0767,0.09426679462194443
2.809614512471655,679.0749,0.08859129250049591
2.8328344671201813,681.2775,0.054225098341703415
2.8560544217687074,698.2011,0.03869335353374481
2.8792743764172335,726.36523,0.06343165040016174
2.9024943310657596,741.7513,0.05701607093214989
2.9257142857142857,749.2896,0.07034744322299957
2.948934240362812,735.8002,0.0653577670454979
2.972154195011338,711.3306,0.06705334782600403
2.995374149659864,680.86926,0.10388796031475067
3.01859410430839,674.39667,0.1053142100572586
3.0418140589569163,684.4516,0.05741765350103378
3.0650340136054424,725.77246,0.07989288866519928
3.0882539682539685,753.7018,0.07401464134454727
3.1114739229024946,759.3799,0.10226713120937347
3.1346938775510207,740.88214,0.081816166639328
3.1579138321995464,703.38715,0.11003349721431732
3.1811337868480725,671.3258,0.07768262177705765
3.2043537414965986,662.6523,0.12526410818099976
3.2275736961451247,684.2118,0.09886723011732101
3.250793650793651,735.4257,0.07835540175437927
3.274013605442177,767.97107,0.04841766506433487
3.297233560090703,769.2359,0.13226532936096191
3.320453514739229,746.3758,0.110990010201931
3.3436734693877552,708.40546,0.1484932154417038
3.3668934240362813,681.24506,0.20482167601585388
3.3901133786848074,687.45905,0.10944926738739014
3.4133333333333336,728.9224,0.11512071639299393
3.4365532879818597,758.0572,0.09108687937259674
3.4597732426303858,754.0937,0.05589081346988678
3.4829931972789114,699.9352,0.008476132526993752
3.5062131519274375,618.1383,0.00507760513573885
3.5294331065759637,520.28534,0.002139998134225607
3.5526530612244898,521.31714,0.004266104195266962
3.575873015873016,534.4029,0.0044705504551529884
3.599092970521542,545.83167,0.004408734850585461
3.622312925170068,542.8405,0.007189480122178793
3.645532879818594,526.75946,0.004924877546727657
3.6687528344671203,509.6589,0.006869354285299778
3.6919727891156464,506.96222,0.0034635034389793873
3.7151927437641725,522.11237,0.006073496304452419
3.7384126984126986,538.6846,0.002406107261776924
3.7616326530612247,563.4172,0.0028162163216620684
3.784852607709751,564.5509,0.00270158052444458
3.8080725623582765,552.949,0.007160564418882132
3.8312925170068026,530.9199,0.007008396089076996
3.8545124716553287,508.11887,0.011646559461951256
3.877732426303855,502.22867,0.00602833041921258
3.900952380952381,517.337,0.006058419588953257
3.924172335600907,538.5309,0.0028212557081133127
3.947392290249433,567.073,0.0046769361943006516
3.9706122448979593,570.7696,0.0034690862521529198
3.9938321995464854,560.19617,0.006035790778696537
4.017052154195011,534.3724,0.006473539862781763
4.040272108843538,512.5337,0.008467250503599644
4.063492063492063,504.44403,0.00479175616055727
4.08671201814059,520.0792,0.006145649589598179
4.1099319727891155,539.38855,0.0027061353903263807
4.133151927437642,571.66,0.005745599512010813
4.156371882086168,575.3323,0.0034349425695836544
4.179591836734694,560.4994,0.0057289814576506615
4.20281179138322,524.2432,0.010847620666027069
4.2260317460317465,465.69815,0.011223390698432922
4.249251700680272,425.60724,0.014270073734223843
4.272471655328799,431.1267,0.008090793155133724
4.295691609977324,455.0824,0.007613512221723795
4.31891156462585,472.9137,0.007183307781815529
4.342131519274377,470.70645,0.004471929743885994
4.365351473922902,453.605,0.006871289573609829
4.388571428571429,435.79517,0.01084800437092781
4.4117913832199545,425.3765,0.012297072447836399
4.435011337868481,427.49713,0.009639715775847435
4.458231292517007,441.44275,0.005849071312695742
4.481451247165533,460.37228,0.006964918226003647
4.504671201814059,473.03897,0.007714502513408661
4.527891156462585,471.28665,0.005747513845562935
4.551111111111111,457.89407,0.00793352909386158
4.574331065759638,434.92865,0.01125701516866684
4.597551020408163,418.09555,0.010834373533725739
4.62077097505669,418.48422,0.012034023180603981
4.6439909297052155,434.55194,0.007311403285712004
4.667210884353741,457.95685,0.008512965403497219
4.690430839002268,477.69904,0.010385695844888687
4.713650793650793,473.8446,0.0063428254798054695
4.73687074829932,456.5715,0.008067015558481216
4.760090702947846,435.88965,0.011871421709656715
4.783310657596372,420.16147,0.011544108390808105
4.806530612244898,420.10428,0.011517316102981567
4.829750566893424,436.51804,0.006673079915344715
4.85297052154195,463.2005,0.009180665016174316
4.876190476190477,480.63544,0.011357737705111504
4.899410430839002,477.5811,0.007418632507324219
4.922630385487529,460.3008,0.0067442539148032665
4.9458503401360545,434.80386,0.00987788662314415
4.96907029478458,420.92255,0.00985158421099186
4.992290249433107,417.951,0.009896591305732727
5.015510204081632,425.9387,0.009702449664473534
5.038730158730159,427.85614,0.008742709644138813
5.061950113378685,417.55328,0.003941204398870468
5.085170068027211,394.12305,0.001257027150131762
5.108390022675737,353.68872,0.000911983079276979
5.131609977324263,343.1056,0.0012062019668519497
5.154829931972789,352.35254,0.0009181428467854857
5.178049886621316,366.7878,0.0019600242376327515
5.201269841269841,366.84415,0.0015873137162998319
5.224489795918368,362.1627,0.0006825370364822447
5.2477097505668935,350.79422,0.0007135074702091515
5.27092970521542,341.85797,0.0011324065271764994
5.294149659863946,338.3846,0.0008868317818269134
5.317369614512471,342.4802,0.0009356420487165451
5.340589569160998,356.61215,0.0013408558443188667
5.363809523809524,372.64084,0.0016411531250923872
5.38702947845805,378.06848,0.0011444691335782409
5.410249433106576,374.62158,0.0012701372615993023
5.433469387755102,364.20868,0.0007041356293484569
5.456689342403628,347.1569,0.0009754291386343539
5.479909297052155,336.327,0.0006938910228200257
5.50312925170068,336.12756,0.000677011557854712
5.526349206349207,347.48108,0.0009615186718292534
5.5495691609977325,366.0696,0.001714545302093029
5.572789115646259,375.56702,0.0012564670760184526
5.596009070294785,377.9773,0.0011821277439594269
5.61922902494331,368.54175,0.0008847531280480325
5.642448979591837,353.8208,0.0007113530300557613
5.6656689342403626,336.2749,0.0007533015450462699
5.688888888888889,333.00662,0.0005833221366629004
5.712108843537415,341.70236,0.0007434114813804626
5.735328798185941,359.44733,0.0013535987818613648
5.758548752834467,376.88318,0.0012245576363056898
5.7817687074829935,384.61035,0.0010066338581964374
5.804988662131519,376.4819,0.0008755839662626386
5.828208616780046,360.05362,0.00046598006156273186
5.851428571428571,338.82007,0.0007877672323957086
5.874648526077098,335.99692,0.00046256306814029813
5.897868480725624,340.04004,0.0005692312261089683
5.92108843537415,360.09677,0.0011689801467582583
5.944308390022676,381.69226,0.0011989644262939692
5.9675283446712015,395.04684,0.001202727435156703
5.990748299319728,386.14423,0.0007079296046867967
6.013968253968254,368.3177,0.00036554946564137936
6.03718820861678,342.40424,0.0005035555805079639
6.060408163265306,333.94556,0.000273856392595917
6.0836281179138325,341.87146,0.00034174835309386253
6.106848072562358,362.4636,0.000700111617334187
6.130068027210885,376.93533,0.000532769423443824
6.15328798185941,376.95706,0.0004235093656461686
6.176507936507937,362.31873,0.0001837537274695933
6.199727891156463,341.7399,0.00024947882047854364
6.222947845804989,330.48892,0.00015238916967064142
6.246167800453515,330.6278,0.00016376929124817252
6.269387755102041,356.93234,0.0003354601503815502
6.292607709750567,379.11887,0.00026489252923056483
6.315827664399093,385.12064,0.00018338634981773794
6.339047619047619,370.001,3.372635183040984e-05
6.362267573696145,0.0,6.363592547131702e-06
6.3854875283446715,0.0,7.79663423600141e-07
6.408707482993197,0.0,1.0296125765307806e-06
6.431927437641724,0.0,1.9095023162662983e-07
6.455147392290249,0.0,2.3876964405644685e-07
6.478367346938776,0.0,4.2382180254207924e-07
6.501587301587302,0.0,1.861235432443209e-07
6.524807256235828,0.0,1.976713065232616e-06
6.548027210884354,0.0,2.266401679662522e-06
6.57124716553288,0.0,2.9862694645999e-06
6.594467120181406,0.0,5.191971467866097e-06
6.617687074829932,0.0,4.637227903003804e-06
6.640907029478458,0.0,3.324974386487156e-06
6.664126984126984,0.0,5.963681360299233e-06
6.6873469387755105,0.0,7.53450694901403e-06
6.710566893424036,0.0,3.0809660529484972e-06
6.733786848072563,0.0,4.2430474422872066e-07
6.757006802721088,0.0,1.1757638276321813e-06
6.780226757369615,0.0,7.139715307857841e-08
