0.0,0.0,3.8776306610088795e-08
0.023219954648526078,0.0,1.756689016474411e-08
0.046439909297052155,0.0,3.992408892372623e-08
0.06965986394557823,0.0,1.9776962290052325e-08
0.09287981859410431,0.0,3.1607669370714575e-08
0.11609977324263039,0.0,2.00834620045498e-08
0.13931972789115646,0.0,1.847456587711349e-08
0.16253968253968254,0.0,2.9855982575099915e-08
0.18575963718820862,0.0,4.621961124939844e-08
0.2089795918367347,0.0,4.0338818507734686e-08
0.23219954648526078,0.0,8.633014658698812e-08
0.25541950113378686,0.0,4.832245394936763e-07
0.2786394557823129,0.0,3.02646731142886e-06
0.301859410430839,0.0,4.7683051889180206e-06
0.3250793650793651,0.0,6.435868272092193e-06
0.3482993197278912,0.0,7.930901119834743e-06
0.37151927437641724,0.0,9.928422514349222e-06
0.3947392290249433,0.0,9.969823622668628e-06
0.4179591836734694,0.0,9.570311704010237e-06
0.44117913832199546,0.0,9.106634934141766e-06
0.46439909297052157,126.46549,1.049113598128315e-05
0.4876190476190476,126.48491,1.3379676602198742e-05
0.5108390022675737,125.917404,1.690643694018945e-05
0.5340589569160998,126.173,2.6439713110448793e-05
0.5572789115646258,146.93073,3.898734212270938e-05
0.5804988662131519,854.611,5.4854986956343055e-05
0.603718820861678,864.527,6.003192174830474e-05
0.626938775510204,862.1614,7.101579831214622e-05
0.6501587301587302,864.9229,7.896233000792563e-05
0.6733786848072563,868.0498,8.361684740521014e-05
0.6965986394557824,870.6435,8.388925925828516e-05
0.7198185941043084,876.59393,8.513493230566382e-05
0.7430385487528345,873.758,8.893616904970258e-05
0.7662585034013606,863.8496,8.875598723534495e-05
0.7894784580498866,868.82684,7.252070645336062e-05
0.8126984126984127,875.53735,6.429907080018893e-05
0.8359183673469388,887.10535,6.650858267676085e-05
0.8591383219954649,172.67674,5.7328841648995876e-05
0.8823582766439909,855.33655,4.317254206398502e-05
0.905578231292517,840.3418,5.199117003940046e-05
0.9287981859410431,826.0544,4.349113805801608e-05
0.9520181405895691,843.4351,5.944535223534331e-05
0.9752380952380952,843.07635,7.112379535101354e-05
0.9984580498866213,857.2818,6.35534233879298e-05
1.0216780045351475,843.2707,8.586364856455475e-05
1.0448979591836736,839.13007,7.686502067372203e-05
1.0681179138321997,842.1253,0.00010495807509869337
1.0913378684807256,840.1279,0.00010496662434889004
1.1145578231292517,862.3653,0.00013208502787165344
1.1377777777777778,862.108,0.000169084727531299
1.1609977324263039,865.0777,0.00016328858328051865
1.18421768707483,863.9614,0.0002097653632517904
1.207437641723356,839.94183,0.0001868375693447888
1.2306575963718822,846.4665,0.00020640125148929656
1.253877551020408,847.6878,0.00014596845721825957
1.2770975056689342,861.2244,0.0001363445189781487
1.3003174603174603,878.05865,9.035509719979018e-05
1.3235374149659864,907.1363,5.5246204283321276e-05
1.3467573696145125,508.61298,6.030035365256481e-05
1.3699773242630386,509.11932,6.582470814464614e-05
1.3931972789115648,510.19675,9.719677473185584e-05
1.4164172335600906,876.9723,0.00013016440789215267
1.4396371882086167,867.6514,0.00012387006427161396
1.4628571428571429,874.25574,0.00016992207383736968
1.486077097505669,877.0709,0.00011478795204311609
1.509297052154195,867.6899,0.00014809801359660923
1.5325170068027212,640.713,0.00020847463747486472
1.5557369614512473,647.3284,0.00024080302682705224
1.5789569160997732,640.71436,0.0002319415652891621
1.6021768707482993,862.8498,0.0003002628800459206
1.6253968253968254,1216.6581,0.0003262097598053515
1.6486167800453515,847.11194,0.00037244727718643844
1.6718367346938776,1231.7314,0.0003279887023381889
1.6950566893424037,1248.5809,0.00027538390713743865
1.7182766439909298,1259.5465,0.0002838510263245553
1.7414965986394557,643.97754,0.0002858871011994779
1.7647165532879818,2733.2175,0.00031117768958210945
1.787936507936508,857.1254,0.00038497764035128057
1.811156462585034,1253.3744,0.00025464140344411135
1.8343764172335602,1249.3754,0.00023966778826434165
1.8575963718820863,640.4199,0.0002061699196929112
1.8808163265306124,834.4015,0.00021397124510258436
1.9040362811791383,841.34924,0.00019654307106975466
1.9272562358276644,840.425,0.00023060782405082136
1.9504761904761905,2721.6,0.0001979506341740489
1.9736961451247166,503.7529,0.00020066779688932002
1.9969160997732427,850.04114,0.00024229787231888622
2.020136054421769,848.16,0.00030854641227051616
2.043356009070295,2704.9307,0.0002901175175793469
2.066575963718821,634.9451,0.00027078011771664023
2.089795918367347,2677.9226,0.000229007113375701
2.1130158730158732,839.1764,0.00029670016374439
2.1362358276643993,2734.5325,0.00031559591297991574
2.159455782312925,861.4937,0.0003457791171967983
2.182675736961451,1241.9973,0.00038596702506765723
2.2058956916099772,1244.02,0.0003749930765479803
2.2291156462585033,851.31335,0.00039178694714792073
2.2523356009070294,856.7339,0.00043100325274281204
2.2755555555555556,865.393,0.0005367266130633652
2.2987755102040817,873.5161,0.0004998573567718267
2.3219954648526078,1180.1102,0.00047858990728855133
2.345215419501134,869.22217,0.00035341858165338635
2.36843537414966,853.973,0.00031412389944307506
2.391655328798186,853.12823,0.00039749540155753493
2.414875283446712,867.5887,0.00044334426638670266
2.4380952380952383,872.6076,0.0005599780706688762
2.4613151927437644,878.75183,0.0004083914973307401
2.48453514739229,877.7744,0.0004589977324940264
2.507755102040816,871.85,0.0005929397884756327
2.5309750566893423,879.25134,0.00047886601532809436
2.5541950113378684,858.903,0.0003312263870611787
2.5774149659863945,843.5329,0.00037887622602283955
2.6006349206349206,848.07947,0.0005482713459059596
2.6238548752834467,868.1643,0.0007240602863021195
2.647074829931973,1220.2189,0.0008902652189135551
2.670294784580499,878.7842,0.0007845793734304607
2.693514739229025,874.8782,0.0007261699065566063
2.716734693877551,875.20044,0.0006818715482950211
2.7399546485260773,2745.913,0.0006096259457990527
2.7631746031746034,866.3798,0.0005214439006522298
2.7863945578231295,866.80426,0.00031604981631971896
2.809614512471655,2716.0806,0.0001912347215693444
2.8328344671201813,2786.6196,0.00018022468429990113
2.8560544217687074,660.771,0.00030056157265789807
2.8792743764172335,853.3414,0.0004279090208001435
2.9024943310657596,645.7923,0.0005925620789639652
2.9257142857142857,874.1237,0.0004676215467043221
2.948934240362812,632.21124,0.000451611471362412
2.972154195011338,845.78015,0.0003772422205656767
2.995374149659864,2716.845,0.00022312375949695706
3.01859410430839,2767.383,0.0002702561323530972
3.0418140589569163,2764.9595,0.0005565861356444657
3.0650340136054424,2713.0176,0.00086375349201262
3.0882539682539685,868.1906,0.0014053110498934984
3.1114739229024946,1278.7079,0.0014508941676467657
3.1346938775510207,1283.7347,0.000990724889561534
3.1579138321995464,865.04114,0.0008351977448910475
3.1811337868480725,2701.1108,0.0005595249822363257
3.2043537414965986,2739.1636,0.0005715143634006381
3.2275736961451247,2736.2285,0.0006117525626905262
3.250793650793651,2760.9392,0.0011087281163781881
3.274013605442177,2720.2642,0.0011086429003626108
3.297233560090703,2697.6045,0.0005957657704129815
3.320453514739229,2714.5146,0.0007896232418715954
3.3436734693877552,1279.1139,0.001201279228553176
3.3668934240362813,898.71936,0.0014668754301965237
3.3901133786848074,908.6038,0.001163717359304428
3.4133333333333336,886.28784,0.0011591212823987007
3.4365532879818597,856.09106,0.0007453120779246092
3.4597732426303858,2660.7769,0.0008520933333784342
3.4829931972789114,2674.544,0.0011607727501541376
3.5062131519274375,2684.1682,0.0016513625159859657
3.5294331065759637,875.60736,0.00202903151512146
3.5526530612244898,897.475,0.0024653086438775063
3.575873015873016,1221.4377,0.002294367179274559
3.599092970521542,893.08405,0.0018648426048457623
3.622312925170068,867.9592,0.0015820120461285114
3.645532879818594,2686.3562,0.0014635471161454916
3.6687528344671203,2660.8635,0.0017079077661037445
3.6919727891156464,2652.0588,0.002442694501951337
3.7151927437641725,2736.2402,0.0026895226910710335
3.7384126984126986,886.9062,0.0037788357585668564
3.7616326530612247,1215.5903,0.0033535221591591835
3.784852607709751,1223.9514,0.0032353829592466354
3.8080725623582765,1210.1078,0.0032503397669643164
3.8312925170068026,1179.1437,0.00300642941147089
3.8545124716553287,1186.5175,0.0025063655339181423
3.877732426303855,1251.3656,0.0018193263094872236
3.900952380952381,878.0553,0.0010958041530102491
3.924172335600907,880.0907,0.002147403545677662
3.947392290249433,878.2951,0.003223423846065998
3.9706122448979593,1185.618,0.002454238012433052
3.9938321995464854,892.5027,0.0020816060714423656
4.017052154195011,885.3137,0.0029650728683918715
4.040272108843538,898.6771,0.003698269836604595
4.063492063492063,1200.4596,0.0034830807708203793
4.08671201814059,1262.565,0.0025737846735864878
4.1099319727891155,883.99255,0.002841442823410034
4.133151927437642,879.847,0.003972887992858887
4.156371882086168,1246.7764,0.003628893056884408
4.179591836734694,1138.0756,0.003271968336775899
4.20281179138322,879.317,0.003153966972604394
4.2260317460317465,883.89557,0.004696608521044254
4.249251700680272,899.98785,0.0052811214700341225
4.272471655328799,1213.6266,0.0026740313041955233
4.295691609977324,879.6793,0.001867776969447732
4.31891156462585,1260.1935,0.0019799750298261642
4.342131519274377,1218.3168,0.003618309274315834
4.365351473922902,888.2485,0.003306026803329587
4.388571428571429,882.33966,0.0016113091260194778
4.4117913832199545,1245.421,0.0028423969633877277
4.435011337868481,2708.8347,0.0021248701959848404
4.458231292517007,875.54926,0.0019525575917214155
4.481451247165533,870.1205,0.0033748734276741743
4.504671201814059,2709.185,0.002071453258395195
4.527891156462585,1243.0106,0.002174138091504574
4.551111111111111,1171.0615,0.002227118005976081
4.574331065759638,869.34424,0.0021005221642553806
4.597551020408163,2654.089,0.0041376808658242226
4.62077097505669,2672.7402,0.003959408961236477
4.6439909297052155,2754.2175,0.003995666280388832
4.667210884353741,873.33124,0.0038439249619841576
4.690430839002268,875.8232,0.004424181766808033
4.713650793650793,2726.2793,0.0033369199372828007
4.73687074829932,1264.5663,0.002664070576429367
4.760090702947846,1229.0756,0.002850764663890004
4.783310657596372,1231.6813,0.003260523546487093
4.806530612244898,2694.555,0.005430780351161957
4.829750566893424,2711.764,0.00359644228592515
4.85297052154195,879.1481,0.0037291846238076687
4.876190476190477,875.2152,0.003925156779587269
4.899410430839002,875.698,0.003941942937672138
4.922630385487529,871.8558,0.005466454662382603
4.9458503401360545,1244.5326,0.005006066057831049
4.96907029478458,1206.4731,0.004705233499407768
4.992290249433107,1239.514,0.004290555603802204
5.015510204081632,1263.5319,0.0038997288793325424
5.038730158730159,1282.4325,0.004315122030675411
5.061950113378685,1263.4404,0.0045126997865736485
5.085170068027211,1214.9458,0.004552967846393585
5.108390022675737,905.59845,0.004382091108709574
5.131609977324263,902.03845,0.004665053449571133
5.154829931972789,902.644,0.005384179297834635
5.178049886621316,1194.6132,0.004315556958317757
5.201269841269841,1257.1595,0.0025309445336461067
5.224489795918368,881.7843,0.0017030953895300627
5.2477097505668935,884.2522,0.0033239249605685472
5.27092970521542,883.4906,0.004510406404733658
5.294149659863946,1192.8639,0.0034521734341979027
5.317369614512471,882.3885,0.003950481303036213
5.340589569160998,877.98303,0.003633728949353099
5.363809523809524,892.88525,0.0052909329533576965
5.38702947845805,909.9063,0.005485091358423233
5.410249433106576,1232.7905,0.005489649251103401
5.433469387755102,1250.1975,0.0047554736956954
5.456689342403628,1192.6155,0.0033829782623797655
5.479909297052155,875.70746,0.0027099531143903732
5.50312925170068,2704.4841,0.002756623551249504
5.526349206349207,2729.8813,0.003383349161595106
5.5495691609977325,1285.9154,0.0031371628865599632
5.572789115646259,897.2558,0.0032277328427881002
5.596009070294785,908.7994,0.003185663837939501
5.61922902494331,880.8078,0.0027595702558755875
5.642448979591837,2726.7073,0.002158834133297205
5.6656689342403626,2684.3142,0.0017852997407317162
5.688888888888889,2674.0027,0.001781962113454938
5.712108843537415,2694.899,0.0029631247743964195
5.735328798185941,1285.5621,0.0037459884770214558
5.758548752834467,895.0687,0.00491640530526638
5.7817687074829935,1236.3333,0.003909319639205933
5.804988662131519,1178.9177,0.0026727383956313133
5.828208616780046,2736.7214,0.0015352366026490927
5.851428571428571,2751.399,0.001432046527042985
5.874648526077098,866.9984,0.0014092790661379695
5.897868480725624,865.9155,0.0022390284575521946
5.92108843537415,2736.8186,0.002798789646476507
5.944308390022676,889.1838,0.002607456175610423
5.9675283446712015,897.87366,0.0025959033519029617
5.990748299319728,2757.6135,0.002163143362849951
6.013968253968254,2754.9944,0.002832647180184722
6.03718820861678,1293.4728,0.0029422517400234938
6.060408163265306,1288.5856,0.001440552994608879
6.0836281179138325,877.77405,0.001372296130284667
6.106848072562358,2715.1392,0.0011179136345162988
6.130068027210885,2733.4988,0.001337291905656457
6.15328798185941,2692.9553,0.0016919096233323216
6.176507936507937,1276.9332,0.003010445274412632
6.199727891156463,1259.4302,0.002932016272097826
6.222947845804989,1269.9602,0.0020442630629986525
6.246167800453515,870.9541,0.00137130927760154
6.269387755102041,2676.6123,0.0012673328164964914
6.292607709750567,2687.5378,0.0012321267277002335
6.315827664399093,2691.7944,0.0013541891239583492
6.339047619047619,2665.3418,0.0013665694277733564
6.362267573696145,866.816,0.0021107373759150505
6.3854875283446715,1281.6045,0.0023131270427256823
6.408707482993197,1284.2036,0.001761245192028582
6.431927437641724,1275.8123,0.0012109937379136682
6.455147392290249,2698.359,0.0013723662123084068
6.478367346938776,2654.306,0.001283508725464344
6.501587301587302,2664.5662,0.001470448449254036
6.524807256235828,1284.0623,0.001464148866944015
6.548027210884354,2733.4788,0.0013395424466580153
6.57124716553288,2713.8767,0.0011633277172222733
6.594467120181406,854.2946,0.0011361442739143968
6.617687074829932,1257.6354,0.001704614027403295
6.640907029478458,1262.5923,0.0016732553485780954
6.664126984126984,1257.0471,0.0012051293160766363
6.6873469387755105,2698.5505,0.0012270987499505281
6.710566893424036,2659.2048,0.0016007892554625869
6.733786848072563,2641.8186,0.001377631677314639
6.757006802721088,2675.866,0.0010905720992013812
6.780226757369615,2642.6467,0.0012374771758913994
6.8034467120181406,856.84827,0.0015584594802930951
6.826666666666667,1256.0388,0.0016273767687380314
6.849886621315193,1245.9675,0.0012291669845581055
6.873106575963719,2663.4917,0.0012622945941984653
6.896326530612245,2642.2886,0.0015316650969907641
6.9195464852607715,2643.3567,0.001341089140623808
6.942766439909297,2689.1265,0.000828434363938868
6.965986394557823,2648.183,0.0009682003292255104
6.989206349206349,2663.1306,0.001121080364100635
7.012426303854875,857.1621,0.000988698098808527
7.035646258503402,2681.536,0.0008928661118261516
7.058866213151927,2655.0212,0.0012089816154912114
7.082086167800454,2648.8914,0.000894322176463902
7.1053061224489795,2647.8933,0.0008849456207826734
7.128526077097506,2630.7183,0.0007146638818085194
7.151746031746032,2641.9722,0.0008923009154386818
7.174965986394558,847.2307,0.000920822552870959
7.198185941043084,847.43536,0.0009864969179034233
7.2214058956916105,849.3595,0.000771129853092134
7.244625850340136,2601.3345,0.0008027204312384129
7.267845804988662,2613.1934,0.0007161373505368829
7.291065759637188,2611.456,0.0007232145871967077
7.314285714285714,2632.6428,0.0008701969054527581
7.337505668934241,1252.8613,0.0008002501563169062
7.360725623582766,845.5299,0.0007379594026133418
7.383945578231293,2643.5427,0.0008871285244822502
7.4071655328798185,1245.2612,0.0007875061128288507
7.430385487528345,2605.953,0.0007309637148864567
7.453605442176871,2632.5186,0.0006433728849515319
7.476825396825397,2597.6504,0.0006499838782474399
7.500045351473923,2610.0625,0.0007056690519675612
7.5232653061224495,841.7249,0.0007613664492964745
7.546485260770975,845.70496,0.0008215957786887884
7.569705215419502,842.11523,0.0005347771802917123
7.592925170068027,2623.4116,0.0005686554359272122
7.616145124716553,2613.6245,0.0004460143391042948
7.63936507936508,1241.6345,0.0004074418102391064
7.662585034013605,2600.256,0.0004289415664970875
7.685804988662132,2618.6797,0.00045184133341535926
7.7090249433106575,2633.418,0.0005182987079024315
7.732244897959184,2638.9114,0.0005021167453378439
7.75546485260771,2599.5876,0.0004992822650820017
7.778684807256236,837.3836,0.0005429647862911224
7.801904761904762,1222.6654,0.0004843546776100993
7.8251247165532885,1224.9475,0.0004860946210101247
7.848344671201814,1236.5806,0.0004172430490143597
7.871564625850341,2624.987,0.0004575462080538273
7.894784580498866,2620.9653,0.0006202739896252751
7.918004535147393,836.8768,0.000516992702614516
7.9412244897959186,2621.292,0.00043539225589483976
7.964444444444444,1237.9967,0.0005396289634518325
7.987664399092971,1230.266,0.000462152500404045
8.010884353741497,1228.5017,0.0005210799863561988
8.034104308390022,1232.2308,0.00041210214840248227
8.057324263038549,2606.5278,0.0004569663724396378
8.080544217687075,2647.4915,0.0005295337177813053
8.103764172335602,2662.6265,0.0003765139845199883
8.126984126984127,2644.652,0.00035966740688309073
8.150204081632653,1247.4716,0.00033262401120737195
8.17342403628118,831.6914,0.00024344553821720183
8.196643990929706,837.4019,0.00029093021294102073
8.219863945578231,842.5847,0.00035273446701467037
8.243083900226758,1206.2391,0.00025945802917703986
8.266303854875284,1216.4352,0.000293008895823732
8.289523809523809,1219.7317,0.00027519743889570236
8.312743764172335,855.3343,0.00023380473430734128
8.335963718820862,827.3937,0.0002149844658561051
8.359183673469389,816.6793,0.00024069601204246283
8.382403628117913,816.80865,0.00023492772015742958
8.40562358276644,502.65356,0.00029713514959439635
8.428843537414966,507.53043,0.0002788061974570155
8.452063492063493,1189.4712,0.00025280832778662443
8.475283446712018,1180.4149,0.0002170281659346074
8.498503401360544,505.67206,0.00020645715994760394
8.52172335600907,821.16595,0.00018837051175069064
8.544943310657597,838.2411,0.00018794930656440556
8.568163265306122,821.8881,0.00015316379722207785
8.591383219954649,502.9738,0.00017070339526981115
8.614603174603175,500.46548,0.0002860932145267725
8.6378231292517,856.44403,0.00023586289898958057
8.661043083900227,861.44794,0.00017062868573702872
8.684263038548753,310.6714,0.00016662967391312122
8.70748299319728,833.45636,0.00010844532516784966
8.730702947845804,846.8663,9.808570030145347e-05
8.753922902494331,120.04497,0.00010144035331904888
8.777142857142858,246.2634,0.0001243189472006634
8.800362811791384,506.031,9.546575893182307e-05
8.823582766439909,1028.7301,8.598994463682175e-05
8.846802721088435,1072.3647,8.397125930059701e-05
8.870022675736962,860.6661,6.7824890720658e-05
8.893242630385489,115.780594,9.318882075604051e-05
8.916462585034013,616.08563,6.795428635086864e-05
8.93968253968254,498.9415,7.87179233157076e-05
8.962902494331066,509.06195,8.028456068132073e-05
8.986122448979591,175.08846,6.983648199820891e-05
9.009342403628118,607.3917,6.987214146647602e-05
9.032562358276644,177.75806,8.070431795204058e-05
9.05578231292517,513.51044,5.60594598937314e-05
9.079002267573696,494.43198,6.55393669148907e-05
9.102222222222222,251.36731,6.510268576676026e-05
9.125442176870749,246.48468,6.181655771797523e-05
9.148662131519275,508.1483,6.23435917077586e-05
9.1718820861678,512.7873,7.407779048662633e-05
9.195102040816327,601.54694,5.627458813250996e-05
9.218321995464853,134.54088,7.444633229169995e-05
9.24154195011338,516.0887,5.4228097724262625e-05
9.264761904761905,165.8451,4.916522448183969e-05
9.287981859410431,512.7187,5.614823749056086e-05
9.311201814058958,617.7456,5.2479917940218e-05
9.334421768707482,509.64606,5.66663766221609e-05
9.357641723356009,514.73193,5.6644901633262634e-05
9.380861678004536,545.94415,5.0246791943209246e-05
9.404081632653062,540.5053,6.176422175485641e-05
9.427301587301587,518.6885,4.670069756684825e-05
9.450521541950113,513.0259,4.8854904889594764e-05
9.47374149659864,507.6713,4.168817395111546e-05
9.496961451247167,511.74503,4.757403439725749e-05
9.520181405895691,510.49207,5.320405762176961e-05
9.543401360544218,527.7803,4.7374960558954626e-05
9.566621315192744,175.45152,5.161752415006049e-05
9.58984126984127,525.088,4.1893938032444566e-05
9.613061224489796,511.9192,4.028729745186865e-05
9.636281179138322,518.59827,4.404130595503375e-05
9.659501133786849,516.875,4.0734616050031036e-05
9.682721088435374,130.04175,3.028782521141693e-05
9.7059410430839,0.0,3.3232954592676833e-06
9.729160997732427,0.0,2.576416591182351e-07
9.752380952380953,0.0,2.8886461223009974e-08
9.775600907029478,0.0,2.946580934803933e-08
9.798820861678005,0.0,2.3871507437434047e-08
9.822040816326531,0.0,7.837024895707145e-08
9.845260770975058,0.0,3.178865881636739e-08
9.868480725623582,0.0,1.616990630282089e-08
9.891700680272109,0.0,2.0763764041475952e-08
9.914920634920636,0.0,3.020159056177363e-08
9.93814058956916,0.0,1.4460056263487786e-08
9.961360544217687,0.0,3.039258444914594e-08
9.984580498866213,0.0,4.832145350519568e-08
10.00780045351474,0.0,3.60951162292622e-08
10.031020408163265,0.0,1.005082594929263e-08
10.054240362811791,0.0,4.424327926244587e-08
10.077460317460318,0.0,3.7788595363963395e-08
10.100680272108844,0.0,4.224420990794897e-08
10.12390022675737,0.0,5.5131749832071364e-08
10.147120181405896,0.0,4.2459760152269155e-08
10.170340136054422,0.0,6.874142854940146e-08
10.193560090702949,0.0,5.5352757044602185e-08
10.216780045351474,0.0,2.5627741706557572e-08
10.24,0.0,3.6502569855656475e-08
10.263219954648527,0.0,2.506203600205481e-08
10.286439909297052,0.0,1.669104676693678e-08
10.309659863945578,0.0,7.69978214520961e-09
10.332879818594105,0.0,1.0186340659856796e-08
10.356099773242631,0.0,1.6062585928011686e-08
10.379319727891156,0.0,2.245269570266828e-08
10.402539682539683,0.0,3.039531293325126e-09
