0.0,0.0,1.1081283446401358e-08
0.023219954648526078,0.0,1.2753844202961773e-08
0.046439909297052155,0.0,8.79936123965308e-09
0.06965986394557823,0.0,1.2015334505122155e-08
0.09287981859410431,0.0,1.049829734256491e-08
0.11609977324263039,0.0,1.2129930837545544e-08
0.13931972789115646,0.0,1.0873009159695357e-08
0.16253968253968254,0.0,1.677199179539457e-08
0.18575963718820862,0.0,1.5606110537191853e-07
0.2089795918367347,0.0,3.589393600123003e-07
0.23219954648526078,0.0,3.6667825042968616e-07
0.25541950113378686,0.0,1.3531916920328513e-07
0.2786394557823129,0.0,2.40378449234413e-06
0.301859410430839,24089.283,1.097535187000176e-05
0.3250793650793651,194.16737,1.8299739167559892e-05
0.3482993197278912,127.20285,2.258431413793005e-05
0.37151927437641724,372.7876,2.3187589249573648e-05
0.3947392290249433,369.4679,2.7552056053536944e-05
0.4179591836734694,129.03236,3.4722688724286854e-05
0.44117913832199546,129.68929,4.3082196498289704e-05
0.46439909297052157,370.73935,4.825061114388518e-05
0.4876190476190476,371.278,5.094247535453178e-05
0.5108390022675737,365.85565,5.802439773106016e-05
0.5340589569160998,366.00174,6.533994746860117e-05
0.5572789115646258,357.6172,6.858905544504523e-05
0.5804988662131519,377.1448,7.689985795877874e-05
0.603718820861678,384.67007,9.91450942819938e-05
0.626938775510204,381.76627,0.00010661827400326729
0.6501587301587302,385.6471,0.00012279697693884373
0.6733786848072563,380.9237,0.00011611345689743757
0.6965986394557824,377.88803,0.00010131402086699381
0.7198185941043084,373.27673,0.00011544449080247432
0.7430385487528345,380.6794,0.00012625858653336763
0.7662585034013606,390.99533,0.00014891583123244345
0.7894784580498866,388.24347,0.00017305622168350965
0.8126984126984127,388.0014,0.00017334612493868917
0.8359183673469388,386.96066,0.00012288021389394999
0.8591383219954649,376.13934,0.00012523704208433628
0.8823582766439909,368.313,0.0001377454900648445
0.905578231292517,371.72632,0.00014289451064541936
0.9287981859410431,373.70032,0.00014744327927473933
0.9520181405895691,391.11407,0.00018470062059350312
0.9752380952380952,392.9141,0.00021174855646677315
0.9984580498866213,390.99088,0.00020676059648394585
1.0216780045351475,389.11493,0.00016688100004103035
1.0448979591836736,384.8669,0.00016105757094919682
1.0681179138321997,388.20987,0.0001775590644683689
1.0913378684807256,389.2307,0.00018094960250891745
1.1145578231292517,388.85312,0.00019037640595342964
1.1377777777777778,391.1159,0.00021377790835686028
1.1609977324263039,390.64688,0.00022553079179488122
1.18421768707483,390.53967,0.00022907252423465252
1.207437641723356,390.65802,0.00023024549591355026
1.2306575963718822,390.6144,0.00023875337501522154
1.253877551020408,392.19034,0.0002651888062246144
1.2770975056689342,393.77737,0.0003104245406575501
1.3003174603174603,394.4644,0.0003252424648962915
1.3235374149659864,395.7425,0.00033868246828205884
1.3467573696145125,396.89825,0.0003531425027176738
1.3699773242630386,400.87625,0.0003338849637657404
1.3931972789115648,399.25375,0.00028097553877159953
1.4164172335600906,398.21115,0.00025344081223011017
1.4396371882086167,401.0445,0.00018132998957298696
1.4628571428571429,406.90155,9.031881927512586e-05
1.486077097505669,409.24948,7.385309436358511e-05
1.509297052154195,440.3848,6.634421151829883e-05
1.5325170068027212,408.7866,4.947407796862535e-05
1.5557369614512473,288.66998,6.928664515726268e-05
1.5789569160997732,407.15015,8.357630576938391e-05
1.6021768707482993,151.92616,8.153384260367602e-05
1.6253968253968254,365.36035,8.79075814737007e-05
1.6486167800453515,351.43268,0.00012504110054578632
1.6718367346938776,328.7673,0.0001759295118972659
1.6950566893424037,349.8653,0.00016984774265438318
1.7182766439909298,345.46362,0.00012498484284151345
1.7414965986394557,404.12415,0.00012088211224181578
1.7647165532879818,356.93982,0.0001304179895669222
1.787936507936508,404.09042,0.00013199748354963958
1.811156462585034,364.529,0.00015280469960998744
1.8343764172335602,356.24652,0.00017995602684095502
1.8575963718820863,347.62314,0.00018615348380990326
1.8808163265306124,347.02557,0.00015905831241980195
1.9040362811791383,405.07788,0.00014698364248033613
1.9272562358276644,397.49472,0.00015116433496586978
1.9504761904761905,266.83322,0.00014999060658738017
1.9736961451247166,403.45105,0.00016057085304055363
1.9969160997732427,398.4952,0.00016946063260547817
2.020136054421769,389.1381,0.00019939453341066837
2.043356009070295,400.77942,0.0001937136403284967
2.066575963718821,411.7538,0.00017262740584556013
2.089795918367347,405.38168,0.00014316537999548018
2.1130158730158732,270.26505,0.00016111972217913717
2.1362358276643993,408.30582,0.00015528613585047424
2.159455782312925,157.48044,0.00015781421097926795
2.182675736961451,405.46768,0.00020598455739673227
2.2058956916099772,414.0008,0.00019578952924348414
2.2291156462585033,413.81366,0.00018230549176223576
2.2523356009070294,411.257,0.00015772265032865107
2.2755555555555556,407.5199,0.00017095076327677816
2.2987755102040817,410.247,0.00016697170212864876
2.3219954648526078,409.49344,0.0001777457509888336
2.345215419501134,414.69962,0.00018080879817716777
2.36843537414966,414.73822,0.000197092245798558
2.391655328798186,478.7611,0.00019166246056556702
2.414875283446712,479.06754,0.00018943610484711826
2.4380952380952383,417.4618,0.00018356501823291183
2.4613151927437644,265.17303,0.00019686282030306756
2.48453514739229,479.14795,0.00018508225912228227
2.507755102040816,477.24127,0.0001905552635435015
2.5309750566893423,164.47148,0.00020204400061629713
2.5541950113378684,404.6755,0.0002472102059982717
2.5774149659863945,399.1205,0.0003262647078372538
2.6006349206349206,361.3501,0.00030262916698120534
2.6238548752834467,372.38895,0.00033352183527313173
2.647074829931973,380.26746,0.00024301173107232898
2.670294784580499,375.7479,0.0002815357001964003
2.693514739229025,370.60587,0.0002822314854711294
2.716734693877551,378.4615,0.0003058207221329212
2.7399546485260773,383.90445,0.00040747039020061493
2.7631746031746034,383.24847,0.0006486806669272482
2.7863945578231295,411.28244,0.0007834631251171231
2.809614512471655,408.8691,0.0007244801963679492
2.8328344671201813,411.60574,0.0004815850406885147
2.8560544217687074,376.5847,0.0004167899605818093
2.8792743764172335,407.32748,0.00044540129601955414
2.9024943310657596,399.89523,0.0006712181493639946
2.9257142857142857,411.32437,0.0013039266923442483
2.948934240362812,403.84418,0.0016497548203915358
2.972154195011338,406.6365,0.001368323341012001
2.995374149659864,408.44867,0.0007623411947861314
3.01859410430839,397.08386,0.0004035176825709641
3.0418140589569163,433.06284,0.000453986634965986
3.0650340136054424,428.95642,0.00045771035365760326
3.0882539682539685,423.90164,0.0006146985106170177
3.1114739229024946,416.5378,0.0012283577816560864
3.1346938775510207,408.10483,0.0016300486167892814
3.1579138321995464,409.72656,0.0012366974260658026
3.1811337868480725,412.9738,0.0005579506978392601
3.2043537414965986,420.54132,0.00045944080920889974
3.2275736961451247,447.42273,0.00047849040129221976
3.250793650793651,471.0723,0.000495012616738677
3.274013605442177,435.29288,0.0006315158098004758
3.297233560090703,418.80795,0.0011297372402623296
3.320453514739229,406.20035,0.0013027421664446592
3.3436734693877552,399.4737,0.00076948048081249
3.3668934240362813,414.7872,0.0004162222321610898
3.3901133786848074,467.85187,0.0004174988716840744
3.4133333333333336,449.2122,0.00045665004290640354
3.4365532879818597,453.13892,0.0005115621024742723
3.4597732426303858,445.977,0.0005769013077951968
3.4829931972789114,429.71936,0.0005424126866273582
3.5062131519274375,416.7888,0.0005138702690601349
3.5294331065759637,433.3066,0.0005199073348194361
3.5526530612244898,421.66455,0.0005454184138216078
3.575873015873016,427.26813,0.0005783452652394772
3.599092970521542,369.79553,0.0006192500004544854
3.622312925170068,417.26285,0.0006741989636793733
3.645532879818594,381.92993,0.0008054934442043304
3.6687528344671203,408.6016,0.0008546848548576236
3.6919727891156464,393.8138,0.0012164564104750752
3.7151927437641725,400.10025,0.001850344706326723
3.7384126984126986,408.99258,0.0015791697660461068
3.7616326530612247,418.459,0.0006164241349324584
3.784852607709751,439.05215,0.0005565473693422973
3.8080725623582765,449.9156,0.0003886958584189415
3.8312925170068026,455.60635,0.0002460675314068794
3.8545124716553287,460.22778,0.0001725569600239396
3.877732426303855,472.8554,0.00013917902833782136
3.900952380952381,240.25789,0.00019663749844767153
3.924172335600907,250.02547,0.0002441925462335348
3.947392290249433,258.07144,0.0003734161437023431
3.9706122448979593,731.8387,0.0003538122109603137
3.9938321995464854,257.16162,0.00020740674517583102
4.017052154195011,488.16452,0.00022711665951646864
4.040272108843538,237.56688,0.00019217086082790047
4.063492063492063,256.42532,0.0002637168799992651
4.08671201814059,246.84637,0.000329394853906706
4.1099319727891155,255.83383,0.000508163939230144
4.133151927437642,735.5934,0.0006034651887603104
4.156371882086168,747.14264,0.00044752657413482666
4.179591836734694,255.23763,0.000308526330627501
4.20281179138322,251.995,0.0002637674333527684
4.2260317460317465,251.10895,0.00028657386428676546
4.249251700680272,254.09161,0.00044321734458208084
4.272471655328799,730.7332,0.0006470838561654091
4.295691609977324,755.9911,0.0006438761483877897
4.31891156462585,759.7157,0.0006497367285192013
4.342131519274377,754.4142,0.000368795677786693
4.365351473922902,250.9898,0.00028434867272153497
4.388571428571429,264.42798,0.0003349457401782274
4.4117913832199545,265.4678,0.00035235279938206077
4.435011337868481,253.04703,0.00045135090476833284
4.458231292517007,736.9201,0.0006811069324612617
4.481451247165533,752.49036,0.0007060570642352104
4.504671201814059,754.1047,0.0005552643560804427
4.527891156462585,401.20682,0.00028089413535781205
4.551111111111111,573.8385,0.0003327429876662791
4.574331065759638,263.49234,0.00036968651693314314
4.597551020408163,248.00467,0.0003624748787842691
4.62077097505669,254.13792,0.0004455507732927799
4.6439909297052155,737.8873,0.0006181179778650403
4.667210884353741,744.9174,0.0005890509346500039
4.690430839002268,765.8813,0.00037938228342682123
4.713650793650793,256.3981,0.00031406403286382556
4.73687074829932,256.33655,0.0003198613412678242
4.760090702947846,257.89252,0.00035864749224856496
4.783310657596372,259.54074,0.00035896964254789054
4.806530612244898,258.6172,0.00029729490051977336
4.829750566893424,255.16957,0.0002081158454529941
4.85297052154195,248.03633,0.00023015259648673236
4.876190476190477,483.16846,0.0005650190287269652
4.899410430839002,419.76614,0.0011016370262950659
4.922630385487529,395.81967,0.0010653811041265726
4.9458503401360545,389.2248,0.0008979503763839602
4.96907029478458,385.5972,0.0009387576719745994
4.992290249433107,385.8967,0.0007871118723414838
5.015510204081632,380.55658,0.0008094372460618615
5.038730158730159,383.45926,0.0008939605322666466
5.061950113378685,386.4922,0.0010327608324587345
5.085170068027211,389.007,0.001161309890449047
5.108390022675737,392.1247,0.0014660817105323076
5.131609977324263,393.63104,0.0012461869046092033
5.154829931972789,388.48077,0.0006459863507188857
5.178049886621316,372.4742,0.0005124501185491681
5.201269841269841,365.2358,0.0005165758775547147
5.224489795918368,364.8259,0.0006882392335683107
5.2477097505668935,371.6598,0.0010901755886152387
5.27092970521542,394.3167,0.001841199118643999
5.294149659863946,398.69418,0.0024637156166136265
5.317369614512471,401.78387,0.002298105973750353
5.340589569160998,395.2887,0.0010276209795847535
5.363809523809524,379.12515,0.0005343672819435596
5.38702947845805,366.9358,0.0005426394054666162
5.410249433106576,369.41354,0.0006716782227158546
5.433469387755102,378.56854,0.0009858164703473449
5.456689342403628,388.98596,0.0018844783771783113
5.479909297052155,399.98587,0.0026042594108730555
5.50312925170068,403.7005,0.002543029375374317
5.526349206349207,398.51627,0.0016744586173444986
5.5495691609977325,395.4435,0.0006133170099928975
5.572789115646259,368.83002,0.0006023049936629832
5.596009070294785,382.4371,0.0007441477500833571
5.61922902494331,388.35315,0.0013431075494736433
5.642448979591837,396.78497,0.002214689739048481
5.6656689342403626,400.44357,0.0025144126266241074
5.688888888888889,399.75952,0.0018933238461613655
5.712108843537415,392.28055,0.0008238296722993255
5.735328798185941,396.20804,0.0006924564368091524
5.758548752834467,375.23544,0.0008586192270740867
5.7817687074829935,396.9546,0.0011259655002504587
5.804988662131519,384.0067,0.0013745934702455997
5.828208616780046,397.11026,0.001485488610342145
5.851428571428571,391.09705,0.00151887908577919
5.874648526077098,396.16605,0.001350164646282792
5.897868480725624,385.10327,0.0010960905347019434
5.92108843537415,401.3811,0.0008435447234660387
5.944308390022676,371.19785,0.0006251707673072815
5.9675283446712015,373.26535,0.00038835013401694596
5.990748299319728,357.9163,0.00020894510089419782
6.013968253968254,400.89838,0.00014694203855469823
6.03718820861678,402.97156,0.0001470614515710622
6.060408163265306,403.27643,0.00014339742483571172
6.0836281179138325,403.97113,0.00012142552441218868
6.106848072562358,404.43073,0.00012065545888617635
6.130068027210885,404.17917,0.0001144119305536151
6.15328798185941,397.33478,0.00012186980166006833
6.176507936507937,400.8483,0.00013890257105231285
6.199727891156463,403.27396,0.00016623950796201825
6.222947845804989,389.9664,0.00016811766545288265
6.246167800453515,371.10773,0.0001637621026020497
6.269387755102041,408.63663,0.0001332192769041285
6.292607709750567,397.98,0.00013616899377666414
6.315827664399093,407.6608,0.00013095451868139207
6.339047619047619,268.21924,0.0001370429527014494
6.362267573696145,403.55225,0.00018105970229953527
6.3854875283446715,407.0755,0.00018553499830886722
6.408707482993197,374.73273,0.00018685884424485266
6.431927437641724,408.75757,0.00015732902102172375
6.455147392290249,406.97058,0.00014864862896502018
6.478367346938776,401.8109,0.00013229917385615408
6.501587301587302,154.04472,0.0001304498000536114
6.524807256235828,413.25082,0.00013313250383362174
6.548027210884354,401.20535,0.00017237331485375762
6.57124716553288,404.97574,0.00020976419909857213
6.594467120181406,392.7645,0.0002305570087628439
6.617687074829932,358.19427,0.0001834151044022292
6.640907029478458,413.01215,0.00015261757653206587
6.664126984126984,403.66785,0.0001280473661608994
6.6873469387755105,372.3083,0.00013184137060306966
6.710566893424036,412.22092,0.00013750609650742263
6.733786848072563,399.20728,0.00016417365986853838
6.757006802721088,406.74545,0.00021340392413549125
6.780226757369615,386.75378,0.00022701405396219343
6.8034467120181406,382.17947,0.00018765428103506565
6.826666666666667,406.76175,0.00016579395742155612
6.849886621315193,410.25644,0.00012611562851816416
6.873106575963719,267.24026,0.00013196268992032856
6.896326530612245,400.46777,0.00015407908358611166
6.9195464852607715,403.2696,0.00016278261318802834
6.942766439909297,407.53152,0.0001999792584683746
6.965986394557823,400.47156,0.00019331691146362573
6.989206349206349,403.05328,0.00017179764108732343
7.012426303854875,410.8578,0.00016639323439449072
7.035646258503402,410.16733,0.0001593512570252642
7.058866213151927,409.15002,0.0001696470135357231
7.082086167800454,411.76865,0.00016851889085955918
7.1053061224489795,407.55276,0.00017232424579560757
7.128526077097506,408.2308,0.00015072515816427767
7.151746031746032,410.00232,0.0001549044973216951
7.174965986394558,406.6271,0.0001326561177847907
7.198185941043084,400.62476,0.00014632265083491802
7.2214058956916105,457.28082,0.00020047900034114718
7.244625850340136,405.91608,0.0003194106393493712
7.267845804988662,394.65726,0.0002702182100620121
7.291065759637188,387.14185,0.0001834780996432528
7.314285714285714,379.70657,0.0001911383878905326
7.337505668934241,384.24915,0.00019091970170848072
7.360725623582766,383.36777,0.00018609504331834614
7.383945578231293,384.44177,0.00018641253700479865
7.4071655328798185,387.84283,0.0001986282877624035
7.430385487528345,389.49603,0.00023141485871747136
7.453605442176871,392.5689,0.000312183634378016
7.476825396825397,396.1216,0.0003489522496238351
7.500045351473923,395.84344,0.00034879654413089156
7.5232653061224495,393.4444,0.0002547338081058115
7.546485260770975,383.87274,0.00017917438526637852
7.569705215419502,363.50177,0.00017796439351513982
7.592925170068027,366.1913,0.00020851384033448994
7.616145124716553,366.21112,0.00022449446259997785
7.63936507936508,385.7093,0.00029037942294962704
7.662585034013605,399.9156,0.00036899850238114595
7.685804988662132,399.2825,0.000415666465414688
7.7090249433106575,398.07974,0.0003312951885163784
7.732244897959184,389.75162,0.00017835822654888034
7.75546485260771,365.83206,0.00018675366300158203
7.778684807256236,363.51062,0.00021286835544742644
7.801904761904762,370.47006,0.00023050737217999995
7.8251247165532885,393.91852,0.0003270343295298517
7.848344671201814,400.40958,0.000410345644922927
7.871564625850341,400.57068,0.0004054497694596648
7.894784580498866,397.99106,0.00034242006950080395
7.918004535147393,392.69235,0.00021366534929256886
7.9412244897959186,383.70975,0.00019009684910997748
7.964444444444444,377.1703,0.00019481786875985563
7.987664399092971,387.57257,0.000246766721829772
8.010884353741497,397.1023,0.0003547993255779147
8.034104308390022,400.83063,0.0003774514771066606
8.057324263038549,401.79498,0.00038327023503370583
8.080544217687075,399.4096,0.00027734338073059916
8.103764172335602,390.56534,0.00014320065383799374
8.126984126984127,367.21698,0.0001502865634392947
8.150204081632653,366.03702,0.0001494593743700534
8.17342403628118,372.01364,0.00017024170665536076
8.196643990929706,391.842,0.0002535462554078549
8.219863945578231,399.63947,0.00030539248837158084
8.243083900226758,400.20026,0.00029562634881585836
8.266303854875284,400.4644,0.00023025478003546596
8.289523809523809,392.46243,0.00012182117643533275
8.312743764172335,372.00333,0.00012037325359415263
8.335963718820862,371.2307,0.00013992692402098328
8.359183673469389,385.87378,0.00014488038141280413
8.382403628117913,391.84854,0.00021400203695520759
8.40562358276644,398.54602,0.0002408357395324856
8.428843537414966,400.21362,0.00022657567751593888
8.452063492063493,398.786,0.00016689213225618005
8.475283446712018,390.70508,9.593211143510416e-05
8.498503401360544,376.21442,8.929046452976763e-05
8.52172335600907,385.8249,0.00011040285608032718
8.544943310657597,396.05798,0.0001418085303157568
8.568163265306122,397.47876,0.0001487911504227668
8.591383219954649,395.5088,0.00011238914885325357
8.614603174603175,388.0973,7.729353092145175e-05
8.6378231292517,386.67117,6.93058900651522e-05
8.661043083900227,390.11395,6.08280606684275e-05
8.684263038548753,388.09918,4.483035809244029e-05
8.70748299319728,382.14874,3.924978955183178e-05
8.730702947845804,385.17822,3.191223368048668e-05
8.753922902494331,381.34286,2.511026650608983e-05
8.777142857142858,374.65204,2.1772524632979184e-05
8.800362811791384,375.6349,1.6760785001679324e-05
8.823582766439909,0.0,8.91229046828812e-06
8.846802721088435,0.0,3.823588485829532e-06
8.870022675736962,0.0,1.554552000015974e-06
8.893242630385489,0.0,5.501715349964797e-07
8.916462585034013,0.0,1.4679153537144884e-07
8.93968253968254,0.0,2.860542736016214e-08
8.962902494331066,0.0,1.710759534034878e-08
8.986122448979591,0.0,1.327771315118298e-08
9.009342403628118,0.0,1.792795956134796e-08
9.032562358276644,0.0,1.4007127902004868e-08
9.05578231292517,0.0,1.1405973054934293e-08
9.079002267573696,0.0,6.681148079223931e-08
9.102222222222222,0.0,4.3823092710226774e-08
9.125442176870749,0.0,3.725017450051382e-08
9.148662131519275,0.0,2.1245796233415604e-08
9.1718820861678,0.0,1.1590600479394197e-08
9.195102040816327,0.0,1.0969415598083287e-08
