0.0,0.0,1.7519596440251917e-08
0.023219954648526078,0.0,1.4221768651623279e-08
0.046439909297052155,0.0,1.4477336662821472e-08
0.06965986394557823,0.0,1.1694282875396311e-08
0.09287981859410431,0.0,1.471926225349307e-08
0.11609977324263039,0.0,2.0550032786559314e-08
0.13931972789115646,0.0,1.16879164124839e-08
0.16253968253968254,0.0,1.1857082427013665e-08
0.18575963718820862,0.0,8.38281266624108e-09
0.2089795918367347,0.0,1.8723767425399274e-08
0.23219954648526078,0.0,1.024636731017381e-08
0.25541950113378686,0.0,1.2997588783036917e-08
0.2786394557823129,0.0,1.2732925824820995e-08
0.301859410430839,0.0,1.493026502430439e-08
0.3250793650793651,0.0,1.0659277904778719e-08
0.3482993197278912,0.0,9.223185770679265e-09
0.37151927437641724,0.0,9.424184099771082e-09
0.3947392290249433,0.0,9.757059160619974e-09
0.4179591836734694,0.0,1.0524672688916326e-08
0.44117913832199546,0.0,1.0958501661662012e-08
0.46439909297052157,0.0,1.3003955245949328e-08
0.4876190476190476,0.0,1.8190803530160338e-08
0.5108390022675737,0.0,3.828438821074087e-06
0.5340589569160998,131.784,1.507821161794709e-05
0.5572789115646258,166.72221,2.1190497136558406e-05
0.5804988662131519,123.19453,2.778115594992414e-05
0.603718820861678,132.62683,3.6565339541994035e-05
0.626938775510204,134.13118,4.3388317862991244e-05
0.6501587301587302,479.86353,4.649893526220694e-05
0.6733786848072563,475.38297,6.325672438833863e-05
0.6965986394557824,387.47714,0.00011507499584695324
0.7198185941043084,400.80435,0.00014485028805211186
0.7430385487528345,399.1766,0.00012613116996362805
0.7662585034013606,388.10583,6.734369526384398e-05
0.7894784580498866,482.49518,5.839065488544293e-05
0.8126984126984127,485.54117,6.78244250593707e-05
0.8359183673469388,131.4056,8.043924754019827e-05
0.8591383219954649,126.34713,0.00010049970296677202
0.8823582766439909,477.41876,0.00016008449892979115
0.905578231292517,400.208,0.00018162484047934413
0.9287981859410431,400.56262,0.00012616263120435178
0.9520181405895691,461.3371,6.531509279739112e-05
0.9752380952380952,487.7005,6.945734639884904e-05
0.9984580498866213,241.62852,7.375117274932563e-05
1.0216780045351475,132.35013,9.119253081735224e-05
1.0448979591836736,137.00874,0.000116477080155164
1.0681179138321997,476.915,0.00013520980428438634
1.0913378684807256,473.21176,0.00011002136307070032
1.1145578231292517,484.9574,8.761861681705341e-05
1.1377777777777778,490.63373,9.034111280925572e-05
1.1609977324263039,488.9806,9.942962788045406e-05
1.18421768707483,490.27417,0.00010185410792473704
1.207437641723356,489.07248,0.00010146320710191503
1.2306575963718822,487.97104,0.00010834545537363738
1.253877551020408,484.07837,0.00011528066534083337
1.2770975056689342,483.44928,0.00011867782450281084
1.3003174603174603,485.13467,0.00012856652028858662
1.3235374149659864,481.4443,0.00013694628432858735
1.3467573696145125,481.42627,0.00013820704771205783
1.3699773242630386,483.017,0.0001460433122701943
1.3931972789115648,484.18796,0.00016327016055583954
1.4164172335600906,480.56607,0.00015983852790668607
1.4396371882086167,483.08453,0.00017818207561504096
1.4628571428571429,482.4033,0.00019914857693947852
1.486077097505669,481.49057,0.0002222544717369601
1.509297052154195,483.38745,0.0002313782024430111
1.5325170068027212,483.23615,0.0002451788750477135
1.5557369614512473,484.96506,0.00025018653832376003
1.5789569160997732,484.04025,0.00024269944697152823
1.6021768707482993,486.31326,0.0002580797881819308
1.6253968253968254,488.7683,0.00025749410269781947
1.6486167800453515,484.5116,0.0002552837831899524
1.6718367346938776,481.49942,0.0003340622060932219
1.6950566893424037,485.251,0.00040048619848676026
1.7182766439909298,483.15033,0.0004695911193266511
1.7414965986394557,466.6326,0.0005315543967299163
1.7647165532879818,482.3399,0.0005330205895006657
1.787936507936508,488.83572,0.0005813981406390667
1.811156462585034,490.6417,0.0005782123189419508
1.8343764172335602,479.08466,0.0004159965901635587
1.8575963718820863,496.53693,0.00041924967081286013
1.8808163265306124,504.9136,0.00037595286266878247
1.9040362811791383,502.03186,0.00047354085836559534
1.9272562358276644,492.2299,0.0005360454088076949
1.9504761904761905,487.45074,0.0005593083333224058
1.9736961451247166,487.11212,0.0005427096621133387
1.9969160997732427,491.3617,0.00047194547369144857
2.020136054421769,504.52448,0.0004884400987066329
2.043356009070295,493.8884,0.00045697824680246413
2.066575963718821,482.39908,0.0004578544176183641
2.089795918367347,501.6309,0.0005983578157611191
2.1130158730158732,493.84607,0.0007293165544979274
2.1362358276643993,489.0296,0.0006727981963194907
2.159455782312925,492.1298,0.0006213297601789236
2.182675736961451,490.60663,0.0005594910471700132
2.2058956916099772,504.20987,0.0005152939702384174
2.2291156462585033,502.98392,0.0005586883053183556
2.2523356009070294,503.37973,0.0005666660727001727
2.2755555555555556,503.7048,0.0006650701398029923
2.2987755102040817,491.05746,0.0007423991337418556
2.3219954648526078,490.52478,0.0006663959939032793
2.345215419501134,490.9268,0.0005820745136588812
2.36843537414966,495.3702,0.0004904367960989475
2.391655328798186,506.5134,0.0005453542689792812
2.414875283446712,503.86386,0.0005663263145834208
2.4380952380952383,508.02765,0.0005447696894407272
2.4613151927437644,502.8034,0.0005234754062257707
2.48453514739229,496.52365,0.0006051387172192335
2.507755102040816,495.96198,0.0005939436377957463
2.5309750566893423,500.26852,0.0005127904587425292
2.5541950113378684,503.00146,0.0004975850461050868
2.5774149659863945,503.63333,0.0005154967657290399
2.6006349206349206,504.87814,0.0005032295011915267
2.6238548752834467,505.52335,0.0005419931840151548
2.647074829931973,503.6086,0.0005438441294245422
2.670294784580499,501.83005,0.0005435897037386894
2.693514739229025,502.57608,0.0005575264804065228
2.716734693877551,503.95496,0.00054254534188658
2.7399546485260773,505.35123,0.0005207716021686792
2.7631746031746034,507.34036,0.00048881268594414
2.7863945578231295,507.6218,0.0004672397917602211
2.809614512471655,504.15164,0.0004114587209187448
2.8328344671201813,497.45187,0.0003368936595506966
2.8560544217687074,507.21106,0.0003310171887278557
2.8792743764172335,395.3565,0.0003203108499292284
2.9024943310657596,494.3978,0.0002911986084654927
2.9257142857142857,513.4137,0.0004383957711979747
2.948934240362812,512.32544,0.0004180462856311351
2.972154195011338,511.93408,0.0005172602250240743
2.995374149659864,494.71643,0.0008443554397672415
3.01859410430839,492.20468,0.0008031706092879176
3.0418140589569163,492.59393,0.0005111953942105174
3.0650340136054424,507.14813,0.000607109279371798
3.0882539682539685,495.3313,0.0005170528893359005
3.1114739229024946,501.53976,0.0005928019527345896
3.1346938775510207,494.4184,0.0006478713476099074
3.1579138321995464,504.0974,0.000634326133877039
3.1811337868480725,485.08185,0.0011005476117134094
3.2043537414965986,489.59668,0.0010610317112877965
3.2275736961451247,487.78308,0.0005768279079347849
3.250793650793651,506.1913,0.0006317790830507874
3.274013605442177,508.00217,0.0006865817122161388
3.297233560090703,506.30035,0.0005730462726205587
3.320453514739229,511.4718,0.0005952512728981674
3.3436734693877552,486.97256,0.0007923991652205586
3.3668934240362813,487.29068,0.000866072135977447
3.3901133786848074,485.06015,0.0006069454830139875
3.4133333333333336,485.01633,0.000547898409422487
3.4365532879818597,510.8447,0.0005297957104630768
3.4597732426303858,513.914,0.0005503101274371147
3.4829931972789114,508.69812,0.0005519354017451406
3.5062131519274375,480.45926,0.0007353819673880935
3.5294331065759637,487.2216,0.0007762191817164421
3.5526530612244898,486.21002,0.000832066813018173
3.575873015873016,484.8414,0.0007622612174600363
3.599092970521542,485.89008,0.0006572096608579159
3.622312925170068,484.88544,0.0006499300943687558
3.645532879818594,484.32468,0.000636462471447885
3.6687528344671203,482.32233,0.0006111140828579664
3.6919727891156464,488.02472,0.0006098714657127857
3.7151927437641725,482.2529,0.0007317201234400272
3.7384126984126986,486.6469,0.0007062798831611872
3.7616326530612247,484.60498,0.0008112458745017648
3.784852607709751,487.9131,0.0007728752680122852
3.8080725623582765,487.21515,0.0008888441370800138
3.8312925170068026,487.38004,0.000975955044850707
3.8545124716553287,487.93613,0.0013358959695324302
3.877732426303855,486.6214,0.0010902995709329844
3.900952380952381,492.19406,0.0012914836406707764
3.924172335600907,473.56772,0.0013142359675839543
3.947392290249433,474.7916,0.0017206819029524922
3.9706122448979593,701.4879,0.0022757574915885925
3.9938321995464854,490.93796,0.0024537185672670603
4.017052154195011,487.99924,0.0025143988896161318
4.040272108843538,493.02502,0.002646984998136759
4.063492063492063,504.99573,0.0023543627467006445
4.08671201814059,513.00116,0.0027963172178715467
4.1099319727891155,518.7523,0.0027673759032040834
4.133151927437642,525.2253,0.003193869022652507
4.156371882086168,517.54974,0.003993525169789791
4.179591836734694,502.71875,0.0030749032739549875
4.20281179138322,495.03296,0.0032585738226771355
4.2260317460317465,496.3789,0.003234329866245389
4.249251700680272,504.85593,0.003101868089288473
4.272471655328799,520.88336,0.0029904497787356377
4.295691609977324,529.9127,0.002712489105761051
4.31891156462585,523.7064,0.0041974326595664024
4.342131519274377,509.17764,0.003177121514454484
4.365351473922902,493.19113,0.003216453827917576
4.388571428571429,491.97528,0.003398389555513859
4.4117913832199545,501.54575,0.0032531237229704857
4.435011337868481,518.1188,0.003551941830664873
4.458231292517007,527.9897,0.0031954078003764153
4.481451247165533,522.79584,0.004180923569947481
4.504671201814059,507.65576,0.002998125972226262
4.527891156462585,494.89493,0.003134976839646697
4.551111111111111,492.1384,0.003292730078101158
4.574331065759638,499.03162,0.003173749428242445
4.597551020408163,513.564,0.003483925946056843
4.62077097505669,526.52167,0.0028427382931113243
4.6439909297052155,529.76965,0.0034444357734173536
4.667210884353741,518.31525,0.0037023809272795916
4.690430839002268,500.85757,0.002699807519093156
4.713650793650793,710.7633,0.0028210345190018415
4.73687074829932,491.68884,0.003093915991485119
4.760090702947846,500.13766,0.0031844922341406345
4.783310657596372,517.9928,0.0032378067262470722
4.806530612244898,528.11536,0.002614287193864584
4.829750566893424,527.9146,0.003182600485160947
4.85297052154195,519.2364,0.003447309136390686
4.876190476190477,512.95197,0.0030995896086096764
4.899410430839002,512.3581,0.0031559383496642113
4.922630385487529,512.8892,0.0032502696849405766
4.9458503401360545,515.35406,0.003275518072769046
4.96907029478458,517.4922,0.0032483849208801985
4.992290249433107,511.38605,0.002612692303955555
5.015510204081632,498.8348,0.0018363794079050422
5.038730158730159,479.09732,0.0012008481426164508
5.061950113378685,447.13318,0.0008411557646468282
5.085170068027211,470.289,0.0006902195164002478
5.108390022675737,453.85583,0.000574293895624578
5.131609977324263,521.2409,0.0004830776888411492
5.154829931972789,516.5797,0.000411100743804127
5.178049886621316,428.86475,0.00036391743924468756
5.201269841269841,520.3663,0.00041282124584540725
5.224489795918368,444.63196,0.0005978543194942176
5.2477097505668935,455.0908,0.0006437728879973292
5.27092970521542,453.79996,0.000595659192185849
5.294149659863946,427.4925,0.0004117998178116977
5.317369614512471,525.5349,0.00042914735968224704
5.340589569160998,499.73343,0.00048737594624981284
5.363809523809524,506.42993,0.0004359218291938305
5.38702947845805,528.1405,0.0005946640740148723
5.410249433106576,454.6183,0.001052012899890542
5.433469387755102,468.98492,0.0009374105138704181
5.456689342403628,462.7191,0.0005806094268336892
5.479909297052155,415.30453,0.000515868654474616
5.50312925170068,488.71857,0.000752332154661417
5.526349206349207,702.3502,0.0007083615637384355
5.5495691609977325,707.5172,0.0005652231047861278
5.572789115646259,513.54736,0.0005265803774818778
5.596009070294785,455.08105,0.0008005404379218817
5.61922902494331,458.4159,0.000865225913003087
5.642448979591837,458.56796,0.0005042785778641701
5.6656689342403626,525.63824,0.0005718909669667482
5.688888888888889,497.4181,0.0007628601742908359
5.712108843537415,702.1297,0.000698008225299418
5.735328798185941,707.06854,0.0005560595891438425
5.758548752834467,525.01154,0.0006576963933184743
5.7817687074829935,457.45114,0.001028386875987053
5.804988662131519,469.1695,0.0009464464383199811
5.828208616780046,460.89948,0.0006255635526031256
5.851428571428571,522.791,0.0004275035753380507
5.874648526077098,519.0881,0.0005873874761164188
5.897868480725624,504.55957,0.0005226124194450676
5.92108843537415,524.1635,0.0004965460393577814
5.944308390022676,523.9132,0.000791756552644074
5.9675283446712015,460.97192,0.0009317070944234729
5.990748299319728,461.64972,0.0006742747500538826
6.013968253968254,446.81314,0.00042497465619817376
6.03718820861678,526.73004,0.0003756469232030213
6.060408163265306,528.5892,0.0004550602752715349
6.0836281179138325,524.2528,0.00045029085595160723
6.106848072562358,427.1639,0.0004550719750113785
6.130068027210885,522.1168,0.00036753149470314384
6.15328798185941,519.87646,0.0004768420185428113
6.176507936507937,690.98236,0.0004660887934733182
6.199727891156463,494.77393,0.0005203014006838202
6.222947845804989,483.39996,0.0004420315381139517
6.246167800453515,483.0066,0.00037211593007668853
6.269387755102041,486.8368,0.0003936756984330714
6.292607709750567,489.5807,0.00040080855251289904
6.315827664399093,492.28424,0.0004079755744896829
6.339047619047619,494.18326,0.00041170473559759557
6.362267573696145,494.13168,0.00048375112237408757
6.3854875283446715,492.9408,0.000500713475048542
6.408707482993197,494.51367,0.0004912485601380467
6.431927437641724,496.45026,0.0005145949544385076
6.455147392290249,497.7711,0.0005232082912698388
6.478367346938776,496.48224,0.0006250901496969163
6.501587301587302,489.66635,0.0006189190316945314
6.524807256235828,487.80203,0.0006127224769443274
6.548027210884354,488.7026,0.0006278865039348602
6.57124716553288,492.63602,0.0006830981001257896
6.594467120181406,494.9583,0.0006350849871523678
6.617687074829932,495.62573,0.0006307736621238291
6.640907029478458,497.7148,0.0007755862316116691
6.664126984126984,494.66495,0.0008693486452102661
6.6873469387755105,483.46542,0.0007586786523461342
6.710566893424036,480.07553,0.000714833615347743
6.733786848072563,480.42743,0.0006494919070973992
6.757006802721088,489.88663,0.0006832701037637889
6.780226757369615,499.25626,0.0005453176563605666
6.8034467120181406,517.54596,0.0005086266901344061
6.826666666666667,515.61487,0.0006788056343793869
6.849886621315193,492.76532,0.0008396946941502392
6.873106575963719,479.73312,0.0006980486214160919
6.896326530612245,478.7977,0.0007389468373730779
6.9195464852607715,480.96442,0.0006861240253783762
6.942766439909297,495.00558,0.000571680546272546
6.965986394557823,515.9937,0.00045039731776341796
6.989206349206349,515.67615,0.0005923357093706727
7.012426303854875,515.57715,0.0006891884841024876
7.035646258503402,490.668,0.0007692391518503428
7.058866213151927,477.74033,0.0006475298432633281
7.082086167800454,473.46225,0.0006850430509075522
7.1053061224489795,484.38123,0.0006946529028937221
7.128526077097506,495.30176,0.0006629071431234479
7.151746031746032,499.32855,0.0006041647284291685
7.174965986394558,501.15488,0.0006556177977472544
7.198185941043084,498.0361,0.0007220055558718741
7.2214058956916105,493.71878,0.0006472079548984766
7.244625850340136,493.45517,0.0005758206243626773
7.267845804988662,494.0392,0.00047491921577602625
7.291065759637188,494.23978,0.0004679504781961441
7.314285714285714,482.7093,0.000695361290127039
7.337505668934241,465.01468,0.0003588031977415085
7.360725623582766,484.54962,0.0002553032827563584
7.383945578231293,490.01572,0.00020018179202452302
7.4071655328798185,494.813,0.00016634329222142696
7.430385487528345,497.87842,0.0001588281011208892
7.453605442176871,499.21832,0.00016127339040394872
7.476825396825397,499.4614,0.00014705408830195665
7.500045351473923,501.6172,0.00012980659084860235
7.5232653061224495,498.90555,0.0001350318343611434
7.546485260770975,498.26016,0.00013369924272410572
7.569705215419502,499.0497,0.00013877716264687479
7.592925170068027,501.28317,0.0001756785495672375
7.616145124716553,500.31857,0.00017790522542782128
7.63936507936508,497.20615,0.0001611852931091562
7.662585034013605,501.09396,0.0001437925675418228
7.685804988662132,499.7776,0.00016286704340018332
7.7090249433106575,498.36105,0.000158127470058389
7.732244897959184,499.0648,0.0001440814376110211
7.75546485260771,499.38263,0.00015653602895326912
7.778684807256236,498.3224,0.0001948294520843774
7.801904761904762,493.51172,0.0001932427112478763
7.8251247165532885,491.01266,0.0001797966251615435
7.848344671201814,497.8908,0.0001511480804765597
7.871564625850341,496.41876,0.00014117598766461015
7.894784580498866,501.31604,0.0001452859869459644
7.918004535147393,499.5651,0.00013765209587290883
7.9412244897959186,499.6609,0.00013896150630898774
7.964444444444444,495.8482,0.00015989234088920057
7.987664399092971,492.27658,0.00017830656724981964
8.010884353741497,490.62112,0.00018320151139050722
8.034104308390022,491.22815,0.00014658333384431899
8.057324263038549,498.9748,0.0001555178896524012
8.080544217687075,499.5258,0.0001689972123131156
8.103764172335602,496.6215,0.0001662387658143416
8.126984126984127,498.55423,0.00014286964142229408
8.150204081632653,495.29248,0.0001623221323825419
8.17342403628118,491.2343,0.0001951347221620381
8.196643990929706,490.33185,0.00017746994853951037
8.219863945578231,490.20337,0.00014405508409254253
8.243083900226758,494.55356,0.00013180557289160788
8.266303854875284,500.8093,0.000140930904308334
8.289523809523809,500.66913,0.0001329025108134374
8.312743764172335,497.81473,0.00012117932783439755
8.335963718820862,491.2641,0.00014810739958193153
8.359183673469389,489.95987,0.00014280292089097202
8.382403628117913,491.29953,0.00010800353629747406
8.40562358276644,494.4792,0.00010029587429016829
8.428843537414966,496.86826,9.871796646621078e-05
8.452063492063493,496.82416,9.279888035962358e-05
8.475283446712018,489.8041,0.00011380561045370996
8.498503401360544,494.8308,0.00011570473725441843
8.52172335600907,490.16443,0.0001179069877252914
8.544943310657597,488.36234,9.870123176369816e-05
8.568163265306122,494.8835,8.49916395964101e-05
8.591383219954649,490.38977,8.937220263760537e-05
8.614603174603175,482.55563,6.873295205878094e-05
8.6378231292517,483.61072,5.9369274822529405e-05
8.661043083900227,495.045,7.044027734082192e-05
8.684263038548753,494.87106,6.459168798755854e-05
8.70748299319728,494.62503,5.3260577260516584e-05
8.730702947845804,495.18832,3.281606041127816e-05
8.753922902494331,495.4387,3.049503720831126e-05
8.777142857142858,496.7659,2.3243221221491694e-05
8.800362811791384,486.96188,2.0727282389998436e-05
8.823582766439909,481.17377,1.9330374925630167e-05
8.846802721088435,0.0,9.109584425459616e-06
8.870022675736962,0.0,2.6593697839416564e-06
8.893242630385489,0.0,6.188329280121252e-07
8.916462585034013,0.0,1.6931699065025896e-07
8.93968253968254,0.0,4.181129042990506e-08
8.962902494331066,0.0,1.898388291010633e-08
8.986122448979591,0.0,1.059743226505816e-08
9.009342403628118,0.0,1.1511474440339953e-08
9.032562358276644,0.0,9.395989764016122e-09
9.05578231292517,0.0,1.4333636499941349e-08
9.079002267573696,0.0,1.05355866253376e-08
9.102222222222222,0.0,8.573806553613394e-09
9.125442176870749,0.0,9.912582754623145e-09
9.148662131519275,0.0,9.436917025595903e-09
9.1718820861678,0.0,8.138158591464162e-09
9.195102040816327,0.0,8.159986464306712e-09
9.218321995464853,0.0,1.0391886462457478e-08
9.24154195011338,0.0,9.437826520297676e-09
9.264761904761905,0.0,8.79936123965308e-09
9.287981859410431,0.0,9.586983651388437e-09
9.311201814058958,0.0,3.039531293325126e-09
