0.0,0.0,1.597982191015035e-07
0.023219954648526078,0.0,2.83708686765749e-07
0.046439909297052155,0.0,3.799905243795365e-07
0.06965986394557823,0.0,4.567473297356628e-07
0.09287981859410431,0.0,4.492922016652301e-07
0.11609977324263039,0.0,3.556979208951816e-07
0.13931972789115646,0.0,5.500642146216705e-07
0.16253968253968254,0.0,4.936082405038178e-07
0.18575963718820862,0.0,2.2910990082891658e-07
0.2089795918367347,0.0,3.451559678069316e-07
0.23219954648526078,0.0,2.98544364341069e-07
0.25541950113378686,0.0,2.4730979930609465e-07
0.2786394557823129,0.0,4.203084245091304e-07
0.301859410430839,0.0,2.4342989490833133e-07
0.3250793650793651,0.0,1.5563819033559412e-07
0.3482993197278912,0.0,1.9238359527662396e-07
0.37151927437641724,0.0,6.503614713437855e-08
0.3947392290249433,0.0,2.8184331313241273e-08
0.4179591836734694,0.0,3.473360266070813e-08
0.44117913832199546,0.0,4.817320586880669e-08
0.46439909297052157,0.0,3.967943484894931e-08
0.4876190476190476,0.0,4.4426087697502226e-08
0.5108390022675737,0.0,2.009528543567285e-08
0.5340589569160998,0.0,3.317381924716756e-08
0.5572789115646258,0.0,3.6378878576215357e-08
0.5804988662131519,0.0,3.629702405305579e-08
0.603718820861678,0.0,3.743025445146486e-08
0.626938775510204,0.0,2.941381353593897e-06
0.6501587301587302,24007.082,0.0001579460222274065
0.6733786848072563,381.3427,0.00033513910602778196
0.6965986394557824,375.03555,0.0004661270941141993
0.7198185941043084,382.90775,0.0004802741459570825
0.7430385487528345,383.46362,0.0006808015750721097
0.7662585034013606,377.80667,0.0006454304093495011
0.7894784580498866,373.2908,0.0008287666132673621
0.8126984126984127,379.2308,0.0011720338370651007
0.8359183673469388,386.15015,0.001363467308692634
0.8591383219954649,384.1096,0.0015314696356654167
0.8823582766439909,387.77698,0.0021895633544772863
0.905578231292517,391.59903,0.002092460636049509
0.9287981859410431,387.32083,0.0013809512602165341
0.9520181405895691,374.15155,0.001614220323972404
0.9752380952380952,402.16968,0.0014903767732903361
0.9984580498866213,378.44452,0.0014960814733058214
1.0216780045351475,372.28696,0.001984312431886792
1.0448979591836736,378.41748,0.00258360942825675
1.0681179138321997,388.75418,0.003264951054006815
1.0913378684807256,386.00882,0.0027134984266012907
1.1145578231292517,379.08054,0.002028173767030239
1.1377777777777778,381.18335,0.001930978149175644
1.1609977324263039,410.2453,0.0023068860173225403
1.18421768707483,388.03885,0.002477166708558798
1.207437641723356,403.08072,0.0034259804524481297
1.2306575963718822,393.15878,0.004153418354690075
1.253877551020408,394.24814,0.004070543684065342
1.2770975056689342,393.02145,0.0028032290283590555
1.3003174603174603,401.97253,0.0024334839545190334
1.3235374149659864,410.4597,0.0022651036269962788
1.3467573696145125,417.36984,0.002250140067189932
1.3699773242630386,415.32126,0.0021522408351302147
1.3931972789115648,415.71054,0.0019516771426424384
1.4164172335600906,417.78296,0.0017997906543314457
1.4396371882086167,417.79398,0.0020838144700974226
1.4628571428571429,407.10532,0.0028605032712221146
1.486077097505669,414.76038,0.0026897904463112354
1.509297052154195,426.11005,0.0028001070022583008
1.5325170068027212,429.33847,0.0027646080125123262
1.5557369614512473,429.49454,0.0024444609880447388
1.5789569160997732,425.2568,0.0027648145332932472
1.6021768707482993,419.53284,0.003083911258727312
1.6253968253968254,420.03848,0.003711603581905365
1.6486167800453515,426.15695,0.004193502478301525
1.6718367346938776,437.48834,0.005004298873245716
1.6950566893424037,437.91592,0.005869030952453613
1.7182766439909298,435.11847,0.004280391149222851
1.7414965986394557,424.57074,0.004077699966728687
1.7647165532879818,418.54245,0.0042893532663583755
1.787936507936508,419.73593,0.004689086228609085
1.811156462585034,422.52917,0.005332642700523138
1.8343764172335602,430.05606,0.005305774509906769
1.8575963718820863,437.7965,0.0068037984892725945
1.8808163265306124,438.01837,0.005606884136795998
1.9040362811791383,426.48093,0.004552723839879036
1.9272562358276644,419.27383,0.004742379300296307
1.9504761904761905,424.3253,0.004658951889723539
1.9736961451247166,427.49402,0.004624282941222191
1.9969160997732427,427.29254,0.004991878289729357
2.020136054421769,431.25842,0.004632181953638792
2.043356009070295,431.25085,0.004214358050376177
2.066575963718821,427.27118,0.0043860129080712795
2.089795918367347,429.63693,0.003983533009886742
2.1130158730158732,434.91104,0.003857037052512169
2.1362358276643993,442.11728,0.0033206341322511435
2.159455782312925,448.61896,0.0010934758465737104
2.182675736961451,504.2179,0.0012284396216273308
2.2058956916099772,506.1362,0.00132161530200392
2.2291156462585033,501.21896,0.0017353612929582596
2.2523356009070294,447.84406,0.002728656865656376
2.2755555555555556,497.1134,0.002620798535645008
2.2987755102040817,446.75925,0.0016247606836259365
2.3219954648526078,504.0436,0.0016086052637547255
2.345215419501134,507.7847,0.002036512363702059
2.36843537414966,500.06372,0.0021719117648899555
2.391655328798186,502.58035,0.002007034607231617
2.414875283446712,500.5634,0.001862049801275134
2.4380952380952383,492.99094,0.0020761615596711636
2.4613151927437644,500.89993,0.0021013659425079823
2.48453514739229,506.5291,0.002508290344849229
2.507755102040816,503.12137,0.002697089919820428
2.5309750566893423,505.06525,0.0025143686216324568
2.5541950113378684,501.92947,0.002154312329366803
2.5774149659863945,492.8289,0.0020691556856036186
2.6006349206349206,498.25247,0.0021045333705842495
2.6238548752834467,505.7931,0.0024626003578305244
2.647074829931973,506.3436,0.00259076408110559
2.670294784580499,502.3031,0.0027262638323009014
2.693514739229025,506.5541,0.0023301923647522926
2.716734693877551,505.1829,0.002477118279784918
2.7399546485260773,505.83813,0.0024077254347503185
2.7631746031746034,505.44174,0.0023285560309886932
2.7863945578231295,507.4012,0.002305840142071247
2.809614512471655,505.08157,0.0025141064543277025
2.8328344671201813,506.87167,0.0027747666463255882
2.8560544217687074,507.3373,0.0027514235116541386
2.8792743764172335,506.10013,0.0027056504040956497
2.9024943310657596,508.19498,0.0026377118192613125
2.9257142857142857,508.7312,0.002920781262218952
2.948934240362812,508.4102,0.0031300783157348633
2.972154195011338,587.8335,0.0035111168399453163
2.995374149659864,508.17593,0.0036926744505763054
3.01859410430839,507.6025,0.003650285769253969
3.0418140589569163,507.8838,0.0035336276050657034
3.0650340136054424,506.86963,0.003729403717443347
3.0882539682539685,503.92148,0.003909038379788399
3.1114739229024946,507.07928,0.003985588438808918
3.1346938775510207,507.95667,0.0040025124326348305
3.1579138321995464,506.3389,0.004106055945158005
3.1811337868480725,507.25806,0.004139677155762911
3.2043537414965986,507.42755,0.0039479611441493034
3.2275736961451247,506.1443,0.003941638860851526
3.250793650793651,507.04608,0.004005941562354565
3.274013605442177,507.96426,0.004333682358264923
3.297233560090703,509.5352,0.004641239531338215
3.320453514739229,508.3817,0.004785880446434021
3.3436734693877552,509.4749,0.004974347539246082
3.3668934240362813,512.636,0.004922264255583286
3.3901133786848074,512.6701,0.004837799351662397
3.4133333333333336,511.57953,0.004839959554374218
3.4365532879818597,513.8035,0.004669157788157463
3.4597732426303858,509.17105,0.004332704935222864
3.4829931972789114,508.21646,0.0040197353810071945
3.5062131519274375,509.95703,0.003536551259458065
3.5294331065759637,505.54678,0.0030284225940704346
3.5526530612244898,384.49146,0.0030527571216225624
3.575873015873016,394.69537,0.003719521686434746
3.599092970521542,385.83447,0.0027445435989648104
3.622312925170068,385.54315,0.002903325017541647
3.645532879818594,382.89813,0.0031930210534483194
3.6687528344671203,380.30002,0.003598314244300127
3.6919727891156464,384.3791,0.003985704854130745
3.7151927437641725,392.8108,0.005751953925937414
3.7384126984126986,392.38367,0.00616802554577589
3.7616326530612247,395.44803,0.004709933418780565
3.784852607709751,383.95734,0.003409516764804721
3.8080725623582765,446.57428,0.0034955639857798815
3.8312925170068026,441.781,0.0036373604089021683
3.8545124716553287,433.9342,0.006040702573955059
3.877732426303855,397.34647,0.008325133472681046
3.900952380952381,406.10077,0.00849291030317545
3.924172335600907,400.32477,0.006781074218451977
3.947392290249433,398.8241,0.00454854778945446
3.9706122448979593,424.16354,0.003801644779741764
3.9938321995464854,440.81454,0.0038805645890533924
4.017052154195011,435.43484,0.004833109676837921
4.040272108843538,434.68747,0.006490757688879967
4.063492063492063,396.45084,0.007790450006723404
4.08671201814059,398.88428,0.005567796994000673
4.1099319727891155,395.11154,0.004296815022826195
4.133151927437642,436.28076,0.003968357108533382
4.156371882086168,434.54745,0.00454593263566494
4.179591836734694,393.2423,0.006112195551395416
4.20281179138322,402.45572,0.007418056018650532
4.2260317460317465,397.0792,0.008834260515868664
4.249251700680272,404.33548,0.012943289242684841
4.272471655328799,419.33282,0.014219553209841251
4.295691609977324,429.8224,0.01420641504228115
4.31891156462585,429.4799,0.009698987938463688
4.342131519274377,421.08414,0.008976159617304802
4.365351473922902,415.1203,0.007889271713793278
4.388571428571429,410.5547,0.008123795501887798
4.4117913832199545,420.62198,0.010457009077072144
4.435011337868481,430.17734,0.014685998670756817
4.458231292517007,442.07693,0.02135804295539856
4.481451247165533,442.81485,0.018856335431337357
4.504671201814059,439.94504,0.009211035445332527
4.527891156462585,426.36108,0.009000537917017937
4.551111111111111,432.38757,0.010306687094271183
4.574331065759638,430.05307,0.012906396761536598
4.597551020408163,439.63354,0.01689322292804718
4.62077097505669,440.77612,0.020624224096536636
4.6439909297052155,439.87234,0.01340705156326294
4.667210884353741,441.91855,0.009344412013888359
4.690430839002268,430.8094,0.010163607075810432
4.713650793650793,432.67615,0.011457204818725586
4.73687074829932,437.9514,0.014502927660942078
4.760090702947846,440.13242,0.01657470315694809
4.783310657596372,438.00986,0.013649813830852509
4.806530612244898,447.91006,0.011645370163023472
4.829750566893424,450.68204,0.011503251269459724
4.85297052154195,450.75156,0.012702381238341331
4.876190476190477,438.9469,0.014433969743549824
4.899410430839002,437.52698,0.016781112179160118
4.922630385487529,439.56003,0.023574691265821457
4.9458503401360545,443.95468,0.0346720851957798
4.96907029478458,454.05246,0.01890232227742672
4.992290249433107,463.48083,0.01683594472706318
5.015510204081632,461.99832,0.023710215464234352
5.038730158730159,458.8649,0.03051876090466976
5.061950113378685,455.64493,0.024975426495075226
5.085170068027211,457.38803,0.007688965182751417
5.108390022675737,506.5846,0.008484495803713799
5.131609977324263,502.12686,0.009689929895102978
5.154829931972789,503.3643,0.010694202035665512
5.178049886621316,491.74216,0.013835079036653042
5.201269841269841,494.00638,0.0250525064766407
5.224489795918368,458.40656,0.022026902064681053
5.2477097505668935,456.75262,0.00844344962388277
5.27092970521542,509.7045,0.008030399680137634
5.294149659863946,498.1655,0.009787826798856258
5.317369614512471,494.2729,0.009681550785899162
5.340589569160998,505.96036,0.011125350371003151
5.363809523809524,500.86487,0.009300734847784042
5.38702947845805,505.18558,0.006534689571708441
5.410249433106576,510.45663,0.006107022054493427
5.433469387755102,499.43985,0.007566680200397968
5.456689342403628,498.2214,0.007859609089791775
5.479909297052155,498.48532,0.006275271065533161
5.50312925170068,511.00528,0.0056859636679291725
5.526349206349207,598.04144,0.0046981703490018845
5.5495691609977325,512.5782,0.004573913291096687
5.572789115646259,508.57324,0.004985870327800512
5.596009070294785,489.9421,0.004714740440249443
5.61922902494331,493.89316,0.004631213843822479
5.642448979591837,584.3816,0.004772073123604059
5.6656689342403626,600.65,0.004657847341150045
5.688888888888889,605.5999,0.004614639095962048
5.712108843537415,596.35486,0.004061977844685316
5.735328798185941,584.7564,0.0042909979820251465
5.758548752834467,597.6839,0.004651485942304134
5.7817687074829935,602.7657,0.0044051967561244965
5.804988662131519,606.29376,0.003846435807645321
5.828208616780046,524.8694,0.003732208162546158
5.851428571428571,262.45358,0.004875818267464638
5.874648526077098,606.5209,0.005484994500875473
5.897868480725624,585.46405,0.0048443335108459
5.92108843537415,496.76254,0.005637476686388254
5.944308390022676,578.9732,0.005384698044508696
5.9675283446712015,603.6849,0.004046435002237558
5.990748299319728,604.59674,0.00399883184581995
6.013968253968254,264.0348,0.005275938659906387
6.03718820861678,514.36725,0.005748067516833544
6.060408163265306,585.7471,0.004966717213392258
6.0836281179138325,494.91602,0.005244730971753597
6.106848072562358,586.55884,0.005709988530725241
6.130068027210885,606.30774,0.004752055741846561
6.15328798185941,609.1437,0.004836732521653175
6.176507936507937,605.8605,0.005841592326760292
6.199727891156463,606.68634,0.006136218551546335
6.222947845804989,604.8988,0.005778702441602945
6.246167800453515,607.7474,0.004752524197101593
6.269387755102041,609.3376,0.0035281754098832607
6.292607709750567,266.93817,0.004870133008807898
6.315827664399093,301.45187,0.003929119557142258
6.339047619047619,439.37198,0.003584271064028144
6.362267573696145,325.53372,0.0031307623721659184
6.3854875283446715,329.94833,0.003669123165309429
6.408707482993197,294.5636,0.005387193523347378
6.431927437641724,443.3911,0.00582806346938014
6.455147392290249,825.66547,0.005968248937278986
6.478367346938776,873.687,0.005267666652798653
6.501587301587302,294.31558,0.004496046341955662
6.524807256235828,325.2899,0.004618186503648758
6.548027210884354,326.70947,0.0052595497108995914
6.57124716553288,291.00223,0.006579467095434666
6.594467120181406,439.88037,0.0058976286090910435
6.617687074829932,3190.6377,0.00527847558259964
6.640907029478458,308.1585,0.005769146606326103
6.664126984126984,438.69028,0.005330166779458523
6.6873469387755105,325.61624,0.0048730564303696156
6.710566893424036,327.52292,0.00503850681707263
6.733786848072563,293.27676,0.006690232083201408
6.757006802721088,440.83746,0.006523480173200369
6.780226757369615,509.4847,0.006008117459714413
6.8034467120181406,3206.855,0.0051647936925292015
6.826666666666667,284.81665,0.005205536261200905
6.849886621315193,292.66562,0.004570478107780218
6.873106575963719,294.0655,0.004805815406143665
6.896326530612245,292.07462,0.005782775580883026
6.9195464852607715,436.7716,0.00582170020788908
6.942766439909297,833.68604,0.005583805963397026
6.965986394557823,436.45264,0.0043584867380559444
6.989206349206349,286.08334,0.003760926192626357
7.012426303854875,283.23962,0.004903612658381462
7.035646258503402,273.45288,0.004633888602256775
7.058866213151927,255.07704,0.00368903623893857
7.082086167800454,580.69086,0.0033475265372544527
7.1053061224489795,508.1744,0.0033788643777370453
7.128526077097506,513.1445,0.0033834485802799463
7.151746031746032,609.75287,0.003500743303447962
7.174965986394558,600.8633,0.0030561666935682297
7.198185941043084,496.78528,0.003090278245508671
7.2214058956916105,493.23236,0.0037486094515770674
7.244625850340136,495.75565,0.003747891867533326
7.267845804988662,507.1617,0.003348170779645443
7.291065759637188,513.87506,0.003383560571819544
7.314285714285714,517.04254,0.003616055939346552
7.337505668934241,590.2507,0.003048765705898404
7.360725623582766,493.6599,0.0031739636324346066
7.383945578231293,244.59576,0.003827953478321433
7.4071655328798185,495.40573,0.0036518012639135122
7.430385487528345,255.3079,0.0030860817059874535
7.453605442176871,259.60754,0.0033505051396787167
7.476825396825397,517.79694,0.0034752003848552704
7.500045351473923,588.5771,0.002994667738676071
7.5232653061224495,584.8382,0.0032329994719475508
7.546485260770975,497.09247,0.0034219955559819937
7.569705215419502,503.43558,0.003063698299229145
7.592925170068027,510.78647,0.0029782759957015514
7.616145124716553,515.8543,0.0031836372800171375
7.63936507936508,515.50885,0.003192707197740674
7.662585034013605,513.7659,0.0030332657042890787
7.685804988662132,591.1115,0.0025960970669984818
7.7090249433106575,496.2682,0.0026340987533330917
7.732244897959184,242.85852,0.00246250769123435
7.75546485260771,238.31923,0.001924734329804778
7.778684807256236,238.22482,0.0018254331080242991
7.801904761904762,239.2602,0.0018040710128843784
7.8251247165532885,239.9392,0.0018841975834220648
7.848344671201814,239.00632,0.0018677669577300549
7.871564625850341,236.1947,0.0018396577797830105
7.894784580498866,511.2518,0.0017945202998816967
7.918004535147393,238.6025,0.0019158838549628854
7.9412244897959186,241.99188,0.002490496262907982
7.964444444444444,244.10504,0.0025780275464057922
7.987664399092971,243.63594,0.002373452764004469
8.010884353741497,238.21448,0.0021170596592128277
8.034104308390022,505.77838,0.002396096009761095
8.057324263038549,498.90994,0.0021965631749480963
8.080544217687075,510.0468,0.0018467091722413898
8.103764172335602,239.56909,0.0020262945909053087
8.126984126984127,242.39719,0.002322690561413765
8.150204081632653,241.6846,0.0021016900427639484
8.17342403628118,239.46849,0.0018229610286653042
8.196643990929706,510.84375,0.001882040873169899
8.219863945578231,505.32278,0.0017061231192201376
8.243083900226758,512.4753,0.0016454645665362477
8.266303854875284,243.5627,0.002309062983840704
8.289523809523809,267.86868,0.0027444714214652777
8.312743764172335,493.75702,0.0024350748863071203
8.335963718820862,241.93553,0.0018872502259910107
8.359183673469389,235.63725,0.0019470686092972755
8.382403628117913,497.8684,0.0024378779344260693
8.40562358276644,490.00623,0.002871063072234392
8.428843537414966,472.7384,0.0034702441189438105
8.452063492063493,433.08768,0.0031563597731292248
8.475283446712018,423.35516,0.004000498913228512
8.498503401360544,417.0023,0.0037513498682528734
8.52172335600907,421.66656,0.0034518963657319546
8.544943310657597,424.32065,0.0032527451403439045
8.568163265306122,423.94336,0.0031857916619628668
8.591383219954649,422.22348,0.003502185922116041
8.614603174603175,419.95172,0.003926904872059822
8.6378231292517,415.3835,0.004032783210277557
8.661043083900227,413.4105,0.0037066531367599964
8.684263038548753,416.27533,0.0036721350625157356
8.70748299319728,420.0706,0.0035224673338234425
8.730702947845804,423.8597,0.003440464846789837
8.753922902494331,426.23187,0.0031986506655812263
8.777142857142858,426.1341,0.0034219492226839066
8.800362811791384,421.06573,0.0036934679374098778
8.823582766439909,418.11398,0.003871173830702901
8.846802721088435,416.4632,0.0037394845858216286
8.870022675736962,419.24088,0.0033967371564358473
8.893242630385489,426.1397,0.002761582378298044
8.916462585034013,432.75162,0.0026334254071116447
8.93968253968254,429.88358,0.002975837793201208
8.962902494331066,425.12784,0.003318957518786192
8.986122448979591,421.60156,0.003527204506099224
9.009342403628118,423.1105,0.0033326472621411085
9.032562358276644,425.34097,0.002913405653089285
9.05578231292517,428.03137,0.0029515463393181562
9.079002267573696,423.05997,0.0037088049575686455
9.102222222222222,412.17526,0.004976471420377493
9.125442176870749,387.35065,0.007067411206662655
9.148662131519275,365.76144,0.008788232691586018
9.1718820861678,363.4974,0.0073530119843780994
9.195102040816327,369.32828,0.005510416813194752
9.218321995464853,377.78204,0.0030806211289018393
9.24154195011338,384.60803,0.0039249081164598465
9.264761904761905,374.8199,0.005102183204144239
9.287981859410431,369.33456,0.0058793374337255955
9.311201814058958,368.97913,0.006282920017838478
9.334421768707482,370.47473,0.005684230476617813
9.357641723356009,373.89084,0.0031923744827508926
9.380861678004536,387.17917,0.003576402086764574
9.404081632653062,387.6311,0.004013850353658199
9.427301587301587,383.5722,0.0046907272189855576
9.450521541950113,371.13376,0.006443377584218979
9.47374149659864,363.3797,0.007049211300909519
9.496961451247167,363.374,0.0060357945039868355
9.520181405895691,370.6259,0.004831296391785145
9.543401360544218,380.48874,0.0029468927532434464
9.566621315192744,393.3875,0.003905313089489937
9.58984126984127,381.13354,0.004101702943444252
9.613061224489796,371.74716,0.004709620028734207
9.636281179138322,370.0171,0.005149028729647398
9.659501133786849,370.1746,0.004988832399249077
9.682721088435374,372.98187,0.0035965130664408207
9.7059410430839,379.05783,0.0029632041696459055
9.729160997732427,374.91345,0.0037340493872761726
9.752380952380953,365.55606,0.005405922420322895
9.775600907029478,354.71573,0.005007592495530844
9.798820861678005,342.71463,0.0037792841903865337
9.822040816326531,334.03473,0.003130598459392786
9.845260770975058,336.89883,0.0038836468011140823
9.868480725623582,339.73508,0.004409391433000565
9.891700680272109,341.61877,0.004495277069509029
9.914920634920636,341.799,0.004002599976956844
9.93814058956916,340.77084,0.00370743777602911
9.961360544217687,340.2685,0.004553139675408602
9.984580498866213,343.04944,0.005460279993712902
10.00780045351474,345.0024,0.005943955387920141
10.031020408163265,345.20007,0.005697865039110184
10.054240362811791,344.46045,0.004156659357249737
10.077460317460318,341.6551,0.00273196492344141
10.100680272108844,338.59274,0.0030407560989260674
10.12390022675737,341.21667,0.003947319462895393
10.147120181405896,341.085,0.005547714419662952
10.170340136054422,345.42422,0.00688388105481863
10.193560090702949,349.95538,0.007049023173749447
10.216780045351474,349.75833,0.006196566857397556
10.24,344.81937,0.0030935141257941723
10.263219954648527,339.4464,0.0022000919561833143
10.286439909297052,325.20868,0.0030012880451977253
10.309659863945578,339.6059,0.004442806355655193
10.332879818594105,342.744,0.005818310659378767
10.356099773242631,347.1076,0.006207541096955538
10.379319727891156,346.96786,0.005387820303440094
10.402539682539683,343.77307,0.003229050897061825
10.425759637188209,340.19177,0.002691409084945917
10.448979591836736,337.9667,0.0036088100168854
10.47219954648526,341.7514,0.0041876742616295815
10.495419501133787,341.26404,0.00330623728223145
10.518639455782314,336.1752,0.0017390346620231867
10.54185941043084,326.44177,0.0008144690073095262
10.565079365079365,352.12808,0.0008715926669538021
10.588299319727891,353.8272,0.0009831649949774146
10.611519274376418,354.1703,0.0011808674316853285
10.634739229024943,325.45874,0.0011766621610149741
10.65795918367347,357.96457,0.0008898298256099224
10.681179138321996,358.76114,0.0007665372104384005
10.704399092970522,353.33997,0.0008361748186871409
10.727619047619047,354.80414,0.000907198409549892
10.750839002267574,356.3148,0.0010738925775513053
10.7740589569161,349.93082,0.0014113124925643206
10.797278911564627,334.78085,0.0015892824158072472
10.820498866213152,342.91772,0.0012812239583581686
10.843718820861678,359.2871,0.0008533386280760169
10.866938775510205,355.57202,0.0006688309367746115
10.890158730158731,341.65897,0.000681488192640245
10.913378684807256,347.9219,0.000861913023982197
10.936598639455783,350.04346,0.0012213438749313354
10.95981859410431,341.0499,0.0015518931904807687
10.983038548752834,348.09152,0.001695653423666954
11.00625850340136,343.0582,0.001059168134815991
11.029478458049887,359.28333,0.0006519698072224855
11.052698412698414,345.35828,0.0006520963506773114
11.075918367346938,344.389,0.0006593758589588106
11.099138321995465,343.19736,0.0008060124237090349
11.122358276643991,352.81277,0.0009384111617691815
11.145578231292518,347.59018,0.0009318366646766663
11.168798185941043,321.98602,0.0008644291083328426
11.19201814058957,349.42386,0.0006710076704621315
11.215238095238096,348.5867,0.0005441656103357673
11.23845804988662,306.29517,0.0006630479474551976
11.261678004535147,345.0035,0.0008050740580074489
11.284897959183674,346.11328,0.0009246703702956438
11.3081179138322,284.67947,0.0008442120160907507
11.331337868480725,303.77155,0.0007675244705751538
11.354557823129252,345.4045,0.0005784432869404554
11.377777777777778,311.7377,0.0005202570464462042
11.400997732426305,289.02267,0.0006183593068271875
11.42421768707483,311.98392,0.0005981669528409839
11.447437641723356,311.2019,0.0005832347087562084
11.470657596371883,308.12082,0.0005890449974685907
11.49387755102041,313.97168,0.0005968048353679478
11.517097505668934,311.4531,0.0006431570509448647
11.54031746031746,297.50455,0.0007695588283240795
11.563537414965987,309.3173,0.0006880740402266383
11.586757369614512,310.62067,0.0006661781226284802
11.609977324263038,356.40057,0.0008055210346356034
11.633197278911565,284.40625,0.0007929637213237584
11.656417233560092,312.9211,0.0006542106857523322
11.679637188208616,313.18768,0.0005890792817808688
11.702857142857143,302.14087,0.0007454955484718084
11.72607709750567,312.79233,0.0006206812104210258
11.749297052154196,311.94437,0.0005295771406963468
11.77251700680272,309.7337,0.0005354908062145114
11.795736961451247,347.7654,0.0005551360663957894
11.818956916099774,347.64066,0.0005140103166922927
11.8421768707483,288.87137,0.0005353844026103616
11.865396825396825,314.34967,0.0005316975293681026
11.888616780045352,348.05768,0.0004771438252646476
11.911836734693878,312.25266,0.0004626343725249171
11.935056689342403,311.65042,0.0005114373634569347
11.95827664399093,310.6005,0.0005765209789387882
11.981496598639456,347.96973,0.0006807524478062987
12.004716553287983,350.9675,0.0005448302254080772
12.027936507936507,356.86166,0.0005588035564869642
12.051156462585034,354.5367,0.0004856373416259885
12.07437641723356,352.50616,0.000481990457046777
12.097596371882087,360.24347,0.00047093004104681313
12.120816326530612,354.84155,0.00042406865395605564
12.144036281179138,355.61444,0.0003984210197813809
12.167256235827665,357.16693,0.0005511340568773448
12.190476190476192,354.9031,0.000587441842071712
12.213696145124716,350.1641,0.0004954642499797046
12.236916099773243,351.86288,0.0005773817538283765
12.26013605442177,361.32068,0.0006389091140590608
12.283356009070294,353.89166,0.0005281553603708744
12.30657596371882,354.28714,0.00046698516234755516
12.329795918367347,355.98752,0.00060168222989887
12.353015873015874,350.80933,0.0005923032877035439
12.376235827664399,351.28098,0.0004886987735517323
12.399455782312925,351.51285,0.0005305296508595347
12.422675736961452,360.0075,0.0006547750672325492
12.445895691609978,353.04193,0.0006054954719729722
12.469115646258503,352.28525,0.00043208402348682284
12.49233560090703,357.1082,0.0004466479877009988
12.515555555555556,358.37668,0.0004530818550847471
12.538775510204083,352.13126,0.00045113140367902815
12.561995464852608,356.11963,0.0006096648285165429
12.585215419501134,352.53094,0.0007461753557436168
12.60843537414966,347.38742,0.0006071972893550992
12.631655328798185,353.66727,0.00042599643347784877
12.654875283446712,360.86417,0.0004405781510286033
12.678095238095239,357.7933,0.0004804734489880502
12.701315192743765,356.15494,0.00044255907414481044
12.72453514739229,355.70584,0.00045629250234924257
12.747755102040816,359.02603,0.0005068344180472195
12.770975056689343,357.87326,0.0004617349768523127
12.79419501133787,353.96503,0.00042027156450785697
12.817414965986394,359.40558,0.0004912545555271208
12.84063492063492,356.06424,0.0004969720030203462
12.863854875283447,354.96536,0.00041553861228749156
12.887074829931972,352.7252,0.0004091873415745795
12.910294784580499,353.34113,0.0004944023094139993
12.933514739229025,354.69864,0.0004456326423678547
12.956734693877552,352.66403,0.00038614580989815295
12.979954648526077,353.89072,0.0004867897368967533
13.003174603174603,352.4089,0.0004730219370685518
13.02639455782313,352.48074,0.0004478699411265552
13.049614512471656,345.77936,0.0004143918049521744
13.072834467120181,358.7618,0.00045596330892294645
13.096054421768708,357.5995,0.0004125591949559748
13.119274376417234,349.0142,0.00028430629754438996
13.14249433106576,346.45773,0.00023483540280722082
13.165714285714285,349.12787,0.00027325283735990524
13.188934240362812,320.44464,0.0002513779327273369
13.212154195011339,277.79712,0.00026000943034887314
13.235374149659863,260.29968,0.00016501796199008822
13.25859410430839,128.15117,7.354292029049248e-05
13.281814058956916,381.0935,4.5432148908730596e-05
13.305034013605443,394.7481,4.9623908125795424e-05
13.328253968253968,132.04062,5.940769915468991e-05
13.351473922902494,370.9511,4.979297227691859e-05
13.374693877551021,374.9473,1.6471301933052018e-05
13.397913832199547,0.0,1.9354911273694597e-06
13.421133786848072,0.0,2.849992597475648e-07
13.444353741496599,0.0,7.277594704646617e-08
13.467573696145125,0.0,1.766966306604445e-08
13.490793650793652,0.0,3.1349372875411063e-08
13.514013605442177,0.0,1.435810190741904e-07
13.537233560090703,0.0,1.4222860045265406e-07
13.56045351473923,0.0,5.950641934759915e-08
13.583673469387755,0.0,7.065955287544057e-08
13.606893424036281,0.0,6.340633262880147e-08
13.630113378684808,0.0,2.611122909002006e-07
13.653333333333334,0.0,1.422713467036374e-07
