0.0,0.0,1.0107578418683261e-07
0.023219954648526078,0.0,3.249078872613609e-08
0.046439909297052155,0.0,4.221692506689578e-08
0.06965986394557823,0.0,8.67239577928558e-08
0.09287981859410431,0.0,5.370566213969141e-08
0.11609977324263039,0.0,5.249148671282455e-08
0.13931972789115646,0.0,3.571494744392112e-08
0.16253968253968254,0.0,5.148967829882167e-07
0.18575963718820862,0.0,3.0515184334944934e-06
0.2089795918367347,0.0,5.800954568258021e-06
0.23219954648526078,548.4526,1.3025181942794006e-05
0.25541950113378686,0.0,8.969154805527069e-06
0.2786394557823129,0.0,8.691383300174493e-06
0.301859410430839,521.6845,1.8118091247742996e-05
0.3250793650793651,531.75525,4.9325055442750454e-05
0.3482993197278912,763.5533,4.475143941817805e-05
0.37151927437641724,770.5799,6.80212106090039e-05
0.3947392290249433,548.7123,6.54106552246958e-05
0.4179591836734694,549.49585,6.348978058667853e-05
0.44117913832199546,761.6697,9.502412285655737e-05
0.46439909297052157,2338.3884,7.335227564908564e-05
0.4876190476190476,749.442,5.6709999626036733e-05
0.5108390022675737,544.8038,7.425478543154895e-05
0.5340589569160998,722.91425,6.329145253403112e-05
0.5572789115646258,534.142,7.227895548567176e-05
0.5804988662131519,733.6889,7.53062849980779e-05
0.603718820861678,728.0453,7.921955693745986e-05
0.626938775510204,1449.081,7.923586235847324e-05
0.6501587301587302,1431.5778,8.725588122615591e-05
0.6733786848072563,717.21844,8.2111764641013e-05
0.6965986394557824,714.9953,8.779301424510777e-05
0.7198185941043084,712.47687,8.896150393411517e-05
0.7430385487528345,712.76624,6.601087807212025e-05
0.7662585034013606,531.634,9.029885404743254e-05
0.7894784580498866,1420.5396,8.214371337089688e-05
0.8126984126984127,1430.5925,7.169904711190611e-05
0.8359183673469388,713.0626,0.00011487277515698224
0.8591383219954649,1422.4265,9.972450061468408e-05
0.8823582766439909,1421.3556,7.95040323282592e-05
0.905578231292517,1425.5504,7.47135782148689e-05
0.9287981859410431,707.2678,7.135992927942425e-05
0.9520181405895691,708.3902,9.53637863858603e-05
0.9752380952380952,536.82574,0.00012149001122452319
0.9984580498866213,541.42566,0.00023700080055277795
1.0216780045351475,545.38245,0.00036430254112929106
1.0448979591836736,542.42865,0.00033611455000936985
1.0681179138321997,541.70874,0.0003685199189931154
1.0913378684807256,2475.9324,0.0002592260716482997
1.1145578231292517,2465.67,0.0003091334365308285
1.1377777777777778,2489.3416,0.00023968116147443652
1.1609977324263039,2482.2732,0.0003385516756679863
1.18421768707483,2498.86,0.00030318042263388634
1.207437641723356,542.79205,0.0003835911920759827
1.2306575963718822,2571.664,0.00041867687832564116
1.253877551020408,2608.5164,0.0003618064511101693
1.2770975056689342,2614.0552,0.00039646460209041834
1.3003174603174603,2593.6458,0.00033412460470572114
1.3235374149659864,1395.1129,0.0004036581376567483
1.3467573696145125,2629.7146,0.0003570286207832396
1.3699773242630386,2636.4075,0.00040217419154942036
1.3931972789115648,720.24567,0.0004910500720143318
1.4164172335600906,527.0339,0.0005011995672248304
1.4396371882086167,1409.7019,0.00036547728814184666
1.4628571428571429,2667.9934,0.0003972188860643655
1.486077097505669,2702.9417,0.0003167299728374928
1.509297052154195,2654.6711,0.00042421784019097686
1.5325170068027212,2662.4548,0.0004860401386395097
1.5557369614512473,1394.55,0.00043071270920336246
1.5789569160997732,1414.4238,0.0005401548696681857
1.6021768707482993,1402.6832,0.00048518116818740964
1.6253968253968254,1402.8228,0.0004482304211705923
1.6486167800453515,1417.3099,0.00044753093970939517
1.6718367346938776,535.9029,0.000533069483935833
1.6950566893424037,523.9367,0.0004716809780802578
1.7182766439909298,712.2837,0.0004084306419827044
1.7414965986394557,1443.6742,0.00043952054693363607
1.7647165532879818,505.30844,0.0006420774734579027
1.787936507936508,711.0192,0.0006591209676116705
1.811156462585034,541.53284,0.0006902053719386458
1.8343764172335602,702.4952,0.0007006648229435086
1.8575963718820863,710.7401,0.0006885856273584068
1.8808163265306124,1409.2465,0.0007151258178055286
1.9040362811791383,1412.6238,0.0006286673014983535
1.9272562358276644,716.02026,0.0007314766407944262
1.9504761904761905,717.1602,0.0008509979816153646
1.9736961451247166,711.7658,0.0009182270150631666
1.9969160997732427,712.0636,0.0009177780011668801
2.020136054421769,700.37854,0.0009501035674475133
2.043356009070295,707.5936,0.000877385726198554
2.066575963718821,712.1755,0.0006020280998200178
2.089795918367347,713.7851,0.0005538355326279998
2.1130158730158732,715.4133,0.0006395229138433933
2.1362358276643993,716.1306,0.0009310423047281802
2.159455782312925,713.14307,0.0010226421291008592
2.182675736961451,703.766,0.0010082635562866926
2.2058956916099772,701.72064,0.0010607701260596514
2.2291156462585033,704.6344,0.0010049816919490695
2.2523356009070294,710.2519,0.000728798913769424
2.2755555555555556,715.437,0.0007895362796261907
2.2987755102040817,711.473,0.0010130649898201227
2.3219954648526078,705.94446,0.0011456523789092898
2.345215419501134,705.10223,0.0010913892183452845
2.36843537414966,706.9473,0.0008974239462986588
2.391655328798186,712.2468,0.0006418944685719907
2.414875283446712,718.2061,0.0010459760669618845
2.4380952380952383,679.7622,0.0007989880978129804
2.4613151927437644,713.1482,0.0008258494781330228
2.48453514739229,737.689,0.001357879489660263
2.507755102040816,721.17957,0.001534185605123639
2.5309750566893423,497.79556,0.0014457431389018893
2.5541950113378684,542.20654,0.0014531123451888561
2.5774149659863945,518.5057,0.0014883715193718672
2.6006349206349206,668.8985,0.0015709514264017344
2.6238548752834467,728.6797,0.0014358417829498649
2.647074829931973,746.07336,0.0015021726721897721
2.670294784580499,745.5124,0.001986593473702669
2.693514739229025,728.54767,0.002052783500403166
2.716734693877551,716.12274,0.0024464051239192486
2.7399546485260773,666.2553,0.0024688311386853456
2.7631746031746034,553.52704,0.0024015200324356556
2.7863945578231295,645.10846,0.002305523492395878
2.809614512471655,699.39606,0.001831528963521123
2.8328344671201813,728.2404,0.001697768922895193
2.8560544217687074,733.83514,0.0023413733579218388
2.8792743764172335,712.17883,0.003021791111677885
2.9024943310657596,684.59265,0.0030290817376226187
2.9257142857142857,551.3323,0.0028888052329421043
2.948934240362812,547.86505,0.002699329284951091
2.972154195011338,551.2965,0.0023501471150666475
2.995374149659864,697.80054,0.0017452979227527976
3.01859410430839,724.90137,0.0014149245107546449
3.0418140589569163,731.2164,0.0022907534148544073
3.0650340136054424,707.02905,0.0022655650973320007
3.0882539682539685,723.73724,0.0011813344899564981
3.1114739229024946,730.1293,0.0015000028070062399
3.1346938775510207,716.9764,0.0014886101707816124
3.1579138321995464,714.4122,0.0009143577190116048
3.1811337868480725,530.6185,0.0008714758441783488
3.2043537414965986,708.6119,0.0009006576146930456
3.2275736961451247,525.04614,0.0010810906533151865
3.250793650793651,708.89124,0.0012992469128221273
3.274013605442177,700.756,0.0014803273370489478
3.297233560090703,699.8711,0.0014911612961441278
3.320453514739229,697.0723,0.0012585209915414453
3.3436734693877552,698.3193,0.0012165887746959925
3.3668934240362813,698.11005,0.0011315203737467527
3.3901133786848074,693.45306,0.0011111961212009192
3.4133333333333336,700.3595,0.0012647607363760471
3.4365532879818597,710.6339,0.0012518682051450014
3.4597732426303858,705.76807,0.0011033735936507583
3.4829931972789114,697.18756,0.0010305035393685102
3.5062131519274375,694.5564,0.0011366521939635277
3.5294331065759637,695.4324,0.0010386971989646554
3.5526530612244898,686.0303,0.0009690789738669991
3.575873015873016,692.76013,0.000850504613481462
3.599092970521542,687.3312,0.0010926759568974376
3.622312925170068,690.1662,0.0012531208340078592
3.645532879818594,698.23157,0.0011759342160075903
3.6687528344671203,691.1918,0.0010088748531416059
3.6919727891156464,688.7541,0.0010948937851935625
3.7151927437641725,696.4405,0.0010920611675828695
3.7384126984126986,691.22406,0.0010009597754105926
3.7616326530612247,672.29584,0.000978637021034956
3.784852607709751,683.697,0.0008703552884981036
3.8080725623582765,697.69165,0.0005455717910081148
3.8312925170068026,1402.7789,0.00047231881762854755
3.8545124716553287,695.8801,0.0004751328960992396
3.877732426303855,690.9475,0.000381199992261827
3.900952380952381,690.53955,0.0002882283297367394
3.924172335600907,1383.6313,0.00033614292624406517
3.947392290249433,2626.1948,0.0003005714388564229
3.9706122448979593,1364.3344,0.000461867603007704
3.9938321995464854,1338.459,0.00042678375029936433
4.017052154195011,1341.6105,0.0004631296615116298
4.040272108843538,1358.3888,0.000474923086585477
4.063492063492063,1356.565,0.0003796620003413409
4.08671201814059,1367.895,0.0004505727847572416
4.1099319727891155,2665.9277,0.0003493065305519849
4.133151927437642,1380.7987,0.0005514469812624156
4.156371882086168,2568.2292,0.0004929634160362184
4.179591836734694,1355.1812,0.00044235814129933715
4.20281179138322,1374.0729,0.0004917922196909785
4.2260317460317465,1361.1779,0.00038009718991816044
4.249251700680272,1373.2303,0.00044614955550059676
4.272471655328799,2690.8577,0.00038619566475972533
4.295691609977324,2628.8462,0.00041476311162114143
4.31891156462585,1372.5377,0.0004362337349448353
4.342131519274377,1365.8969,0.0003410350764170289
4.365351473922902,1367.9495,0.0004506742407102138
4.388571428571429,1361.9207,0.0003162383509334177
4.4117913832199545,147.96585,0.0004132260801270604
4.435011337868481,2652.7332,0.00040777752292342484
4.458231292517007,1377.786,0.0003629238053690642
4.481451247165533,1378.8845,0.00043938850285485387
4.504671201814059,1379.024,0.00033125438494607806
4.527891156462585,1395.2612,0.00038587982999160886
4.551111111111111,692.79004,0.00024828308960422873
4.574331065759638,691.95386,7.952911255415529e-05
4.597551020408163,689.53046,3.766108784475364e-05
4.62077097505669,530.5807,2.7782536562881432e-05
4.6439909297052155,523.4065,6.1018337873974815e-05
4.667210884353741,2394.939,6.916442362125963e-05
4.690430839002268,680.8768,8.503189019393176e-05
4.713650793650793,679.5265,9.538293670630082e-05
4.73687074829932,684.1442,0.00010484279482625425
4.760090702947846,687.7823,9.671619045548141e-05
4.783310657596372,690.55194,9.529482485959306e-05
4.806530612244898,692.4158,0.00010542385280132294
4.829750566893424,688.79156,0.00010679068509489298
4.85297052154195,2458.308,0.00011375466419849545
4.876190476190477,687.50586,0.00013124753604643047
4.899410430839002,2400.281,0.0001403063943143934
4.922630385487529,2515.5354,0.00012512021930888295
4.9458503401360545,1365.6282,0.00012502633035182953
4.96907029478458,1365.4943,0.00013001276238355786
4.992290249433107,2509.9846,0.00012350472388789058
5.015510204081632,2510.7512,0.00014894662308506668
5.038730158730159,2504.57,0.0001329521182924509
5.061950113378685,2509.731,0.0001272205845452845
5.085170068027211,685.2239,0.00014551368076354265
5.108390022675737,2524.349,0.0001426584058208391
5.131609977324263,2529.285,0.00012939420412294567
5.154829931972789,1372.2988,0.0001259180426131934
5.178049886621316,688.41986,0.0001510647707618773
5.201269841269841,2559.0962,0.00014523754362016916
5.224489795918368,2560.129,0.00013296112592797726
5.2477097505668935,685.7921,0.00015467900084331632
5.27092970521542,2423.1394,0.00016054460138548166
5.294149659863946,2568.428,0.0001599681272637099
5.317369614512471,2540.4915,0.0001429839467164129
5.340589569160998,683.0755,0.00015030284703243524
5.363809523809524,2582.4163,0.00014611042570322752
5.38702947845805,683.8087,0.000147136757732369
5.410249433106576,685.72,0.00014689756790176034
5.433469387755102,1417.0469,0.00016711832722648978
5.456689342403628,1393.6967,0.00015641722711734474
5.479909297052155,1402.056,0.0001453802833566442
5.50312925170068,1406.0493,0.00014420237857848406
5.526349206349207,1409.6063,0.00014197321434039623
5.5495691609977325,688.51953,0.00013728492194786668
5.572789115646259,1407.7454,0.0001299627183470875
5.596009070294785,1413.908,0.00013101016520522535
5.61922902494331,689.5976,0.00014197558630257845
5.642448979591837,1419.2844,0.00014007420395500958
5.6656689342403626,1433.8762,0.0001142226392403245
5.688888888888889,1437.0376,0.00010123303945874795
5.712108843537415,693.80096,9.789514297153801e-05
5.735328798185941,692.1835,7.510282739531249e-05
5.758548752834467,108.884575,5.1171184168197215e-05
5.7817687074829935,0.0,9.547743502480444e-06
5.804988662131519,0.0,1.6657204469083808e-06
5.828208616780046,0.0,9.968825906980783e-07
5.851428571428571,0.0,4.826515578315593e-07
5.874648526077098,0.0,1.5564091881969944e-07
5.897868480725624,0.0,8.02565409685485e-08
5.92108843537415,0.0,4.520370566751808e-08
5.944308390022676,0.0,4.490902938414365e-08
5.9675283446712015,0.0,3.929653757950291e-08
5.990748299319728,0.0,7.931885193102062e-08
6.013968253968254,0.0,4.6140485210344195e-08
6.03718820861678,0.0,7.028938853181899e-08
6.060408163265306,0.0,3.8741745811421424e-08
6.0836281179138325,0.0,3.349668986629695e-08
6.106848072562358,0.0,2.9639522836077958e-08
6.130068027210885,0.0,2.981323632411659e-08
