0.0,0.0,5.3485564421862364e-08
0.023219954648526078,0.0,7.873768481658772e-08
0.046439909297052155,0.0,4.0949998947326094e-08
0.06965986394557823,0.0,7.080507202772424e-08
0.09287981859410431,0.0,3.358400135766715e-08
0.11609977324263039,0.0,7.159542292356491e-08
0.13931972789115646,0.0,6.406935426639393e-08
0.16253968253968254,0.0,5.4727934184484184e-08
0.18575963718820862,0.0,8.484857971780002e-08
0.2089795918367347,0.0,2.6321686164010316e-08
0.23219954648526078,0.0,4.532557795755565e-08
0.25541950113378686,0.0,1.1217071005376056e-07
0.2786394557823129,0.0,5.7824763644021004e-08
0.301859410430839,0.0,9.452031008549966e-06
0.3250793650793651,760.0588,4.39592549810186e-05
0.3482993197278912,708.12415,4.161440665484406e-05
0.37151927437641724,768.23663,7.639756222488359e-05
0.3947392290249433,733.63684,9.530599345453084e-05
0.4179591836734694,733.1865,0.00014374151942320168
0.44117913832199546,741.0931,0.00015492146485485137
0.46439909297052157,757.95636,0.00013020122423768044
0.4876190476190476,758.3303,9.554276039125398e-05
0.5108390022675737,768.39404,7.388833910226822e-05
0.5340589569160998,745.11786,0.00010253191430820152
0.5572789115646258,750.2001,0.00013802033208776265
0.5804988662131519,752.46985,0.00012062223686370999
0.603718820861678,742.80035,0.00013641288387589157
0.626938775510204,726.0318,0.00012471142690628767
0.6501587301587302,743.0424,0.00011926064325962216
0.6733786848072563,762.20105,0.00013256960664875805
0.6965986394557824,755.721,0.00012800336116924882
0.7198185941043084,742.5053,0.00012122036423534155
0.7430385487528345,728.0301,0.00014595886750612408
0.7662585034013606,749.125,0.00015645688108634204
0.7894784580498866,749.0369,0.00016358903667423874
0.8126984126984127,758.11444,0.00016592012252658606
0.8359183673469388,766.3394,0.0001493695890530944
0.8591383219954649,582.40656,0.0001433960860595107
0.8823582766439909,577.00385,0.00013880140613764524
0.905578231292517,574.0562,0.00012121851614210755
0.9287981859410431,576.74536,9.997350571211427e-05
0.9520181405895691,597.5545,0.0001681296998867765
0.9752380952380952,592.1469,0.0002781504881568253
0.9984580498866213,591.02893,0.0003627867845352739
1.0216780045351475,660.8565,0.0003275652998127043
1.0448979591836736,696.21265,0.0004465049714781344
1.0681179138321997,669.9896,0.00048641912871971726
1.0913378684807256,657.8685,0.0007285960018634796
1.1145578231292517,592.7638,0.0005626316415145993
1.1377777777777778,607.10156,0.0007261083228513598
1.1609977324263039,605.3814,0.0006032094825059175
1.18421768707483,609.1646,0.0007994903717190027
1.207437641723356,601.7329,0.0006161886849440634
1.2306575963718822,635.10724,0.0007355405832640827
1.253877551020408,641.6864,0.0005615285481326282
1.2770975056689342,682.7777,0.0005989138735458255
1.3003174603174603,674.9839,0.0006616440950892866
1.3235374149659864,657.2704,0.000658054428640753
1.3467573696145125,649.0869,0.0006796759553253651
1.3699773242630386,668.68146,0.0006395719829015434
1.3931972789115648,651.25464,0.0006499760784208775
1.4164172335600906,665.0613,0.0005164736649021506
1.4396371882086167,695.84467,0.0005943527212366462
1.4628571428571429,707.5524,0.0005511519266292453
1.486077097505669,724.7692,0.0005795188480988145
1.509297052154195,692.9685,0.0007125526899471879
1.5325170068027212,662.1429,0.0006826980970799923
1.5557369614512473,596.7058,0.0005739709595218301
1.5789569160997732,587.8134,0.0004388286033645272
1.6021768707482993,740.35175,0.000825827824883163
1.6253968253968254,737.3088,0.0009670787258073688
1.6486167800453515,765.0909,0.001200099941343069
1.6718367346938776,781.863,0.0014531295746564865
1.6950566893424037,774.0469,0.0012848456390202045
1.7182766439909298,772.6365,0.0008840311784297228
1.7414965986394557,785.1308,0.0008634240366518497
1.7647165532879818,791.4661,0.0008532696519978344
1.787936507936508,789.0956,0.0012872718507423997
1.811156462585034,782.27576,0.00162231782451272
1.8343764172335602,777.1476,0.0015009483322501183
1.8575963718820863,754.7808,0.0011634271359071136
1.8808163265306124,756.53406,0.0008437383803538978
1.9040362811791383,768.26904,0.0008893117774277925
1.9272562358276644,762.9081,0.0010656320955604315
1.9504761904761905,751.9401,0.0011590237263590097
1.9736961451247166,619.9044,0.0012260419316589832
1.9969160997732427,619.6221,0.001252920483238995
2.020136054421769,620.6601,0.0010910960845649242
2.043356009070295,729.613,0.0010855464497581124
2.066575963718821,615.4898,0.0010047804098576307
2.089795918367347,624.3185,0.0012275350745767355
2.1130158730158732,623.13245,0.0016187600558623672
2.1362358276643993,614.52765,0.0017175269313156605
2.159455782312925,687.68005,0.0016184045234695077
2.182675736961451,628.57086,0.001363796298392117
2.2058956916099772,607.0755,0.001284601865336299
2.2291156462585033,607.72205,0.0017375132301822305
2.2523356009070294,617.12476,0.0014362814836204052
2.2755555555555556,718.0162,0.0018072355305776
2.2987755102040817,763.6075,0.0030811671167612076
2.3219954648526078,717.50037,0.0022900477051734924
2.345215419501134,762.66254,0.0021328581497073174
2.36843537414966,784.37317,0.0024220524355769157
2.391655328798186,779.0251,0.002422860823571682
2.414875283446712,761.23816,0.002740207128226757
2.4380952380952383,755.3963,0.0031821969896554947
2.4613151927437644,785.79706,0.003130584489554167
2.48453514739229,783.5851,0.00297101610340178
2.507755102040816,777.62134,0.003349829465150833
2.5309750566893423,784.3926,0.003197455545887351
2.5541950113378684,792.4283,0.003189261071383953
2.5774149659863945,796.3234,0.0031089973635971546
2.6006349206349206,801.23505,0.002422784920781851
2.6238548752834467,796.3079,0.0030350342858582735
2.647074829931973,793.40283,0.003548368811607361
2.670294784580499,800.1614,0.0035359119065105915
2.693514739229025,788.22375,0.0039923107251524925
2.716734693877551,787.3706,0.0040066116489470005
2.7399546485260773,788.85956,0.003047933802008629
2.7631746031746034,794.5884,0.002680735196918249
2.7863945578231295,799.005,0.0026166168972849846
2.809614512471655,804.78314,0.003281415905803442
2.8328344671201813,794.7438,0.0047640069387853146
2.8560544217687074,786.88574,0.004876198247075081
2.8792743764172335,764.3396,0.003627134021371603
2.9024943310657596,761.9058,0.004240581765770912
2.9257142857142857,768.6779,0.0037309445906430483
2.948934240362812,788.14343,0.0030675665475428104
2.972154195011338,784.26953,0.0035956152714788914
2.995374149659864,737.02496,0.004278757609426975
3.01859410430839,720.4144,0.0031784377060830593
3.0418140589569163,603.66766,0.0026373909786343575
3.0650340136054424,618.0232,0.0019322726875543594
3.0882539682539685,611.9823,0.001357984496280551
3.1114739229024946,606.4586,0.0014092843048274517
3.1346938775510207,615.55664,0.0014964319998398423
3.1579138321995464,614.1046,0.0018742658430710435
3.1811337868480725,619.3583,0.002168598584830761
3.2043537414965986,770.6931,0.002044053515419364
3.2275736961451247,638.41974,0.001965006347745657
3.250793650793651,665.8245,0.001943784300237894
3.274013605442177,666.2583,0.001793776173144579
3.297233560090703,613.1506,0.0013618671800941229
3.320453514739229,614.0306,0.0011419313959777355
3.3436734693877552,682.33167,0.0017735227011144161
3.3668934240362813,597.783,0.002072474919259548
3.3901133786848074,701.7757,0.001868278719484806
3.4133333333333336,703.60535,0.0017877287464216352
3.4365532879818597,693.7822,0.0013563487445935607
3.4597732426303858,587.6284,0.000870048999786377
3.4829931972789114,698.1324,0.0010731164366006851
3.5062131519274375,689.81665,0.0015595389995723963
3.5294331065759637,666.63715,0.0018204899970442057
3.5526530612244898,696.5731,0.0014670335222035646
3.575873015873016,701.6602,0.000811146863270551
3.599092970521542,702.87714,0.00110565684735775
3.622312925170068,697.98254,0.0008948598988354206
3.645532879818594,710.0665,0.0008028390584513545
3.6687528344671203,703.14404,0.0007875367300584912
3.6919727891156464,719.54535,0.0006752117769792676
3.7151927437641725,718.8134,0.0008976931567303836
3.7384126984126986,711.0633,0.001012044376693666
3.7616326530612247,713.147,0.0009881907608360052
3.784852607709751,700.3013,0.001045821001753211
3.8080725623582765,709.81116,0.0009034493705257773
3.8312925170068026,703.3976,0.001047453610226512
3.8545124716553287,711.57947,0.000786646269261837
3.877732426303855,720.9556,0.0009103615302592516
3.900952380952381,710.9017,0.001026694430038333
3.924172335600907,710.52783,0.001032502856105566
3.947392290249433,700.7785,0.0011843652464449406
3.9706122448979593,693.82764,0.0010900176130235195
3.9938321995464854,684.2827,0.0010894302977249026
4.017052154195011,702.52985,0.0006545130163431168
4.040272108843538,720.94104,0.0007063689408823848
4.063492063492063,721.28296,0.0006986092776060104
4.08671201814059,720.1642,0.0007732829544693232
4.1099319727891155,707.3705,0.0013643053825944662
4.133151927437642,704.9747,0.0007115318439900875
4.156371882086168,710.92096,0.0006029497017152607
4.179591836734694,721.93207,0.0006714866030961275
4.20281179138322,715.33014,0.00045118946582078934
4.2260317460317465,784.72003,0.00037070331745781004
4.249251700680272,785.5645,0.0003259911318309605
4.272471655328799,674.71704,0.00021988205844536424
4.295691609977324,652.35236,0.00022758344130124897
4.31891156462585,733.086,0.00021487372578121722
4.342131519274377,729.24365,0.000259467342402786
4.365351473922902,781.90234,0.00028436502907425165
4.388571428571429,792.17615,0.00030273673473857343
4.4117913832199545,782.32007,0.0002833998005371541
4.435011337868481,779.32227,0.00027820345712825656
4.458231292517007,769.0471,0.0002752520958893001
4.481451247165533,765.0045,0.0002683310303837061
4.504671201814059,765.1405,0.00027161938487552106
4.527891156462585,772.5152,0.00026159262051805854
4.551111111111111,782.9991,0.00029060241649858654
4.574331065759638,773.0301,0.0002817913191393018
4.597551020408163,760.4557,0.00033113081008195877
4.62077097505669,779.97437,0.00028908817330375314
4.6439909297052155,767.4303,0.000257187697570771
4.667210884353741,766.14685,0.0002706061932258308
4.690430839002268,768.0598,0.0002698172756936401
4.713650793650793,781.79407,0.0002873208140954375
4.73687074829932,788.3521,0.00028824276523664594
4.760090702947846,792.76556,0.0002680267207324505
4.783310657596372,782.37683,0.0002955420350190252
4.806530612244898,783.9958,0.00027965527260676026
4.829750566893424,797.7698,0.0002647768706083298
4.85297052154195,773.63617,0.00027987221255898476
4.876190476190477,810.20715,0.0002786029945127666
4.899410430839002,781.92944,0.00030922977020964026
4.922630385487529,791.60345,0.000330171431414783
4.9458503401360545,782.2629,0.00029296078719198704
4.96907029478458,778.7911,0.00028371866210363805
4.992290249433107,773.8355,0.0002647172659635544
5.015510204081632,760.7122,0.00026842427905648947
5.038730158730159,754.35516,0.0002746833779383451
5.061950113378685,777.2605,0.0002701341873034835
5.085170068027211,789.2941,0.0002737173927016556
5.108390022675737,778.06744,0.0002610990486573428
5.131609977324263,701.0973,0.00026759994216263294
5.154829931972789,785.8657,0.0002742429496720433
5.178049886621316,827.5836,0.0002557740663178265
5.201269841269841,836.72217,0.000244969705818221
5.224489795918368,816.1291,0.0002598884457256645
5.2477097505668935,820.85944,0.0002494222717359662
5.27092970521542,865.56506,0.00015863766020629555
5.294149659863946,660.0987,7.341743184952065e-05
5.317369614512471,0.0,7.023723810561933e-06
5.340589569160998,0.0,1.2921364032081328e-06
5.363809523809524,0.0,3.9963470044313e-07
5.38702947845805,0.0,1.1255997378611937e-07
5.410249433106576,0.0,8.411916496697813e-08
5.433469387755102,0.0,1.524040271760896e-08
5.456689342403628,0.0,5.661786417476833e-08
5.479909297052155,0.0,6.975642463658005e-08
5.50312925170068,0.0,5.8555087889544666e-08
