0.0,0.0,5.556894393521361e-07
0.023219954648526078,0.0,2.491960913175717e-07
0.046439909297052155,0.0,6.470418156823143e-08
0.06965986394557823,0.0,5.98238329985179e-08
0.09287981859410431,0.0,8.971619536168873e-08
0.11609977324263039,0.0,1.2681448424700648e-07
0.13931972789115646,0.0,8.825008990243077e-08
0.16253968253968254,0.0,3.241711965529248e-07
0.18575963718820862,0.0,3.327422746224329e-07
0.2089795918367347,0.0,7.665676093893126e-08
0.23219954648526078,0.0,2.951419446617365e-07
0.25541950113378686,0.0,1.429598341928795e-07
0.2786394557823129,0.0,2.447377482894808e-07
0.301859410430839,0.0,1.8260379874845967e-07
0.3250793650793651,0.0,5.518077159649692e-07
0.3482993197278912,0.0,5.452620825963095e-07
0.37151927437641724,0.0,1.3156522982171737e-06
0.3947392290249433,264.27826,5.086698729428463e-05
0.4179591836734694,263.39795,0.00010044337977888063
0.44117913832199546,261.70007,0.00010107658454217017
0.46439909297052157,259.18652,9.892802336253226e-05
0.4876190476190476,258.0229,9.975785360438749e-05
0.5108390022675737,259.42584,0.00012272928142920136
0.5340589569160998,261.5928,0.0001479679049225524
0.5572789115646258,262.61713,0.0001774608390405774
0.5804988662131519,263.34082,0.00017353176372125745
0.603718820861678,259.6873,0.00012691291340161115
0.626938775510204,256.60794,0.00010640150867402554
0.6501587301587302,258.53302,0.00011830887524411082
0.6733786848072563,260.85352,0.00015101430471986532
0.6965986394557824,264.23593,0.00019688144675455987
0.7198185941043084,265.45972,0.00020634257816709578
0.7430385487528345,260.63422,0.00013299549755174667
0.7662585034013606,249.51755,0.00012237223563715816
0.7894784580498866,244.50565,0.0002010384778259322
0.8126984126984127,248.69102,0.00018320229719392955
0.8359183673469388,256.0573,0.00011967061436735094
0.8591383219954649,289.81082,0.00022450282995123416
0.8823582766439909,265.45724,0.0002540230343583971
0.905578231292517,262.08374,0.00017384550301358104
0.9287981859410431,252.66608,0.00013378763105720282
0.9520181405895691,247.688,0.00018112138786818832
0.9752380952380952,250.46191,0.00016416297876276076
0.9984580498866213,259.0512,0.0001861553464550525
1.0216780045351475,268.55737,0.00033533814712427557
1.0448979591836736,270.37665,0.0003281245008111
1.0681179138321997,264.32346,0.00022518125479109585
1.0913378684807256,252.64983,0.00014774606097489595
1.1145578231292517,245.22884,0.00022655616339761764
1.1377777777777778,249.41997,0.000215505002415739
1.1609977324263039,256.75583,0.00016489558038301766
1.18421768707483,265.53925,0.0003341873816680163
1.207437641723356,268.3135,0.0003553743881639093
1.2306575963718822,265.96844,0.00031553205917589366
1.253877551020408,259.89258,0.00020648447389248759
1.2770975056689342,257.42633,0.00017184484750032425
1.3003174603174603,262.33145,0.0002519653062336147
1.3235374149659864,272.0119,0.00028517318423837423
1.3467573696145125,284.83856,0.0002355735923629254
1.3699773242630386,334.5037,0.00017505086725577712
1.3931972789115648,307.57498,0.0001367413642583415
1.4164172335600906,314.3864,0.00016850813699420542
1.4396371882086167,318.4768,0.0002123646845575422
1.4628571428571429,321.2186,0.0002556714753154665
1.486077097505669,322.14914,0.00030681880889460444
1.509297052154195,322.87997,0.00033427312155254185
1.5325170068027212,322.33023,0.0003398466797079891
1.5557369614512473,320.76392,0.0002932915813289583
1.5789569160997732,365.9737,0.0002616163110360503
1.6021768707482993,366.73718,0.0003160888736601919
1.6253968253968254,370.46533,0.0004244830342940986
1.6486167800453515,373.86978,0.0005721569759771228
1.6718367346938776,376.13312,0.0007258408004418015
1.6950566893424037,375.01285,0.0008473302586935461
1.7182766439909298,374.79742,0.0007191422046162188
1.7414965986394557,370.88458,0.00039933581138029695
1.7647165532879818,2336.4463,0.0002819565706886351
1.787936507936508,2265.2288,0.0003572895657271147
1.811156462585034,2285.514,0.0005212847609072924
1.8343764172335602,2330.7444,0.0007452868740074337
1.8575963718820863,382.29657,0.0009238857892341912
1.8808163265306124,381.81403,0.0011439323425292969
1.9040362811791383,376.9398,0.0010596178472042084
1.9272562358276644,442.70517,0.0005130346398800611
1.9504761904761905,2365.9663,0.00035737871075980365
1.9736961451247166,2302.516,0.0004543232498690486
1.9969160997732427,2333.539,0.0006065840134397149
2.020136054421769,2381.4226,0.000865607988089323
2.043356009070295,380.13367,0.0010627091396600008
2.066575963718821,379.47595,0.0013006345834583044
2.089795918367347,377.50983,0.0014861644012853503
2.1130158730158732,376.36725,0.0012170327827334404
2.1362358276643993,372.98926,0.0009307345608249307
2.159455782312925,375.42953,0.0009875708492472768
2.182675736961451,378.21915,0.0009803306311368942
2.2058956916099772,335.831,0.00036779220681637526
2.2291156462585033,350.5569,0.0007729347562417388
2.2523356009070294,368.922,0.0008578906999900937
2.2755555555555556,383.6292,0.0010323382448405027
2.2987755102040817,398.68365,0.0010244688019156456
2.3219954648526078,407.2393,0.0011392596643418074
2.345215419501134,406.76636,0.0011648437939584255
2.36843537414966,400.48184,0.0009743405971676111
2.391655328798186,391.35413,0.0010131995659321547
2.414875283446712,385.98608,0.0011079334653913975
2.4380952380952383,384.77612,0.0011675707064568996
2.4613151927437644,387.0306,0.0011784617090597749
2.48453514739229,391.91608,0.0011735352454707026
2.507755102040816,397.00702,0.001405677990987897
2.5309750566893423,478.07672,0.001459155697375536
2.5541950113378684,470.07788,0.001420433633029461
2.5774149659863945,393.766,0.0014560231938958168
2.6006349206349206,391.49042,0.0014797509647905827
2.6238548752834467,388.99185,0.001523402752354741
2.647074829931973,389.53268,0.0015223495429381728
2.670294784580499,390.31393,0.0015631930436939
2.693514739229025,391.67972,0.0016665098955854774
2.716734693877551,395.9589,0.0018442468717694283
2.7399546485260773,474.1482,0.0021539919544011354
2.7631746031746034,485.1643,0.002145304111763835
2.7863945578231295,480.32178,0.0018185237422585487
2.809614512471655,393.63528,0.001756281708367169
2.8328344671201813,387.9687,0.0018828909378498793
2.8560544217687074,387.24155,0.0020239183213561773
2.8792743764172335,389.5994,0.002059328369796276
2.9024943310657596,393.54868,0.0023017239291220903
2.9257142857142857,399.48557,0.0024944557808339596
2.948934240362812,481.06854,0.002519241999834776
2.972154195011338,479.2428,0.0025560918729752302
2.995374149659864,476.11044,0.0024159213062375784
3.01859410430839,468.40152,0.0024094702675938606
3.0418140589569163,399.0416,0.0025161579251289368
3.0650340136054424,472.26508,0.0026278530713170767
3.0882539682539685,408.7173,0.002750591142103076
3.1114739229024946,417.94138,0.002733767032623291
3.1346938775510207,429.70065,0.0021125758066773415
3.1579138321995464,443.294,0.0007763056783005595
3.1811337868480725,558.5272,0.0009883230086416006
3.2043537414965986,481.09952,0.000993036199361086
3.2275736961451247,502.45483,0.0007150396704673767
3.250793650793651,514.0247,0.0007301848381757736
3.274013605442177,525.42755,0.0007130277808755636
3.297233560090703,527.8437,0.0007391648250631988
3.320453514739229,527.5805,0.0007220825063996017
3.3436734693877552,525.2564,0.0007878300966694951
3.3668934240362813,524.3015,0.0008537608664482832
3.3901133786848074,525.0158,0.0009685637196525931
3.4133333333333336,524.80975,0.001076204003766179
3.4365532879818597,524.2158,0.0011503726709634066
3.4597732426303858,525.51843,0.0012745901476591825
3.4829931972789114,524.4463,0.001425759750418365
3.5062131519274375,523.4937,0.0015464642783626914
3.5294331065759637,523.7906,0.0017247655196115375
3.5526530612244898,522.50037,0.0018982191104441881
3.575873015873016,522.3392,0.0021272420417517424
3.599092970521542,654.4018,0.0022553415037691593
3.622312925170068,661.9202,0.002379103098064661
3.645532879818594,659.64124,0.002616955665871501
3.6687528344671203,664.2165,0.002867267932742834
3.6919727891156464,682.2926,0.0033286300022155046
3.7151927437641725,683.32074,0.0034809899516403675
3.7384126984126986,678.9748,0.0037461360916495323
3.7616326530612247,678.93353,0.003563892561942339
3.784852607709751,670.77924,0.003517857752740383
3.8080725623582765,675.01434,0.003480632556602359
3.8312925170068026,677.5122,0.003394684288650751
3.8545124716553287,675.1614,0.00331173837184906
3.877732426303855,678.1802,0.0034286449663341045
3.900952380952381,686.1525,0.0034261562395840883
3.924172335600907,692.97363,0.003654888365417719
3.947392290249433,694.7399,0.0039937314577400684
3.9706122448979593,692.9615,0.003935826476663351
3.9938321995464854,682.25696,0.003842051839455962
4.017052154195011,676.0928,0.003751198761165142
4.040272108843538,677.0062,0.0036933599039912224
4.063492063492063,680.274,0.003429815173149109
4.08671201814059,681.8215,0.003439769148826599
4.1099319727891155,681.11053,0.0031324909068644047
4.133151927437642,687.9795,0.0035020262002944946
4.156371882086168,697.00037,0.003960843198001385
4.179591836734694,2252.5571,0.004214252810925245
4.20281179138322,2264.5117,0.005009847693145275
4.2260317460317465,701.5881,0.0053610787726938725
4.249251700680272,686.4638,0.004594007506966591
4.272471655328799,676.6154,0.004199197981506586
4.295691609977324,682.52747,0.003950236830860376
4.31891156462585,684.7147,0.003775655757635832
4.342131519274377,687.6859,0.004320347215980291
4.365351473922902,696.4339,0.005384264979511499
4.388571428571429,2231.099,0.005798156838864088
4.4117913832199545,695.2654,0.00481468066573143
4.435011337868481,680.60547,0.004364508204162121
4.458231292517007,680.0848,0.0038787750527262688
4.481451247165533,2138.4006,0.003933346830308437
4.504671201814059,2243.5415,0.0017564704176038504
4.527891156462585,557.3011,0.0038752660620957613
4.551111111111111,419.64786,0.002778547117486596
4.574331065759638,408.36588,0.002303031738847494
4.597551020408163,405.6989,0.002018433529883623
4.62077097505669,403.5721,0.0018532832618802786
4.6439909297052155,401.46057,0.0016029253602027893
4.667210884353741,397.4222,0.0014143402222543955
4.690430839002268,393.48846,0.001380416564643383
4.713650793650793,393.46564,0.0013535955222323537
4.73687074829932,394.37427,0.0014015194028615952
4.760090702947846,396.35202,0.0014366633258759975
4.783310657596372,398.53793,0.001403211965225637
4.806530612244898,397.78833,0.0013205986469984055
4.829750566893424,394.37222,0.001262763747945428
4.85297052154195,392.62192,0.0012911832891404629
4.876190476190477,390.4372,0.0013251904165372252
4.899410430839002,389.97833,0.0013469107216224074
4.922630385487529,392.03766,0.001396765699610114
4.9458503401360545,393.19678,0.0013562061358243227
4.96907029478458,393.47415,0.001299529685638845
4.992290249433107,394.19012,0.0013266964815557003
5.015510204081632,393.58917,0.001407248666509986
5.038730158730159,392.4678,0.0015279973158612847
5.061950113378685,392.72583,0.0015098103322088718
5.085170068027211,392.21817,0.0014500939287245274
5.108390022675737,390.96057,0.0014864129479974508
5.131609977324263,389.47943,0.0016173176700249314
5.154829931972789,390.54242,0.001594745204783976
5.178049886621316,392.40338,0.0015273438766598701
5.201269841269841,394.1603,0.0016039840411394835
5.224489795918368,396.4124,0.001590448315255344
5.2477097505668935,393.34158,0.0015388417523354292
5.27092970521542,388.78204,0.0015024770982563496
5.294149659863946,462.96738,0.0013432118576020002
5.317369614512471,463.62482,0.0012368460884317756
5.340589569160998,461.7857,0.001275793300010264
5.363809523809524,392.6034,0.001271332730539143
5.38702947845805,389.67252,0.0011498413514345884
5.410249433106576,387.077,0.0008915902581065893
5.433469387755102,383.0087,0.0005820535589009523
5.456689342403628,372.2994,0.0004336940182838589
5.479909297052155,354.00842,0.00036139407893642783
5.50312925170068,384.5895,0.0006293323822319508
5.526349206349207,327.98273,0.0007664600270800292
5.5495691609977325,327.9376,0.0008706445805728436
5.572789115646259,366.61502,0.0008967288304120302
5.596009070294785,375.95035,0.0008454829221591353
5.61922902494331,2319.4136,0.0008713037823326886
5.642448979591837,2283.223,0.0008956210222095251
5.6656689342403626,2279.3118,0.0009278423967771232
5.688888888888889,2298.803,0.0009762424742802978
5.712108843537415,2377.2273,0.0010716714896261692
5.735328798185941,380.24142,0.001132926787249744
5.758548752834467,379.06238,0.0011322277132421732
5.7817687074829935,378.7239,0.0013177720829844475
5.804988662131519,2409.602,0.001574718626216054
5.828208616780046,2340.7766,0.0013243785360828042
5.851428571428571,2310.86,0.000995640642940998
5.874648526077098,2283.3247,0.0008967578178271651
5.897868480725624,2270.9038,0.0010048338444903493
5.92108843537415,2273.2485,0.0011384242679923773
5.944308390022676,2317.715,0.0010355643462389708
5.9675283446712015,386.507,0.0010857536690309644
5.990748299319728,385.98267,0.0014741518534719944
6.013968253968254,2368.2935,0.001620632130652666
6.03718820861678,2346.6965,0.0011403101962059736
6.060408163265306,2334.5193,0.0008565657772123814
6.0836281179138325,2297.792,0.000986022176221013
6.106848072562358,2321.7576,0.001204129890538752
6.130068027210885,2383.6294,0.0012181607307866216
6.15328798185941,385.588,0.0011262879706919193
6.176507936507937,385.50684,0.0011963872238993645
6.199727891156463,380.60574,0.0016394013073295355
6.222947845804989,2379.8396,0.001345065189525485
6.246167800453515,2360.0454,0.000837461557239294
6.269387755102041,2332.7585,0.0008884170674718916
6.292607709750567,2315.9312,0.001245833933353424
6.315827664399093,2358.965,0.0014004942495375872
6.339047619047619,380.42697,0.0015735772904008627
6.362267573696145,451.305,0.001565892482176423
6.3854875283446715,2389.5947,0.0010889365803450346
6.408707482993197,2357.54,0.0008470663451589644
6.431927437641724,2315.3533,0.0009126130607910454
6.455147392290249,2329.8708,0.0012866499600932002
6.478367346938776,2368.1804,0.001481244689784944
6.501587301587302,2385.2908,0.0014041579561308026
6.524807256235828,2376.9758,0.0009865128668025136
6.548027210884354,370.16656,0.00046586469397880137
6.57124716553288,2372.2886,0.0002762617659755051
6.594467120181406,2384.8757,0.000325534725561738
6.617687074829932,2415.1677,0.00026435544714331627
6.640907029478458,273.15976,0.00014487151929643005
6.664126984126984,277.5083,9.619018237572163e-05
6.6873469387755105,277.60822,0.00011496435035951436
6.710566893424036,282.64114,0.00011175581312272698
6.733786848072563,289.46912,0.00018980208551511168
6.757006802721088,292.46936,0.0002010893076658249
6.780226757369615,286.2324,0.00015645017265342176
6.8034467120181406,258.38962,0.00011499600077513605
6.826666666666667,282.3508,9.33812334551476e-05
6.849886621315193,323.33868,9.272080205846578e-05
6.873106575963719,285.41754,0.00012512944522313774
6.896326530612245,289.84482,0.00016846341895870864
6.9195464852607715,289.407,0.0001589940075064078
6.942766439909297,260.2269,0.00012513308320194483
6.965986394557823,257.5771,0.0001043068477883935
6.989206349206349,283.10715,9.495748963672668e-05
7.012426303854875,282.52545,0.00010569818550720811
7.035646258503402,285.87573,0.00012366780720185488
7.058866213151927,261.79196,0.0001406268565915525
7.082086167800454,261.64825,0.00013424591452348977
7.1053061224489795,260.5988,0.0001205243170261383
7.128526077097506,259.95776,0.00010914375161519274
7.151746031746032,259.45865,9.783123095985502e-05
7.174965986394558,258.0801,8.21727589936927e-05
7.198185941043084,257.38297,7.477805047528818e-05
7.2214058956916105,258.73074,7.685102900722995e-05
7.244625850340136,259.6027,8.128337503876537e-05
7.267845804988662,260.6954,9.238412894774228e-05
7.291065759637188,263.4083,0.0001206113665830344
7.314285714285714,293.83176,0.00013658267562277615
7.337505668934241,293.2793,0.00011668066144920886
7.360725623582766,261.6959,7.24305646144785e-05
7.383945578231293,254.95161,4.164461643085815e-05
7.4071655328798185,278.22693,3.781305713346228e-05
7.430385487528345,277.42667,3.4358876291662455e-05
7.453605442176871,256.4668,3.998036481789313e-05
7.476825396825397,260.38898,6.745547580067068e-05
7.500045351473923,263.94897,8.963298751041293e-05
7.5232653061224495,263.9674,8.49587595439516e-05
7.546485260770975,261.79388,5.639605660689995e-05
7.569705215419502,257.51965,3.0717616027686745e-05
7.592925170068027,253.25879,2.109839624608867e-05
7.616145124716553,251.78557,2.585561560408678e-05
7.63936507936508,255.87654,3.3993048418778926e-05
7.662585034013605,265.1357,7.533146708738059e-05
7.685804988662132,269.96417,8.988942136056721e-05
7.7090249433106575,270.49774,7.934142195153981e-05
7.732244897959184,267.64252,6.0711379774147645e-05
7.75546485260771,262.77383,3.245813786634244e-05
7.778684807256236,254.08922,1.5214623090287205e-05
7.801904761904762,244.30869,2.244497591163963e-05
7.8251247165532885,246.69191,2.857231447705999e-05
7.848344671201814,253.37415,2.1640789782395586e-05
7.871564625850341,268.0029,4.866097879130393e-05
7.894784580498866,273.6976,4.005540540674701e-05
7.918004535147393,276.12427,2.799666253849864e-05
7.9412244897959186,265.11328,1.353518291580258e-05
7.964444444444444,0.0,9.126560144068208e-06
7.987664399092971,0.0,8.184493708540685e-06
8.010884353741497,0.0,9.7255233413307e-06
8.034104308390022,250.75858,1.0404492968518753e-05
8.057324263038549,0.0,8.85572808329016e-06
8.080544217687075,0.0,3.3387832445441745e-06
8.103764172335602,0.0,7.959624781506136e-07
8.126984126984127,0.0,8.501665433868766e-07
8.150204081632653,0.0,4.612993507180363e-07
8.17342403628118,0.0,4.345947672845796e-07
8.196643990929706,0.0,4.281837391317822e-07
8.219863945578231,0.0,3.297045623185113e-07
8.243083900226758,0.0,1.87605110113509e-07
8.266303854875284,0.0,6.86219209455885e-07
8.289523809523809,0.0,1.1107376849395223e-06
8.312743764172335,0.0,3.4780168789438903e-07
