0.0,0.0,2.0942752598784864e-07
0.023219954648526078,0.0,4.306002665543929e-08
0.046439909297052155,0.0,1.1618521966738626e-07
0.06965986394557823,0.0,1.1619704309850931e-07
0.09287981859410431,0.0,4.7686626203358173e-08
0.11609977324263039,0.0,1.3954377209302038e-07
0.13931972789115646,0.0,1.6133526514749974e-07
0.16253968253968254,0.0,1.1429165169829503e-07
0.18575963718820862,0.0,9.383229553350247e-07
0.2089795918367347,279.30872,6.161620694911107e-05
0.23219954648526078,239.10335,0.00011139849084429443
0.25541950113378686,256.42023,0.00014042349357623607
0.2786394557823129,251.94313,0.00014572282088920474
0.301859410430839,245.99512,0.0001799716701498255
0.3250793650793651,249.98566,0.00022835464915260673
0.3482993197278912,257.66705,0.00021943074534647167
0.37151927437641724,282.7787,0.0003245508996769786
0.3947392290249433,297.83017,0.0002743778459262103
0.4179591836734694,279.9437,0.0002529066987335682
0.44117913832199546,300.72385,0.00030090531799942255
0.46439909297052157,237.29749,0.00039779033977538347
0.4876190476190476,244.22113,0.0003884136094711721
0.5108390022675737,375.71213,0.0004243606235831976
0.5340589569160998,373.9443,0.0008222867036238313
0.5572789115646258,387.1057,0.001261953148059547
0.5804988662131519,382.63562,0.0012269882718101144
0.603718820861678,372.70367,0.0008946054731495678
0.626938775510204,374.71994,0.0007008714601397514
0.6501587301587302,302.30502,0.0012684958055615425
0.6733786848072563,389.69818,0.0020081475377082825
0.6965986394557824,366.81555,0.0023497575893998146
0.7198185941043084,3447.6692,0.0023675253614783287
0.7430385487528345,368.54227,0.00248691625893116
0.7662585034013606,407.06863,0.0026405584067106247
0.7894784580498866,359.79504,0.002482140902429819
0.8126984126984127,369.76688,0.002756895497441292
0.8359183673469388,385.34622,0.0030477112159132957
0.8591383219954649,400.7537,0.00437660189345479
0.8823582766439909,404.2426,0.004030363634228706
0.905578231292517,564.86346,0.00340297375805676
0.9287981859410431,2982.2002,0.003290128195658326
0.9520181405895691,552.4558,0.0037747551687061787
0.9752380952380952,854.46387,0.0050460705533623695
0.9984580498866213,520.68634,0.007097982801496983
1.0216780045351475,384.23123,0.010469626635313034
1.0448979591836736,540.2276,0.011986296623945236
1.0681179138321997,517.7428,0.011557579040527344
1.0913378684807256,366.97775,0.012255501002073288
1.1145578231292517,2702.1116,0.011840900406241417
1.1377777777777778,2633.9453,0.007692532613873482
1.1609977324263039,98.79985,0.015367808751761913
1.18421768707483,554.21155,0.017804153263568878
1.207437641723356,450.69843,0.013722386211156845
1.2306575963718822,2687.6145,0.012169869616627693
1.253877551020408,269.02496,0.011429162696003914
1.2770975056689342,594.19867,0.01940212771296501
1.3003174603174603,531.75433,0.03949223458766937
1.3235374149659864,550.29266,0.07296805083751678
1.3467573696145125,561.3865,0.09423917531967163
1.3699773242630386,555.5247,0.07411859929561615
1.3931972789115648,543.8165,0.055438023060560226
1.4164172335600906,549.4588,0.07185426354408264
1.4396371882086167,562.5481,0.07595214247703552
1.4628571428571429,735.1591,0.06432583928108215
1.486077097505669,734.1711,0.07410677522420883
1.509297052154195,632.898,0.08759868144989014
1.5325170068027212,612.82587,0.097943514585495
1.5557369614512473,564.5341,0.10229001939296722
1.5789569160997732,586.59235,0.08850082755088806
1.6021768707482993,609.61993,0.10302527248859406
1.6253968253968254,619.53455,0.11815356463193893
1.6486167800453515,624.3227,0.10381492972373962
1.6718367346938776,798.2135,0.12315813452005386
1.6950566893424037,769.13794,0.15046490728855133
1.7182766439909298,548.3693,0.10649369657039642
1.7414965986394557,450.82324,0.14971594512462616
1.7647165532879818,463.1878,0.15869532525539398
1.787936507936508,2430.7532,0.16597086191177368
1.811156462585034,559.1284,0.1202334389090538
1.8343764172335602,532.02057,0.05260492116212845
1.8575963718820863,574.9809,0.03710097819566727
1.8808163265306124,501.9716,0.04172355681657791
1.9040362811791383,594.15137,0.05530169606208801
1.9272562358276644,518.4727,0.06415026634931564
1.9504761904761905,551.82947,0.04505605250597
1.9736961451247166,2814.082,0.024257274344563484
1.9969160997732427,2746.3347,0.01967816799879074
2.020136054421769,505.1439,0.013425893150269985
2.043356009070295,514.78406,0.015508042648434639
2.066575963718821,446.2674,0.022266875952482224
2.089795918367347,391.09262,0.02843037247657776
2.1130158730158732,523.06537,0.025787733495235443
2.1362358276643993,512.14435,0.011088425293564796
2.159455782312925,395.6146,0.007201798260211945
2.182675736961451,405.24808,0.007418682798743248
2.2058956916099772,389.79694,0.007040656637400389
2.2291156462585033,397.49158,0.008454673923552036
2.2523356009070294,400.64716,0.00786564964801073
2.2755555555555556,389.55756,0.007534983102232218
2.2987755102040817,372.39664,0.0063869766891002655
2.3219954648526078,394.90744,0.003969211131334305
2.345215419501134,314.04224,0.0039300862699747086
2.36843537414966,356.28934,0.0047026462852954865
2.391655328798186,362.21973,0.005261453799903393
2.414875283446712,367.72125,0.005669205449521542
2.4380952380952383,364.69595,0.0045753661543130875
2.4613151927437644,361.6733,0.0024753245525062084
2.48453514739229,367.52628,0.001356939785182476
2.507755102040816,288.3811,0.001112630357965827
2.5309750566893423,368.21658,0.0013542327797040343
2.5541950113378684,376.8232,0.0015704152174293995
2.5774149659863945,335.32907,0.0015591469127684832
2.6006349206349206,293.77768,0.001054275780916214
2.6238548752834467,302.6366,0.0009696909692138433
2.647074829931973,299.00122,0.0009731316240504384
2.670294784580499,292.67523,0.0009749346063472331
2.693514739229025,296.90842,0.0008728319080546498
2.716734693877551,301.69742,0.0007043350487947464
2.7399546485260773,299.48758,0.0007490288699045777
2.7631746031746034,292.63342,0.0009520257590338588
2.7863945578231295,289.21704,0.0008553003426641226
2.809614512471655,247.40836,0.0006973582785576582
2.8328344671201813,244.91237,0.000803128001280129
2.8560544217687074,248.27301,0.0008700406178832054
2.8792743764172335,262.73047,0.0005982663715258241
2.9024943310657596,284.71545,0.0006482404423877597
2.9257142857142857,243.12451,0.0005951113998889923
2.948934240362812,248.87851,0.0005591582739725709
2.972154195011338,247.6494,0.0006570328259840608
2.995374149659864,244.25761,0.0006782565033063293
3.01859410430839,301.63187,0.0007261910359375179
3.0418140589569163,264.6178,0.0007649403996765614
3.0650340136054424,303.81186,0.0008019399829208851
3.0882539682539685,245.18275,0.0006960638565942645
3.1114739229024946,303.25333,0.00046625034883618355
3.1346938775510207,238.48947,0.0004695746465586126
3.1579138321995464,243.34676,0.000658967241179198
3.1811337868480725,304.98398,0.0006946944631636143
3.2043537414965986,298.2361,0.000783577561378479
3.2275736961451247,302.32748,0.0008487458690069616
3.250793650793651,246.1031,0.0005893999477848411
3.274013605442177,245.62083,0.00045475963270291686
3.297233560090703,240.56143,0.00041125796269625425
3.320453514739229,244.62366,0.0005552230286411941
3.3436734693877552,245.18735,0.000664321007207036
3.3668934240362813,296.65775,0.0006638302002102137
3.3901133786848074,286.7482,0.0004879027255810797
3.4133333333333336,212.38913,0.0004758323775604367
3.4365532879818597,251.88277,0.00042307167313992977
3.4597732426303858,241.68561,0.0003292878973297775
3.4829931972789114,243.82863,0.00042801914969459176
3.5062131519274375,242.3189,0.00033290425199083984
3.5294331065759637,252.69026,0.00014938073582015932
3.5526530612244898,336.01407,3.639697752078064e-05
3.575873015873016,0.0,1.8721957530942746e-06
3.599092970521542,0.0,6.358095561154187e-07
3.622312925170068,0.0,5.27888914803043e-08
3.645532879818594,0.0,4.300818545743823e-08
3.6687528344671203,0.0,5.145557224750519e-08
3.6919727891156464,0.0,6.284153641900048e-08
3.7151927437641725,0.0,1.6392459656344727e-07
3.7384126984126986,0.0,1.4195302355801687e-07
3.7616326530612247,0.0,1.0610983736114576e-07
3.784852607709751,0.0,1.584976416779682e-07
3.8080725623582765,0.0,6.507616490125656e-08
3.8312925170068026,0.0,1.1823431123048067e-07
3.8545124716553287,0.0,1.2623422662727535e-07
3.877732426303855,0.0,2.9097009246470407e-07
3.900952380952381,0.0,1.2843065633205697e-07
3.924172335600907,0.0,7.567814463982359e-08
3.947392290249433,0.0,9.630093700252473e-08
3.9706122448979593,0.0,8.004553819773719e-08
3.9938321995464854,0.0,2.1092819224577397e-07
4.017052154195011,0.0,8.55043253977783e-08
