0.0,0.0,4.6094100980553776e-08
0.023219954648526078,0.0,4.5761225919704884e-08
0.046439909297052155,0.0,3.118748281849548e-08
0.06965986394557823,0.0,2.358319761697203e-08
0.09287981859410431,0.0,1.2124473869334906e-08
0.11609977324263039,0.0,1.4631041267421097e-08
0.13931972789115646,0.0,2.205251803388819e-08
0.16253968253968254,0.0,1.5895238902885467e-08
0.18575963718820862,0.0,1.6080775822047144e-08
0.2089795918367347,0.0,1.2899363355245441e-08
0.23219954648526078,0.0,1.7791535356082022e-08
0.25541950113378686,0.0,7.114618711057119e-06
0.2786394557823129,356.48718,2.2977415937930346e-05
0.301859410430839,334.14706,1.9840850654873066e-05
0.3250793650793651,332.18964,2.460843461449258e-05
0.3482993197278912,329.70853,3.315160938655026e-05
0.37151927437641724,337.75586,5.911445987294428e-05
0.3947392290249433,348.53934,0.0001172482589026913
0.4179591836734694,371.3532,0.00013753541861660779
0.44117913832199546,377.60623,0.00015718984650447965
0.46439909297052157,391.3469,0.00017732434207573533
0.4876190476190476,389.3114,0.00018493198149371892
0.5108390022675737,384.19565,0.0001898989430628717
0.5340589569160998,382.60657,0.00019181182142347097
0.5572789115646258,521.39343,0.00032219471177086234
0.5804988662131519,875.77075,0.0004247850156389177
0.603718820861678,438.38116,0.0004989238223060966
0.626938775510204,448.74557,0.0007317723939195275
0.6501587301587302,436.88293,0.0005134016973897815
0.6733786848072563,427.6281,0.0003837507392745465
0.6965986394557824,432.91626,0.0004629696486517787
0.7198185941043084,455.05917,0.0010943124070763588
0.7430385487528345,477.60907,0.0011471547186374664
0.7662585034013606,441.9742,0.0011213439283892512
0.7894784580498866,486.91153,0.0013103153323754668
0.8126984126984127,476.02927,0.001586957834661007
0.8359183673469388,550.5522,0.0015619568293914199
0.8591383219954649,475.8974,0.0015636719763278961
0.8823582766439909,2800.6416,0.0015879225684329867
0.905578231292517,536.60205,0.002238090382888913
0.9287981859410431,616.0207,0.002930271904915571
0.9520181405895691,627.5661,0.002025932539254427
0.9752380952380952,612.56274,0.0017953729256987572
0.9984580498866213,166.7323,0.002130592940375209
1.0216780045351475,604.8135,0.006267573684453964
1.0448979591836736,761.18036,0.011176541447639465
1.0681179138321997,778.5317,0.010333568789064884
1.0913378684807256,714.99713,0.012929894961416721
1.1145578231292517,2363.445,0.01299341581761837
1.1377777777777778,581.4896,0.013593782670795918
1.1609977324263039,772.27985,0.011680693365633488
1.18421768707483,215.54568,0.015499578788876534
1.207437641723356,659.4028,0.021980024874210358
1.2306575963718822,682.4517,0.03642844408750534
1.253877551020408,682.6025,0.03585467487573624
1.2770975056689342,658.6042,0.02062973566353321
1.3003174603174603,549.19604,0.020841382443904877
1.3235374149659864,647.3627,0.023023003712296486
1.3467573696145125,674.2353,0.047687746584415436
1.3699773242630386,713.8464,0.039015721529722214
1.3931972789115648,2275.8188,0.05081407353281975
1.4164172335600906,722.912,0.04532759636640549
1.4396371882086167,599.6481,0.04999687522649765
1.4628571428571429,306.16565,0.06044498458504677
1.486077097505669,727.0111,0.04827616736292839
1.509297052154195,772.1205,0.0730220377445221
1.5325170068027212,802.38605,0.09611093997955322
1.5557369614512473,806.82587,0.0998639389872551
1.5789569160997732,776.9795,0.0707126259803772
1.6021768707482993,751.0624,0.06497196108102798
1.6253968253968254,762.9106,0.07624761760234833
1.6486167800453515,786.5451,0.10966883599758148
1.6718367346938776,804.5725,0.11062180995941162
1.6950566893424037,799.72687,0.10510438680648804
1.7182766439909298,771.7133,0.06299488246440887
1.7414965986394557,753.7048,0.06233147531747818
1.7647165532879818,709.3583,0.07371880114078522
1.787936507936508,719.1155,0.05981099605560303
1.811156462585034,2209.316,0.07167106866836548
1.8343764172335602,2349.488,0.0670710951089859
1.8575963718820863,2335.9272,0.05815870314836502
1.8808163265306124,689.6551,0.05816267430782318
1.9040362811791383,666.4908,0.04585994780063629
1.9272562358276644,661.4844,0.052045322954654694
1.9504761904761905,676.341,0.0644395500421524
1.9736961451247166,602.79333,0.05945000797510147
1.9969160997732427,564.9258,0.053164344280958176
2.020136054421769,670.0808,0.03656792640686035
2.043356009070295,640.0737,0.029408682137727737
2.066575963718821,674.98517,0.02869986742734909
2.089795918367347,778.8868,0.028011366724967957
2.1130158730158732,813.3971,0.03116910718381405
2.1362358276643993,619.02625,0.024817898869514465
2.159455782312925,622.6854,0.022889645770192146
2.182675736961451,676.64417,0.02206578478217125
2.2058956916099772,441.68997,0.015414759516716003
2.2291156462585033,539.45636,0.009662188589572906
2.2523356009070294,478.1291,0.011723815463483334
2.2755555555555556,556.61,0.015478549525141716
2.2987755102040817,559.7063,0.013737186789512634
2.3219954648526078,445.2647,0.006098799407482147
2.345215419501134,517.22375,0.0034127410035580397
2.36843537414966,485.92673,0.002962946193292737
2.391655328798186,477.68756,0.0031146728433668613
2.414875283446712,478.08447,0.0023002391681075096
2.4380952380952383,491.9192,0.0021495528053492308
2.4613151927437644,2661.8757,0.002268281765282154
2.48453514739229,2603.4395,0.001932100160047412
2.507755102040816,2604.2524,0.001609525177627802
2.5309750566893423,484.84836,0.0010567883728072047
2.5541950113378684,502.38916,0.0007439461769536138
2.5774149659863945,513.6055,0.0008746259263716638
2.6006349206349206,870.3259,0.001045591663569212
2.6238548752834467,392.72125,0.0016426009824499488
2.647074829931973,412.25482,0.0012397404061630368
2.670294784580499,505.7762,0.0008414107724092901
2.693514739229025,525.20056,0.0004872381396126002
2.716734693877551,382.41757,0.00047691562213003635
2.7399546485260773,387.0684,0.00046536471927538514
2.7631746031746034,2986.779,0.0004757154965773225
2.7863945578231295,393.612,0.0004095166514161974
2.809614512471655,384.92227,0.000348487839801237
2.8328344671201813,368.5711,0.00036664566141553223
2.8560544217687074,366.1249,0.00023605496971867979
2.8792743764172335,379.3825,0.00014734826982021332
2.9024943310657596,375.8973,0.00018149599782191217
2.9257142857142857,349.84357,0.0003167938848491758
2.948934240362812,357.50354,0.0003547663800418377
2.972154195011338,361.97284,0.00030473002698272467
2.995374149659864,354.1609,0.0002599865838419646
3.01859410430839,376.75296,0.00012904332834295928
3.0418140589569163,297.8395,7.775440462864935e-05
3.0650340136054424,362.46375,0.0001391678088111803
3.0882539682539685,387.0972,0.00032362056663259864
3.1114739229024946,364.47488,0.00039356626803055406
3.1346938775510207,376.1176,0.0003711711324285716
3.1579138321995464,372.61243,0.00039662671042606235
3.1811337868480725,383.7252,0.0002986926701851189
3.2043537414965986,365.9286,0.00010282031144015491
3.2275736961451247,307.24374,0.00010038443724624813
3.250793650793651,375.38632,0.00017965349252335727
3.274013605442177,367.23865,0.0003392099170014262
3.297233560090703,375.61578,0.00029195621027611196
3.320453514739229,382.6761,0.00025749742053449154
3.3436734693877552,375.90524,0.0002825616975314915
3.3668934240362813,374.5091,0.00019841505854856223
3.3901133786848074,124.691315,8.04372102720663e-05
3.4133333333333336,373.67307,0.00011487245501484722
3.4365532879818597,120.81222,0.0002502253046259284
3.4597732426303858,371.84192,0.0002410131273791194
3.4829931972789114,384.064,0.00018333202751819044
3.5062131519274375,382.15518,0.00017542070418130606
3.5294331065759637,364.60583,0.0001974920742213726
3.5526530612244898,378.47076,0.00013729407510254532
3.575873015873016,377.03674,0.00015546410577371716
3.599092970521542,508.80038,0.00012803595745936036
3.622312925170068,458.89255,7.22172626410611e-05
3.645532879818594,775.06604,2.025952926487662e-05
3.6687528344671203,0.0,1.7462662071920931e-07
3.6919727891156464,0.0,3.609329723985866e-08
3.7151927437641725,0.0,1.5629666449967772e-08
3.7384126984126986,0.0,1.7394995666109025e-08
3.7616326530612247,0.0,2.131946530425921e-08
3.784852607709751,0.0,1.5288605936802924e-08
3.8080725623582765,0.0,2.957131073344499e-08
3.8312925170068026,0.0,2.320757630513981e-08
3.8545124716553287,0.0,1.569424057379365e-08
3.877732426303855,0.0,1.7279489838983864e-08
3.900952380952381,0.0,2.2578205971512944e-08
3.924172335600907,0.0,6.374011718435213e-08
3.947392290249433,0.0,6.66505002300255e-08
3.9706122448979593,0.0,3.401419235160574e-08
3.9938321995464854,0.0,3.154946170980111e-08
4.017052154195011,0.0,2.1610503608826548e-08
4.040272108843538,0.0,3.322384145576507e-08
4.063492063492063,0.0,1.894022716442123e-08
4.08671201814059,0.0,3.06627043755725e-08
4.1099319727891155,0.0,3.36058292305097e-08
4.133151927437642,0.0,3.879722498822957e-08
4.156371882086168,0.0,2.975502866320312e-08
4.179591836734694,0.0,3.076820576097816e-08
4.20281179138322,0.0,1.6578269423916936e-08
4.2260317460317465,0.0,1.3491444406099617e-08
