0.0,0.0,7.245216693263501e-08
0.023219954648526078,0.0,7.785911293467507e-08
0.046439909297052155,0.0,1.7653383110882714e-07
0.06965986394557823,0.0,9.392715583089739e-08
0.09287981859410431,0.0,1.7078855307772756e-07
0.11609977324263039,0.0,9.433369996258989e-08
0.13931972789115646,0.0,6.61329977447167e-08
0.16253968253968254,0.0,3.187960828654468e-08
0.18575963718820862,0.0,3.957211447414011e-08
0.2089795918367347,0.0,2.529486664570868e-08
0.23219954648526078,0.0,1.3052340364083648e-07
0.25541950113378686,462.09573,5.7319310144521296e-05
0.2786394557823129,251.24884,0.0001982457033591345
0.301859410430839,492.35327,0.0004201155388727784
0.3250793650793651,165.26588,0.0006419591372832656
0.3482993197278912,569.6307,0.0007692638318985701
0.37151927437641724,270.35394,0.0009922673925757408
0.3947392290249433,533.0731,0.001362169743515551
0.4179591836734694,578.4728,0.0012711159652099013
0.44117913832199546,627.80493,0.0019299730192869902
0.46439909297052157,785.455,0.002114668022841215
0.4876190476190476,637.88806,0.002238122746348381
0.5108390022675737,705.7343,0.0020469208247959614
0.5340589569160998,209.2963,0.0017441788222640753
0.5572789115646258,689.6373,0.0020451366435736418
0.5804988662131519,55.711338,0.001328108599409461
0.603718820861678,709.77075,0.001662321388721466
0.626938775510204,803.6163,0.001913932035677135
0.6501587301587302,1008.0436,0.002540601184591651
0.6733786848072563,769.83624,0.0025452137924730778
0.6965986394557824,736.3349,0.002058971207588911
0.7198185941043084,294.7978,0.0011973506771028042
0.7430385487528345,144.45525,0.0008717708988115191
0.7662585034013606,909.1073,0.0015835351077839732
0.7894784580498866,1056.1534,0.004725565202534199
0.8126984126984127,61.749454,0.008093421347439289
0.8359183673469388,352.71533,0.006067339330911636
0.8591383219954649,994.3836,0.005155963823199272
0.8823582766439909,977.6511,0.0065073417499661446
0.905578231292517,964.7745,0.008569701574742794
0.9287981859410431,998.239,0.00956416130065918
0.9520181405895691,993.7245,0.008343294262886047
0.9752380952380952,913.08453,0.0056495158933103085
0.9984580498866213,47.669666,0.0034064645878970623
1.0216780045351475,392.75232,0.0029327787924557924
1.0448979591836736,688.60205,0.0024631198029965162
1.0681179138321997,844.6156,0.0019539115019142628
1.0913378684807256,736.7374,0.0023896244820207357
1.1145578231292517,945.1772,0.0026146755553781986
1.1377777777777778,213.00423,0.0027326191775500774
1.1609977324263039,315.1631,0.002558576175943017
1.18421768707483,656.031,0.0018897969275712967
1.207437641723356,960.74493,0.0017515516374260187
1.2306575963718822,966.7262,0.0013599367812275887
1.253877551020408,201.80779,0.0011386644328013062
1.2770975056689342,201.67772,0.0012948153307661414
1.3003174603174603,193.63979,0.0033293869346380234
1.3235374149659864,525.857,0.0019103751983493567
1.3467573696145125,239.61667,0.0011752074351534247
1.3699773242630386,490.87827,0.0022607315331697464
1.3931972789115648,516.79987,0.002754954155534506
1.4164172335600906,534.78754,0.0023376368917524815
1.4396371882086167,516.5154,0.002011459320783615
1.4628571428571429,509.2854,0.0022273072972893715
1.486077097505669,509.70404,0.002429397776722908
1.509297052154195,513.1053,0.0023390394635498524
1.5325170068027212,505.28802,0.0017613992094993591
1.5557369614512473,256.11728,0.0015073479153215885
1.5789569160997732,513.1153,0.0010982175590470433
1.6021768707482993,539.16754,0.0007194100180640817
1.6253968253968254,546.3124,0.0007368620135821402
1.6486167800453515,518.7423,0.0007038783514872193
1.6718367346938776,498.06116,0.00053188088349998
1.6950566893424037,365.74268,0.0002806548145599663
1.7182766439909298,468.19388,0.000367544504115358
1.7414965986394557,261.9783,0.00023640341532882303
1.7647165532879818,548.5473,0.00015459663700312376
1.787936507936508,0.0,9.955248060578015e-06
1.811156462585034,23.091614,4.509284917730838e-05
1.8343764172335602,25.568897,5.285386578179896e-05
1.8575963718820863,0.0,1.4145471141091548e-06
1.8808163265306124,22.386028,1.1330809684295673e-05
1.9040362811791383,0.0,4.366301254776772e-06
1.9272562358276644,0.0,8.089120456133969e-06
1.9504761904761905,0.0,9.809527909965254e-07
1.9736961451247166,0.0,6.191603461047634e-07
1.9969160997732427,0.0,1.7232014215551317e-07
2.020136054421769,0.0,1.8226546671940014e-07
2.043356009070295,0.0,1.8765331333270296e-07
2.066575963718821,0.0,1.1190240911673754e-07
2.089795918367347,0.0,1.3949374988442287e-07
2.1130158730158732,0.0,5.9437297750264406e-08
2.1362358276643993,0.0,3.5841367207467556e-08
2.159455782312925,0.0,3.12675183522515e-08
2.182675736961451,0.0,1.3850058167008683e-07
2.2058956916099772,0.0,1.0699022823246196e-07
2.2291156462585033,0.0,2.4228029360529035e-08
