0.0,0.0,1.5536170394625515e-07
0.023219954648526078,0.0,4.914818418910727e-07
0.046439909297052155,0.0,8.933293429436162e-07
0.06965986394557823,0.0,7.962607924127951e-07
0.09287981859410431,0.0,2.1756295609520748e-07
0.11609977324263039,0.0,1.5185833035502583e-07
0.13931972789115646,0.0,4.8320544010493904e-08
0.16253968253968254,0.0,1.1607517080847174e-07
0.18575963718820862,0.0,2.2648146114079282e-07
0.2089795918367347,0.0,1.5661862562410533e-07
0.23219954648526078,0.0,8.559254638385028e-08
0.25541950113378686,0.0,1.0145868145627901e-07
0.2786394557823129,0.0,8.079041435848922e-08
0.301859410430839,0.0,1.2091823009541258e-07
0.3250793650793651,0.0,2.201559254899621e-07
0.3482993197278912,24.742647,4.0302242268808186e-05
0.37151927437641724,356.53897,0.0005663447082042694
0.3947392290249433,330.52432,0.0010275254026055336
0.4179591836734694,382.95413,0.0013789881486445665
0.44117913832199546,382.13162,0.001456516794860363
0.46439909297052157,313.03714,0.0012147827073931694
0.4876190476190476,338.69876,0.0008430503075942397
0.5108390022675737,346.50693,0.0007171942852437496
0.5340589569160998,372.12598,0.0011104508303105831
0.5572789115646258,358.36694,0.0023580407723784447
0.5804988662131519,408.1846,0.002476315712556243
0.603718820861678,401.96417,0.001967852469533682
0.626938775510204,383.82785,0.0016272442881017923
0.6501587301587302,399.12433,0.0024083193857222795
0.6733786848072563,410.3329,0.003909288439899683
0.6965986394557824,574.15265,0.004862497095018625
0.7198185941043084,505.9106,0.0058324458077549934
0.7430385487528345,427.4481,0.003841366618871689
0.7662585034013606,424.071,0.0032946844585239887
0.7894784580498866,431.856,0.0032213120721280575
0.8126984126984127,454.7086,0.008793272078037262
0.8359183673469388,465.4372,0.009525001049041748
0.8591383219954649,472.02774,0.009106036275625229
0.8823582766439909,398.12735,0.009117186069488525
0.905578231292517,453.52988,0.010414027608931065
0.9287981859410431,535.3425,0.009397735819220543
0.9520181405895691,474.6447,0.006356582045555115
0.9752380952380952,501.39966,0.00571770966053009
0.9984580498866213,514.5865,0.0031296182423830032
1.0216780045351475,515.6019,0.0026635911781340837
1.0448979591836736,508.1615,0.0035974038764834404
1.0681179138321997,510.79794,0.003035834524780512
1.0913378684807256,525.3794,0.015699058771133423
1.1145578231292517,555.61584,0.047095783054828644
1.1377777777777778,577.1649,0.06872589886188507
1.1609977324263039,587.1674,0.07172995805740356
1.18421768707483,579.3642,0.09203465282917023
1.207437641723356,567.14685,0.09498420357704163
1.2306575963718822,486.20752,0.10708968341350555
1.253877551020408,583.54596,0.07036053389310837
1.2770975056689342,622.3487,0.09494540095329285
1.3003174603174603,639.98206,0.08013714104890823
1.3235374149659864,648.384,0.075320765376091
1.3467573696145125,643.9093,0.09358666837215424
1.3699773242630386,645.71765,0.09566076844930649
1.3931972789115648,663.501,0.10558648407459259
1.4164172335600906,685.7549,0.16112178564071655
1.4396371882086167,787.3477,0.20610368251800537
1.4628571428571429,700.83167,0.22650618851184845
1.486077097505669,693.2661,0.19569259881973267
1.509297052154195,623.66003,0.17017075419425964
1.5325170068027212,714.4513,0.11361340433359146
1.5557369614512473,756.45215,0.12171250581741333
1.5789569160997732,786.5551,0.13038919866085052
1.6021768707482993,803.02136,0.15258823335170746
1.6253968253968254,790.885,0.15887826681137085
1.6486167800453515,778.1354,0.20260089635849
1.6718367346938776,776.7164,0.25333771109580994
1.6950566893424037,778.53595,0.25765061378479004
1.7182766439909298,776.3679,0.2976330518722534
1.7414965986394557,749.8261,0.30219566822052
1.7647165532879818,706.96295,0.26971253752708435
1.787936507936508,681.35547,0.17756116390228271
1.811156462585034,682.54816,0.17810998857021332
1.8343764172335602,686.7823,0.16699104011058807
1.8575963718820863,244.6306,0.12379076331853867
1.8808163265306124,668.6815,0.11066670715808868
1.9040362811791383,659.5087,0.08261546492576599
1.9272562358276644,643.0473,0.08495025336742401
1.9504761904761905,2523.669,0.07714427262544632
1.9736961451247166,640.1337,0.07441722601652145
1.9969160997732427,634.47754,0.07964207231998444
2.020136054421769,668.1796,0.06767585128545761
2.043356009070295,752.9032,0.05094296485185623
2.066575963718821,516.0626,0.05050307512283325
2.089795918367347,581.5939,0.06343573331832886
2.1130158730158732,580.7862,0.05923809856176376
2.1362358276643993,580.6422,0.05611875280737877
2.159455782312925,588.38135,0.05450763553380966
2.182675736961451,765.80035,0.04496140778064728
2.2058956916099772,580.34515,0.015801098197698593
2.2291156462585033,550.4595,0.005097239278256893
2.2523356009070294,543.5137,0.0022506623063236475
2.2755555555555556,518.86975,0.0017956373048946261
2.2987755102040817,514.3089,0.0014875195920467377
2.3219954648526078,510.033,0.002729738363996148
2.345215419501134,489.55264,0.006905354559421539
2.36843537414966,481.5131,0.006575439125299454
2.391655328798186,471.84198,0.006372402887791395
2.414875283446712,469.78485,0.005194467958062887
2.4380952380952383,465.53836,0.00512099452316761
2.4613151927437644,464.4551,0.004943666979670525
2.48453514739229,461.39832,0.004827389493584633
2.507755102040816,458.06137,0.005526334512978792
2.5309750566893423,450.20892,0.005680487956851721
2.5541950113378684,158.42798,0.0026846204418689013
2.5774149659863945,334.03516,0.0023123708087950945
2.6006349206349206,447.56265,0.0022480138577520847
2.6238548752834467,426.0238,0.0021167974919080734
2.647074829931973,446.5617,0.0019630463793873787
2.670294784580499,488.31476,0.0022557098418474197
2.693514739229025,449.16928,0.0032874378375709057
2.716734693877551,441.41223,0.00265021831728518
2.7399546485260773,454.91602,0.0022605499252676964
2.7631746031746034,453.2086,0.002199057722464204
2.7863945578231295,460.06326,0.0020492628682404757
2.809614512471655,468.3205,0.0018901641014963388
2.8328344671201813,468.68408,0.0017609173664823174
2.8560544217687074,468.79147,0.0015903232851997018
2.8792743764172335,372.88553,0.0014091095654293895
2.9024943310657596,365.1203,0.0016303263837471604
2.9257142857142857,351.95636,0.002017868682742119
2.948934240362812,340.43335,0.0017937177326530218
2.972154195011338,343.15643,0.0018783764680847526
2.995374149659864,348.86905,0.00136445346288383
3.01859410430839,349.70514,0.0011357725597918034
3.0418140589569163,347.17142,0.0012312792241573334
3.0650340136054424,343.2998,0.0012663418892771006
3.0882539682539685,340.93936,0.0013578528305515647
3.1114739229024946,344.22348,0.0015180363552644849
3.1346938775510207,2567.864,0.0014991362113505602
3.1579138321995464,361.95844,0.001537984935566783
3.1811337868480725,367.7169,0.0012551627587527037
3.2043537414965986,363.38583,0.0017796024912968278
3.2275736961451247,354.82278,0.00156298594083637
3.250793650793651,344.31967,0.0011515149381011724
3.274013605442177,326.90137,0.0009930551750585437
3.297233560090703,362.02615,0.001157964812591672
3.320453514739229,347.67065,0.0013422842603176832
3.3436734693877552,358.2132,0.0009938303846865892
3.3668934240362813,365.0833,0.000915894634090364
3.3901133786848074,358.36832,0.0007948394049890339
3.4133333333333336,368.67786,0.0007228092290461063
3.4365532879818597,364.4034,0.0006566130323335528
3.4597732426303858,368.37097,0.0005520271952264011
3.4829931972789114,368.86047,0.0006752860499545932
3.5062131519274375,353.0398,0.0005420550005510449
3.5294331065759637,359.948,0.0002740148629527539
3.5526530612244898,349.5789,2.2062678908696398e-05
3.575873015873016,0.0,2.658189259818755e-06
3.599092970521542,0.0,4.715720933745615e-07
3.622312925170068,0.0,3.0458340916084126e-07
3.645532879818594,0.0,1.5004115994088352e-07
3.6687528344671203,0.0,1.2425607565091923e-07
3.6919727891156464,0.0,9.484210750088096e-08
3.7151927437641725,0.0,2.8892736736452207e-07
3.7384126984126986,0.0,2.8194062906550243e-07
3.7616326530612247,0.0,7.175458449637517e-08
3.784852607709751,0.0,4.804314812645316e-08
3.8080725623582765,0.0,8.866118150763214e-08
3.8312925170068026,0.0,8.423830877291039e-08
3.8545124716553287,0.0,1.1239535524509847e-07
3.877732426303855,0.0,1.274956957786344e-07
3.900952380952381,0.0,1.018115654005669e-07
3.924172335600907,0.0,2.1544656192418188e-07
3.947392290249433,0.0,1.9818253349512815e-07
3.9706122448979593,0.0,2.5361623556818813e-07
3.9938321995464854,0.0,2.1831056074006483e-07
4.017052154195011,0.0,1.447906470275484e-07
4.040272108843538,0.0,6.502614269265905e-08
4.063492063492063,0.0,2.2041513147996739e-07
4.08671201814059,0.0,4.343919499660842e-07
4.1099319727891155,0.0,2.611359377624467e-07
4.133151927437642,0.0,7.718972483417019e-08
4.156371882086168,0.0,3.021159500349313e-08
4.179591836734694,0.0,3.8835423765704036e-07
4.20281179138322,0.0,6.140990080893971e-07
4.2260317460317465,0.0,3.7490917748073116e-07
4.249251700680272,0.0,2.706701707211323e-07
4.272471655328799,0.0,2.051256160484627e-07
4.295691609977324,0.0,3.0128194339340553e-07
4.31891156462585,0.0,6.29764144832734e-07
4.342131519274377,0.0,1.7774254956748337e-08
