0.0,0.0,2.2041695046937093e-07
0.023219954648526078,0.0,1.0557687346590683e-07
0.046439909297052155,0.0,7.950256986077875e-08
0.06965986394557823,0.0,6.967002263991162e-08
0.09287981859410431,0.0,8.691131370142102e-08
0.11609977324263039,0.0,2.9744114726781845e-08
0.13931972789115646,0.0,2.6631823857314885e-08
0.16253968253968254,0.0,7.333801477216184e-08
0.18575963718820862,0.0,5.3131770982872695e-08
0.2089795918367347,325.22543,3.7336081732064486e-05
0.23219954648526078,357.76917,0.0005415887571871281
0.25541950113378686,146.94206,0.0007932746666483581
0.2786394557823129,374.2781,0.0007637328817509115
0.301859410430839,566.75555,0.0008777168695814908
0.3250793650793651,717.3603,0.0010312984231859446
0.3482993197278912,723.64307,0.001043541356921196
0.37151927437641724,390.7316,0.001314807217568159
0.3947392290249433,403.23044,0.0016869823448359966
0.4179591836734694,361.90878,0.0024094528052955866
0.44117913832199546,984.93976,0.0021023214794695377
0.46439909297052157,401.95233,0.0039206696674227715
0.4876190476190476,545.9414,0.004146150313317776
0.5108390022675737,420.43713,0.003390851430594921
0.5340589569160998,466.4466,0.005347477272152901
0.5572789115646258,441.33914,0.008148262277245522
0.5804988662131519,467.54965,0.007838930934667587
0.603718820861678,472.82214,0.005961982067674398
0.626938775510204,445.89478,0.006191273219883442
0.6501587301587302,463.49667,0.00550879817456007
0.6733786848072563,158.19139,0.018288351595401764
0.6965986394557824,429.95154,0.02371540293097496
0.7198185941043084,732.8551,0.025134598836302757
0.7430385487528345,529.0154,0.02934771031141281
0.7662585034013606,146.39485,0.03398260474205017
0.7894784580498866,526.9726,0.039016641676425934
0.8126984126984127,551.2222,0.06520958244800568
0.8359183673469388,590.1536,0.04460528865456581
0.8591383219954649,947.6335,0.00404138071462512
0.8823582766439909,529.31024,0.001141728600487113
0.905578231292517,196.30719,0.014314167201519012
0.9287981859410431,1223.5867,0.030479906126856804
0.9520181405895691,695.5994,0.038753438740968704
0.9752380952380952,711.2145,0.06457690894603729
0.9984580498866213,227.90645,0.06486056745052338
1.0216780045351475,495.40778,0.06603815406560898
1.0448979591836736,466.96484,0.052103132009506226
1.0681179138321997,1122.7744,0.0575026236474514
1.0913378684807256,485.9932,0.04984007775783539
1.1145578231292517,21.533203,0.06189080327749252
1.1377777777777778,1000.57635,0.022062834352254868
1.1609977324263039,205.40237,0.01657906547188759
1.18421768707483,508.12967,0.018620915710926056
1.207437641723356,519.63165,0.02039705589413643
1.2306575963718822,530.08795,0.01557956449687481
1.253877551020408,529.2773,0.015913911163806915
1.2770975056689342,522.5696,0.019415244460105896
1.3003174603174603,731.0892,0.02187436819076538
1.3235374149659864,520.7466,0.021005677059292793
1.3467573696145125,738.6807,0.015049897134304047
1.3699773242630386,487.0763,0.003678065724670887
1.3931972789115648,68.45931,0.005268250126391649
1.4164172335600906,451.41174,0.004700020421296358
1.4396371882086167,411.90692,0.005109889432787895
1.4628571428571429,458.91168,0.004544994328171015
1.486077097505669,460.4858,0.004395016469061375
1.509297052154195,397.74704,0.005187210161238909
1.5325170068027212,385.61942,0.005026035010814667
1.5557369614512473,395.2611,0.004677026532590389
1.5789569160997732,461.7931,0.003913332708179951
1.6021768707482993,314.09634,0.0019167209975421429
1.6253968253968254,991.8164,0.001618268433958292
1.6486167800453515,361.91595,0.0016212475020438433
1.6718367346938776,357.8953,0.0016079397173598409
1.6950566893424037,371.22617,0.00115999486297369
1.7182766439909298,1029.8046,0.0012037513079121709
1.7414965986394557,1001.75525,0.0013207794399932027
1.7647165532879818,814.5266,0.0014396357582882047
1.787936507936508,318.86926,0.0011981087736785412
1.811156462585034,321.15976,0.0013546139234676957
1.8343764172335602,684.1636,0.0012997864978387952
1.8575963718820863,724.6007,0.0012924282345920801
1.8808163265306124,382.02945,0.0006556278094649315
1.9040362811791383,384.59644,0.0005859524826519191
1.9272562358276644,387.31082,0.0007096136105246842
1.9504761904761905,379.45108,0.0007778996950946748
1.9736961451247166,254.50415,0.0011197651037946343
1.9969160997732427,314.44525,0.0010125415865331888
2.020136054421769,361.31567,0.0008421653765253723
2.043356009070295,362.7436,0.0009980825707316399
2.066575963718821,258.24863,0.0009977188892662525
2.089795918367347,41.61032,0.000656980206258595
2.1130158730158732,382.31912,0.0005176260601729155
2.1362358276643993,380.43033,0.0005284225917421281
2.159455782312925,368.62878,0.0007934431778267026
2.182675736961451,222.88318,0.0006496626301668584
2.2058956916099772,225.34523,0.00044953415635973215
2.2291156462585033,131.07762,0.00046717346413061023
2.2523356009070294,377.62927,0.0006810170598328114
2.2755555555555556,362.21338,0.0003713826881721616
2.2987755102040817,366.85083,1.556724419060629e-05
2.3219954648526078,0.0,3.1557729016640224e-06
2.345215419501134,0.0,5.493639037013054e-07
2.36843537414966,0.0,6.944082997506484e-08
2.391655328798186,0.0,5.194397090235725e-08
2.414875283446712,0.0,1.0530766303418204e-07
2.4380952380952383,0.0,8.379811333725229e-08
2.4613151927437644,0.0,4.9525624490343034e-08
2.48453514739229,0.0,4.2347892303951085e-08
2.507755102040816,0.0,5.7514625950716436e-08
2.5309750566893423,0.0,5.567744665313512e-08
2.5541950113378684,0.0,9.155792213277891e-08
2.5774149659863945,0.0,5.236415745457634e-08
2.6006349206349206,0.0,3.059722075704485e-08
2.6238548752834467,0.0,1.2590135156642646e-08
