0.0,0.0,8.477582014165819e-08
0.023219954648526078,0.0,1.6823287296574563e-07
0.046439909297052155,0.0,1.755815901560709e-07
0.06965986394557823,0.0,1.2151394912507385e-07
0.09287981859410431,0.0,7.264588930411264e-08
0.11609977324263039,0.0,1.6961075743893161e-07
0.13931972789115646,0.0,1.5398381947306916e-07
0.16253968253968254,83.828926,8.360897481907159e-05
0.18575963718820862,444.16718,0.0007259728154167533
0.2089795918367347,514.7037,0.000989757594652474
0.23219954648526078,538.91095,0.0009375658701173961
0.25541950113378686,611.8494,0.0006671720184385777
0.2786394557823129,266.96497,0.0007111342856660485
0.301859410430839,505.9057,0.0007680976996198297
0.3250793650793651,567.6729,0.000775051477830857
0.3482993197278912,200.11864,0.001027676509693265
0.37151927437641724,662.1747,0.001409571385011077
0.3947392290249433,202.37663,0.00125779677182436
0.4179591836734694,587.4672,0.001512149814516306
0.44117913832199546,725.4319,0.0015209490666165948
0.46439909297052157,574.5149,0.0015728642465546727
0.4876190476190476,528.01996,0.0016187021974474192
0.5108390022675737,661.09985,0.0017722025513648987
0.5340589569160998,999.76776,0.0029630919452756643
0.5572789115646258,358.91455,0.0035902378149330616
0.5804988662131519,904.4115,0.004830820485949516
0.603718820861678,1048.9884,0.003184489207342267
0.626938775510204,898.1483,0.002564678667113185
0.6501587301587302,710.3688,0.003483874024823308
0.6733786848072563,358.98346,0.0039013868663460016
0.6965986394557824,1045.3529,0.002244239207357168
0.7198185941043084,720.03174,0.00282397773116827
0.7430385487528345,320.05283,0.003351876512169838
0.7662585034013606,1145.5441,0.004818802699446678
0.7894784580498866,227.85318,0.006606698036193848
0.8126984126984127,1002.9989,0.006438597571104765
0.8359183673469388,1030.4343,0.005441088229417801
0.8591383219954649,385.71252,0.004192311316728592
0.8823582766439909,413.2059,0.004591356497257948
0.905578231292517,472.71762,0.0046612899750471115
0.9287981859410431,416.58087,0.006634547375142574
0.9520181405895691,400.292,0.007577733602374792
0.9752380952380952,719.26416,0.00757603021338582
0.9984580498866213,395.75867,0.006806857883930206
1.0216780045351475,414.38147,0.005670295096933842
1.0448979591836736,515.784,0.006703292019665241
1.0681179138321997,472.4151,0.0063826050609350204
1.0913378684807256,465.42783,0.009228484705090523
1.1145578231292517,455.3042,0.01466078869998455
1.1377777777777778,475.75632,0.013783954083919525
1.1609977324263039,1030.0873,0.014375869184732437
1.18421768707483,406.51425,0.01241053082048893
1.207437641723356,511.31146,0.02099422737956047
1.2306575963718822,529.50793,0.023870794102549553
1.253877551020408,516.4082,0.02967631258070469
1.2770975056689342,512.9391,0.04093167930841446
1.3003174603174603,1046.4308,0.029539087787270546
1.3235374149659864,1162.0884,0.030070118606090546
1.3467573696145125,513.469,0.04202906787395477
1.3699773242630386,478.7284,0.05057542398571968
1.3931972789115648,567.49963,0.05639859661459923
1.4164172335600906,564.9752,0.049403026700019836
1.4396371882086167,556.0626,0.05919510871171951
1.4628571428571429,1127.1434,0.055336907505989075
1.486077097505669,540.6025,0.04777160659432411
1.509297052154195,546.7526,0.04605861380696297
1.5325170068027212,557.0607,0.06517118215560913
1.5557369614512473,581.11597,0.08950871974229813
1.5789569160997732,1063.5627,0.09733278304338455
1.6021768707482993,634.57904,0.11685949563980103
1.6253968253968254,432.65335,0.12376408278942108
1.6486167800453515,594.6841,0.10686098039150238
1.6718367346938776,574.97577,0.06403584778308868
1.6950566893424037,1096.6687,0.048648685216903687
1.7182766439909298,394.132,0.03899259865283966
1.7414965986394557,545.8692,0.028528258204460144
1.7647165532879818,546.924,0.02649260126054287
1.787936507936508,438.71295,0.028646498918533325
1.811156462585034,548.4234,0.027541695162653923
1.8343764172335602,399.58188,0.02223929390311241
1.8575963718820863,515.8536,0.023641817271709442
1.8808163265306124,433.9295,0.01730131357908249
1.9040362811791383,506.28174,0.02042977139353752
1.9272562358276644,517.5062,0.021061912178993225
1.9504761904761905,524.39197,0.01849307119846344
1.9736961451247166,514.90814,0.01856784150004387
1.9969160997732427,423.05945,0.00885615311563015
2.020136054421769,444.4023,0.008805437944829464
2.043356009070295,459.48947,0.009342938661575317
2.066575963718821,470.30417,0.007277130614966154
2.089795918367347,557.86304,0.005915971472859383
2.1130158730158732,417.17886,0.0047055394388735294
2.1362358276643993,498.67255,0.0063833254389464855
2.159455782312925,409.8548,0.006787639111280441
2.182675736961451,396.07306,0.009224217385053635
2.2058956916099772,1012.6839,0.007258078083395958
2.2291156462585033,77.34989,0.005767728202044964
2.2523356009070294,415.33456,0.00403523538261652
2.2755555555555556,748.7182,0.004555786959826946
2.2987755102040817,751.81476,0.006006252020597458
2.3219954648526078,1068.6902,0.004740016534924507
2.345215419501134,407.1734,0.004330224823206663
2.36843537414966,1007.6651,0.003552144393324852
2.391655328798186,223.17055,0.0028673552442342043
2.414875283446712,369.69586,0.00288154068402946
2.4380952380952383,618.55865,0.0030313022434711456
2.4613151927437644,746.0278,0.0033756736665964127
2.48453514739229,230.9884,0.0022253375500440598
2.507755102040816,336.70413,0.0021296129561960697
2.5309750566893423,335.1506,0.0015429158229380846
2.5541950113378684,707.9444,0.0017676545539870858
2.5774149659863945,739.4065,0.00179947167634964
2.6006349206349206,754.09937,0.0017727576196193695
2.6238548752834467,335.63574,0.0013224203139543533
2.647074829931973,699.6642,0.0009485500631853938
2.670294784580499,568.18634,0.001173373544588685
2.693514739229025,579.6158,0.0014939862303435802
2.716734693877551,653.0454,0.001411136006936431
2.7399546485260773,396.553,0.0011945003643631935
2.7631746031746034,599.0049,0.0009278464131057262
2.7863945578231295,607.5223,0.000876723206602037
2.809614512471655,590.984,0.0010715583339333534
2.8328344671201813,540.0445,0.0012750308960676193
2.8560544217687074,551.51746,0.0012042727321386337
2.8792743764172335,509.9699,0.0012400776613503695
2.9024943310657596,448.1176,0.0012960939202457666
2.9257142857142857,534.8505,0.0010946602560579777
2.948934240362812,549.90594,0.0010824243072420359
2.972154195011338,517.4011,0.0009758484666235745
2.995374149659864,337.5168,0.0008430976886302233
3.01859410430839,369.80197,0.0007540780352428555
3.0418140589569163,322.56024,0.0006105831707827747
3.0650340136054424,543.6521,0.00023109563335310668
3.0882539682539685,55.683132,2.40684203163255e-05
3.1114739229024946,0.0,2.506683813408017e-06
3.1346938775510207,0.0,1.0826279321918264e-06
3.1579138321995464,0.0,2.575743565103039e-07
3.1811337868480725,0.0,8.534061635145918e-08
3.2043537414965986,0.0,1.1001884558936581e-07
3.2275736961451247,0.0,1.6067860997281969e-07
3.250793650793651,0.0,1.7517686501378193e-07
3.274013605442177,0.0,9.397899702889845e-08
3.297233560090703,0.0,2.7881469577550888e-08
3.320453514739229,0.0,1.1233441910007969e-07
3.3436734693877552,0.0,4.219691618345678e-08
3.3668934240362813,0.0,1.3459612091537565e-08
