0.0,0.0,3.078912413911894e-08
0.023219954648526078,0.0,1.88774720299989e-08
0.046439909297052155,0.0,1.648913894314319e-08
0.06965986394557823,0.0,2.2944732336327434e-08
0.09287981859410431,0.0,1.267835614271462e-08
0.11609977324263039,0.0,2.709293767111376e-08
0.13931972789115646,0.0,4.335015546530485e-08
0.16253968253968254,0.0,4.9591108108870685e-08
0.18575963718820862,0.0,1.1120391718577594e-08
0.2089795918367347,0.0,1.2904820323456079e-08
0.23219954648526078,0.0,2.271372068207711e-08
0.25541950113378686,0.0,2.13130988413468e-08
0.2786394557823129,0.0,1.8922037270385772e-08
0.301859410430839,0.0,1.5093064575921744e-08
0.3250793650793651,0.0,2.5106601242441684e-08
0.3482993197278912,0.0,2.2740096028428525e-08
0.37151927437641724,0.0,1.585613063070923e-08
0.3947392290249433,0.0,2.4088876671157777e-08
0.4179591836734694,0.0,6.987647793721408e-08
0.44117913832199546,0.0,5.642323230858892e-08
0.46439909297052157,0.0,4.4155967771075666e-08
0.4876190476190476,0.0,2.103297447320074e-08
0.5108390022675737,0.0,3.0586306820623577e-08
0.5340589569160998,0.0,4.723824531538412e-08
0.5572789115646258,0.0,2.137221599696204e-08
0.5804988662131519,0.0,1.771059032762423e-08
0.603718820861678,0.0,1.656371750868857e-08
0.626938775510204,0.0,4.0326085581909865e-08
0.6501587301587302,0.0,2.864271664293483e-08
0.6733786848072563,0.0,5.701986083295196e-08
0.6965986394557824,0.0,1.9102117221336812e-08
0.7198185941043084,0.0,1.9429535313975066e-08
0.7430385487528345,0.0,6.880056389491074e-06
0.7662585034013606,345.50342,2.1947565983282402e-05
0.7894784580498866,330.1543,6.236907211132348e-05
0.8126984126984127,355.45944,0.00010643983841873705
0.8359183673469388,327.56012,0.00010742328595370054
0.8591383219954649,325.62073,0.00010666542948456481
0.8823582766439909,349.4387,0.0001853525172919035
0.905578231292517,339.47745,0.0003339240502100438
0.9287981859410431,348.3325,0.00033956687548197806
0.9520181405895691,355.11362,0.00024392252089455724
0.9752380952380952,358.75473,0.00019594721379689872
0.9984580498866213,373.3503,0.00021124843624420464
1.0216780045351475,463.4351,0.0003778137033805251
1.0448979591836736,448.97968,0.000637920165900141
1.0681179138321997,458.21063,0.0007583672413602471
1.0913378684807256,452.9997,0.0006357948295772076
1.1145578231292517,449.49664,0.0004477194743230939
1.1377777777777778,459.0271,0.00039988476783037186
1.1609977324263039,490.1306,0.0006084563210606575
1.18421768707483,667.40845,0.0011814322788268328
1.207437641723356,700.6272,0.0015005520544946194
1.2306575963718822,551.9649,0.001866130973212421
1.253877551020408,442.76935,0.001521855010651052
1.2770975056689342,691.88275,0.0011361022479832172
1.3003174603174603,567.8206,0.001274865586310625
1.3235374149659864,632.61194,0.001411901437677443
1.3467573696145125,689.2306,0.0008979548001661897
1.3699773242630386,736.15485,0.001311793806962669
1.3931972789115648,2082.9329,0.0013332522939890623
1.4164172335600906,2358.5317,0.0025150009896606207
1.4396371882086167,712.3622,0.001705441391095519
1.4628571428571429,826.1358,0.0011477895313873887
1.486077097505669,400.83832,0.0008605737239122391
1.509297052154195,676.3859,0.002519031520932913
1.5325170068027212,633.5549,0.0016483102226629853
1.5557369614512473,727.07806,0.0020145969465374947
1.5789569160997732,427.60013,0.0019642102997750044
1.6021768707482993,533.7137,0.0019134797621518373
1.6253968253968254,633.5655,0.001767360488884151
1.6486167800453515,439.9734,0.0014722268097102642
1.6718367346938776,526.41345,0.001368862111121416
1.6950566893424037,448.6748,0.0010392646072432399
1.7182766439909298,468.95648,0.000848097843118012
1.7414965986394557,435.74045,0.0007556796772405505
1.7647165532879818,433.11508,0.0007954876637086272
1.787936507936508,2399.958,0.0007937860209494829
1.811156462585034,456.2641,0.0008035541395656765
1.8343764172335602,449.57602,0.0007973797619342804
1.8575963718820863,446.87177,0.0007842296618036926
1.8808163265306124,742.17664,0.0006816886598244309
1.9040362811791383,145.75037,0.0006714697228744626
1.9272562358276644,376.68024,0.00042891010525636375
1.9504761904761905,350.42346,0.0005619286675937474
1.9736961451247166,351.47775,0.0006376330857165158
1.9969160997732427,354.1189,0.0006498532020486891
2.020136054421769,352.64655,0.0006487801438197494
2.043356009070295,349.12384,0.0005998589331284165
2.066575963718821,344.71088,0.0005493141943588853
2.089795918367347,341.95712,0.0005467267474159598
2.1130158730158732,345.2514,0.000637029530480504
2.1362358276643993,353.0003,0.0007166684954427183
2.159455782312925,362.5442,0.0008315328159369528
2.182675736961451,359.80466,0.0007383404881693423
2.2058956916099772,351.21567,0.0005938117392361164
2.2291156462585033,765.15906,0.0004658058169297874
2.2523356009070294,339.31366,0.000479046517284587
2.2755555555555556,346.01352,0.0005629349616356194
2.2987755102040817,310.3795,0.0005666394135914743
2.3219954648526078,367.8791,0.0005273041315376759
2.345215419501134,435.77817,0.0004979303339496255
2.36843537414966,348.91177,0.00035973687772639096
2.391655328798186,335.79904,0.0002542521106079221
2.414875283446712,342.934,0.00035958809894509614
2.4380952380952383,416.49146,0.0002344008389627561
2.4613151927437644,432.17178,3.992154961451888e-05
2.48453514739229,0.0,1.2227765182615258e-06
2.507755102040816,0.0,2.5165354600176215e-07
2.5309750566893423,0.0,3.3648575481493026e-08
2.5541950113378684,0.0,1.8590071704238653e-08
2.5774149659863945,0.0,4.0270606405101717e-08
2.6006349206349206,0.0,4.2255123844370246e-08
2.6238548752834467,0.0,3.2051502785179764e-08
2.647074829931973,0.0,2.7745954866986722e-08
2.670294784580499,0.0,2.642264007590711e-08
2.693514739229025,0.0,2.198339643655345e-08
2.716734693877551,0.0,4.506455297814682e-08
2.7399546485260773,0.0,3.062086761929095e-08
2.7631746031746034,0.0,1.4571014617104083e-08
2.7863945578231295,0.0,6.235222826944664e-08
2.809614512471655,0.0,4.620324034476653e-08
2.8328344671201813,0.0,1.981607056222856e-08
2.8560544217687074,0.0,1.058197085512802e-08
2.8792743764172335,0.0,2.3035681806504726e-08
2.9024943310657596,0.0,2.990054781548679e-08
2.9257142857142857,0.0,4.463618097361177e-08
2.948934240362812,0.0,3.6518031265586615e-08
2.972154195011338,0.0,6.108621164457873e-08
2.995374149659864,0.0,2.7084752218797803e-08
3.01859410430839,0.0,2.3281245375983417e-08
3.0418140589569163,0.0,3.434797690715641e-08
3.0650340136054424,0.0,1.819444150896743e-08
3.0882539682539685,0.0,1.861735654529184e-08
3.1114739229024946,0.0,3.685818228404969e-08
3.1346938775510207,0.0,2.189699443988502e-08
3.1579138321995464,0.0,9.356881491839886e-09
3.1811337868480725,0.0,1.7220372683368623e-08
3.2043537414965986,0.0,3.36931407218799e-08
3.2275736961451247,0.0,2.0260813471395522e-08
3.250793650793651,0.0,1.026819518301636e-09
