0.0,0.0,2.238448360003531e-08
0.023219954648526078,0.0,2.2652784537058324e-08
0.046439909297052155,0.0,3.120476321782917e-08
0.06965986394557823,0.0,1.4317265595309436e-08
0.09287981859410431,0.0,1.694934326224029e-08
0.11609977324263039,0.0,1.6407284419983625e-08
0.13931972789115646,0.0,2.8762769943568856e-08
0.16253968253968254,0.0,1.598345988895744e-08
0.18575963718820862,0.0,3.663444658741355e-08
0.2089795918367347,0.0,2.326396497664973e-08
0.23219954648526078,0.0,3.0951923690736294e-08
0.25541950113378686,0.0,2.8054273570887744e-08
0.2786394557823129,0.0,2.7409441827330738e-08
0.301859410430839,0.0,2.444721758365631e-08
0.3250793650793651,0.0,1.4805664250161499e-08
0.3482993197278912,0.0,1.186799636343494e-08
0.37151927437641724,0.0,2.470187610015273e-08
0.3947392290249433,0.0,2.4861947167664766e-08
0.4179591836734694,0.0,3.5586708690971136e-08
0.44117913832199546,0.0,5.379479262046516e-08
0.46439909297052157,0.0,2.481920091668144e-08
0.4876190476190476,0.0,2.985507308039814e-08
0.5108390022675737,0.0,2.312026481376961e-08
0.5340589569160998,0.0,4.3820364226121455e-08
0.5572789115646258,0.0,7.256403478095308e-08
0.5804988662131519,0.0,9.624636732041836e-08
0.603718820861678,0.0,1.4355191524373367e-07
0.626938775510204,0.0,1.1220527085242793e-07
0.6501587301587302,0.0,1.468370101065375e-07
0.6733786848072563,0.0,2.276137820445001e-07
0.6965986394557824,0.0,2.722163117141463e-07
0.7198185941043084,264.9227,8.367400732822716e-05
0.7430385487528345,234.66948,0.0003674000035971403
0.7662585034013606,253.43039,0.0008520189439877868
0.7894784580498866,252.7259,0.0009341210243292153
0.8126984126984127,836.26086,0.0009407540783286095
0.8359183673469388,267.2887,0.0009625085513107479
0.8591383219954649,264.36435,0.001109071890823543
0.8823582766439909,274.007,0.0019260492408648133
0.905578231292517,289.9403,0.0026408364064991474
0.9287981859410431,312.07043,0.0030375784263014793
0.9520181405895691,362.1832,0.0025480587501078844
0.9752380952380952,265.89728,0.0022660009562969208
0.9984580498866213,297.68472,0.002714903559535742
1.0216780045351475,306.0321,0.0025927857495844364
1.0448979591836736,351.83435,0.003974357154220343
1.0681179138321997,344.72397,0.005922320298850536
1.0913378684807256,347.73743,0.006605129688978195
1.1145578231292517,354.488,0.004544032737612724
1.1377777777777778,357.20508,0.0031037931330502033
1.1609977324263039,346.78162,0.004050499759614468
1.18421768707483,343.44446,0.006433025002479553
1.207437641723356,357.84424,0.007510163355618715
1.2306575963718822,382.5831,0.0059746308252215385
1.253877551020408,427.48328,0.005547363311052322
1.2770975056689342,362.69403,0.007556279189884663
1.3003174603174603,350.6539,0.008361967280507088
1.3235374149659864,355.62634,0.009737934917211533
1.3467573696145125,367.2757,0.009106386452913284
1.3699773242630386,478.3467,0.01122850552201271
1.3931972789115648,352.18625,0.010604798793792725
1.4164172335600906,475.10077,0.0124044269323349
1.4396371882086167,348.9377,0.010367822833359241
1.4628571428571429,344.1851,0.010105464607477188
1.486077097505669,443.0615,0.011654287576675415
1.509297052154195,433.76074,0.010607661679387093
1.5325170068027212,488.9438,0.012768205255270004
1.5557369614512473,521.7074,0.010403458029031754
1.5789569160997732,431.78183,0.014245251193642616
1.6021768707482993,483.90936,0.014845728874206543
1.6253968253968254,443.4373,0.017629647627472878
1.6486167800453515,464.74765,0.014157334342598915
1.6718367346938776,480.42072,0.015043112449347973
1.6950566893424037,2661.0024,0.016016103327274323
1.7182766439909298,475.35654,0.02018524706363678
1.7414965986394557,460.34106,0.0251629501581192
1.7647165532879818,462.9619,0.030865326523780823
1.787936507936508,519.5878,0.049060601741075516
1.811156462585034,543.6789,0.04007282853126526
1.8343764172335602,551.1389,0.039026834070682526
1.8575963718820863,426.6967,0.04250917583703995
1.8808163265306124,525.4506,0.036666736006736755
1.9040362811791383,513.3391,0.05945907533168793
1.9272562358276644,440.74792,0.05792760103940964
1.9504761904761905,762.8663,0.04028540477156639
1.9736961451247166,780.3727,0.05095382034778595
1.9969160997732427,2536.0757,0.04979123920202255
2.020136054421769,544.18964,0.07392298430204391
2.043356009070295,507.28043,0.057438626885414124
2.066575963718821,503.7416,0.06815922260284424
2.089795918367347,526.5736,0.07900287210941315
2.1130158730158732,549.9936,0.05222892761230469
2.1362358276643993,2738.8994,0.05370355397462845
2.159455782312925,523.06415,0.04677026718854904
2.182675736961451,469.77524,0.03447514772415161
2.2058956916099772,2433.8784,0.032069962471723557
2.2291156462585033,466.32346,0.026193000376224518
2.2523356009070294,510.48834,0.02754257060587406
2.2755555555555556,510.19882,0.01994025707244873
2.2987755102040817,476.70792,0.018125247210264206
2.3219954648526078,433.12173,0.020441170781850815
2.345215419501134,416.08438,0.02330510877072811
2.36843537414966,419.58893,0.019517457112669945
2.391655328798186,446.1361,0.019530359655618668
2.414875283446712,456.01724,0.015471018850803375
2.4380952380952383,446.2124,0.015007763169705868
2.4613151927437644,429.18954,0.012788455933332443
2.48453514739229,356.2855,0.012084332294762135
2.507755102040816,343.56012,0.01116044633090496
2.5309750566893423,449.35825,0.01002052053809166
2.5541950113378684,404.23706,0.010032103396952152
2.5774149659863945,407.62436,0.009062077850103378
2.6006349206349206,363.048,0.0075218104757368565
2.6238548752834467,361.54163,0.009709173813462257
2.647074829931973,348.18195,0.008773691020905972
2.670294784580499,350.67294,0.008974160067737103
2.693514739229025,364.1548,0.0074514043517410755
2.716734693877551,348.87906,0.006025834009051323
2.7399546485260773,361.89432,0.005249667447060347
2.7631746031746034,353.33887,0.0056563206017017365
2.7863945578231295,333.7132,0.003568829968571663
2.809614512471655,345.36337,0.0038642738945782185
2.8328344671201813,335.32462,0.003876559901982546
2.8560544217687074,340.4244,0.004665986634790897
2.8792743764172335,343.48114,0.004821603186428547
2.9024943310657596,332.9747,0.0030289022251963615
2.9257142857142857,332.92883,0.002837482374161482
2.948934240362812,325.65097,0.003077487926930189
2.972154195011338,291.29755,0.0028005391359329224
2.995374149659864,297.29276,0.002248994540423155
3.01859410430839,270.59177,0.0018299126531928778
3.0418140589569163,266.76627,0.0020012962631881237
3.0650340136054424,261.4352,0.0014586970210075378
3.0882539682539685,255.19897,0.0010009071556851268
3.1114739229024946,248.33621,0.0011291257105767727
3.1346938775510207,343.75,0.0014305257936939597
3.1579138321995464,339.52695,0.0012093052500858903
3.1811337868480725,278.92212,0.0012379189720377326
3.2043537414965986,258.60904,0.0007788378861732781
3.2275736961451247,256.1259,0.0004919120110571384
3.250793650793651,766.727,0.0004731947847176343
3.274013605442177,343.44214,0.0006601610220968723
3.297233560090703,259.384,0.0007132496684789658
3.320453514739229,287.457,0.0003381665446795523
3.3436734693877552,259.69022,1.2018082088616211e-05
3.3668934240362813,0.0,6.316995495581068e-07
3.3901133786848074,0.0,3.874356480082497e-07
3.4133333333333336,0.0,5.216043064137921e-08
3.4365532879818597,0.0,5.5107193475123495e-08
3.4597732426303858,0.0,2.3652319214306772e-08
3.4829931972789114,0.0,1.964781404240057e-08
3.5062131519274375,0.0,1.2222699297126383e-08
3.5294331065759637,0.0,3.771492629311979e-08
3.5526530612244898,0.0,4.264074959792197e-08
3.575873015873016,0.0,5.567653715843335e-08
3.599092970521542,0.0,1.9352228264324367e-08
3.622312925170068,0.0,2.399337972747162e-08
3.645532879818594,0.0,1.4896613720338792e-08
3.6687528344671203,0.0,2.236902219010517e-08
3.6919727891156464,0.0,3.2458956411574036e-08
3.7151927437641725,0.0,2.3442225938197225e-08
3.7384126984126986,0.0,3.24735083268024e-08
3.7616326530612247,0.0,3.37031451635994e-08
3.784852607709751,0.0,6.337359081953764e-08
3.8080725623582765,0.0,7.4078343459405e-08
3.8312925170068026,0.0,1.2857981346314773e-07
3.8545124716553287,0.0,7.963808457134292e-08
3.877732426303855,0.0,1.683110895100981e-08
3.900952380952381,0.0,3.466902853688225e-08
3.924172335600907,0.0,2.268916432512924e-08
3.947392290249433,0.0,3.216246113879606e-08
3.9706122448979593,0.0,2.2286258172243834e-08
3.9938321995464854,0.0,2.7687747206073254e-08
4.017052154195011,0.0,1.700846041785553e-08
4.040272108843538,0.0,2.8112481231801212e-08
4.063492063492063,0.0,1.3934368325863034e-08
4.08671201814059,0.0,2.6566340238787234e-08
4.1099319727891155,0.0,2.4385371943935752e-08
4.133151927437642,0.0,1.655189407756552e-08
4.156371882086168,0.0,1.2200871424283832e-08
4.179591836734694,0.0,2.922024577856064e-08
4.20281179138322,0.0,3.322475095046684e-08
4.2260317460317465,0.0,3.3242031349800527e-09
