0.0,0.0,3.748409653780982e-07
0.023219954648526078,0.0,5.67229108128231e-07
0.046439909297052155,0.0,4.321918822824955e-07
0.06965986394557823,0.0,6.766567821614444e-07
0.09287981859410431,0.0,2.0155221136519685e-07
0.11609977324263039,0.0,2.163897079299204e-07
0.13931972789115646,0.0,1.6754893295001239e-07
0.16253968253968254,0.0,1.4501711120828986e-07
0.18575963718820862,0.0,6.98219082551077e-08
0.2089795918367347,0.0,6.171640052343719e-07
0.23219954648526078,26.207533,2.055934601230547e-05
0.25541950113378686,288.69794,0.00039578662835992873
0.2786394557823129,262.62604,0.000939041085075587
0.301859410430839,279.73505,0.001456335186958313
0.3250793650793651,280.74316,0.0015540490858256817
0.3482993197278912,280.25073,0.0015469095669686794
0.37151927437641724,279.1797,0.0015754570486024022
0.3947392290249433,277.04623,0.0015052116941660643
0.4179591836734694,276.0117,0.0014704177156090736
0.44117913832199546,279.22464,0.001079102512449026
0.46439909297052157,275.5643,0.001203457242809236
0.4876190476190476,23.248154,0.0019729631021618843
0.5108390022675737,45.78412,0.0021760750096291304
0.5340589569160998,328.4303,0.002306742127984762
0.5572789115646258,331.11945,0.002328045666217804
0.5804988662131519,332.95898,0.0028690139297395945
0.603718820861678,333.1716,0.0025082339998334646
0.626938775510204,333.64557,0.0023290319368243217
0.6501587301587302,334.32214,0.0019540833309292793
0.6733786848072563,338.28976,0.0020435741171240807
0.6965986394557824,351.48615,0.003336716443300247
0.7198185941043084,370.54092,0.00457198079675436
0.7430385487528345,387.46582,0.004479899536818266
0.7662585034013606,398.7423,0.007752108387649059
0.7894784580498866,404.33804,0.007862151600420475
0.8126984126984127,399.06763,0.006558350753039122
0.8359183673469388,398.39685,0.006972539704293013
0.8591383219954649,405.89496,0.007184369023889303
0.8823582766439909,404.67346,0.004138018004596233
0.905578231292517,403.6096,0.00301220640540123
0.9287981859410431,84.00976,0.007334768772125244
0.9520181405895691,458.64865,0.008646886795759201
0.9752380952380952,35.9382,0.012292839586734772
0.9984580498866213,370.34296,0.016554586589336395
1.0216780045351475,843.201,0.019797001034021378
1.0448979591836736,522.5489,0.02261250652372837
1.0681179138321997,524.29004,0.020980820059776306
1.0913378684807256,953.7373,0.01837274432182312
1.1145578231292517,377.49408,0.016912586987018585
1.1377777777777778,516.6605,0.013219193555414677
1.1609977324263039,469.86172,0.008624780923128128
1.18421768707483,422.02332,0.009483395144343376
1.207437641723356,400.13467,0.006087911315262318
1.2306575963718822,395.39166,0.005538756959140301
1.253877551020408,396.53296,0.005257118958979845
1.2770975056689342,398.3701,0.005835033021867275
1.3003174603174603,399.0059,0.005480583757162094
1.3235374149659864,397.97525,0.0048361485823988914
1.3467573696145125,392.60507,0.004258021246641874
1.3699773242630386,383.49847,0.003958146087825298
1.3931972789115648,362.38538,0.004806612618267536
1.4164172335600906,346.37402,0.0030456329695880413
1.4396371882086167,339.1545,0.002596303354948759
1.4628571428571429,333.7677,0.0022461973130702972
1.486077097505669,334.66412,0.0021521220915019512
1.509297052154195,330.54422,0.00205474765971303
1.5325170068027212,327.90707,0.0019018970197066665
1.5557369614512473,108.68509,0.0017964157741516829
1.5789569160997732,326.49222,0.0018008764600381255
1.6021768707482993,324.83127,0.0015805779257789254
1.6253968253968254,304.1931,0.0010673132492229342
1.6486167800453515,320.9987,0.0009733735350891948
1.6718367346938776,259.8146,0.0008384006796404719
1.6950566893424037,257.42566,0.0007231286726891994
1.7182766439909298,314.09518,0.0006768886232748628
1.7414965986394557,394.28558,0.0006880772416479886
1.7647165532879818,387.60043,0.0006692972383461893
1.787936507936508,274.19067,0.0007878097821958363
1.811156462585034,275.38007,0.0010186739964410663
1.8343764172335602,282.48672,0.0010318068088963628
1.8575963718820863,283.7995,0.0009324784623458982
1.8808163265306124,275.4592,0.0008247409714385867
1.9040362811791383,311.7066,0.0006289643351919949
1.9272562358276644,314.96957,0.00046357401879504323
1.9504761904761905,339.87616,0.0005157426348887384
1.9736961451247166,265.98352,0.000583368877414614
1.9969160997732427,273.36636,0.0008733642753213644
2.020136054421769,282.39435,0.0007245836895890534
2.043356009070295,100.39185,0.0004593025369103998
2.066575963718821,262.36557,0.00018465514585841447
2.089795918367347,280.66525,0.0002046433073701337
2.1130158730158732,253.19028,0.0003056940622627735
2.1362358276643993,262.48798,0.0003537657030392438
2.159455782312925,277.76242,0.00037320435512810946
2.182675736961451,292.9126,4.810601967619732e-05
2.2058956916099772,0.0,6.940496859897394e-06
2.2291156462585033,40.97746,0.00015432173677254468
2.2523356009070294,28.258617,0.00018892597290687263
2.2755555555555556,39.07739,1.702155714156106e-05
2.2987755102040817,0.0,7.209436262201052e-06
2.3219954648526078,0.0,1.5557943697785959e-06
2.345215419501134,0.0,8.652705218992196e-07
2.36843537414966,0.0,1.2602231436176226e-07
2.391655328798186,0.0,2.5518784241285175e-07
2.414875283446712,0.0,3.5721859603654593e-07
2.4380952380952383,0.0,2.1651339920936152e-07
2.4613151927437644,0.0,5.890160537092015e-08
2.48453514739229,0.0,2.082197170238942e-07
2.507755102040816,0.0,1.1714564607245848e-07
2.5309750566893423,0.0,1.2364307622192428e-07
2.5541950113378684,0.0,8.612460078438744e-08
2.5774149659863945,0.0,1.0576150089036673e-07
2.6006349206349206,0.0,1.4622401067754254e-07
