0.0,0.0,1.3760654837824404e-08
0.023219954648526078,0.0,1.7835191101767123e-08
0.046439909297052155,0.0,1.055377651937306e-08
0.06965986394557823,0.0,1.499211066402495e-08
0.09287981859410431,0.0,2.5725057639647275e-08
0.11609977324263039,0.0,1.5566001820843667e-08
0.13931972789115646,0.0,2.011074684560299e-08
0.16253968253968254,0.0,1.1867368812090717e-06
0.18575963718820862,632.6312,0.00012859789421781898
0.2089795918367347,629.6976,0.00042218968155793846
0.23219954648526078,114.87902,0.0007725394098088145
0.25541950113378686,698.4307,0.000981199205853045
0.2786394557823129,637.94305,0.0011705504730343819
0.301859410430839,629.42487,0.001133614219725132
0.3250793650793651,667.0127,0.0006889732321724296
0.3482993197278912,377.91412,0.0005059334798716009
0.37151927437641724,739.4187,0.0005866338033229113
0.3947392290249433,635.57336,0.0008255938300862908
0.4179591836734694,631.15796,0.0009928937070071697
0.44117913832199546,388.52692,0.001076109940186143
0.46439909297052157,652.90955,0.0009662279626354575
0.4876190476190476,632.36664,0.0009540755418129265
0.5108390022675737,662.1905,0.0010260376147925854
0.5340589569160998,421.70352,0.0011496394872665405
0.5572789115646258,429.32675,0.0013385352212935686
0.5804988662131519,605.2434,0.0014346442185342312
0.603718820861678,600.6704,0.0015527911018580198
0.626938775510204,456.5835,0.0015979968011379242
0.6501587301587302,435.18915,0.0014640382723882794
0.6733786848072563,588.03784,0.0014581650029867887
0.6965986394557824,475.41342,0.0017751713749021292
0.7198185941043084,624.6136,0.0016379375010728836
0.7430385487528345,460.31076,0.0016520631033927202
0.7662585034013606,454.7054,0.0016526018735021353
0.7894784580498866,461.13052,0.001726590096950531
0.8126984126984127,580.79755,0.002699393779039383
0.8359183673469388,440.91083,0.004244506824761629
0.8591383219954649,457.10226,0.005643827375024557
0.8823582766439909,448.64655,0.005834468640387058
0.905578231292517,434.74387,0.004772622138261795
0.9287981859410431,441.95422,0.006495076231658459
0.9520181405895691,609.41284,0.006376470439136028
0.9752380952380952,566.5636,0.008062026463449001
0.9984580498866213,592.99054,0.011710228398442268
1.0216780045351475,586.1622,0.008446000516414642
1.0448979591836736,565.43146,0.00855279341340065
1.0681179138321997,557.41895,0.01125967688858509
1.0913378684807256,578.7986,0.015236038714647293
1.1145578231292517,627.57294,0.02594606764614582
1.1377777777777778,657.17035,0.03587138652801514
1.1609977324263039,660.1771,0.036088548600673676
1.18421768707483,637.2669,0.0285164937376976
1.207437641723356,613.82776,0.03558726608753204
1.2306575963718822,625.0148,0.041886765509843826
1.253877551020408,672.2392,0.07011565566062927
1.2770975056689342,704.34503,0.08248373866081238
1.3003174603174603,726.71216,0.09202858805656433
1.3235374149659864,709.9859,0.09139843285083771
1.3467573696145125,689.98114,0.06452436745166779
1.3699773242630386,675.67786,0.08355879783630371
1.3931972789115648,709.8244,0.08122624456882477
1.4164172335600906,768.4044,0.055214475840330124
1.4396371882086167,803.60425,0.0561518669128418
1.4628571428571429,796.07446,0.0574520081281662
1.486077097505669,759.7721,0.06642555445432663
1.509297052154195,743.9846,0.06982380151748657
1.5325170068027212,760.78265,0.06431977450847626
1.5557369614512473,778.7289,0.07519787549972534
1.5789569160997732,770.3912,0.07105831801891327
1.6021768707482993,730.5167,0.10882535576820374
1.6253968253968254,687.2466,0.07673634588718414
1.6486167800453515,670.35767,0.07587814331054688
1.6718367346938776,762.48035,0.08929887413978577
1.6950566893424037,695.9915,0.0826171338558197
1.7182766439909298,686.2871,0.05936122685670853
1.7414965986394557,652.9327,0.0359155610203743
1.7647165532879818,620.32074,0.03471483290195465
1.787936507936508,620.64484,0.03371048718690872
1.811156462585034,639.1091,0.03408399224281311
1.8343764172335602,654.65894,0.03746920824050903
1.8575963718820863,799.3137,0.029221244156360626
1.8808163265306124,607.1526,0.022174593061208725
1.9040362811791383,578.01636,0.013578306883573532
1.9272562358276644,574.8735,0.015943259000778198
1.9504761904761905,588.5318,0.020863333716988564
1.9736961451247166,600.1128,0.02534559555351734
1.9969160997732427,594.7233,0.01636648178100586
2.020136054421769,570.68726,0.009476494044065475
2.043356009070295,461.42105,0.008867920376360416
2.066575963718821,586.7499,0.010195709764957428
2.089795918367347,455.94662,0.011485239490866661
2.1130158730158732,712.49426,0.011614968068897724
2.1362358276643993,476.57913,0.009897936135530472
2.159455782312925,460.3127,0.006809266284108162
2.182675736961451,470.72385,0.0034435815177857876
2.2058956916099772,471.0375,0.0036016881931573153
2.2291156462585033,473.04373,0.003916325978934765
2.2523356009070294,483.65927,0.004237092100083828
2.2755555555555556,488.86804,0.0038031763397157192
2.2987755102040817,474.83258,0.00292447442188859
2.3219954648526078,454.00958,0.002278478816151619
2.345215419501134,436.53943,0.002291472628712654
2.36843537414966,428.68985,0.0025087660178542137
2.391655328798186,439.5271,0.0025151041336357594
2.414875283446712,448.34088,0.002337281359359622
2.4380952380952383,444.50922,0.002229090081527829
2.4613151927437644,429.34973,0.001538054901175201
2.48453514739229,442.4611,0.0009824441513046622
2.507755102040816,584.57965,0.0011288798414170742
2.5309750566893423,437.31165,0.0014041070826351643
2.5541950113378684,409.11737,0.0012898710556328297
2.5774149659863945,386.58133,0.000929247064050287
2.6006349206349206,425.13977,0.0009216032922267914
2.6238548752834467,427.78284,0.0007155030034482479
2.647074829931973,406.46143,0.0007410045946016908
2.670294784580499,423.7047,0.0008335865568369627
2.693514739229025,425.43427,0.0008677284349687397
2.716734693877551,429.11087,0.0007659116527065635
2.7399546485260773,301.58102,0.0005501466221176088
2.7631746031746034,393.8606,0.0005349240964278579
2.7863945578231295,426.00464,0.0005073570064269006
2.809614512471655,410.52582,0.00048028689343482256
2.8328344671201813,408.95752,0.00046415909309871495
2.8560544217687074,303.27008,0.0004423063946887851
2.8792743764172335,410.0481,0.00039112207014113665
2.9024943310657596,582.9497,0.00032798171741887927
2.9257142857142857,584.57043,0.00029017601627856493
2.948934240362812,327.58295,0.00031699182000011206
2.972154195011338,426.3066,0.00030698682530783117
2.995374149659864,586.37506,0.0003398053231649101
3.01859410430839,688.17053,0.00046410696813836694
3.0418140589569163,374.38983,0.0004890254931524396
3.0650340136054424,689.0786,0.00045893987407907844
3.0882539682539685,315.45886,0.00032255175756290555
3.1114739229024946,421.21854,0.0002597334678284824
3.1346938775510207,323.5234,0.0002800241927616298
3.1579138321995464,232.70096,0.00033494297531433403
3.1811337868480725,688.8997,0.00041123369010165334
3.2043537414965986,617.69763,0.00040606767288409173
3.2275736961451247,438.6865,0.00043667707359418273
3.250793650793651,299.56143,0.00027299957582727075
3.274013605442177,584.8073,0.00024606092483736575
3.297233560090703,624.23804,0.0003115043218713254
3.320453514739229,697.2917,0.0003729859599843621
3.3436734693877552,314.768,0.00017768917314242572
3.3668934240362813,0.0,8.726083251531236e-06
3.3901133786848074,0.0,3.6214978536008857e-06
3.4133333333333336,0.0,7.312616617127787e-06
3.4365532879818597,0.0,1.3967819540994242e-06
3.4597732426303858,0.0,7.162889232859015e-07
3.4829931972789114,0.0,1.770258677424863e-07
3.5062131519274375,0.0,1.475455064792186e-07
3.5294331065759637,0.0,2.65372364083305e-08
3.5526530612244898,0.0,4.7938556235749274e-08
