0.0,0.0,3.119566827081144e-08
0.023219954648526078,0.0,4.9634763854555786e-08
0.046439909297052155,0.0,5.9108060668222606e-08
0.06965986394557823,0.0,3.326113073853776e-08
0.09287981859410431,0.0,6.730169843649492e-08
0.11609977324263039,0.0,4.229232217767276e-07
0.13931972789115646,0.0,2.5627650757087395e-07
0.16253968253968254,0.0,1.1040992831112817e-06
0.18575963718820862,267.81915,0.0006078160949982703
0.2089795918367347,335.68967,0.0011076679220423102
0.23219954648526078,289.93393,0.001089127967134118
0.25541950113378686,82.83117,0.0011588889174163342
0.2786394557823129,260.43,0.0011716188164427876
0.301859410430839,93.81392,0.0012489926302805543
0.3250793650793651,93.29038,0.0012466961052268744
0.3482993197278912,266.94894,0.001299515599384904
0.37151927437641724,270.8891,0.0015406068414449692
0.3947392290249433,281.1158,0.0019911997951567173
0.4179591836734694,303.0189,0.0022875480353832245
0.44117913832199546,310.96252,0.0026722969487309456
0.46439909297052157,314.09875,0.0027549220249056816
0.4876190476190476,312.60132,0.0026233757380396128
0.5108390022675737,308.31403,0.0025085280649363995
0.5340589569160998,308.39395,0.0024665030650794506
0.5572789115646258,312.46875,0.002861369401216507
0.5804988662131519,319.89542,0.0033002463169395924
0.603718820861678,324.01602,0.0035796710290014744
0.626938775510204,324.84906,0.003581693395972252
0.6501587301587302,324.92294,0.0036502245347946882
0.6733786848072563,324.62573,0.003737290855497122
0.6965986394557824,327.2902,0.00394832156598568
0.7198185941043084,334.05542,0.0051543815061450005
0.7430385487528345,352.3664,0.0074389297515153885
0.7662585034013606,354.72525,0.009604424238204956
0.7894784580498866,356.32126,0.008891281671822071
0.8126984126984127,354.221,0.008706733584403992
0.8359183673469388,352.8224,0.00845547765493393
0.8591383219954649,355.47144,0.009695765562355518
0.8823582766439909,364.72086,0.011596194468438625
0.905578231292517,375.66226,0.012656345032155514
0.9287981859410431,388.03226,0.011286823078989983
0.9520181405895691,390.89233,0.012045774608850479
0.9752380952380952,384.28726,0.012481549754738808
0.9984580498866213,382.03308,0.012494057416915894
1.0216780045351475,388.92288,0.013010483235120773
1.0448979591836736,401.53238,0.017210789024829865
1.0681179138321997,413.65457,0.025931667536497116
1.0913378684807256,427.6229,0.0295306034386158
1.1145578231292517,434.26187,0.027876153588294983
1.1377777777777778,436.06015,0.03180905804038048
1.1609977324263039,439.33127,0.030809717252850533
1.18421768707483,448.08603,0.028093546628952026
1.207437641723356,458.1679,0.025692198425531387
1.2306575963718822,471.97403,0.03124924749135971
1.253877551020408,479.35696,0.035999007523059845
1.2770975056689342,479.05487,0.037940941751003265
1.3003174603174603,475.24292,0.03910873085260391
1.3235374149659864,475.28897,0.038318146020174026
1.3467573696145125,479.77307,0.036437153816223145
1.3699773242630386,489.2082,0.03759365528821945
1.3931972789115648,588.05566,0.05635712295770645
1.4164172335600906,532.343,0.06416817009449005
1.4396371882086167,540.8049,0.06538015604019165
1.4628571428571429,534.2663,0.07995730638504028
1.486077097505669,531.8198,0.08871686458587646
1.509297052154195,533.4164,0.08068880438804626
1.5325170068027212,544.68335,0.0648304894566536
1.5557369614512473,564.15027,0.05828003212809563
1.5789569160997732,36.62609,0.06741484999656677
1.6021768707482993,607.30566,0.08802610635757446
1.6253968253968254,177.85919,0.09544986486434937
1.6486167800453515,550.3052,0.10213647782802582
1.6718367346938776,681.72107,0.10333512723445892
1.6950566893424037,601.26697,0.10249954462051392
1.7182766439909298,600.2874,0.0975349098443985
1.7414965986394557,854.623,0.07427770644426346
1.7647165532879818,547.26855,0.08655214309692383
1.787936507936508,524.3445,0.08810043334960938
1.811156462585034,521.66583,0.08415504544973373
1.8343764172335602,432.48563,0.07274776697158813
1.8575963718820863,536.2185,0.05392897501587868
1.8808163265306124,534.29474,0.05283446982502937
1.9040362811791383,516.4845,0.05454717203974724
1.9272562358276644,485.2384,0.03999919444322586
1.9504761904761905,474.6099,0.03912803903222084
1.9736961451247166,477.00867,0.03845129907131195
1.9969160997732427,480.45105,0.03944593667984009
2.020136054421769,495.34406,0.03807755559682846
2.043356009070295,466.8757,0.0373200997710228
2.066575963718821,480.98212,0.03426915407180786
2.089795918367347,458.95096,0.030635055154561996
2.1130158730158732,445.82608,0.031135588884353638
2.1362358276643993,320.65686,0.03221524506807327
2.159455782312925,444.20013,0.0298443753272295
2.182675736961451,441.52914,0.029635876417160034
2.2058956916099772,434.3299,0.02820652723312378
2.2291156462585033,421.24478,0.026557881385087967
2.2523356009070294,401.2447,0.01819692552089691
2.2755555555555556,392.38876,0.014573078602552414
2.2987755102040817,391.46805,0.013838566839694977
2.3219954648526078,391.75803,0.013345890678465366
2.345215419501134,390.5998,0.012152077630162239
2.36843537414966,386.2196,0.010767328552901745
2.391655328798186,377.7583,0.010095281526446342
2.414875283446712,365.58307,0.010601414367556572
2.4380952380952383,366.45544,0.008535872213542461
2.4613151927437644,357.0685,0.007600432261824608
2.48453514739229,358.02997,0.007577985525131226
2.507755102040816,352.38104,0.0064131394028663635
2.5309750566893423,351.91626,0.005581074859946966
2.5541950113378684,344.43573,0.0046731275506317616
2.5774149659863945,343.695,0.0039019808173179626
2.6006349206349206,337.65454,0.003606146899983287
2.6238548752834467,339.38785,0.0036792822647839785
2.647074829931973,339.52567,0.003534237388521433
2.670294784580499,331.9269,0.0027761992532759905
2.693514739229025,325.0178,0.00229859771206975
2.716734693877551,311.66467,0.0018917046254500747
2.7399546485260773,306.68243,0.0017278087325394154
2.7631746031746034,308.4465,0.0018118963344022632
2.7863945578231295,313.78873,0.0018841852433979511
2.809614512471655,311.71478,0.0017392763402312994
2.8328344671201813,300.1095,0.001306808553636074
2.8560544217687074,267.73874,0.0009685384575277567
2.8792743764172335,212.1427,0.0007135729538276792
2.9024943310657596,251.51512,0.000802671245764941
2.9257142857142857,254.87065,0.0008411990711465478
2.948934240362812,44.548466,0.0007881580386310816
2.972154195011338,332.1182,0.0008284826762974262
2.995374149659864,269.32526,0.0009696509223431349
3.01859410430839,160.53986,0.0008943108841776848
3.0418140589569163,267.1869,0.0007519060163758695
3.0650340136054424,262.09323,0.0006327510927803814
3.0882539682539685,257.01404,0.0005689653335139155
3.1114739229024946,258.52585,0.0005547920591197908
3.1346938775510207,331.97604,0.0006135257426649332
3.1579138321995464,268.5267,0.0008367293630726635
3.1811337868480725,315.12292,0.0008770361309871078
3.2043537414965986,271.72827,0.0007635640795342624
3.2275736961451247,224.88695,0.0005632000975310802
3.250793650793651,188.60861,0.0004251333884894848
3.274013605442177,251.81659,0.0004333177348598838
3.297233560090703,254.39693,0.0004814675485249609
3.320453514739229,263.3201,0.0004784235206898302
3.3436734693877552,270.6528,0.0005676370346918702
3.3668934240362813,272.59866,0.0005505785811692476
3.3901133786848074,263.7676,0.00034229643642902374
3.4133333333333336,253.19586,0.0002464295830577612
3.4365532879818597,215.78511,0.0002930016489699483
3.4597732426303858,336.82938,0.0003106537915300578
3.4829931972789114,269.07828,0.00036878202809020877
3.5062131519274375,340.43692,0.0003701040695887059
3.5294331065759637,268.94894,5.1675182476174086e-05
3.5526530612244898,49.432934,4.7527359129162505e-05
3.575873015873016,27.241095,7.082016963977367e-05
3.599092970521542,21.533203,3.742138505913317e-05
3.622312925170068,21.533203,3.376726454007439e-05
3.645532879818594,0.0,8.053018973441795e-06
3.6687528344671203,0.0,1.5533778423559852e-06
3.6919727891156464,0.0,6.150030458229594e-07
3.7151927437641725,0.0,2.174074325012043e-07
3.7384126984126986,0.0,2.7312125894241035e-07
3.7616326530612247,0.0,2.9742750484729186e-07
3.784852607709751,0.0,4.3991349230054766e-08
3.8080725623582765,0.0,1.9904291548300534e-08
3.8312925170068026,0.0,2.9619513952638954e-08
3.8545124716553287,0.0,4.1555722418706864e-08
3.877732426303855,0.0,2.3090251488611102e-08
3.900952380952381,0.0,1.18525349535048e-08
