0.0,0.0,8.045299182413146e-08
0.023219954648526078,0.0,6.01767169428058e-08
0.046439909297052155,0.0,4.470348358154297e-08
0.06965986394557823,0.0,3.026707418030128e-08
0.09287981859410431,0.0,1.785338099580258e-08
0.11609977324263039,0.0,9.95978552964516e-08
0.13931972789115646,0.0,1.7312322597717866e-07
0.16253968253968254,0.0,4.761750460602343e-08
0.18575963718820862,0.0,5.020046955905855e-08
0.2089795918367347,0.0,1.3881981431040913e-07
0.23219954648526078,254.20753,0.0001420479384250939
0.25541950113378686,826.318,0.000738440197892487
0.2786394557823129,356.11017,0.00168301397934556
0.301859410430839,1058.4963,0.0030916687101125717
0.3250793650793651,883.7829,0.004284543916583061
0.3482993197278912,983.38226,0.0058449916541576385
0.37151927437641724,1006.75366,0.009134221822023392
0.3947392290249433,1047.2117,0.01209290325641632
0.4179591836734694,1083.8367,0.008429216220974922
0.44117913832199546,759.2762,0.004154598340392113
0.46439909297052157,959.5616,0.0011327090905979276
0.4876190476190476,1015.6041,0.003793977666646242
0.5108390022675737,403.48383,0.009359091520309448
0.5340589569160998,1173.8124,0.011290986090898514
0.5572789115646258,1126.4374,0.009550489485263824
0.5804988662131519,1085.9061,0.010166751220822334
0.603718820861678,1128.2961,0.011943040415644646
0.626938775510204,1128.4178,0.015848204493522644
0.6501587301587302,1143.9993,0.019761016592383385
0.6733786848072563,1272.773,0.020009499043226242
0.6965986394557824,419.5966,0.017436765134334564
0.7198185941043084,412.2082,0.025048334151506424
0.7430385487528345,1223.6051,0.025576770305633545
0.7662585034013606,1269.9489,0.021660558879375458
0.7894784580498866,1257.18,0.021840203553438187
0.8126984126984127,189.38504,0.024101562798023224
0.8359183673469388,1029.4531,0.027969833463430405
0.8591383219954649,1293.3972,0.02709883823990822
0.8823582766439909,1002.7142,0.032465022057294846
0.905578231292517,1039.4373,0.039860110729932785
0.9287981859410431,1275.7697,0.03743666410446167
0.9520181405895691,1016.3099,0.03294018656015396
0.9752380952380952,1000.4005,0.02844906412065029
0.9984580498866213,990.53894,0.03730936348438263
1.0216780045351475,1073.1115,0.053306907415390015
1.0448979591836736,1119.1954,0.0676177442073822
1.0681179138321997,1205.2397,0.08270260691642761
1.0913378684807256,1120.6453,0.07014163583517075
1.1145578231292517,1112.239,0.07363532483577728
1.1377777777777778,1079.3802,0.0748710185289383
1.1609977324263039,1211.6299,0.11292849481105804
1.18421768707483,1120.0964,0.1342122107744217
1.207437641723356,262.13336,0.16714593768119812
1.2306575963718822,1286.5538,0.14908365905284882
1.253877551020408,425.01056,0.11766593158245087
1.2770975056689342,1252.3673,0.16717678308486938
1.3003174603174603,1279.3999,0.19518497586250305
1.3235374149659864,512.37494,0.20156371593475342
1.3467573696145125,725.9965,0.2783293128013611
1.3699773242630386,1272.2354,0.3104076385498047
1.3931972789115648,1278.274,0.32693490386009216
1.4164172335600906,1291.4185,0.3283698558807373
1.4396371882086167,1158.5353,0.17079892754554749
1.4628571428571429,801.29315,0.14669382572174072
1.486077097505669,817.33386,0.18392258882522583
1.509297052154195,796.9698,0.2579776644706726
1.5325170068027212,1121.2496,0.2964165508747101
1.5557369614512473,1286.567,0.2584855556488037
1.5789569160997732,781.5754,0.26434576511383057
1.6021768707482993,442.02115,0.2702973484992981
1.6253968253968254,775.78296,0.32364314794540405
1.6486167800453515,501.68793,0.35743117332458496
1.6718367346938776,203.43335,0.286609411239624
1.6950566893424037,269.30228,0.35370534658432007
1.7182766439909298,522.2239,0.3640274107456207
1.7414965986394557,547.4009,0.39029914140701294
1.7647165532879818,1254.1917,0.34157806634902954
1.787936507936508,464.0385,0.13182921707630157
1.811156462585034,613.0963,0.125274658203125
1.8343764172335602,1254.3492,0.1744517982006073
1.8575963718820863,1249.085,0.270264595746994
1.8808163265306124,460.14258,0.2805888056755066
1.9040362811791383,1307.5288,0.1925957202911377
1.9272562358276644,1148.2515,0.07894398272037506
1.9504761904761905,389.2613,0.08060374855995178
1.9736961451247166,52.371353,0.08972461521625519
1.9969160997732427,1103.3281,0.09656641632318497
2.020136054421769,1142.087,0.08989931643009186
2.043356009070295,38.927902,0.06626591086387634
2.066575963718821,1130.1826,0.04409562051296234
2.089795918367347,381.34964,0.04713448882102966
2.1130158730158732,463.39905,0.049026008695364
2.1362358276643993,378.07407,0.04602214694023132
2.159455782312925,1077.4182,0.04295661300420761
2.182675736961451,1056.3809,0.036714859306812286
2.2058956916099772,1044.4081,0.03530137985944748
2.2291156462585033,914.9546,0.04332193732261658
2.2523356009070294,968.9337,0.04053975269198418
2.2755555555555556,1139.996,0.03248492255806923
2.2987755102040817,1169.662,0.03298422694206238
2.3219954648526078,794.4635,0.036791376769542694
2.345215419501134,274.03296,0.0386209711432457
2.36843537414966,1235.5718,0.04314635694026947
2.391655328798186,849.79333,0.03840595483779907
2.414875283446712,1238.5162,0.034765612334012985
2.4380952380952383,1266.9763,0.035810425877571106
2.4613151927437644,1229.3385,0.03398975729942322
2.48453514739229,1141.7101,0.025742989033460617
2.507755102040816,1143.2224,0.022931726649403572
2.5309750566893423,1144.127,0.02470855787396431
2.5541950113378684,1224.3558,0.020602302625775337
2.5774149659863945,1099.8989,0.015359500423073769
2.6006349206349206,231.91182,0.011825093068182468
2.6238548752834467,859.897,0.008783189579844475
2.647074829931973,781.4541,0.0070803724229335785
2.670294784580499,1095.4656,0.0051252273842692375
2.693514739229025,1149.5817,0.005675464868545532
2.716734693877551,1146.9586,0.0059934076853096485
2.7399546485260773,326.55612,0.006374218035489321
2.7631746031746034,992.9749,0.009404325857758522
2.7863945578231295,358.3086,0.009534751996397972
2.809614512471655,995.9667,0.008070428855717182
2.8328344671201813,953.6207,0.006254023872315884
2.8560544217687074,841.94507,0.0046007344499230385
2.8792743764172335,443.77954,0.0041240062564611435
2.9024943310657596,696.45264,0.004592204466462135
2.9257142857142857,920.6735,0.005957577843219042
2.948934240362812,358.96854,0.008473105728626251
2.972154195011338,369.99704,0.007632390595972538
2.995374149659864,363.9925,0.007450465112924576
3.01859410430839,340.0983,0.0045333318412303925
3.0418140589569163,850.4392,0.003268307773396373
3.0650340136054424,861.4563,0.003145152237266302
3.0882539682539685,888.50757,0.0041724564507603645
3.1114739229024946,755.65753,0.006038437597453594
3.1346938775510207,913.3661,0.005558568984270096
3.1579138321995464,229.28076,0.0047935377806425095
3.1811337868480725,776.2468,0.003195356810465455
3.2043537414965986,823.266,0.0026183663867413998
3.2275736961451247,849.3818,0.003799060359597206
3.250793650793651,821.712,0.004729879088699818
3.274013605442177,975.8706,0.0007632707129232585
3.297233560090703,298.64236,1.1591732800297905e-05
3.320453514739229,22.206339,2.3898155632195994e-05
3.3436734693877552,54.58743,0.00015655349125154316
3.3668934240362813,21.533203,0.00012707682617474347
3.3901133786848074,21.543932,5.1139784773113206e-05
3.4133333333333336,21.533203,2.747109829215333e-05
3.4365532879818597,0.0,4.9786685849539936e-06
3.4597732426303858,0.0,3.658826244645752e-06
3.4829931972789114,0.0,9.333716661785729e-07
3.5062131519274375,0.0,2.5390090740984306e-07
3.5294331065759637,0.0,1.0589519661152735e-07
