0.0,0.0,2.3140273697208613e-08
0.023219954648526078,0.0,1.4089891919866204e-08
0.046439909297052155,0.0,1.448279363103211e-08
0.06965986394557823,0.0,1.477474143030122e-08
0.09287981859410431,0.0,1.1950760381296277e-08
0.11609977324263039,0.0,4.26935002906248e-08
0.13931972789115646,0.0,4.237790562910959e-08
0.16253968253968254,0.0,1.9000253814738244e-08
0.18575963718820862,0.0,5.128276825416833e-08
0.2089795918367347,336.37933,9.919724834617227e-05
0.23219954648526078,826.00085,0.0004816188011318445
0.25541950113378686,352.4162,0.000767308403737843
0.2786394557823129,681.27704,0.000918826088309288
0.301859410430839,369.48257,0.0011171826627105474
0.3250793650793651,621.6558,0.001167168142274022
0.3482993197278912,673.6603,0.0012015567626804113
0.37151927437641724,669.0391,0.001208895817399025
0.3947392290249433,1104.4297,0.0011672911932691932
0.4179591836734694,713.1255,0.0011680417228490114
0.44117913832199546,732.5591,0.0013499762862920761
0.46439909297052157,716.496,0.001924254116602242
0.4876190476190476,710.9644,0.002052146475762129
0.5108390022675737,692.0051,0.0020735934376716614
0.5340589569160998,449.2081,0.002026264788582921
0.5572789115646258,380.75986,0.002230324549600482
0.5804988662131519,700.9262,0.00290412874892354
0.603718820861678,737.36285,0.003905233461409807
0.626938775510204,720.9699,0.004833684302866459
0.6501587301587302,1069.7318,0.0041543664410710335
0.6733786848072563,993.2351,0.00371331418864429
0.6965986394557824,441.46445,0.003782723331823945
0.7198185941043084,784.3033,0.004962424747645855
0.7430385487528345,1010.0385,0.007230734918266535
0.7662585034013606,1027.85,0.015481214970350266
0.7894784580498866,1042.7267,0.01444055512547493
0.8126984126984127,344.40686,0.006234503351151943
0.8359183673469388,1059.6089,0.005203195847570896
0.8591383219954649,854.39124,0.00541323097422719
0.8823582766439909,987.9699,0.008975718170404434
0.905578231292517,920.1014,0.020905207842588425
0.9287981859410431,49.675392,0.025552965700626373
0.9520181405895691,1111.3318,0.02679222822189331
0.9752380952380952,374.16858,0.022146757692098618
0.9984580498866213,368.49283,0.013494633138179779
1.0216780045351475,515.65735,0.017389221116900444
1.0448979591836736,397.68817,0.02860407903790474
1.0681179138321997,82.22282,0.028590254485607147
1.0913378684807256,605.3162,0.02683383598923683
1.1145578231292517,533.23315,0.03206947445869446
1.1377777777777778,1181.8079,0.04358222335577011
1.1609977324263039,172.77731,0.05959811061620712
1.18421768707483,1172.4867,0.055321045219898224
1.207437641723356,232.7088,0.04543270915746689
1.2306575963718822,639.1929,0.03662123531103134
1.253877551020408,651.7231,0.04311998561024666
1.2770975056689342,644.34644,0.05093463882803917
1.3003174603174603,1224.7638,0.07605183124542236
1.3235374149659864,1220.2443,0.07724405825138092
1.3467573696145125,250.11609,0.06702041625976562
1.3699773242630386,252.58139,0.08187725394964218
1.3931972789115648,720.9809,0.09725745022296906
1.4164172335600906,716.9279,0.1090172529220581
1.4396371882086167,146.71414,0.08505657315254211
1.4628571428571429,1166.8512,0.09474654495716095
1.486077097505669,719.4023,0.0879199355840683
1.509297052154195,754.16846,0.06383933126926422
1.5325170068027212,800.98474,0.06499624997377396
1.5557369614512473,804.62103,0.07088395953178406
1.5789569160997732,790.8806,0.07919330894947052
1.6021768707482993,778.8405,0.08771828562021255
1.6253968253968254,783.246,0.08541519939899445
1.6486167800453515,795.59143,0.0740102082490921
1.6718367346938776,802.96533,0.07007285952568054
1.6950566893424037,791.3205,0.07824859023094177
1.7182766439909298,759.74194,0.09106642752885818
1.7414965986394557,207.37636,0.15791888535022736
1.7647165532879818,716.12427,0.15084677934646606
1.787936507936508,721.91425,0.12149171531200409
1.811156462585034,723.51587,0.12083731591701508
1.8343764172335602,713.7617,0.10966620594263077
1.8575963718820863,200.77847,0.101655974984169
1.8808163265306124,1062.5505,0.09908422827720642
1.9040362811791383,1303.1807,0.09659212827682495
1.9272562358276644,265.64252,0.07340216636657715
1.9504761904761905,536.2482,0.06898470222949982
1.9736961451247166,467.0034,0.06797182559967041
1.9969160997732427,433.58902,0.03454070910811424
2.020136054421769,858.444,0.02579929120838642
2.043356009070295,1135.0022,0.0418117493391037
2.066575963718821,1210.2463,0.06402529031038284
2.089795918367347,1004.379,0.06291703879833221
2.1130158730158732,503.73123,0.04298582673072815
2.1362358276643993,227.53741,0.012413029558956623
2.159455782312925,528.08923,0.00784950889647007
2.182675736961451,942.4901,0.009008312597870827
2.2058956916099772,807.1722,0.013492667116224766
2.2291156462585033,497.14966,0.020791485905647278
2.2523356009070294,1029.07,0.018433310091495514
2.2755555555555556,373.57465,0.007856816053390503
2.2987755102040817,153.32314,0.003524606116116047
2.3219954648526078,855.5976,0.0030669046100229025
2.345215419501134,470.33554,0.003004609141498804
2.36843537414966,475.48206,0.0030615960713475943
2.391655328798186,920.99664,0.0031223101541399956
2.414875283446712,307.15793,0.0026586856693029404
2.4380952380952383,459.46924,0.002149867592379451
2.4613151927437644,305.04868,0.0018482869490981102
2.48453514739229,436.886,0.0016881866613402963
2.507755102040816,308.13928,0.0015611285343766212
2.5309750566893423,445.21777,0.0016021484043449163
2.5541950113378684,839.56024,0.0014657385181635618
2.5774149659863945,718.7405,0.0013574024196714163
2.6006349206349206,695.1668,0.0013039868790656328
2.6238548752834467,692.92163,0.0010988556314259768
2.647074829931973,367.19586,0.0010436446173116565
2.670294784580499,589.1321,0.0008128309273160994
2.693514739229025,272.3718,0.000710438413079828
2.716734693877551,254.28958,0.0007201345870271325
2.7399546485260773,675.7272,0.0007822220795787871
2.7631746031746034,622.2638,0.0007512876763939857
2.7863945578231295,682.81104,0.000789281097240746
2.809614512471655,1059.9971,0.0006926192436367273
2.8328344671201813,719.98145,0.000739597249776125
2.8560544217687074,217.71915,0.000866469694301486
2.8792743764172335,111.40897,0.0007587445434182882
2.9024943310657596,342.89166,0.0007332907407544553
2.9257142857142857,365.56995,0.0006892431993037462
2.948934240362812,812.95807,0.0006709289737045765
2.972154195011338,354.02496,0.0006622649962082505
2.995374149659864,699.0477,0.0006534182466566563
3.01859410430839,1038.6914,0.0006515932036563754
3.0418140589569163,348.61148,0.0005544780287891626
3.0650340136054424,345.4114,0.0004178220115136355
3.0882539682539685,696.29297,0.00034179980866611004
3.1114739229024946,714.4033,0.00037737254751846194
3.1346938775510207,647.2307,0.0005321460776031017
3.1579138321995464,1001.8539,0.0006105147767812014
3.1811337868480725,675.87683,0.000529927434399724
3.2043537414965986,362.63477,0.0005047515733167529
3.2275736961451247,702.7528,0.00044999178498983383
3.250793650793651,213.19711,0.0003551703121047467
3.274013605442177,338.02454,0.00032296584686264396
3.297233560090703,585.60815,0.00037606339901685715
3.320453514739229,351.95508,0.0003443569003138691
3.3436734693877552,711.8929,0.0002837424981407821
3.3668934240362813,365.77405,0.0003166426613461226
3.3901133786848074,355.0776,0.000313171767629683
3.4133333333333336,345.75497,0.0001743977190926671
3.4365532879818597,320.56772,0.0001682767760939896
3.4597732426303858,337.05096,0.00019629733287729323
3.4829931972789114,343.68304,0.0002987470361404121
3.5062131519274375,356.23523,0.0002524520386941731
3.5294331065759637,355.7763,0.00018281792290508747
3.5526530612244898,991.024,0.00010820959869306535
3.575873015873016,340.7595,9.591801790520549e-05
3.599092970521542,351.98312,9.862372098723426e-05
3.622312925170068,358.80914,3.8231653888942674e-05
3.645532879818594,0.0,1.700085704214871e-06
3.6687528344671203,0.0,8.75610567163676e-07
3.6919727891156464,0.0,3.396353349671699e-07
3.7151927437641725,0.0,2.0349853002699092e-07
3.7384126984126986,0.0,4.389112291391939e-07
3.7616326530612247,0.0,1.1112751963082701e-07
3.784852607709751,0.0,5.411857273429632e-08
3.8080725623582765,0.0,7.874405127950013e-09
