0.0,0.0,1.1914016795344651e-07
0.023219954648526078,0.0,1.9277740648249164e-07
0.046439909297052155,0.0,9.166524250758812e-08
0.06965986394557823,0.0,4.478715709410608e-08
0.09287981859410431,0.0,3.9077349356375635e-08
0.11609977324263039,0.0,9.471204975852743e-08
0.13931972789115646,0.0,3.6186702345730737e-07
0.16253968253968254,325.53857,3.7493809941224754e-05
0.18575963718820862,353.09668,0.00010074889723910019
0.2089795918367347,271.46387,0.00013415880675893277
0.23219954648526078,349.9532,0.00016046551172621548
0.25541950113378686,348.85822,0.00017946407024282962
0.2786394557823129,147.84253,0.00022130746219772846
0.301859410430839,407.8109,0.0002594335237517953
0.3250793650793651,385.80106,0.00033154396805912256
0.3482993197278912,311.37064,0.0003817332908511162
0.37151927437641724,310.74893,0.0004033051081933081
0.3947392290249433,413.75516,0.000409199419664219
0.4179591836734694,395.70047,0.00036028094473294914
0.44117913832199546,415.31296,0.0003450472140684724
0.46439909297052157,414.73343,0.0007566139101982117
0.4876190476190476,439.46887,0.0009750340832397342
0.5108390022675737,456.77866,0.001150269526988268
0.5340589569160998,452.6228,0.0013517701299861073
0.5572789115646258,445.7853,0.001622871495783329
0.5804988662131519,444.0866,0.0019515060121193528
0.603718820861678,448.072,0.0024552098475396633
0.626938775510204,450.53186,0.002440474694594741
0.6501587301587302,450.1004,0.0019187459256500006
0.6733786848072563,423.97397,0.002689467743039131
0.6965986394557824,603.4662,0.007163754664361477
0.7198185941043084,548.7362,0.0105548445135355
0.7430385487528345,554.17914,0.012141358107328415
0.7662585034013606,458.44656,0.008447470143437386
0.7894784580498866,587.4333,0.008305570110678673
0.8126984126984127,520.49677,0.011873237788677216
0.8359183673469388,627.81396,0.017211327329277992
0.8591383219954649,550.1419,0.01551954634487629
0.8823582766439909,196.73085,0.003378230147063732
0.905578231292517,529.72626,0.0034726085141301155
0.9287981859410431,590.3827,0.011568976566195488
0.9520181405895691,678.49524,0.0449252612888813
0.9752380952380952,698.6267,0.06539692729711533
0.9984580498866213,695.6702,0.07363787293434143
1.0216780045351475,691.4919,0.08382618427276611
1.0448979591836736,700.09106,0.10079087316989899
1.0681179138321997,706.50684,0.11099490523338318
1.0913378684807256,945.6848,0.13228259980678558
1.1145578231292517,696.5241,0.1478765904903412
1.1377777777777778,691.2291,0.12563374638557434
1.1609977324263039,687.80475,0.08339425176382065
1.18421768707483,674.09564,0.021283552050590515
1.207437641723356,606.5667,0.017511874437332153
1.2306575963718822,656.0894,0.0082379300147295
1.253877551020408,526.9891,0.00961575098335743
1.2770975056689342,537.2569,0.014243907295167446
1.3003174603174603,547.7801,0.013154478743672371
1.3235374149659864,562.57495,0.008548391982913017
1.3467573696145125,473.4445,0.0068244049325585365
1.3699773242630386,450.1224,0.005935363471508026
1.3931972789115648,458.7655,0.007358941249549389
1.4164172335600906,621.31464,0.007601927034556866
1.4396371882086167,451.6305,0.007052827626466751
1.4628571428571429,373.31967,0.0063912030309438705
1.486077097505669,481.05496,0.004188180901110172
1.509297052154195,476.4221,0.002164617646485567
1.5325170068027212,445.78348,0.0018134147394448519
1.5557369614512473,429.7279,0.0014552503125742078
1.5789569160997732,431.1784,0.0019070939160883427
1.6021768707482993,437.46707,0.001846961211413145
1.6253968253968254,436.60257,0.0015359874814748764
1.6486167800453515,431.84222,0.0017438835930079222
1.6718367346938776,425.44653,0.0016322568990290165
1.6950566893424037,422.28265,0.0013564425753429532
1.7182766439909298,2215.592,0.0012842975556850433
1.7414965986394557,423.37277,0.0010517376940697432
1.7647165532879818,499.86115,0.0007987192366272211
1.787936507936508,416.03223,0.0003383989678695798
1.811156462585034,421.78854,0.00020766000670846552
1.8343764172335602,336.7061,0.0001879463961813599
1.8575963718820863,326.4184,0.00017563844448886812
1.8808163265306124,335.39255,0.00016616744687780738
1.9040362811791383,869.88727,0.0001624668948352337
1.9272562358276644,433.87778,0.00015782595437485725
1.9504761904761905,353.71838,0.00015970806998666376
1.9736961451247166,311.58746,0.00014627569180447608
1.9969160997732427,340.62128,0.00013033050345256925
2.020136054421769,334.98367,8.982360304798931e-05
2.043356009070295,336.79358,8.010137389646843e-05
2.066575963718821,342.9746,7.623975398018956e-05
2.089795918367347,680.32574,7.469542470062152e-05
2.1130158730158732,385.44028,4.882473876932636e-05
2.1362358276643993,374.9549,4.873488796874881e-05
2.159455782312925,357.9562,5.893779234611429e-05
2.182675736961451,332.14047,5.851591777172871e-05
2.2058956916099772,321.34448,4.846324009122327e-05
2.2291156462585033,321.29492,2.667687658686191e-05
2.2523356009070294,357.12924,2.2371121303876862e-05
2.2755555555555556,0.0,9.02630290511297e-06
2.2987755102040817,0.0,5.905421858187765e-07
2.3219954648526078,0.0,2.3216034605866298e-07
2.345215419501134,0.0,6.801747076679021e-08
2.36843537414966,0.0,8.011647878447548e-08
2.391655328798186,0.0,1.0495659807929769e-07
2.414875283446712,0.0,1.3358203432289883e-07
2.4380952380952383,0.0,2.0975221559638157e-07
2.4613151927437644,0.0,8.646293281344697e-08
2.48453514739229,0.0,6.961727194720879e-08
2.507755102040816,0.0,4.839967004954815e-08
