0.0,0.0,9.360610420117155e-08
0.023219954648526078,0.0,1.9149501895299181e-07
0.046439909297052155,0.0,1.0862277122214437e-07
0.06965986394557823,0.0,1.2208420230308548e-07
0.09287981859410431,0.0,2.2111726138973609e-07
0.11609977324263039,24.798855,3.138933243462816e-05
0.13931972789115646,56.00105,0.00026255048578605056
0.16253968253968254,569.01135,0.0003563826030585915
0.18575963718820862,602.1525,0.0004203536082059145
0.2089795918367347,621.57666,0.0004680101992562413
0.23219954648526078,362.54745,0.0004457023460417986
0.25541950113378686,362.60028,0.0004909008275717497
0.2786394557823129,363.52078,0.0005149712087586522
0.301859410430839,365.34436,0.0005932337371632457
0.3250793650793651,367.85782,0.0005613905377686024
0.3482993197278912,362.59555,0.00042920937994495034
0.37151927437641724,365.25583,0.0005366039695218205
0.3947392290249433,781.61743,0.0015745856799185276
0.4179591836734694,889.95734,0.003630541730672121
0.44117913832199546,51.10425,0.005445284768939018
0.46439909297052157,315.81384,0.004557428415864706
0.4876190476190476,908.6662,0.003258742159232497
0.5108390022675737,873.5146,0.003225110936909914
0.5340589569160998,706.80194,0.0036628800444304943
0.5572789115646258,866.07306,0.003846426261588931
0.5804988662131519,935.1214,0.0031175671610981226
0.603718820861678,888.407,0.006409171037375927
0.626938775510204,365.96085,0.014124204404652119
0.6501587301587302,1033.4071,0.012702973559498787
0.6733786848072563,1074.029,0.01880963146686554
0.6965986394557824,1066.6167,0.024846307933330536
0.7198185941043084,1016.7918,0.023121163249015808
0.7430385487528345,1052.1416,0.02485758438706398
0.7662585034013606,1035.993,0.03086400404572487
0.7894784580498866,1043.8744,0.029808228835463524
0.8126984126984127,1037.4146,0.01415190752595663
0.8359183673469388,1048.1686,0.02175041474401951
0.8591383219954649,86.49565,0.013280628249049187
0.8823582766439909,1070.1829,0.01939128153026104
0.905578231292517,711.592,0.03401699662208557
0.9287981859410431,266.45923,0.04670993983745575
0.9520181405895691,1159.5461,0.06343923509120941
0.9752380952380952,1290.2936,0.07989335060119629
0.9984580498866213,704.20355,0.09254951030015945
1.0216780045351475,1147.7399,0.0900452584028244
1.0448979591836736,706.2975,0.07741621136665344
1.0681179138321997,873.6435,0.06139552593231201
1.0913378684807256,1255.6455,0.06741490215063095
1.1145578231292517,1164.5957,0.039225295186042786
1.1377777777777778,395.4633,0.015507802367210388
1.1609977324263039,724.9254,0.01987152174115181
1.18421768707483,1099.5504,0.034057579934597015
1.207437641723356,1110.9988,0.04148058220744133
1.2306575963718822,1055.0494,0.03493266552686691
1.253877551020408,1083.6998,0.03432023525238037
1.2770975056689342,1075.671,0.033436041325330734
1.3003174603174603,1067.1344,0.03690032660961151
1.3235374149659864,1085.1194,0.04300501197576523
1.3467573696145125,1051.7947,0.039834633469581604
1.3699773242630386,1054.6058,0.02139069326221943
1.3931972789115648,990.78845,0.005545538384467363
1.4164172335600906,21.533203,0.003369658486917615
1.4396371882086167,819.7474,0.0034701067488640547
1.4628571428571429,350.18326,0.003949920646846294
1.486077097505669,818.72107,0.0038825049996376038
1.509297052154195,318.85016,0.002960328944027424
1.5325170068027212,892.22217,0.0023848526179790497
1.5557369614512473,826.9653,0.001967785879969597
1.5789569160997732,446.16306,0.002071140334010124
1.6021768707482993,763.59644,0.0023187357001006603
1.6253968253968254,451.12787,0.0027005639858543873
1.6486167800453515,322.88852,0.002584163099527359
1.6718367346938776,847.5625,0.0014241128228604794
1.6950566893424037,122.92503,0.0005238216836005449
1.7182766439909298,1111.2294,0.0006466954946517944
1.7414965986394557,365.88083,0.000805394840426743
1.7647165532879818,367.74338,0.0007208154420368373
1.787936507936508,369.07126,0.000525128620211035
1.811156462585034,366.66708,0.00042837735963985324
1.8343764172335602,360.53,0.0004371086251921952
1.8575963718820863,355.17383,0.0003333239583298564
1.8808163265306124,351.58188,0.0002708018000703305
1.9040362811791383,354.1941,0.00019944566884078085
1.9272562358276644,362.39294,0.00014071485202293843
1.9504761904761905,369.7911,0.0001354309351881966
1.9736961451247166,367.92514,0.0001466300163883716
1.9969160997732427,360.05826,0.0002101900608977303
2.020136054421769,348.57452,0.00019531470024958253
2.043356009070295,336.10675,7.418986933771521e-05
2.066575963718821,335.36398,6.177470640977845e-05
2.089795918367347,349.33322,0.0001267267798539251
2.1130158730158732,362.4239,8.344624075107276e-05
2.1362358276643993,364.96756,2.9177816031733528e-05
2.159455782312925,0.0,7.599493983434513e-06
2.182675736961451,0.0,6.310656317509711e-07
2.2058956916099772,0.0,1.5916248230496421e-07
2.2291156462585033,0.0,1.7362708604196087e-07
2.2523356009070294,0.0,1.3013777788728476e-07
2.2755555555555556,0.0,1.50179403135553e-07
2.2987755102040817,0.0,7.461858331225812e-08
2.3219954648526078,0.0,7.541166269220412e-08
2.345215419501134,0.0,2.7258465706836432e-08
2.36843537414966,0.0,7.899325282778591e-08
2.391655328798186,0.0,1.4891247701598331e-07
2.414875283446712,0.0,1.0185613064095378e-07
2.4380952380952383,0.0,5.3032636060379446e-09
