0.0,0.0,1.5091973182279617e-07
0.023219954648526078,0.0,3.3280775824096054e-07
0.046439909297052155,0.0,2.501074050087482e-07
0.06965986394557823,0.0,2.7551686798688024e-07
0.09287981859410431,0.0,3.118557287962176e-07
0.11609977324263039,0.0,3.085033313254826e-07
0.13931972789115646,0.0,5.54196049051825e-07
0.16253968253968254,0.0,7.535663826274686e-07
0.18575963718820862,0.0,6.586387826246209e-07
0.2089795918367347,0.0,8.826254997984506e-07
0.23219954648526078,0.0,6.966765795368701e-07
0.25541950113378686,0.0,4.4926946429768577e-07
0.2786394557823129,0.0,3.984005161328241e-07
0.301859410430839,0.0,2.9899638320785016e-07
0.3250793650793651,0.0,1.5100795280886814e-07
0.3482993197278912,0.0,4.6211425797082484e-08
0.37151927437641724,0.0,1.4403758541448042e-07
0.3947392290249433,0.0,1.1100473784608766e-07
0.4179591836734694,0.0,1.9293111108709127e-07
0.44117913832199546,0.0,3.8592952478211373e-07
0.46439909297052157,180.29907,0.0006076361169107258
0.4876190476190476,498.54224,0.0025777160190045834
0.5108390022675737,541.7312,0.003057613270357251
0.5340589569160998,535.7018,0.0029668984934687614
0.5572789115646258,533.2962,0.002829027594998479
0.5804988662131519,583.2156,0.0030350442975759506
0.603718820861678,518.52954,0.0028678863309323788
0.626938775510204,422.81833,0.0024385242722928524
0.6501587301587302,270.8208,0.0025376342236995697
0.6733786848072563,613.42236,0.0013206838630139828
0.6965986394557824,195.97769,0.0016513695009052753
0.7198185941043084,659.19366,0.001877188915386796
0.7430385487528345,318.42352,0.0015685658436268568
0.7662585034013606,865.5771,0.001398884691298008
0.7894784580498866,326.46036,0.0019334785174578428
0.8126984126984127,339.88684,0.003920747898519039
0.8359183673469388,1004.285,0.0030654664151370525
0.8591383219954649,154.75803,0.004014795646071434
0.8823582766439909,407.0687,0.005881455261260271
0.905578231292517,406.7577,0.00582919642329216
0.9287981859410431,512.634,0.005617179442197084
0.9520181405895691,681.03046,0.0050952499732375145
0.9752380952380952,400.75278,0.005587372928857803
0.9984580498866213,429.70236,0.004453608766198158
1.0216780045351475,480.41418,0.008672842755913734
1.0448979591836736,502.91766,0.016869375482201576
1.0681179138321997,421.80173,0.020907072350382805
1.0913378684807256,440.1727,0.019065147265791893
1.1145578231292517,507.97736,0.015664413571357727
1.1377777777777778,512.0703,0.017675604671239853
1.1609977324263039,461.17435,0.01863577961921692
1.18421768707483,180.12907,0.010595843195915222
1.207437641723356,146.49146,0.004495481960475445
1.2306575963718822,421.33344,0.008031724020838737
1.253877551020408,609.6434,0.012799487449228764
1.2770975056689342,345.1137,0.010256165638566017
1.3003174603174603,413.76096,0.008196579292416573
1.3235374149659864,408.99255,0.007935980334877968
1.3467573696145125,406.54318,0.007670718245208263
1.3699773242630386,1147.0352,0.003888254053890705
1.3931972789115648,398.57935,0.0016365903429687023
1.4164172335600906,1103.793,0.0025897962041199207
1.4396371882086167,331.7543,0.0028508626855909824
1.4628571428571429,340.34003,0.0024255169555544853
1.486077097505669,338.62405,0.0023106990847736597
1.509297052154195,337.09143,0.0022054659202694893
1.5325170068027212,1096.0812,0.0022076675668358803
1.5557369614512473,331.81784,0.0024702702648937702
1.5789569160997732,206.8174,0.0028583609964698553
1.6021768707482993,520.35394,0.005492790602147579
1.6253968253968254,571.1731,0.004780697636306286
1.6486167800453515,685.84656,0.004356885328888893
1.6718367346938776,271.46002,0.004568098112940788
1.6950566893424037,416.85397,0.0038759703747928143
1.7182766439909298,530.1507,0.003296945709735155
1.7414965986394557,514.90796,0.0025732540525496006
1.7647165532879818,544.45575,0.0025489316321909428
1.787936507936508,517.58496,0.0037805624306201935
1.811156462585034,539.7526,0.003867602441459894
1.8343764172335602,541.5278,0.0034960578195750713
1.8575963718820863,550.32623,0.0034013129770755768
1.8808163265306124,245.56277,0.002728039398789406
1.9040362811791383,544.9044,0.0015058896970003843
1.9272562358276644,242.3004,0.0013203530106693506
1.9504761904761905,466.7167,0.0020163224544376135
1.9736961451247166,84.4107,0.0039832680486142635
1.9969160997732427,102.22912,0.0035176014062017202
2.020136054421769,518.4864,0.0037070123944431543
2.043356009070295,525.8263,0.0027032552752643824
2.066575963718821,207.51335,0.0016577503411099315
2.089795918367347,486.8591,0.002535012783482671
2.1130158730158732,529.35834,0.001953848171979189
2.1362358276643993,192.8958,0.0011850828304886818
2.159455782312925,197.18646,0.0005548360059037805
2.182675736961451,177.03337,3.0492043151753023e-05
2.2058956916099772,0.0,1.070577127393335e-06
2.2291156462585033,0.0,7.896032911958173e-07
2.2523356009070294,0.0,4.3468662624945864e-07
2.2755555555555556,0.0,4.562725735013373e-07
2.2987755102040817,0.0,2.6238740247208625e-07
2.3219954648526078,0.0,8.993174560600892e-08
2.345215419501134,0.0,2.089245754177682e-07
2.36843537414966,0.0,5.163819878362119e-07
2.391655328798186,0.0,2.4407381715718657e-07
2.414875283446712,0.0,5.823312676511705e-07
2.4380952380952383,0.0,5.686433723894879e-07
2.4613151927437644,0.0,1.93754840438487e-06
2.48453514739229,0.0,9.6162057161564e-07
2.507755102040816,0.0,1.033407897921279e-06
2.5309750566893423,0.0,7.283733793883584e-07
2.5541950113378684,0.0,1.9150320440530777e-07
2.5774149659863945,0.0,2.1338746591936797e-07
2.6006349206349206,0.0,2.450478859827854e-07
2.6238548752834467,0.0,1.1469637684058398e-08
