0.0,0.0,2.1086543711135164e-07
0.023219954648526078,0.0,3.492441464914009e-07
0.046439909297052155,0.0,4.213807187625207e-07
0.06965986394557823,0.0,9.738960216054693e-08
0.09287981859410431,0.0,9.489485819358379e-08
0.11609977324263039,0.0,1.4960278349462897e-07
0.13931972789115646,0.0,1.1312476999592036e-07
0.16253968253968254,0.0,6.86122803017497e-08
0.18575963718820862,0.0,4.089997673872858e-08
0.2089795918367347,0.0,1.3173121260479093e-07
0.23219954648526078,0.0,1.221842467202805e-07
0.25541950113378686,0.0,1.2231430446263403e-07
0.2786394557823129,0.0,4.7206413000822067e-07
0.301859410430839,238.16194,0.0001348086225334555
0.3250793650793651,228.4109,0.0003516030265018344
0.3482993197278912,249.82425,0.0006029380019754171
0.37151927437641724,255.25758,0.0007028816035017371
0.3947392290249433,257.73196,0.0007728489581495523
0.4179591836734694,260.22226,0.0009184278314933181
0.44117913832199546,422.58572,0.0011568451300263405
0.46439909297052157,285.77545,0.0011453102342784405
0.4876190476190476,395.2043,0.0010445687221363187
0.5108390022675737,361.07413,0.0012446295004338026
0.5340589569160998,225.9936,0.0015171841951087117
0.5572789115646258,241.13344,0.001984879607334733
0.5804988662131519,689.7817,0.0018529670778661966
0.603718820861678,356.61917,0.0017442896496504545
0.626938775510204,66.39751,0.0013006775407120585
0.6501587301587302,650.35754,0.0012334516504779458
0.6733786848072563,1102.9865,0.002955374773591757
0.6965986394557824,1136.4604,0.004830067977309227
0.7198185941043084,403.48322,0.007572305854409933
0.7430385487528345,627.4342,0.007872380316257477
0.7662585034013606,1173.3547,0.006480456795543432
0.7894784580498866,1082.5901,0.004936595913022757
0.8126984126984127,1112.7079,0.0037805051542818546
0.8359183673469388,403.0814,0.00392055232077837
0.8591383219954649,1156.7767,0.004565024748444557
0.8823582766439909,477.35367,0.004063575528562069
0.905578231292517,505.88077,0.004489396698772907
0.9287981859410431,1287.8451,0.005041714757680893
0.9520181405895691,1122.3594,0.005820410326123238
0.9752380952380952,1114.3269,0.006289830897003412
0.9984580498866213,504.10822,0.006383487489074469
1.0216780045351475,504.26917,0.005769041366875172
1.0448979591836736,299.6813,0.0040580532513558865
1.0681179138321997,418.0583,0.0025496419984847307
1.0913378684807256,258.85684,0.0043728710152208805
1.1145578231292517,405.5695,0.006334053352475166
1.1377777777777778,421.53186,0.005527818575501442
1.1609977324263039,1166.5278,0.00609073881059885
1.18421768707483,292.9232,0.005481609143316746
1.207437641723356,1175.1185,0.0036056337412446737
1.2306575963718822,639.8796,0.0038610687479376793
1.253877551020408,648.34106,0.003710060380399227
1.2770975056689342,652.9418,0.0036512669175863266
1.3003174603174603,641.5835,0.002908848226070404
1.3235374149659864,352.25256,0.002611716277897358
1.3467573696145125,759.22284,0.002163233235478401
1.3699773242630386,703.8982,0.0026377206668257713
1.3931972789115648,23.106598,0.002428225940093398
1.4164172335600906,201.57207,0.0009742415277287364
1.4396371882086167,241.59947,0.0009902649326249957
1.4628571428571429,656.74036,0.001412640092894435
1.486077097505669,350.84384,0.0015015413518995047
1.509297052154195,695.0302,0.0013600721722468734
1.5325170068027212,344.5303,0.0014951314078643918
1.5557369614512473,617.58044,0.0013814233243465424
1.5789569160997732,250.48114,0.0012607509270310402
1.6021768707482993,250.87024,0.0011756576132029295
1.6253968253968254,697.93286,0.0011120291892439127
1.6486167800453515,431.8839,0.0012787248706445098
1.6718367346938776,496.07593,0.0016835913993418217
1.6950566893424037,267.27155,0.0017494084313511848
1.7182766439909298,267.6204,0.0015613053692504764
1.7414965986394557,458.49176,0.0012873532250523567
1.7647165532879818,613.0763,0.0010463177459314466
1.787936507936508,446.7865,0.0008979925187304616
1.811156462585034,446.1733,0.0009009492350742221
1.8343764172335602,446.4196,0.0008922520792111754
1.8575963718820863,564.60144,0.0007243378786370158
1.8808163265306124,258.5313,0.000296884827548638
1.9040362811791383,253.69716,5.366351979319006e-05
1.9272562358276644,0.0,2.4894789021345787e-06
1.9504761904761905,0.0,1.102924215956591e-06
1.9736961451247166,0.0,2.1873347577638924e-07
1.9969160997732427,0.0,2.2146195988170803e-07
2.020136054421769,0.0,2.2270523913903162e-07
2.043356009070295,0.0,3.381701390026137e-07
2.066575963718821,0.0,2.2989752324065194e-07
2.089795918367347,0.0,1.9753497326746583e-07
2.1130158730158732,0.0,1.6992271412163973e-07
2.1362358276643993,0.0,1.4043780538486317e-07
2.159455782312925,0.0,1.0009443940361962e-07
2.182675736961451,0.0,1.0049097909359261e-07
2.2058956916099772,0.0,1.7698948795441538e-07
2.2291156462585033,0.0,3.0800401873420924e-07
2.2523356009070294,0.0,3.2464959076605737e-07
2.2755555555555556,0.0,9.634732123231515e-08
