0.0,0.0,2.965225576190278e-08
0.023219954648526078,0.0,2.636625140439719e-08
0.046439909297052155,0.0,3.23525455314666e-08
0.06965986394557823,0.0,5.5153577704913914e-08
0.09287981859410431,0.0,4.278354026610032e-08
0.11609977324263039,0.0,2.589149517007172e-08
0.13931972789115646,0.0,2.5221197574865073e-08
0.16253968253968254,0.0,5.039328243583441e-08
0.18575963718820862,0.0,1.842454366851598e-08
0.2089795918367347,0.0,4.274170350981876e-08
0.23219954648526078,0.0,2.48137439484708e-08
0.25541950113378686,0.0,1.6511876310687512e-08
0.2786394557823129,0.0,4.707362677436322e-08
0.301859410430839,0.0,5.396850610850379e-08
0.3250793650793651,22.926266,4.372552939457819e-05
0.3482993197278912,697.40656,9.138543100561947e-05
0.37151927437641724,644.4008,0.00012121169856982306
0.3947392290249433,359.72885,0.000152281834743917
0.4179591836734694,643.11395,0.0001929422578541562
0.44117913832199546,642.9154,0.0002143433375749737
0.46439909297052157,354.7365,0.00018710570293478668
0.4876190476190476,642.8011,0.00018951007223222405
0.5108390022675737,624.2241,0.0004085627442691475
0.5340589569160998,285.6307,0.0007660032715648413
0.5572789115646258,724.0951,0.0010486182291060686
0.5804988662131519,859.45795,0.001065543619915843
0.603718820861678,285.51624,0.0009449684293940663
0.626938775510204,648.26965,0.0008260096074081957
0.6501587301587302,639.5026,0.0010880654444918036
0.6733786848072563,601.39264,0.001970029901713133
0.6965986394557824,1016.52466,0.0022617229260504246
0.7198185941043084,462.34494,0.0022557710763067007
0.7430385487528345,451.93057,0.0024748900905251503
0.7662585034013606,345.97302,0.00264767580665648
0.7894784580498866,1000.2416,0.0026299685705453157
0.8126984126984127,344.50742,0.0031191641464829445
0.8359183673469388,167.4084,0.003558263648301363
0.8591383219954649,436.4069,0.0035538969095796347
0.8823582766439909,428.89853,0.0027693817391991615
0.905578231292517,429.50195,0.004096530843526125
0.9287981859410431,530.6818,0.003806766588240862
0.9520181405895691,469.7081,0.003698927816003561
0.9752380952380952,477.23148,0.004140687175095081
0.9984580498866213,599.63055,0.003360108006745577
1.0216780045351475,621.6929,0.0029951645992696285
1.0448979591836736,1111.1613,0.0024626399390399456
1.0681179138321997,550.0296,0.0022525712847709656
1.0913378684807256,154.02617,0.0019092496950179338
1.1145578231292517,364.5042,0.0024332732427865267
1.1377777777777778,611.0927,0.0037811335641890764
1.1609977324263039,78.44298,0.012865890748798847
1.18421768707483,974.5141,0.011714857071638107
1.207437641723356,609.7328,0.02516457438468933
1.2306575963718822,441.8458,0.027028363198041916
1.253877551020408,615.496,0.03014274127781391
1.2770975056689342,416.3758,0.035774096846580505
1.3003174603174603,1040.1995,0.046672724187374115
1.3235374149659864,1252.9696,0.11039351671934128
1.3467573696145125,141.81616,0.08735530823469162
1.3699773242630386,988.9725,0.07770906388759613
1.3931972789115648,722.04315,0.09632088243961334
1.4164172335600906,108.43447,0.07126826792955399
1.4396371882086167,595.0709,0.11335740983486176
1.4628571428571429,470.07147,0.09722550958395004
1.486077097505669,1364.1309,0.11126808822154999
1.509297052154195,738.8005,0.1375657618045807
1.5325170068027212,749.3399,0.10814417898654938
1.5557369614512473,752.4818,0.11031420528888702
1.5789569160997732,602.11096,0.11160996556282043
1.6021768707482993,1248.8706,0.0977851003408432
1.6253968253968254,777.1113,0.14175927639007568
1.6486167800453515,793.5968,0.19964838027954102
1.6718367346938776,65.154495,0.1964496672153473
1.6950566893424037,266.51193,0.17879466712474823
1.7182766439909298,669.442,0.18279889225959778
1.7414965986394557,612.5616,0.19132530689239502
1.7647165532879818,1574.9254,0.21985217928886414
1.787936507936508,594.0945,0.22624021768569946
1.811156462585034,238.39226,0.16558171808719635
1.8343764172335602,282.60083,0.2093961238861084
1.8575963718820863,887.7983,0.23420962691307068
1.8808163265306124,1440.9521,0.25416237115859985
1.9040362811791383,212.31992,0.16751225292682648
1.9272562358276644,746.88416,0.1370159536600113
1.9504761904761905,1372.964,0.16505905985832214
1.9736961451247166,65.583015,0.23023200035095215
1.9969160997732427,95.2167,0.30552834272384644
2.020136054421769,671.398,0.2745007574558258
2.043356009070295,669.6207,0.26001185178756714
2.066575963718821,674.5198,0.21310138702392578
2.089795918367347,266.34222,0.18450096249580383
2.1130158730158732,669.953,0.1520845592021942
2.1362358276643993,142.05286,0.05719155818223953
2.159455782312925,1209.3966,0.025486253201961517
2.182675736961451,387.93234,0.017745278775691986
2.2058956916099772,391.74176,0.019434811547398567
2.2291156462585033,1154.3287,0.015274444594979286
2.2523356009070294,995.9731,0.009707687422633171
2.2755555555555556,497.76166,0.010174399241805077
2.2987755102040817,168.09517,0.015460474416613579
2.3219954648526078,79.58975,0.010206764563918114
2.345215419501134,1122.8804,0.004424260929226875
2.36843537414966,529.96967,0.005588376894593239
2.391655328798186,536.8532,0.004757413640618324
2.414875283446712,542.08673,0.004774272441864014
2.4380952380952383,540.0049,0.0037988563999533653
2.4613151927437644,529.8464,0.004555612336844206
2.48453514739229,404.488,0.006064542103558779
2.507755102040816,1075.2458,0.007135692052543163
2.5309750566893423,777.3845,0.008539633825421333
2.5541950113378684,714.0124,0.007353062275797129
2.5774149659863945,480.4433,0.007224465720355511
2.6006349206349206,1007.6081,0.007016880437731743
2.6238548752834467,561.26056,0.006397144868969917
2.647074829931973,930.325,0.004926285706460476
2.670294784580499,937.78796,0.003807004075497389
2.693514739229025,733.9419,0.0035664374008774757
2.716734693877551,741.461,0.003478306345641613
2.7399546485260773,711.88257,0.003547399304807186
2.7631746031746034,751.8319,0.003389608347788453
2.7863945578231295,491.9128,0.0032045391853898764
2.809614512471655,684.60254,0.002632873598486185
2.8328344671201813,686.1827,0.002247377298772335
2.8560544217687074,268.3616,0.0017674085684120655
2.8792743764172335,744.5108,0.0018983848858624697
2.9024943310657596,789.30597,0.002024187706410885
2.9257142857142857,404.40985,0.001647435245104134
2.948934240362812,729.8265,0.0013033169088885188
2.972154195011338,388.09076,0.0009815944358706474
2.995374149659864,679.0032,0.0006600148626603186
3.01859410430839,254.2519,0.0005503984284587204
3.0418140589569163,693.33777,0.0004378923331387341
3.0650340136054424,361.99713,0.0005973975639790297
3.0882539682539685,613.2707,0.0007870432455092669
3.1114739229024946,608.08936,0.0006598372128792107
3.1346938775510207,101.06093,0.00042302889050915837
3.1579138321995464,97.73868,0.0004642488493118435
3.1811337868480725,243.31998,0.0005583062884397805
3.2043537414965986,590.53033,0.0004385262436699122
3.2275736961451247,144.11229,0.0004834095889236778
3.250793650793651,143.86859,0.0007505102548748255
3.274013605442177,1057.4961,0.0006409145426005125
3.297233560090703,984.92285,0.0004992978647351265
3.320453514739229,341.6497,0.0005098762921988964
3.3436734693877552,234.35754,0.0006331881741061807
3.3668934240362813,953.2351,0.00046185130486264825
3.3901133786848074,140.20403,0.0004498089838307351
3.4133333333333336,871.7637,0.0006919129518792033
3.4365532879818597,265.09103,0.0006003961898386478
3.4597732426303858,226.00114,0.00045065535232424736
3.4829931972789114,342.22855,0.0005018183728680015
3.5062131519274375,208.87546,0.0005671720718964934
3.5294331065759637,937.7419,0.00048305437667295337
3.5526530612244898,348.69293,0.00036221774644218385
3.575873015873016,614.53046,0.000552788726054132
3.599092970521542,986.1016,0.0005269416724331677
3.622312925170068,992.03955,0.00044725657789967954
3.645532879818594,627.6667,0.00038213719381019473
3.6687528344671203,943.9812,0.00042018151725642383
3.6919727891156464,593.0248,0.0004834257415495813
3.7151927437641725,341.3619,0.000423215824412182
3.7384126984126986,635.15576,0.00040384032763540745
3.7616326530612247,328.74667,0.0005261357873678207
3.784852607709751,334.34793,0.0005429066950455308
3.8080725623582765,357.54324,0.00039472128264606
3.8312925170068026,234.96346,0.00029397051548585296
3.8545124716553287,624.37036,0.00044485105900093913
3.877732426303855,613.9755,0.0004453239089343697
3.900952380952381,243.12033,0.0002938494726549834
3.924172335600907,117.301575,0.0004692255170084536
3.947392290249433,331.51236,0.0004867477691732347
3.9706122448979593,119.11352,0.0003676961059682071
3.9938321995464854,995.22534,0.0003860155993606895
4.017052154195011,606.12866,0.00040084015927277505
4.040272108843538,601.6113,0.0004408679960761219
4.063492063492063,615.85455,0.0004546581767499447
4.08671201814059,975.71204,0.0006792332860641181
4.1099319727891155,595.1266,0.000515967549290508
4.133151927437642,991.2993,0.0003216425538994372
4.156371882086168,630.7117,0.00035354902502149343
4.179591836734694,951.9972,0.00044078670907765627
4.20281179138322,950.26825,0.00011271700350334868
4.2260317460317465,0.0,6.7370037868386135e-06
4.249251700680272,0.0,1.5532250472460873e-06
4.272471655328799,0.0,1.9678464013850316e-07
4.295691609977324,0.0,1.263233571080491e-07
4.31891156462585,0.0,5.998936103424057e-08
4.342131519274377,0.0,2.950946509372443e-08
4.365351473922902,0.0,3.774948709178716e-08
4.388571428571429,0.0,3.1785020837560296e-08
4.4117913832199545,0.0,4.3630279833450913e-08
4.435011337868481,0.0,1.7423190001863986e-08
4.458231292517007,0.0,9.014547686092556e-08
4.481451247165533,0.0,9.034920367412269e-08
4.504671201814059,0.0,8.112965588225052e-08
4.527891156462585,0.0,5.521360435523093e-08
4.551111111111111,0.0,1.2011696526315063e-07
4.574331065759638,0.0,1.1307383829262108e-07
4.597551020408163,0.0,1.7739421309670433e-07
4.62077097505669,0.0,7.603830454172567e-08
4.6439909297052155,0.0,3.65253072232008e-08
4.667210884353741,0.0,2.107663021888584e-08
4.690430839002268,0.0,2.985052560688928e-08
