0.0,0.0,3.747272785403766e-07
0.023219954648526078,0.0,5.766705726273358e-07
0.046439909297052155,0.0,4.2979172576451674e-07
0.06965986394557823,0.0,3.7965673982398584e-07
0.09287981859410431,0.0,6.404598025255837e-07
0.11609977324263039,0.0,4.214761247567367e-06
0.13931972789115646,73.86982,0.00020572103676386178
0.16253968253968254,644.7282,0.0003019117284566164
0.18575963718820862,599.3715,0.00029291881946846843
0.2089795918367347,351.54666,0.00012975493154954165
0.23219954648526078,317.95654,3.350676706759259e-05
0.25541950113378686,0.0,8.216767128033098e-06
0.2786394557823129,0.0,4.746757440443616e-06
0.301859410430839,413.83783,0.0003845451574306935
0.3250793650793651,443.62274,0.0008676275028847158
0.3482993197278912,453.25235,0.0011426976416260004
0.37151927437641724,450.74765,0.0009504241170361638
0.3947392290249433,437.33237,0.0003362468269187957
0.4179591836734694,407.03336,4.548929427983239e-05
0.44117913832199546,448.0864,5.717007297789678e-05
0.46439909297052157,500.5366,0.0006112189730629325
0.4876190476190476,540.6314,0.0010007205419242382
0.5108390022675737,639.4625,0.0005931106861680746
0.5340589569160998,82.31419,0.000359221245162189
0.5572789115646258,517.198,0.0007068375125527382
0.5804988662131519,555.5531,4.92660838062875e-05
0.603718820861678,0.0,5.216051249590237e-06
0.626938775510204,654.4296,0.002946950728073716
0.6501587301587302,680.64966,0.023441217839717865
0.6733786848072563,700.5264,0.021430619060993195
0.6965986394557824,682.90497,0.03388620540499687
0.7198185941043084,711.02435,0.028025727719068527
0.7430385487528345,675.2889,0.0024590957909822464
0.7662585034013606,642.3712,7.496307807741687e-05
0.7894784580498866,0.0,4.819230525754392e-06
0.8126984126984127,0.0,5.1984088713652454e-06
0.8359183673469388,480.52414,0.0007588807493448257
0.8591383219954649,497.42526,0.001052621752023697
0.8823582766439909,525.31635,0.0010960366344079375
0.905578231292517,1832.3845,0.0005721512716263533
0.9287981859410431,486.78546,0.000531743629835546
0.9520181405895691,481.67395,2.078951001749374e-05
0.9752380952380952,576.5956,6.18636840954423e-05
0.9984580498866213,413.9825,0.0008393976604565978
1.0216780045351475,453.5219,0.0011798994382843375
1.0448979591836736,456.7136,0.0010633525671437383
1.0681179138321997,447.56424,0.0007258664118126035
1.0913378684807256,426.55502,0.00023833235900383443
1.1145578231292517,0.0,5.286198756948579e-06
1.1377777777777778,0.0,1.6956300896708854e-06
1.1609977324263039,344.2305,7.403588097076863e-05
1.18421768707483,347.99393,0.00030822446569800377
1.207437641723356,395.79434,0.0003494968987070024
1.2306575963718822,366.34497,0.0005397176137194037
1.253877551020408,360.17648,0.0005065990844741464
1.2770975056689342,3321.4336,0.00042600202141329646
1.3003174603174603,343.68256,0.0006890846998430789
1.3235374149659864,343.7495,0.0007055130554363132
1.3467573696145125,3229.2551,0.00047936540795490146
1.3699773242630386,358.3653,0.000278884923318401
1.3931972789115648,368.71448,0.0005537891993299127
1.4164172335600906,367.53885,0.00044151468318887055
1.4396371882086167,382.79602,0.00028075373847968876
1.4628571428571429,314.2682,0.0004149284213781357
1.486077097505669,102.845634,0.00021437054965645075
1.509297052154195,357.1918,0.0002517897810321301
1.5325170068027212,635.4005,0.00024888094048947096
1.5557369614512473,348.23093,0.0001775508135324344
1.5789569160997732,415.79736,0.0002148794155800715
1.6021768707482993,377.0433,0.0001270430802833289
1.6253968253968254,362.12024,0.00014156752149574459
1.6486167800453515,433.85263,0.00011182736488990486
1.6718367346938776,336.78354,6.692338502034545e-05
1.6950566893424037,341.26913,5.633412001770921e-05
1.7182766439909298,354.44342,3.963038034271449e-05
1.7414965986394557,372.34088,4.072450246894732e-05
1.7647165532879818,361.04626,2.9322010959731415e-05
1.787936507936508,0.0,2.444465280859731e-06
1.811156462585034,0.0,1.2976606740267016e-06
1.8343764172335602,0.0,1.3577127901953645e-06
1.8575963718820863,0.0,1.3800136002828367e-06
1.8808163265306124,0.0,2.9920192901045084e-07
1.9040362811791383,0.0,4.597495717462152e-09
