0.0,0.0,1.3467433745972812e-07
0.023219954648526078,0.0,9.262384992325678e-08
0.046439909297052155,0.0,5.2715222409460694e-08
0.06965986394557823,0.0,2.6971429178956896e-07
0.09287981859410431,0.0,8.214374247472733e-08
0.11609977324263039,0.0,2.492064595571719e-06
0.13931972789115646,283.31302,0.0004962215898558497
0.16253968253968254,200.27057,0.0008016859646886587
0.18575963718820862,686.6654,0.0008109558839350939
0.2089795918367347,279.4888,0.00045001000398769975
0.23219954648526078,717.5707,0.0001435736776329577
0.25541950113378686,62.21447,3.268634100095369e-05
0.2786394557823129,0.0,6.564531759067904e-06
0.301859410430839,0.0,5.570191206061281e-07
0.3250793650793651,39.508865,2.0388832126627676e-05
0.3482993197278912,316.06104,0.00019381057063583285
0.37151927437641724,329.64758,0.0003650703001767397
0.3947392290249433,642.4009,0.00036235954030416906
0.4179591836734694,598.4246,9.517656872048974e-05
0.44117913832199546,0.0,3.31420869770227e-06
0.46439909297052157,0.0,1.1473730410216376e-06
0.4876190476190476,0.0,5.770871212007478e-06
0.5108390022675737,651.0886,0.000633701216429472
0.5340589569160998,847.12,0.0014082933776080608
0.5572789115646258,152.7343,0.0024756910279393196
0.5804988662131519,774.6199,0.002184503246098757
0.603718820861678,64.278755,0.0009047481580637395
0.626938775510204,289.00085,0.00026377534959465265
0.6501587301587302,152.88832,1.9163344404660165e-05
0.6733786848072563,0.0,1.6070825950009748e-06
0.6965986394557824,518.1296,0.0008301435154862702
0.7198185941043084,21.533203,0.0062903957441449165
0.7430385487528345,77.23478,0.01134277693927288
0.7662585034013606,560.87036,0.00979628972709179
0.7894784580498866,63.881474,0.00485038198530674
0.8126984126984127,184.61711,0.00018854041991289705
0.8359183673469388,0.0,8.639563020551577e-06
0.8591383219954649,0.0,3.2674197427695617e-06
0.8823582766439909,600.5984,0.0002044608845608309
0.905578231292517,823.83264,0.0013013575226068497
0.9287981859410431,156.01297,0.0025772880762815475
0.9520181405895691,787.97656,0.0027371379546821117
0.9752380952380952,137.40152,0.001219652476720512
0.9984580498866213,780.04315,4.31363660027273e-05
1.0216780045351475,0.0,2.362268787692301e-06
1.0448979591836736,58.77224,2.6521604013396427e-05
1.0681179138321997,52.181477,0.00026876319316215813
1.0913378684807256,128.89058,0.0005266244988888502
1.1145578231292517,350.2145,0.0006147100357338786
1.1377777777777778,438.7474,0.0004730005457531661
1.1609977324263039,352.4975,0.00020877484348602593
1.18421768707483,344.227,8.599171997047961e-05
1.207437641723356,0.0,5.999737368256319e-06
1.2306575963718822,0.0,1.5663445083191618e-06
1.253877551020408,0.0,7.899107004050165e-07
1.2770975056689342,21.546812,4.3994441512040794e-05
1.3003174603174603,273.73877,0.0004005501396022737
1.3235374149659864,275.35492,0.0006079363520257175
1.3467573696145125,279.23453,0.000715761270839721
1.3699773242630386,278.31287,0.0006819310365244746
1.3931972789115648,777.1351,0.0006417707772925496
1.4164172335600906,262.63837,0.0005040396936237812
1.4396371882086167,259.08752,0.00040941277984529734
1.4628571428571429,263.72784,0.00038741962634958327
1.486077097505669,254.76685,0.00043584112427197397
1.509297052154195,278.11914,0.00031719435355626047
1.5325170068027212,594.1919,0.00035901356022804976
1.5557369614512473,289.2358,0.000418346025981009
1.5789569160997732,770.62494,0.0003589988627936691
1.6021768707482993,174.79607,0.0003120340115856379
1.6253968253968254,248.55371,0.0003339026006869972
1.6486167800453515,162.70988,0.0002406117127975449
1.6718367346938776,271.11224,0.0002553983358666301
1.6950566893424037,287.16467,0.00015557536971755326
1.7182766439909298,504.56317,0.00017239917360711843
1.7414965986394557,276.84006,0.0001966995041584596
1.7647165532879818,162.06877,0.0001421360211679712
1.787936507936508,172.66748,0.00010434676369186491
1.811156462585034,598.22205,0.00013835576828569174
1.8343764172335602,250.76498,9.137612505583093e-05
1.8575963718820863,113.53175,8.524992881575599e-05
1.8808163265306124,249.3459,3.5688623029273e-05
1.9040362811791383,289.24228,3.30508773913607e-05
1.9272562358276644,0.0,4.630104740499519e-06
1.9504761904761905,0.0,1.1005922715412453e-06
1.9736961451247166,0.0,6.651480362052098e-07
1.9969160997732427,0.0,2.0472725736908615e-07
2.020136054421769,0.0,1.0669009498087689e-07
2.043356009070295,0.0,7.14580892235972e-08
