0.0,0.0,1.8844002624973655e-07
0.023219954648526078,0.0,6.886693881824613e-08
0.046439909297052155,0.0,1.5413479559356347e-07
0.06965986394557823,0.0,1.7293496057391167e-07
0.09287981859410431,0.0,1.1893007467733696e-07
0.11609977324263039,0.0,8.993356459541246e-08
0.13931972789115646,0.0,2.829265213222243e-07
0.16253968253968254,331.44492,8.132921357173473e-05
0.18575963718820862,663.94977,0.00019729378982447088
0.2089795918367347,662.8689,0.0002186540950788185
0.23219954648526078,673.7444,0.00032862520311027765
0.25541950113378686,686.78357,0.0004032899742014706
0.2786394557823129,713.0096,0.0008318558102473617
0.301859410430839,712.4578,0.00144330901093781
0.3250793650793651,271.21466,0.001359507441520691
0.3482993197278912,703.25134,0.0012352042831480503
0.37151927437641724,347.46756,0.001565025420859456
0.3947392290249433,657.2702,0.001631302759051323
0.4179591836734694,263.98477,0.0016494800802320242
0.44117913832199546,566.66547,0.001267874613404274
0.46439909297052157,276.53323,0.002482939511537552
0.4876190476190476,774.41223,0.004621130879968405
0.5108390022675737,420.0036,0.005854692310094833
0.5340589569160998,819.9318,0.006603872869163752
0.5572789115646258,810.7035,0.00620920117944479
0.5804988662131519,785.27905,0.006421225611120462
0.603718820861678,420.96542,0.00763017637655139
0.626938775510204,163.49893,0.00445958087220788
0.6501587301587302,696.42596,0.004331948235630989
0.6733786848072563,341.9198,0.005025738384574652
0.6965986394557824,573.7782,0.004948040470480919
0.7198185941043084,837.47064,0.0038824710063636303
0.7430385487528345,334.35446,0.004667576868087053
0.7662585034013606,908.5656,0.006125886924564838
0.7894784580498866,195.14998,0.011524390429258347
0.8126984126984127,342.97513,0.008441010490059853
0.8359183673469388,1003.38544,0.00391315296292305
0.8591383219954649,339.46164,0.0055726817809045315
0.8823582766439909,843.18585,0.01207683328539133
0.905578231292517,822.985,0.013115646317601204
0.9287981859410431,493.39868,0.009700736030936241
0.9520181405895691,348.63675,0.004575418774038553
0.9752380952380952,978.15936,0.008198321796953678
0.9984580498866213,802.0713,0.006324660498648882
1.0216780045351475,1052.0973,0.006554934196174145
1.0448979591836736,1084.0339,0.010497086681425571
1.0681179138321997,121.072784,0.014354853890836239
1.0913378684807256,214.39182,0.011188367381691933
1.1145578231292517,1096.9827,0.014281488955020905
1.1377777777777778,564.21124,0.01217968575656414
1.1609977324263039,176.4995,0.03304988890886307
1.18421768707483,910.9619,0.04049590229988098
1.207437641723356,611.116,0.034466929733753204
1.2306575963718822,858.90326,0.03076239302754402
1.253877551020408,91.83553,0.04637956619262695
1.2770975056689342,626.78284,0.08501522243022919
1.3003174603174603,652.80237,0.20906439423561096
1.3235374149659864,679.15875,0.32570427656173706
1.3467573696145125,688.0166,0.32752907276153564
1.3699773242630386,690.05164,0.35980838537216187
1.3931972789115648,683.1034,0.47136542201042175
1.4164172335600906,680.146,0.496396005153656
1.4396371882086167,688.52423,0.31876951456069946
1.4628571428571429,718.14886,0.20217806100845337
1.486077097505669,741.5773,0.21384698152542114
1.509297052154195,757.33856,0.18098831176757812
1.5325170068027212,745.1036,0.23655804991722107
1.5557369614512473,733.60864,0.2501094341278076
1.5789569160997732,736.78754,0.21746206283569336
1.6021768707482993,767.98926,0.14126303791999817
1.6253968253968254,811.311,0.43479177355766296
1.6486167800453515,842.8592,0.3394550681114197
1.6718367346938776,842.7138,0.3708264231681824
1.6950566893424037,821.4598,0.3210024833679199
1.7182766439909298,792.4325,0.09847775101661682
1.7414965986394557,711.3081,0.12164410948753357
1.7647165532879818,745.1098,0.16896754503250122
1.787936507936508,726.4763,0.1576295644044876
1.811156462585034,722.9656,0.1486022174358368
1.8343764172335602,729.37036,0.18243619799613953
1.8575963718820863,735.81116,0.19005203247070312
1.8808163265306124,732.67334,0.18218465149402618
1.9040362811791383,717.7657,0.1442863941192627
1.9272562358276644,681.1441,0.2491937279701233
1.9504761904761905,684.39,0.2719727158546448
1.9736961451247166,682.2374,0.2094879448413849
1.9969160997732427,701.4242,0.13650652766227722
2.020136054421769,254.35513,0.11691969633102417
2.043356009070295,569.1927,0.14544574916362762
2.066575963718821,685.274,0.20376279950141907
2.089795918367347,650.30035,0.05180447921156883
2.1130158730158732,617.57874,0.024136299267411232
2.1362358276643993,612.2329,0.03288210928440094
2.159455782312925,616.8298,0.03783087804913521
2.182675736961451,543.8012,0.03585117310285568
2.2058956916099772,128.96971,0.02545890212059021
2.2291156462585033,599.70966,0.011669633910059929
2.2523356009070294,116.736916,0.0159149207174778
2.2755555555555556,985.9187,0.013848621398210526
2.2987755102040817,1013.7664,0.011391011998057365
2.3219954648526078,1080.2504,0.007503765635192394
2.345215419501134,1110.2852,0.007037229835987091
2.36843537414966,369.92822,0.009575850330293179
2.391655328798186,361.59625,0.010444989427924156
2.414875283446712,156.99062,0.013471795246005058
2.4380952380952383,176.26599,0.013486543670296669
2.4613151927437644,375.27252,0.015789249911904335
2.48453514739229,90.41281,0.01227020937949419
2.507755102040816,984.5112,0.011679334565997124
2.5309750566893423,324.34042,0.011476441286504269
2.5541950113378684,164.43832,0.005460371728986502
2.5774149659863945,174.76917,0.005227783229202032
2.6006349206349206,446.66757,0.0044799307361245155
2.6238548752834467,170.3253,0.006399117410182953
2.647074829931973,738.48865,0.006028256379067898
2.670294784580499,796.57275,0.004506721161305904
2.693514739229025,335.8913,0.004689597524702549
2.716734693877551,301.82602,0.00773350615054369
2.7399546485260773,747.0139,0.005946731194853783
2.7631746031746034,586.15295,0.00536661222577095
2.7863945578231295,507.99243,0.006347738206386566
2.809614512471655,788.55237,0.00555140245705843
2.8328344671201813,752.22144,0.004025734029710293
2.8560544217687074,276.5985,0.0015382848214358091
2.8792743764172335,272.89618,0.0013033983996137977
2.9024943310657596,141.89348,0.001084079034626484
2.9257142857142857,720.5573,0.001475915894843638
2.948934240362812,720.3649,0.0017515583895146847
2.972154195011338,708.87665,0.001441371627151966
2.995374149659864,570.39386,0.001513148657977581
3.01859410430839,650.1527,0.0011282542254775763
3.0418140589569163,237.02405,0.0008779093623161316
3.0650340136054424,640.2703,0.001083980780094862
3.0882539682539685,698.0631,0.0007454060250893235
3.1114739229024946,738.61096,0.0012206945102661848
3.1346938775510207,291.30612,0.0008534552762284875
3.1579138321995464,683.8717,0.0008141132420860231
3.1811337868480725,642.2956,0.0009285756386816502
3.2043537414965986,338.8299,0.0008279462344944477
3.2275736961451247,677.583,0.0010304333409294486
3.250793650793651,633.09766,0.001137228449806571
3.274013605442177,667.6292,0.000670391134917736
3.297233560090703,78.85799,0.0007532744202762842
3.320453514739229,657.3189,0.0005214218981564045
3.3436734693877552,718.5265,0.0005188476061448455
3.3668934240362813,249.28561,0.0005452982732094824
3.3901133786848074,661.70416,0.0005356873152777553
3.4133333333333336,338.21655,0.0006225575925782323
3.4365532879818597,659.5544,0.0004475891182664782
3.4597732426303858,73.36508,0.0002867807634174824
3.4829931972789114,677.75446,0.0002942238061223179
3.5062131519274375,270.6265,0.00023885397240519524
3.5294331065759637,619.53326,0.00019642904226202518
3.5526530612244898,245.87633,0.00012012831575702876
3.575873015873016,241.40472,0.00012915053230244666
3.599092970521542,594.4576,8.677429286763072e-05
3.622312925170068,138.12044,9.906510967994109e-05
3.645532879818594,366.5203,3.111701880698092e-05
3.6687528344671203,0.0,1.7936481526703574e-06
3.6919727891156464,0.0,1.257705662283115e-06
3.7151927437641725,0.0,2.6361431082477793e-07
3.7384126984126986,0.0,1.775433702277951e-07
3.7616326530612247,0.0,2.6861562218982726e-07
3.784852607709751,0.0,2.1164669306017458e-07
3.8080725623582765,0.0,2.7113946998724714e-07
3.8312925170068026,0.0,3.387413016753271e-08
