0.0,0.0,2.944661900983192e-07
0.023219954648526078,0.0,1.3942371879238635e-07
0.046439909297052155,0.0,3.4297318052267656e-07
0.06965986394557823,0.0,4.1489511204417795e-07
0.09287981859410431,0.0,1.4623310562456027e-07
0.11609977324263039,0.0,4.29910869570449e-07
0.13931972789115646,0.0,5.504698492586613e-07
0.16253968253968254,356.46213,5.6095006584655493e-05
0.18575963718820862,385.63818,0.00015921163139864802
0.2089795918367347,369.27704,0.00029308447847142816
0.23219954648526078,362.60913,0.0004255936946719885
0.25541950113378686,360.85995,0.0005427661817520857
0.2786394557823129,357.20892,0.000878454593475908
0.301859410430839,354.83313,0.0012500027660280466
0.3250793650793651,363.10287,0.0013821030734106898
0.3482993197278912,364.99518,0.0015842333668842912
0.37151927437641724,371.36166,0.001500478247180581
0.3947392290249433,374.34732,0.0010518610943108797
0.4179591836734694,138.58884,0.0008294754661619663
0.44117913832199546,386.87216,0.0009786648442968726
0.46439909297052157,401.55994,0.0020648506470024586
0.4876190476190476,410.4946,0.003351848339661956
0.5108390022675737,427.09726,0.004373542964458466
0.5340589569160998,366.7545,0.004556096158921719
0.5572789115646258,433.10742,0.005233426578342915
0.5804988662131519,429.71466,0.006197305861860514
0.603718820861678,461.1561,0.006334098055958748
0.626938775510204,426.46942,0.006346709094941616
0.6501587301587302,443.0593,0.0036586199421435595
0.6733786848072563,464.1961,0.005488252732902765
0.6965986394557824,477.26105,0.00869765691459179
0.7198185941043084,480.80652,0.011264117434620857
0.7430385487528345,477.23734,0.010983091779053211
0.7662585034013606,467.6083,0.007552595343440771
0.7894784580498866,466.73486,0.007235642056912184
0.8126984126984127,474.10547,0.011890020221471786
0.8359183673469388,486.78192,0.006507294252514839
0.8591383219954649,111.66284,0.0021312518510967493
0.8823582766439909,1028.1118,0.0024334655608981848
0.905578231292517,510.88443,0.005152947269380093
0.9287981859410431,92.36203,0.009678707458078861
0.9520181405895691,500.77405,0.008822201751172543
0.9752380952380952,512.09937,0.0023650897201150656
0.9984580498866213,968.7217,0.0028271786868572235
1.0216780045351475,201.19006,0.0028229099698364735
1.0448979591836736,120.76441,0.006658882834017277
1.0681179138321997,565.28687,0.0074506960809230804
1.0913378684807256,553.8389,0.0063614328391849995
1.1145578231292517,216.54405,0.006393648684024811
1.1377777777777778,120.47544,0.01218967605382204
1.1609977324263039,587.3871,0.008099447935819626
1.18421768707483,617.6599,0.021567363291978836
1.207437641723356,556.9661,0.029034530743956566
1.2306575963718822,815.3577,0.02881672792136669
1.253877551020408,120.12836,0.02993951551616192
1.2770975056689342,669.4549,0.04003259539604187
1.3003174603174603,219.98138,0.08189965784549713
1.3235374149659864,652.4048,0.14172470569610596
1.3467573696145125,681.05707,0.20041102170944214
1.3699773242630386,702.18854,0.10648763179779053
1.3931972789115648,714.3094,0.1324315071105957
1.4164172335600906,701.02997,0.18525156378746033
1.4396371882086167,79.55805,0.23299038410186768
1.4628571428571429,697.2071,0.18110695481300354
1.486077097505669,712.4392,0.14786562323570251
1.509297052154195,743.7869,0.14536188542842865
1.5325170068027212,761.6065,0.10323906689882278
1.5557369614512473,767.50824,0.12103228271007538
1.5789569160997732,756.1655,0.19595307111740112
1.6021768707482993,739.5899,0.2002703994512558
1.6253968253968254,742.1144,0.15628682076931
1.6486167800453515,768.1556,0.12755560874938965
1.6718367346938776,836.9185,0.4181554317474365
1.6950566893424037,840.41125,0.4732682704925537
1.7182766439909298,854.4272,0.4649210572242737
1.7414965986394557,842.8134,0.4053930342197418
1.7647165532879818,813.1792,0.20821824669837952
1.787936507936508,773.3583,0.11742320656776428
1.811156462585034,733.52985,0.150924950838089
1.8343764172335602,709.36957,0.09252957999706268
1.8575963718820863,731.49066,0.10920696705579758
1.8808163265306124,746.71686,0.08963395655155182
1.9040362811791383,764.40704,0.07041824609041214
1.9272562358276644,762.4135,0.08921541273593903
1.9504761904761905,738.1789,0.09891271591186523
1.9736961451247166,720.2466,0.11473995447158813
1.9969160997732427,696.0595,0.15973712503910065
2.020136054421769,683.8425,0.13458558917045593
2.043356009070295,697.65344,0.05354664474725723
2.066575963718821,727.03235,0.07308165729045868
2.089795918367347,721.6892,0.07106749713420868
2.1130158730158732,686.03186,0.10816505551338196
2.1362358276643993,654.576,0.04581156373023987
2.159455782312925,639.22375,0.04188607633113861
2.182675736961451,639.104,0.043184541165828705
2.2058956916099772,645.47644,0.04592427238821983
2.2291156462585033,652.20026,0.03676619380712509
2.2523356009070294,219.73668,0.016469702124595642
2.2755555555555556,438.4129,0.003989149816334248
2.2987755102040817,219.82426,0.003565653460100293
2.3219954648526078,387.81433,0.0031122537329792976
2.345215419501134,568.39703,0.004365047439932823
2.36843537414966,571.8239,0.0038771997205913067
2.391655328798186,568.5322,0.002935933880507946
2.414875283446712,550.7875,0.00220695068128407
2.4380952380952383,362.91904,0.0030207019299268723
2.4613151927437644,379.62717,0.005594188347458839
2.48453514739229,496.14975,0.004521013703197241
2.507755102040816,94.42343,0.0019875718280673027
2.5309750566893423,639.9313,0.001881693140603602
2.5541950113378684,336.84082,0.003886214690282941
2.5774149659863945,92.70613,0.008884254842996597
2.6006349206349206,469.47684,0.005906492471694946
2.6238548752834467,449.58475,0.00535659771412611
2.647074829931973,457.92935,0.006171525456011295
2.670294784580499,385.328,0.0066103022545576096
2.693514739229025,139.2587,0.008302876725792885
2.716734693877551,181.30136,0.006765525788068771
2.7399546485260773,452.3193,0.004223762080073357
2.7631746031746034,663.0334,0.007235728669911623
2.7863945578231295,413.41998,0.006005270406603813
2.809614512471655,408.10608,0.006416326388716698
2.8328344671201813,480.9115,0.006931970827281475
2.8560544217687074,692.89124,0.006254516541957855
2.8792743764172335,412.58194,0.0044519174844026566
2.9024943310657596,397.64886,0.0019034866709262133
2.9257142857142857,21.533203,0.0013231667689979076
2.948934240362812,358.0993,0.0009139865869656205
2.972154195011338,384.0162,0.0008458581287413836
2.995374149659864,351.8995,0.001938740722835064
3.01859410430839,374.48557,0.0015830700285732746
3.0418140589569163,372.93893,0.0012827328173443675
3.0650340136054424,21.533203,0.0014047573786228895
3.0882539682539685,352.65814,0.000626938883215189
3.1114739229024946,348.91937,0.0007703356677666306
3.1346938775510207,133.17087,0.000856294296681881
3.1579138321995464,364.3279,0.000809133518487215
3.1811337868480725,377.50784,0.0015885320026427507
3.2043537414965986,387.73447,0.0009054479887709022
3.2275736961451247,386.39865,0.0008684145286679268
3.250793650793651,368.59018,0.0009386313031427562
3.274013605442177,359.70142,0.0006381766870617867
3.297233560090703,299.29935,0.0004895002348348498
3.320453514739229,355.8417,0.0005099219852127135
3.3436734693877552,370.28647,0.0008990518399514258
3.3668934240362813,377.5187,0.0010965418769046664
3.3901133786848074,389.92685,0.0007746487972326577
3.4133333333333336,379.76706,0.0006057029822841287
3.4365532879818597,361.50128,0.0004906125832349062
3.4597732426303858,75.47598,0.0003796431701630354
3.4829931972789114,348.49765,0.0005604666657745838
3.5062131519274375,356.99487,0.0004307144263293594
3.5294331065759637,372.71237,0.0005331830470822752
3.5526530612244898,110.288216,0.0004178498638793826
3.575873015873016,384.1767,0.0002674928982742131
3.599092970521542,368.93936,0.00023591301578562707
3.622312925170068,346.80035,0.00013615372881758958
3.645532879818594,341.23447,0.0001920680224429816
3.6687528344671203,349.67636,0.00015626178355887532
3.6919727891156464,378.51477,0.0002191676467191428
3.7151927437641725,394.54178,9.163629147224128e-05
3.7384126984126986,0.0,5.281219273456372e-06
3.7616326530612247,0.0,1.4968336472520605e-06
3.784852607709751,0.0,4.3996806198265404e-07
3.8080725623582765,0.0,3.716113496921025e-07
3.8312925170068026,0.0,1.6788180801086128e-07
3.8545124716553287,0.0,1.7230740922968835e-07
3.877732426303855,0.0,2.412134563201107e-07
3.900952380952381,0.0,1.5178466128418222e-07
3.924172335600907,0.0,1.0295661923009902e-07
3.947392290249433,0.0,1.6865760699147359e-07
3.9706122448979593,0.0,2.105807652696967e-07
3.9938321995464854,0.0,7.350899977609515e-08
