0.0,0.0,6.54368704999797e-07
0.023219954648526078,0.0,7.691523933317512e-07
0.046439909297052155,0.0,4.1331531974719837e-07
0.06965986394557823,0.0,2.4103064788505435e-07
0.09287981859410431,0.0,2.0040897652506828e-07
0.11609977324263039,0.0,3.0950923246564344e-07
0.13931972789115646,0.0,2.3176107788458467e-07
0.16253968253968254,0.0,2.1647001631208695e-06
0.18575963718820862,489.16785,0.00028691787156276405
0.2089795918367347,502.24612,0.0017219891306012869
0.23219954648526078,461.34714,0.006540490314364433
0.25541950113378686,509.72363,0.007637540344148874
0.2786394557823129,508.20117,0.00694402726367116
0.301859410430839,500.53073,0.005224743392318487
0.3250793650793651,514.50555,0.001910737599246204
0.3482993197278912,487.1459,0.0033666614908725023
0.37151927437641724,521.51886,0.002824820578098297
0.3947392290249433,471.99683,0.004481877200305462
0.4179591836734694,471.86624,0.004584786482155323
0.44117913832199546,494.36584,0.002888620365411043
0.46439909297052157,509.0376,0.002105945022776723
0.4876190476190476,512.13226,0.002821756526827812
0.5108390022675737,483.70312,0.016768984496593475
0.5340589569160998,516.03845,0.013735078275203705
0.5572789115646258,605.25354,0.009981624782085419
0.5804988662131519,543.6488,0.013426211662590504
0.603718820861678,534.56946,0.015395032241940498
0.626938775510204,591.697,0.02077876217663288
0.6501587301587302,564.0303,0.019641004502773285
0.6733786848072563,639.8511,0.010042732581496239
0.6965986394557824,839.2939,0.01905500516295433
0.7198185941043084,442.74323,0.021669674664735794
0.7430385487528345,2251.6807,0.011885346844792366
0.7662585034013606,2438.4011,0.011410821229219437
0.7894784580498866,511.40067,0.018209083005785942
0.8126984126984127,490.64935,0.013152875006198883
0.8359183673469388,511.27637,0.03511609882116318
0.8591383219954649,523.0354,0.010165637359023094
0.8823582766439909,187.32106,0.006022054236382246
0.905578231292517,99.951096,0.021025951951742172
0.9287981859410431,495.3202,0.02928478643298149
0.9520181405895691,463.48184,0.006060459651052952
0.9752380952380952,459.11203,0.004518862813711166
0.9984580498866213,511.56195,0.010420568287372589
1.0216780045351475,505.38525,0.002745875157415867
1.0448979591836736,494.9786,0.0040018013678491116
1.0681179138321997,438.8001,0.0074483188800513744
1.0913378684807256,505.58948,0.0030745118856430054
1.1145578231292517,552.76276,0.003108289558440447
1.1377777777777778,505.14627,0.005203775130212307
1.1609977324263039,55.264996,0.001624760334379971
1.18421768707483,510.61316,0.0035842915531247854
1.207437641723356,2588.1355,0.008513983339071274
1.2306575963718822,531.4034,0.014612659811973572
1.253877551020408,518.91595,0.0030335616320371628
1.2770975056689342,508.32495,0.00364978751167655
1.3003174603174603,532.3341,0.008740484714508057
1.3235374149659864,524.17816,0.010327888652682304
1.3467573696145125,541.9872,0.004369605332612991
1.3699773242630386,565.8839,0.003768754657357931
1.3931972789115648,2712.9722,0.004801555536687374
1.4164172335600906,545.94653,0.006783774122595787
1.4396371882086167,540.7369,0.0024986988864839077
1.4628571428571429,553.5491,0.0016663882415741682
1.486077097505669,551.83875,0.0016709158662706614
1.509297052154195,543.7629,0.0036106049083173275
1.5325170068027212,539.99615,0.0054955678060650826
1.5557369614512473,516.44165,0.003323078854009509
1.5789569160997732,499.61688,0.005098254419863224
1.6021768707482993,526.7527,0.0014581598807126284
1.6253968253968254,391.8514,0.0007393037667497993
1.6486167800453515,405.1385,5.768984919996001e-05
1.6718367346938776,386.43933,2.2413649276131764e-05
1.6950566893424037,0.0,5.35935669176979e-06
1.7182766439909298,0.0,7.840017133275978e-07
1.7414965986394557,0.0,6.395521268132143e-07
1.7647165532879818,0.0,3.633676897152327e-07
1.787936507936508,0.0,1.9369781512068585e-07
1.811156462585034,0.0,1.9817252905340865e-07
1.8343764172335602,0.0,2.0844890968874097e-07
1.8575963718820863,0.0,1.547687134006992e-07
1.8808163265306124,0.0,1.4989109331509098e-07
1.9040362811791383,0.0,2.6047928258776665e-08
