0.0,0.0,3.721370376297273e-07
0.023219954648526078,0.0,2.983433660119772e-07
0.046439909297052155,0.0,2.083770596073009e-07
0.06965986394557823,0.0,1.0751773515949026e-07
0.09287981859410431,0.0,7.942435331642628e-08
0.11609977324263039,0.0,1.2170312402304262e-07
0.13931972789115646,80.27452,2.9677044949494302e-05
0.16253968253968254,277.42496,8.816846820991486e-05
0.18575963718820862,270.60178,0.00026615787646733224
0.2089795918367347,277.00638,0.0006514147389680147
0.23219954648526078,261.4821,0.0007267874898388982
0.25541950113378686,279.451,0.0007067444967105985
0.2786394557823129,272.85037,0.00040695187635719776
0.301859410430839,280.8024,0.00032659940188750625
0.3250793650793651,264.81845,0.0003397223772481084
0.3482993197278912,263.61127,0.0004642287385649979
0.37151927437641724,371.51505,0.00046599513734690845
0.3947392290249433,2635.9268,0.0005929704639129341
0.4179591836734694,271.29446,0.0006683089304715395
0.44117913832199546,170.12468,0.0006200897041708231
0.46439909297052157,2720.2446,0.00037945236545056105
0.4876190476190476,168.42212,0.00046167935943230987
0.5108390022675737,193.35336,0.0007974610198289156
0.5340589569160998,150.23088,0.0011528187897056341
0.5572789115646258,188.63019,0.0009921978926286101
0.5804988662131519,527.0691,0.0008509156759828329
0.603718820861678,193.21858,0.0008188205538317561
0.626938775510204,201.10382,0.0005650977836921811
0.6501587301587302,73.51159,0.0006052694516256452
0.6733786848072563,250.69922,0.0015908663626760244
0.6965986394557824,372.09607,0.00314481183886528
0.7198185941043084,284.72073,0.0026331106200814247
0.7430385487528345,260.85422,0.003611327614635229
0.7662585034013606,280.04803,0.0024025151506066322
0.7894784580498866,266.63898,0.0019757815171033144
0.8126984126984127,265.74115,0.0006478108698502183
0.8359183673469388,367.81317,0.0005033176857978106
0.8591383219954649,383.8761,0.0006583213689737022
0.8823582766439909,190.33727,0.000860936997924
0.905578231292517,192.90225,0.0006723857368342578
0.9287981859410431,2732.2056,0.0004212802741676569
0.9520181405895691,551.53864,0.0004912950680591166
0.9752380952380952,2670.9634,0.0003869881620630622
0.9984580498866213,222.93906,0.00047621846897527575
1.0216780045351475,128.32564,0.0007446990348398685
1.0448979591836736,278.88382,0.0007978177745826542
1.0681179138321997,2734.754,0.0005581672303378582
1.0913378684807256,2756.225,0.0008614022517576814
1.1145578231292517,2685.3616,0.0008137347176671028
1.1377777777777778,2688.51,0.0004928233684040606
1.1609977324263039,274.71878,0.00036698675830848515
1.18421768707483,227.0406,0.00015831425844226032
1.207437641723356,231.88043,0.00023141881683841348
1.2306575963718822,2700.2327,0.0008291824487969279
1.253877551020408,83.45432,0.001298671355471015
1.2770975056689342,91.057175,0.0011964159784838557
1.3003174603174603,229.0808,0.0007776633137837052
1.3235374149659864,280.19022,0.0011716900626197457
1.3467573696145125,372.9012,0.0015932668466120958
1.3699773242630386,2711.642,0.0009677168563939631
1.3931972789115648,220.5672,0.0008229541126638651
1.4164172335600906,220.97896,0.0007912939181551337
1.4396371882086167,196.58559,0.0009710919694043696
1.4628571428571429,2711.361,0.0008954884251579642
1.486077097505669,278.6948,0.0007951926672831178
1.509297052154195,266.19275,0.0004878222243860364
1.5325170068027212,272.53107,0.0006706516142003238
1.5557369614512473,267.8865,0.0007813689298927784
1.5789569160997732,256.8137,0.0009105086792260408
1.6021768707482993,224.60156,0.0004533409664873034
1.6253968253968254,2665.8848,0.0006141767371445894
1.6486167800453515,2655.818,0.0008444218547083437
1.6718367346938776,266.5296,0.000781879061833024
1.6950566893424037,264.81726,0.0005150592187419534
1.7182766439909298,264.3921,0.00012997868179809302
1.7414965986394557,261.25598,2.039574974332936e-05
1.7647165532879818,0.0,6.437252523028292e-06
1.787936507936508,0.0,1.2252594387973659e-06
1.811156462585034,0.0,8.105334927677177e-07
1.8343764172335602,0.0,1.1785323295043781e-07
1.8575963718820863,0.0,2.477981979609467e-07
1.8808163265306124,0.0,1.7291222320636734e-07
1.9040362811791383,0.0,2.910765033448115e-07
1.9272562358276644,0.0,2.0319475879659876e-07
1.9504761904761905,0.0,1.573353074491024e-07
1.9736961451247166,0.0,4.8497895477339625e-08
