0.0,0.0,5.709271135856397e-07
0.023219954648526078,0.0,2.24237737711519e-07
0.046439909297052155,0.0,9.767882147571072e-08
0.06965986394557823,0.0,1.2300006346777081e-07
0.09287981859410431,0.0,1.8123955669580027e-07
0.11609977324263039,0.0,1.3271255738800392e-07
0.13931972789115646,0.0,2.2891617845743895e-07
0.16253968253968254,0.0,3.4063123166561127e-07
0.18575963718820862,0.0,7.488033588742837e-07
0.2089795918367347,155.2517,3.17952326440718e-05
0.23219954648526078,473.50836,5.64516412850935e-05
0.25541950113378686,510.54834,0.000134830639581196
0.2786394557823129,486.78854,0.00027089935611002147
0.301859410430839,394.36658,0.0004339515289757401
0.3250793650793651,295.16858,0.0006570839323103428
0.3482993197278912,304.48502,0.0008473391644656658
0.37151927437641724,167.20715,0.000928564346395433
0.3947392290249433,431.04456,0.0011396706104278564
0.4179591836734694,418.33298,0.001075987471267581
0.44117913832199546,1972.969,0.0010522763477638364
0.46439909297052157,2075.9556,0.0012442998122423887
0.4876190476190476,307.6871,0.0011585864704102278
0.5108390022675737,309.7999,0.0009157980093732476
0.5340589569160998,304.06897,0.0008716796291992068
0.5572789115646258,541.9505,0.0009928328217938542
0.5804988662131519,542.0137,0.0010889075929298997
0.603718820861678,2188.2773,0.0014800993958488107
0.626938775510204,441.3142,0.002150286454707384
0.6501587301587302,147.90057,0.0028681468684226274
0.6733786848072563,2307.5586,0.002558849286288023
0.6965986394557824,2347.5796,0.002322117332369089
0.7198185941043084,401.53348,0.0031164330430328846
0.7430385487528345,416.52402,0.00378019199706614
0.7662585034013606,396.58524,0.003265138017013669
0.7894784580498866,439.20193,0.0034501368645578623
0.8126984126984127,432.82928,0.002488082740455866
0.8359183673469388,2275.22,0.0023132171481847763
0.8591383219954649,2367.7358,0.0020941337570548058
0.8823582766439909,533.12616,0.002126660430803895
0.905578231292517,143.49834,0.001810117275454104
0.9287981859410431,537.05585,0.003996425308287144
0.9520181405895691,187.66202,0.006287829950451851
0.9752380952380952,197.46146,0.011880948208272457
0.9984580498866213,496.7657,0.008824977092444897
1.0216780045351475,104.98015,0.004895453806966543
1.0448979591836736,204.31122,0.003599317744374275
1.0681179138321997,529.5739,0.005220105871558189
1.0913378684807256,195.59239,0.011198120191693306
1.1145578231292517,549.3903,0.011126172728836536
1.1377777777777778,557.153,0.003604841185733676
1.1609977324263039,307.56998,0.005660388618707657
1.18421768707483,502.91168,0.00821634754538536
1.207437641723356,501.31442,0.0037355292588472366
1.2306575963718822,456.2082,0.004337414167821407
1.253877551020408,499.6745,0.0026674559339880943
1.2770975056689342,518.28827,0.0033179649617522955
1.3003174603174603,471.5721,0.007552087306976318
1.3235374149659864,1814.8822,0.005961902439594269
1.3467573696145125,1904.585,0.0021567295771092176
1.3699773242630386,309.0907,0.0034067267552018166
1.3931972789115648,1964.6552,0.0031399342697113752
1.4164172335600906,2019.4899,0.004243575502187014
1.4396371882086167,1918.6475,0.01073179580271244
1.4628571428571429,1750.8151,0.007808341179043055
1.486077097505669,295.59207,0.017730694264173508
1.509297052154195,1693.2622,0.022519735619425774
1.5325170068027212,1844.8335,0.00471732672303915
1.5557369614512473,2271.9688,0.00818748027086258
1.5789569160997732,469.77057,0.004779685288667679
1.6021768707482993,504.58514,0.005683068186044693
1.6253968253968254,497.67624,0.009063955396413803
1.6486167800453515,2114.1104,0.010218745097517967
1.6718367346938776,2352.8655,0.011615624651312828
1.6950566893424037,533.3476,0.010559444315731525
1.7182766439909298,527.8069,0.010476511903107166
1.7414965986394557,2084.0237,0.005562839098274708
1.7647165532879818,2359.3452,0.007008667103946209
1.787936507936508,2375.353,0.007915976457297802
1.811156462585034,2313.4966,0.009193282574415207
1.8343764172335602,1682.3126,0.016678858548402786
1.8575963718820863,159.44955,0.006606939248740673
1.8808163265306124,2171.7512,0.003655998967587948
1.9040362811791383,2228.9468,0.004260612651705742
1.9272562358276644,2200.752,0.007863946259021759
1.9504761904761905,450.7668,0.007684946060180664
1.9736961451247166,161.07587,0.006146501284092665
1.9969160997732427,2339.2712,0.0021863491274416447
2.020136054421769,527.47424,0.0022520802449434996
2.043356009070295,2356.0803,0.0022178790532052517
2.066575963718821,2006.0995,0.0018890828359872103
2.089795918367347,2273.756,0.0013511747820302844
2.1130158730158732,525.0214,0.0015912688104435802
2.1362358276643993,2365.697,0.001914049731567502
2.159455782312925,2148.2307,0.0029869494028389454
2.182675736961451,2287.6042,0.002254753140732646
2.2058956916099772,534.34656,0.002240442670881748
2.2291156462585033,817.2314,0.002584228292107582
2.2523356009070294,510.0343,0.0021880120038986206
2.2755555555555556,1572.369,0.0016649184981361032
2.2987755102040817,526.873,0.001962086418643594
2.3219954648526078,512.5124,0.002242474118247628
2.345215419501134,506.10074,0.004174572415649891
2.36843537414966,503.72748,0.0031977540347725153
2.391655328798186,525.5601,0.0024152009282261133
2.414875283446712,2186.2903,0.0021889647468924522
2.4380952380952383,431.77313,0.0019299003761261702
2.4613151927437644,2218.742,0.0015295413322746754
2.48453514739229,2166.5125,0.0016334615647792816
2.507755102040816,469.08942,0.0015157178277149796
2.5309750566893423,452.5508,0.001723964000120759
2.5541950113378684,509.844,0.0012783680576831102
2.5774149659863945,2163.9834,0.0022229012101888657
2.6006349206349206,298.51233,0.002378673292696476
2.6238548752834467,92.400024,0.0014972342178225517
2.647074829931973,467.89236,0.0018523827893659472
2.670294784580499,198.69066,0.0020951665937900543
2.693514739229025,406.03333,0.0049722022376954556
2.716734693877551,145.08565,0.0060671791434288025
2.7399546485260773,525.3802,0.005200955085456371
2.7631746031746034,445.11893,0.004137035924941301
2.7863945578231295,407.0038,0.0022257117088884115
2.809614512471655,532.5105,0.002142139710485935
2.8328344671201813,415.20554,0.0018941954476758838
2.8560544217687074,2405.913,0.0016885008662939072
2.8792743764172335,2436.013,0.001669426215812564
2.9024943310657596,412.28876,0.0015440862625837326
2.9257142857142857,2458.113,0.0011821326334029436
2.948934240362812,397.7748,0.0011936185183003545
2.972154195011338,520.1474,0.0026092752814292908
2.995374149659864,401.1513,0.0030804239213466644
3.01859410430839,540.04596,0.0026683053001761436
3.0418140589569163,428.79385,0.0021061147563159466
3.0650340136054424,412.69873,0.0007274862728081644
3.0882539682539685,409.3239,0.000561087392270565
3.1114739229024946,520.7482,0.0004574861959554255
3.1346938775510207,103.051414,0.0005198182770982385
3.1579138321995464,2329.9487,0.0006007533520460129
3.1811337868480725,463.2458,0.0011395764304324985
3.2043537414965986,445.8191,0.001434460049495101
3.2275736961451247,165.39322,0.000554265920072794
3.250793650793651,103.89091,0.0003232011804357171
3.274013605442177,514.33026,0.00026435410836711526
3.297233560090703,2555.6167,0.00034651512396521866
3.320453514739229,303.03183,0.0004103085375390947
3.3436734693877552,454.79736,0.0007794569246470928
3.3668934240362813,300.4296,0.0016943447990342975
3.3901133786848074,398.70547,0.0013958605704829097
3.4133333333333336,397.49753,0.0004675191012211144
3.4365532879818597,160.89296,0.00044407323002815247
3.4597732426303858,2478.6138,0.000456423731520772
3.4829931972789114,531.6384,0.0004275965038686991
3.5062131519274375,2431.9736,0.0005457800580188632
3.5294331065759637,431.88455,0.0008952569914981723
3.5526530612244898,517.6433,0.0017322784988209605
3.575873015873016,481.92117,0.0014784922823309898
3.599092970521542,162.28627,0.0006370656192302704
3.622312925170068,521.20245,0.00041996955405920744
3.645532879818594,386.36188,0.00019843029440380633
3.6687528344671203,405.56885,2.350620343349874e-05
3.6919727891156464,0.0,7.3254650487797335e-06
3.7151927437641725,0.0,1.2037198757752776e-06
3.7384126984126986,0.0,2.1272353478707373e-07
3.7616326530612247,0.0,1.9567323761293665e-07
3.784852607709751,0.0,6.470236257882789e-08
3.8080725623582765,0.0,6.437221600208431e-08
3.8312925170068026,0.0,1.2320015230216086e-07
3.8545124716553287,0.0,7.538164936704561e-08
3.877732426303855,0.0,2.1660252969013527e-07
3.900952380952381,0.0,3.235272743040696e-07
3.924172335600907,0.0,1.4504348655464128e-07
3.947392290249433,0.0,1.0926942195510492e-07
3.9706122448979593,0.0,1.8427090253680944e-07
3.9938321995464854,0.0,2.7995156415272504e-08
4.017052154195011,0.0,7.336075213970616e-08
4.040272108843538,0.0,9.157247404800728e-08
4.063492063492063,0.0,3.8342204788932577e-07
4.08671201814059,0.0,5.817710189148784e-07
4.1099319727891155,0.0,4.173425622866489e-07
4.133151927437642,0.0,1.1204338079551235e-07
