0.0,0.0,2.5664940039860085e-07
0.023219954648526078,0.0,8.491861080983654e-08
0.046439909297052155,0.0,1.1692100088112056e-07
0.06965986394557823,0.0,8.883671398507431e-08
0.09287981859410431,0.0,1.7061120161088184e-07
0.11609977324263039,0.0,1.3785120245302096e-07
0.13931972789115646,0.0,2.1439882402773947e-07
0.16253968253968254,0.0,2.005090209422633e-07
0.18575963718820862,0.0,9.461018635192886e-08
0.2089795918367347,0.0,8.585511750425212e-07
0.23219954648526078,99.831375,6.588178803212941e-05
0.25541950113378686,222.88766,9.733783372212201e-05
0.2786394557823129,140.96326,0.0001614564098417759
0.301859410430839,2541.7153,0.0002761247451417148
0.3250793650793651,2455.3965,0.00030938585405237973
0.3482993197278912,2511.857,0.0004896347527392209
0.37151927437641724,2513.0413,0.0004544387338683009
0.3947392290249433,2519.4326,0.00047892099246382713
0.4179591836734694,2445.568,0.00036457128589972854
0.44117913832199546,2573.2007,0.000528867996763438
0.46439909297052157,2557.414,0.0008160152938216925
0.4876190476190476,2593.547,0.0010733313392847776
0.5108390022675737,2582.8962,0.0009466426563449204
0.5340589569160998,2512.5474,0.0007708931807428598
0.5572789115646258,2529.9036,0.0005076209781691432
0.5804988662131519,521.7777,0.0005212139803916216
0.603718820861678,522.13074,0.0007005693623796105
0.626938775510204,533.67236,0.0006576791638508439
0.6501587301587302,182.66457,0.0008977361139841378
0.6733786848072563,2480.4036,0.0013993502361699939
0.6965986394557824,2487.9048,0.0010642847046256065
0.7198185941043084,2500.614,0.0007534096948802471
0.7430385487528345,2581.0837,0.0010610467288643122
0.7662585034013606,2287.5051,0.0012303844559937716
0.7894784580498866,2518.5583,0.0013242081040516496
0.8126984126984127,251.12453,0.0009645785321481526
0.8359183673469388,501.06982,0.0008707353845238686
0.8591383219954649,2471.7476,0.0010489752748981118
0.8823582766439909,2370.1472,0.0016363052418455482
0.905578231292517,2371.367,0.0012317312648519874
0.9287981859410431,2395.2766,0.0012191853020340204
0.9520181405895691,490.2775,0.0018448698101565242
0.9752380952380952,528.64453,0.00087357172742486
0.9984580498866213,2292.9124,0.0009436208056285977
1.0216780045351475,2047.7689,0.001144816866144538
1.0448979591836736,225.57803,0.0022553910966962576
1.0681179138321997,307.67026,0.0017413522582501173
1.0913378684807256,315.60117,0.001878385548479855
1.1145578231292517,2178.0593,0.0012509366497397423
1.1377777777777778,2142.0774,0.0026131095364689827
1.1609977324263039,2225.4543,0.003799548838287592
1.18421768707483,311.63538,0.0025865216739475727
1.207437641723356,2102.1917,0.0017162025906145573
1.2306575963718822,2261.219,0.0019332561641931534
1.253877551020408,514.4086,0.0029945536516606808
1.2770975056689342,316.88895,0.0016355839325115085
1.3003174603174603,2083.44,0.0026772944256663322
1.3235374149659864,302.87167,0.002615979639813304
1.3467573696145125,2152.945,0.001537479110993445
1.3699773242630386,93.74175,0.0037549673579633236
1.3931972789115648,2241.4934,0.002180889481678605
1.4164172335600906,2122.3271,0.0041860854253172874
1.4396371882086167,2084.2852,0.009556022472679615
1.4628571428571429,302.19495,0.015950029715895653
1.486077097505669,300.98404,0.02420373260974884
1.509297052154195,167.16124,0.015190893784165382
1.5325170068027212,2277.902,0.009467141702771187
1.5557369614512473,1997.018,0.012037582695484161
1.5789569160997732,485.1996,0.008049818687140942
1.6021768707482993,2189.7888,0.011270811781287193
1.6253968253968254,449.1987,0.012597562745213509
1.6486167800453515,81.3643,0.013079190626740456
1.6718367346938776,1819.9436,0.02350589819252491
1.6950566893424037,524.2691,0.03159944713115692
1.7182766439909298,506.23343,0.026332367211580276
1.7414965986394557,2073.974,0.0070241340436041355
1.7647165532879818,2122.3728,0.004015396349132061
1.787936507936508,2234.7488,0.004951233975589275
1.811156462585034,2222.6135,0.005497844889760017
1.8343764172335602,2156.8037,0.005094115622341633
1.8575963718820863,425.10358,0.003919376991689205
1.8808163265306124,2236.11,0.0019067816901952028
1.9040362811791383,292.6719,0.002018442377448082
1.9272562358276644,319.51093,0.0018702902598306537
1.9504761904761905,379.365,0.0020653214305639267
1.9736961451247166,293.24362,0.0020056767389178276
1.9969160997732427,549.51196,0.002090057823807001
2.020136054421769,47.648952,0.00219310587272048
2.043356009070295,315.03125,0.006294442340731621
2.066575963718821,516.7296,0.0018922791350632906
2.089795918367347,2288.5278,0.0017299168976023793
2.1130158730158732,2274.6206,0.001461129984818399
2.1362358276643993,1884.0867,0.002887315582484007
2.159455782312925,2147.0122,0.00348743237555027
2.182675736961451,2191.9648,0.0015647694235667586
2.2058956916099772,526.69727,0.00192798743955791
2.2291156462585033,515.0043,0.0024447550531476736
2.2523356009070294,2281.7026,0.0019304361194372177
2.2755555555555556,2053.0957,0.0025561791844666004
2.2987755102040817,525.5354,0.0014785794774070382
2.3219954648526078,541.1576,0.0014480436220765114
2.345215419501134,2344.2388,0.002405268605798483
2.36843537414966,2380.9482,0.0012481586309149861
2.391655328798186,2431.1929,0.0015686496626585722
2.414875283446712,483.29984,0.0014557612594217062
2.4380952380952383,507.49094,0.0011772054713219404
2.4613151927437644,2406.6172,0.0009227499831467867
2.48453514739229,2463.7166,0.0007916787290014327
2.507755102040816,2253.1694,0.0007685458986088634
2.5309750566893423,515.4154,0.0006189539562910795
2.5541950113378684,494.61618,0.00037952905404381454
2.5774149659863945,2301.693,0.00038368284003809094
2.6006349206349206,499.07648,0.0007260628044605255
2.6238548752834467,2378.954,0.0004564251285046339
2.647074829931973,2103.8518,0.0006403032457455993
2.670294784580499,504.3386,0.0005560084828175604
2.693514739229025,2345.8567,0.0007380402530543506
2.716734693877551,2251.542,0.0008910746546462178
2.7399546485260773,518.8601,0.0007072738953866065
2.7631746031746034,2316.3152,0.0006229444989003241
2.7863945578231295,501.26035,0.0007593665504828095
2.809614512471655,516.7962,0.0005971022765152156
2.8328344671201813,511.39813,0.0005249460227787495
2.8560544217687074,2433.7803,0.00031638197833672166
2.8792743764172335,2449.244,0.0003553240967448801
2.9024943310657596,337.12726,0.0003944806521758437
2.9257142857142857,494.77945,0.0003685941337607801
2.948934240362812,2418.695,0.00029046207782812417
2.972154195011338,513.6329,0.0003054642293136567
2.995374149659864,2410.2,0.00029348229872994125
3.01859410430839,2410.9893,0.00029865308897569776
3.0418140589569163,2352.1208,0.0003131785779260099
3.0650340136054424,505.21368,0.0003524517815094441
3.0882539682539685,58.04369,0.0002974045055452734
3.1114739229024946,361.08527,0.00040103765786625445
3.1346938775510207,509.4557,0.0003550885012373328
3.1579138321995464,2501.3367,0.00035512467729859054
3.1811337868480725,2470.42,0.0004417187301442027
3.2043537414965986,2498.686,0.00030923495069146156
3.2275736961451247,2294.738,0.00037279099342413247
3.250793650793651,512.5509,0.00045088553451932967
3.274013605442177,2518.1892,0.0004991775495000184
3.297233560090703,518.17975,0.0005168715724721551
3.320453514739229,2426.6838,0.00037719402462244034
3.3436734693877552,516.6325,0.00038910546572878957
3.3668934240362813,516.65173,0.0002663847408257425
3.3901133786848074,2510.1223,0.00032557034865021706
3.4133333333333336,2432.6501,0.0003713891201186925
3.4365532879818597,510.71674,0.0005370288272388279
3.4597732426303858,2524.2969,0.0006668863352388144
3.4829931972789114,2446.606,0.0004594034398905933
3.5062131519274375,507.5466,0.00037157817860133946
3.5294331065759637,2430.5906,0.0004219238180667162
3.5526530612244898,502.19983,0.0003510989772621542
3.575873015873016,359.64246,0.00016318369307555258
3.599092970521542,233.60638,2.834433689713478e-05
3.622312925170068,0.0,7.611844011989888e-06
3.645532879818594,0.0,1.342678842775058e-06
3.6687528344671203,0.0,2.811930244206451e-07
3.6919727891156464,0.0,3.2873867894522846e-07
3.7151927437641725,0.0,5.542915459955111e-08
3.7384126984126986,0.0,1.5014848031569272e-07
3.7616326530612247,0.0,2.013557605096139e-07
3.784852607709751,0.0,1.1916654329979792e-07
3.8080725623582765,0.0,2.9766579245915636e-07
3.8312925170068026,0.0,1.3848693924956024e-07
3.8545124716553287,0.0,1.1653810361167416e-07
3.877732426303855,0.0,2.4803193809930235e-07
3.900952380952381,0.0,1.5986461221473292e-07
3.924172335600907,0.0,2.2559652279596776e-07
3.947392290249433,0.0,1.3319913705345243e-07
3.9706122448979593,0.0,9.006816981127486e-08
3.9938321995464854,0.0,8.639835868962109e-08
4.017052154195011,0.0,2.0394509192556143e-07
4.040272108843538,0.0,2.688302629394457e-07
4.063492063492063,0.0,1.549469743622467e-07
4.08671201814059,0.0,1.1632710084086284e-07
