0.0,0.0,1.7599722923478112e-07
0.023219954648526078,0.0,6.144455255707726e-08
0.046439909297052155,0.0,1.2650252756429836e-07
0.06965986394557823,0.0,2.9357033781707287e-07
0.09287981859410431,0.0,2.238712113467045e-07
0.11609977324263039,0.0,1.8382979760644957e-07
0.13931972789115646,181.48099,5.39453758392483e-05
0.16253968253968254,160.69687,0.0005165197653695941
0.18575963718820862,356.11426,0.0011018067598342896
0.2089795918367347,197.62686,0.000987247098237276
0.23219954648526078,586.0674,0.0013144068652763963
0.25541950113378686,436.35706,0.0012598290340974927
0.2786394557823129,158.94424,0.0016510426066815853
0.301859410430839,586.46967,0.0031063875649124384
0.3250793650793651,92.27458,0.002216930966824293
0.3482993197278912,533.02,0.0022549431305378675
0.37151927437641724,542.37274,0.0019770185463130474
0.3947392290249433,508.91803,0.002082065213471651
0.4179591836734694,547.2475,0.0014297734014689922
0.44117913832199546,194.5334,0.0029361071065068245
0.46439909297052157,549.39014,0.005585945211350918
0.4876190476190476,573.91144,0.007610701955854893
0.5108390022675737,582.6798,0.008279357105493546
0.5340589569160998,565.53204,0.005723265931010246
0.5572789115646258,581.09595,0.006435179617255926
0.5804988662131519,2527.6733,0.008616133593022823
0.603718820861678,2431.5662,0.012763328850269318
0.626938775510204,543.93884,0.018810221925377846
0.6501587301587302,577.294,0.014806626364588737
0.6733786848072563,566.48926,0.013621101155877113
0.6965986394557824,567.89716,0.01149754412472248
0.7198185941043084,545.6203,0.008837117813527584
0.7430385487528345,535.80493,0.003587864339351654
0.7662585034013606,566.5865,0.0021798028610646725
0.7894784580498866,640.25543,0.002799654845148325
0.8126984126984127,253.58566,0.00382448872551322
0.8359183673469388,619.37695,0.0042342618107795715
0.8591383219954649,618.4828,0.005023841746151447
0.8823582766439909,2871.384,0.005196686834096909
0.905578231292517,2769.0027,0.004956478253006935
0.9287981859410431,226.45358,0.004889851436018944
0.9520181405895691,2739.372,0.004993067122995853
0.9752380952380952,2669.0693,0.005150582641363144
0.9984580498866213,622.18604,0.005830882117152214
1.0216780045351475,593.3909,0.00882838387042284
1.0448979591836736,2639.9434,0.008388571441173553
1.0681179138321997,586.8503,0.00789000652730465
1.0913378684807256,544.5703,0.007564411498606205
1.1145578231292517,193.26581,0.007011726498603821
1.1377777777777778,542.4413,0.006554011721163988
1.1609977324263039,548.3901,0.0088315075263381
1.18421768707483,172.44815,0.005659471265971661
1.207437641723356,145.87224,0.003476302372291684
1.2306575963718822,342.30902,0.0023303371854126453
1.253877551020408,566.8948,0.0025695613585412502
1.2770975056689342,227.8856,0.0026882586535066366
1.3003174603174603,520.6509,0.0025234536733478308
1.3235374149659864,385.59995,0.0023362119682133198
1.3467573696145125,121.45153,0.0022094291634857655
1.3699773242630386,363.7921,0.0016043472569435835
1.3931972789115648,168.60873,0.00150137091986835
1.4164172335600906,196.70184,0.0010688428301364183
1.4396371882086167,413.27792,0.000999837415292859
1.4628571428571429,165.3959,0.001731131225824356
1.486077097505669,168.15613,0.0021446063183248043
1.509297052154195,524.20013,0.0014750286936759949
1.5325170068027212,552.82404,0.0014583063311874866
1.5557369614512473,591.2899,0.0009345717262476683
1.5789569160997732,155.444,0.0006646776455454528
1.6021768707482993,421.27432,0.0007702047005295753
1.6253968253968254,425.35745,0.0008289187680929899
1.6486167800453515,427.19733,0.0007376731373369694
1.6718367346938776,174.88913,0.0013628776650875807
1.6950566893424037,176.59148,0.0011344067752361298
1.7182766439909298,2434.9812,0.0009018962737172842
1.7414965986394557,654.9888,0.0009028110653162003
1.7647165532879818,431.71527,0.0005498966202139854
1.787936507936508,157.70435,0.0003797591489274055
1.811156462585034,159.1004,0.000270715361693874
1.8343764172335602,419.35217,0.0003140364133287221
1.8575963718820863,161.85089,0.0001212127972394228
1.8808163265306124,155.89677,4.017185710836202e-05
1.9040362811791383,159.5514,1.888866609078832e-05
1.9272562358276644,0.0,2.689127541088965e-06
1.9504761904761905,0.0,1.3191311154514551e-06
1.9736961451247166,0.0,3.4966433304362e-07
1.9969160997732427,0.0,1.720936779747717e-07
2.020136054421769,0.0,8.254664862761274e-08
2.043356009070295,0.0,1.5571458789054304e-07
2.066575963718821,0.0,3.9559472497785464e-07
