0.0,0.0,2.1795403881696984e-07
0.023219954648526078,0.0,1.0960866347886622e-07
0.046439909297052155,0.0,2.945262167486362e-07
0.06965986394557823,0.0,2.9417969926726073e-07
0.09287981859410431,0.0,1.6436752048321068e-07
0.11609977324263039,0.0,3.387422111700289e-07
0.13931972789115646,0.0,3.247896529501304e-08
0.16253968253968254,306.9983,3.349695907672867e-05
0.18575963718820862,334.4353,0.00013522562221623957
0.2089795918367347,303.37796,0.0004282310837879777
0.23219954648526078,335.3268,0.0005495275254361331
0.25541950113378686,131.1792,0.0004519167123362422
0.2786394557823129,386.68433,0.0005735547747462988
0.301859410430839,166.47235,0.0008068822789937258
0.3250793650793651,487.68878,0.0009029650245793164
0.3482993197278912,435.57736,0.0009002574370242655
0.37151927437641724,322.83673,0.0008445066632702947
0.3947392290249433,315.26282,0.001260216347873211
0.4179591836734694,378.83197,0.0019287432078272104
0.44117913832199546,404.74594,0.0017902080435305834
0.46439909297052157,307.77493,0.001499250065535307
0.4876190476190476,427.01047,0.002424835227429867
0.5108390022675737,406.2145,0.0027314769104123116
0.5340589569160998,380.15222,0.0022733863443136215
0.5572789115646258,417.82986,0.002399992197751999
0.5804988662131519,174.37569,0.0016671734629198909
0.603718820861678,398.66663,0.0024946341291069984
0.626938775510204,102.83819,0.0032168913166970015
0.6501587301587302,264.44778,0.002930097747594118
0.6733786848072563,97.22059,0.0022570332512259483
0.6965986394557824,275.09863,0.0037928340025246143
0.7198185941043084,270.66272,0.004538421053439379
0.7430385487528345,587.21576,0.0026431786827743053
0.7662585034013606,562.9396,0.003787003457546234
0.7894784580498866,329.85315,0.003998790867626667
0.8126984126984127,327.76126,0.0035465494729578495
0.8359183673469388,410.88702,0.0034480183385312557
0.8591383219954649,319.61417,0.0031337598338723183
0.8823582766439909,977.9524,0.002986125648021698
0.905578231292517,349.57895,0.0033437563106417656
0.9287981859410431,379.36923,0.003824427491053939
0.9520181405895691,406.49637,0.003119219094514847
0.9752380952380952,339.3618,0.0029187100008130074
0.9984580498866213,353.54218,0.003850087057799101
1.0216780045351475,120.009514,0.004491182044148445
1.0448979591836736,929.7104,0.004775648936629295
1.0681179138321997,931.762,0.0026874421164393425
1.0913378684807256,548.47906,0.00251995911821723
1.1145578231292517,96.66112,0.002750447252765298
1.1377777777777778,176.05278,0.0030238465406000614
1.1609977324263039,265.8814,0.003213712479919195
1.18421768707483,370.88528,0.0030702189542353153
1.207437641723356,173.62686,0.0030227729585021734
1.2306575963718822,389.46805,0.0032472056336700916
1.253877551020408,381.88217,0.0037707046139985323
1.2770975056689342,389.08698,0.0035937551874667406
1.3003174603174603,330.8169,0.0030153002589941025
1.3235374149659864,524.8749,0.0023487727157771587
1.3467573696145125,414.49988,0.0027161529287695885
1.3699773242630386,402.72537,0.0027715954929590225
1.3931972789115648,370.05756,0.0012968406081199646
1.4164172335600906,279.6276,0.000777985027525574
1.4396371882086167,284.64224,0.000548051786608994
1.4628571428571429,119.354614,0.0005113492952659726
1.486077097505669,328.23648,0.0009518465958535671
1.509297052154195,169.0034,0.0016307042678818107
1.5325170068027212,125.55656,0.001639014109969139
1.5557369614512473,130.63916,0.0014170912327244878
1.5789569160997732,328.02216,0.0014049378223717213
1.6021768707482993,283.2595,0.0006063103210180998
1.6253968253968254,299.17688,0.0003927373909391463
1.6486167800453515,273.5389,0.0004902477376163006
1.6718367346938776,275.80072,0.0008783266530372202
1.6950566893424037,324.1252,0.0012521811295300722
1.7182766439909298,346.8837,0.0008935090154409409
1.7414965986394557,360.5883,0.0006130222463980317
1.7647165532879818,280.76797,0.0006441540899686515
1.787936507936508,349.48682,0.0004875922459177673
1.811156462585034,265.384,0.00027046832838095725
1.8343764172335602,283.26938,0.00027088733622804284
1.8575963718820863,326.66382,0.0005062747513875365
1.8808163265306124,344.83698,0.00044365692883729935
1.9040362811791383,328.3893,0.00011636887211352587
1.9272562358276644,358.46542,4.884616646450013e-05
1.9504761904761905,332.24542,2.049683462246321e-05
1.9736961451247166,0.0,2.597685124783311e-06
1.9969160997732427,0.0,1.0112771633430384e-06
2.020136054421769,0.0,4.1502335079712793e-07
2.043356009070295,0.0,9.555333235766739e-08
2.066575963718821,0.0,1.5350087778642774e-07
2.089795918367347,0.0,1.5857585822232068e-07
2.1130158730158732,0.0,1.2571672414196655e-07
2.1362358276643993,0.0,3.2175830710912123e-07
2.159455782312925,0.0,4.6811692300252616e-08
