0.0,0.0,9.708001016406342e-07
0.023219954648526078,0.0,5.665715434588492e-07
0.046439909297052155,0.0,5.332849468686618e-07
0.06965986394557823,0.0,6.203217708389275e-07
0.09287981859410431,0.0,9.982286428567022e-07
0.11609977324263039,0.0,2.4006385501706973e-06
0.13931972789115646,0.0,7.649514373042621e-07
0.16253968253968254,0.0,3.4965523809660226e-07
0.18575963718820862,24.757797,4.407976666698232e-05
0.2089795918367347,801.0887,0.0002674575662240386
0.23219954648526078,149.89798,0.0005538195837289095
0.25541950113378686,938.3716,0.0009528676746413112
0.2786394557823129,993.3643,0.0009052509558387101
0.301859410430839,913.39294,0.0010298019042238593
0.3250793650793651,1034.1034,0.0014077180530875921
0.3482993197278912,954.2065,0.0037885529454797506
0.37151927437641724,988.07947,0.003672559279948473
0.3947392290249433,866.0334,0.0039383708499372005
0.4179591836734694,232.19077,0.005847122520208359
0.44117913832199546,1020.59827,0.009615573100745678
0.46439909297052157,1007.008,0.007514039985835552
0.4876190476190476,945.32153,0.005850011482834816
0.5108390022675737,974.9721,0.004587068222463131
0.5340589569160998,680.23254,0.0037256248760968447
0.5572789115646258,226.64798,0.004222922492772341
0.5804988662131519,671.17017,0.005263792350888252
0.603718820861678,1015.9243,0.0029729462694376707
0.626938775510204,1032.2366,0.003090842626988888
0.6501587301587302,989.6003,0.0052441987209022045
0.6733786848072563,934.96173,0.004226590972393751
0.6965986394557824,978.996,0.005117451772093773
0.7198185941043084,987.69196,0.0046445406042039394
0.7430385487528345,917.8145,0.004633935168385506
0.7662585034013606,945.2514,0.004529707133769989
0.7894784580498866,985.9917,0.006578453816473484
0.8126984126984127,963.60394,0.017942465841770172
0.8359183673469388,1032.1285,0.013231169432401657
0.8591383219954649,1002.5992,0.013038423843681812
0.8823582766439909,1032.3074,0.01501547358930111
0.905578231292517,1075.1079,0.01519101858139038
0.9287981859410431,1006.1713,0.010000839829444885
0.9520181405895691,660.2611,0.005872813984751701
0.9752380952380952,699.033,0.005365253426134586
0.9984580498866213,1055.8888,0.0047379061579704285
1.0216780045351475,676.2223,0.005791732110083103
1.0448979591836736,675.1239,0.005056035704910755
1.0681179138321997,689.52423,0.004971030168235302
1.0913378684807256,1007.4648,0.006907817907631397
1.1145578231292517,1028.2482,0.006791347172111273
1.1377777777777778,1038.2584,0.0058059971779584885
1.1609977324263039,654.9971,0.004937079269438982
1.18421768707483,643.61304,0.00481283338740468
1.207437641723356,1047.3881,0.013958543539047241
1.2306575963718822,1084.5986,0.012979866936802864
1.253877551020408,1017.06354,0.009583764709532261
1.2770975056689342,1029.3132,0.013742584735155106
1.3003174603174603,469.13846,0.012544266879558563
1.3235374149659864,1045.1755,0.009213261306285858
1.3467573696145125,1086.1166,0.008805766701698303
1.3699773242630386,1058.5964,0.012285074219107628
1.3931972789115648,1076.4719,0.016075577586889267
1.4164172335600906,623.7616,0.026165597140789032
1.4396371882086167,610.082,0.0267367921769619
1.4628571428571429,1104.3167,0.024378594011068344
1.486077097505669,629.90643,0.017250031232833862
1.509297052154195,224.86436,0.02599165588617325
1.5325170068027212,654.3713,0.029889574274420738
1.5557369614512473,237.38266,0.025398919358849525
1.5789569160997732,1049.6105,0.02490692399442196
1.6021768707482993,675.58655,0.027557043358683586
1.6253968253968254,1001.8519,0.027394432574510574
1.6486167800453515,1010.59546,0.02734409272670746
1.6718367346938776,1014.00385,0.028862176463007927
1.6950566893424037,1032.7733,0.044072918593883514
1.7182766439909298,1056.8035,0.04134797677397728
1.7414965986394557,1097.6869,0.041188277304172516
1.7647165532879818,1050.5597,0.04701979458332062
1.787936507936508,1131.6417,0.04280220717191696
1.811156462585034,993.1097,0.03927256539463997
1.8343764172335602,1081.6586,0.03762105479836464
1.8575963718820863,1096.1818,0.03693601116538048
1.8808163265306124,1094.8436,0.0372636578977108
1.9040362811791383,1044.3927,0.03815917670726776
1.9272562358276644,1003.9336,0.04662132263183594
1.9504761904761905,1089.4061,0.04525277763605118
1.9736961451247166,1024.558,0.027979206293821335
1.9969160997732427,1077.2928,0.03389991074800491
2.020136054421769,444.08682,0.029503673315048218
2.043356009070295,1076.452,0.026347950100898743
2.066575963718821,670.7296,0.026344697922468185
2.089795918367347,641.37463,0.02841757982969284
2.1130158730158732,673.9593,0.030923137441277504
2.1362358276643993,632.4186,0.023520303890109062
2.159455782312925,642.3194,0.013059419579803944
2.182675736961451,635.5614,0.012443499639630318
2.2058956916099772,656.7031,0.012981455773115158
2.2291156462585033,649.1403,0.019311275333166122
2.2523356009070294,631.88495,0.02083364501595497
2.2755555555555556,658.8655,0.018987338989973068
2.2987755102040817,628.4249,0.021483898162841797
2.3219954648526078,1059.5651,0.02033751830458641
2.345215419501134,638.6362,0.02646642178297043
2.36843537414966,1035.728,0.02497897297143936
2.391655328798186,1098.1937,0.024665679782629013
2.414875283446712,1112.4406,0.031138595193624496
2.4380952380952383,1084.9609,0.03747694939374924
2.4613151927437644,1065.7891,0.017129532992839813
2.48453514739229,990.36456,0.011466514319181442
2.507755102040816,661.87726,0.012704399414360523
2.5309750566893423,1015.76666,0.014593543484807014
2.5541950113378684,665.3777,0.015586033463478088
2.5774149659863945,968.8883,0.013422762975096703
2.6006349206349206,694.3457,0.012399192899465561
2.6238548752834467,234.06073,0.017688248306512833
2.647074829931973,227.41643,0.03222633898258209
2.670294784580499,906.12616,0.03210524469614029
2.693514739229025,228.30603,0.023174094036221504
2.716734693877551,230.62897,0.02316686138510704
2.7399546485260773,1073.9574,0.026892513036727905
2.7631746031746034,225.98921,0.041044700890779495
2.7863945578231295,220.20552,0.034689754247665405
2.809614512471655,1061.6002,0.028090443462133408
2.8328344671201813,1040.5586,0.02417491003870964
2.8560544217687074,210.88533,0.03315729647874832
2.8792743764172335,1054.8248,0.040430475026369095
2.9024943310657596,216.65875,0.03851784020662308
2.9257142857142857,1038.9253,0.02111695520579815
2.948934240362812,1017.1924,0.011636557057499886
2.972154195011338,1077.2119,0.010638665407896042
2.995374149659864,985.0418,0.010715799406170845
3.01859410430839,1032.557,0.009375420399010181
3.0418140589569163,692.2915,0.011756486259400845
3.0650340136054424,983.19,0.011547712609171867
3.0882539682539685,1087.1046,0.012747976928949356
3.1114739229024946,1000.4069,0.015797678381204605
3.1346938775510207,702.99744,0.01476595550775528
3.1579138321995464,776.33075,0.005334785673767328
3.1811337868480725,756.1257,0.0060017770156264305
3.2043537414965986,1060.6425,0.007313478738069534
3.2275736961451247,738.002,0.006441270932555199
3.250793650793651,1077.3578,0.008039741776883602
3.274013605442177,1098.8607,0.010383653454482555
3.297233560090703,754.40216,0.007979579269886017
3.320453514739229,1033.6412,0.005705750547349453
3.3436734693877552,1016.44324,0.004553063772618771
3.3668934240362813,218.60397,0.004560744855552912
3.3901133786848074,982.3117,0.005686859600245953
3.4133333333333336,223.43661,0.009919291362166405
3.4365532879818597,704.39655,0.011389549821615219
3.4597732426303858,1090.8309,0.006865945644676685
3.4829931972789114,1045.8093,0.007629895582795143
3.5062131519274375,98.796425,0.006149724125862122
3.5294331065759637,225.27701,0.0033789994195103645
3.5526530612244898,685.01154,0.0028651561588048935
3.575873015873016,688.2199,0.003611556952819228
3.599092970521542,1026.3301,0.004787085577845573
3.622312925170068,1049.9553,0.0047715092077851295
3.645532879818594,716.73413,0.0035504417028278112
3.6687528344671203,702.1892,0.003723087254911661
3.6919727891156464,227.43602,0.003268201369792223
3.7151927437641725,687.376,0.00271609821356833
3.7384126984126986,227.3872,0.00226458627730608
3.7616326530612247,953.5227,0.001434720354154706
3.784852607709751,1024.946,0.00038945639971643686
3.8080725623582765,153.4962,5.559128840104677e-05
3.8312925170068026,0.0,8.40607208374422e-06
3.8545124716553287,0.0,1.1075298971263692e-06
3.877732426303855,0.0,7.713233571848832e-07
3.900952380952381,0.0,2.6149427867494524e-07
3.924172335600907,0.0,2.3840584617573768e-07
3.947392290249433,0.0,1.5111163520487025e-07
3.9706122448979593,0.0,1.4908528100932017e-07
3.9938321995464854,0.0,1.8245555111207068e-07
4.017052154195011,0.0,3.417289917706512e-07
4.040272108843538,0.0,4.5252272684592754e-07
4.063492063492063,0.0,1.7360162019031122e-07
4.08671201814059,0.0,1.3716635294258595e-07
4.1099319727891155,0.0,9.791347110876814e-08
