0.0,0.0,1.6866215446498245e-07
0.023219954648526078,0.0,6.713707989547402e-08
0.046439909297052155,0.0,3.7782228901050985e-08
0.06965986394557823,0.0,1.4551824278896675e-07
0.09287981859410431,0.0,1.5201567293843254e-07
0.11609977324263039,0.0,3.679997462313622e-08
0.13931972789115646,0.0,1.3391763786785305e-07
0.16253968253968254,0.0,5.852016329299659e-07
0.18575963718820862,139.34209,9.533678530715406e-05
0.2089795918367347,361.09583,0.0009084630291908979
0.23219954648526078,81.31356,0.0017500666435807943
0.25541950113378686,363.42206,0.0022944991942495108
0.2786394557823129,365.54337,0.0028344946913421154
0.301859410430839,364.66367,0.002853582613170147
0.3250793650793651,358.85672,0.0032041778322309256
0.3482993197278912,360.5164,0.004600209649652243
0.37151927437641724,371.04852,0.0050065889954566956
0.3947392290249433,357.24945,0.005445398855954409
0.4179591836734694,366.3356,0.00600206945091486
0.44117913832199546,366.32996,0.006189821753650904
0.46439909297052157,365.49265,0.010393284261226654
0.4876190476190476,357.97662,0.007073229178786278
0.5108390022675737,354.15097,0.007766011171042919
0.5340589569160998,359.5185,0.010937700048089027
0.5572789115646258,363.6188,0.012554439716041088
0.5804988662131519,2514.1367,0.014193207025527954
0.603718820861678,544.4094,0.013269536197185516
0.626938775510204,348.79532,0.013327338732779026
0.6501587301587302,578.2135,0.015045195817947388
0.6733786848072563,368.65463,0.02101753279566765
0.6965986394557824,561.86395,0.02219218760728836
0.7198185941043084,539.24585,0.03197098523378372
0.7430385487528345,2638.3257,0.029409807175397873
0.7662585034013606,2595.5327,0.022284533828496933
0.7894784580498866,521.51654,0.014997228048741817
0.8126984126984127,514.5839,0.021159950643777847
0.8359183673469388,525.31573,0.01982768625020981
0.8591383219954649,360.65173,0.02411840669810772
0.8823582766439909,356.5799,0.019848857074975967
0.905578231292517,522.4132,0.020612142980098724
0.9287981859410431,2620.5234,0.018875980749726295
0.9520181405895691,476.8026,0.01622086763381958
0.9752380952380952,2634.6355,0.011746451258659363
0.9984580498866213,520.9131,0.011706743389368057
1.0216780045351475,351.86603,0.00951465591788292
1.0448979591836736,156.97466,0.010813875123858452
1.0681179138321997,360.98697,0.010175628587603569
1.0913378684807256,359.1344,0.011603521183133125
1.1145578231292517,363.5211,0.010970025323331356
1.1377777777777778,2663.568,0.00864238291978836
1.1609977324263039,2593.2307,0.006468965671956539
1.18421768707483,2587.4985,0.006872766651213169
1.207437641723356,368.36075,0.004812671337276697
1.2306575963718822,2526.2583,0.00403510732576251
1.253877551020408,2463.801,0.0041554816998541355
1.2770975056689342,360.56262,0.0034570745192468166
1.3003174603174603,357.0009,0.0035256296396255493
1.3235374149659864,363.68454,0.003122292459011078
1.3467573696145125,357.55298,0.0030040736310184
1.3699773242630386,354.7629,0.0028662190306931734
1.3931972789115648,354.36432,0.0037201461382210255
1.4164172335600906,356.96368,0.003360101720318198
1.4396371882086167,356.62524,0.003296716371551156
1.4628571428571429,2569.488,0.00304625928401947
1.486077097505669,368.17273,0.003180213738232851
1.509297052154195,361.73398,0.0020684266928583384
1.5325170068027212,358.70236,0.0019541848450899124
1.5557369614512473,140.52107,0.0008486719452776015
1.5789569160997732,143.49112,6.821173883508891e-05
1.6021768707482993,0.0,7.743971764284652e-06
1.6253968253968254,0.0,1.779210833774414e-06
1.6486167800453515,0.0,3.6592973629012704e-07
1.6718367346938776,0.0,3.048298822250217e-07
1.6950566893424037,0.0,4.4743865146301687e-07
1.7182766439909298,0.0,1.8172067939303815e-07
1.7414965986394557,0.0,6.871960067655891e-08
1.7647165532879818,0.0,1.5650675777578726e-07
1.787936507936508,0.0,1.1346674000378698e-07
1.811156462585034,0.0,1.3102817320032045e-07
