0.0,0.0,2.1179494069656357e-07
0.023219954648526078,0.0,6.830123311374336e-08
0.046439909297052155,0.0,8.440110832452774e-08
0.06965986394557823,0.0,6.677237252006307e-08
0.09287981859410431,0.0,1.0895837476709858e-07
0.11609977324263039,0.0,9.345694707008079e-08
0.13931972789115646,0.0,1.2671080185100436e-07
0.16253968253968254,151.57393,2.9740000172751024e-05
0.18575963718820862,41.87153,0.00011334725422784686
0.2089795918367347,241.59964,0.000476111366879195
0.23219954648526078,210.34457,0.0012883740710094571
0.25541950113378686,247.75221,0.0024081491865217686
0.2786394557823129,244.65562,0.003427308052778244
0.301859410430839,207.57266,0.004003376234322786
0.3250793650793651,244.94379,0.004279795102775097
0.3482993197278912,118.36749,0.004811295308172703
0.37151927437641724,244.88034,0.005433639511466026
0.3947392290249433,276.2986,0.004140718374401331
0.4179591836734694,207.86755,0.004060155246406794
0.44117913832199546,298.3379,0.005225070286542177
0.46439909297052157,384.43292,0.0061753056943416595
0.4876190476190476,289.87543,0.005187061615288258
0.5108390022675737,295.84702,0.005275294184684753
0.5340589569160998,295.91122,0.005704239476472139
0.5572789115646258,2846.1318,0.006165645085275173
0.5804988662131519,299.0515,0.00805058516561985
0.603718820861678,296.7115,0.007313476409763098
0.626938775510204,205.05957,0.00942320004105568
0.6501587301587302,331.97946,0.007710819132626057
0.6733786848072563,2814.9692,0.007821768522262573
0.6965986394557824,2881.1929,0.007487936411052942
0.7198185941043084,2997.6729,0.008339469321072102
0.7430385487528345,2953.132,0.011904392391443253
0.7662585034013606,255.68848,0.01679469645023346
0.7894784580498866,260.46704,0.014245227910578251
0.8126984126984127,216.1708,0.015143025666475296
0.8359183673469388,289.23514,0.012723051011562347
0.8591383219954649,2848.8767,0.008025700226426125
0.8823582766439909,338.27167,0.007733484730124474
0.905578231292517,170.45335,0.006989980582147837
0.9287981859410431,126.51171,0.007609743159264326
0.9520181405895691,2923.799,0.0069536785595119
0.9752380952380952,69.09233,0.00612417608499527
0.9984580498866213,299.34265,0.007165771909058094
1.0216780045351475,290.21942,0.009894300252199173
1.0448979591836736,251.9129,0.009662928059697151
1.0681179138321997,290.64288,0.00520260538905859
1.0913378684807256,291.4556,0.007329787127673626
1.1145578231292517,290.71222,0.008779549971222878
1.1377777777777778,283.5067,0.00784452073276043
1.1609977324263039,279.45526,0.006709109991788864
1.18421768707483,244.78732,0.0050573754124343395
1.207437641723356,209.06938,0.0035085277631878853
1.2306575963718822,243.58667,0.0041046543046832085
1.253877551020408,211.07018,0.004272858612239361
1.2770975056689342,242.96231,0.003915004897862673
1.3003174603174603,234.43375,0.0038652075454592705
1.3235374149659864,248.65645,0.0037752287462353706
1.3467573696145125,236.23383,0.0033507943153381348
1.3699773242630386,2825.8774,0.0022322824224829674
1.3931972789115648,206.58922,0.002275858074426651
1.4164172335600906,246.12448,0.0024287800770252943
1.4396371882086167,244.80685,0.002881768625229597
1.4628571428571429,2854.1072,0.003077770583331585
1.486077097505669,2920.0579,0.002561981324106455
1.509297052154195,244.41122,0.002204958815127611
1.5325170068027212,79.1902,0.002200220711529255
1.5557369614512473,247.74022,0.001656403299421072
1.5789569160997732,245.07114,0.0013135207118466496
1.6021768707482993,283.04697,0.00037601107032969594
1.6253968253968254,135.36082,6.262373790377751e-05
1.6486167800453515,0.0,6.426450454455335e-06
1.6718367346938776,0.0,1.2311456885072403e-06
1.6950566893424037,0.0,8.382594387512654e-07
1.7182766439909298,0.0,3.1836680136621e-07
1.7414965986394557,0.0,1.4896522770868614e-07
1.7647165532879818,0.0,1.233029252034612e-07
1.787936507936508,0.0,1.7419824871467426e-07
1.811156462585034,0.0,7.837297744117677e-08
