0.0,0.0,1.2686541595030576e-08
0.023219954648526078,0.0,9.219547791872174e-09
0.046439909297052155,0.0,2.468641469022259e-08
0.06965986394557823,0.0,2.161687007173896e-08
0.09287981859410431,0.0,1.4160832506604493e-08
0.11609977324263039,0.0,4.6858076530043036e-08
0.13931972789115646,0.0,2.813703758874908e-08
0.16253968253968254,0.0,3.409149940125644e-08
0.18575963718820862,0.0,2.9454895411618054e-08
0.2089795918367347,0.0,3.243894752813503e-08
0.23219954648526078,0.0,2.090564521495253e-08
0.25541950113378686,0.0,1.9569597498048097e-08
0.2786394557823129,0.0,1.2121563486289233e-07
0.301859410430839,131.05984,1.5459827409358695e-05
0.3250793650793651,153.58594,3.780800761887804e-05
0.3482993197278912,490.72592,5.121394860907458e-05
0.37151927437641724,317.6392,7.078630733303726e-05
0.3947392290249433,484.72278,8.66520858835429e-05
0.4179591836734694,473.76328,0.00012324812996666878
0.44117913832199546,492.10358,0.0001930434664245695
0.46439909297052157,334.96326,0.00023085398424882442
0.4876190476190476,490.6409,0.00025973754236474633
0.5108390022675737,319.75528,0.0003137449675705284
0.5340589569160998,487.1456,0.0002856377395801246
0.5572789115646258,504.04266,0.0002933708601631224
0.5804988662131519,329.97424,0.0002999019343405962
0.603718820861678,473.9425,0.00040287437150254846
0.626938775510204,475.67532,0.0005911535117775202
0.6501587301587302,490.44196,0.0005998059641569853
0.6733786848072563,485.20926,0.0005407356075011194
0.6965986394557824,477.47235,0.0005299063632264733
0.7198185941043084,509.3138,0.0005471748299896717
0.7430385487528345,492.22147,0.00046280669630505145
0.7662585034013606,2333.0095,0.0005686343065463006
0.7894784580498866,494.95807,0.0006344846915453672
0.8126984126984127,343.61493,0.0007591618923470378
0.8359183673469388,523.1447,0.0007967870915308595
0.8591383219954649,498.77002,0.0005782748339697719
0.8823582766439909,480.4541,0.0006880423170514405
0.905578231292517,2370.2356,0.0006810952909290791
0.9287981859410431,341.32358,0.0009937104769051075
0.9520181405895691,522.17957,0.0008351393043994904
0.9752380952380952,534.87415,0.0008589373901486397
0.9984580498866213,496.20926,0.001177400117740035
1.0216780045351475,2403.9634,0.0008563526207581162
1.0448979591836736,2437.0376,0.0008242059266194701
1.0681179138321997,490.41528,0.001201972714625299
1.0913378684807256,504.05402,0.0009734990308061242
1.1145578231292517,2442.5269,0.0014273240230977535
1.1377777777777778,2409.6956,0.001472514821216464
1.1609977324263039,493.3604,0.0017468641744926572
1.18421768707483,494.68756,0.002134410198777914
1.207437641723356,2516.1807,0.0017500838730484247
1.2306575963718822,2388.7026,0.0025234839413315058
1.253877551020408,2380.469,0.0022603694815188646
1.2770975056689342,503.27383,0.002717616967856884
1.3003174603174603,2489.7249,0.0032783611677587032
1.3235374149659864,2455.0156,0.003107626922428608
1.3467573696145125,481.3087,0.002259430941194296
1.3699773242630386,2355.882,0.002314872806891799
1.3931972789115648,2432.0872,0.0032047389540821314
1.4164172335600906,516.6325,0.0025706267915666103
1.4396371882086167,2444.7664,0.004478752613067627
1.4628571428571429,511.3823,0.005188281647861004
1.486077097505669,2415.0344,0.003986526280641556
1.509297052154195,2442.7722,0.006146647967398167
1.5325170068027212,2518.212,0.005132611840963364
1.5557369614512473,2485.4692,0.004527559503912926
1.5789569160997732,2445.865,0.005577975884079933
1.6021768707482993,2528.9675,0.007380019407719374
1.6253968253968254,550.4436,0.007505359128117561
1.6486167800453515,2538.0317,0.007494928315281868
1.6718367346938776,2367.653,0.007194562815129757
1.6950566893424037,2440.1892,0.006946646608412266
1.7182766439909298,506.56326,0.0062457844614982605
1.7414965986394557,509.34207,0.005176042206585407
1.7647165532879818,2587.2012,0.005901148542761803
1.787936507936508,2410.2651,0.006742801982909441
1.811156462585034,559.5263,0.00655680987983942
1.8343764172335602,2547.8257,0.008683059364557266
1.8575963718820863,2510.6648,0.008652466349303722
1.8808163265306124,2484.9507,0.0077607398852705956
1.9040362811791383,2323.077,0.007935937494039536
1.9272562358276644,560.3649,0.008295552805066109
1.9504761904761905,835.1982,0.008726859465241432
1.9736961451247166,2601.4268,0.008414588868618011
1.9969160997732427,2469.0667,0.007431240752339363
2.020136054421769,2559.7993,0.005841532256454229
2.043356009070295,2554.588,0.005202719941735268
2.066575963718821,2294.9626,0.00556785985827446
2.089795918367347,2590.9072,0.0036629787646234035
2.1130158730158732,521.2819,0.003697295906022191
2.1362358276643993,2326.2776,0.004037262871861458
2.159455782312925,2441.988,0.005652526393532753
2.182675736961451,2466.4678,0.003981920424848795
2.2058956916099772,2516.3972,0.004369509872049093
2.2291156462585033,2472.089,0.0038432423025369644
2.2523356009070294,525.7086,0.0031151119619607925
2.2755555555555556,2408.408,0.0037652868777513504
2.2987755102040817,2370.5098,0.002833304926753044
2.3219954648526078,518.1647,0.0021549940574914217
2.345215419501134,2498.7249,0.0027332750614732504
2.36843537414966,501.48566,0.0025993369054049253
2.391655328798186,524.603,0.0018314439803361893
2.414875283446712,2517.473,0.0019043771317228675
2.4380952380952383,2387.6853,0.0022375271655619144
2.4613151927437644,2539.771,0.00215776264667511
2.48453514739229,502.2027,0.002132636262103915
2.507755102040816,2445.5132,0.0017229306977242231
2.5309750566893423,149.25092,0.0016480176709592342
2.5541950113378684,507.9818,0.0016041416674852371
2.5774149659863945,476.6146,0.0016240249387919903
2.6006349206349206,2345.8289,0.0015724466647952795
2.6238548752834467,484.36307,0.0017793537117540836
2.647074829931973,486.95044,0.0014346526004374027
2.670294784580499,342.56097,0.0013147785793989897
2.693514739229025,2393.6445,0.0014403221430256963
2.716734693877551,488.01318,0.0011546555906534195
2.7399546485260773,2409.9617,0.0010960368672385812
2.7631746031746034,481.75677,0.0013583819381892681
2.7863945578231295,484.56,0.0011392090236768126
2.809614512471655,488.6662,0.001086252392269671
2.8328344671201813,486.43906,0.001024638768285513
2.8560544217687074,808.9988,0.0009471140801906586
2.8792743764172335,483.22827,0.000950014335103333
2.9024943310657596,499.54346,0.000967087282333523
2.9257142857142857,2349.8772,0.0009954774286597967
2.948934240362812,481.24957,0.0008374272147193551
2.972154195011338,2308.7576,0.0009881049627438188
2.995374149659864,485.0246,0.0010604661656543612
3.01859410430839,470.45566,0.0009457954438403249
3.0418140589569163,484.71353,0.0006328438175842166
3.0650340136054424,496.7178,0.0006280053057707846
3.0882539682539685,490.49506,0.0005806102999486029
3.1114739229024946,486.14255,0.0004953138995915651
3.1346938775510207,489.39682,0.0005614330293610692
3.1579138321995464,482.29306,0.0006218287744559348
3.1811337868480725,480.63385,0.00040962640196084976
3.2043537414965986,479.85272,0.00047513999743387103
3.2275736961451247,341.33923,0.0003316453658044338
3.250793650793651,472.3631,0.00031841578311286867
3.274013605442177,507.00098,0.00034029880771413445
3.297233560090703,344.8893,0.0003392562794033438
3.320453514739229,484.30655,0.00038080208469182253
3.3436734693877552,479.20453,0.0003982778580393642
3.3668934240362813,479.8217,0.0002593139070086181
3.3901133786848074,477.11798,0.00033510482171550393
3.4133333333333336,486.916,0.00022766951587982476
3.4365532879818597,484.38174,4.4291329686529934e-05
3.4597732426303858,0.0,3.302341610833537e-06
3.4829931972789114,0.0,4.5819251681677997e-07
3.5062131519274375,0.0,7.37391019356437e-08
3.5294331065759637,0.0,3.635886969277635e-08
3.5526530612244898,0.0,1.0828443919308484e-08
3.575873015873016,0.0,1.975968189071864e-08
3.599092970521542,0.0,3.624609234975651e-08
3.622312925170068,0.0,2.2746462491340935e-08
3.645532879818594,0.0,2.334400051040575e-08
3.6687528344671203,0.0,1.7712409317027777e-08
3.6919727891156464,0.0,1.2030795915052295e-08
3.7151927437641725,0.0,1.1604242899920791e-08
3.7384126984126986,0.0,3.8409780245274305e-08
3.7616326530612247,0.0,2.016713551711291e-08
3.784852607709751,0.0,4.005141818197444e-08
3.8080725623582765,0.0,1.1579686542972922e-08
3.8312925170068026,0.0,1.7686033970676363e-08
3.8545124716553287,0.0,2.4629116524010897e-08
3.877732426303855,0.0,1.7739694158080965e-08
3.900952380952381,0.0,6.61430021864362e-08
3.924172335600907,0.0,3.1343915907200426e-08
3.947392290249433,0.0,3.033983375644311e-08
3.9706122448979593,0.0,1.1346855899319053e-08
3.9938321995464854,0.0,1.1485099093988538e-08
