0.0,0.0,3.900731826433912e-08
0.023219954648526078,0.0,1.6282683645840734e-08
0.046439909297052155,0.0,2.652450348250568e-08
0.06965986394557823,0.0,9.656105248723179e-09
0.09287981859410431,0.0,1.4820216165389866e-08
0.11609977324263039,0.0,1.3940734788775444e-08
0.13931972789115646,0.0,2.240358298877254e-08
0.16253968253968254,0.0,3.426157491048798e-08
0.18575963718820862,0.0,5.9070771385449916e-08
0.2089795918367347,0.0,7.814378477633e-08
0.23219954648526078,0.0,8.973884177976288e-07
0.25541950113378686,0.0,6.727915206283797e-06
0.2786394557823129,0.0,9.496718121226877e-06
0.301859410430839,244.29417,1.2976852303836495e-05
0.3250793650793651,89.73711,1.8903316231444478e-05
0.3482993197278912,129.20363,2.578748535597697e-05
0.37151927437641724,245.97154,3.792598727159202e-05
0.3947392290249433,2713.9644,4.880470805801451e-05
0.4179591836734694,2622.24,5.351782601792365e-05
0.44117913832199546,288.35065,7.837476732674986e-05
0.46439909297052157,246.08717,0.0001015469606500119
0.4876190476190476,282.81903,0.00011225718481000513
0.5108390022675737,202.3159,9.618957119528204e-05
0.5340589569160998,248.20782,8.326212264364585e-05
0.5572789115646258,90.82682,9.687847341410816e-05
0.5804988662131519,284.43387,9.624378435546532e-05
0.603718820861678,203.3726,5.244633211987093e-05
0.626938775510204,372.62033,5.685354699380696e-05
0.6501587301587302,243.46,7.802848267601803e-05
0.6733786848072563,110.1651,7.770140655338764e-05
0.6965986394557824,52.054485,8.844465628499165e-05
0.7198185941043084,140.63338,0.00011453189654275775
0.7430385487528345,247.09215,6.181969365570694e-05
0.7662585034013606,198.72336,6.582523928955197e-05
0.7894784580498866,390.02417,9.290541493101045e-05
0.8126984126984127,2770.7996,8.686601358931512e-05
0.8359183673469388,200.77707,0.00010169927554670721
0.8591383219954649,294.9348,0.00016940885689109564
0.8823582766439909,294.44064,0.00010175393254030496
0.905578231292517,60.161793,9.025102917803451e-05
0.9287981859410431,376.0579,0.00010245727025903761
0.9520181405895691,2817.0298,0.00011380782234482467
0.9752380952380952,2825.825,0.0001538566721137613
0.9984580498866213,2864.6743,0.0001503436069469899
1.0216780045351475,290.49744,0.00022869493113830686
1.0448979591836736,385.0318,0.00021708676649723202
1.0681179138321997,2725.8098,0.00018485786858946085
1.0913378684807256,2803.646,0.00019329736824147403
1.1145578231292517,2839.9912,0.00025123218074440956
1.1377777777777778,2934.7954,0.0002621866296976805
1.1609977324263039,2797.7534,0.00027043218142353
1.18421768707483,2846.46,0.00038349191891029477
1.207437641723356,609.6725,0.0003037253627553582
1.2306575963718822,2800.2317,0.00038219423731788993
1.253877551020408,2725.4978,0.0003207514528185129
1.2770975056689342,2808.3389,0.0005463262787088752
1.3003174603174603,246.33711,0.0008545257151126862
1.3235374149659864,247.94316,0.0007261978462338448
1.3467573696145125,283.40164,0.0007316673290915787
1.3699773242630386,2867.2058,0.0007012118585407734
1.3931972789115648,2757.4797,0.0005312515422701836
1.4164172335600906,373.1106,0.0008497954113408923
1.4396371882086167,2811.8765,0.0010048571275547147
1.4628571428571429,2735.26,0.0011103609576821327
1.486077097505669,296.59744,0.0013566191773861647
1.509297052154195,2824.1567,0.0011518214596435428
1.5325170068027212,2938.3303,0.0009683321695774794
1.5557369614512473,90.79178,0.0008737500756978989
1.5789569160997732,2783.839,0.0008440189994871616
1.6021768707482993,2865.4116,0.0008485711878165603
1.6253968253968254,2786.3376,0.0017988721374422312
1.6486167800453515,298.3455,0.0019389904337003827
1.6718367346938776,294.6015,0.0015608338871970773
1.6950566893424037,2875.6423,0.0013054367154836655
1.7182766439909298,2723.4214,0.0016455526929348707
1.7414965986394557,238.307,0.001057466259226203
1.7647165532879818,2799.3276,0.001225641230121255
1.787936507936508,366.92184,0.001192199531942606
1.811156462585034,2759.0203,0.0012784050777554512
1.8343764172335602,2793.4795,0.0012758069206029177
1.8575963718820863,2812.5767,0.0012270198203623295
1.8808163265306124,247.72476,0.000706697755958885
1.9040362811791383,88.378,0.0005981965805403888
1.9272562358276644,145.7207,0.0004267208569217473
1.9504761904761905,99.294815,0.0005304447840899229
1.9736961451247166,370.71524,0.0004505406250245869
1.9969160997732427,370.09534,0.00042643112828955054
2.020136054421769,2763.7112,0.00039355794433504343
2.043356009070295,381.31964,0.00036686481325887144
2.066575963718821,2792.3108,0.0003583521756809205
2.089795918367347,403.99988,0.0003696219064295292
2.1130158730158732,547.20233,0.00038751139072701335
2.1362358276643993,2820.9768,0.000399666401790455
2.159455782312925,2851.6895,0.00040587782859802246
2.182675736961451,2798.3384,0.0004096046322956681
2.2058956916099772,2754.7026,0.0004017067258246243
2.2291156462585033,376.0656,0.0003907904610969126
2.2523356009070294,384.90988,0.0003114441060461104
2.2755555555555556,381.59503,0.0003673522442113608
2.2987755102040817,383.46674,0.00033968337811529636
2.3219954648526078,2703.9165,0.0002944833249785006
2.345215419501134,386.28168,0.0004062275984324515
2.36843537414966,391.92233,0.00045885416329838336
2.391655328798186,2672.4246,0.00042897541425190866
2.414875283446712,382.8558,0.00041968474397435784
2.4380952380952383,378.24115,0.00040170649299398065
2.4613151927437644,2724.8894,0.00035632995422929525
2.48453514739229,2712.2302,0.00030236117891035974
2.507755102040816,2723.629,0.0002912622003350407
2.5309750566893423,372.25854,0.00031997577752918005
2.5541950113378684,2681.5269,0.00024159789609257132
2.5774149659863945,385.18613,0.00024109943478833884
2.6006349206349206,296.21634,0.0002540136338211596
2.6238548752834467,378.43903,0.0002380322403041646
2.647074829931973,294.28778,0.00014654561528004706
2.670294784580499,295.6971,0.00025114964228123426
2.693514739229025,2690.1587,0.0002578673302195966
2.716734693877551,296.74506,0.00025341453147120774
2.7399546485260773,246.66534,0.0002065202861558646
2.7631746031746034,2638.5095,0.00022308991174213588
2.7863945578231295,290.03406,0.0002524751180317253
2.809614512471655,2681.7275,0.00021202213247306645
2.8328344671201813,374.3718,0.0001400146575178951
2.8560544217687074,286.8318,0.0001424579822923988
2.8792743764172335,291.57294,0.00014267556252889335
2.9024943310657596,238.03415,0.0001319244474871084
2.9257142857142857,237.86119,0.00012925820192322135
2.948934240362812,240.8717,0.00011058717063860968
2.972154195011338,378.59793,9.281066741095856e-05
2.995374149659864,241.0447,0.0001156975922640413
3.01859410430839,247.47003,9.839124686550349e-05
3.0418140589569163,245.29552,0.00010895024752244353
3.0650340136054424,244.11461,9.811819472815841e-05
3.0882539682539685,246.12106,7.69464677432552e-05
3.1114739229024946,297.36203,9.091446554521099e-05
3.1346938775510207,294.33038,9.808523464016616e-05
3.1579138321995464,247.71657,7.690668280702084e-05
3.1811337868480725,246.10025,8.390446600969881e-05
3.2043537414965986,380.2905,7.023064245004207e-05
3.2275736961451247,295.79376,5.151163350092247e-05
3.250793650793651,244.57529,5.195838093641214e-05
3.274013605442177,249.18225,3.128912067040801e-05
3.297233560090703,383.1539,1.2524408703029621e-05
3.320453514739229,0.0,1.0155554264201783e-06
3.3436734693877552,0.0,2.0698826119769365e-07
3.3668934240362813,0.0,4.737739800475538e-08
3.3901133786848074,0.0,3.4632648748811334e-08
3.4133333333333336,0.0,1.1465999705251306e-08
3.4365532879818597,0.0,2.6513589546084404e-08
3.4597732426303858,0.0,1.5378645912278444e-08
3.4829931972789114,0.0,1.8341779650654644e-08
3.5062131519274375,0.0,2.0214429241605103e-08
3.5294331065759637,0.0,1.8808350432664156e-08
3.5526530612244898,0.0,2.3091160983312875e-08
3.575873015873016,0.0,2.3380380298476666e-08
3.599092970521542,0.0,2.9494913178496063e-08
3.622312925170068,0.0,2.3728716769255698e-08
3.645532879818594,0.0,1.6168087313417345e-08
3.6687528344671203,0.0,1.9379513105377555e-08
3.6919727891156464,0.0,2.6735506253317e-08
3.7151927437641725,0.0,6.517802830785513e-08
3.7384126984126986,0.0,4.159392119618133e-08
3.7616326530612247,0.0,1.411626726621762e-08
