0.0,0.0,3.490822564344853e-08
0.023219954648526078,0.0,4.087360139237717e-08
0.046439909297052155,0.0,3.503555490169674e-08
0.06965986394557823,0.0,2.3899701773189008e-08
0.09287981859410431,0.0,2.752767613856122e-08
0.11609977324263039,0.0,1.483113010181114e-08
0.13931972789115646,0.0,2.2688254830427468e-08
0.16253968253968254,0.0,4.7538378566969186e-08
0.18575963718820862,0.0,1.7993443179875612e-08
0.2089795918367347,0.0,4.0934537537395954e-08
0.23219954648526078,0.0,4.110370355192572e-08
0.25541950113378686,0.0,6.075970304664224e-08
0.2786394557823129,0.0,3.334480425110087e-08
0.301859410430839,0.0,4.581712346407585e-06
0.3250793650793651,545.05896,1.5085842278494965e-05
0.3482993197278912,238.5119,2.6180829081567936e-05
0.37151927437641724,175.57433,3.8302940083667636e-05
0.3947392290249433,129.85748,6.6357220930513e-05
0.4179591836734694,769.302,0.00010681931598810479
0.44117913832199546,509.94745,0.00016454444266855717
0.46439909297052157,523.9383,0.00017476585344411433
0.4876190476190476,515.5854,0.00025606012786738575
0.5108390022675737,509.36646,0.00026780267944559455
0.5340589569160998,869.83093,0.0004625947040040046
0.5572789115646258,528.0947,0.0003583923098631203
0.5804988662131519,854.89655,0.000350792717654258
0.603718820861678,522.0202,0.0003859069256577641
0.626938775510204,515.79315,0.0006524395430460572
0.6501587301587302,848.8018,0.0008124808664433658
0.6733786848072563,516.65845,0.0011114614317193627
0.6965986394557824,519.4609,0.0007008035317994654
0.7198185941043084,862.97546,0.0004106356354895979
0.7430385487528345,839.1884,0.00041432655416429043
0.7662585034013606,515.1006,0.0006963319610804319
0.7894784580498866,517.465,0.0009087615762837231
0.8126984126984127,845.9282,0.0010614540660753846
0.8359183673469388,541.86273,0.001249830238521099
0.8591383219954649,856.8177,0.0010757968993857503
0.8823582766439909,518.36096,0.0007542520761489868
0.905578231292517,853.0038,0.0007513577584177256
0.9287981859410431,836.0362,0.001027437741868198
0.9520181405895691,523.724,0.0011748701799660921
0.9752380952380952,519.20886,0.0013887430541217327
0.9984580498866213,889.5472,0.0016014976426959038
1.0216780045351475,910.38306,0.0019019400933757424
1.0448979591836736,526.4625,0.001570449210703373
1.0681179138321997,134.49097,0.0011906467843800783
1.0913378684807256,870.9683,0.0014859141083434224
1.1145578231292517,872.48846,0.0010611321777105331
1.1377777777777778,883.7511,0.0011717758607119322
1.1609977324263039,880.9239,0.0014797105686739087
1.18421768707483,905.0367,0.0020522549748420715
1.207437641723356,869.4861,0.0015454951208084822
1.2306575963718822,890.00385,0.0014587867772206664
1.253877551020408,889.90704,0.0016713659279048443
1.2770975056689342,908.6142,0.0015026443870738149
1.3003174603174603,889.9013,0.0020987633615732193
1.3235374149659864,881.18005,0.002545557450503111
1.3467573696145125,561.6005,0.0026528751477599144
1.3699773242630386,901.85284,0.0030209950637072325
1.3931972789115648,294.14844,0.0031432900577783585
1.4164172335600906,908.474,0.002849940210580826
1.4396371882086167,881.52997,0.006130347494035959
1.4628571428571429,906.84753,0.006722969003021717
1.486077097505669,895.39746,0.0070036305114626884
1.509297052154195,935.97687,0.007943695411086082
1.5325170068027212,903.48395,0.006987317465245724
1.5557369614512473,2871.9475,0.006931100971996784
1.5789569160997732,869.9974,0.007267775014042854
1.6021768707482993,936.20447,0.0066572874784469604
1.6253968253968254,851.36884,0.006095504388213158
1.6486167800453515,731.31177,0.007178932428359985
1.6718367346938776,899.4612,0.007201272062957287
1.6950566893424037,823.6693,0.007019480690360069
1.7182766439909298,753.59314,0.008037805557250977
1.7414965986394557,651.93005,0.007844286039471626
1.7647165532879818,845.54193,0.007659235969185829
1.787936507936508,879.69794,0.006398012395948172
1.811156462585034,729.8615,0.004847029689699411
1.8343764172335602,977.19543,0.004251109901815653
1.8575963718820863,1091.8358,0.006642740219831467
1.8808163265306124,1082.323,0.009627980180084705
1.9040362811791383,986.1881,0.008070351555943489
1.9272562358276644,851.42523,0.008975569158792496
1.9504761904761905,714.8809,0.009904822334647179
1.9736961451247166,254.46008,0.00877094455063343
1.9969160997732427,616.13434,0.008264455944299698
2.020136054421769,683.15753,0.007635984569787979
2.043356009070295,941.3768,0.007752441801130772
2.066575963718821,900.01855,0.009606130421161652
2.089795918367347,768.3473,0.00935523770749569
2.1130158730158732,760.9961,0.005152199417352676
2.1362358276643993,934.5829,0.004356157034635544
2.159455782312925,909.14484,0.00804225541651249
2.182675736961451,873.97296,0.003210089635103941
2.2058956916099772,926.4451,0.0024180682376027107
2.2291156462585033,908.5885,0.002236379310488701
2.2523356009070294,907.15015,0.0032943589612841606
2.2755555555555556,943.01355,0.003070245496928692
2.2987755102040817,131.94804,0.0025796564295887947
2.3219954648526078,918.89844,0.002662522951141
2.345215419501134,885.71857,0.003922993782907724
2.36843537414966,843.4739,0.0032406309619545937
2.391655328798186,901.14484,0.002925312612205744
2.414875283446712,878.4279,0.0020899134688079357
2.4380952380952383,921.4833,0.0024137254804372787
2.4613151927437644,905.5413,0.002642412669956684
2.48453514739229,876.221,0.003263051388785243
2.507755102040816,556.4777,0.002428394742310047
2.5309750566893423,901.4066,0.0025625776033848524
2.5541950113378684,888.0148,0.002778275404125452
2.5774149659863945,635.8547,0.0030789044685661793
2.6006349206349206,830.86725,0.003016154747456312
2.6238548752834467,838.7156,0.0022867596708238125
2.647074829931973,137.19955,0.0022083634976297617
2.670294784580499,884.0687,0.0019441464683040977
2.693514739229025,855.77264,0.0017821812070906162
2.716734693877551,844.5152,0.0018622016068547964
2.7399546485260773,875.9686,0.0015856786631047726
2.7631746031746034,833.4556,0.0012985189678147435
2.7863945578231295,881.975,0.0009208351257257164
2.809614512471655,547.2239,0.001397482817992568
2.8328344671201813,885.5287,0.0006564485374838114
2.8560544217687074,879.6412,0.0005969061749055982
2.8792743764172335,891.05597,0.0007067346014082432
2.9024943310657596,873.23694,0.0006565764779224992
2.9257142857142857,884.71674,0.0010225556325167418
2.948934240362812,893.59314,0.001075665932148695
2.972154195011338,543.21893,0.0008953376673161983
2.995374149659864,552.4566,0.0008526559686288238
3.01859410430839,845.1421,0.0007365342462435365
3.0418140589569163,874.3517,0.00044268881902098656
3.0650340136054424,541.88196,0.0006476268172264099
3.0882539682539685,860.5669,0.0006406293250620365
3.1114739229024946,855.2007,0.0007568394648842514
3.1346938775510207,578.3681,0.0007424108916893601
3.1579138321995464,161.36652,0.0007450408302247524
3.1811337868480725,533.5757,0.000482057745102793
3.2043537414965986,852.51825,0.0005405136616900563
3.2275736961451247,889.0546,0.0004127283173147589
3.250793650793651,849.499,0.000483117182739079
3.274013605442177,525.6596,0.0005619293078780174
3.297233560090703,552.73566,0.0004744714533444494
3.320453514739229,869.3111,0.00033061648719012737
3.3436734693877552,845.53326,0.0005804289830848575
3.3668934240362813,168.511,0.0004074720782227814
3.3901133786848074,539.89294,0.00030005621374584734
3.4133333333333336,538.3896,0.0002979518612846732
3.4365532879818597,851.2534,0.0003923925687558949
3.4597732426303858,538.15674,0.0004196734225843102
3.4829931972789114,148.39085,0.0002761859796009958
3.5062131519274375,821.4747,0.0002962998696602881
3.5294331065759637,516.7832,0.00011644755431916565
3.5526530612244898,853.4026,1.4979321349528618e-05
3.575873015873016,0.0,1.1988422556896694e-06
3.599092970521542,0.0,1.3324643077794462e-07
3.622312925170068,0.0,6.274512998061255e-08
3.645532879818594,0.0,2.471097104717046e-08
3.6687528344671203,0.0,1.92603692994453e-08
3.6919727891156464,0.0,2.6769157557282597e-08
3.7151927437641725,0.0,5.332185537554324e-08
3.7384126984126986,0.0,1.3040335034020245e-08
3.7616326530612247,0.0,1.821990736061707e-08
3.784852607709751,0.0,1.1821612133644521e-08
3.8080725623582765,0.0,3.086006472585723e-08
3.8312925170068026,0.0,2.007709554163739e-08
3.8545124716553287,0.0,1.6148987924680114e-08
3.877732426303855,0.0,3.30010152538307e-08
3.900952380952381,0.0,2.627984940772876e-08
3.924172335600907,0.0,2.1698724594898522e-08
3.947392290249433,0.0,1.3813405530527234e-08
3.9706122448979593,0.0,1.857006282079965e-08
3.9938321995464854,0.0,7.714334060437977e-09
4.017052154195011,0.0,8.870301826391369e-09
