0.0,0.0,4.4770513341063634e-07
0.023219954648526078,0.0,2.7704936655936763e-07
0.046439909297052155,0.0,1.2831696949433535e-07
0.06965986394557823,0.0,5.2684299589600414e-08
0.09287981859410431,0.0,9.716040949570015e-08
0.11609977324263039,0.0,1.7086313164327294e-07
0.13931972789115646,0.0,3.2623302104184404e-07
0.16253968253968254,0.0,7.36317815608345e-08
0.18575963718820862,0.0,1.6518151824129745e-07
0.2089795918367347,0.0,1.5912155504338443e-07
0.23219954648526078,0.0,5.169549694983289e-07
0.25541950113378686,146.4165,4.387692752061412e-05
0.2786394557823129,741.099,0.0004072090960107744
0.301859410430839,685.20593,0.0011959371622651815
0.3250793650793651,848.233,0.0020267481449991465
0.3482993197278912,743.28735,0.0022155134938657284
0.37151927437641724,711.84076,0.0028757359832525253
0.3947392290249433,782.6869,0.0024226922541856766
0.4179591836734694,131.50858,0.0013793876860290766
0.44117913832199546,744.3004,0.0011562714353203773
0.46439909297052157,748.2426,0.0017551600467413664
0.4876190476190476,790.3995,0.0036296555772423744
0.5108390022675737,826.0774,0.004572786390781403
0.5340589569160998,808.12427,0.006652860902249813
0.5572789115646258,723.373,0.009966863319277763
0.5804988662131519,750.3861,0.00872137863188982
0.603718820861678,637.6283,0.006170316599309444
0.626938775510204,835.99347,0.006819366477429867
0.6501587301587302,692.35443,0.005287625826895237
0.6733786848072563,878.36316,0.008364217355847359
0.6965986394557824,900.538,0.006788104772567749
0.7198185941043084,826.5981,0.00834654550999403
0.7430385487528345,853.11456,0.007417628075927496
0.7662585034013606,820.0605,0.010696385987102985
0.7894784580498866,204.3358,0.012182626873254776
0.8126984126984127,868.31396,0.00922352634370327
0.8359183673469388,870.84344,0.008346098475158215
0.8591383219954649,712.6455,0.012370620854198933
0.8823582766439909,859.7594,0.009332546032965183
0.905578231292517,876.63617,0.009613138623535633
0.9287981859410431,506.1169,0.013843752443790436
0.9520181405895691,520.7808,0.015225276350975037
0.9752380952380952,194.29405,0.015204546973109245
0.9984580498866213,583.90466,0.014096278697252274
1.0216780045351475,947.52234,0.013660067692399025
1.0448979591836736,905.6648,0.015388202853500843
1.0681179138321997,874.319,0.02391185238957405
1.0913378684807256,882.5618,0.022948626428842545
1.1145578231292517,885.2054,0.015474814921617508
1.1377777777777778,924.1383,0.013160217553377151
1.1609977324263039,198.59341,0.01260405220091343
1.18421768707483,199.8314,0.011717457324266434
1.207437641723356,963.3148,0.009337276220321655
1.2306575963718822,854.7376,0.007568317465484142
1.253877551020408,919.7246,0.009871275164186954
1.2770975056689342,866.6722,0.005780377890914679
1.3003174603174603,885.09784,0.004438056610524654
1.3235374149659864,877.09033,0.006014359183609486
1.3467573696145125,855.1004,0.006473533809185028
1.3699773242630386,841.2889,0.00994487851858139
1.3931972789115648,829.01025,0.012750349938869476
1.4164172335600906,830.4684,0.01220635324716568
1.4396371882086167,814.5918,0.00973860640078783
1.4628571428571429,881.3446,0.006874913815408945
1.486077097505669,869.65234,0.005589555948972702
1.509297052154195,840.84894,0.002401113510131836
1.5325170068027212,712.4198,0.0012280105147510767
1.5557369614512473,767.39264,0.0011608217610046268
1.5789569160997732,840.3413,0.0015855818055570126
1.6021768707482993,815.8471,0.0023142085410654545
1.6253968253968254,804.4616,0.0031319898553192616
1.6486167800453515,778.1986,0.0025402233004570007
1.6718367346938776,834.64386,0.00194206228479743
1.6950566893424037,745.9583,0.0019022331107407808
1.7182766439909298,810.9372,0.0020424264948815107
1.7414965986394557,740.4309,0.002356650773435831
1.7647165532879818,806.62024,0.0020421668887138367
1.787936507936508,782.5421,0.0014796187169849873
1.811156462585034,141.16339,0.0018134257989004254
1.8343764172335602,682.53455,0.0016262202989310026
1.8575963718820863,871.08563,0.0015578442253172398
1.8808163265306124,856.3588,0.0017890708986669779
1.9040362811791383,211.86452,0.0013504840899258852
1.9272562358276644,702.2063,0.0012163734063506126
1.9504761904761905,803.2153,0.001550022279843688
1.9736961451247166,823.3284,0.00106317107565701
1.9969160997732427,144.9764,0.0002893861383199692
2.020136054421769,897.9002,6.303526606643572e-05
2.043356009070295,0.0,5.523329491552431e-06
2.066575963718821,0.0,1.044835698849056e-06
2.089795918367347,0.0,2.8553859010571614e-07
2.1130158730158732,0.0,2.064989530481398e-07
2.1362358276643993,0.0,1.0526400728849694e-07
2.159455782312925,0.0,5.8216755860485137e-08
2.182675736961451,0.0,2.0998049876652658e-07
2.2058956916099772,0.0,1.207599780173041e-07
