0.0,0.0,4.2584360926412046e-07
0.023219954648526078,0.0,4.517305569606833e-07
0.046439909297052155,0.0,6.568061508005485e-07
0.06965986394557823,0.0,1.5018122212495655e-07
0.09287981859410431,0.0,9.806444722926244e-08
0.11609977324263039,0.0,1.9577782950364053e-07
0.13931972789115646,235.22357,1.4248186744225677e-05
0.16253968253968254,285.58215,0.00013021785707678646
0.18575963718820862,2361.2249,0.0008936053491197526
0.2089795918367347,2368.7087,0.0012967817019671202
0.23219954648526078,2336.9402,0.0014435258926823735
0.25541950113378686,410.2082,0.0017877693753689528
0.2786394557823129,2301.9363,0.0021719648502767086
0.301859410430839,2311.7363,0.0023538994137197733
0.3250793650793651,126.04473,0.0021776005160063505
0.3482993197278912,293.35983,0.001924486132338643
0.37151927437641724,2304.891,0.0017656447598710656
0.3947392290249433,2331.0076,0.0028718281537294388
0.4179591836734694,2216.0605,0.004299387335777283
0.44117913832199546,2217.9917,0.0040785628370940685
0.46439909297052157,2350.0808,0.005069481208920479
0.4876190476190476,2179.0657,0.0047936392948031425
0.5108390022675737,2146.4202,0.004978661425411701
0.5340589569160998,2231.6423,0.0043575274758040905
0.5572789115646258,610.2055,0.00510178878903389
0.5804988662131519,2314.2854,0.006882441230118275
0.603718820861678,2338.1309,0.007472065277397633
0.626938775510204,2122.665,0.00659004645422101
0.6501587301587302,2436.6416,0.004534633830189705
0.6733786848072563,2728.1501,0.00523543544113636
0.6965986394557824,2226.656,0.007963386364281178
0.7198185941043084,2207.1494,0.006429513916373253
0.7430385487528345,2383.0562,0.005484728142619133
0.7662585034013606,2263.9875,0.005664738826453686
0.7894784580498866,2445.3105,0.005588085390627384
0.8126984126984127,2458.059,0.006148963700979948
0.8359183673469388,2380.894,0.008243899792432785
0.8591383219954649,2473.1655,0.0064522200264036655
0.8823582766439909,2276.4346,0.008855942636728287
0.905578231292517,2205.0745,0.010249484330415726
0.9287981859410431,2258.0247,0.008155511692166328
0.9520181405895691,2387.1628,0.008389681577682495
0.9752380952380952,2386.511,0.00996498204767704
0.9984580498866213,2322.0742,0.009996137581765652
1.0216780045351475,2381.7217,0.009065087884664536
1.0448979591836736,2425.8123,0.007701491005718708
1.0681179138321997,273.11728,0.009764258749783039
1.0913378684807256,2352.392,0.011950280517339706
1.1145578231292517,2311.9346,0.010501915588974953
1.1377777777777778,2315.2195,0.008534574881196022
1.1609977324263039,2342.35,0.008584029972553253
1.18421768707483,2226.5244,0.010396159254014492
1.207437641723356,2152.7393,0.011285287328064442
1.2306575963718822,2427.2283,0.011455478146672249
1.253877551020408,2345.3025,0.010718912817537785
1.2770975056689342,2162.73,0.02249484322965145
1.3003174603174603,2221.638,0.016104424372315407
1.3235374149659864,2253.1108,0.013019002042710781
1.3467573696145125,2251.0632,0.0124819315969944
1.3699773242630386,2146.7466,0.013559408485889435
1.3931972789115648,286.5513,0.013802164234220982
1.4164172335600906,2249.7207,0.01258144248276949
1.4396371882086167,415.8864,0.016404181718826294
1.4628571428571429,2153.5369,0.01586533710360527
1.486077097505669,2159.105,0.014302171766757965
1.509297052154195,346.8499,0.012305242009460926
1.5325170068027212,2431.4126,0.012549087405204773
1.5557369614512473,2203.027,0.013158008456230164
1.5789569160997732,2340.0293,0.014373574405908585
1.6021768707482993,2401.4426,0.010636255145072937
1.6253968253968254,115.678085,0.008048096671700478
1.6486167800453515,2522.6353,0.00930786319077015
1.6718367346938776,2370.3342,0.013562221080064774
1.6950566893424037,2034.2316,0.024254225194454193
1.7182766439909298,2091.2305,0.027892768383026123
1.7414965986394557,389.09018,0.029103286564350128
1.7647165532879818,2108.4062,0.032376524060964584
1.787936507936508,2312.8809,0.032445356249809265
1.811156462585034,2174.2234,0.02764764055609703
1.8343764172335602,636.10693,0.025843538343906403
1.8575963718820863,2028.7031,0.014371313154697418
1.8808163265306124,2285.746,0.014800535514950752
1.9040362811791383,2262.7837,0.016159603372216225
1.9272562358276644,2139.74,0.014813967980444431
1.9504761904761905,287.07425,0.017132028937339783
1.9736961451247166,2397.554,0.015949364751577377
1.9969160997732427,354.19852,0.01673375442624092
2.020136054421769,2594.8333,0.01804744079709053
2.043356009070295,2291.197,0.01982700452208519
2.066575963718821,2299.2393,0.018161702901124954
2.089795918367347,2322.369,0.019057296216487885
2.1130158730158732,2402.7324,0.01604999601840973
2.1362358276643993,2132.6768,0.01987728849053383
2.159455782312925,2032.7722,0.018957624211907387
2.182675736961451,2134.0679,0.018059255555272102
2.2058956916099772,2204.4827,0.018852073699235916
2.2291156462585033,2190.2166,0.018299296498298645
2.2523356009070294,2051.1484,0.015729105100035667
2.2755555555555556,2390.1655,0.009543003514409065
2.2987755102040817,2165.343,0.01116190105676651
2.3219954648526078,286.68414,0.010202284902334213
2.345215419501134,284.61984,0.011471952311694622
2.36843537414966,2706.9778,0.011617425829172134
2.391655328798186,2197.1526,0.011235319077968597
2.414875283446712,2444.3865,0.011639827862381935
2.4380952380952383,2602.2056,0.010953271761536598
2.4613151927437644,2315.1116,0.01005476526916027
2.48453514739229,2379.1921,0.0061214398592710495
2.507755102040816,2412.6582,0.005628966726362705
2.5309750566893423,2221.5015,0.006065059918910265
2.5541950113378684,293.19714,0.006357509642839432
2.5774149659863945,292.31888,0.006001780740916729
2.6006349206349206,2205.6533,0.005813333671540022
2.6238548752834467,2413.1953,0.005441081710159779
2.647074829931973,226.9501,0.00473937951028347
2.670294784580499,287.21005,0.00455089844763279
2.693514739229025,2273.019,0.004145778715610504
2.716734693877551,2181.1536,0.0025769202038645744
2.7399546485260773,2301.152,0.0030050768982619047
2.7631746031746034,637.41986,0.0033694717567414045
2.7863945578231295,403.0916,0.002669429872184992
2.809614512471655,2168.982,0.002628930378705263
2.8328344671201813,2229.4556,0.002773576881736517
2.8560544217687074,2196.4695,0.0023442162200808525
2.8792743764172335,406.84665,0.0019210788886994123
2.9024943310657596,2232.363,0.0019545876421034336
2.9257142857142857,2381.9622,0.0017305663786828518
2.948934240362812,419.7652,0.001934882253408432
2.972154195011338,2253.4119,0.00179889309220016
2.995374149659864,361.24496,0.002134411595761776
3.01859410430839,2361.2175,0.0016270815394818783
3.0418140589569163,416.7401,0.0013991199666634202
3.0650340136054424,2378.4775,0.0013891748385503888
3.0882539682539685,380.3608,0.0017353541916236281
3.1114739229024946,2295.055,0.0012960124295204878
3.1346938775510207,2257.1643,0.001656556036323309
3.1579138321995464,2335.0642,0.001864806399680674
3.1811337868480725,655.8812,0.0019280877895653248
3.2043537414965986,2497.1184,0.0019352649105712771
3.2275736961451247,2495.4717,0.0016423288034275174
3.250793650793651,2303.6926,0.0012739435769617558
3.274013605442177,2361.1304,0.001197055447846651
3.297233560090703,2299.7432,0.001192920608446002
3.320453514739229,421.946,0.001470233779400587
3.3436734693877552,2381.944,0.0014592607039958239
3.3668934240362813,402.6977,0.0016486551612615585
3.3901133786848074,2293.2632,0.0020500607788562775
3.4133333333333336,2202.8206,0.001969826640561223
3.4365532879818597,282.21365,0.001649554236792028
3.4597732426303858,2272.535,0.0018272235756739974
3.4829931972789114,2200.381,0.0016599937807768583
3.5062131519274375,411.54468,0.0015962629113346338
3.5294331065759637,2203.955,0.001575938076712191
3.5526530612244898,2301.6863,0.0013054164592176676
3.575873015873016,2187.5625,0.0012672257144004107
3.599092970521542,404.60236,0.0013607984874397516
3.622312925170068,2121.6145,0.0017915703356266022
3.645532879818594,2249.141,0.0017192828236147761
3.6687528344671203,2325.2769,0.0014887367142364383
3.6919727891156464,2176.429,0.0012663842644542456
3.7151927437641725,2440.5715,0.0014942045090720057
3.7384126984126986,2405.6167,0.001703918562270701
3.7616326530612247,2159.698,0.0011943986173719168
3.784852607709751,2227.0767,0.0011001047678291798
3.8080725623582765,2111.2007,0.0017785028321668506
3.8312925170068026,2304.2778,0.001302517019212246
3.8545124716553287,2252.1575,0.0013654273934662342
3.877732426303855,2193.329,0.0016576647758483887
3.900952380952381,2208.2788,0.0016465551452711225
3.924172335600907,2146.4192,0.0013089801650494337
3.947392290249433,2229.9316,0.0014210969675332308
3.9706122448979593,2158.151,0.0007716338732279837
3.9938321995464854,2281.8594,0.0009194542071782053
4.017052154195011,2297.5603,0.0009557695011608303
4.040272108843538,2181.9917,0.0008702425402589142
4.063492063492063,386.2256,0.00025354180252179503
4.08671201814059,124.90107,3.118599852314219e-05
4.1099319727891155,0.0,2.3231623345054686e-06
4.133151927437642,0.0,4.1554721974534914e-07
4.156371882086168,0.0,1.2359396350802854e-07
4.179591836734694,0.0,5.244419298833236e-08
4.20281179138322,0.0,4.998673830414191e-08
4.2260317460317465,0.0,1.274520400329493e-07
4.249251700680272,0.0,1.6737794794607908e-07
4.272471655328799,0.0,1.9184699340257794e-07
4.295691609977324,0.0,7.465587259503081e-08
4.31891156462585,0.0,5.21640686201863e-08
4.342131519274377,0.0,5.288165993988514e-08
4.365351473922902,0.0,4.935736797051504e-08
4.388571428571429,0.0,1.0123767424374819e-07
4.4117913832199545,0.0,1.9596518541220576e-07
4.435011337868481,0.0,1.8685750546865165e-07
4.458231292517007,0.0,2.5063854991458356e-08
