0.0,0.0,1.305224941461347e-07
0.023219954648526078,0.0,8.663027983857319e-08
0.046439909297052155,0.0,7.707603799644858e-08
0.06965986394557823,0.0,1.3109456631354988e-07
0.09287981859410431,0.0,2.4754808691795915e-07
0.11609977324263039,0.0,2.0551942725433037e-07
0.13931972789115646,0.0,6.927893991814926e-08
0.16253968253968254,0.0,2.7721398510038853e-08
0.18575963718820862,0.0,3.947661753045395e-08
0.2089795918367347,201.94432,2.5445140636293218e-05
0.23219954648526078,280.27344,0.00013680499978363514
0.25541950113378686,350.72195,0.00025621423264965415
0.2786394557823129,361.17502,0.00037520466139540076
0.301859410430839,381.24323,0.0004851584671996534
0.3250793650793651,356.30243,0.0005902316188439727
0.3482993197278912,360.5938,0.0008102873107418418
0.37151927437641724,375.33905,0.0009808726608753204
0.3947392290249433,354.56268,0.0011882125400006771
0.4179591836734694,354.21567,0.0013221343979239464
0.44117913832199546,422.34753,0.0017272697295993567
0.46439909297052157,363.0706,0.0023675262928009033
0.4876190476190476,596.3804,0.0024744533002376556
0.5108390022675737,349.61368,0.002608665730804205
0.5340589569160998,359.1497,0.0025673862546682358
0.5572789115646258,640.16296,0.002155767288058996
0.5804988662131519,612.48737,0.002255484461784363
0.603718820861678,382.60962,0.002593287033960223
0.626938775510204,608.3176,0.0029921443201601505
0.6501587301587302,257.9381,0.0032491092570126057
0.6733786848072563,601.7756,0.0029639964923262596
0.6965986394557824,638.39453,0.0032719422597438097
0.7198185941043084,1971.9233,0.00420436542481184
0.7430385487528345,608.75824,0.005027797073125839
0.7662585034013606,608.2561,0.0048543307930231094
0.7894784580498866,408.72537,0.004734193906188011
0.8126984126984127,631.3435,0.004523316863924265
0.8359183673469388,373.39246,0.0031581532675772905
0.8591383219954649,274.2914,0.007790704257786274
0.8823582766439909,1871.9817,0.013248711824417114
0.905578231292517,232.56476,0.01217059139162302
0.9287981859410431,636.7581,0.011885527521371841
0.9520181405895691,1995.982,0.011510446667671204
0.9752380952380952,1922.0096,0.010725168511271477
0.9984580498866213,1860.0238,0.009641960263252258
1.0216780045351475,623.66565,0.009854577481746674
1.0448979591836736,366.78754,0.011663418263196945
1.0681179138321997,261.58752,0.010684743523597717
1.0913378684807256,233.68466,0.00846143439412117
1.1145578231292517,637.1171,0.007491852156817913
1.1377777777777778,92.801125,0.01273132860660553
1.1609977324263039,588.4964,0.01608601212501526
1.18421768707483,1948.2117,0.009172866120934486
1.207437641723356,620.7185,0.006213360466063023
1.2306575963718822,620.12805,0.006652607582509518
1.253877551020408,331.24802,0.011796440929174423
1.2770975056689342,386.06708,0.01640709862112999
1.3003174603174603,1960.422,0.016520380973815918
1.3235374149659864,333.6191,0.01697452738881111
1.3467573696145125,1786.869,0.017574932426214218
1.3699773242630386,336.4686,0.018682079389691353
1.3931972789115648,310.1626,0.01917506754398346
1.4164172335600906,340.31567,0.021191652864217758
1.4396371882086167,335.18988,0.016027241945266724
1.4628571428571429,620.7496,0.014762310311198235
1.486077097505669,594.16846,0.020807839930057526
1.509297052154195,90.06866,0.011091923341155052
1.5325170068027212,600.575,0.012083840556442738
1.5557369614512473,271.78522,0.011846964247524738
1.5789569160997732,321.69055,0.01072464045137167
1.6021768707482993,625.3184,0.009953098371624947
1.6253968253968254,271.73685,0.009397553279995918
1.6486167800453515,612.2856,0.010061055421829224
1.6718367346938776,261.5185,0.013685408979654312
1.6950566893424037,591.86505,0.005901101976633072
1.7182766439909298,392.1457,0.006170741748064756
1.7414965986394557,616.6626,0.005593402776867151
1.7647165532879818,614.71936,0.004567861557006836
1.787936507936508,621.46796,0.0043400125578045845
1.811156462585034,618.0292,0.004193603992462158
1.8343764172335602,244.57011,0.004197536036372185
1.8575963718820863,241.90323,0.003973239567130804
1.8808163265306124,600.97955,0.004117576405405998
1.9040362811791383,615.08765,0.004303675144910812
1.9272562358276644,611.1821,0.003984219394624233
1.9504761904761905,370.77377,0.003255612449720502
1.9736961451247166,604.9974,0.0047781323082745075
1.9969160997732427,378.6328,0.005492649972438812
2.020136054421769,346.48917,0.005065681412816048
2.043356009070295,366.9454,0.0055629052221775055
2.066575963718821,362.86673,0.00599562656134367
2.089795918367347,357.37125,0.004785407334566116
2.1130158730158732,377.14865,0.004774534143507481
2.1362358276643993,356.49622,0.0056127263233065605
2.159455782312925,379.80026,0.005114292725920677
2.182675736961451,380.09225,0.004896265454590321
2.2058956916099772,357.42612,0.005468898918479681
2.2291156462585033,356.0692,0.006405012682080269
2.2523356009070294,355.50732,0.007248457055538893
2.2755555555555556,355.08325,0.007678589317947626
2.2987755102040817,349.6459,0.007789064198732376
2.3219954648526078,350.48782,0.0071290358901023865
2.345215419501134,356.39716,0.005525076761841774
2.36843537414966,380.5687,0.0062338621355593204
2.391655328798186,364.9266,0.00720948725938797
2.414875283446712,354.72525,0.00906401313841343
2.4380952380952383,390.68707,0.007483779452741146
2.4613151927437644,364.23508,0.007622600067406893
2.48453514739229,356.64545,0.0075079225935041904
2.507755102040816,354.3636,0.007043847814202309
2.5309750566893423,383.8697,0.005707215517759323
2.5541950113378684,353.21298,0.005504103843122721
2.5774149659863945,156.59708,0.006455364637076855
2.6006349206349206,355.30066,0.007896626368165016
2.6238548752834467,356.96466,0.007208825089037418
2.647074829931973,356.36365,0.006561726797372103
2.670294784580499,356.24887,0.006096801720559597
2.693514739229025,289.75806,0.004100212827324867
2.716734693877551,369.9329,0.004055095836520195
2.7399546485260773,647.64386,0.004581538029015064
2.7631746031746034,614.4658,0.005545525811612606
2.7863945578231295,368.30478,0.005972962826490402
2.809614512471655,640.5172,0.005067174322903156
2.8328344671201813,348.77725,0.004679210018366575
2.8560544217687074,378.19382,0.0031594475731253624
2.8792743764172335,376.3209,0.002806037198752165
2.9024943310657596,362.1724,0.0030261834617704153
2.9257142857142857,348.74088,0.0033905268646776676
2.948934240362812,357.62747,0.0035613710060715675
2.972154195011338,369.50034,0.002856544218957424
2.995374149659864,355.56195,0.002158633666113019
3.01859410430839,354.68384,0.0013868823880329728
3.0418140589569163,377.33054,0.00046262796968221664
3.0650340136054424,356.16412,0.00039240700425580144
3.0882539682539685,181.88606,0.0003471262753009796
3.1114739229024946,354.5427,0.00019772539963014424
3.1346938775510207,350.71423,0.00012158488971181214
3.1579138321995464,328.13187,7.194308273028582e-05
3.1811337868480725,162.16748,4.197495218249969e-05
3.2043537414965986,124.969055,2.3819735361030325e-05
3.2275736961451247,162.85344,1.1893976989085786e-05
3.250793650793651,0.0,6.697472599626053e-06
3.274013605442177,0.0,4.85572854813654e-06
3.297233560090703,0.0,1.8935734260594472e-06
3.320453514739229,0.0,7.901926437625661e-07
3.3436734693877552,0.0,2.2867970983497798e-07
3.3668934240362813,0.0,1.3181124813854694e-07
3.3901133786848074,0.0,1.1576867109397426e-07
3.4133333333333336,0.0,8.373262971872464e-08
3.4365532879818597,0.0,2.8759131964761764e-08
