0.0,0.0,2.8024260245729238e-08
0.023219954648526078,0.0,1.925945980474353e-08
0.046439909297052155,0.0,1.684929884504527e-08
0.06965986394557823,0.0,3.3881406125146896e-08
0.09287981859410431,0.0,1.3693352229893208e-08
0.11609977324263039,0.0,9.586983651388437e-09
0.13931972789115646,0.0,1.1884367268066853e-08
0.16253968253968254,0.0,7.052494765957817e-08
0.18575963718820862,152.50142,1.9143290046486072e-05
0.2089795918367347,568.24023,4.745494879898615e-05
0.23219954648526078,537.58765,7.191766053438187e-05
0.25541950113378686,434.59805,9.640024654800072e-05
0.2786394557823129,448.3713,0.00012664881069213152
0.301859410430839,721.44336,0.0001877800386864692
0.3250793650793651,942.12634,0.00026575784431770444
0.3482993197278912,509.00604,0.00031290954211726785
0.37151927437641724,556.6863,0.00039188109803944826
0.3947392290249433,545.92633,0.0004754898836836219
0.4179591836734694,548.1191,0.0005014472990296781
0.44117913832199546,571.3893,0.0004894295707345009
0.46439909297052157,598.9441,0.0003890590160153806
0.4876190476190476,177.07881,0.00041688355850055814
0.5108390022675737,457.92172,0.000606520043220371
0.5340589569160998,161.91905,0.0008078020764514804
0.5572789115646258,167.64441,0.0008740469347685575
0.5804988662131519,333.43378,0.0008054840727709234
0.603718820861678,962.89825,0.0008728516986593604
0.626938775510204,163.05154,0.0011279869358986616
0.6501587301587302,166.08661,0.001344779273495078
0.6733786848072563,572.88306,0.0010297652333974838
0.6965986394557824,604.1417,0.0008663692278787494
0.7198185941043084,629.0166,0.0011914107017219067
0.7430385487528345,455.9844,0.0014454144984483719
0.7662585034013606,591.0804,0.0015230984427034855
0.7894784580498866,611.50525,0.0013930138666182756
0.8126984126984127,583.2893,0.0013664532452821732
0.8359183673469388,610.217,0.0015296477358788252
0.8591383219954649,567.43567,0.0018465929897502065
0.8823582766439909,929.7996,0.002387979533523321
0.905578231292517,596.0215,0.0026027029380202293
0.9287981859410431,146.4962,0.003736607264727354
0.9520181405895691,945.4458,0.004025903530418873
0.9752380952380952,910.90076,0.004080548416823149
0.9984580498866213,973.34796,0.004631389863789082
1.0216780045351475,1003.6783,0.0044779591262340546
1.0448979591836736,177.9343,0.003968499600887299
1.0681179138321997,442.5728,0.0034064408391714096
1.0913378684807256,356.73804,0.0031529422849416733
1.1145578231292517,455.56345,0.0031488214153796434
1.1377777777777778,942.06036,0.0020398078486323357
1.1609977324263039,594.78204,0.001965965609997511
1.18421768707483,613.8919,0.001226420747116208
1.207437641723356,187.47884,0.0009909956716001034
1.2306575963718822,348.0006,0.0008891341858543456
1.253877551020408,653.33356,0.0009180225897580385
1.2770975056689342,180.70642,0.001211124355904758
1.3003174603174603,642.4267,0.0014691997785121202
1.3235374149659864,537.7789,0.0009732137550599873
1.3467573696145125,205.4655,0.000709121348336339
1.3699773242630386,463.90744,0.000681060366332531
1.3931972789115648,455.0628,0.0006388421170413494
1.4164172335600906,616.6586,0.0007104357937350869
1.4396371882086167,478.671,0.000793144223280251
1.4628571428571429,480.7299,0.0007710343925282359
1.486077097505669,558.74506,0.00047611992340534925
1.509297052154195,462.3719,0.000431415275670588
1.5325170068027212,491.51376,0.00048660225002095103
1.5557369614512473,443.4878,0.0005499306134879589
1.5789569160997732,314.18668,0.0004022522480227053
1.6021768707482993,490.90915,0.00023973437782842666
1.6253968253968254,496.893,0.00027048680931329727
1.6486167800453515,606.4935,0.0002464936696924269
1.6718367346938776,479.84763,0.00026523220003582537
1.6950566893424037,500.92422,0.0002547277545090765
1.7182766439909298,488.60178,0.0002008572337217629
1.7414965986394557,422.7687,0.000248865457251668
1.7647165532879818,520.5561,0.00023085158318281174
1.787936507936508,575.4568,0.00025845662457868457
1.811156462585034,503.5414,0.00024053134256973863
1.8343764172335602,164.18768,0.0003052258398383856
1.8575963718820863,483.62512,0.00034790096106007695
1.8808163265306124,469.86975,0.00026673541287891567
1.9040362811791383,171.04854,0.0002021370455622673
1.9272562358276644,441.26822,0.00017433581524528563
1.9504761904761905,619.231,0.00018503522733226418
1.9736961451247166,459.9388,0.00019845328642986715
1.9969160997732427,490.39124,0.0002088086330331862
2.020136054421769,485.90793,0.00023781927302479744
2.043356009070295,482.78214,0.0002037231024587527
2.066575963718821,440.96954,0.0001531341695226729
2.089795918367347,588.3119,0.00016953489102888852
2.1130158730158732,517.7873,0.00015092745888978243
2.1362358276643993,442.06973,0.00014939515676815063
2.159455782312925,168.11449,0.00013201232650317252
2.182675736961451,488.3397,0.00015263832756318152
2.2058956916099772,473.22482,0.00014251709217205644
2.2291156462585033,478.28888,0.00011029583401978016
2.2523356009070294,112.71869,0.00013387613580562174
2.2755555555555556,580.23846,0.00013275747187435627
2.2987755102040817,457.78787,0.00011045433348044753
2.3219954648526078,515.57806,8.301466732518747e-05
2.345215419501134,159.25035,8.71967786224559e-05
2.36843537414966,168.23045,7.495681347791106e-05
2.391655328798186,478.863,6.793085776735097e-05
2.414875283446712,472.1127,7.213787466753274e-05
2.4380952380952383,82.48483,4.5346263505052775e-05
2.4613151927437644,0.0,6.203778866620269e-06
2.48453514739229,0.0,7.533499228884466e-07
2.507755102040816,0.0,1.0714575182646513e-07
2.5309750566893423,0.0,2.817705535562709e-08
2.5541950113378684,0.0,3.7676727515645325e-08
2.5774149659863945,0.0,1.0550138540565968e-07
2.6006349206349206,0.0,3.658406058093533e-07
2.6238548752834467,0.0,2.722799763432704e-07
2.647074829931973,0.0,2.2633685148321092e-07
2.670294784580499,0.0,1.8189894035458565e-08
2.693514739229025,0.0,2.6013367460109293e-08
