0.0,0.0,6.888531061122194e-07
0.023219954648526078,0.0,3.709274096763693e-07
0.046439909297052155,0.0,4.760177034768276e-07
0.06965986394557823,0.0,2.8162503440398723e-07
0.09287981859410431,0.0,1.2566943041747436e-07
0.11609977324263039,0.0,9.99907570076175e-08
0.13931972789115646,0.0,5.516812962014228e-08
0.16253968253968254,0.0,5.3296389523893595e-08
0.18575963718820862,0.0,1.2036161933792755e-07
0.2089795918367347,451.70187,0.0003093755804002285
0.23219954648526078,504.7376,0.0009559574536979198
0.25541950113378686,549.22516,0.0018665646202862263
0.2786394557823129,539.7539,0.0027189566753804684
0.301859410430839,519.1146,0.0035828091204166412
0.3250793650793651,303.54764,0.0045145489275455475
0.3482993197278912,177.61246,0.005193031392991543
0.37151927437641724,522.82263,0.005512909963726997
0.3947392290249433,574.46423,0.007241509854793549
0.4179591836734694,181.8402,0.00938466377556324
0.44117913832199546,557.1889,0.010945282876491547
0.46439909297052157,615.70764,0.012534057721495628
0.4876190476190476,611.01904,0.014356386847794056
0.5108390022675737,176.33601,0.019568100571632385
0.5340589569160998,533.2687,0.02451208047568798
0.5572789115646258,297.4908,0.02727052941918373
0.5804988662131519,586.1405,0.016217239201068878
0.603718820861678,191.39816,0.012648317962884903
0.626938775510204,482.28882,0.013125255703926086
0.6501587301587302,442.44733,0.017476793378591537
0.6733786848072563,951.4938,0.01848721131682396
0.6965986394557824,644.57983,0.017795778810977936
0.7198185941043084,615.00916,0.02125398814678192
0.7430385487528345,453.514,0.022623172029852867
0.7662585034013606,456.78705,0.027155347168445587
0.7894784580498866,1035.891,0.030804574489593506
0.8126984126984127,531.03735,0.02800634317100048
0.8359183673469388,463.87997,0.029132261872291565
0.8591383219954649,463.13754,0.028478674590587616
0.8823582766439909,584.7072,0.06431189179420471
0.905578231292517,611.48785,0.08588449656963348
0.9287981859410431,535.1742,0.11228737235069275
0.9520181405895691,677.67303,0.11705255508422852
0.9752380952380952,978.4221,0.11807753145694733
0.9984580498866213,516.77014,0.12260153144598007
1.0216780045351475,553.39215,0.1289370059967041
1.0448979591836736,620.9861,0.13173839449882507
1.0681179138321997,1007.7437,0.1295562982559204
1.0913378684807256,576.32495,0.13852283358573914
1.1145578231292517,659.53735,0.12926560640335083
1.1377777777777778,1073.3699,0.15088209509849548
1.1609977324263039,550.6737,0.1558394730091095
1.18421768707483,627.297,0.3364407420158386
1.207437641723356,21.533203,0.30542269349098206
1.2306575963718822,646.0038,0.1564328521490097
1.253877551020408,739.11096,0.13367561995983124
1.2770975056689342,663.2898,0.13817620277404785
1.3003174603174603,685.2555,0.12092749774456024
1.3235374149659864,689.74194,0.10006901621818542
1.3467573696145125,655.90753,0.10287036001682281
1.3699773242630386,682.7149,0.09298741817474365
1.3931972789115648,693.60785,0.07439848780632019
1.4164172335600906,853.74774,0.07641396671533585
1.4396371882086167,652.9406,0.1630101203918457
1.4628571428571429,599.9221,0.2686876356601715
1.486077097505669,556.03357,0.233987957239151
1.509297052154195,510.68118,0.17317627370357513
1.5325170068027212,757.0128,0.1833695024251938
1.5557369614512473,516.76984,0.17548997700214386
1.5789569160997732,550.727,0.16035866737365723
1.6021768707482993,999.1734,0.16437920928001404
1.6253968253968254,872.5278,0.16578812897205353
1.6486167800453515,355.19717,0.1002131849527359
1.6718367346938776,93.07336,0.03676177188754082
1.6950566893424037,475.64197,0.03617975115776062
1.7182766439909298,612.984,0.027224276214838028
1.7414965986394557,593.37067,0.025348875671625137
1.7647165532879818,476.93243,0.02277020737528801
1.787936507936508,456.2364,0.02240637317299843
1.811156462585034,469.01242,0.022045768797397614
1.8343764172335602,445.2097,0.02091652899980545
1.8575963718820863,480.6857,0.020254340022802353
1.8808163265306124,631.3698,0.01923724263906479
1.9040362811791383,446.55133,0.02041592448949814
1.9272562358276644,471.7475,0.031187046319246292
1.9504761904761905,541.9975,0.050785064697265625
1.9736961451247166,469.21927,0.05418162792921066
1.9969160997732427,517.39923,0.04380335286259651
2.020136054421769,171.67635,0.042708732187747955
2.043356009070295,172.63719,0.041754283010959625
2.066575963718821,171.4682,0.03625206649303436
2.089795918367347,168.94096,0.025505196303129196
2.1130158730158732,167.04916,0.02132292464375496
2.1362358276643993,168.96341,0.024827472865581512
2.159455782312925,173.74931,0.03045271337032318
2.182675736961451,618.73047,0.02165038511157036
2.2058956916099772,616.18823,0.020531903952360153
2.2291156462585033,476.4866,0.028718166053295135
2.2523356009070294,497.0611,0.028241153806447983
2.2755555555555556,166.19551,0.02161864936351776
2.2987755102040817,493.8854,0.02504936046898365
2.3219954648526078,170.90787,0.029130471870303154
2.345215419501134,476.88538,0.022983059287071228
2.36843537414966,180.90681,0.018702948465943336
2.391655328798186,517.4237,0.024063846096396446
2.414875283446712,485.5745,0.02627832442522049
2.4380952380952383,657.5494,0.01738780364394188
2.4613151927437644,163.6888,0.02116440050303936
2.48453514739229,501.86154,0.026307612657546997
2.507755102040816,488.19183,0.022848758846521378
2.5309750566893423,529.1173,0.0164555162191391
2.5541950113378684,472.19833,0.016541287302970886
2.5774149659863945,172.31435,0.02296101301908493
2.6006349206349206,492.7972,0.018380803987383842
2.6238548752834467,505.70587,0.016988957300782204
2.647074829931973,482.7854,0.017065273597836494
2.670294784580499,558.4373,0.016753923147916794
2.693514739229025,516.9896,0.013579072430729866
2.716734693877551,169.8063,0.014134530909359455
2.7399546485260773,169.67426,0.015532108023762703
2.7631746031746034,482.45767,0.010656164027750492
2.7863945578231295,434.752,0.012144457548856735
2.809614512471655,478.28528,0.012759311124682426
2.8328344671201813,505.11588,0.008501055650413036
2.8560544217687074,629.06866,0.005680865608155727
2.8792743764172335,491.83215,0.007589238230139017
2.9024943310657596,488.78323,0.008607214316725731
2.9257142857142857,163.76965,0.007422788068652153
2.948934240362812,164.23857,0.008120836690068245
2.972154195011338,478.37094,0.006067005451768637
2.995374149659864,544.71234,0.004109224304556847
3.01859410430839,491.05484,0.001521005411632359
3.0418140589569163,445.2715,0.0003459198051132262
3.0650340136054424,183.77911,6.591209239559248e-05
3.0882539682539685,0.0,3.6643923522206023e-06
3.1114739229024946,0.0,6.583395588677377e-07
3.1346938775510207,0.0,1.9247818272560835e-07
3.1579138321995464,0.0,3.1313447834691033e-07
3.1811337868480725,0.0,1.0931853466900066e-07
3.2043537414965986,0.0,1.1515112419147044e-07
3.2275736961451247,0.0,1.2407144822645932e-07
3.250793650793651,0.0,7.388280209852383e-08
3.274013605442177,0.0,1.2570126273203641e-08
