0.0,0.0,7.484140951419249e-08
0.023219954648526078,0.0,1.0307030606782064e-07
0.046439909297052155,0.0,5.965557647868991e-08
0.06965986394557823,0.0,1.908914782688953e-06
0.09287981859410431,123.40568,0.000255041552009061
0.11609977324263039,154.04031,0.0005768948467448354
0.13931972789115646,463.31403,0.0008138525299727917
0.16253968253968254,158.62013,0.0013123024255037308
0.18575963718820862,494.77246,0.00175562989898026
0.2089795918367347,120.14125,0.0020984893199056387
0.23219954648526078,163.2852,0.0026135388761758804
0.25541950113378686,436.5984,0.0030645590741187334
0.2786394557823129,328.72305,0.002014440018683672
0.301859410430839,125.730064,0.000657090509776026
0.3250793650793651,137.73383,0.0014629499055445194
0.3482993197278912,449.8829,0.005049603525549173
0.37151927437641724,96.5859,0.008443827740848064
0.3947392290249433,612.2875,0.0057856375351548195
0.4179591836734694,165.4529,0.00233603292144835
0.44117913832199546,331.37033,0.002326066605746746
0.46439909297052157,161.62694,0.004181390628218651
0.4876190476190476,164.55368,0.010056599043309689
0.5108390022675737,468.26077,0.01077749952673912
0.5340589569160998,158.95505,0.007659749127924442
0.5572789115646258,163.49019,0.0033320647198706865
0.5804988662131519,574.6363,0.006253048777580261
0.603718820861678,344.8483,0.007524218410253525
0.626938775510204,612.06085,0.007751300930976868
0.6501587301587302,467.56534,0.01330077275633812
0.6733786848072563,535.0623,0.00619635172188282
0.6965986394557824,168.54517,0.003945549484342337
0.7198185941043084,349.33215,0.007634892128407955
0.7430385487528345,346.3246,0.010747885331511497
0.7662585034013606,451.74127,0.013423955999314785
0.7894784580498866,572.59717,0.006410224828869104
0.8126984126984127,184.42218,0.0037368584889918566
0.8359183673469388,66.951546,0.010609207674860954
0.8591383219954649,155.83412,0.018858978524804115
0.8823582766439909,994.18414,0.019968761131167412
0.905578231292517,136.68277,0.016736170276999474
0.9287981859410431,441.4454,0.008010774850845337
0.9520181405895691,370.68564,0.010274799540638924
0.9752380952380952,76.75088,0.018921272829174995
0.9984580498866213,442.43097,0.029990525916218758
1.0216780045351475,453.57642,0.03236441686749458
1.0448979591836736,943.451,0.03520935773849487
1.0681179138321997,987.627,0.025626011192798615
1.0913378684807256,956.16003,0.02267627790570259
1.1145578231292517,639.2493,0.028334815055131912
1.1377777777777778,520.6674,0.04210441932082176
1.1609977324263039,477.7698,0.0664268434047699
1.18421768707483,991.3135,0.07174801826477051
1.207437641723356,618.99023,0.07104173302650452
1.2306575963718822,581.0842,0.0626133382320404
1.253877551020408,590.7959,0.049432266503572464
1.2770975056689342,30.534018,0.06946594268083572
1.3003174603174603,627.88495,0.05105104297399521
1.3235374149659864,622.90594,0.07583171874284744
1.3467573696145125,614.96075,0.0871911272406578
1.3699773242630386,1055.0853,0.07924795895814896
1.3931972789115648,600.2748,0.06725791841745377
1.4164172335600906,596.9819,0.053107090294361115
1.4396371882086167,633.4935,0.04501521587371826
1.4628571428571429,590.4991,0.09282201528549194
1.486077097505669,487.90436,0.10227158665657043
1.509297052154195,487.29166,0.08679784834384918
1.5325170068027212,476.0348,0.09447699040174484
1.5557369614512473,595.60175,0.10752277821302414
1.5789569160997732,522.07635,0.10899467021226883
1.6021768707482993,474.02426,0.08273138105869293
1.6253968253968254,456.05823,0.059934742748737335
1.6486167800453515,474.04324,0.04098299518227577
1.6718367346938776,961.42206,0.05694727227091789
1.6950566893424037,676.8893,0.07012679427862167
1.7182766439909298,992.0813,0.05245739966630936
1.7414965986394557,625.9814,0.036561571061611176
1.7647165532879818,442.31064,0.02144564501941204
1.787936507936508,358.8293,0.021449793130159378
1.811156462585034,635.7847,0.03316661715507507
1.8343764172335602,450.97934,0.03427473455667496
1.8575963718820863,451.35806,0.02354595623910427
1.8808163265306124,634.9578,0.016237029805779457
1.9040362811791383,638.6896,0.015395769849419594
1.9272562358276644,328.41763,0.015637068077921867
1.9504761904761905,189.68163,0.01193944551050663
1.9736961451247166,610.90656,0.011898063123226166
1.9969160997732427,342.57254,0.009983157739043236
2.020136054421769,619.09357,0.01150423102080822
2.043356009070295,459.62933,0.011358915828168392
2.066575963718821,350.1086,0.011526433750987053
2.089795918367347,460.24164,0.008216721937060356
2.1130158730158732,624.62946,0.007079976610839367
2.1362358276643993,455.20837,0.007710273377597332
2.159455782312925,173.56808,0.011566216126084328
2.182675736961451,471.9241,0.015159482136368752
2.2058956916099772,453.7216,0.010182435624301434
2.2291156462585033,478.69034,0.011821570806205273
2.2523356009070294,623.404,0.009387213736772537
2.2755555555555556,454.66522,0.007795773446559906
2.2987755102040817,453.27255,0.008796192705631256
2.3219954648526078,451.78027,0.010539622977375984
2.345215419501134,626.13184,0.009087338112294674
2.36843537414966,446.46213,0.004697658121585846
2.391655328798186,439.19235,0.005528748035430908
2.414875283446712,437.02637,0.006787408143281937
2.4380952380952383,435.90143,0.007165524177253246
2.4613151927437644,438.33093,0.004150889348238707
2.48453514739229,445.47147,0.003002656390890479
2.507755102040816,470.86902,0.003416487481445074
2.5309750566893423,468.89075,0.003958693705499172
2.5541950113378684,286.13205,0.0038171582855284214
2.5774149659863945,344.6356,0.0037093819119036198
2.6006349206349206,333.3311,0.003115816507488489
2.6238548752834467,460.00378,0.0032092162873595953
2.647074829931973,121.555244,0.0037628491409122944
2.670294784580499,463.02008,0.003058044472709298
2.693514739229025,444.11783,0.0030567178037017584
2.716734693877551,470.7852,0.0032909084111452103
2.7399546485260773,441.5374,0.0026309029199182987
2.7631746031746034,462.2564,0.0026506679132580757
2.7863945578231295,444.96768,0.0027653330471366644
2.809614512471655,449.78525,0.0032267796341329813
2.8328344671201813,160.83067,0.002978886943310499
2.8560544217687074,465.4155,0.002463156823068857
2.8792743764172335,463.45828,0.0027726192492991686
2.9024943310657596,494.1016,0.002360378624871373
2.9257142857142857,179.55522,0.0021647836547344923
2.948934240362812,340.3963,0.002147797727957368
2.972154195011338,465.36087,0.0025855195708572865
2.995374149659864,161.22942,0.0024491201620548964
3.01859410430839,452.25748,0.00194844719953835
3.0418140589569163,469.28937,0.0020477664656937122
3.0650340136054424,481.18164,0.0016936500323936343
3.0882539682539685,170.97607,0.0015074093826115131
3.1114739229024946,122.58419,0.001518008066341281
3.1346938775510207,452.03162,0.0020384115632623434
3.1579138321995464,156.54942,0.001953262137249112
3.1811337868480725,457.62064,0.0015394833171740174
3.2043537414965986,163.7781,0.0011183139868080616
3.2275736961451247,475.68475,0.0010914759477600455
3.250793650793651,178.19145,0.0008506589801982045
3.274013605442177,435.8711,0.000729987514205277
3.297233560090703,447.15335,0.0006537314620800316
3.320453514739229,416.83636,0.0005495201330631971
3.3436734693877552,454.32053,0.0004063539672642946
3.3668934240362813,376.88544,0.00030007315217517316
3.3901133786848074,419.3838,0.00021504635515157133
3.4133333333333336,398.50323,9.721009701024741e-05
3.4365532879818597,364.76288,5.680986578227021e-05
3.4597732426303858,352.28052,3.550622932380065e-05
3.4829931972789114,141.20473,1.684152266534511e-05
3.5062131519274375,0.0,8.076473932305817e-06
3.5294331065759637,0.0,3.2641573852743022e-06
3.5526530612244898,0.0,6.407490218407474e-07
3.575873015873016,0.0,1.6754984244471416e-07
3.599092970521542,0.0,1.0202984412899241e-07
3.622312925170068,0.0,9.74978320300579e-09
