0.0,0.0,3.925379132851958e-08
0.023219954648526078,0.0,5.159381544217467e-08
0.046439909297052155,0.0,3.243440005462617e-08
0.06965986394557823,0.0,3.3561263990122825e-08
0.09287981859410431,0.0,2.990327629959211e-08
0.11609977324263039,0.0,3.3322066883556545e-08
0.13931972789115646,0.0,5.6806129578035325e-08
0.16253968253968254,0.0,1.9087692635366693e-06
0.18575963718820862,0.0,8.357203114428557e-06
0.2089795918367347,271.12424,2.5328910851385444e-05
0.23219954648526078,272.2662,4.9917154683498666e-05
0.25541950113378686,361.38242,9.424333984497935e-05
0.2786394557823129,284.1916,0.0001251119829248637
0.301859410430839,359.9424,0.0001528738357592374
0.3250793650793651,237.86894,0.00016882122145034373
0.3482993197278912,261.711,0.00017472109175287187
0.37151927437641724,2621.0388,0.00015725000412203372
0.3947392290249433,231.92424,0.00011615634139161557
0.4179591836734694,2646.4395,7.876616291468963e-05
0.44117913832199546,272.8246,6.131132249720395e-05
0.46439909297052157,351.85574,8.234778215410188e-05
0.4876190476190476,274.24518,9.595807205187157e-05
0.5108390022675737,267.99506,0.00013018681784160435
0.5340589569160998,337.79028,9.34637791942805e-05
0.5572789115646258,2562.1416,5.968321056570858e-05
0.5804988662131519,2646.5369,6.686002598144114e-05
0.603718820861678,342.4465,8.410861482843757e-05
0.626938775510204,346.13397,0.00012407131725922227
0.6501587301587302,2484.1235,0.00017941644182428718
0.6733786848072563,2353.0955,0.00020270957611501217
0.6965986394557824,330.83066,0.00017940890393219888
0.7198185941043084,2386.0222,0.00019414907728787512
0.7430385487528345,2466.6003,0.0003402481088414788
0.7662585034013606,340.28726,0.00041766336653381586
0.7894784580498866,349.0334,0.0003508614609017968
0.8126984126984127,415.66168,0.00023903205874376
0.8359183673469388,267.15704,0.00012548378435894847
0.8591383219954649,348.74887,7.6555777923204e-05
0.8823582766439909,347.71396,0.00010087008558912203
0.905578231292517,263.92505,0.00021250284044072032
0.9287981859410431,260.33997,0.0002441902761347592
0.9520181405895691,264.39072,0.00039644286152906716
0.9752380952380952,257.45477,0.0003970694961026311
0.9984580498866213,351.69177,0.00032479618676006794
1.0216780045351475,1927.0823,0.0003260236408095807
1.0448979591836736,2189.9084,0.00043688598088920116
1.0681179138321997,342.04074,0.0004069425049237907
1.0913378684807256,2384.63,0.00045362062519416213
1.1145578231292517,334.0196,0.0004956547636538744
1.1377777777777778,329.08298,0.00047370471293106675
1.1609977324263039,334.22604,0.00044767235522158444
1.18421768707483,340.79794,0.0004125206032767892
1.207437641723356,355.10028,0.0004311101511120796
1.2306575963718822,347.0814,0.00035347792436368763
1.253877551020408,326.23355,0.00032775424188002944
1.2770975056689342,328.52652,0.0003285271814092994
1.3003174603174603,325.9144,0.00030676278402097523
1.3235374149659864,326.16278,0.00021955360716674477
1.3467573696145125,352.0746,0.0001906348334159702
1.3699773242630386,331.13565,0.00022717259707860649
1.3931972789115648,341.93103,0.00019781591254286468
1.4164172335600906,331.2381,0.00017600982391741127
1.4396371882086167,262.89645,0.00010245393787045032
1.4628571428571429,262.8071,9.548674279358238e-05
1.486077097505669,265.7094,9.872709779301658e-05
1.509297052154195,2628.2988,0.00010842848860193044
1.5325170068027212,347.83887,0.0001249144843313843
1.5557369614512473,268.8329,0.00013125044642947614
1.5789569160997732,266.40344,0.00015999539755284786
1.6021768707482993,263.80316,0.0001602473494131118
1.6253968253968254,263.05472,9.732497710501775e-05
1.6486167800453515,272.4358,9.804927685763687e-05
1.6718367346938776,2650.3252,0.00010675874364096671
1.6950566893424037,262.31342,0.00014311724225990474
1.7182766439909298,261.67953,0.00015374005306512117
1.7414965986394557,266.08423,0.00020883035904262215
1.7647165532879818,264.50452,0.00019894560682587326
1.787936507936508,263.4151,0.00014054727216716856
1.811156462585034,2579.7017,0.00011691323015838861
1.8343764172335602,261.5961,0.00011157621338497847
1.8575963718820863,220.73378,9.728997974889353e-05
1.8808163265306124,259.23254,0.00011774460290325806
1.9040362811791383,267.14417,0.00011257084406679496
1.9272562358276644,271.9222,0.0001320822921115905
1.9504761904761905,262.16663,0.0001340807939413935
1.9736961451247166,346.6435,0.0001317130372626707
1.9969160997732427,265.8839,9.428738849237561e-05
2.020136054421769,268.62308,8.13392543932423e-05
2.043356009070295,2678.387,7.340385491261259e-05
2.066575963718821,270.5568,6.69051514705643e-05
2.089795918367347,267.8261,8.13691585790366e-05
2.1130158730158732,263.0783,8.467232692055404e-05
2.1362358276643993,267.57388,9.47096268646419e-05
2.159455782312925,2668.5073,8.500720286974683e-05
2.182675736961451,342.1313,7.693770021433011e-05
2.2058956916099772,262.97742,8.938182145357132e-05
2.2291156462585033,334.0002,6.674963515251875e-05
2.2523356009070294,115.87273,6.932577525731176e-05
2.2755555555555556,347.17584,7.823680061846972e-05
2.2987755102040817,337.85916,8.260057074949145e-05
2.3219954648526078,269.71616,8.186024206224829e-05
2.345215419501134,345.01965,8.658014849061146e-05
2.36843537414966,342.8287,8.587048796471208e-05
2.391655328798186,265.9633,7.943493983475491e-05
2.414875283446712,270.57355,9.028670319821686e-05
2.4380952380952383,346.54242,6.539450259879231e-05
2.4613151927437644,268.95477,5.8137862652074546e-05
2.48453514739229,269.25998,6.530505197588354e-05
2.507755102040816,264.765,4.275274841347709e-05
2.5309750566893423,268.88116,1.086964039131999e-05
2.5541950113378684,0.0,1.0106987247127108e-06
2.5774149659863945,0.0,2.3658958525629714e-07
2.6006349206349206,0.0,1.2530745152616873e-07
2.6238548752834467,0.0,7.72297426010482e-08
2.647074829931973,0.0,5.0339622248429805e-08
2.670294784580499,0.0,7.62420313549228e-08
2.693514739229025,0.0,2.891374606406316e-08
