0.0,0.0,2.7131136448588222e-08
0.023219954648526078,0.0,2.566139301052317e-08
0.046439909297052155,0.0,3.929653757950291e-08
0.06965986394557823,0.0,2.352408046135679e-08
0.09287981859410431,0.0,7.370999810518697e-08
0.11609977324263039,0.0,2.6780980988405645e-08
0.13931972789115646,0.0,1.8882019503507763e-08
0.16253968253968254,0.0,2.151773514924571e-08
0.18575963718820862,0.0,2.8290742193348706e-08
0.2089795918367347,0.0,4.6073182602413e-08
0.23219954648526078,0.0,6.197478796821088e-08
0.25541950113378686,0.0,2.2642216208623722e-06
0.2786394557823129,225.44595,2.2885245925863273e-05
0.301859410430839,126.53371,2.627580579428468e-05
0.3250793650793651,151.19487,3.078544978052378e-05
0.3482993197278912,650.1847,4.05817772843875e-05
0.37151927437641724,157.48615,5.7597735576564446e-05
0.3947392290249433,555.4853,7.660059782210737e-05
0.4179591836734694,584.7463,0.00011322018690407276
0.44117913832199546,621.60297,0.00014305938384495676
0.46439909297052157,590.88135,0.00016811801469884813
0.4876190476190476,901.48596,0.00010391761315986514
0.5108390022675737,954.81244,8.199193689506501e-05
0.5340589569160998,912.1056,0.00012055451952619478
0.5572789115646258,916.25806,0.00016733852680772543
0.5804988662131519,596.436,0.00021066737826913595
0.603718820861678,906.8528,0.0002721868804655969
0.626938775510204,899.5067,0.000195131593500264
0.6501587301587302,905.52313,0.00019446905935183167
0.6733786848072563,565.06586,0.00013906779349781573
0.6965986394557824,897.1704,0.00048572730156593025
0.7198185941043084,581.31604,0.0007071655709296465
0.7430385487528345,611.54236,0.0008182688616216183
0.7662585034013606,573.89874,0.0005863960250280797
0.7894784580498866,928.4941,0.0003472501994110644
0.8126984126984127,579.48376,0.0003417463740333915
0.8359183673469388,903.3209,0.0005279802717268467
0.8591383219954649,851.2701,0.0005088050966151059
0.8823582766439909,900.81537,0.0005795260658487678
0.905578231292517,604.95496,0.0005119278794154525
0.9287981859410431,609.27545,0.00035835441667586565
0.9520181405895691,565.94965,0.0003810616908594966
0.9752380952380952,602.71094,0.00047286043991334736
0.9984580498866213,879.88904,0.0005310577107593417
1.0216780045351475,856.8347,0.0005579988937824965
1.0448979591836736,860.7309,0.0005115671083331108
1.0681179138321997,193.21173,0.0006353210192173719
1.0913378684807256,903.0748,0.0005470585892908275
1.1145578231292517,806.1185,0.0005320138297975063
1.1377777777777778,581.2226,0.0009685386321507394
1.1609977324263039,927.69653,0.001130271703004837
1.18421768707483,597.7595,0.0013059687335044146
1.207437641723356,219.38885,0.00122412561904639
1.2306575963718822,122.99375,0.0009248547721654177
1.253877551020408,220.25732,0.0010139660444110632
1.2770975056689342,911.5918,0.0007315361872315407
1.3003174603174603,840.5734,0.0010063315276056528
1.3235374149659864,931.58673,0.0014827202539891005
1.3467573696145125,940.3752,0.0013072188012301922
1.3699773242630386,904.6436,0.0009195022284984589
1.3931972789115648,560.0843,0.0009415838867425919
1.4164172335600906,923.6681,0.0018805789295583963
1.4396371882086167,834.27435,0.002599820028990507
1.4628571428571429,953.0276,0.0028185921255499125
1.486077097505669,932.7799,0.0030646552331745625
1.509297052154195,1012.65826,0.0036148549988865852
1.5325170068027212,965.5923,0.003811579430475831
1.5557369614512473,955.05414,0.003915763460099697
1.5789569160997732,960.217,0.0032959235832095146
1.6021768707482993,893.7875,0.0018258565105497837
1.6253968253968254,887.2879,0.001774414093233645
1.6486167800453515,176.23065,0.0020557171665132046
1.6718367346938776,560.5372,0.00432410417124629
1.6950566893424037,598.5323,0.0020254943519830704
1.7182766439909298,883.3226,0.002420114353299141
1.7414965986394557,910.47235,0.002478230744600296
1.7647165532879818,568.4363,0.0020033209584653378
1.787936507936508,882.3831,0.0023195305839180946
1.811156462585034,915.25415,0.0016094399616122246
1.8343764172335602,700.89044,0.0011966413585469127
1.8575963718820863,916.49927,0.0013305442407727242
1.8808163265306124,925.1865,0.001942146336659789
1.9040362811791383,967.91,0.002248604316264391
1.9272562358276644,944.4899,0.0011998756090179086
1.9504761904761905,919.8995,0.0012024871539324522
1.9736961451247166,905.3853,0.0014682415639981627
1.9969160997732427,797.70416,0.0012288079597055912
2.020136054421769,630.2163,0.001110858516767621
2.043356009070295,919.2742,0.0009133427520282567
2.066575963718821,782.1148,0.0010353641118854284
2.089795918367347,817.78656,0.0012053047539666295
2.1130158730158732,756.9973,0.0017416276969015598
2.1362358276643993,686.3708,0.0015095262788236141
2.159455782312925,589.3286,0.0014958467800170183
2.182675736961451,213.11319,0.001370980404317379
2.2058956916099772,216.74033,0.0013254322111606598
2.2291156462585033,776.3614,0.0016947786789387465
2.2523356009070294,218.89944,0.0014885814161971211
2.2755555555555556,916.74457,0.0013544380199164152
2.2987755102040817,908.7865,0.0009161441703327
2.3219954648526078,190.72623,0.0009064119076356292
2.345215419501134,817.12305,0.0008837808854877949
2.36843537414966,821.1421,0.000643233535811305
2.391655328798186,868.4382,0.0005426389398053288
2.414875283446712,913.8562,0.0005220070597715676
2.4380952380952383,863.26825,0.000868581875693053
2.4613151927437644,582.6324,0.0009144865907728672
2.48453514739229,802.4507,0.0008423376712016761
2.507755102040816,221.5019,0.0007968993159011006
2.5309750566893423,708.1602,0.0009192853467538953
2.5541950113378684,870.2574,0.0009994012070819736
2.5774149659863945,896.8118,0.0010179810924455523
2.6006349206349206,600.5647,0.001003770506940782
2.6238548752834467,624.05237,0.0007521946681663394
2.647074829931973,565.8584,0.0006767703453078866
2.670294784580499,921.26013,0.0007173580816015601
2.693514739229025,594.5134,0.0007176198996603489
2.716734693877551,653.5281,0.0006038893479853868
2.7399546485260773,816.1012,0.0007444703369401395
2.7631746031746034,846.7592,0.0007832865230739117
2.7863945578231295,560.95984,0.0005459064850583673
2.809614512471655,896.2687,0.0006492568645626307
2.8328344671201813,891.2125,0.0003394342493265867
2.8560544217687074,197.26793,0.0004692788643296808
2.8792743764172335,226.80856,0.00039046769961714745
2.9024943310657596,900.8559,0.00039521552389487624
2.9257142857142857,567.3144,0.00044830015394836664
2.948934240362812,888.69916,0.0004480299830902368
2.972154195011338,871.9637,0.0003034624387510121
2.995374149659864,897.4354,0.00034545210655778646
3.01859410430839,597.80396,0.00029693986289203167
3.0418140589569163,583.4553,0.00018190166156273335
3.0650340136054424,201.84708,0.00016625048010610044
3.0882539682539685,906.1553,0.0002650625247042626
3.1114739229024946,204.64297,0.00044635278754867613
3.1346938775510207,125.47724,0.000506947748363018
3.1579138321995464,595.6641,0.0005098759429529309
3.1811337868480725,203.6871,0.0003693134058266878
3.2043537414965986,590.5029,0.0001658302644500509
3.2275736961451247,924.22577,0.00017301847401540726
3.250793650793651,917.5551,0.0002604959881864488
3.274013605442177,203.99875,0.0003670239821076393
3.297233560090703,598.29974,0.0003348591271787882
3.320453514739229,867.62256,0.0003461845335550606
3.3436734693877552,585.9653,0.0003362639690749347
3.3668934240362813,936.19446,0.0002428034640615806
3.3901133786848074,913.57355,0.00017222508904524148
3.4133333333333336,891.85693,0.00023838566266931593
3.4365532879818597,868.1324,0.00018649487174116075
3.4597732426303858,884.67615,0.00021794825443066657
3.4829931972789114,916.71387,0.00034210775629617274
3.5062131519274375,579.127,0.00037249556044116616
3.5294331065759637,576.7654,0.0003106967487838119
3.5526530612244898,948.8893,0.0002696938463486731
3.575873015873016,605.803,0.00018941352027468383
3.599092970521542,869.4744,0.00019118699128739536
3.622312925170068,902.0149,0.00018727927817963064
3.645532879818594,933.7683,0.00015001982683315873
3.6687528344671203,926.32214,0.00023831143334973603
3.6919727891156464,898.16174,0.00026606855681166053
3.7151927437641725,578.2743,0.0002476865774951875
3.7384126984126986,573.05383,0.00022743912995792925
3.7616326530612247,912.62305,0.00017491451581008732
3.784852607709751,902.17035,0.00016457114543300122
3.8080725623582765,822.2072,0.00014699211169499904
3.8312925170068026,615.9637,0.00014947287854738533
3.8545124716553287,868.6128,0.0001467895635869354
3.877732426303855,593.13574,0.00017053258488886058
3.900952380952381,919.42645,0.00018210409325547516
3.924172335600907,590.9166,0.00017818536434788257
3.947392290249433,576.13116,0.00014050099707674235
3.9706122448979593,602.0661,0.00014278129674494267
3.9938321995464854,905.0927,0.00013550641597248614
4.017052154195011,907.845,0.0001401738409185782
4.040272108843538,564.5078,9.74877766566351e-05
4.063492063492063,880.5909,0.00013969125575385988
4.08671201814059,615.66125,0.0001191535557154566
4.1099319727891155,590.66235,0.0001345263735856861
4.133151927437642,575.75024,0.00012222320947330445
4.156371882086168,577.7394,0.00014226287021301687
4.179591836734694,585.7421,0.0001525003754068166
4.20281179138322,919.7167,0.00012363484711386263
4.2260317460317465,226.2205,0.00011842111416626722
4.249251700680272,900.727,7.471960998373106e-05
4.272471655328799,0.0,7.354578883678187e-06
4.295691609977324,0.0,5.992533260723576e-07
4.31891156462585,0.0,1.2455893738660961e-07
4.342131519274377,0.0,6.904883775860071e-08
4.365351473922902,0.0,8.143342711264268e-08
4.388571428571429,0.0,4.9786649469751865e-08
4.4117913832199545,0.0,2.8798240236938e-08
4.435011337868481,0.0,3.279819793533534e-08
4.458231292517007,0.0,2.5004737835843116e-08
4.481451247165533,0.0,5.1839379011653364e-08
