0.0,0.0,7.8788616519887e-08
0.023219954648526078,0.0,3.2194293453358114e-08
0.046439909297052155,0.0,9.733957995194942e-08
0.06965986394557823,0.0,5.3579242376144975e-08
0.09287981859410431,0.0,4.321009328123182e-08
0.11609977324263039,0.0,6.611480785068125e-08
0.13931972789115646,0.0,3.8490725273732096e-08
0.16253968253968254,0.0,2.1012965589761734e-08
0.18575963718820862,0.0,3.816876414930448e-08
0.2089795918367347,0.0,4.548655851976946e-08
0.23219954648526078,0.0,1.4150737115414813e-07
0.25541950113378686,143.78352,1.1472830919956323e-05
0.2786394557823129,439.84268,1.9167433492839336e-05
0.301859410430839,124.82194,2.3913562472444028e-05
0.3250793650793651,122.56122,2.630829476402141e-05
0.3482993197278912,131.27304,4.663031722884625e-05
0.37151927437641724,132.36911,6.098482117522508e-05
0.3947392290249433,499.10483,6.569264951394871e-05
0.4179591836734694,619.78174,8.962441643234342e-05
0.44117913832199546,534.54816,0.00012825960584450513
0.46439909297052157,511.77628,0.00014380045467987657
0.4876190476190476,571.0603,0.00012502791651058942
0.5108390022675737,569.8401,7.136659405659884e-05
0.5340589569160998,539.8284,8.330376294907182e-05
0.5572789115646258,135.14368,0.00011645663471426815
0.5804988662131519,141.87039,0.0001657856337260455
0.603718820861678,485.05136,0.00024148185912054032
0.626938775510204,147.91174,0.0001917924382723868
0.6501587301587302,145.51392,0.00011255464778514579
0.6733786848072563,141.19951,0.00010024494986282662
0.6965986394557824,146.84082,0.00016222131671383977
0.7198185941043084,154.54424,0.0002727571118157357
0.7430385487528345,521.82025,0.00019578353385441005
0.7662585034013606,225.81659,0.0002087930333800614
0.7894784580498866,499.74445,0.00031343562295660377
0.8126984126984127,155.25092,0.0002952158683910966
0.8359183673469388,156.56323,0.00033855560468509793
0.8591383219954649,530.26105,0.00019229146710131317
0.8823582766439909,226.39546,0.00016284637968055904
0.905578231292517,511.51855,0.00027521225274540484
0.9287981859410431,645.7609,0.0002738524926826358
0.9520181405895691,508.79636,0.00022446828370448202
0.9752380952380952,532.0038,0.00015843313303776085
0.9984580498866213,570.9786,0.00022379604342859238
1.0216780045351475,521.74536,0.00021978214499540627
1.0448979591836736,125.24298,0.0003382193681318313
1.0681179138321997,733.7721,0.00036086642649024725
1.0913378684807256,329.07394,0.0004655426018871367
1.1145578231292517,789.5964,0.00019968085689470172
1.1377777777777778,709.62836,0.00024703284725546837
1.1609977324263039,754.4816,0.0004219095571897924
1.18421768707483,780.19476,0.0005372844752855599
1.207437641723356,790.4544,0.0005805986002087593
1.2306575963718822,508.3751,0.0007339966832660139
1.253877551020408,139.20323,0.0005960966227576137
1.2770975056689342,547.3579,0.00047645947779528797
1.3003174603174603,575.5668,0.00048048674943856895
1.3235374149659864,528.68896,0.0006966201472096145
1.3467573696145125,542.7023,0.0010632434859871864
1.3699773242630386,532.6439,0.0007491743308492005
1.3931972789115648,151.59776,0.001045347424224019
1.4164172335600906,526.92175,0.00076961365994066
1.4396371882086167,546.17554,0.0010452927090227604
1.4628571428571429,550.6871,0.0010238320101052523
1.486077097505669,539.79736,0.0009395026136189699
1.509297052154195,830.1919,0.0018599051982164383
1.5325170068027212,531.813,0.001701656263321638
1.5557369614512473,550.57043,0.0013428488746285439
1.5789569160997732,544.5678,0.0016476879827678204
1.6021768707482993,533.88904,0.0024158067535609007
1.6253968253968254,526.6771,0.0030966319609433413
1.6486167800453515,525.5701,0.0026208385825157166
1.6718367346938776,538.7777,0.0011547721223905683
1.6950566893424037,177.79997,0.001276967115700245
1.7182766439909298,792.2614,0.0018417614046484232
1.7414965986394557,851.3305,0.0019029434770345688
1.7647165532879818,866.79584,0.0015785405412316322
1.787936507936508,836.48267,0.0016547634731978178
1.811156462585034,557.76825,0.0016216509975492954
1.8343764172335602,540.50964,0.0020187473855912685
1.8575963718820863,538.15436,0.0022800154983997345
1.8808163265306124,922.2274,0.0021635303273797035
1.9040362811791383,886.37213,0.002882897388190031
1.9272562358276644,533.60394,0.002649532863870263
1.9504761904761905,517.6567,0.00284600374288857
1.9736961451247166,525.11804,0.0022395621053874493
1.9969160997732427,548.71783,0.0014450441813096404
2.020136054421769,854.44653,0.001191803952679038
2.043356009070295,525.8186,0.0011611978989094496
2.066575963718821,532.38165,0.001255044131539762
2.089795918367347,896.4173,0.0015030975919216871
2.1130158730158732,535.1883,0.0015193696599453688
2.1362358276643993,519.5821,0.001362059498205781
2.159455782312925,543.0402,0.0012836366659030318
2.182675736961451,98.361565,0.0012808330357074738
2.2058956916099772,761.09827,0.001487482339143753
2.2291156462585033,679.0344,0.0013968703569844365
2.2523356009070294,839.29474,0.0012227005790919065
2.2755555555555556,842.64386,0.0011405294062569737
2.2987755102040817,815.2052,0.0010162538383156061
2.3219954648526078,856.4892,0.0007998340297490358
2.345215419501134,814.9417,0.0005929563194513321
2.36843537414966,800.83344,0.0007306145271286368
2.391655328798186,794.8503,0.0008305320516228676
2.414875283446712,547.4848,0.0008822203963063657
2.4380952380952383,831.46765,0.0008103362051770091
2.4613151927437644,781.2267,0.0008894856437109411
2.48453514739229,812.1044,0.0008605868788436055
2.507755102040816,826.1016,0.0004604925634339452
2.5309750566893423,525.5818,0.00036543485475704074
2.5541950113378684,793.28516,0.00029377778992056847
2.5774149659863945,234.99768,0.00028327415930107236
2.6006349206349206,688.3439,0.00026273506227880716
2.6238548752834467,646.39166,0.0002810228615999222
2.647074829931973,653.74023,0.0002771212311927229
2.670294784580499,526.29956,0.00025387981440871954
2.693514739229025,524.7536,0.0002790972648654133
2.716734693877551,524.0343,0.00029397866455838084
2.7399546485260773,776.0326,0.00027009507175534964
2.7631746031746034,532.9289,0.00019336507830303162
2.7863945578231295,524.1551,0.00017991973436437547
2.809614512471655,515.54004,0.0001760914019541815
2.8328344671201813,531.09564,0.00016477219469379634
2.8560544217687074,525.6161,0.00016995139594655484
2.8792743764172335,521.4353,0.00027662550564855337
2.9024943310657596,157.76076,0.0004590623138938099
2.9257142857142857,152.62111,0.00027484510792419314
2.948934240362812,472.95868,0.00021518568973988295
2.972154195011338,144.71071,0.00020224248874001205
2.995374149659864,145.2463,0.0002227399090770632
3.01859410430839,141.70763,0.00024077868147287518
3.0418140589569163,509.10526,0.0002051803603535518
3.0650340136054424,147.06613,0.00017898765509016812
3.0882539682539685,508.88818,0.00018363131675869226
3.1114739229024946,142.41122,0.00015697773778811097
3.1346938775510207,139.64658,0.00012192709982628003
3.1579138321995464,707.71436,8.735398296266794e-05
3.1811337868480725,485.36115,5.7372548326384276e-05
3.2043537414965986,152.14735,6.125302752479911e-05
3.2275736961451247,514.34326,7.697984983678907e-05
3.250793650793651,730.94147,9.222982043866068e-05
3.274013605442177,692.1817,0.00012035074178129435
3.297233560090703,543.4559,9.96395610854961e-05
3.320453514739229,796.87946,7.291262591024861e-05
3.3436734693877552,369.11636,6.96697534294799e-05
3.3668934240362813,526.1581,6.99315860401839e-05
3.3901133786848074,124.85427,7.718896813457832e-05
3.4133333333333336,516.1296,7.475172606064007e-05
3.4365532879818597,771.14136,9.276392665924504e-05
3.4597732426303858,783.3231,0.00011519019608385861
3.4829931972789114,772.56195,8.996919495984912e-05
3.5062131519274375,672.003,8.198768045986071e-05
3.5294331065759637,142.37991,0.0001102815949707292
3.5526530612244898,474.06314,0.0001332977699348703
3.575873015873016,159.79703,0.00012368886382319033
3.599092970521542,152.41359,7.552259194198996e-05
3.622312925170068,777.7599,7.409180398099124e-05
3.645532879818594,503.25674,0.00011072891356889158
3.6687528344671203,267.97647,0.00011916879884665832
3.6919727891156464,673.6809,9.71820845734328e-05
3.7151927437641725,524.9459,6.851232319604605e-05
3.7384126984126986,751.3917,0.00010161276441067457
3.7616326530612247,159.67767,0.00011253257980570197
3.784852607709751,483.52295,0.000117844610940665
3.8080725623582765,514.6176,7.835427823010832e-05
3.8312925170068026,603.78625,6.440797005780041e-05
3.8545124716553287,490.61044,0.0001035703462548554
3.877732426303855,755.85767,0.0001057281406247057
3.900952380952381,481.589,7.45926663512364e-05
3.924172335600907,767.6275,5.729029362555593e-05
3.947392290249433,160.76857,9.695331391412765e-05
3.9706122448979593,574.36816,0.00011234367411816493
3.9938321995464854,158.04352,0.00010349962394684553
4.017052154195011,481.54065,6.254832987906411e-05
4.040272108843538,264.72458,6.530319660669193e-05
4.063492063492063,577.66064,8.885157149052247e-05
4.08671201814059,597.6671,7.999195076990873e-05
4.1099319727891155,699.30804,5.280046025291085e-05
4.133151927437642,105.24806,6.447592022595927e-05
4.156371882086168,479.85303,9.077330469153821e-05
4.179591836734694,734.8933,0.00010504604870220646
4.20281179138322,155.93906,8.130899368552491e-05
4.2260317460317465,156.14728,4.2136114643653855e-05
4.249251700680272,136.69875,3.469017974566668e-05
4.272471655328799,0.0,4.1632538341218606e-06
4.295691609977324,0.0,5.012625479139388e-07
4.31891156462585,0.0,3.660625225165859e-08
4.342131519274377,0.0,5.2650648285634816e-08
4.365351473922902,0.0,4.531648301053792e-08
4.388571428571429,0.0,2.7113856049254537e-08
4.4117913832199545,0.0,1.8205355445388705e-08
4.435011337868481,0.0,2.0205334294587374e-08
4.458231292517007,0.0,4.837602318730205e-09
