0.0,0.0,7.858670869609341e-08
0.023219954648526078,0.0,8.725601219339296e-08
0.046439909297052155,0.0,4.4863554649055004e-08
0.06965986394557823,0.0,3.692730388138443e-08
0.09287981859410431,0.0,5.52681740373373e-08
0.11609977324263039,0.0,1.5230671124299988e-07
0.13931972789115646,0.0,4.727148734673392e-06
0.16253968253968254,0.0,9.962440344679635e-06
0.18575963718820862,245.23502,1.357876681140624e-05
0.2089795918367347,151.4535,1.5787072698003612e-05
0.23219954648526078,152.33398,2.21066948142834e-05
0.25541950113378686,121.35571,3.0096452974248677e-05
0.2786394557823129,180.3416,4.780086601385847e-05
0.301859410430839,483.01233,5.4973272199276835e-05
0.3250793650793651,538.1572,6.194697925820947e-05
0.3482993197278912,2285.2378,6.958522862987593e-05
0.37151927437641724,330.6347,6.788165774196386e-05
0.3947392290249433,176.86513,3.869580541504547e-05
0.4179591836734694,508.24426,3.8397010939661413e-05
0.44117913832199546,517.20703,6.669589492958039e-05
0.46439909297052157,481.4659,0.00010786391794681549
0.4876190476190476,151.16362,0.00012122743646614254
0.5108390022675737,150.07573,0.00012045765470247716
0.5340589569160998,175.6194,9.101985779125243e-05
0.5572789115646258,535.6096,8.024893759284168e-05
0.5804988662131519,2311.636,0.0001061474031303078
0.603718820861678,476.21313,0.0002231014077551663
0.626938775510204,170.94276,0.00023762065393384546
0.6501587301587302,309.5246,0.00017736395238898695
0.6733786848072563,532.361,0.00015230904682539403
0.6965986394557824,512.97687,0.00018288506544195116
0.7198185941043084,316.55658,0.00018657732289284468
0.7430385487528345,316.68643,0.00026686195633374155
0.7662585034013606,539.4239,0.0003957301960326731
0.7894784580498866,2117.0935,0.00036438036477193236
0.8126984126984127,530.3469,0.00020086501899641007
0.8359183673469388,489.2591,0.00013910996494814754
0.8591383219954649,2295.0579,0.00027436146046966314
0.8823582766439909,2125.2026,0.00040958705358207226
0.905578231292517,2203.2163,0.0006551767000928521
0.9287981859410431,1959.1274,0.00043142010690644383
0.9520181405895691,2286.1536,0.0003206325927749276
0.9752380952380952,717.969,0.00024218394537456334
0.9984580498866213,2367.0735,0.0003461700107436627
1.0216780045351475,527.37335,0.00041920284274965525
1.0448979591836736,148.2261,0.0006659216014668345
1.0681179138321997,2108.3389,0.0008416211931034923
1.0913378684807256,538.71704,0.0006948742084205151
1.1145578231292517,311.55673,0.0005221922765485942
1.1377777777777778,150.35483,0.0005946980090811849
1.1609977324263039,564.8075,0.0009450064389966428
1.18421768707483,165.44847,0.0013852688716724515
1.207437641723356,558.1737,0.0019447666127234697
1.2306575963718822,559.8945,0.001094434759579599
1.253877551020408,2190.6934,0.0009169980185106397
1.2770975056689342,318.31192,0.0009187443647533655
1.3003174603174603,559.06305,0.0015977178700268269
1.3235374149659864,562.6293,0.0017002817476168275
1.3467573696145125,186.12714,0.0023684946354478598
1.3699773242630386,600.00586,0.002501539885997772
1.3931972789115648,1903.4905,0.002309235744178295
1.4164172335600906,324.94022,0.002847802359610796
1.4396371882086167,578.1441,0.002224138006567955
1.4628571428571429,556.8949,0.00193000677973032
1.486077097505669,409.72894,0.0012557287700474262
1.509297052154195,420.74527,0.001098636188544333
1.5325170068027212,545.08746,0.0011956344824284315
1.5557369614512473,88.39693,0.00147629517596215
1.5789569160997732,570.6622,0.002209026599302888
1.6021768707482993,559.982,0.0017312875716015697
1.6253968253968254,560.33704,0.0026412566658109426
1.6486167800453515,550.10693,0.0026686592027544975
1.6718367346938776,568.4646,0.0033666002564132214
1.6950566893424037,544.9593,0.0029750261455774307
1.7182766439909298,560.6316,0.0032601915299892426
1.7414965986394557,550.8648,0.002337065991014242
1.7647165532879818,168.54776,0.0013846291694790125
1.787936507936508,430.25485,0.0014208527281880379
1.811156462585034,416.74005,0.001206987421028316
1.8343764172335602,425.60065,0.0012137037701904774
1.8575963718820863,426.14642,0.0012580433394759893
1.8808163265306124,2635.1074,0.0012372161727398634
1.9040362811791383,414.56018,0.0011395367328077555
1.9272562358276644,320.71527,0.0008762862998992205
1.9504761904761905,2287.5652,0.0005258259479887784
1.9736961451247166,2446.5566,0.0004934298922307789
1.9969160997732427,2442.5442,0.0006204681703820825
2.020136054421769,217.83789,0.0007227269234135747
2.043356009070295,314.4377,0.0006197280017659068
2.066575963718821,418.49033,0.0004993316251784563
2.089795918367347,2331.868,0.0005127363838255405
2.1130158730158732,2286.2651,0.000456634268630296
2.1362358276643993,725.63556,0.0003480756713543087
2.159455782312925,315.3779,0.0003512877447064966
2.182675736961451,2255.3599,0.00031594198662787676
2.2058956916099772,419.66302,0.0003953501000069082
2.2291156462585033,312.10983,0.0003824200830422342
2.2523356009070294,2331.267,0.0005614309338852763
2.2755555555555556,2492.6572,0.0007343748584389687
2.2987755102040817,2317.7832,0.0006051677046343684
2.3219954648526078,2419.942,0.0006632749573327601
2.345215419501134,103.1419,0.00042438728269189596
2.36843537414966,181.89014,0.0003766207373701036
2.391655328798186,2308.0757,0.00036118345451541245
2.414875283446712,2389.7485,0.0005355076282285154
2.4380952380952383,2273.5046,0.0005106967291794717
2.4613151927437644,2579.4207,0.0005044930148869753
2.48453514739229,413.66315,0.00045050610788166523
2.507755102040816,442.6721,0.0004654415533877909
2.5309750566893423,2363.9595,0.0004786716599483043
2.5541950113378684,2493.2002,0.0004741048323921859
2.5774149659863945,2548.6047,0.00047487433766946197
2.6006349206349206,427.91644,0.0005237319273874164
2.6238548752834467,417.37653,0.0004143070837017149
2.647074829931973,2476.1343,0.0003403346927370876
2.670294784580499,320.16284,0.00040565140079706907
2.693514739229025,2608.3938,0.00047132946201600134
2.716734693877551,311.41934,0.0004849956021644175
2.7399546485260773,315.8444,0.0005222000181674957
2.7631746031746034,319.73557,0.00033081043511629105
2.7863945578231295,311.69278,0.00027141545433551073
2.809614512471655,419.33463,0.0001816729927668348
2.8328344671201813,426.9236,0.00017141233547590673
2.8560544217687074,2442.8384,0.00013138825306668878
2.8792743764172335,321.06012,0.0001489244168624282
2.9024943310657596,320.3563,0.00021701294463127851
2.9257142857142857,175.01813,0.0002550930075813085
2.948934240362812,314.76746,0.00026073335902765393
2.972154195011338,434.9129,0.00020100822439417243
2.995374149659864,428.07034,0.0001761514286044985
3.01859410430839,323.52695,0.00016685161972418427
3.0418140589569163,318.9706,0.00018285452097188681
3.0650340136054424,420.23538,0.0001703446905594319
3.0882539682539685,318.95914,0.0002327030524611473
3.1114739229024946,319.7325,0.0002423093537800014
3.1346938775510207,171.89587,0.00020810289424844086
3.1579138321995464,424.26193,0.0001744226465234533
3.1811337868480725,318.6091,0.00022500303748529404
3.2043537414965986,2429.226,0.00021201142226345837
3.2275736961451247,433.63147,0.00017827839474193752
3.250793650793651,316.90594,0.00016851958935149014
3.274013605442177,321.16788,0.00016973531455732882
3.297233560090703,427.17947,0.0002266261726617813
3.320453514739229,2531.8687,0.0002465922443661839
3.3436734693877552,437.19565,0.00018263296806253493
3.3668934240362813,168.53293,0.00015929197252262384
3.3901133786848074,321.02454,0.00021792491315864027
3.4133333333333336,433.6001,0.00020062507246620953
3.4365532879818597,167.91222,0.0001672713115112856
3.4597732426303858,319.7496,0.00013345283514354378
3.4829931972789114,2450.001,0.0001627844467293471
3.5062131519274375,316.59625,0.00017309212125837803
3.5294331065759637,320.56937,0.00018233426089864224
3.5526530612244898,441.40622,0.00015973210975062102
3.575873015873016,149.33925,0.0001430157572031021
3.599092970521542,152.44673,0.00016080844216048717
3.622312925170068,438.80634,0.00014616773114539683
3.645532879818594,319.23346,0.0001445403613615781
3.6687528344671203,2404.763,0.00011699143215082586
3.6919727891156464,2408.3364,0.0001343248295597732
3.7151927437641725,328.10046,0.00014402595115825534
3.7384126984126986,2215.1807,0.00013701939315069467
3.7616326530612247,148.96677,0.00012121295731049031
3.784852607709751,444.2013,0.00015611908747814596
3.8080725623582765,446.0273,0.00016220560064539313
3.8312925170068026,428.76538,0.0001455891615478322
3.8545124716553287,439.1146,0.00010858086170628667
3.877732426303855,327.44247,4.451067070476711e-05
3.900952380952381,0.0,4.3165819079149514e-06
3.924172335600907,0.0,9.669729479355738e-07
3.947392290249433,0.0,1.430635165888816e-07
3.9706122448979593,0.0,8.365532266907394e-08
3.9938321995464854,0.0,4.882895154878497e-08
4.017052154195011,0.0,4.539560904959217e-08
4.040272108843538,0.0,3.7472091207746416e-08
4.063492063492063,0.0,5.295987648423761e-08
4.08671201814059,0.0,4.069988790433854e-08
4.1099319727891155,0.0,2.149954525521025e-08
4.133151927437642,0.0,5.753463483415544e-09
