0.0,0.0,2.964588929899037e-07
0.023219954648526078,0.0,4.029734554933384e-07
0.046439909297052155,0.0,1.3191947800805792e-07
0.06965986394557823,0.0,1.753323886077851e-07
0.09287981859410431,0.0,1.9722847355296835e-07
0.11609977324263039,0.0,1.3704448065254837e-07
0.13931972789115646,0.0,1.7313686839770526e-07
0.16253968253968254,0.0,1.4273882698034868e-07
0.18575963718820862,0.0,2.0033348846482113e-07
0.2089795918367347,0.0,2.8954946174053475e-07
0.23219954648526078,0.0,4.6396144171012565e-07
0.25541950113378686,0.0,2.387687345617451e-07
0.2786394557823129,0.0,5.822321327286772e-07
0.301859410430839,119.54921,3.73593793483451e-05
0.3250793650793651,95.9759,9.153907012660056e-05
0.3482993197278912,113.16938,9.551562834531069e-05
0.37151927437641724,109.754326,8.207870268961415e-05
0.3947392290249433,112.111305,8.045130380196497e-05
0.4179591836734694,116.630585,6.370693154167384e-05
0.44117913832199546,148.10631,7.79281763243489e-05
0.46439909297052157,138.8606,0.00013762399612460285
0.4876190476190476,602.62164,0.00011663086479529738
0.5108390022675737,748.09607,0.00012498628348112106
0.5340589569160998,313.4696,0.00011946624726988375
0.5572789115646258,130.84256,0.00010232973727397621
0.5804988662131519,628.7575,9.951368701877072e-05
0.603718820861678,789.4215,0.0001337051799055189
0.626938775510204,826.06934,0.0001758732250891626
0.6501587301587302,149.18927,0.0002546775504015386
0.6733786848072563,605.046,0.0002962587168440223
0.6965986394557824,316.8516,0.00033307611010968685
0.7198185941043084,736.1684,0.00042415334610268474
0.7430385487528345,593.4439,0.00048184022307395935
0.7662585034013606,610.29706,0.0005284360377117991
0.7894784580498866,607.0111,0.0005563672166317701
0.8126984126984127,591.2074,0.0006177104660309851
0.8359183673469388,174.17368,0.0006976529257372022
0.8591383219954649,683.9126,0.0005587805644609034
0.8823582766439909,471.46448,0.0006997153977863491
0.905578231292517,467.23813,0.0006149124819785357
0.9287981859410431,700.10596,0.0005619690055027604
0.9520181405895691,899.29767,0.0005747099639847875
0.9752380952380952,208.49155,0.0005083376308903098
0.9984580498866213,751.86804,0.0005908003076910973
1.0216780045351475,112.10166,0.0008137797703966498
1.0448979591836736,481.3955,0.0007054882007651031
1.0681179138321997,457.4664,0.000618309190031141
1.0913378684807256,214.66736,0.0006865046452730894
1.1145578231292517,665.8755,0.0007820031605660915
1.1377777777777778,639.9872,0.0009420537389814854
1.1609977324263039,301.78723,0.000887471716850996
1.18421768707483,687.8324,0.000956069037783891
1.207437641723356,684.256,0.0009044988546520472
1.2306575963718822,178.57466,0.000848934636451304
1.253877551020408,754.82495,0.0009669392602518201
1.2770975056689342,461.82397,0.0010946942493319511
1.3003174603174603,178.23463,0.0008284198120236397
1.3235374149659864,757.9188,0.0007727248594164848
1.3467573696145125,564.687,0.0009080696618184447
1.3699773242630386,299.33594,0.0009067242499440908
1.3931972789115648,311.28043,0.0008459266973659396
1.4164172335600906,718.95386,0.0007335366681218147
1.4396371882086167,834.9548,0.0005874232156202197
1.4628571428571429,318.62625,0.0005885311984457076
1.486077097505669,176.85387,0.0006348330061882734
1.509297052154195,677.4473,0.0006675844779238105
1.5325170068027212,949.03174,0.0007652582717128098
1.5557369614512473,746.1641,0.0007939442293718457
1.5789569160997732,335.22345,0.0007929811836220324
1.6021768707482993,756.3177,0.000781714275944978
1.6253968253968254,323.16376,0.0007283247541636229
1.6486167800453515,712.94763,0.0008358908235095441
1.6718367346938776,128.30392,0.0010138449724763632
1.6950566893424037,472.96765,0.000766841578297317
1.7182766439909298,181.85822,0.0008317790343426168
1.7414965986394557,330.92703,0.0007380296010524035
1.7647165532879818,177.7475,0.0008758804178796709
1.787936507936508,785.94305,0.0008977405959740281
1.811156462585034,603.2206,0.0007462286157533526
1.8343764172335602,637.4512,0.0007573335897177458
1.8575963718820863,726.023,0.0007178965024650097
1.8808163265306124,629.1292,0.0009331966866739094
1.9040362811791383,693.5639,0.0010369173251092434
1.9272562358276644,336.77246,0.0011195065453648567
1.9504761904761905,201.42633,0.0012837150134146214
1.9736961451247166,782.8387,0.0014104600995779037
1.9969160997732427,450.64008,0.0014193459646776319
2.020136054421769,202.33134,0.0015302627580240369
2.043356009070295,619.8202,0.0013436130248010159
2.066575963718821,667.491,0.0010156335774809122
2.089795918367347,467.60464,0.0014578027185052633
2.1130158730158732,727.97546,0.0014925736468285322
2.1362358276643993,722.47003,0.0013306636828929186
2.159455782312925,775.8026,0.0014265754725784063
2.182675736961451,759.3858,0.0018495609983801842
2.2058956916099772,718.67017,0.0018959867302328348
2.2291156462585033,714.392,0.0019164112163707614
2.2523356009070294,734.3242,0.00231128535233438
2.2755555555555556,737.40485,0.003111971076577902
2.2987755102040817,734.1778,0.0034788227640092373
2.3219954648526078,891.2201,0.0035500451922416687
2.345215419501134,849.1463,0.00342604354955256
2.36843537414966,628.47626,0.0034957861062139273
2.391655328798186,663.1447,0.0030067735351622105
2.414875283446712,661.4813,0.00327303446829319
2.4380952380952383,139.64793,0.00305239949375391
2.4613151927437644,813.2162,0.0025101839564740658
2.48453514739229,147.78815,0.0019690832123160362
2.507755102040816,876.5386,0.0032668644562363625
2.5309750566893423,995.8773,0.002998535754159093
2.5541950113378684,75.82001,0.003696942003443837
2.5774149659863945,998.8557,0.003403039649128914
2.6006349206349206,212.71312,0.0029768783133476973
2.6238548752834467,907.9804,0.002589465817436576
2.647074829931973,1046.6799,0.002080187201499939
2.670294784580499,972.843,0.0025784806348383427
2.693514739229025,169.30653,0.0032052965834736824
2.716734693877551,207.75983,0.0028099087066948414
2.7399546485260773,464.7444,0.0034102993085980415
2.7631746031746034,427.53387,0.004971473012119532
2.7863945578231295,618.17316,0.005559519398957491
2.809614512471655,607.98676,0.005559422075748444
2.8328344671201813,614.071,0.0047560157254338264
2.8560544217687074,614.851,0.004573168233036995
2.8792743764172335,649.49915,0.005255289375782013
2.9024943310657596,600.39246,0.003068727208301425
2.9257142857142857,710.62994,0.005072156898677349
2.948934240362812,681.94763,0.0068971035070717335
2.972154195011338,679.28107,0.006843053735792637
2.995374149659864,694.28125,0.007884861901402473
3.01859410430839,678.8585,0.008201980032026768
3.0418140589569163,673.0896,0.0077028172090649605
3.0650340136054424,678.2359,0.007680291309952736
3.0882539682539685,48.195248,0.008361775428056717
3.1114739229024946,681.8191,0.007321595214307308
3.1346938775510207,700.64874,0.0065991636365652084
3.1579138321995464,731.1239,0.00802620965987444
3.1811337868480725,762.02484,0.008455977775156498
3.2043537414965986,714.1106,0.007872739806771278
3.2275736961451247,712.72925,0.007496155332773924
3.250793650793651,713.6816,0.007586352527141571
3.274013605442177,708.3362,0.008565817959606647
3.297233560090703,729.09424,0.010757429525256157
3.320453514739229,751.2332,0.011594295501708984
3.3436734693877552,1002.72485,0.013604138977825642
3.3668934240362813,1011.37146,0.011756936088204384
3.3901133786848074,869.7992,0.01008630357682705
3.4133333333333336,1075.5541,0.018731534481048584
3.4365532879818597,1136.9514,0.040035489946603775
3.4597732426303858,1058.3687,0.05136646702885628
3.4829931972789114,241.35918,0.050848353654146194
3.5062131519274375,1152.2543,0.04596460238099098
3.5294331065759637,1123.3489,0.019690994173288345
3.5526530612244898,944.4217,0.018417827785015106
3.575873015873016,390.52643,0.029384400695562363
3.599092970521542,243.21878,0.017433911561965942
3.622312925170068,708.85486,0.011440854519605637
3.645532879818594,651.7525,0.011164005845785141
3.6687528344671203,442.2969,0.010753580369055271
3.6919727891156464,690.552,0.0065728165209293365
3.7151927437641725,756.0938,0.009520767256617546
3.7384126984126986,227.51244,0.010268986225128174
3.7616326530612247,706.56836,0.00804214645177126
3.784852607709751,661.4106,0.009043853729963303
3.8080725623582765,628.0712,0.01511203870177269
3.8312925170068026,659.42957,0.010778485797345638
3.8545124716553287,645.04565,0.00974894966930151
3.877732426303855,661.0902,0.010957207530736923
3.900952380952381,657.0316,0.010913318023085594
3.924172335600907,659.54376,0.010457060299813747
3.947392290249433,643.9228,0.01039346493780613
3.9706122448979593,660.17096,0.008820165880024433
3.9938321995464854,692.5606,0.003815582487732172
4.017052154195011,613.0115,0.01020180806517601
4.040272108843538,601.24304,0.00522451288998127
4.063492063492063,463.45648,0.0040320768021047115
4.08671201814059,443.71118,0.004458246752619743
4.1099319727891155,596.02734,0.005484124645590782
4.133151927437642,595.06396,0.005747633054852486
4.156371882086168,41.85072,0.004310335963964462
4.179591836734694,456.52798,0.002762013813480735
4.20281179138322,971.6203,0.0030961595475673676
4.2260317460317465,189.03525,0.0023139803670346737
4.249251700680272,653.89307,0.002684882376343012
4.272471655328799,494.91183,0.0027410630136728287
4.295691609977324,842.9146,0.002547517651692033
4.31891156462585,545.37354,0.002194511704146862
4.342131519274377,578.97095,0.0019441316835582256
4.365351473922902,258.9585,0.002267797477543354
4.388571428571429,836.98785,0.0029471591114997864
4.4117913832199545,660.37,0.002335993340238929
4.435011337868481,790.5906,0.0014965918380767107
4.458231292517007,777.93,0.0012995055876672268
4.481451247165533,706.00037,0.0010768021456897259
4.504671201814059,909.07117,0.0012817077804356813
4.527891156462585,450.24567,0.001473407493904233
4.551111111111111,662.71136,0.0013806922361254692
4.574331065759638,451.958,0.0012702972162514925
4.597551020408163,766.7907,0.0016938685439527035
4.62077097505669,774.3405,0.0024467792827636003
4.6439909297052155,682.1428,0.0017595202662050724
4.667210884353741,615.2033,0.001363966497592628
4.690430839002268,682.5193,0.0016066184034571052
4.713650793650793,663.47266,0.0019278106046840549
4.73687074829932,922.0866,0.0019036547746509314
4.760090702947846,720.4125,0.002023053355515003
4.783310657596372,713.5186,0.0019122771918773651
4.806530612244898,625.522,0.0012238136259838939
4.829750566893424,608.4165,0.0009013378294184804
4.85297052154195,629.06195,0.0014257354196161032
4.876190476190477,604.22516,0.0005837887874804437
4.899410430839002,639.25214,0.0006298297084867954
4.922630385487529,655.1851,0.0006469497457146645
4.9458503401360545,431.81628,0.00069522944977507
4.96907029478458,616.63525,0.0006368510657921433
4.992290249433107,192.98135,0.0006853981758467853
5.015510204081632,890.3972,0.0005963844014331698
5.038730158730159,188.0338,0.0004988115397281945
5.061950113378685,808.1304,0.0004641095583792776
5.085170068027211,663.4237,0.00047083685058169067
5.108390022675737,231.56227,0.000297661405056715
5.131609977324263,749.2537,0.0005434566410258412
5.154829931972789,546.3276,0.00045718217734247446
5.178049886621316,545.1295,0.0003141685447189957
5.201269841269841,512.91,0.00038628940819762647
5.224489795918368,509.9238,0.0006448955973610282
5.2477097505668935,544.0913,0.0007466949173249304
5.27092970521542,474.30753,0.0007961065857671201
5.294149659863946,249.19463,0.0007028221734799445
5.317369614512471,495.13242,0.00045419539674185216
5.340589569160998,840.11975,0.0004561338573694229
5.363809523809524,181.39539,0.0005573259550146759
5.38702947845805,542.51276,0.0004654160002246499
5.410249433106576,300.69577,0.0008248739177361131
5.433469387755102,559.6262,0.0006868869531899691
5.456689342403628,684.37775,0.00046670582378283143
5.479909297052155,612.02527,0.0004318478750064969
5.50312925170068,646.86176,0.0007937464397400618
5.526349206349207,626.96643,0.00054446782451123
5.5495691609977325,467.22513,0.00043842458399012685
5.572789115646259,682.9444,0.0003735711215995252
5.596009070294785,645.2778,0.000629209796898067
5.61922902494331,168.79544,0.0005988537450321019
5.642448979591837,638.13763,0.00036230572732165456
5.6656689342403626,561.53577,0.00038539597881026566
5.688888888888889,679.59503,0.00044831543345935643
5.712108843537415,171.1258,0.0004503616946749389
5.735328798185941,633.32935,0.00037542550126090646
5.758548752834467,466.48508,0.0006059378501959145
5.7817687074829935,712.43854,0.00036563718458637595
5.804988662131519,304.17462,0.0003346620942465961
5.828208616780046,668.87854,0.0005231460672803223
5.851428571428571,562.25256,0.00034767319448292255
5.874648526077098,545.8164,0.00033922336297109723
5.897868480725624,169.61348,0.00040950969560071826
5.92108843537415,172.50926,0.00026172903017140925
5.944308390022676,649.26697,0.0001769679074641317
5.9675283446712015,116.58177,0.0003133074496872723
5.990748299319728,460.9713,0.0002417069481452927
6.013968253968254,691.5914,5.139198765391484e-05
6.03718820861678,0.0,9.597797543392517e-06
6.060408163265306,0.0,7.786584319546819e-07
6.0836281179138325,0.0,1.6284229786833748e-07
6.106848072562358,0.0,6.546997610712424e-08
6.130068027210885,0.0,1.0634448699420318e-07
6.15328798185941,0.0,2.239994500996545e-07
6.176507936507937,0.0,1.394992068526335e-07
6.199727891156463,0.0,1.3019598554819822e-07
6.222947845804989,0.0,2.3745269572827965e-07
6.246167800453515,0.0,7.928974810056388e-08
6.269387755102041,0.0,9.034192771650851e-08
6.292607709750567,0.0,8.450479072052985e-08
6.315827664399093,0.0,9.638915798859671e-08
6.339047619047619,0.0,6.120990292401984e-08
6.362267573696145,0.0,6.543177732964978e-08
6.3854875283446715,0.0,1.087528289644979e-07
6.408707482993197,0.0,1.23047357192263e-07
6.431927437641724,0.0,3.465356712695211e-08
