0.0,0.0,5.576748662861064e-08
0.023219954648526078,0.0,5.662150215357542e-08
0.046439909297052155,0.0,1.196713128592819e-07
0.06965986394557823,0.0,1.8736409401753917e-07
0.09287981859410431,0.0,1.1491283657960594e-07
0.11609977324263039,0.0,1.3210410543251783e-07
0.13931972789115646,0.0,3.047598511329852e-07
0.16253968253968254,0.0,2.671322363312356e-07
0.18575963718820862,0.0,4.426374289323576e-07
0.2089795918367347,0.0,6.297286745393649e-07
0.23219954648526078,0.0,7.878104952396825e-06
0.25541950113378686,118.74175,8.29176206025295e-05
0.2786394557823129,114.74193,0.00011285579967079684
0.301859410430839,89.84015,0.0001052037114277482
0.3250793650793651,102.79893,0.00013694443623535335
0.3482993197278912,121.47406,0.00010161458340007812
0.37151927437641724,139.40897,0.00011978296970482916
0.3947392290249433,166.19281,0.0002509891055524349
0.4179591836734694,168.89784,0.00022113925660960376
0.44117913832199546,161.67802,0.0001861229247879237
0.46439909297052157,163.29498,0.00020561969722621143
0.4876190476190476,210.69347,0.0002349593851249665
0.5108390022675737,164.27655,0.00029338442254811525
0.5340589569160998,298.69345,0.000303868466289714
0.5572789115646258,488.0016,0.00032246753107756376
0.5804988662131519,150.56757,0.00039666923112235963
0.603718820861678,310.7093,0.0005138508859090507
0.626938775510204,195.14952,0.00058789795730263
0.6501587301587302,187.05287,0.0007113196770660579
0.6733786848072563,465.8618,0.00078933360055089
0.6965986394557824,444.29984,0.0008960798149928451
0.7198185941043084,451.81073,0.0009405503515154123
0.7430385487528345,163.69818,0.0009678952628746629
0.7662585034013606,165.26642,0.0008976219687610865
0.7894784580498866,480.05585,0.0008527068421244621
0.8126984126984127,431.6591,0.0012222032528370619
0.8359183673469388,432.16818,0.0011258141603320837
0.8591383219954649,441.18353,0.0008383099921047688
0.8823582766439909,455.18045,0.000781575683504343
0.905578231292517,300.23416,0.0011055679060518742
0.9287981859410431,449.67035,0.0013492002617567778
0.9520181405895691,162.15822,0.0012979614548385143
0.9752380952380952,166.82892,0.0009752708720043302
0.9984580498866213,468.73904,0.00123593769967556
1.0216780045351475,300.1145,0.0011792505392804742
1.0448979591836736,313.20514,0.0011151290964335203
1.0681179138321997,440.037,0.0011263845954090357
1.0913378684807256,455.51407,0.0011589297791942954
1.1145578231292517,442.83606,0.0011590052163228393
1.1377777777777778,433.73676,0.0012821059208363295
1.1609977324263039,451.71204,0.001204771688207984
1.18421768707483,424.97556,0.0009915779810398817
1.207437641723356,431.4468,0.001050921157002449
1.2306575963718822,428.26346,0.0016773063689470291
1.253877551020408,525.0601,0.0015943555627018213
1.2770975056689342,453.2611,0.0015081586316227913
1.3003174603174603,476.7965,0.0013447992969304323
1.3235374149659864,455.80804,0.001159887993708253
1.3467573696145125,1928.631,0.0008496833615936339
1.3699773242630386,446.22305,0.0014888974837958813
1.3931972789115648,485.61884,0.0014516294468194246
1.4164172335600906,458.1433,0.002117218216881156
1.4396371882086167,472.95264,0.0036916006356477737
1.4628571428571429,446.60568,0.004096419084817171
1.486077097505669,475.9,0.0032109497115015984
1.509297052154195,440.43726,0.0038127435836941004
1.5325170068027212,200.38428,0.005129063036292791
1.5557369614512473,445.5288,0.0037522653583437204
1.5789569160997732,526.68225,0.002993642818182707
1.6021768707482993,524.51965,0.0022227559238672256
1.6253968253968254,134.97348,0.002382437000051141
1.6486167800453515,710.3934,0.0015953696565702558
1.6718367346938776,480.26776,0.0019766693003475666
1.6950566893424037,575.9066,0.0024343247059732676
1.7182766439909298,496.65033,0.0021772938780486584
1.7414965986394557,479.18646,0.002567595336586237
1.7647165532879818,702.24426,0.0027079451829195023
1.787936507936508,575.92535,0.002634781878441572
1.811156462585034,460.11057,0.002617497695609927
1.8343764172335602,421.158,0.0030647271778434515
1.8575963718820863,673.18665,0.0039747850969433784
1.8808163265306124,132.84625,0.004029354080557823
1.9040362811791383,236.96472,0.004435315728187561
1.9272562358276644,235.25899,0.004497930407524109
1.9504761904761905,422.50122,0.004212488420307636
1.9736961451247166,439.57047,0.004123876802623272
1.9969160997732427,451.46994,0.004678905941545963
2.020136054421769,958.39825,0.004124987870454788
2.043356009070295,494.037,0.0033539242576807737
2.066575963718821,471.72107,0.004169067367911339
2.089795918367347,436.53207,0.006226695142686367
2.1130158730158732,196.55028,0.007378061302006245
2.1362358276643993,452.80075,0.007612125016748905
2.159455782312925,423.47827,0.005848531611263752
2.182675736961451,548.97845,0.005345866084098816
2.2058956916099772,436.52606,0.006455092690885067
2.2291156462585033,194.59184,0.007900873199105263
2.2523356009070294,447.944,0.010115833021700382
2.2755555555555556,455.68915,0.00923939235508442
2.2987755102040817,476.62073,0.006977622862905264
2.3219954648526078,488.12402,0.0073790838941931725
2.345215419501134,205.2805,0.00719241239130497
2.36843537414966,492.0831,0.008406206965446472
2.391655328798186,576.97504,0.009988090954720974
2.414875283446712,485.04608,0.01161877065896988
2.4380952380952383,480.42365,0.010115692391991615
2.4613151927437644,444.3979,0.009282751940190792
2.48453514739229,494.48422,0.006130288355052471
2.507755102040816,310.71097,0.003907582722604275
2.5309750566893423,618.0557,0.0028647175058722496
2.5541950113378684,629.61615,0.005171146709471941
2.5774149659863945,619.12384,0.006378050893545151
2.6006349206349206,446.97412,0.00647327397018671
2.6238548752834467,652.984,0.006329342722892761
2.647074829931973,463.41837,0.006630120798945427
2.670294784580499,616.1242,0.0062650637701153755
2.693514739229025,624.1734,0.00622794684022665
2.716734693877551,446.4541,0.0068132877349853516
2.7399546485260773,569.9431,0.008442411199212074
2.7631746031746034,694.4586,0.00887761078774929
2.7863945578231295,1567.9615,0.0080438032746315
2.809614512471655,442.60977,0.008627984672784805
2.8328344671201813,682.94617,0.008824389427900314
2.8560544217687074,639.8205,0.00798581913113594
2.8792743764172335,596.1019,0.008806996047496796
2.9024943310657596,663.62897,0.010382503271102905
2.9257142857142857,291.13458,0.008324069902300835
2.948934240362812,269.67764,0.006663603242486715
2.972154195011338,252.16997,0.004893967881798744
2.995374149659864,255.23804,0.00646069785580039
3.01859410430839,246.42336,0.00792703963816166
3.0418140589569163,1507.8464,0.008843815885484219
3.0650340136054424,753.4352,0.010312645696103573
3.0882539682539685,804.06396,0.00836359616369009
3.1114739229024946,772.64954,0.0058725755661726
3.1346938775510207,787.3633,0.006369902286678553
3.1579138321995464,773.68713,0.0060538374818861485
3.1811337868480725,746.6567,0.010263441130518913
3.2043537414965986,711.8958,0.010161643847823143
3.2275736961451247,676.7235,0.010365746915340424
3.250793650793651,652.6734,0.0084322988986969
3.274013605442177,671.12506,0.008206654340028763
3.297233560090703,682.12634,0.010467126965522766
3.320453514739229,698.79584,0.008347177878022194
3.3436734693877552,702.8891,0.00921606458723545
3.3668934240362813,687.94916,0.010370008647441864
3.3901133786848074,675.88556,0.011123365722596645
3.4133333333333336,654.4189,0.011284283362329006
3.4365532879818597,604.13635,0.010668989270925522
3.4597732426303858,317.3416,0.007493886165320873
3.4829931972789114,671.6816,0.007081166375428438
3.5062131519274375,584.8567,0.008146033622324467
3.5294331065759637,629.7354,0.009697725996375084
3.5526530612244898,625.2069,0.00947653129696846
3.575873015873016,580.8367,0.009135527536273003
3.599092970521542,201.7367,0.01357024535536766
3.622312925170068,206.69771,0.016473934054374695
3.645532879818594,482.74066,0.015489308163523674
3.6687528344671203,473.15628,0.014293156564235687
3.6919727891156464,477.5377,0.014555884525179863
3.7151927437641725,481.43118,0.014297880232334137
3.7384126984126986,291.51215,0.013202100992202759
3.7616326530612247,497.63654,0.01345069333910942
3.784852607709751,582.8723,0.012092016637325287
3.8080725623582765,458.39197,0.008814709261059761
3.8312925170068026,1751.9133,0.006159156560897827
3.8545124716553287,1641.9799,0.004689188674092293
3.877732426303855,532.1244,0.004491701256483793
3.900952380952381,433.119,0.005532955750823021
3.924172335600907,1746.9897,0.00713004358112812
3.947392290249433,1843.2882,0.0066024791449308395
3.9706122448979593,526.8439,0.006121507845818996
3.9938321995464854,513.64484,0.00445876270532608
4.017052154195011,438.1802,0.004088387358933687
4.040272108843538,446.7999,0.0037503503262996674
4.063492063492063,231.17949,0.0038081202656030655
4.08671201814059,554.6944,0.0031351810321211815
4.1099319727891155,552.3717,0.003014897694811225
4.133151927437642,229.71745,0.0031227506697177887
4.156371882086168,231.84532,0.002747469814494252
4.179591836734694,232.38142,0.002639638725668192
4.20281179138322,139.01343,0.0023613236844539642
4.2260317460317465,223.47052,0.0026648691855371
4.249251700680272,506.17984,0.0030609825626015663
4.272471655328799,482.90732,0.0037355818785727024
4.295691609977324,514.06757,0.0032487171702086926
4.31891156462585,453.99524,0.0026297965086996555
4.342131519274377,485.94754,0.0022383444011211395
4.365351473922902,659.40283,0.0020941696129739285
4.388571428571429,495.65973,0.00190155825112015
4.4117913832199545,575.2719,0.002192459534853697
4.435011337868481,527.99316,0.0026914600748568773
4.458231292517007,203.8899,0.002081694547086954
4.481451247165533,1737.6383,0.0015357101801782846
4.504671201814059,297.06384,0.0016718704719096422
4.527891156462585,1792.3661,0.0013687197351828218
4.551111111111111,1687.7218,0.0013693284709006548
4.574331065759638,1868.4941,0.001292180153541267
4.597551020408163,531.24695,0.001239580800756812
4.62077097505669,683.2545,0.001201499835588038
4.6439909297052155,1984.3793,0.0011978433467447758
4.667210884353741,456.3487,0.0011782289948314428
4.690430839002268,486.62238,0.0012698734644800425
4.713650793650793,494.76416,0.0008590439683757722
4.73687074829932,1698.1234,0.0012681102380156517
4.760090702947846,491.83267,0.001105011673644185
4.783310657596372,1738.0785,0.0011295381700620055
4.806530612244898,452.78488,0.0011269422248005867
4.829750566893424,488.82043,0.0013130363076925278
4.85297052154195,479.18243,0.0015214894665405154
4.876190476190477,432.17493,0.001647814060561359
4.899410430839002,487.11578,0.0016345183830708265
4.922630385487529,507.91495,0.0012457063421607018
4.9458503401360545,430.35226,0.0011705639772117138
4.96907029478458,599.4274,0.0011886893771588802
4.992290249433107,504.74826,0.0012179971672594547
5.015510204081632,501.0637,0.0015509729273617268
5.038730158730159,292.65445,0.0013407282531261444
5.061950113378685,1573.6315,0.0009038423304446042
5.085170068027211,437.38748,0.001152656739577651
5.108390022675737,299.4461,0.0012661537621170282
5.131609977324263,441.4862,0.0011411724844947457
5.154829931972789,480.8014,0.0013217570958659053
5.178049886621316,486.69928,0.001205637352541089
5.201269841269841,306.24142,0.0011432372266426682
5.224489795918368,471.91672,0.0013557972852140665
5.2477097505668935,474.97473,0.0005974339437671006
5.27092970521542,549.15424,0.000619729864411056
5.294149659863946,431.8018,0.000677800620906055
5.317369614512471,487.8337,0.001085400115698576
5.340589569160998,491.2817,0.0007590674795210361
5.363809523809524,485.83582,0.0006326504517346621
5.38702947845805,293.28156,0.000604950007982552
5.410249433106576,454.00916,0.0007209290051832795
5.433469387755102,505.13406,0.0008093505166471004
5.456689342403628,513.8288,0.0004911565920338035
5.479909297052155,510.3141,0.0004569285665638745
5.50312925170068,448.8536,0.00033582618925720453
5.526349206349207,513.03204,0.0007075823377817869
5.5495691609977325,516.1121,0.0005192391108721495
5.572789115646259,583.3631,0.0005017572548240423
5.596009070294785,487.67535,0.0003296860377304256
5.61922902494331,561.5668,0.0004945173859596252
5.642448979591837,546.12836,0.0003331120824441314
5.6656689342403626,574.80426,0.00022887514205649495
5.688888888888889,560.1741,0.0002059457910945639
5.712108843537415,593.8116,0.000151439307956025
5.735328798185941,567.2995,0.00017239937733393162
5.758548752834467,615.02655,9.067804057849571e-05
5.7817687074829935,455.0595,1.926954064401798e-05
5.804988662131519,0.0,4.633553544408642e-06
5.828208616780046,0.0,3.49461697624065e-06
5.851428571428571,0.0,6.263362593017519e-07
5.874648526077098,0.0,1.964945113286376e-07
5.897868480725624,0.0,1.0389885574113578e-07
5.92108843537415,0.0,1.7777256289264187e-07
5.944308390022676,0.0,1.1413158063078299e-07
5.9675283446712015,0.0,3.307595761725679e-07
