0.0,0.0,6.118480087025091e-07
0.023219954648526078,0.0,1.04848004411906e-06
0.046439909297052155,0.0,1.1979982446064241e-06
0.06965986394557823,0.0,2.649894668138586e-07
0.09287981859410431,0.0,1.8733862816588953e-07
0.11609977324263039,0.0,2.7498572308104485e-07
0.13931972789115646,0.0,3.009336069226265e-07
0.16253968253968254,0.0,2.91999640467111e-07
0.18575963718820862,0.0,7.103917596396059e-07
0.2089795918367347,0.0,6.924319677636959e-07
0.23219954648526078,0.0,2.7124888219987042e-06
0.25541950113378686,105.36252,2.034808130702004e-05
0.2786394557823129,114.14288,4.801201794180088e-05
0.301859410430839,118.75718,5.107596007292159e-05
0.3250793650793651,130.59637,4.197953239781782e-05
0.3482993197278912,239.08784,4.310515942052007e-05
0.37151927437641724,138.37292,3.9897851820569485e-05
0.3947392290249433,708.3488,5.4855125199537724e-05
0.4179591836734694,602.6379,6.727308209519833e-05
0.44117913832199546,678.7397,6.591337296413258e-05
0.46439909297052157,202.46376,5.509757829713635e-05
0.4876190476190476,158.64116,4.935540709993802e-05
0.5108390022675737,224.53973,7.80863338150084e-05
0.5340589569160998,213.95428,0.0001306009799009189
0.5572789115646258,507.76007,0.00018943767645396292
0.5804988662131519,608.8283,0.00028366432525217533
0.603718820861678,224.11961,0.0003572528075892478
0.626938775510204,174.28545,0.0004064601962454617
0.6501587301587302,535.922,0.0005272671114653349
0.6733786848072563,574.1744,0.0006289691082201898
0.6965986394557824,168.40405,0.0006862891605123878
0.7198185941043084,587.0743,0.0007568001747131348
0.7430385487528345,638.00696,0.0007917743641883135
0.7662585034013606,517.1252,0.0007724933093413711
0.7894784580498866,598.8015,0.0008113397052511573
0.8126984126984127,612.5937,0.000868550967425108
0.8359183673469388,170.95984,0.0010423478670418262
0.8591383219954649,169.72475,0.001046566991135478
0.8823582766439909,652.3672,0.0009297268697991967
0.905578231292517,550.149,0.0008750882698222995
0.9287981859410431,622.3334,0.0008448697626590729
0.9520181405895691,634.63495,0.0008884895942173898
0.9752380952380952,615.9787,0.0008745915838517249
0.9984580498866213,116.39329,0.0010287845507264137
1.0216780045351475,578.62146,0.0012239040806889534
1.0448979591836736,179.63487,0.0011797462357208133
1.0681179138321997,611.08575,0.0010436726734042168
1.0913378684807256,106.61558,0.0009713403414934874
1.1145578231292517,620.02136,0.0010195801733061671
1.1377777777777778,567.86615,0.000948985805734992
1.1609977324263039,552.1987,0.0009365101577714086
1.18421768707483,503.9091,0.0009270712034776807
1.207437641723356,890.9657,0.000884614884853363
1.2306575963718822,576.79395,0.0008302179630845785
1.253877551020408,603.8695,0.0007548266439698637
1.2770975056689342,740.6162,0.000662032631225884
1.3003174603174603,828.7032,0.0005906886653974652
1.3235374149659864,631.10583,0.0005144546739757061
1.3467573696145125,125.668976,0.0009411736391484737
1.3699773242630386,589.3508,0.0016545718535780907
1.3931972789115648,198.84921,0.0015741254901513457
1.4164172335600906,596.4577,0.0016535501927137375
1.4396371882086167,582.5349,0.0013234701473265886
1.4628571428571429,558.902,0.0009619268821552396
1.486077097505669,579.66376,0.0013253642246127129
1.509297052154195,447.84256,0.0015178037574514747
1.5325170068027212,589.00323,0.0009938511066138744
1.5557369614512473,450.51495,0.001113071688450873
1.5789569160997732,591.7333,0.001647259690798819
1.6021768707482993,226.28404,0.0013849014649167657
1.6253968253968254,156.40573,0.0014648004435002804
1.6486167800453515,670.5855,0.0022978526540100574
1.6718367346938776,221.74606,0.0027629751712083817
1.6950566893424037,633.4015,0.0028257081285119057
1.7182766439909298,597.5619,0.0032112840563058853
1.7414965986394557,646.67316,0.0031236957293003798
1.7647165532879818,645.7585,0.0027455026283860207
1.787936507936508,610.52966,0.002754524815827608
1.811156462585034,672.9461,0.002954204333946109
1.8343764172335602,462.16064,0.003259778954088688
1.8575963718820863,650.99634,0.0031250580213963985
1.8808163265306124,629.05853,0.003092715982347727
1.9040362811791383,895.72046,0.002802693285048008
1.9272562358276644,731.5732,0.0025990125723183155
1.9504761904761905,246.5467,0.002092274371534586
1.9736961451247166,827.59033,0.002042933367192745
1.9969160997732427,835.68854,0.002299607265740633
2.020136054421769,265.87915,0.0022092817816883326
2.043356009070295,265.4661,0.0024241774808615446
2.066575963718821,263.3918,0.0026181188877671957
2.089795918367347,263.22617,0.002717045834288001
2.1130158730158732,836.5813,0.00258624623529613
2.1362358276643993,194.88864,0.0030980610754340887
2.159455782312925,873.298,0.004903418943285942
2.182675736961451,988.9463,0.006364059634506702
2.2058956916099772,959.1387,0.006336886435747147
2.2291156462585033,584.6734,0.00584180373698473
2.2523356009070294,474.19305,0.005117923952639103
2.2755555555555556,469.56406,0.00518268346786499
2.2987755102040817,746.0743,0.005137571133673191
2.3219954648526078,1034.693,0.006469391286373138
2.345215419501134,416.28073,0.007029910571873188
2.36843537414966,444.80518,0.004723808728158474
2.391655328798186,646.99023,0.005901291035115719
2.414875283446712,721.748,0.007883494719862938
2.4380952380952383,439.51474,0.008561010472476482
2.4613151927437644,252.07845,0.006984580773860216
2.48453514739229,727.30273,0.006190668325871229
2.507755102040816,703.1079,0.007471718359738588
2.5309750566893423,710.7658,0.012015363201498985
2.5541950113378684,672.3714,0.01054295338690281
2.5774149659863945,693.7826,0.011940624564886093
2.6006349206349206,699.082,0.012743129394948483
2.6238548752834467,704.6415,0.014547976665198803
2.647074829931973,693.339,0.014585919678211212
2.670294784580499,687.5541,0.013388106599450111
2.693514739229025,439.34305,0.01160142756998539
2.716734693877551,701.58435,0.00959179736673832
2.7399546485260773,723.5418,0.010295212268829346
2.7631746031746034,748.13965,0.013941125944256783
2.7863945578231295,832.0532,0.010253828950226307
2.809614512471655,840.4403,0.012964903376996517
2.8328344671201813,788.67334,0.01648849993944168
2.8560544217687074,1160.8209,0.018796762451529503
2.8792743764172335,1149.1843,0.015936437994241714
2.9024943310657596,1043.98,0.01399361900985241
2.9257142857142857,814.6618,0.01405768096446991
2.948934240362812,851.51776,0.014793101698160172
2.972154195011338,822.21844,0.01804133877158165
2.995374149659864,820.8969,0.023660942912101746
3.01859410430839,233.29514,0.0292067751288414
3.0418140589569163,671.03815,0.03406718373298645
3.0650340136054424,702.34985,0.0286417193710804
3.0882539682539685,670.0716,0.023615021258592606
3.1114739229024946,624.2288,0.015964530408382416
3.1346938775510207,705.4593,0.015864606946706772
3.1579138321995464,73.45601,0.021581843495368958
3.1811337868480725,524.92426,0.02377389930188656
3.2043537414965986,681.2061,0.02488434873521328
3.2275736961451247,253.94286,0.025389734655618668
3.250793650793651,692.05615,0.02267567440867424
3.274013605442177,679.06946,0.021393336355686188
3.297233560090703,452.76028,0.0225338414311409
3.320453514739229,683.5592,0.02229740284383297
3.3436734693877552,659.2532,0.0235595703125
3.3668934240362813,700.75104,0.020987719297409058
3.3901133786848074,697.8751,0.014989339746534824
3.4133333333333336,604.6579,0.01969876140356064
3.4365532879818597,803.27795,0.013270113617181778
3.4597732426303858,479.4168,0.014182467013597488
3.4829931972789114,325.04358,0.012651579454541206
3.5062131519274375,451.13965,0.010028287768363953
3.5294331065759637,813.9179,0.009981567040085793
3.5526530612244898,575.7349,0.00928480550646782
3.575873015873016,684.4711,0.00944477692246437
3.599092970521542,848.5619,0.007754991762340069
3.622312925170068,938.06134,0.0044342027977108955
3.645532879818594,885.9539,0.005039484705775976
3.6687528344671203,871.774,0.004110010340809822
3.6919727891156464,879.5348,0.0034764911979436874
3.7151927437641725,573.2065,0.0029540560208261013
3.7384126984126986,261.27756,0.002855561673641205
3.7616326530612247,255.6896,0.0037500853650271893
3.784852607709751,765.23975,0.004586169961839914
3.8080725623582765,852.00354,0.006361520849168301
3.8312925170068026,877.15533,0.0068975044414401054
3.8545124716553287,220.49428,0.00587660726159811
3.877732426303855,881.7195,0.00539436936378479
3.900952380952381,2695.6775,0.0038527757860720158
3.924172335600907,717.9804,0.003628050908446312
3.947392290249433,853.81885,0.004588168580085039
3.9706122448979593,886.0075,0.005310158245265484
3.9938321995464854,222.69223,0.006468356121331453
4.017052154195011,219.25099,0.005463295616209507
4.040272108843538,216.5464,0.004479543771594763
4.063492063492063,216.86185,0.004907120019197464
4.08671201814059,567.87366,0.005588056519627571
4.1099319727891155,220.17447,0.005306643899530172
4.133151927437642,579.3149,0.004997117444872856
4.156371882086168,618.63367,0.00421860022470355
4.179591836734694,962.74426,0.003317109774798155
4.20281179138322,641.1876,0.0019141033990308642
4.2260317460317465,900.4805,0.002334228251129389
4.249251700680272,583.26904,0.0010788275394588709
4.272471655328799,191.88303,0.0011421454837545753
4.295691609977324,593.0145,0.00129206501878798
4.31891156462585,196.25732,0.0016252114437520504
4.342131519274377,583.7922,0.0021299540530890226
4.365351473922902,974.7339,0.0019052053103223443
4.388571428571429,612.6748,0.0013853973941877484
4.4117913832199545,952.85486,0.0017250129021704197
4.435011337868481,227.5455,0.0009978453163057566
4.458231292517007,668.8149,0.0011362081859260798
4.481451247165533,224.42201,0.0009560749167576432
4.504671201814059,596.1202,0.0012256975751370192
4.527891156462585,679.3907,0.0011965264566242695
4.551111111111111,730.41583,0.0009843467269092798
4.574331065759638,802.82715,0.0009793585631996393
4.597551020408163,540.9423,0.0011332414578646421
4.62077097505669,649.3562,0.0013125616824254394
4.6439909297052155,386.05853,0.0013630941975861788
4.667210884353741,640.0857,0.0014715668512508273
4.690430839002268,634.2889,0.0014929354656487703
4.713650793650793,881.5581,0.0014741071499884129
4.73687074829932,891.06616,0.001670133089646697
4.760090702947846,882.52,0.0012503566686064005
4.783310657596372,582.0092,0.0012005561729893088
4.806530612244898,222.14966,0.001265494036488235
4.829750566893424,220.6895,0.0012547579826787114
4.85297052154195,218.11636,0.0011923537822440267
4.876190476190477,646.99316,0.0012643299996852875
4.899410430839002,592.99994,0.0013913214206695557
4.922630385487529,708.3504,0.001472396426834166
4.9458503401360545,990.6265,0.001473872340284288
4.96907029478458,879.281,0.0014382307417690754
4.992290249433107,227.58795,0.0013992515159770846
5.015510204081632,223.5136,0.0013618338853120804
5.038730158730159,223.62416,0.0011529065668582916
5.061950113378685,222.924,0.0009389631450176239
5.085170068027211,229.7465,0.001138562336564064
5.108390022675737,698.41675,0.0012110432144254446
5.131609977324263,1002.69653,0.001318862079642713
5.154829931972789,591.3862,0.0010293220402672887
5.178049886621316,228.87909,0.0007138416985981166
5.201269841269841,221.93471,0.0005592763773165643
5.224489795918368,222.64973,0.00045394495828077197
5.2477097505668935,1043.3683,0.000407132669351995
5.27092970521542,839.4859,0.0005343229277059436
5.294149659863946,751.309,0.0005077345995232463
5.317369614512471,901.86304,0.00011633368558250368
5.340589569160998,0.0,5.91011303185951e-06
5.363809523809524,0.0,4.645235094358213e-07
5.38702947845805,0.0,4.188905222690664e-07
5.410249433106576,0.0,2.1760115487268195e-07
5.433469387755102,0.0,1.8769787857308984e-07
5.456689342403628,0.0,6.681420927634463e-08
