0.0,0.0,1.6307876649079844e-07
0.023219954648526078,0.0,9.454379323869944e-08
0.046439909297052155,0.0,4.918019840260968e-07
0.06965986394557823,0.0,5.164847607375123e-07
0.09287981859410431,0.0,7.868675311328843e-08
0.11609977324263039,0.0,4.574330887407996e-07
0.13931972789115646,29.282507,0.00014043049304746091
0.16253968253968254,549.2848,0.0027146893553435802
0.18575963718820862,591.6386,0.004144996404647827
0.2089795918367347,600.298,0.0030255767051130533
0.23219954648526078,612.2387,0.001305587706156075
0.25541950113378686,566.42957,0.0001449667615815997
0.2786394557823129,170.02377,1.899289054563269e-05
0.301859410430839,0.0,3.3982269087573513e-06
0.3250793650793651,0.0,1.2129839888075367e-06
0.3482993197278912,0.0,7.35236426407937e-07
0.37151927437641724,0.0,7.091357474564575e-07
0.3947392290249433,513.1721,0.0012212030123919249
0.4179591836734694,96.392365,0.005438821855932474
0.44117913832199546,388.4658,0.005681978538632393
0.46439909297052157,144.1594,0.0014931957703083754
0.4876190476190476,52.004528,7.512534648412839e-05
0.5108390022675737,0.0,5.445055649033748e-06
0.5340589569160998,0.0,6.16951183474157e-07
0.5572789115646258,0.0,3.500035745673813e-07
0.5804988662131519,0.0,7.094677130226046e-07
0.603718820861678,81.14297,1.1493573765619658e-05
0.626938775510204,545.39417,0.0021133441478013992
0.6501587301587302,259.34445,0.0049948133528232574
0.6733786848072563,597.33105,0.0032859668135643005
0.6965986394557824,607.88995,0.0011558616533875465
0.7198185941043084,263.88138,0.0002936844830401242
0.7430385487528345,0.0,9.207889888784848e-06
0.7662585034013606,0.0,1.8643950170371681e-06
0.7894784580498866,0.0,1.164245986728929e-06
0.8126984126984127,0.0,4.20698597736191e-07
0.8359183673469388,0.0,1.0877829481614754e-06
0.8591383219954649,571.9928,0.001720366533845663
0.8823582766439909,134.5266,0.019666990265250206
0.905578231292517,593.61957,0.022625524550676346
0.9287981859410431,628.2555,0.01509042177349329
0.9520181405895691,254.83966,0.004122558049857616
0.9752380952380952,601.007,0.0003008343046531081
0.9984580498866213,110.554756,1.4016277418704703e-05
1.0216780045351475,0.0,1.7922775441547856e-06
1.0448979591836736,0.0,5.427309588412754e-07
1.0681179138321997,0.0,4.2094961827388033e-07
1.0913378684807256,0.0,5.095089363749139e-07
1.1145578231292517,564.3787,0.0005287448293529451
1.1377777777777778,549.4596,0.003979879897087812
1.1609977324263039,574.3794,0.006992938928306103
1.18421768707483,563.0895,0.0034919646568596363
1.207437641723356,564.3923,0.0005414570914581418
1.2306575963718822,87.32111,3.2965010177576914e-05
1.253877551020408,0.0,1.1616048141149804e-06
1.2770975056689342,0.0,6.406762622646056e-07
1.3003174603174603,0.0,9.900959412334487e-07
1.3235374149659864,0.0,2.7562145987758413e-07
1.3467573696145125,499.2936,0.0004365298373159021
1.3699773242630386,600.81573,0.0014869077131152153
1.3931972789115648,579.7677,0.001426947652362287
1.4164172335600906,588.41956,0.0007268635090440512
1.4396371882086167,218.95381,9.596577729098499e-05
1.4628571428571429,0.0,3.2525613278266974e-06
1.486077097505669,0.0,3.5445009416434914e-07
1.509297052154195,0.0,1.3786484487354755e-07
1.5325170068027212,0.0,1.1634438124019653e-07
1.5557369614512473,0.0,1.648641045903787e-07
1.5789569160997732,0.0,1.7435559129808098e-07
1.6021768707482993,0.0,1.502330633229576e-06
1.6253968253968254,177.54018,0.000530479708686471
1.6486167800453515,603.819,0.0015425460878759623
1.6718367346938776,685.92535,0.0020277732983231544
1.6950566893424037,515.4876,0.0022111795842647552
1.7182766439909298,606.9614,0.002160001778975129
1.7414965986394557,380.22437,0.00200130557641387
1.7647165532879818,508.39227,0.0017536365194246173
1.787936507936508,541.40186,0.0018206066451966763
1.811156462585034,517.6318,0.001787116751074791
1.8343764172335602,504.3047,0.0018146038055419922
1.8575963718820863,174.68112,0.0018697493942454457
1.8808163265306124,174.93765,0.0017935901414602995
1.9040362811791383,521.16364,0.0016974848695099354
1.9272562358276644,527.9668,0.0016511126887053251
1.9504761904761905,527.727,0.001602256903424859
1.9736961451247166,174.37335,0.0015557417646050453
1.9969160997732427,512.1396,0.0015533166006207466
2.020136054421769,552.1035,0.001522960141301155
2.043356009070295,508.281,0.001607126323506236
2.066575963718821,175.1368,0.0016163557302206755
2.089795918367347,383.9912,0.0015598705504089594
2.1130158730158732,388.23322,0.0015823200810700655
2.1362358276643993,523.9073,0.0015789642930030823
2.159455782312925,172.87259,0.0015000796411186457
2.182675736961451,598.8476,0.001531043672002852
2.2058956916099772,566.54694,0.0013739009154960513
2.2291156462585033,623.37726,0.000927390530705452
2.2523356009070294,178.55531,0.0001757003483362496
2.2755555555555556,171.82928,1.722458182484843e-05
2.2987755102040817,0.0,2.9599359550047666e-06
2.3219954648526078,0.0,8.346851245732978e-07
2.345215419501134,0.0,3.0110368243185803e-07
2.36843537414966,0.0,2.7357509679859504e-07
2.391655328798186,0.0,4.6276636567199603e-07
2.414875283446712,0.0,4.891116986982524e-07
