0.0,0.0,2.4479322746628895e-07
0.023219954648526078,0.0,3.817676770268008e-07
0.046439909297052155,0.0,5.061147021478973e-07
0.06965986394557823,0.0,3.3976539270952344e-07
0.09287981859410431,0.0,2.9714283300563693e-07
0.11609977324263039,0.0,1.697890184004791e-07
0.13931972789115646,0.0,1.3193857739679515e-07
0.16253968253968254,30.056524,1.1175328836543486e-05
0.18575963718820862,134.83122,3.773716525756754e-05
0.2089795918367347,521.8363,4.378853554953821e-05
0.23219954648526078,155.09372,6.459065480157733e-05
0.25541950113378686,56.310886,9.08968795556575e-05
0.2786394557823129,583.53143,0.0001315143017563969
0.301859410430839,474.82898,0.00011906956206075847
0.3250793650793651,376.98178,0.00015533353143837303
0.3482993197278912,410.84406,0.00014809843560215086
0.37151927437641724,471.1105,0.00017457251669839025
0.3947392290249433,527.5999,0.00017442165699321777
0.4179591836734694,513.8291,0.0002158269489882514
0.44117913832199546,507.21017,0.00029234986868686974
0.46439909297052157,551.0515,0.0003669759607873857
0.4876190476190476,517.3295,0.0005175087135285139
0.5108390022675737,555.0426,0.0009121117182075977
0.5340589569160998,351.41602,0.00099290837533772
0.5572789115646258,572.70807,0.0009598289616405964
0.5804988662131519,549.5399,0.000975069822743535
0.603718820861678,486.28226,0.0008285455987788737
0.626938775510204,485.37488,0.001281006378121674
0.6501587301587302,566.05884,0.0014204338658601046
0.6733786848072563,576.6345,0.0014699820894747972
0.6965986394557824,569.75824,0.0017115757800638676
0.7198185941043084,538.2655,0.0011071779299527407
0.7430385487528345,525.7217,0.000994583941064775
0.7662585034013606,525.85077,0.001189443632028997
0.7894784580498866,543.48535,0.0011573501396924257
0.8126984126984127,508.2255,0.0010030439589172602
0.8359183673469388,551.5763,0.001277823350392282
0.8591383219954649,540.2566,0.0007443797076120973
0.8823582766439909,534.7016,0.0009468267671763897
0.905578231292517,554.7628,0.000947505934163928
0.9287981859410431,579.5373,0.0011765513336285949
0.9520181405895691,568.8125,0.001121221692301333
0.9752380952380952,538.65735,0.0002760546049103141
0.9984580498866213,515.4012,0.0007781590102240443
1.0216780045351475,584.2426,0.0013144606491550803
1.0448979591836736,138.22433,0.002238997956737876
1.0681179138321997,653.682,0.0029968961607664824
1.0913378684807256,642.8907,0.0019020127365365624
1.1145578231292517,595.81274,0.001998110907152295
1.1377777777777778,492.21887,0.0037964864168316126
1.1609977324263039,663.5977,0.004576232749968767
1.18421768707483,526.9959,0.00311007141135633
1.207437641723356,625.37103,0.004253009334206581
1.2306575963718822,683.15295,0.014712225645780563
1.253877551020408,224.30324,0.0196818970143795
1.2770975056689342,688.64105,0.006871746387332678
1.3003174603174603,114.01027,0.00336770573630929
1.3235374149659864,1243.2247,0.004800557158887386
1.3467573696145125,105.68146,0.00567746814340353
1.3699773242630386,724.58545,0.007707612589001656
1.3931972789115648,514.951,0.007563281804323196
1.4164172335600906,648.7912,0.00523796584457159
1.4396371882086167,615.13477,0.00910706352442503
1.4628571428571429,489.3289,0.014216382056474686
1.486077097505669,565.8628,0.008051929995417595
1.509297052154195,985.4677,0.006252443417906761
1.5325170068027212,479.81604,0.010683602653443813
1.5557369614512473,496.29333,0.014174224808812141
1.5789569160997732,218.18082,0.011601334437727928
1.6021768707482993,629.68365,0.00851273164153099
1.6253968253968254,213.12422,0.01784910261631012
1.6486167800453515,502.54666,0.013686527498066425
1.6718367346938776,136.56775,0.006423600949347019
1.6950566893424037,217.27335,0.03664585202932358
1.7182766439909298,693.945,0.03680271655321121
1.7414965986394557,721.79395,0.04427296295762062
1.7647165532879818,695.92896,0.03774340823292732
1.787936507936508,683.3265,0.033691950142383575
1.811156462585034,697.4788,0.02469928376376629
1.8343764172335602,668.90796,0.01779581420123577
1.8575963718820863,220.26251,0.026556983590126038
1.8808163265306124,1237.2623,0.026051416993141174
1.9040362811791383,1344.3127,0.03152170404791832
1.9272562358276644,159.41591,0.03997546434402466
1.9504761904761905,228.07881,0.026994984596967697
1.9736961451247166,806.4584,0.03384780138731003
1.9969160997732427,827.331,0.03763526305556297
2.020136054421769,819.2285,0.040443580597639084
2.043356009070295,852.2181,0.029532458633184433
2.066575963718821,157.87589,0.030590632930397987
2.089795918367347,221.9156,0.014227018691599369
2.1130158730158732,1087.0099,0.023636557161808014
2.1362358276643993,1217.2151,0.041152480989694595
2.159455782312925,270.12378,0.03422228991985321
2.182675736961451,224.05159,0.034470073878765106
2.2058956916099772,1069.3004,0.01913236826658249
2.2291156462585033,1024.458,0.013504685834050179
2.2523356009070294,689.1248,0.022904351353645325
2.2755555555555556,217.1728,0.023705020546913147
2.2987755102040817,986.8443,0.0236411951482296
2.3219954648526078,1109.5535,0.01430075615644455
2.345215419501134,1120.8741,0.010985846631228924
2.36843537414966,478.08698,0.011045556515455246
2.391655328798186,134.2382,0.00710550369694829
2.414875283446712,230.65854,0.006772823631763458
2.4380952380952383,316.6102,0.007935432717204094
2.4613151927437644,664.27466,0.009432647377252579
2.48453514739229,1114.3004,0.007056050933897495
2.507755102040816,107.474594,0.006161353550851345
2.5309750566893423,632.6886,0.009062997996807098
2.5541950113378684,481.06396,0.010434934869408607
2.5774149659863945,1062.1024,0.007165833376348019
2.6006349206349206,1083.7719,0.0066445367410779
2.6238548752834467,668.91223,0.006356753408908844
2.647074829931973,645.6173,0.004827884957194328
2.670294784580499,671.65533,0.003103642724454403
2.693514739229025,1113.075,0.004019987769424915
2.716734693877551,665.42017,0.003899205010384321
2.7399546485260773,638.8597,0.0058831810019910336
2.7631746031746034,678.52686,0.011774774640798569
2.7863945578231295,679.4379,0.00750467274338007
2.809614512471655,664.3156,0.0020028548315167427
2.8328344671201813,354.83487,0.0018945687916129827
2.8560544217687074,97.00358,0.0026029953733086586
2.8792743764172335,665.3847,0.005159945227205753
2.9024943310657596,631.746,0.0013887005625292659
2.9257142857142857,347.64822,0.0014386042021214962
2.948934240362812,623.43353,0.001926243887282908
2.972154195011338,659.2502,0.0011541869025677443
2.995374149659864,509.1257,0.0015999648021534085
3.01859410430839,521.9258,0.0016522177029401064
3.0418140589569163,535.431,0.0006603375659324229
3.0650340136054424,547.5487,0.0009043144527822733
3.0882539682539685,563.3744,0.0007982961251400411
3.1114739229024946,575.61884,0.0011143822921440005
3.1346938775510207,579.33435,0.0009664953104220331
3.1579138321995464,506.79495,0.0006471141241490841
3.1811337868480725,189.05255,0.00039485382148995996
3.2043537414965986,547.5407,0.00039293867303058505
3.2275736961451247,187.06686,0.0005079341353848577
3.250793650793651,550.25287,0.0006595699233002961
3.274013605442177,518.42035,0.0006434877868741751
3.297233560090703,549.3216,0.0006942454492673278
3.320453514739229,549.4616,0.0005025935242883861
3.3436734693877552,486.28937,0.0003924506017938256
3.3668934240362813,493.83417,0.00035157694946974516
3.3901133786848074,543.38617,0.0005663646152243018
3.4133333333333336,569.7226,0.000589801580645144
3.4365532879818597,582.3392,0.000733007094822824
3.4597732426303858,574.8629,0.0008205014164559543
3.4829931972789114,538.78046,0.00043591554276645184
3.5062131519274375,181.44785,0.0004559408698696643
3.5294331065759637,547.23975,0.0006020463188178837
3.5526530612244898,551.8251,0.0005279401666484773
3.575873015873016,562.7121,0.0006715055205859244
3.599092970521542,560.489,0.0006337700178846717
3.622312925170068,183.21658,0.0004073412565048784
3.645532879818594,366.0127,0.0004563387483358383
3.6687528344671203,552.1903,0.0005378769710659981
3.6919727891156464,438.1004,0.0004546988639049232
3.7151927437641725,392.73727,0.00022828452347312123
3.7384126984126986,194.03603,2.100152960338164e-05
3.7616326530612247,0.0,5.8507548601482995e-06
3.784852607709751,0.0,7.440012268489227e-07
3.8080725623582765,0.0,6.291147656156681e-07
3.8312925170068026,0.0,2.137630872312002e-07
3.8545124716553287,0.0,1.9443723431322724e-07
3.877732426303855,0.0,9.797895472729579e-08
3.900952380952381,0.0,2.8103659133194014e-07
3.924172335600907,0.0,7.18509909347631e-08
3.947392290249433,0.0,2.835076884366572e-08
3.9706122448979593,0.0,2.780843715299852e-07
3.9938321995464854,0.0,5.079082256997935e-07
4.017052154195011,0.0,4.530011210590601e-07
4.040272108843538,0.0,4.210623956169002e-07
4.063492063492063,0.0,4.527391865849495e-07
4.08671201814059,0.0,1.6734884411562234e-07
4.1099319727891155,0.0,3.5402626963332295e-07
4.133151927437642,0.0,1.7837919585872442e-07
4.156371882086168,0.0,6.366462912410498e-08
4.179591836734694,0.0,2.7973328542429954e-07
4.20281179138322,0.0,3.8192138163140044e-07
4.2260317460317465,0.0,2.8473459678934887e-07
4.249251700680272,0.0,4.043513399665244e-07
4.272471655328799,0.0,2.3560278350487351e-07
4.295691609977324,0.0,0.0
