0.0,0.0,5.808760761283338e-08
0.023219954648526078,0.0,1.4138277038000524e-07
0.046439909297052155,0.0,3.7580957723548636e-07
0.06965986394557823,0.0,9.133682397077791e-07
0.09287981859410431,22.197973,1.068788242264418e-05
0.11609977324263039,153.56653,4.098361387150362e-05
0.13931972789115646,107.54852,4.921638537780382e-05
0.16253968253968254,120.38195,6.957417645025998e-05
0.18575963718820862,128.93495,0.00010031341662397608
0.2089795918367347,128.37938,0.0001190588518511504
0.23219954648526078,130.85858,0.00015440318384207785
0.25541950113378686,423.14395,0.00018415924569126219
0.2786394557823129,137.58913,0.0002647775982040912
0.301859410430839,485.04977,0.0002849650918506086
0.3250793650793651,254.36118,0.0003336532390676439
0.3482993197278912,395.88522,0.00040389446076005697
0.37151927437641724,324.43445,0.0002925387234427035
0.3947392290249433,188.91951,0.00022130123397801071
0.4179591836734694,408.5284,0.00024103627947624773
0.44117913832199546,237.20442,0.00029335712315514684
0.46439909297052157,377.88983,0.00032678747083991766
0.4876190476190476,448.06702,0.0002813003957271576
0.5108390022675737,426.19037,0.0002808450080920011
0.5340589569160998,410.4596,0.0002472641644999385
0.5572789115646258,413.34442,0.00013565532572101802
0.5804988662131519,135.45,5.384088581195101e-05
0.603718820861678,136.23364,7.998914225026965e-05
0.626938775510204,158.46318,0.00023524576681666076
0.6501587301587302,156.39638,0.0003089532838203013
0.6733786848072563,193.69447,0.00017361447680741549
0.6965986394557824,152.54356,0.00015835982048884034
0.7198185941043084,150.63565,0.000182975985808298
0.7430385487528345,522.0145,0.00039784732507541776
0.7662585034013606,167.18547,0.000813098275102675
0.7894784580498866,173.87357,0.0008792395819909871
0.8126984126984127,525.03625,0.0012323919218033552
0.8359183673469388,171.21863,0.001280490541830659
0.8591383219954649,650.10425,0.001516209915280342
0.8823582766439909,173.20119,0.0011549382470548153
0.905578231292517,119.25397,0.0013034440344199538
0.9287981859410431,543.0863,0.0015882074367254972
0.9520181405895691,532.8733,0.0022024770732969046
0.9752380952380952,702.15216,0.0010752457892522216
0.9984580498866213,638.6518,0.0015815028455108404
1.0216780045351475,548.7318,0.001631630933843553
1.0448979591836736,509.35312,0.0009854604722931981
1.0681179138321997,668.03,0.0013029032852500677
1.0913378684807256,533.8084,0.0012866416946053505
1.1145578231292517,678.9969,0.0019367432687431574
1.1377777777777778,580.8951,0.0028815139085054398
1.1609977324263039,729.1313,0.006661517545580864
1.18421768707483,826.41797,0.006681721191853285
1.207437641723356,138.13731,0.007925966754555702
1.2306575963718822,663.56116,0.009973833337426186
1.253877551020408,675.45026,0.00991774257272482
1.2770975056689342,696.3992,0.00690831895917654
1.3003174603174603,729.4634,0.007172239013016224
1.3235374149659864,966.2255,0.006505575031042099
1.3467573696145125,726.448,0.007227283902466297
1.3699773242630386,150.92966,0.00691999914124608
1.3931972789115648,757.2094,0.00548444502055645
1.4164172335600906,726.66986,0.006485764402896166
1.4396371882086167,877.4785,0.0066085150465369225
1.4628571428571429,800.90704,0.010127896443009377
1.486077097505669,296.75,0.010333172045648098
1.509297052154195,677.1842,0.011290144175291061
1.5325170068027212,841.9008,0.010636910796165466
1.5557369614512473,786.1914,0.005418832879513502
1.5789569160997732,951.5793,0.007038693875074387
1.6021768707482993,204.79811,0.009444355964660645
1.6253968253968254,935.89185,0.007190994918346405
1.6486167800453515,694.19824,0.006572346203029156
1.6718367346938776,791.78516,0.008158516138792038
1.6950566893424037,1084.7471,0.00827803649008274
1.7182766439909298,1054.7705,0.00886442419141531
1.7414965986394557,122.55026,0.010431185364723206
1.7647165532879818,814.06323,0.009931272827088833
1.787936507936508,770.45135,0.015101553872227669
1.811156462585034,1063.2407,0.011821035295724869
1.8343764172335602,712.09454,0.010848669335246086
1.8575963718820863,703.52435,0.0073973434045910835
1.8808163265306124,972.3369,0.008947806432843208
1.9040362811791383,1029.4769,0.0092935711145401
1.9272562358276644,1054.4052,0.010060327127575874
1.9504761904761905,694.53973,0.013707660138607025
1.9736961451247166,700.45966,0.012026937678456306
1.9969160997732427,709.07825,0.0061483667232096195
2.020136054421769,1086.1783,0.00729740783572197
2.043356009070295,141.23698,0.007831931114196777
2.066575963718821,694.3525,0.010692582465708256
2.089795918367347,697.4221,0.004856351763010025
2.1130158730158732,1002.20496,0.004186796024441719
2.1362358276643993,672.42944,0.007591534871608019
2.159455782312925,822.09424,0.006455114111304283
2.182675736961451,676.12067,0.005418062210083008
2.2058956916099772,792.60803,0.0037651904858648777
2.2291156462585033,940.4904,0.004698507487773895
2.2523356009070294,187.92589,0.003695380175486207
2.2755555555555556,826.0483,0.004655897151678801
2.2987755102040817,199.69044,0.002667926484718919
2.3219954648526078,195.39041,0.003470962168648839
2.345215419501134,185.58177,0.0009756812360137701
2.36843537414966,710.20605,0.0012366320006549358
2.391655328798186,671.4783,0.0012610084377229214
2.414875283446712,627.85956,0.0010030122939497232
2.4380952380952383,658.57104,0.0008854120969772339
2.4613151927437644,654.68964,0.0003457366256043315
2.48453514739229,187.96584,0.0002649800153449178
2.507755102040816,153.88652,0.00023832422448322177
2.5309750566893423,130.85759,0.0004075422475580126
2.5541950113378684,186.443,0.0003939078014809638
2.5774149659863945,184.55542,0.00034179561771452427
2.6006349206349206,625.5745,0.00024398798996116966
2.6238548752834467,86.63823,0.00020210337243042886
2.647074829931973,132.53801,0.0001465476816520095
2.670294784580499,186.5999,0.000148317456478253
2.693514739229025,533.8343,0.00015903251187410206
2.716734693877551,197.13957,0.00016142679669428617
2.7399546485260773,181.3315,0.00021097829448990524
2.7631746031746034,281.9226,0.0002142386802006513
2.7863945578231295,504.81042,0.0002349149581277743
2.809614512471655,153.45494,0.00026308486121706665
2.8328344671201813,504.3731,0.00028571338043548167
2.8560544217687074,162.52783,0.00031123837106861174
2.8792743764172335,191.0496,0.00030609313398599625
2.9024943310657596,528.0878,0.00034285406582057476
2.9257142857142857,394.66074,0.0003713644982781261
2.948934240362812,490.82358,0.00032920652301982045
2.972154195011338,180.38206,0.00033432350028306246
2.995374149659864,288.64032,0.00031557667534798384
3.01859410430839,192.45456,0.00028719534748233855
3.0418140589569163,181.08165,0.0002819906221702695
3.0650340136054424,275.52432,0.00028591626323759556
3.0882539682539685,197.54898,0.0002425468119326979
3.1114739229024946,151.75008,0.00020594234229065478
3.1346938775510207,138.52444,9.138117457041517e-05
3.1579138321995464,0.0,7.991568963916507e-06
3.1811337868480725,0.0,2.758287337201182e-06
3.2043537414965986,0.0,3.906970960088074e-07
3.2275736961451247,0.0,3.0918545235181227e-07
