0.0,0.0,1.118521140597295e-06
0.023219954648526078,0.0,1.7959791875910014e-06
0.046439909297052155,0.0,2.1854484657524154e-06
0.06965986394557823,0.0,6.02175532549154e-07
0.09287981859410431,0.0,4.775738489115611e-07
0.11609977324263039,0.0,3.750519681489095e-07
0.13931972789115646,0.0,7.506132533308119e-07
0.16253968253968254,0.0,7.672360879951157e-07
0.18575963718820862,0.0,2.5083818400162272e-06
0.2089795918367347,0.0,8.488153071084525e-06
0.23219954648526078,165.4833,5.391572994994931e-05
0.25541950113378686,139.00464,6.300085078692064e-05
0.2786394557823129,161.50078,6.191745342221111e-05
0.301859410430839,161.67218,7.263646693900228e-05
0.3250793650793651,131.4774,8.252645784523338e-05
0.3482993197278912,511.98282,8.073564094956964e-05
0.37151927437641724,249.84378,9.857061377260834e-05
0.3947392290249433,134.55502,0.00010955406469292939
0.4179591836734694,134.19588,0.00012233201414346695
0.44117913832199546,509.73843,0.00013369631778914481
0.46439909297052157,387.5694,0.00015026854816824198
0.4876190476190476,134.34207,0.00017681602912489325
0.5108390022675737,514.1329,0.00019420156604610384
0.5340589569160998,484.57812,0.00023479726223740727
0.5572789115646258,324.5312,0.0002457757946103811
0.5804988662131519,527.7604,0.00027874839724972844
0.603718820861678,487.35388,0.00027512680389918387
0.626938775510204,136.79997,0.0003131569246761501
0.6501587301587302,535.4495,0.0003227630804758519
0.6733786848072563,139.37357,0.00036328332498669624
0.6965986394557824,252.9667,0.00039043245487846434
0.7198185941043084,481.8999,0.00035296386340633035
0.7430385487528345,474.72787,0.0002804843825288117
0.7662585034013606,329.3988,0.0002604340552352369
0.7894784580498866,178.33855,0.00024160098109859973
0.8126984126984127,180.11662,0.00017428427236154675
0.8359183673469388,335.3249,0.0001788065128494054
0.8591383219954649,185.47177,0.00021810829639434814
0.8823582766439909,198.19095,0.0003792911011260003
0.905578231292517,549.6605,0.0004046141402795911
0.9287981859410431,569.8577,0.00047341801109723747
0.9520181405895691,540.85767,0.00043320906115695834
0.9752380952380952,478.44083,0.0003538115997798741
0.9984580498866213,507.65845,0.00028429663507267833
1.0216780045351475,515.04333,0.0007071676664054394
1.0448979591836736,517.7851,0.0009505177731625736
1.0681179138321997,157.80658,0.0012604468502104282
1.0913378684807256,509.7502,0.0009245207766070962
1.1145578231292517,523.9266,0.0008643562905490398
1.1377777777777778,537.6966,0.0013711133506149054
1.1609977324263039,529.44385,0.0029258199501782656
1.18421768707483,544.25024,0.00326313404366374
1.207437641723356,515.4169,0.002972940681502223
1.2306575963718822,577.41724,0.004826511722058058
1.253877551020408,565.4051,0.0015160073526203632
1.2770975056689342,553.75024,0.004057344514876604
1.3003174603174603,549.1457,0.002140202559530735
1.3235374149659864,567.11053,0.002941218437626958
1.3467573696145125,639.6559,0.004831819329410791
1.3699773242630386,213.03181,0.0026834404561668634
1.3931972789115648,510.52267,0.0030776802450418472
1.4164172335600906,633.1797,0.004370922688394785
1.4396371882086167,683.3571,0.0027353153564035892
1.4628571428571429,488.9295,0.004922263324260712
1.486077097505669,492.25446,0.0051041096448898315
1.509297052154195,228.08084,0.014070536941289902
1.5325170068027212,675.3323,0.010611508041620255
1.5557369614512473,135.25362,0.004971465095877647
1.5789569160997732,526.5152,0.00409358274191618
1.6021768707482993,484.29758,0.005132582969963551
1.6253968253968254,691.2412,0.004800532013177872
1.6486167800453515,602.3349,0.00860806368291378
1.6718367346938776,503.35962,0.007277912460267544
1.6950566893424037,699.776,0.004289313219487667
1.7182766439909298,1051.3134,0.005608345381915569
1.7414965986394557,498.41855,0.005975035484880209
1.7647165532879818,159.60698,0.003604494035243988
1.787936507936508,114.845345,0.0034753738436847925
1.811156462585034,657.4511,0.0043553500436246395
1.8343764172335602,532.2356,0.008360605686903
1.8575963718820863,504.3379,0.008526714518666267
1.8808163265306124,517.46625,0.006329888477921486
1.9040362811791383,517.2968,0.0083027184009552
1.9272562358276644,167.66176,0.0048245578072965145
1.9504761904761905,168.15242,0.0031799054704606533
1.9736961451247166,879.85333,0.0026874016039073467
1.9969160997732427,652.20135,0.0036731762811541557
2.020136054421769,1133.5908,0.005009368062019348
2.043356009070295,158.66898,0.004518440924584866
2.066575963718821,500.65894,0.008185326121747494
2.089795918367347,710.767,0.007643320597708225
2.1130158730158732,705.1572,0.0070058126002550125
2.1362358276643993,504.66467,0.0044352710247039795
2.159455782312925,514.6711,0.00494755944237113
2.182675736961451,697.3016,0.007755090482532978
2.2058956916099772,684.95764,0.01391103770583868
2.2291156462585033,218.94022,0.014145663939416409
2.2523356009070294,678.7458,0.014703800901770592
2.2755555555555556,663.269,0.006511160172522068
2.2987755102040817,677.2769,0.011030878871679306
2.3219954648526078,219.23868,0.006132286973297596
2.345215419501134,527.9567,0.0033526699990034103
2.36843537414966,709.7526,0.003322554286569357
2.391655328798186,637.89197,0.0052848802879452705
2.414875283446712,217.76512,0.0040991767309606075
2.4380952380952383,212.21954,0.0023271345999091864
2.4613151927437644,648.297,0.002438782248646021
2.48453514739229,574.1573,0.0012017491972073913
2.507755102040816,506.4577,0.0021122051402926445
2.5309750566893423,554.02277,0.0028467695228755474
2.5541950113378684,582.1069,0.0029122482519596815
2.5774149659863945,576.0661,0.0020272459369152784
2.6006349206349206,547.16547,0.0006300389650277793
2.6238548752834467,604.49994,0.0005559494020417333
2.647074829931973,531.1286,0.0006109320092946291
2.670294784580499,572.4173,0.0005306691746227443
2.693514739229025,529.9212,0.0006165299564599991
2.716734693877551,570.12415,0.00048675923608243465
2.7399546485260773,217.54608,0.0002153575624106452
2.7631746031746034,208.03427,0.00023716512077953666
2.7863945578231295,538.0928,0.00023427655105479062
2.809614512471655,518.92816,0.0002179201110266149
2.8328344671201813,521.058,0.00024996991851367056
2.8560544217687074,193.07419,0.0002311853604624048
2.8792743764172335,194.62459,0.0003018498537130654
2.9024943310657596,550.21423,0.00019439897732809186
2.9257142857142857,96.709595,0.00010224944708170369
2.948934240362812,503.03912,8.838485518936068e-05
2.972154195011338,219.84943,0.00010650181502569467
2.995374149659864,134.81496,0.00012845988385379314
3.01859410430839,213.11938,0.00014313030987977982
3.0418140589569163,176.88025,0.00013567914720624685
3.0650340136054424,220.75351,0.00016728625632822514
3.0882539682539685,135.91962,0.00014436099445447326
3.1114739229024946,224.31464,0.0001606490695849061
3.1346938775510207,204.25256,0.0001785132335498929
3.1579138321995464,174.61734,0.00018642822396941483
3.1811337868480725,530.8975,0.00018286342674400657
3.2043537414965986,544.29315,0.00018161362095270306
3.2275736961451247,175.69742,0.00017181411385536194
3.250793650793651,226.3409,0.00017755833687260747
3.274013605442177,195.44394,0.00016157017671503127
3.297233560090703,178.537,0.0001749041402945295
3.320453514739229,507.85385,0.00018351936887484044
3.3436734693877552,141.3351,0.00017423115787096322
3.3668934240362813,189.23404,0.00015182781498879194
3.3901133786848074,223.01665,0.00012848178448621184
3.4133333333333336,140.82329,0.00011297590390313417
3.4365532879818597,106.522964,7.809275848558173e-05
3.4597732426303858,132.55867,1.656131644267589e-05
3.4829931972789114,0.0,3.219775862817187e-06
3.5062131519274375,0.0,3.759287210414186e-07
3.5294331065759637,0.0,3.9323185774264857e-07
3.5526530612244898,0.0,2.723527359194122e-07
3.575873015873016,0.0,3.14153112412896e-07
3.599092970521542,0.0,4.81587449030485e-07
3.622312925170068,0.0,4.745188562083058e-07
3.645532879818594,0.0,3.978075255872682e-07
3.6687528344671203,0.0,4.3008367356378585e-07
3.6919727891156464,0.0,2.952865543193184e-07
3.7151927437641725,0.0,1.2763848644681275e-07
3.7384126984126986,0.0,1.4825400285189971e-07
3.7616326530612247,0.0,3.624109012889676e-07
3.784852607709751,0.0,3.326713340356946e-07
3.8080725623582765,0.0,2.7135411073686555e-07
3.8312925170068026,0.0,3.44537511409726e-07
3.8545124716553287,0.0,3.9898350223666057e-07
3.877732426303855,0.0,3.8173584471223876e-07
3.900952380952381,0.0,2.597680577309802e-07
