0.0,0.0,3.109926183242351e-08
0.023219954648526078,0.0,3.669720172183588e-08
0.046439909297052155,0.0,1.6698322724550962e-08
0.06965986394557823,0.0,3.376862878212705e-08
0.09287981859410431,0.0,2.2666154109174386e-07
0.11609977324263039,0.0,1.933631210704334e-07
0.13931972789115646,159.36635,2.9353592253755778e-05
0.16253968253968254,463.1043,0.00020688246877398342
0.18575963718820862,389.98282,0.00030266708927229047
0.2089795918367347,127.21707,0.00039384665433317423
0.23219954648526078,486.54977,0.0004407256783451885
0.25541950113378686,496.47107,0.0004715132818091661
0.2786394557823129,476.90768,0.0003324716235511005
0.301859410430839,120.81424,0.0002259578905068338
0.3250793650793651,124.67556,0.00012530626554507762
0.3482993197278912,168.0035,0.00010327433119527996
0.37151927437641724,585.9527,0.00032022740924730897
0.3947392290249433,161.2201,0.0007553310133516788
0.4179591836734694,469.414,0.001843163976445794
0.44117913832199546,168.26395,0.0026525654830038548
0.46439909297052157,484.5293,0.0018664489034563303
0.4876190476190476,496.62192,0.0008001237292774022
0.5108390022675737,48.91542,0.0015975360292941332
0.5340589569160998,511.80038,0.0011720494367182255
0.5572789115646258,641.6075,0.0009471690282225609
0.5804988662131519,642.98193,0.001179158454760909
0.603718820861678,110.52914,0.0017888352740556002
0.626938775510204,186.81897,0.0020204796455800533
0.6501587301587302,379.40604,0.0013389484956860542
0.6733786848072563,202.41934,0.000894143246114254
0.6965986394557824,624.33246,0.001001071184873581
0.7198185941043084,788.5712,0.0015279451617971063
0.7430385487528345,111.42124,0.0027435123920440674
0.7662585034013606,803.1674,0.0038938545621931553
0.7894784580498866,352.24872,0.004327039234340191
0.8126984126984127,743.66187,0.0036470890045166016
0.8359183673469388,193.85371,0.0033148908987641335
0.8591383219954649,850.6385,0.0048392154276371
0.8823582766439909,110.79828,0.004447098355740309
0.905578231292517,533.00903,0.0041965339332818985
0.9287981859410431,101.8003,0.0031375845428556204
0.9520181405895691,667.5921,0.0031555453315377235
0.9752380952380952,189.2404,0.0023911078460514545
0.9984580498866213,314.94922,0.00271902559325099
1.0216780045351475,571.72754,0.0015799094690009952
1.0448979591836736,529.5317,0.001394412713125348
1.0681179138321997,610.3293,0.001787845278158784
1.0913378684807256,513.38245,0.00195318297483027
1.1145578231292517,569.2966,0.0008583181770518422
1.1377777777777778,503.00415,0.0010818238370120525
1.1609977324263039,189.20497,0.0011982559226453304
1.18421768707483,496.14227,0.0018898539710789919
1.207437641723356,166.2473,0.0020529122557491064
1.2306575963718822,574.1027,0.0008091054623946548
1.253877551020408,576.333,0.0004159770323894918
1.2770975056689342,101.29884,0.00022053612337913364
1.3003174603174603,162.27637,0.0003774912329390645
1.3235374149659864,489.592,0.0006419047713279724
1.3467573696145125,481.9511,0.0004825964861083776
1.3699773242630386,463.85733,0.0005131972720846534
1.3931972789115648,395.41354,0.0005472975317388773
1.4164172335600906,410.2015,0.0007386911893263459
1.4396371882086167,167.51602,0.0006972982082515955
1.4628571428571429,126.68713,0.0006315995706245303
1.486077097505669,167.28381,0.0004956698976457119
1.509297052154195,44.328247,0.00032837328035384417
1.5325170068027212,456.04504,0.000374245282728225
1.5557369614512473,464.26376,0.0003688840370159596
1.5789569160997732,455.24713,0.000259863882092759
1.6021768707482993,417.73553,0.0001415535807609558
1.6253968253968254,158.02219,5.6986329582287e-05
1.6486167800453515,268.882,2.0206711269565858e-05
1.6718367346938776,128.05925,1.2657163097173907e-05
1.6950566893424037,0.0,1.5469713616766967e-06
1.7182766439909298,0.0,8.494471330777742e-07
1.7414965986394557,0.0,2.4040218704612926e-07
1.7647165532879818,0.0,1.698126652627252e-07
1.787936507936508,0.0,7.879134500399232e-08
1.811156462585034,0.0,1.1204974725842476e-08
