0.0,0.0,3.840796125587076e-08
0.023219954648526078,0.0,2.354281605221331e-07
0.046439909297052155,0.0,2.4268047127407044e-07
0.06965986394557823,0.0,2.611022864584811e-07
0.09287981859410431,0.0,1.8738774087978527e-07
0.11609977324263039,21.704401,2.028607195825316e-05
0.13931972789115646,489.00027,0.00036738370545208454
0.16253968253968254,152.34027,0.00032579858088865876
0.18575963718820862,497.91983,0.00031115373712964356
0.2089795918367347,201.53517,0.0002738654147833586
0.23219954648526078,328.05682,0.000328247610013932
0.25541950113378686,537.07166,0.0003602373762987554
0.2786394557823129,535.5828,0.0006715208874084055
0.301859410430839,546.295,0.0008214776171371341
0.3250793650793651,552.6508,0.000742909440305084
0.3482993197278912,552.1092,0.00033634013379924
0.37151927437641724,518.17865,0.0002714093716349453
0.3947392290249433,534.1027,0.0003140226472169161
0.4179591836734694,574.0151,0.00027946155751124024
0.44117913832199546,562.40625,0.00021837264648638666
0.46439909297052157,233.94025,0.00024831085465848446
0.4876190476190476,580.5471,0.0002750094572547823
0.5108390022675737,386.7323,0.0003021183656528592
0.5340589569160998,563.17004,0.000272019999101758
0.5572789115646258,627.2583,0.00036710919812321663
0.5804988662131519,520.36646,0.00038719677831977606
0.603718820861678,569.50287,0.0006995401345193386
0.626938775510204,526.1849,0.0010398910380899906
0.6501587301587302,520.48773,0.0010523227974772453
0.6733786848072563,400.90652,0.0006707593565806746
0.6965986394557824,104.99163,0.00038561379187740386
0.7198185941043084,511.53983,0.0005683870986104012
0.7430385487528345,166.398,0.000547530478797853
0.7662585034013606,260.21228,0.0005638602306134999
0.7894784580498866,242.38707,0.0005287685198709369
0.8126984126984127,302.68176,0.0010655958903953433
0.8359183673469388,225.49568,0.005733573343604803
0.8591383219954649,705.3294,0.013452512212097645
0.8823582766439909,716.02765,0.019557464867830276
0.905578231292517,700.4789,0.012980093248188496
0.9287981859410431,687.1421,0.011307979002594948
0.9520181405895691,683.4141,0.010716754011809826
0.9752380952380952,707.74347,0.012219542637467384
0.9984580498866213,702.72284,0.013937989249825478
1.0216780045351475,701.6299,0.011431409046053886
1.0448979591836736,669.98535,0.004636619705706835
1.0681179138321997,527.4507,0.0016862674383446574
1.0913378684807256,525.3515,0.001388124655932188
1.1145578231292517,240.40428,0.0008753042202442884
1.1377777777777778,518.3406,0.0011314268922433257
1.1609977324263039,169.49521,0.001472226344048977
1.18421768707483,236.61172,0.0014156292891129851
1.207437641723356,54.699844,0.0008995004463940859
1.2306575963718822,49.82702,0.0011917699594050646
1.253877551020408,137.35886,0.0006103653577156365
1.2770975056689342,199.38092,0.0005526274908334017
1.3003174603174603,229.3947,0.0009442678419873118
1.3235374149659864,659.45386,0.001103622606024146
1.3467573696145125,225.13196,0.0010358309373259544
1.3699773242630386,137.79152,0.0007373379776254296
1.3931972789115648,480.79123,0.0008575950050726533
1.4164172335600906,192.91345,0.00047042855294421315
1.4396371882086167,1893.3857,0.0003744647547136992
1.4628571428571429,647.0054,0.00048354759928770363
1.486077097505669,568.627,0.0006873665261082351
1.509297052154195,199.68694,0.0002424439589958638
1.5325170068027212,491.33307,0.0003447547787800431
1.5557369614512473,174.58502,0.0010781942401081324
1.5789569160997732,475.1024,0.000498214561957866
1.6021768707482993,570.0383,0.000556071347091347
1.6253968253968254,518.529,0.0007004724466241896
1.6486167800453515,536.603,0.000290707394015044
1.6718367346938776,156.15616,0.00020371429855003953
1.6950566893424037,580.7522,0.00022116920445114374
1.7182766439909298,604.2792,0.0005542755825445056
1.7414965986394557,162.58257,0.0003989928518421948
1.7647165532879818,547.10876,0.0002203285985160619
1.787936507936508,511.53073,0.0003475395205896348
1.811156462585034,463.10223,0.0001583788252901286
1.8343764172335602,161.2269,0.00015499541768804193
1.8575963718820863,356.7299,0.00019223781418986619
1.8808163265306124,383.13254,0.00013947757543064654
1.9040362811791383,69.53081,1.8289843865204602e-05
1.9272562358276644,0.0,1.4270735846366733e-06
1.9504761904761905,0.0,1.0100602594320662e-06
1.9736961451247166,0.0,3.6227083910489455e-07
1.9969160997732427,0.0,1.7146339814644307e-07
2.020136054421769,0.0,1.6437479644082487e-07
2.043356009070295,0.0,2.3268967197509483e-07
2.066575963718821,0.0,7.055132300592959e-08
