0.0,0.0,1.6030753613449633e-07
0.023219954648526078,0.0,2.165306796086952e-07
0.046439909297052155,0.0,3.108871169388294e-07
0.06965986394557823,0.0,4.306975824874826e-07
0.09287981859410431,0.0,2.8585418476723135e-07
0.11609977324263039,0.0,1.6240755940089002e-07
0.13931972789115646,23.772818,9.2004265752621e-05
0.16253968253968254,345.5606,0.0009809876792132854
0.18575963718820862,334.76196,0.0016153175383806229
0.2089795918367347,333.91547,0.0020478693768382072
0.23219954648526078,342.23087,0.001714107347652316
0.25541950113378686,351.81543,0.0009866941254585981
0.2786394557823129,334.51453,0.0009396641980856657
0.301859410430839,129.47717,0.0013769109500572085
0.3250793650793651,335.10257,0.0009462586604058743
0.3482993197278912,377.5867,0.00045935448724776506
0.37151927437641724,321.8762,0.00035322539042681456
0.3947392290249433,342.16754,0.0002568692434579134
0.4179591836734694,228.62549,0.00029254151741042733
0.44117913832199546,168.5138,0.0003870279178954661
0.46439909297052157,508.24765,0.00032414839370176196
0.4876190476190476,225.95132,0.0003026130434591323
0.5108390022675737,75.42245,0.0003521670587360859
0.5340589569160998,881.59204,0.00045502869761548936
0.5572789115646258,257.8443,0.0005176272243261337
0.5804988662131519,273.21298,0.0006774793146178126
0.603718820861678,261.20563,0.0007068369304761291
0.626938775510204,257.43027,0.00045214389683678746
0.6501587301587302,724.5695,0.0005206085625104606
0.6733786848072563,265.6038,0.0007554339244961739
0.6965986394557824,268.13406,0.0006195448222570121
0.7198185941043084,266.64227,0.0006786635494790971
0.7430385487528345,276.74918,0.00038285888149403036
0.7662585034013606,327.08264,0.000994798494502902
0.7894784580498866,365.72705,0.0015487531200051308
0.8126984126984127,368.15854,0.0020753340795636177
0.8359183673469388,354.58698,0.0024165853392332792
0.8591383219954649,344.67258,0.0019033957505598664
0.8823582766439909,347.65704,0.0024214638397097588
0.905578231292517,353.0787,0.002307531191036105
0.9287981859410431,356.6206,0.0016331139486283064
0.9520181405895691,338.45773,0.0010612113401293755
0.9752380952380952,337.05527,0.0005009254673495889
0.9984580498866213,91.59445,0.0008752337307669222
1.0216780045351475,198.71263,0.000572292716242373
1.0448979591836736,315.84937,0.0005891048931516707
1.0681179138321997,266.0661,0.0008413202594965696
1.0913378684807256,263.35257,0.0010495400056242943
1.1145578231292517,253.97255,0.0005865860148333013
1.1377777777777778,86.48236,0.0007408520323224366
1.1609977324263039,364.29916,0.0010112882591784
1.18421768707483,358.39404,0.0006316000362858176
1.207437641723356,317.81476,0.0005344102391973138
1.2306575963718822,459.99786,0.0005804378306493163
1.253877551020408,359.4012,0.0005868013831786811
1.2770975056689342,398.6602,0.0011014463379979134
1.3003174603174603,347.12396,0.0011028624139726162
1.3235374149659864,423.2162,0.0005574747337959707
1.3467573696145125,262.1618,0.0004727691994048655
1.3699773242630386,419.91586,0.0006706038257107139
1.3931972789115648,343.1522,0.0006357213715091348
1.4164172335600906,334.58987,0.00028394657419994473
1.4396371882086167,336.34045,0.00029836519388481975
1.4628571428571429,324.26193,0.0009811613708734512
1.486077097505669,338.52267,0.0012293433537706733
1.509297052154195,354.40457,0.0009852293878793716
1.5325170068027212,352.20798,0.0008943080902099609
1.5557369614512473,340.18393,0.0010567669523879886
1.5789569160997732,332.16537,0.001218988443724811
1.6021768707482993,326.77545,0.001086284639313817
1.6253968253968254,340.08853,0.0010039275512099266
1.6486167800453515,253.0013,0.0008058730163611472
1.6718367346938776,351.46802,0.00037760872510261834
1.6950566893424037,362.23688,0.0004686412576120347
1.7182766439909298,342.35712,0.0005130921490490437
1.7414965986394557,308.907,0.00023400652571581304
1.7647165532879818,258.99188,0.0001529737055534497
1.787936507936508,322.7799,0.00018366044969297945
1.811156462585034,313.53665,0.0003266487910877913
1.8343764172335602,335.7582,0.00012378199608065188
1.8575963718820863,138.04132,9.23119587241672e-05
1.8808163265306124,133.05103,4.318348874221556e-05
1.9040362811791383,0.0,6.628977644140832e-06
1.9272562358276644,0.0,1.7193324310937896e-06
1.9504761904761905,0.0,2.437745934003033e-07
1.9736961451247166,0.0,1.0755775292636827e-07
1.9969160997732427,0.0,9.75687726167962e-08
2.020136054421769,0.0,1.2579857866512612e-07
2.043356009070295,0.0,9.575160220265388e-09
