0.0,0.0,4.2439660319359973e-07
0.023219954648526078,0.0,3.969234967371449e-07
0.046439909297052155,0.0,5.524052539840341e-07
0.06965986394557823,0.0,6.342534106806852e-07
0.09287981859410431,0.0,7.97763277660124e-07
0.11609977324263039,23.850012,1.655790583754424e-05
0.13931972789115646,36.896618,0.0002249807002954185
0.16253968253968254,399.49957,0.0006634809542447329
0.18575963718820862,430.27948,0.0011021529790014029
0.2089795918367347,520.3452,0.0009515359997749329
0.23219954648526078,408.82562,0.000621891813352704
0.25541950113378686,481.38007,0.00047113143955357373
0.2786394557823129,175.72432,0.0003390861093066633
0.301859410430839,180.42068,0.0006196584436111152
0.3250793650793651,458.66925,0.0012565113138407469
0.3482993197278912,775.94336,0.0027398429811000824
0.37151927437641724,462.51843,0.0028705368749797344
0.3947392290249433,457.99078,0.0016824521590024233
0.4179591836734694,449.88074,0.0006726891733705997
0.44117913832199546,323.17572,0.0004932268057018518
0.46439909297052157,147.78114,0.000747550162486732
0.4876190476190476,161.55405,0.0010680563282221556
0.5108390022675737,482.0555,0.0020435298793017864
0.5340589569160998,477.97232,0.0023974268697202206
0.5572789115646258,479.56708,0.0022506355307996273
0.5804988662131519,487.59348,0.0024259178899228573
0.603718820861678,520.17474,0.0023317832965403795
0.626938775510204,161.83391,0.001985233975574374
0.6501587301587302,163.60931,0.001080466783605516
0.6733786848072563,513.0989,0.0009874252136796713
0.6965986394557824,293.96558,0.0023966627195477486
0.7198185941043084,522.50006,0.0024694320745766163
0.7430385487528345,126.34293,0.0020391521975398064
0.7662585034013606,554.474,0.002454255009070039
0.7894784580498866,126.324814,0.003279035910964012
0.8126984126984127,664.09534,0.0012488403590396047
0.8359183673469388,543.2698,0.0015225647948682308
0.8591383219954649,656.96606,0.0018757737707346678
0.8823582766439909,739.34576,0.0011634647380560637
0.905578231292517,625.11597,0.001913510262966156
0.9287981859410431,182.96628,0.003829333931207657
0.9520181405895691,745.2173,0.0019886346999555826
0.9752380952380952,578.42535,0.00493242871016264
0.9984580498866213,755.76,0.007162219379097223
1.0216780045351475,835.8222,0.007756599225103855
1.0448979591836736,794.05945,0.008445855230093002
1.0681179138321997,813.14795,0.005761453881859779
1.0913378684807256,661.4913,0.0049807969480752945
1.1145578231292517,727.0922,0.0051279147155582905
1.1377777777777778,105.508865,0.006330339703708887
1.1609977324263039,894.0581,0.007386138662695885
1.18421768707483,736.15283,0.005115666892379522
1.207437641723356,97.02513,0.007124289404600859
1.2306575963718822,729.28894,0.006392277777194977
1.253877551020408,770.0013,0.004837774205952883
1.2770975056689342,379.38315,0.012044530361890793
1.3003174603174603,207.55054,0.01274339109659195
1.3235374149659864,995.70166,0.007086970843374729
1.3467573696145125,156.88927,0.0034380415454506874
1.3699773242630386,902.69055,0.004083346575498581
1.3931972789115648,215.34679,0.008064999245107174
1.4164172335600906,125.0893,0.018624940887093544
1.4396371882086167,649.18896,0.023800617083907127
1.4628571428571429,641.4903,0.011767037212848663
1.486077097505669,813.781,0.006741871125996113
1.509297052154195,159.1438,0.0038648475892841816
1.5325170068027212,871.0448,0.004638198763132095
1.5557369614512473,1010.1299,0.0045942626893520355
1.5789569160997732,662.93854,0.0036617990117520094
1.6021768707482993,967.54675,0.00437899399548769
1.6253968253968254,232.5733,0.004951045848429203
1.6486167800453515,653.31744,0.004957091994583607
1.6718367346938776,673.39154,0.002884772140532732
1.6950566893424037,852.8997,0.0042864494025707245
1.7182766439909298,1038.4755,0.0048492481000721455
1.7414965986394557,214.16365,0.0027664247900247574
1.7647165532879818,722.1704,0.004535870626568794
1.787936507936508,692.4236,0.00457408744841814
1.811156462585034,232.49532,0.0031607290729880333
1.8343764172335602,716.3025,0.0021899305284023285
1.8575963718820863,692.21814,0.0023391058202832937
1.8808163265306124,720.0564,0.00450378842651844
1.9040362811791383,666.2276,0.0038465196266770363
1.9272562358276644,206.45161,0.004309681244194508
1.9504761904761905,657.7079,0.0040801167488098145
1.9736961451247166,711.8793,0.004648501984775066
1.9969160997732427,702.9901,0.004179915878921747
2.020136054421769,570.3754,0.0034141973592340946
2.043356009070295,623.5737,0.002544670831412077
2.066575963718821,341.1508,0.002192419022321701
2.089795918367347,137.41328,0.0020772074349224567
2.1130158730158732,574.5999,0.0027410066686570644
2.1362358276643993,646.29596,0.002371962880715728
2.159455782312925,611.13477,0.004434407688677311
2.182675736961451,656.81635,0.002493551466614008
2.2058956916099772,187.48206,0.0023411873262375593
2.2291156462585033,639.0828,0.0032200319692492485
2.2523356009070294,179.51443,0.0028944737277925014
2.2755555555555556,618.6771,0.0030580824241042137
2.2987755102040817,571.51056,0.0030848789028823376
2.3219954648526078,612.9475,0.0013479834888130426
2.345215419501134,614.55566,0.0013867088127881289
2.36843537414966,543.48914,0.002993852598592639
2.391655328798186,539.00415,0.004040105268359184
2.414875283446712,518.7943,0.003706888761371374
2.4380952380952383,590.3344,0.00189595902338624
2.4613151927437644,655.82806,0.001364520052447915
2.48453514739229,181.30228,0.0015024917665868998
2.507755102040816,528.5042,0.0013739382848143578
2.5309750566893423,139.78218,0.0014007934369146824
2.5541950113378684,141.40884,0.0012835520319640636
2.5774149659863945,508.9273,0.001347159966826439
2.6006349206349206,538.54865,0.0014671729877591133
2.6238548752834467,80.11933,0.0006663805106654763
2.647074829931973,185.51183,0.0006336922524496913
2.670294784580499,574.98456,0.000642487604636699
2.693514739229025,626.5115,0.0011906761210411787
2.716734693877551,130.63058,0.0014151742216199636
2.7399546485260773,526.079,0.0009497945429757237
2.7631746031746034,135.31035,0.0010441383346915245
2.7863945578231295,533.0483,0.0012642225483432412
2.809614512471655,172.72383,0.0008357023471035063
2.8328344671201813,172.20668,0.0007260834099724889
2.8560544217687074,173.91547,0.000729417079128325
2.8792743764172335,509.7661,0.000745418481528759
2.9024943310657596,608.17004,0.0006068159709684551
2.9257142857142857,522.058,0.00030361415701918304
2.948934240362812,174.96205,7.601776451338083e-05
2.972154195011338,109.40771,1.902698386402335e-05
2.995374149659864,0.0,1.3817316357744858e-06
3.01859410430839,0.0,1.1116862879134715e-06
3.0418140589569163,0.0,1.5302248357329518e-07
3.0650340136054424,0.0,9.757786756381392e-08
