0.0,0.0,3.410195859032683e-07
0.023219954648526078,0.0,1.4115994417807087e-07
0.046439909297052155,0.0,2.2561016521649435e-07
0.06965986394557823,0.0,3.364875738043338e-07
0.09287981859410431,0.0,5.572373993345536e-07
0.11609977324263039,0.0,3.379964255145751e-07
0.13931972789115646,0.0,2.1767209545942023e-07
0.16253968253968254,0.0,7.786447895341553e-07
0.18575963718820862,123.36745,1.8582886696094647e-05
0.2089795918367347,124.306595,7.072566950228065e-05
0.23219954648526078,266.7542,0.0002724924706853926
0.25541950113378686,129.20955,0.00023694612900726497
0.2786394557823129,275.214,0.00022807996720075607
0.301859410430839,291.22742,0.00026007703854702413
0.3250793650793651,316.65335,0.0003295915958005935
0.3482993197278912,317.56683,0.0003927998768631369
0.37151927437641724,342.94592,0.0003950849350076169
0.3947392290249433,351.8651,0.0004703882150352001
0.4179591836734694,139.54555,0.0004327092901803553
0.44117913832199546,337.99637,0.0005603869212791324
0.46439909297052157,308.3423,0.0007108995923772454
0.4876190476190476,157.8032,0.0007360563613474369
0.5108390022675737,362.336,0.0005258284509181976
0.5340589569160998,342.51144,0.000527740572579205
0.5572789115646258,144.2826,0.0005124930758029222
0.5804988662131519,365.0919,0.0004566187271848321
0.603718820861678,378.3865,0.0005544982850551605
0.626938775510204,365.81122,0.0008864837000146508
0.6501587301587302,315.98843,0.0018079127185046673
0.6733786848072563,335.99744,0.0019070579437538981
0.6965986394557824,336.56223,0.0015295818448066711
0.7198185941043084,324.45236,0.0007553484756499529
0.7430385487528345,341.63602,0.001137342071160674
0.7662585034013606,347.53043,0.002248175907880068
0.7894784580498866,361.29257,0.0033227200619876385
0.8126984126984127,331.24408,0.0041111791506409645
0.8359183673469388,380.6408,0.004456887952983379
0.8591383219954649,352.8913,0.002562314970418811
0.8823582766439909,341.67194,0.0015878609847277403
0.905578231292517,333.11337,0.002776599023491144
0.9287981859410431,322.8761,0.0021949680522084236
0.9520181405895691,412.2662,0.0022998456843197346
0.9752380952380952,122.16117,0.002972569316625595
0.9984580498866213,395.83487,0.0039590694941580296
1.0216780045351475,345.52054,0.003954920917749405
1.0448979591836736,373.41348,0.0036945734173059464
1.0681179138321997,383.55923,0.002687599742785096
1.0913378684807256,437.42093,0.0022865524515509605
1.1145578231292517,450.6324,0.002430533291772008
1.1377777777777778,454.36368,0.0035170107148587704
1.1609977324263039,45.371,0.003976590000092983
1.18421768707483,150.9664,0.003958819434046745
1.207437641723356,163.73207,0.0023375283926725388
1.2306575963718822,460.15067,0.0017425082623958588
1.253877551020408,142.64069,0.001505760126747191
1.2770975056689342,347.61017,0.0014554456574842334
1.3003174603174603,318.72427,0.0017546676099300385
1.3235374149659864,923.26953,0.0027394331991672516
1.3467573696145125,323.17056,0.0027752690948545933
1.3699773242630386,184.12791,0.0027046268805861473
1.3931972789115648,339.92108,0.001850042724981904
1.4164172335600906,203.8887,0.002429245039820671
1.4396371882086167,218.78116,0.002544168848544359
1.4628571428571429,70.3619,0.0038382490165531635
1.486077097505669,341.18808,0.00383524177595973
1.509297052154195,342.88516,0.0030910801142454147
1.5325170068027212,278.77094,0.0018430285854265094
1.5557369614512473,300.65393,0.0019744839519262314
1.5789569160997732,479.3324,0.002004589419811964
1.6021768707482993,288.94168,0.002489037811756134
1.6253968253968254,356.01093,0.003382448572665453
1.6486167800453515,209.1855,0.0019555366598069668
1.6718367346938776,654.94855,0.0016884662909433246
1.6950566893424037,297.90393,0.0016402588225901127
1.7182766439909298,524.60364,0.00245680776424706
1.7414965986394557,264.25702,0.003849357832223177
1.7647165532879818,348.78674,0.0028807385824620724
1.787936507936508,390.7852,0.003005657345056534
1.811156462585034,222.10059,0.002290390431880951
1.8343764172335602,316.93793,0.0025059867184609175
1.8575963718820863,225.36723,0.0027381093241274357
1.8808163265306124,492.27435,0.0032837220933288336
1.9040362811791383,147.32645,0.0026493724435567856
1.9272562358276644,251.1599,0.001959443325176835
1.9504761904761905,264.91217,0.0022505754604935646
1.9736961451247166,318.82617,0.0024580531753599644
1.9969160997732427,441.91656,0.004931205417960882
2.020136054421769,441.63403,0.006798973772674799
2.043356009070295,424.1592,0.005202813073992729
2.066575963718821,454.7788,0.004858075175434351
2.089795918367347,445.34103,0.006306307390332222
2.1130158730158732,430.7844,0.006178730633109808
2.1362358276643993,426.41153,0.00641222670674324
2.159455782312925,410.2882,0.006577920168638229
2.182675736961451,388.85214,0.005193576216697693
2.2058956916099772,390.36215,0.005362667143344879
2.2291156462585033,139.1685,0.004361765459179878
2.2523356009070294,62.736034,0.003032537642866373
2.2755555555555556,370.20175,0.0018478682031854987
2.2987755102040817,375.80582,0.001974045764654875
2.3219954648526078,333.80002,0.0022199726663529873
2.345215419501134,333.73923,0.002428904175758362
2.36843537414966,190.3733,0.002474570646882057
2.391655328798186,327.68674,0.00242103124037385
2.414875283446712,336.42737,0.0020293977577239275
2.4380952380952383,326.0631,0.0014512189663946629
2.4613151927437644,155.59238,0.0013193149352446198
2.48453514739229,331.3925,0.0013474620645865798
2.507755102040816,323.66382,0.0010945691028609872
2.5309750566893423,383.57,0.0010137264616787434
2.5541950113378684,426.55185,0.0009849045891314745
2.5774149659863945,383.68466,0.001020587980747223
2.6006349206349206,311.8842,0.0012383993016555905
2.6238548752834467,343.01636,0.001329706166870892
2.647074829931973,384.0629,0.001080678659491241
2.670294784580499,283.4663,0.0009328137384727597
2.693514739229025,143.06447,0.0010221217526122928
2.716734693877551,324.77774,0.0011542332358658314
2.7399546485260773,323.57803,0.0008388785645365715
2.7631746031746034,140.26729,0.0009266656707040966
2.7863945578231295,355.73065,0.00039328591083176434
2.809614512471655,194.09412,0.00031866447534412146
2.8328344671201813,124.66146,0.0005212889518588781
2.8560544217687074,356.77972,0.0008604994509369135
2.8792743764172335,287.44006,0.00076865847222507
2.9024943310657596,339.58664,0.000757354951929301
2.9257142857142857,382.81247,0.0007036922033876181
2.948934240362812,291.90598,0.0005564558086916804
2.972154195011338,350.9807,0.0004611309850588441
2.995374149659864,348.26355,0.0006270222365856171
3.01859410430839,301.56183,0.0006545393844135106
3.0418140589569163,306.0675,0.0006401642458513379
3.0650340136054424,338.47968,0.0005385749973356724
3.0882539682539685,344.2158,0.0004052637086715549
3.1114739229024946,344.75204,0.0001670338533585891
3.1346938775510207,97.1282,0.00013172041508369148
3.1579138321995464,311.7893,0.00010117192869074643
3.1811337868480725,236.36237,6.243306415854022e-05
3.2043537414965986,143.53665,1.4663209185528103e-05
3.2275736961451247,0.0,1.4771621863474138e-06
3.250793650793651,0.0,4.1667226469144225e-07
3.274013605442177,0.0,4.021130735054612e-07
3.297233560090703,0.0,4.11722794524394e-07
3.320453514739229,0.0,5.554820745601319e-07
3.3436734693877552,0.0,2.75269485427998e-07
3.3668934240362813,0.0,2.8328395274002105e-07
3.3901133786848074,0.0,3.021623342647217e-07
3.4133333333333336,0.0,2.3173015506472439e-07
3.4365532879818597,0.0,2.7013720682589337e-07
3.4597732426303858,0.0,2.5196914066327736e-07
3.4829931972789114,0.0,2.710294211283326e-10
