0.0,0.0,3.0649152904516086e-07
0.023219954648526078,0.0,2.997849151142873e-07
0.046439909297052155,0.0,2.188153302995488e-07
0.06965986394557823,0.0,2.2719268599757925e-07
0.09287981859410431,0.0,1.5137266018427908e-07
0.11609977324263039,0.0,3.77064679923933e-07
0.13931972789115646,0.0,3.982404450653121e-07
0.16253968253968254,0.0,2.1186042431509122e-07
0.18575963718820862,0.0,2.3664324544370174e-07
0.2089795918367347,0.0,7.655271474504843e-07
0.23219954648526078,0.0,1.907901605591178e-07
0.25541950113378686,0.0,4.788125806953758e-08
0.2786394557823129,0.0,1.8126047507394105e-07
0.301859410430839,0.0,1.936659828061238e-07
0.3250793650793651,0.0,2.437509465380572e-07
0.3482993197278912,0.0,6.015561666572466e-07
0.37151927437641724,184.61504,0.00013343016325961798
0.3947392290249433,420.8969,0.002004384994506836
0.4179591836734694,596.496,0.002606762573122978
0.44117913832199546,174.3717,0.002585452748462558
0.46439909297052157,553.2774,0.0027542216703295708
0.4876190476190476,62.44667,0.0045279464684426785
0.5108390022675737,478.39188,0.003557804273441434
0.5340589569160998,165.73055,0.0018540089949965477
0.5572789115646258,616.0504,0.0014395443722605705
0.5804988662131519,627.17834,0.0013159119989722967
0.603718820861678,140.2536,0.0013287548208609223
0.626938775510204,447.0415,0.00159664626698941
0.6501587301587302,785.23193,0.0015310982707887888
0.6733786848072563,487.11395,0.0011644531041383743
0.6965986394557824,731.7417,0.0011047987500205636
0.7198185941043084,659.30035,0.0017576956888660789
0.7430385487528345,641.7502,0.0027570934034883976
0.7662585034013606,539.4077,0.0027307020500302315
0.7894784580498866,445.9172,0.0020607230253517628
0.8126984126984127,209.1103,0.00230068014934659
0.8359183673469388,663.4265,0.004571954719722271
0.8591383219954649,98.64313,0.004992758389562368
0.8823582766439909,724.0198,0.006475356407463551
0.905578231292517,498.2233,0.0076115913689136505
0.9287981859410431,607.60876,0.009982556104660034
0.9520181405895691,98.068855,0.010397771373391151
0.9752380952380952,865.99744,0.008371501229703426
0.9984580498866213,920.0542,0.005034974776208401
1.0216780045351475,791.01483,0.0024344450794160366
1.0448979591836736,671.1946,0.0039697131142020226
1.0681179138321997,869.0473,0.004259330220520496
1.0913378684807256,786.07043,0.004883483052253723
1.1145578231292517,894.05725,0.004097222350537777
1.1377777777777778,993.17145,0.003166183363646269
1.1609977324263039,990.3284,0.004139332100749016
1.18421768707483,117.60838,0.005158514715731144
1.207437641723356,613.4274,0.006710916757583618
1.2306575963718822,645.0071,0.007706517353653908
1.253877551020408,430.9889,0.004638999700546265
1.2770975056689342,668.1682,0.006294350605458021
1.3003174603174603,742.05145,0.005260303616523743
1.3235374149659864,654.9093,0.012053493410348892
1.3467573696145125,656.4998,0.027491183951497078
1.3699773242630386,666.5625,0.039645370095968246
1.3931972789115648,658.74634,0.0324714258313179
1.4164172335600906,673.2631,0.0081897908821702
1.4396371882086167,610.2806,0.009131022728979588
1.4628571428571429,132.73096,0.015730787068605423
1.486077097505669,682.8895,0.0246051624417305
1.509297052154195,720.2214,0.028816357254981995
1.5325170068027212,714.167,0.03398964926600456
1.5557369614512473,697.58856,0.030628923326730728
1.5789569160997732,659.984,0.022300511598587036
1.6021768707482993,653.296,0.017594287171959877
1.6253968253968254,685.6066,0.010031064040958881
1.6486167800453515,741.9727,0.007690093480050564
1.6718367346938776,827.6318,0.010796336457133293
1.6950566893424037,789.0275,0.01203504204750061
1.7182766439909298,768.4973,0.010170248337090015
1.7414965986394557,725.836,0.0069754458963871
1.7647165532879818,742.84705,0.0075400155037641525
1.787936507936508,786.9778,0.014703367836773396
1.811156462585034,339.3601,0.013276888057589531
1.8343764172335602,744.29816,0.02016625739634037
1.8575963718820863,691.036,0.0392257496714592
1.8808163265306124,656.2766,0.010287098586559296
1.9040362811791383,673.2205,0.020994260907173157
1.9272562358276644,684.83734,0.030522987246513367
1.9504761904761905,703.26666,0.021297672763466835
1.9736961451247166,688.10706,0.033581625670194626
1.9969160997732427,678.56757,0.03110434114933014
2.020136054421769,680.3984,0.008019434288144112
2.043356009070295,635.7803,0.012928184121847153
2.066575963718821,957.3163,0.027631696313619614
2.089795918367347,655.6514,0.04520183429121971
2.1130158730158732,656.163,0.024275844916701317
2.1362358276643993,678.83673,0.008303357288241386
2.159455782312925,678.8692,0.00421801395714283
2.182675736961451,814.95886,0.004563288297504187
2.2058956916099772,672.41187,0.008271729573607445
2.2291156462585033,609.6322,0.015005121007561684
2.2523356009070294,614.82886,0.014056897722184658
2.2755555555555556,87.56977,0.00533958338201046
2.2987755102040817,723.05334,0.004879496991634369
2.3219954648526078,140.5733,0.007860880345106125
2.345215419501134,819.21497,0.006111376918852329
2.36843537414966,912.117,0.006391622591763735
2.391655328798186,647.8131,0.006703994702547789
2.414875283446712,678.23395,0.007426593918353319
2.4380952380952383,851.7894,0.007962649688124657
2.4613151927437644,669.0962,0.0059322789311409
2.48453514739229,666.04004,0.0053866151720285416
2.507755102040816,143.5385,0.007135133724659681
2.5309750566893423,778.4548,0.006201800424605608
2.5541950113378684,140.25989,0.009356035850942135
2.5774149659863945,143.03532,0.007195696234703064
2.6006349206349206,699.4806,0.006052170414477587
2.6238548752834467,762.05945,0.0047150771133601665
2.647074829931973,658.8138,0.0042173294350504875
2.670294784580499,141.6307,0.007127879653126001
2.693514739229025,822.5876,0.00784424226731062
2.716734693877551,729.0797,0.007659330498427153
2.7399546485260773,704.5266,0.004238407593220472
2.7631746031746034,866.2333,0.007128600031137466
2.7863945578231295,808.05414,0.008362138643860817
2.809614512471655,184.81555,0.005333803594112396
2.8328344671201813,544.8961,0.002899798797443509
2.8560544217687074,849.91437,0.00211151409894228
2.8792743764172335,611.8608,0.0032825625967234373
2.9024943310657596,619.3794,0.004326436202973127
2.9257142857142857,576.048,0.002999804448336363
2.948934240362812,514.58887,0.002773830434307456
2.972154195011338,159.50623,0.003685817588120699
2.995374149659864,722.8162,0.0036818506196141243
3.01859410430839,299.91324,0.004159481264650822
3.0418140589569163,176.55441,0.004134112037718296
3.0650340136054424,523.7707,0.0038233159575611353
3.0882539682539685,293.98343,0.0027707871049642563
3.1114739229024946,720.88684,0.0031204395927488804
3.1346938775510207,521.2528,0.003076319582760334
3.1579138321995464,499.23773,0.0028495225124061108
3.1811337868480725,176.36414,0.0026534507051110268
3.2043537414965986,540.1332,0.0022788504138588905
3.2275736961451247,606.0053,0.002837927546352148
3.250793650793651,558.56415,0.002350982278585434
3.274013605442177,834.03467,0.002109839115291834
3.297233560090703,561.74896,0.002119319513440132
3.320453514739229,515.31775,0.0018147535156458616
3.3436734693877552,521.05817,0.0013595514465123415
3.3668934240362813,571.18353,0.00096859410405159
3.3901133786848074,421.06354,0.001173195312730968
3.4133333333333336,98.47857,0.0009116251603700221
3.4365532879818597,483.2583,0.0004492914886213839
3.4597732426303858,301.65118,0.00021740856755059212
3.4829931972789114,294.1514,3.0646238883491606e-05
3.5062131519274375,0.0,2.6383604563307017e-06
3.5294331065759637,0.0,5.63091816729866e-07
3.5526530612244898,0.0,3.4164713724749163e-07
3.575873015873016,0.0,2.3100983526092023e-07
3.599092970521542,0.0,2.3511438485002145e-07
3.622312925170068,0.0,1.5658770280424505e-07
3.645532879818594,0.0,1.4726720110047609e-07
3.6687528344671203,0.0,1.7816910258261487e-07
3.6919727891156464,0.0,1.5928253560559824e-07
