0.0,0.0,2.7011083147954196e-08
0.023219954648526078,0.0,5.709352990379557e-08
0.046439909297052155,0.0,5.97601683693938e-08
0.06965986394557823,0.0,7.540711521869525e-08
0.09287981859410431,0.0,4.412249836605042e-07
0.11609977324263039,75.55947,1.1200592780369334e-05
0.13931972789115646,118.85925,2.252174999739509e-05
0.16253968253968254,117.72423,1.843949212343432e-05
0.18575963718820862,116.68756,2.197257344960235e-05
0.2089795918367347,115.966064,2.3141874407883734e-05
0.23219954648526078,118.848274,4.243482180754654e-05
0.25541950113378686,338.74634,6.545214273501188e-05
0.2786394557823129,157.8251,6.516942812595516e-05
0.301859410430839,470.8509,7.970766455400735e-05
0.3250793650793651,472.00107,8.440515375696123e-05
0.3482993197278912,770.2741,0.0001036611502058804
0.37151927437641724,796.4551,0.00011972671200055629
0.3947392290249433,484.61353,0.00012550140672829002
0.4179591836734694,788.3059,0.00015396707749459893
0.44117913832199546,109.79,9.268963913200423e-05
0.46439909297052157,493.91077,8.771964348852634e-05
0.4876190476190476,804.7875,0.00024355809728149325
0.5108390022675737,179.47926,0.0003338723909109831
0.5340589569160998,853.9421,0.00039057459798641503
0.5572789115646258,489.10443,0.0004488113336265087
0.5804988662131519,156.13437,0.00040085375076159835
0.603718820861678,162.46297,0.000520863221026957
0.626938775510204,486.11752,0.00040265388088300824
0.6501587301587302,820.778,0.0004920336650684476
0.6733786848072563,472.83508,0.0004664890584535897
0.6965986394557824,176.78493,0.000488172605400905
0.7198185941043084,805.7606,0.0004846665542572737
0.7430385487528345,861.97766,0.00039496144745498896
0.7662585034013606,165.67046,0.0007232465432025492
0.7894784580498866,166.8795,0.0007549535948783159
0.8126984126984127,498.46222,0.0007834977004677057
0.8359183673469388,785.3837,0.000797881162725389
0.8591383219954649,478.10992,0.0008960740524344146
0.8823582766439909,480.43152,0.0010369461961090565
0.905578231292517,831.73193,0.0010196894872933626
0.9287981859410431,482.59833,0.0010713161900639534
0.9520181405895691,501.46356,0.0011175182880833745
0.9752380952380952,741.2542,0.0014051331672817469
0.9984580498866213,477.37604,0.0015140526229515672
1.0216780045351475,479.45267,0.0015512804966419935
1.0448979591836736,789.52844,0.0012381558772176504
1.0681179138321997,782.5191,0.002103266306221485
1.0913378684807256,493.26218,0.00262938579544425
1.1145578231292517,498.40347,0.0029071522876620293
1.1377777777777778,500.72485,0.003430225420743227
1.1609977324263039,495.2302,0.003878347110003233
1.18421768707483,511.31696,0.003799187019467354
1.207437641723356,170.00806,0.003478848375380039
1.2306575963718822,164.92036,0.003500568913295865
1.253877551020408,500.26416,0.0028065983206033707
1.2770975056689342,182.58038,0.002399081364274025
1.3003174603174603,803.8261,0.003695156192407012
1.3235374149659864,793.3498,0.0023241338785737753
1.3467573696145125,849.58356,0.0022114922758191824
1.3699773242630386,486.82455,0.002145884558558464
1.3931972789115648,487.51895,0.0017015510238707066
1.4164172335600906,481.06628,0.0017207458149641752
1.4396371882086167,174.39816,0.0015448984922841191
1.4628571428571429,488.3043,0.0015265252441167831
1.486077097505669,483.8481,0.0014557888498529792
1.509297052154195,339.99487,0.0015069885412231088
1.5325170068027212,493.95718,0.0014510510955005884
1.5557369614512473,842.12024,0.0013010618276894093
1.5789569160997732,808.64264,0.0015495055122300982
1.6021768707482993,485.53864,0.00151910656131804
1.6253968253968254,826.70996,0.0006625076639465988
1.6486167800453515,826.8054,0.0009872375521808863
1.6718367346938776,800.6019,0.0006538663292303681
1.6950566893424037,484.02017,0.0006370170740410686
1.7182766439909298,822.08563,0.0007158696535043418
1.7414965986394557,812.1696,0.0005959991249255836
1.7647165532879818,824.7885,0.0006717636133544147
1.787936507936508,270.4171,0.0007168535958044231
1.811156462585034,787.6154,0.0006345740985125303
1.8343764172335602,813.40106,0.0007117969798855484
1.8575963718820863,153.90855,0.0005253407871350646
1.8808163265306124,153.14693,0.00034785765456035733
1.9040362811791383,811.85297,0.0001536236668471247
1.9272562358276644,152.45518,0.00010884221410378814
1.9504761904761905,776.21356,0.00010594552441034466
1.9736961451247166,797.04584,0.00013201760884840041
1.9969160997732427,462.53967,0.00012899076682515442
2.020136054421769,150.66258,0.0001398175081703812
2.043356009070295,778.28015,0.00014446035493165255
2.066575963718821,485.63458,0.00014822806406300515
2.089795918367347,769.187,0.0001546542625874281
2.1130158730158732,761.9477,0.000155244255438447
2.1362358276643993,458.7018,0.00015645663370378315
2.159455782312925,795.49384,0.0001427858223905787
2.182675736961451,803.76843,0.00014145912427920848
2.2058956916099772,157.4287,0.0001427109382348135
2.2291156462585033,149.9297,0.00016055429296102375
2.2523356009070294,795.504,0.00013719368143938482
2.2755555555555556,175.00851,0.00013775276602245867
2.2987755102040817,809.93256,0.00013742024020757526
2.3219954648526078,786.2,0.00014499598182737827
2.345215419501134,794.69586,0.0001508320856373757
2.36843537414966,823.5763,0.0001475541212130338
2.391655328798186,148.66953,0.00015579836326651275
2.414875283446712,90.61623,0.00014481061953119934
2.4380952380952383,150.17427,8.10306373750791e-05
2.4613151927437644,862.578,1.7231352103408426e-05
2.48453514739229,0.0,2.0448060240596533e-06
2.507755102040816,0.0,4.3255931814201176e-07
2.5309750566893423,0.0,1.3771659723715857e-07
2.5541950113378684,0.0,5.7449142332188785e-08
2.5774149659863945,0.0,9.406994649907574e-08
2.6006349206349206,0.0,1.6699232219252735e-07
2.6238548752834467,0.0,5.989841156406328e-08
2.647074829931973,0.0,9.195446182275191e-08
2.670294784580499,0.0,1.8153514247387648e-08
