0.0,0.0,1.1018528311979026e-08
0.023219954648526078,0.0,8.422830433119088e-09
0.046439909297052155,0.0,8.905772119760513e-09
0.06965986394557823,0.0,1.2139025784563273e-08
0.09287981859410431,0.0,1.0237818059977144e-06
0.11609977324263039,321.35913,3.737593215191737e-05
0.13931972789115646,491.4704,8.752774738240987e-05
0.16253968253968254,318.90958,0.0001427067327313125
0.18575963718820862,324.92856,0.00015888450434431434
0.2089795918367347,492.64566,0.00019525529933162034
0.23219954648526078,2235.8362,0.00020221504382789135
0.25541950113378686,466.22766,0.0002207907527917996
0.2786394557823129,151.76291,0.00018465262837707996
0.301859410430839,561.6992,0.00017765318625606596
0.3250793650793651,320.98474,0.0001708058116491884
0.3482993197278912,472.58224,0.00012838849215768278
0.37151927437641724,526.0348,0.00012834861990995705
0.3947392290249433,537.2504,0.00016074180894065648
0.4179591836734694,496.71695,0.00018682342488318682
0.44117913832199546,98.06064,0.0002494251821190119
0.46439909297052157,2014.6764,0.00017886076238937676
0.4876190476190476,539.3643,0.00020865527039859444
0.5108390022675737,462.09918,0.00020662599126808345
0.5340589569160998,2001.0404,0.0001788296503946185
0.5572789115646258,322.57922,0.00019314860401209444
0.5804988662131519,1793.0669,0.0003135698498226702
0.603718820861678,173.71559,0.0002610707306303084
0.626938775510204,120.915726,0.0002941172569990158
0.6501587301587302,1923.9467,0.0003536010626703501
0.6733786848072563,121.33259,0.00039037675014697015
0.6965986394557824,2016.7904,0.0004134023911319673
0.7198185941043084,532.8142,0.00040722268749959767
0.7430385487528345,1978.026,0.0004922060761600733
0.7662585034013606,2114.9927,0.0004334023979026824
0.7894784580498866,462.70547,0.00047774246195331216
0.8126984126984127,461.46558,0.0004334127006586641
0.8359183673469388,319.8395,0.00044318605796433985
0.8591383219954649,452.94,0.0010499742347747087
0.8823582766439909,500.2161,0.0013269172050058842
0.905578231292517,505.53284,0.0017497010994702578
0.9287981859410431,466.59796,0.0017809324199333787
0.9520181405895691,475.2754,0.0022389269433915615
0.9752380952380952,2315.3047,0.0031097102910280228
0.9984580498866213,524.40546,0.0028492016717791557
1.0216780045351475,546.0022,0.002505277283489704
1.0448979591836736,452.93228,0.002172245644032955
1.0681179138321997,454.749,0.0010823365300893784
1.0913378684807256,533.44293,0.0008355232421308756
1.1145578231292517,317.59003,0.00045086449244990945
1.1377777777777778,547.4545,0.0005033728666603565
1.1609977324263039,573.62335,0.0005479247192852199
1.18421768707483,439.66626,0.0005670662503689528
1.207437641723356,448.3025,0.0004955739132128656
1.2306575963718822,556.76587,0.00046008883509784937
1.253877551020408,457.86502,0.0007017608731985092
1.2770975056689342,463.43118,0.00043971752165816724
1.3003174603174603,455.78195,0.00041472932207398117
1.3235374149659864,483.28726,0.00034256905200891197
1.3467573696145125,318.51465,0.0003307420411147177
1.3699773242630386,471.3396,0.0005213976255618036
1.3931972789115648,525.5912,0.0005724291549995542
1.4164172335600906,1965.9736,0.0004181952099315822
1.4396371882086167,441.18582,0.00034668436273932457
1.4628571428571429,499.85953,0.0003326828882563859
1.486077097505669,314.12802,0.00023373731528408825
1.509297052154195,317.5833,0.00017793626466300339
1.5325170068027212,536.92554,0.0002492991043254733
1.5557369614512473,501.25778,0.00015149972750805318
1.5789569160997732,448.54474,0.00015117600560188293
1.6021768707482993,488.6393,0.00020971594494767487
1.6253968253968254,170.72949,0.00020528971799649298
1.6486167800453515,168.40692,0.00019824964692816138
1.6718367346938776,312.90472,0.00018340095994062722
1.6950566893424037,438.33325,0.00017823479720391333
1.7182766439909298,523.4965,0.00018486654153093696
1.7414965986394557,170.22102,0.0001728097122395411
1.7647165532879818,310.0814,0.00015958718722686172
1.787936507936508,166.3966,0.00015370643814094365
1.811156462585034,431.32397,0.0001072629529517144
1.8343764172335602,521.97406,9.873046656139195e-05
1.8575963718820863,514.1992,9.500436135567725e-05
1.8808163265306124,316.1106,8.889407035894692e-05
1.9040362811791383,169.8763,9.328655141871423e-05
1.9272562358276644,313.5653,8.223578333854675e-05
1.9504761904761905,504.57193,7.457142055500299e-05
1.9736961451247166,315.0628,4.599846215569414e-05
1.9969160997732427,167.47998,2.4728404241614044e-05
2.020136054421769,313.02545,1.529689325252548e-05
2.043356009070295,0.0,5.401913767855149e-06
2.066575963718821,0.0,1.4940824257791974e-06
2.089795918367347,0.0,1.1572956282179803e-07
2.1130158730158732,0.0,3.0964656616561115e-08
2.1362358276643993,0.0,2.5842382456175983e-08
2.159455782312925,0.0,1.5104888007044792e-08
2.182675736961451,0.0,1.6810190572869033e-08
2.2058956916099772,0.0,1.0168150765821338e-08
