0.0,0.0,2.2146195988170803e-08
0.023219954648526078,0.0,1.740863808663562e-08
0.046439909297052155,0.0,4.281264409655705e-08
0.06965986394557823,0.0,1.3924363884143531e-08
0.09287981859410431,0.0,3.1104718800634146e-08
0.11609977324263039,0.0,5.2436007536016405e-08
0.13931972789115646,0.0,4.654248186852783e-08
0.16253968253968254,0.0,4.182766133453697e-08
0.18575963718820862,0.0,4.85761120216921e-08
0.2089795918367347,0.0,8.01344958745176e-06
0.23219954648526078,533.7729,0.0001746304624248296
0.25541950113378686,516.0892,0.00017506079166196287
0.2786394557823129,306.38303,0.0002633869298733771
0.301859410430839,533.12445,0.00028157129418104887
0.3250793650793651,534.8262,0.0003487155190669
0.3482993197278912,540.4419,0.0004746628110297024
0.37151927437641724,541.9762,0.0004930587601847947
0.3947392290249433,2107.893,0.0005220784805715084
0.4179591836734694,580.9636,0.0003983372589573264
0.44117913832199546,308.373,0.0003130044206045568
0.46439909297052157,228.33192,0.0003555388539098203
0.4876190476190476,429.36893,0.0005152582307346165
0.5108390022675737,560.7815,0.0005255875294096768
0.5340589569160998,549.6571,0.0006445442559197545
0.5572789115646258,530.82904,0.0008025484858080745
0.5804988662131519,303.72272,0.0006508510559797287
0.603718820861678,555.62915,0.000724277924746275
0.626938775510204,302.02875,0.0006330510368570685
0.6501587301587302,529.07043,0.000618044869042933
0.6733786848072563,306.8201,0.0007670989725738764
0.6965986394557824,547.75214,0.0010162901598960161
0.7198185941043084,508.97104,0.0012384123401716352
0.7430385487528345,592.6293,0.001172739313915372
0.7662585034013606,1743.0476,0.0008896065410226583
0.7894784580498866,554.5597,0.001052820822224021
0.8126984126984127,308.1197,0.0008310372941195965
0.8359183673469388,587.4136,0.0010069278068840504
0.8591383219954649,545.84155,0.0009333529160358012
0.8823582766439909,654.34827,0.001107571180909872
0.905578231292517,605.20715,0.0013380066957324743
0.9287981859410431,548.98804,0.0012477796990424395
0.9520181405895691,545.6544,0.0012215340975672007
0.9752380952380952,2095.9092,0.0011791279539465904
0.9984580498866213,310.6717,0.0008833219762891531
1.0216780045351475,2169.8193,0.0012147289235144854
1.0448979591836736,2480.2808,0.001616138033568859
1.0681179138321997,2070.991,0.0016342211747542024
1.0913378684807256,2114.1199,0.002392323687672615
1.1145578231292517,218.17671,0.0018852532375603914
1.1377777777777778,1924.8553,0.0015263346722349524
1.1609977324263039,2185.5962,0.002125116065144539
1.18421768707483,307.38025,0.002119033830240369
1.207437641723356,318.94254,0.002500457689166069
1.2306575963718822,552.36975,0.0029456184711307287
1.253877551020408,2306.9348,0.0033960160799324512
1.2770975056689342,2210.2102,0.003944058436900377
1.3003174603174603,1832.426,0.0030505885370075703
1.3235374149659864,2196.711,0.0032529260497540236
1.3467573696145125,2169.9084,0.004108072724193335
1.3699773242630386,510.99155,0.00454222597181797
1.3931972789115648,2221.2415,0.006558032240718603
1.4164172335600906,559.7186,0.006709093227982521
1.4396371882086167,2014.4431,0.0057033514603972435
1.4628571428571429,167.94041,0.00588441826403141
1.486077097505669,71.12682,0.007443834561854601
1.509297052154195,410.4011,0.010429218411445618
1.5325170068027212,188.43793,0.010305608622729778
1.5557369614512473,449.4146,0.012005055323243141
1.5789569160997732,1956.9,0.012862071394920349
1.6021768707482993,595.6895,0.013111107051372528
1.6253968253968254,2077.4326,0.014188991859555244
1.6486167800453515,420.30606,0.010551205836236477
1.6718367346938776,113.9387,0.008400999009609222
1.6950566893424037,193.80092,0.011056335642933846
1.7182766439909298,648.52527,0.012156416662037373
1.7414965986394557,572.88464,0.013872561044991016
1.7647165532879818,608.3257,0.0133442347869277
1.787936507936508,481.3799,0.012760772369801998
1.811156462585034,484.73163,0.012525122612714767
1.8343764172335602,571.83026,0.016274498775601387
1.8575963718820863,576.1571,0.01967301219701767
1.8808163265306124,668.48157,0.021209072321653366
1.9040362811791383,546.9726,0.024842988699674606
1.9272562358276644,200.3011,0.021334122866392136
1.9504761904761905,2299.3352,0.012230494990944862
1.9736961451247166,419.0458,0.010163484141230583
1.9969160997732427,424.39026,0.009814083576202393
2.020136054421769,450.2999,0.011204957030713558
2.043356009070295,173.61125,0.01093933917582035
2.066575963718821,2121.9734,0.008232709020376205
2.089795918367347,2196.4565,0.006707529537379742
2.1130158730158732,473.1561,0.005414503626525402
2.1362358276643993,433.92035,0.004810268059372902
2.159455782312925,2138.544,0.004035571590065956
2.182675736961451,1819.6923,0.00432251300662756
2.2058956916099772,2226.4475,0.004606497474014759
2.2291156462585033,271.87625,0.00436068419367075
2.2523356009070294,442.41022,0.004238883964717388
2.2755555555555556,435.3243,0.00399191677570343
2.2987755102040817,455.52496,0.0036005210131406784
2.3219954648526078,435.2292,0.00338137149810791
2.345215419501134,448.22818,0.0020765638910233974
2.36843537414966,2209.0012,0.002235693857073784
2.391655328798186,428.65045,0.0021207674872130156
2.414875283446712,2318.0908,0.002482542535290122
2.4380952380952383,435.99985,0.0033369457814842463
2.4613151927437644,579.21564,0.004174078814685345
2.48453514739229,544.5279,0.002522235969081521
2.507755102040816,563.96936,0.0016233695205301046
2.5309750566893423,439.94342,0.0019896705634891987
2.5541950113378684,2323.8447,0.001314020249992609
2.5774149659863945,436.42914,0.0019928193651139736
2.6006349206349206,451.3808,0.0024076553527265787
2.6238548752834467,160.62172,0.001445682835765183
2.647074829931973,2182.4553,0.001677430234849453
2.670294784580499,469.00412,0.0021635808516293764
2.693514739229025,537.8737,0.0017019649967551231
2.716734693877551,449.63193,0.0020437263883650303
2.7399546485260773,477.79443,0.0017633530078455806
2.7631746031746034,137.52386,0.0014457899378612638
2.7863945578231295,430.50467,0.001203018007799983
2.809614512471655,294.34732,0.0009931717067956924
2.8328344671201813,470.65833,0.0011089916806668043
2.8560544217687074,472.9671,0.001080868300050497
2.8792743764172335,422.94797,0.0011406221892684698
2.9024943310657596,422.33484,0.001171443029306829
2.9257142857142857,435.52603,0.0009714906336739659
2.948934240362812,422.7647,0.0007076328038237989
2.972154195011338,298.73465,0.0006898647407069802
2.995374149659864,420.78513,0.0006698421784676611
3.01859410430839,427.52878,0.0005906212609261274
3.0418140589569163,295.9345,0.0006631024298258126
3.0650340136054424,204.04887,0.0008278575260192156
3.0882539682539685,287.98285,0.000584687979426235
3.1114739229024946,451.22195,0.0006347144953906536
3.1346938775510207,554.1527,0.0006021072622388601
3.1579138321995464,427.3264,0.00030337710632011294
3.1811337868480725,296.97592,0.0003634835302364081
3.2043537414965986,533.8131,0.0003722457040566951
3.2275736961451247,433.228,0.0003411451179999858
3.250793650793651,311.24292,0.00037814248935319483
3.274013605442177,313.84192,0.0003547364904079586
3.297233560090703,470.8653,0.0003480149316601455
3.320453514739229,129.95616,0.00034350677742622793
3.3436734693877552,430.99298,0.00042029022006317973
3.3668934240362813,295.06244,0.0004472178698051721
3.3901133786848074,468.202,0.0004514690372161567
3.4133333333333336,2193.8958,0.00043826905312016606
3.4365532879818597,305.16162,0.00041211742791347206
3.4597732426303858,406.05383,0.00041786691872403026
3.4829931972789114,528.16876,0.00032651133369654417
3.5062131519274375,541.94324,0.00034154538298025727
3.5294331065759637,295.5876,0.00032624267623759806
3.5526530612244898,440.46988,0.0003430394281167537
3.575873015873016,320.081,0.00036030274350196123
3.599092970521542,159.93134,0.00035328452941030264
3.622312925170068,308.96103,0.00028702052077278495
3.645532879818594,500.8003,0.00024314125766977668
3.6687528344671203,469.24927,0.0002463580167386681
3.6919727891156464,293.16992,0.00025886957882903516
3.7151927437641725,312.3887,0.0002866036957129836
3.7384126984126986,405.978,0.0002951306523755193
3.7616326530612247,291.2444,0.00023381857317872345
3.784852607709751,137.73744,2.8297106837271713e-05
3.8080725623582765,0.0,4.900556632492226e-06
3.8312925170068026,0.0,8.153101589414291e-07
3.8545124716553287,0.0,2.2533822630066425e-07
3.877732426303855,0.0,6.026311893947423e-08
3.900952380952381,0.0,3.41196937370114e-08
3.924172335600907,0.0,6.952268449822441e-08
3.947392290249433,0.0,7.695507520111278e-08
3.9706122448979593,0.0,3.411787474760786e-08
3.9938321995464854,0.0,2.1383129933383316e-08
4.017052154195011,0.0,4.6105924411676824e-08
4.040272108843538,0.0,2.697470335988328e-08
4.063492063492063,0.0,5.961646820651367e-08
4.08671201814059,0.0,4.9000846047420055e-08
4.1099319727891155,0.0,1.8926584743894637e-08
