0.0,0.0,1.1458705557743087e-06
0.023219954648526078,0.0,1.2405807865434326e-06
0.046439909297052155,0.0,7.712487786193378e-07
0.06965986394557823,0.0,2.0762499843840487e-06
0.09287981859410431,354.20905,0.00043507496593520045
0.11609977324263039,342.84845,0.001014583744108677
0.13931972789115646,347.5709,0.0010580082889646292
0.16253968253968254,347.2635,0.0008790893480181694
0.18575963718820862,346.27716,0.0004326256748754531
0.2089795918367347,342.5593,6.176554597914219e-05
0.23219954648526078,0.0,2.6820443963515572e-06
0.25541950113378686,0.0,5.937472451478243e-07
0.2786394557823129,0.0,3.4538516047177836e-07
0.301859410430839,0.0,1.0764470061985776e-06
0.3250793650793651,446.05814,0.0007137770880945027
0.3482993197278912,169.6669,0.0014083413407206535
0.37151927437641724,464.87018,0.0013187483418732882
0.3947392290249433,369.535,0.0011260813334956765
0.4179591836734694,424.60806,0.0005159266293048859
0.44117913832199546,433.83862,6.846255564596504e-05
0.46439909297052157,442.3079,2.91042906610528e-05
0.4876190476190476,0.0,5.20717821927974e-06
0.5108390022675737,509.32422,0.0005386607954278588
0.5340589569160998,516.36664,0.0023981432896107435
0.5572789115646258,457.83688,0.005296066403388977
0.5804988662131519,517.7611,0.007932936772704124
0.603718820861678,675.06885,0.0077629610896110535
0.626938775510204,666.8824,0.00447711581364274
0.6501587301587302,516.6852,0.0012445430038496852
0.6733786848072563,505.8389,2.380206024099607e-05
0.6965986394557824,0.0,6.260570444283076e-06
0.7198185941043084,0.0,3.293489498901181e-07
0.7430385487528345,0.0,5.81708263780456e-07
0.7662585034013606,26.147886,3.4090557164745405e-05
0.7894784580498866,693.6884,0.02212853729724884
0.8126984126984127,695.1911,0.03797667473554611
0.8359183673469388,699.2526,0.03944282978773117
0.8591383219954649,695.6945,0.036856625229120255
0.8823582766439909,686.14014,0.02917739562690258
0.905578231292517,685.8018,0.00838939007371664
0.9287981859410431,673.47845,0.000253632984822616
0.9520181405895691,0.0,2.9460461519192904e-06
0.9752380952380952,0.0,4.057892510900274e-07
0.9984580498866213,0.0,1.4450451999437064e-06
1.0216780045351475,626.32874,0.005988363176584244
1.0448979591836736,532.82526,0.012813499197363853
1.0681179138321997,511.70535,0.013327693566679955
1.0913378684807256,704.67236,0.00932132638990879
1.1145578231292517,193.09337,0.003349009435623884
1.1377777777777778,604.4717,0.0013715520035475492
1.1609977324263039,110.56059,0.0002785156248137355
1.18421768707483,0.0,6.1404953157762066e-06
1.207437641723356,0.0,1.3989911167300306e-06
1.2306575963718822,459.14233,0.0007091865409165621
1.253877551020408,455.8656,0.003054330125451088
1.2770975056689342,446.0194,0.00496431440114975
1.3003174603174603,104.01304,0.003806188004091382
1.3235374149659864,438.426,0.0026141598355025053
1.3467573696145125,445.60892,0.0013545944821089506
1.3699773242630386,433.56772,0.0005044504650868475
1.3931972789115648,448.16272,0.00010026974632637575
1.4164172335600906,0.0,6.6782595240511e-06
1.4396371882086167,0.0,1.293974492000416e-06
1.4628571428571429,0.0,4.956273187417537e-07
1.486077097505669,0.0,3.566992745618336e-07
1.509297052154195,0.0,1.377909939037636e-06
1.5325170068027212,358.92422,0.00042775808833539486
1.5557369614512473,348.04752,0.0009394289227202535
1.5789569160997732,345.9534,0.0009280496160499752
1.6021768707482993,342.7099,0.0009423242299817502
1.6253968253968254,377.74112,0.0008726011728867888
1.6486167800453515,350.0261,0.0007975850603543222
1.6718367346938776,375.6443,0.000758837559260428
1.6950566893424037,351.19562,0.0007704922463744879
1.7182766439909298,306.13647,0.0007923545781522989
1.7414965986394557,337.57047,0.0008083095890469849
1.7647165532879818,372.50784,0.0008369158604182303
1.787936507936508,2480.4917,0.0007502174703404307
1.811156462585034,393.1945,0.0006232053274288774
1.8343764172335602,552.7696,0.0005749730626121163
1.8575963718820863,324.41766,0.0007361788884736598
1.8808163265306124,348.1648,0.0006877951673232019
1.9040362811791383,315.2539,0.0006564310169778764
1.9272562358276644,292.6402,0.0006551929982379079
1.9504761904761905,393.8259,0.0006929222145117819
1.9736961451247166,338.5811,0.0006463905447162688
1.9969160997732427,407.20724,0.0005763163208030164
2.020136054421769,130.31073,0.0004723162855952978
2.043356009070295,349.82455,0.0004745675250887871
2.066575963718821,285.3954,0.0005062238778918982
2.089795918367347,307.76114,0.0005067692254669964
2.1130158730158732,411.82394,0.0005208895308896899
2.1362358276643993,337.3894,0.0005843571852892637
2.159455782312925,129.83632,0.0005265846848487854
2.182675736961451,223.76219,0.0004128972068428993
2.2058956916099772,386.73825,0.00045513041550293565
2.2291156462585033,351.67264,0.0004639340622816235
2.2523356009070294,321.20987,0.0003578174510039389
2.2755555555555556,321.70822,0.00036491849459707737
2.2987755102040817,330.32224,0.0003795168886426836
2.3219954648526078,331.1681,0.0004441229102667421
2.345215419501134,325.5446,0.000316184654366225
2.36843537414966,256.2754,0.00015358428936451674
2.391655328798186,355.52505,9.872062946669757e-05
2.414875283446712,348.24097,1.901643190649338e-05
2.4380952380952383,0.0,1.1383563105482608e-06
2.4613151927437644,0.0,3.506720531731844e-07
2.48453514739229,0.0,1.2633518053917214e-07
2.507755102040816,0.0,1.6313515516230837e-07
2.5309750566893423,0.0,1.133264959207736e-06
2.5541950113378684,0.0,1.1704487405950204e-06
2.5774149659863945,0.0,3.8642338040517643e-07
2.6006349206349206,0.0,1.4313263818621635e-07
2.6238548752834467,0.0,2.911174306063913e-07
