0.0,0.0,5.207384674577042e-07
0.023219954648526078,0.0,2.651804607012309e-07
0.046439909297052155,0.0,1.5487057680729777e-07
0.06965986394557823,0.0,2.1453797671711072e-07
0.09287981859410431,0.0,2.425067577860318e-07
0.11609977324263039,0.0,2.3069969756761566e-07
0.13931972789115646,0.0,4.138892109040171e-07
0.16253968253968254,0.0,3.067825673497282e-07
0.18575963718820862,86.13105,1.2195499948575161e-05
0.2089795918367347,725.1921,0.0004089200810994953
0.23219954648526078,270.19708,0.00036932461080141366
0.25541950113378686,568.1277,0.0005228203954175115
0.2786394557823129,265.4091,0.0004887809045612812
0.301859410430839,503.68472,0.00027862476417794824
0.3250793650793651,72.18647,1.625888398848474e-05
0.3482993197278912,0.0,1.6647009033476934e-06
0.37151927437641724,0.0,2.553742888267152e-07
0.3947392290249433,0.0,2.0773495634784922e-07
0.4179591836734694,0.0,2.3090915419743396e-06
0.44117913832199546,700.13544,0.0011043164413422346
0.46439909297052157,804.15967,0.0010884769726544619
0.4876190476190476,228.0014,0.0003498648584354669
0.5108390022675737,218.3995,7.659224502276629e-05
0.5340589569160998,0.0,6.617927283514291e-06
0.5572789115646258,0.0,1.0315088729839772e-06
0.5804988662131519,0.0,1.117143256124109e-06
0.603718820861678,31.48913,0.0002927489404100925
0.626938775510204,788.535,0.0035131797194480896
0.6501587301587302,806.6747,0.004822360351681709
0.6733786848072563,840.9109,0.004633935168385506
0.6965986394557824,809.6894,0.00276897638104856
0.7198185941043084,77.031235,0.00047513050958514214
0.7430385487528345,807.8662,1.1084476682299282e-05
0.7662585034013606,0.0,9.100185707211494e-07
0.7894784580498866,0.0,9.789455361897126e-07
0.8126984126984127,926.63904,0.0033822786062955856
0.8359183673469388,1034.8141,0.007610610220581293
0.8591383219954649,216.33495,0.011094659566879272
0.8823582766439909,555.80786,0.009553978219628334
0.905578231292517,116.0143,0.004511133302003145
0.9287981859410431,1011.7825,0.006448307074606419
0.9520181405895691,965.8957,0.00041362305637449026
0.9752380952380952,0.0,6.285562449193094e-06
0.9984580498866213,0.0,1.0972080417559482e-06
1.0216780045351475,0.0,1.154957317339722e-06
1.0448979591836736,763.91113,0.0008662443142384291
1.0681179138321997,763.44,0.002489832229912281
1.0913378684807256,309.42377,0.002464407356455922
1.1145578231292517,262.7047,0.0018337611109018326
1.1377777777777778,144.40614,0.0007752454839646816
1.1609977324263039,792.9446,0.0001920817157952115
1.18421768707483,0.0,7.015291885181796e-06
1.207437641723356,0.0,7.178405212471262e-07
1.2306575963718822,0.0,3.3211836125701666e-07
1.253877551020408,0.0,4.808398443856277e-07
1.2770975056689342,110.33955,0.00011239446757826954
1.3003174603174603,940.6734,0.003040914423763752
1.3235374149659864,959.5739,0.003151899203658104
1.3467573696145125,953.49115,0.004107537679374218
1.3699773242630386,921.9048,0.0038617567624896765
1.3931972789115648,943.2149,0.0025298502296209335
1.4164172335600906,938.7984,0.0004903882509097457
1.4396371882086167,320.78488,5.46108276466839e-05
1.4628571428571429,0.0,2.6257357603753917e-06
1.486077097505669,0.0,4.5335855247685686e-07
1.509297052154195,0.0,3.0694263841724023e-07
1.5325170068027212,0.0,2.543702066759579e-07
1.5557369614512473,0.0,6.089658199925907e-07
1.5789569160997732,84.24902,1.388600139762275e-05
1.6021768707482993,704.95905,0.0005500289844349027
1.6253968253968254,741.39264,0.0005959449335932732
1.6486167800453515,779.74384,0.0003303917474113405
1.6718367346938776,207.74207,0.00041224859887734056
1.6950566893424037,722.99835,0.0005306522361934185
1.7182766439909298,256.00775,0.0005654923152178526
1.7414965986394557,262.70355,0.0005458009545691311
1.7647165532879818,759.9972,0.0005519593833014369
1.787936507936508,761.7472,0.0004331363015808165
1.811156462585034,191.93114,0.0003262904938310385
1.8343764172335602,955.37585,0.0003736794169526547
1.8575963718820863,249.5137,0.0003783660940825939
1.8808163265306124,743.79443,0.0003429250791668892
1.9040362811791383,158.61371,0.00028339948039501905
1.9272562358276644,721.19116,0.00027734972536563873
1.9504761904761905,711.8207,0.00022839909070171416
1.9736961451247166,251.31673,0.00018008038750849664
1.9969160997732427,158.10516,0.0001919889182318002
2.020136054421769,249.95367,0.00020139214757364243
2.043356009070295,251.56981,0.00018412192002870142
2.066575963718821,689.58777,0.0001674696250120178
2.089795918367347,261.7384,0.00018368137534707785
2.1130158730158732,264.12064,0.00019859625899698585
2.1362358276643993,257.43457,0.00014274266141001135
2.159455782312925,248.09016,0.00011006930435542017
2.182675736961451,241.06134,0.0001185746950795874
2.2058956916099772,240.86646,9.830374619923532e-05
2.2291156462585033,646.1808,0.00010813053813762963
2.2523356009070294,257.12207,9.366582526126876e-05
2.2755555555555556,267.1937,8.862991671776399e-05
2.2987755102040817,268.949,0.00011638108117040247
2.3219954648526078,266.1138,9.022731683216989e-05
2.345215419501134,254.00742,4.8536898248130456e-05
2.36843537414966,239.68831,4.519901267485693e-05
2.391655328798186,242.88904,3.377077518962324e-05
2.414875283446712,242.2077,2.0763964130310342e-05
2.4380952380952383,85.71484,1.0220864169241395e-05
2.4613151927437644,0.0,2.695182047318667e-06
2.48453514739229,0.0,5.763677108916454e-07
2.507755102040816,0.0,5.107767719891854e-07
2.5309750566893423,0.0,3.6441815609578043e-07
2.5541950113378684,0.0,5.276860974845476e-07
2.5774149659863945,0.0,3.2260777516057715e-07
