0.0,0.0,1.3150092854630202e-06
0.023219954648526078,0.0,1.636577508179471e-06
0.046439909297052155,0.0,2.666083673830144e-06
0.06965986394557823,357.05362,0.0007409696700051427
0.09287981859410431,364.428,0.0011739005567505956
0.11609977324263039,361.28488,0.0012286062119528651
0.13931972789115646,132.20927,0.0007348728249780834
0.16253968253968254,350.45117,9.183683869196102e-05
0.18575963718820862,0.0,1.1315996744087897e-06
0.2089795918367347,0.0,3.5638458939502016e-07
0.23219954648526078,0.0,3.3019750844687223e-07
0.25541950113378686,0.0,1.3462067727232352e-07
0.2786394557823129,446.55084,0.0001544010592624545
0.301859410430839,69.05645,0.004023723304271698
0.3250793650793651,304.5307,0.005287195090204477
0.3482993197278912,890.3121,0.004474247805774212
0.37151927437641724,140.59236,0.001556354807689786
0.3947392290249433,557.1341,4.324618203099817e-05
0.4179591836734694,0.0,4.419783181219827e-06
0.44117913832199546,0.0,9.211089491145685e-07
0.46439909297052157,0.0,4.493858796195127e-07
0.4876190476190476,547.4106,0.001432649907656014
0.5108390022675737,200.78534,0.01323048397898674
0.5340589569160998,1043.0765,0.017258815467357635
0.5572789115646258,524.5489,0.01388968899846077
0.5804988662131519,977.273,0.005056405905634165
0.603718820861678,210.2014,0.00025520456256344914
0.626938775510204,104.360954,1.6681769920978695e-05
0.6501587301587302,0.0,1.359084308205638e-06
0.6733786848072563,0.0,7.15902388037648e-07
0.6965986394557824,0.0,4.6407512854784727e-07
0.7198185941043084,0.0,8.487986633554101e-07
0.7430385487528345,0.0,5.819715624966193e-06
0.7662585034013606,682.9966,0.011376344598829746
0.7894784580498866,91.89116,0.03229339420795441
0.8126984126984127,1186.6622,0.03472157567739487
0.8359183673469388,678.0099,0.027701109647750854
0.8591383219954649,679.6112,0.010420621372759342
0.8823582766439909,662.3772,0.0003784511354751885
0.905578231292517,0.0,1.9970366338384338e-06
0.9287981859410431,0.0,4.0327358874492347e-07
0.9520181405895691,0.0,4.0222948882728815e-07
0.9752380952380952,0.0,7.593598638777621e-07
0.9984580498866213,738.00134,0.010909704491496086
1.0216780045351475,847.8149,0.024211641401052475
1.0448979591836736,956.0535,0.018626566976308823
1.0681179138321997,544.55414,0.008970473892986774
1.0913378684807256,1070.1613,0.0020048972219228745
1.1145578231292517,157.26381,0.00020386348478496075
1.1377777777777778,0.0,8.137436452670954e-06
1.1609977324263039,0.0,8.37480001791846e-07
1.18421768707483,0.0,1.037633410305716e-06
1.207437641723356,21.552694,1.4757850294699892e-05
1.2306575963718822,726.375,0.005533743649721146
1.253877551020408,900.9617,0.007755632046610117
1.2770975056689342,811.17377,0.00833344366401434
1.3003174603174603,171.07672,0.005536277778446674
1.3235374149659864,884.2597,0.0029816217720508575
1.3467573696145125,504.76593,0.0011517974780872464
1.3699773242630386,440.868,7.663418364245445e-05
1.3931972789115648,0.0,7.484390152967535e-06
1.4164172335600906,0.0,6.305444912868552e-07
1.4396371882086167,0.0,2.398492142674513e-07
1.4628571428571429,0.0,5.664523996529169e-07
1.486077097505669,0.0,3.2215029932558537e-07
1.509297052154195,0.0,6.47179149382282e-07
1.5325170068027212,419.47906,0.0007151080062612891
1.5557369614512473,356.95224,0.0018134771380573511
1.5789569160997732,272.6189,0.0020458779763430357
1.6021768707482993,600.46045,0.001974722370505333
1.6253968253968254,623.2341,0.0019330175127834082
1.6486167800453515,698.3486,0.001209606183692813
1.6718367346938776,352.9155,0.0007517507765442133
1.6950566893424037,577.6338,0.000657350174151361
1.7182766439909298,351.32367,0.0005634658737108111
1.7414965986394557,627.71063,0.0005180087173357606
1.7647165532879818,497.6778,0.0005689059616997838
1.787936507936508,709.44037,0.0008114881929941475
1.811156462585034,357.81204,0.000887976202648133
1.8343764172335602,353.5259,0.0006378883263096213
1.8575963718820863,530.2043,0.0005955084343440831
1.8808163265306124,261.7943,0.000568991934414953
1.9040362811791383,349.5977,0.00048680452164262533
1.9272562358276644,697.94366,0.0005616246489807963
1.9504761904761905,321.89493,0.0007225988665595651
1.9736961451247166,601.71606,0.0006352906348183751
1.9969160997732427,259.07697,0.0006180136697366834
2.020136054421769,700.1655,0.0003863062884192914
2.043356009070295,291.98407,0.00031421059975400567
2.066575963718821,347.25916,0.0002352540905121714
2.089795918367347,348.57947,0.00017888574802782387
2.1130158730158732,416.0663,0.0001963019312825054
2.1362358276643993,394.49252,0.00029565978911705315
2.159455782312925,270.2915,0.00048179924488067627
2.182675736961451,315.0386,0.00045124461757950485
2.2058956916099772,348.7958,0.000263966474449262
2.2291156462585033,340.33,0.00023319270985666662
2.2523356009070294,492.83115,0.00017069597379304469
2.2755555555555556,130.59596,0.00012592910206876695
2.2987755102040817,138.55635,0.00016979027714114636
2.3219954648526078,360.39395,0.0001782385807018727
2.345215419501134,283.34277,4.896661630482413e-05
2.36843537414966,0.0,2.3621987566002645e-06
2.391655328798186,0.0,3.7904101191088557e-07
2.414875283446712,0.0,2.415590643067844e-07
2.4380952380952383,0.0,4.3651743908412755e-07
2.4613151927437644,0.0,8.391452865907922e-07
2.48453514739229,0.0,3.50100890500471e-07
