0.0,0.0,4.732291927211918e-07
0.023219954648526078,0.0,7.694325176998973e-07
0.046439909297052155,0.0,8.290498954011127e-07
0.06965986394557823,0.0,7.394364729407243e-07
0.09287981859410431,0.0,8.025754141272046e-07
0.11609977324263039,0.0,4.112480382900685e-07
0.13931972789115646,63.5291,1.1601629012147896e-05
0.16253968253968254,142.76053,5.015813439968042e-05
0.18575963718820862,174.82016,5.858819713466801e-05
0.2089795918367347,176.04015,5.02405091538094e-05
0.23219954648526078,239.9492,3.658289278973825e-05
0.25541950113378686,171.97902,3.398198168724775e-05
0.2786394557823129,163.42886,3.979599568992853e-05
0.301859410430839,328.27066,5.134118691785261e-05
0.3250793650793651,300.96207,7.776910206303e-05
0.3482993197278912,299.23016,9.869403584161773e-05
0.37151927437641724,339.23273,9.680840594228357e-05
0.3947392290249433,347.2384,0.0001083577299141325
0.4179591836734694,344.6697,0.00013271714851725847
0.44117913832199546,341.61676,0.00017468526493757963
0.46439909297052157,335.54294,0.00020598445553332567
0.4876190476190476,281.87424,0.00019333785166963935
0.5108390022675737,293.0225,0.00020846900588367134
0.5340589569160998,327.9182,0.00015174747386481613
0.5572789115646258,338.44437,0.00014596640539821237
0.5804988662131519,341.26477,0.00018505709886085242
0.603718820861678,287.58685,0.00022597268980462104
0.626938775510204,317.22095,0.0002222877083113417
0.6501587301587302,204.02635,0.00017411872977390885
0.6733786848072563,333.226,0.00012310112651903182
0.6965986394557824,341.18317,8.089860784821212e-05
0.7198185941043084,347.91504,7.697487308178097e-05
0.7430385487528345,316.73352,9.451275400351733e-05
0.7662585034013606,253.60112,9.495572885498405e-05
0.7894784580498866,152.85573,0.00013964809477329254
0.8126984126984127,287.5617,0.00018126964278053492
0.8359183673469388,297.54257,0.00020716592553071678
0.8591383219954649,365.5102,0.0001943559618666768
0.8823582766439909,366.1269,0.00015739252557978034
0.905578231292517,215.47453,0.00016828517254907638
0.9287981859410431,260.23627,0.00013520380889531225
0.9520181405895691,373.61884,0.00010030424891738221
0.9752380952380952,137.25215,0.00011667596118059009
0.9984580498866213,391.43466,0.00015698588686063886
1.0216780045351475,406.3094,0.000229083132580854
1.0448979591836736,412.315,0.00029647507471963763
1.0681179138321997,386.37646,0.00034371716901659966
1.0913378684807256,399.60135,0.0003292827750556171
1.1145578231292517,405.33112,0.00029308669036254287
1.1377777777777778,411.2851,0.00025681842816993594
1.1609977324263039,346.41217,0.00018763185653369874
1.18421768707483,393.64905,0.00015135726425796747
1.207437641723356,221.7675,0.00018730707233771682
1.2306575963718822,487.1441,0.0002973431837745011
1.253877551020408,435.73788,0.0003749100724235177
1.2770975056689342,433.9228,0.0003683013201225549
1.3003174603174603,482.54367,0.0003078373847529292
1.3235374149659864,429.30664,0.00023790649720467627
1.3467573696145125,333.29547,0.0002666387881617993
1.3699773242630386,436.21088,0.00021293474128469825
1.3931972789115648,429.57135,0.0001476680627092719
1.4164172335600906,401.973,0.00015494870604015887
1.4396371882086167,278.3994,0.00027173536363989115
1.4628571428571429,268.9238,0.0003104517236351967
1.486077097505669,262.4084,0.0003696339554153383
1.509297052154195,255.5959,0.00036936713149771094
1.5325170068027212,252.09685,0.0003848323249258101
1.5557369614512473,251.04274,0.0004793905536644161
1.5789569160997732,252.26952,0.000567684299312532
1.6021768707482993,255.34969,0.0006410917267203331
1.6253968253968254,257.58252,0.0006567210657522082
1.6486167800453515,257.07452,0.0006682226667180657
1.6718367346938776,257.29648,0.0006393921794369817
1.6950566893424037,259.723,0.0005608671344816685
1.7182766439909298,265.3566,0.0007199598476290703
1.7414965986394557,271.38873,0.0009846552275121212
1.7647165532879818,280.10925,0.0010442112106829882
1.787936507936508,285.96338,0.0012548449449241161
1.811156462585034,284.95828,0.0013521162327378988
1.8343764172335602,283.94327,0.0012759333476424217
1.8575963718820863,285.71344,0.0011896488722413778
1.8808163265306124,838.6538,0.0013387249782681465
1.9040362811791383,295.06598,0.0013809464871883392
1.9272562358276644,301.2256,0.001200275612063706
1.9504761904761905,310.8283,0.0011802087537944317
1.9736961451247166,315.84863,0.0017049175221472979
1.9969160997732427,460.63385,0.0015608826652169228
2.020136054421769,314.3953,0.0013798782601952553
2.043356009070295,312.05768,0.0011822569649666548
2.066575963718821,309.72372,0.0009949078084900975
2.089795918367347,312.16153,0.0010301206493750215
2.1130158730158732,322.11197,0.001733073964715004
2.1362358276643993,329.9176,0.0027938857674598694
2.159455782312925,632.6626,0.002839247463271022
2.182675736961451,262.10995,0.00204838952049613
2.2058956916099772,337.89154,0.0022528457920998335
2.2291156462585033,233.8167,0.0028157345950603485
2.2523356009070294,336.96643,0.0028647163417190313
2.2755555555555556,344.1386,0.002280137501657009
2.2987755102040817,135.31224,0.0015377977397292852
2.3219954648526078,358.8672,0.0018698051571846008
2.345215419501134,707.47034,0.0030108122155070305
2.36843537414966,366.11624,0.004840712528675795
2.391655328798186,267.1282,0.0046315849758684635
2.414875283446712,387.69397,0.0058374106884002686
2.4380952380952383,384.87894,0.005941933020949364
2.4613151927437644,449.41504,0.0063155838288366795
2.48453514739229,753.5845,0.006117226555943489
2.507755102040816,380.61148,0.0061190249398350716
2.5309750566893423,526.402,0.006409064866602421
2.5541950113378684,763.0609,0.006868147756904364
2.5774149659863945,629.7925,0.007006482221186161
2.6006349206349206,383.8975,0.00761417206376791
2.6238548752834467,385.60843,0.008196445181965828
2.647074829931973,557.82465,0.006881143897771835
2.670294784580499,255.61479,0.003933426924049854
2.693514739229025,274.0931,0.002293277531862259
2.716734693877551,135.51193,0.0012194323353469372
2.7399546485260773,267.37955,0.001862653880380094
2.7631746031746034,493.0315,0.0017087564337998629
2.7863945578231295,723.4073,0.0016318466514348984
2.809614512471655,579.7273,0.0016899968031793833
2.8328344671201813,619.25977,0.0016236200463026762
2.8560544217687074,257.4298,0.0017288844101130962
2.8792743764172335,331.83383,0.0023286347277462482
2.9024943310657596,328.92474,0.0028741229325532913
2.9257142857142857,323.80563,0.002907293615862727
2.948934240362812,320.0528,0.0024956506676971912
2.972154195011338,321.19833,0.0026000444777309895
2.995374149659864,321.8978,0.002641012193635106
3.01859410430839,320.3686,0.0025349094066768885
3.0418140589569163,319.02396,0.0020441082306206226
3.0650340136054424,312.91507,0.0018757462967187166
3.0882539682539685,309.29114,0.0018599960021674633
3.1114739229024946,302.34238,0.001447862247005105
3.1346938775510207,295.05457,0.0017241903115063906
3.1579138321995464,290.87778,0.0013096170732751489
3.1811337868480725,203.43147,0.0010711015202105045
3.2043537414965986,285.92145,0.0009889396606013179
3.2275736961451247,283.93796,0.000877632643096149
3.250793650793651,281.21643,0.0008605557377450168
3.274013605442177,280.32376,0.0008054081699810922
3.297233560090703,281.6768,0.0008019556989893317
3.320453514739229,282.33167,0.0007168197189457715
3.3436734693877552,277.8134,0.0007345409831032157
3.3668934240362813,271.1421,0.0007511007715947926
3.3901133786848074,263.62973,0.0006185746751725674
3.4133333333333336,255.84337,0.00042269600089639425
3.4365532879818597,252.4027,0.0003827144973911345
3.4597732426303858,252.95583,0.0004109064757358283
3.4829931972789114,253.45288,0.0004243615549057722
3.5062131519274375,254.2362,0.00040825532050803304
3.5294331065759637,253.40894,0.0004064520471729338
3.5526530612244898,251.10912,0.0004238392866682261
3.575873015873016,251.17766,0.0004515078035183251
3.599092970521542,247.64624,0.0004474767192732543
3.622312925170068,239.54922,0.00028357928385958076
3.645532879818594,90.104294,6.848338671261445e-05
3.6687528344671203,224.05397,6.531218241434544e-05
3.6919727891156464,85.45264,5.732831050409004e-05
3.7151927437641725,181.26859,5.719581531593576e-05
3.7384126984126986,230.38733,5.496518861036748e-05
3.7616326530612247,360.03455,4.8941103159449995e-05
3.784852607709751,72.836205,2.1515979824471287e-05
3.8080725623582765,0.0,3.406123141758144e-06
3.8312925170068026,0.0,7.070941137499176e-06
3.8545124716553287,0.0,4.59783313999651e-06
3.877732426303855,0.0,3.5034008760703728e-06
3.900952380952381,0.0,7.0725373007007875e-06
3.924172335600907,0.0,9.59585031523602e-06
3.947392290249433,0.0,7.2417979026795365e-06
3.9706122448979593,0.0,7.790029485477135e-06
3.9938321995464854,157.75081,1.0010870937549043e-05
4.017052154195011,139.37909,1.6438367310911417e-05
4.040272108843538,140.99,4.134152550250292e-05
4.063492063492063,392.02945,6.755439972039312e-05
4.08671201814059,377.05765,8.321963105117902e-05
4.1099319727891155,350.3306,9.50453249970451e-05
4.133151927437642,364.52573,0.00010191048932028934
4.156371882086168,347.8546,8.16645915620029e-05
4.179591836734694,247.94157,7.247604662552476e-05
4.20281179138322,383.70602,0.00012987750233151019
4.2260317460317465,365.33304,0.00014472156181000173
4.249251700680272,356.86237,0.00015613062714692205
4.272471655328799,375.32104,0.0001603683631401509
4.295691609977324,262.1118,0.00014437278150580823
4.31891156462585,359.82733,0.00014981495041865855
4.342131519274377,376.33707,0.00017222014139406383
4.365351473922902,318.50085,0.00018659420311450958
4.388571428571429,347.15796,0.0001951502781594172
4.4117913832199545,296.8241,0.00022319988056551665
4.435011337868481,279.27142,0.00022737114340998232
4.458231292517007,166.96014,0.00022759585408493876
4.481451247165533,329.6766,0.00016210583271458745
4.504671201814059,197.01999,0.00010918447514995933
4.527891156462585,162.44823,0.00010640206892276183
4.551111111111111,209.23982,0.00014663209731224924
4.574331065759638,277.8724,0.00022360548609867692
4.597551020408163,238.03311,0.00019747788610402495
4.62077097505669,338.04105,0.0001536547060823068
4.6439909297052155,290.28494,0.00012768138549290597
4.667210884353741,170.59593,9.879199205897748e-05
4.690430839002268,172.43504,0.0001054956010193564
4.713650793650793,197.3547,0.00010684695735108107
4.73687074829932,135.52013,0.00010145666601601988
4.760090702947846,263.6965,0.00013309443602338433
4.783310657596372,172.85944,0.00019683112623170018
4.806530612244898,334.09558,0.00015342676488216966
4.829750566893424,121.736435,0.00010195982758887112
4.85297052154195,169.54382,8.115403034025803e-05
4.876190476190477,172.6468,7.578959048260003e-05
4.899410430839002,172.0327,7.698230183450505e-05
4.922630385487529,189.66455,9.451257938053459e-05
4.9458503401360545,173.5855,0.00011852846364490688
4.96907029478458,277.28647,0.00012158910249127075
4.992290249433107,177.34767,9.804502042243257e-05
5.015510204081632,339.15573,6.541641778312624e-05
5.038730158730159,117.58374,4.755560803459957e-05
5.061950113378685,352.1506,4.636002267943695e-05
5.085170068027211,115.33611,5.7169214414898306e-05
5.108390022675737,342.31152,6.404505984392017e-05
5.131609977324263,322.32013,7.888255640864372e-05
5.154829931972789,168.41469,7.094757165759802e-05
5.178049886621316,218.823,5.270715701044537e-05
5.201269841269841,174.2527,2.920307088061236e-05
5.224489795918368,158.53424,2.4919390853028744e-05
5.2477097505668935,177.25642,2.5295012164860964e-05
5.27092970521542,170.78519,2.5330369680887088e-05
5.294149659863946,0.0,3.1525169106316753e-06
5.317369614512471,0.0,4.959129000781104e-07
5.340589569160998,0.0,2.6585075829643756e-07
5.363809523809524,0.0,8.046054063015617e-07
5.38702947845805,0.0,1.0607991498545744e-06
5.410249433106576,0.0,2.967908585560508e-07
5.433469387755102,0.0,3.7277277442626655e-07
5.456689342403628,0.0,7.53188032831531e-07
5.479909297052155,0.0,2.1042342268629e-07
5.50312925170068,0.0,5.519414116861299e-07
5.526349206349207,0.0,2.0514471543719992e-07
