0.0,0.0,2.901897460105829e-07
0.023219954648526078,0.0,3.984523573308252e-07
0.046439909297052155,0.0,4.832509148400277e-07
0.06965986394557823,0.0,2.0976949599571526e-07
0.09287981859410431,0.0,3.447967173997313e-07
0.11609977324263039,316.01263,7.851723785279319e-05
0.13931972789115646,210.06053,0.00020651365048252046
0.16253968253968254,339.4601,0.0001940726797329262
0.18575963718820862,336.76404,0.00013794614642392844
0.2089795918367347,336.18063,0.00031563069205731153
0.23219954648526078,976.57367,0.0006801781128160655
0.25541950113378686,341.87222,0.0006324947462417185
0.2786394557823129,349.86017,0.000375270436052233
0.301859410430839,364.03058,0.0003812466165982187
0.3250793650793651,858.045,0.0005579550052061677
0.3482993197278912,742.71545,0.0004027342365588993
0.37151927437641724,841.49554,0.0004658618418034166
0.3947392290249433,177.73206,0.00046203387319110334
0.4179591836734694,292.50867,0.0005495506920851767
0.44117913832199546,751.44464,0.0005222891923040152
0.46439909297052157,199.69559,0.000776973320171237
0.4876190476190476,907.47003,0.0007064619567245245
0.5108390022675737,825.572,0.0006149435648694634
0.5340589569160998,859.6904,0.0006443900056183338
0.5572789115646258,838.91504,0.0006530075334012508
0.5804988662131519,210.02393,0.002969847060739994
0.603718820861678,347.94733,0.0026787063106894493
0.626938775510204,1075.7152,0.0021088754292577505
0.6501587301587302,1038.6283,0.0025693289935588837
0.6733786848072563,969.60864,0.005179536063224077
0.6965986394557824,1000.62714,0.0033097262494266033
0.7198185941043084,962.90857,0.0042167771607637405
0.7430385487528345,1031.1091,0.0009996171575039625
0.7662585034013606,155.94495,0.0007193688070401549
0.7894784580498866,789.13995,0.0010547754354774952
0.8126984126984127,798.7818,0.001045938115566969
0.8359183673469388,791.00024,0.0005708889802917838
0.8591383219954649,646.06647,0.0006165864178910851
0.8823582766439909,832.7167,0.0017439703224226832
0.905578231292517,875.1106,0.005838002078235149
0.9287981859410431,891.30695,0.007271454203873873
0.9520181405895691,325.42657,0.00617402046918869
0.9752380952380952,938.4983,0.0036341564264148474
0.9984580498866213,869.09705,0.00503960158675909
1.0216780045351475,876.52655,0.010571228340268135
1.0448979591836736,43.714966,0.019491437822580338
1.0681179138321997,995.51825,0.05073267221450806
1.0913378684807256,1014.11584,0.06957130879163742
1.1145578231292517,1006.01935,0.04918105900287628
1.1377777777777778,342.6357,0.018673136830329895
1.1609977324263039,944.40015,0.02362664043903351
1.18421768707483,346.1679,0.1231137067079544
1.207437641723356,1038.2297,0.06082616001367569
1.2306575963718822,1055.1035,0.036553122103214264
1.253877551020408,1068.274,0.03971550613641739
1.2770975056689342,1069.1279,0.04750042036175728
1.3003174603174603,1067.055,0.047873374074697495
1.3235374149659864,58.548794,0.07644520699977875
1.3467573696145125,1000.3643,0.05836557224392891
1.3699773242630386,1100.1754,0.041839223355054855
1.3931972789115648,1134.9027,0.041437312960624695
1.4164172335600906,1174.9354,0.0360928475856781
1.4396371882086167,1160.5713,0.03707608953118324
1.4628571428571429,45.242966,0.03261835500597954
1.486077097505669,389.43167,0.03236968070268631
1.509297052154195,50.561546,0.05437733232975006
1.5325170068027212,973.0265,0.08270644396543503
1.5557369614512473,1063.4081,0.06365689635276794
1.5789569160997732,534.6613,0.03194277361035347
1.6021768707482993,1029.0607,0.017709635198116302
1.6253968253968254,516.77673,0.016541779041290283
1.6486167800453515,372.43347,0.014940829947590828
1.6718367346938776,923.4255,0.015489131212234497
1.6950566893424037,46.521667,0.015001433901488781
1.7182766439909298,1016.88336,0.008388113230466843
1.7414965986394557,954.64154,0.00328753050416708
1.7647165532879818,329.61865,0.0032677457202225924
1.787936507936508,922.4214,0.0025237174704670906
1.811156462585034,886.245,0.0024220249615609646
1.8343764172335602,381.81946,0.002600381150841713
1.8575963718820863,822.9674,0.0020114989019930363
1.8808163265306124,862.8494,0.00129175023175776
1.9040362811791383,860.3915,0.0007845305372029543
1.9272562358276644,851.6298,0.0009723660768941045
1.9504761904761905,867.17554,0.001277852337807417
1.9736961451247166,441.30743,0.0011097140377387404
1.9969160997732427,810.8062,0.0007979249930940568
2.020136054421769,22.658564,0.000864319852553308
2.043356009070295,1054.5449,0.0039846161380410194
2.066575963718821,1126.8512,0.004764505662024021
2.089795918367347,1099.6354,0.0022591878660023212
2.1130158730158732,759.441,0.0009336263174191117
2.1362358276643993,407.21875,0.0008301639463752508
2.159455782312925,748.31,0.0012055797269567847
2.182675736961451,378.2542,0.004598767496645451
2.2058956916099772,362.70676,0.00593023095279932
2.2291156462585033,1046.5557,0.008238873444497585
2.2523356009070294,1049.9519,0.005110529717057943
2.2755555555555556,233.61426,0.005684723611921072
2.2987755102040817,1016.0148,0.0027142849285155535
2.3219954648526078,1041.8438,0.0017865087138488889
2.345215419501134,980.1274,0.0013068708358332515
2.36843537414966,748.47156,0.0007031945278868079
2.391655328798186,325.54938,0.0010837194276973605
2.414875283446712,208.35759,0.0018682379741221666
2.4380952380952383,851.6912,0.001879921299405396
2.4613151927437644,963.93726,0.0006929889204911888
2.48453514739229,134.72491,0.00040596825419925153
2.507755102040816,302.76035,0.0003219184873159975
2.5309750566893423,288.34207,0.0003554825088940561
2.5541950113378684,894.7357,0.00045284704538062215
2.5774149659863945,292.191,0.00030303909443318844
2.6006349206349206,605.89954,0.0003131760167889297
2.6238548752834467,295.9041,0.00043053767876699567
2.647074829931973,220.221,0.0011754401493817568
2.670294784580499,948.3842,0.0015545256901532412
2.693514739229025,1085.1028,0.002265544841066003
2.716734693877551,362.54355,0.00137545564211905
2.7399546485260773,915.30084,0.001065022312104702
2.7631746031746034,250.10608,0.0012000177521258593
2.7863945578231295,337.10864,0.0018228261033073068
2.809614512471655,1003.0917,0.000886743888258934
2.8328344671201813,888.7921,0.00042242015479132533
2.8560544217687074,961.64136,0.0009667242411524057
2.8792743764172335,348.45984,0.0018337001092731953
2.9024943310657596,329.2627,0.00166227831505239
2.9257142857142857,1019.2012,0.0014440903905779123
2.948934240362812,363.44983,0.001375748892314732
2.972154195011338,50.607536,0.0007642180426046252
2.995374149659864,343.91177,0.00020864976977463812
3.01859410430839,326.62314,0.0002642284380272031
3.0418140589569163,946.9632,0.0002968807821162045
3.0650340136054424,207.76146,0.0006876157131046057
3.0882539682539685,1006.1333,0.0004763448960147798
3.1114739229024946,914.34955,0.0004053860902786255
3.1346938775510207,910.0797,0.00022555590840056539
3.1579138321995464,214.02727,9.075450361706316e-05
3.1811337868480725,934.646,8.450159657513723e-05
3.2043537414965986,240.20172,0.00011273552081547678
3.2275736961451247,208.65318,0.0001793215051293373
3.250793650793651,155.51614,0.00024896382819861174
3.274013605442177,904.1793,0.00016089632117655128
3.297233560090703,931.9812,8.333920413861051e-05
3.320453514739229,147.67592,3.2706950150895864e-05
3.3436734693877552,643.17456,1.3234411198936868e-05
3.3668934240362813,673.55383,1.6382095054723322e-05
3.3901133786848074,193.99568,3.669660509331152e-05
3.4133333333333336,252.89995,4.27381310146302e-05
3.4365532879818597,266.64276,3.072251274716109e-05
3.4597732426303858,162.0344,1.5304187400033697e-05
3.4829931972789114,0.0,7.661265044589527e-07
3.5062131519274375,0.0,6.301097528194077e-07
3.5294331065759637,0.0,1.3318585843080655e-06
3.5526530612244898,0.0,6.740547178196721e-07
3.575873015873016,0.0,6.709333320031874e-07
3.599092970521542,0.0,1.4324723451863974e-07
3.622312925170068,0.0,2.015040081460029e-07
3.645532879818594,0.0,3.4729328035609797e-07
