0.0,0.0,3.860441211145371e-07
0.023219954648526078,0.0,1.2412247087922879e-06
0.046439909297052155,0.0,5.301180863170885e-07
0.06965986394557823,0.0,1.8011178326560184e-07
0.09287981859410431,0.0,2.550450517446734e-07
0.11609977324263039,0.0,1.1167003322043456e-06
0.13931972789115646,265.3966,4.343783439253457e-05
0.16253968253968254,282.14432,0.00013395206769928336
0.18575963718820862,104.260445,0.0001378364977426827
0.2089795918367347,264.78104,0.00019490160048007965
0.23219954648526078,267.16953,0.0002133175585186109
0.25541950113378686,257.70807,8.970636554295197e-05
0.2786394557823129,249.1606,5.504937143996358e-05
0.301859410430839,281.08292,0.0001939131907420233
0.3250793650793651,286.1894,0.00019705563317984343
0.3482993197278912,291.60413,0.00025224947603419423
0.37151927437641724,307.2221,0.0002615505363792181
0.3947392290249433,299.36966,0.00019296394020784646
0.4179591836734694,282.69604,0.00016796911950223148
0.44117913832199546,296.79013,0.0001522048405604437
0.46439909297052157,307.32068,0.00019068256369791925
0.4876190476190476,70.514046,0.0005153622478246689
0.5108390022675737,335.16885,0.0005559643032029271
0.5340589569160998,434.28,0.0005756370956078172
0.5572789115646258,335.14117,0.0006318328669294715
0.5804988662131519,132.30528,0.000701433455105871
0.603718820861678,334.16833,0.0006899783620610833
0.626938775510204,296.7992,0.0009261947125196457
0.6501587301587302,354.39365,0.0012578400783240795
0.6733786848072563,358.62326,0.0014058479573577642
0.6965986394557824,356.9774,0.0013156728819012642
0.7198185941043084,355.34158,0.0012069973163306713
0.7430385487528345,354.5797,0.0015851673670113087
0.7662585034013606,362.56363,0.0016811788082122803
0.7894784580498866,364.56714,0.0020177308470010757
0.8126984126984127,336.20877,0.0016038103494793177
0.8359183673469388,384.56805,0.0014053222257643938
0.8591383219954649,433.55496,0.0016204423736780882
0.8823582766439909,387.10532,0.001739678904414177
0.905578231292517,398.2947,0.001993547659367323
0.9287981859410431,404.3254,0.00244887825101614
0.9520181405895691,495.97092,0.0036614250857383013
0.9752380952380952,481.1323,0.002746924292296171
0.9984580498866213,374.40695,0.002419393742457032
1.0216780045351475,440.23956,0.002909233095124364
1.0448979591836736,169.60211,0.00391025934368372
1.0681179138321997,449.16504,0.004170726519078016
1.0913378684807256,453.5092,0.006345018278807402
1.1145578231292517,2252.4976,0.015131913125514984
1.1377777777777778,481.30444,0.011959092691540718
1.1609977324263039,181.4321,0.011221866123378277
1.18421768707483,649.1334,0.010847634635865688
1.207437641723356,188.07173,0.011872046627104282
1.2306575963718822,646.72736,0.011923031881451607
1.253877551020408,2060.6133,0.010016830638051033
1.2770975056689342,2393.3123,0.013094554655253887
1.3003174603174603,1837.0933,0.010927421040832996
1.3235374149659864,195.744,0.007336707320064306
1.3467573696145125,539.40546,0.00803722906857729
1.3699773242630386,1995.3866,0.010257869027554989
1.3931972789115648,703.5688,0.01349944993853569
1.4164172335600906,315.07483,0.018130797892808914
1.4396371882086167,451.9048,0.0369018018245697
1.4628571428571429,2213.0679,0.03325833007693291
1.486077097505669,748.7846,0.03178056702017784
1.509297052154195,2449.549,0.029615553095936775
1.5325170068027212,668.55963,0.02961971051990986
1.5557369614512473,631.4715,0.03513289988040924
1.5789569160997732,754.6757,0.023120712488889694
1.6021768707482993,752.3231,0.023589299991726875
1.6253968253968254,105.03842,0.015604877844452858
1.6486167800453515,2302.1301,0.013229785487055779
1.6718367346938776,241.62569,0.012879119254648685
1.6950566893424037,709.9572,0.010349683463573456
1.7182766439909298,716.95917,0.008739389479160309
1.7414965986394557,608.83136,0.00931126344949007
1.7647165532879818,703.31415,0.015516609884798527
1.787936507936508,2459.0576,0.016261741518974304
1.811156462585034,505.61957,0.016585180535912514
1.8343764172335602,2509.6174,0.019110053777694702
1.8575963718820863,743.3874,0.013736320659518242
1.8808163265306124,505.27896,0.013880927115678787
1.9040362811791383,494.55936,0.00932939164340496
1.9272562358276644,473.146,0.008206639438867569
1.9504761904761905,454.7965,0.004825449548661709
1.9736961451247166,449.06805,0.008106647059321404
1.9969160997732427,518.2265,0.007900825701653957
2.020136054421769,439.4901,0.006109151989221573
2.043356009070295,432.26874,0.003930380102247
2.066575963718821,712.8183,0.00398002564907074
2.089795918367347,423.33945,0.0030083893798291683
2.1130158730158732,437.8981,0.0015160564798861742
2.1362358276643993,386.42557,0.0017859451472759247
2.159455782312925,365.80338,0.00313344388268888
2.182675736961451,382.63336,0.0030510947108268738
2.2058956916099772,368.4618,0.0026655010879039764
2.2291156462585033,381.98666,0.002204370219260454
2.2523356009070294,382.0592,0.0016777494456619024
2.2755555555555556,364.11935,0.0010651778429746628
2.2987755102040817,277.45905,0.0013813129626214504
2.3219954648526078,498.30383,0.0018850467167794704
2.345215419501134,362.59888,0.0017634878167882562
2.36843537414966,357.8446,0.001360294409096241
2.391655328798186,349.36356,0.0005353479646146297
2.414875283446712,104.941216,0.0003382568247616291
2.4380952380952383,340.33362,0.000724569836165756
2.4613151927437644,250.77599,0.001057543558999896
2.48453514739229,328.7158,0.0014349231496453285
2.507755102040816,329.6961,0.0014142792206257582
2.5309750566893423,326.3118,0.001129915937781334
2.5541950113378684,733.0826,0.0008658855222165585
2.5774149659863945,325.96048,0.0006555705331265926
2.6006349206349206,307.12943,0.00031589396530762315
2.6238548752834467,304.5068,0.0005175811820663512
2.647074829931973,291.01468,0.0006154896691441536
2.670294784580499,270.93738,0.0005815246840938926
2.693514739229025,298.61053,0.00044074770994484425
2.716734693877551,310.49765,0.0003433481033425778
2.7399546485260773,280.3339,0.00043521710904315114
2.7631746031746034,290.07468,0.0004969814326614141
2.7863945578231295,284.64645,0.00037075072759762406
2.809614512471655,281.03433,0.0002531644713599235
2.8328344671201813,263.3335,0.00019238077220506966
2.8560544217687074,249.21846,0.00015250312571879476
2.8792743764172335,246.59294,0.0002714438596740365
2.9024943310657596,261.28607,0.00023864657850936055
2.9257142857142857,265.3673,0.00015628125402145088
2.948934240362812,264.4008,0.0002567549527157098
2.972154195011338,261.51556,0.00022834497212897986
2.995374149659864,257.66162,0.00018626499513629824
3.01859410430839,255.991,0.00016642120317555964
3.0418140589569163,260.96097,0.000178717658855021
3.0650340136054424,267.0287,0.00027734789182431996
3.0882539682539685,269.92072,0.0002223630581283942
3.1114739229024946,434.99905,0.00016711128409951925
3.1346938775510207,253.38719,0.00011336457828292623
3.1579138321995464,247.29182,0.0001216702803503722
3.1811337868480725,216.594,0.00012438616249710321
3.2043537414965986,263.80606,0.00010146517888642848
3.2275736961451247,268.20526,0.00016241311095654964
3.250793650793651,251.16336,0.00011617376731010154
3.274013605442177,99.2602,7.192129851318896e-05
3.297233560090703,244.71921,6.314936035778373e-05
3.320453514739229,226.5573,9.728681470733136e-05
3.3436734693877552,252.32605,6.932101678103209e-05
3.3668934240362813,262.12985,4.0899612940847874e-05
3.3901133786848074,268.0489,5.5071468523237854e-05
3.4133333333333336,263.81552,1.9238579625380225e-05
3.4365532879818597,0.0,3.4995682653971016e-06
3.4597732426303858,0.0,1.2069158401573077e-06
3.4829931972789114,0.0,2.6923680707113817e-07
3.5062131519274375,0.0,1.772405084921047e-07
3.5294331065759637,0.0,2.5011831894516945e-07
3.5526530612244898,0.0,1.3298995327204466e-07
3.575873015873016,0.0,5.951860657660291e-07
3.599092970521542,0.0,6.135214789537713e-07
3.622312925170068,0.0,2.7300393412588164e-07
