0.0,0.0,2.1101550373714417e-07
0.023219954648526078,0.0,1.1936663213418797e-07
0.046439909297052155,0.0,8.103052095975727e-08
0.06965986394557823,0.0,1.1941028787987307e-07
0.09287981859410431,0.0,1.101570887840353e-07
0.11609977324263039,0.0,2.0756851881742477e-07
0.13931972789115646,0.0,1.3467979442793876e-07
0.16253968253968254,0.0,3.507466317387298e-08
0.18575963718820862,0.0,4.689445631811395e-08
0.2089795918367347,0.0,4.353933036327362e-08
0.23219954648526078,0.0,1.306370904785581e-07
0.25541950113378686,0.0,3.322695192764513e-06
0.2786394557823129,386.27737,0.000300819257972762
0.301859410430839,363.6432,0.0006607575342059135
0.3250793650793651,355.20447,0.001015430549159646
0.3482993197278912,351.11465,0.001156890532001853
0.37151927437641724,348.34125,0.001315063564106822
0.3947392290249433,351.48776,0.0019006438087671995
0.4179591836734694,355.26315,0.0022492336574941874
0.44117913832199546,372.74167,0.0019512046128511429
0.46439909297052157,364.83972,0.0017584727611392736
0.4876190476190476,351.26718,0.001137066399678588
0.5108390022675737,354.69168,0.001180905383080244
0.5340589569160998,353.3654,0.0012962529435753822
0.5572789115646258,436.01694,0.002490021986886859
0.5804988662131519,462.99213,0.005479186773300171
0.603718820861678,478.60464,0.0057145981118083
0.626938775510204,483.64908,0.006966941524296999
0.6501587301587302,465.9271,0.009027363732457161
0.6733786848072563,468.2002,0.00998426228761673
0.6965986394557824,459.854,0.010204191319644451
0.7198185941043084,518.31537,0.028233684599399567
0.7430385487528345,539.7797,0.04413872957229614
0.7662585034013606,555.1359,0.06592094898223877
0.7894784580498866,548.10974,0.05763639137148857
0.8126984126984127,550.9631,0.053133267909288406
0.8359183673469388,568.29895,0.0806506797671318
0.8591383219954649,574.16125,0.0754912793636322
0.8823582766439909,616.7832,0.13777483999729156
0.905578231292517,755.4604,0.249944806098938
0.9287981859410431,747.83044,0.2685376703739166
0.9520181405895691,721.84143,0.2359600067138672
0.9752380952380952,692.90424,0.20971088111400604
0.9984580498866213,686.9849,0.22741158306598663
1.0216780045351475,706.66,0.2596668004989624
1.0448979591836736,713.0874,0.30143827199935913
1.0681179138321997,719.37714,0.25377336144447327
1.0913378684807256,593.2735,0.15766319632530212
1.1145578231292517,603.4972,0.12237422168254852
1.1377777777777778,265.26315,0.03714848309755325
1.1609977324263039,500.36102,0.04229896515607834
1.18421768707483,543.6055,0.053625982254743576
1.207437641723356,556.1745,0.07518254965543747
1.2306575963718822,498.0493,0.054226551204919815
1.253877551020408,283.95245,0.026081694290041924
1.2770975056689342,480.55322,0.010555101558566093
1.3003174603174603,294.4908,0.008617015555500984
1.3235374149659864,433.69565,0.007658612914383411
1.3467573696145125,456.9948,0.010562121868133545
1.3699773242630386,449.31226,0.01082663144916296
1.3931972789115648,420.84378,0.006403532810509205
1.4164172335600906,338.8584,0.0037589571438729763
1.4396371882086167,313.56018,0.0026754476130008698
1.4628571428571429,344.8905,0.002123342826962471
1.486077097505669,349.8149,0.0024560485035181046
1.509297052154195,366.35513,0.002331253606826067
1.5325170068027212,362.0318,0.002030550502240658
1.5557369614512473,355.26315,0.0019277838291600347
1.5789569160997732,296.58563,0.0013364535989239812
1.6021768707482993,251.79446,0.0004856783780269325
1.6253968253968254,334.63412,0.0007017048774287105
1.6486167800453515,350.69583,0.0014093371573835611
1.6718367346938776,366.92667,0.0020083340350538492
1.6950566893424037,371.17307,0.001922746654599905
1.7182766439909298,373.72882,0.002190164290368557
1.7414965986394557,333.41736,0.0014995975652709603
1.7647165532879818,163.16068,0.0004830899415537715
1.787936507936508,281.33972,0.00043554225703701377
1.811156462585034,334.81564,0.0006712378235533834
1.8343764172335602,365.39197,0.0013372157700359821
1.8575963718820863,362.4037,0.0014670087257400155
1.8808163265306124,376.35544,0.0014028060249984264
1.9040362811791383,363.89893,0.0012435833923518658
1.9272562358276644,289.3993,0.0008430462330579758
1.9504761904761905,243.4019,0.00042108813067898154
1.9736961451247166,341.6839,0.0006640449282713234
1.9969160997732427,332.47174,0.0009977895533666015
2.020136054421769,321.3951,0.0006211030995473266
2.043356009070295,156.9395,0.00023309614334721118
2.066575963718821,0.0,4.150658241997007e-06
2.089795918367347,0.0,1.527488166175317e-06
2.1130158730158732,0.0,4.292687663109973e-07
2.1362358276643993,0.0,1.0333224054193124e-07
2.159455782312925,0.0,8.447932486888021e-08
2.182675736961451,0.0,8.132974471664056e-08
2.2058956916099772,0.0,7.266044121934101e-08
2.2291156462585033,0.0,1.1617976269917563e-07
2.2523356009070294,0.0,8.667211659485474e-08
2.2755555555555556,0.0,7.339349394896999e-08
2.2987755102040817,0.0,1.0864641808439046e-07
2.3219954648526078,0.0,1.0371513781137764e-07
2.345215419501134,0.0,4.4413354771677405e-08
2.36843537414966,0.0,1.3949556887382641e-07
2.391655328798186,0.0,2.731121639953926e-07
2.414875283446712,0.0,3.056629793718457e-08
