0.0,0.0,1.0357143764849752e-07
0.023219954648526078,0.0,9.303130354965106e-08
0.046439909297052155,0.0,2.83896952169016e-07
0.06965986394557823,0.0,1.0615167411742732e-07
0.09287981859410431,0.0,1.374901330564171e-07
0.11609977324263039,0.0,2.6098041416844353e-07
0.13931972789115646,0.0,6.766276783309877e-08
0.16253968253968254,0.0,9.043560567079112e-08
0.18575963718820862,0.0,6.679601938230917e-08
0.2089795918367347,0.0,1.867820174084045e-07
0.23219954648526078,0.0,4.982211976312101e-08
0.25541950113378686,454.63916,3.3768748835427687e-05
0.2786394557823129,360.36774,0.00025058892788365483
0.301859410430839,359.51086,0.0004512350424192846
0.3250793650793651,367.3087,0.0007275688694790006
0.3482993197278912,359.63303,0.0007210075855255127
0.37151927437641724,357.99088,0.0007139579975046217
0.3947392290249433,374.7212,0.0012470216024667025
0.4179591836734694,450.7666,0.0028835295233875513
0.44117913832199546,455.92105,0.005077228415757418
0.46439909297052157,446.16614,0.005619910545647144
0.4876190476190476,427.282,0.0049721188843250275
0.5108390022675737,426.6293,0.004374452866613865
0.5340589569160998,451.84427,0.00577355595305562
0.5572789115646258,462.4172,0.006568653043359518
0.5804988662131519,318.57584,0.00310572050511837
0.603718820861678,541.76904,0.004919020924717188
0.626938775510204,531.59216,0.004702703095972538
0.6501587301587302,555.8823,0.011075005866587162
0.6733786848072563,601.3636,0.02615269646048546
0.6965986394557824,565.0948,0.026976514607667923
0.7198185941043084,604.1096,0.03442372381687164
0.7430385487528345,711.29034,0.05216831713914871
0.7662585034013606,677.7888,0.0634002611041069
0.7894784580498866,729.8395,0.08445288240909576
0.8126984126984127,724.0636,0.12765291333198547
0.8359183673469388,732.7794,0.1865307241678238
0.8591383219954649,733.1486,0.18477627635002136
0.8823582766439909,720.80237,0.13826635479927063
0.905578231292517,503.3747,0.08522765338420868
0.9287981859410431,528.93555,0.05687667429447174
0.9520181405895691,579.67645,0.055232614278793335
0.9752380952380952,374.6627,0.03923942893743515
0.9984580498866213,546.5205,0.01453070156276226
1.0216780045351475,217.67027,0.009422613307833672
1.0448979591836736,536.1702,0.008933178149163723
1.0681179138321997,517.953,0.0052859848365187645
1.0913378684807256,298.12793,0.004559805616736412
1.1145578231292517,489.48203,0.005619185045361519
1.1377777777777778,473.22433,0.005029506981372833
1.1609977324263039,464.90967,0.00488117802888155
1.18421768707483,467.72726,0.005740143358707428
1.207437641723356,456.75815,0.006703897845000029
1.2306575963718822,459.375,0.007140222936868668
1.253877551020408,447.03497,0.006579509470611811
1.2770975056689342,436.15384,0.003899384755641222
1.3003174603174603,410.23254,0.0037845720071345568
1.3235374149659864,391.48825,0.0029127788729965687
1.3467573696145125,367.5,0.003070465289056301
1.3699773242630386,372.25662,0.002380289835855365
1.3931972789115648,383.47827,0.001615786924958229
1.4164172335600906,374.12512,0.0013922990765422583
1.4396371882086167,372.1519,0.0016995397163555026
1.4628571428571429,358.71887,0.0014454587362706661
1.486077097505669,327.3595,0.0010119135258719325
1.509297052154195,328.22964,0.0005174078396521509
1.5325170068027212,337.32788,0.0006896506529301405
1.5557369614512473,356.41165,0.0009644575184211135
1.5789569160997732,376.32,0.0007575623458251357
1.6021768707482993,385.05392,0.0007475633174180984
1.6253968253968254,380.55838,0.000737608119379729
1.6486167800453515,342.03723,0.0005547589971683919
1.6718367346938776,331.74524,0.00036189431557431817
1.6950566893424037,273.3471,0.0005391025333665311
1.7182766439909298,281.78912,0.00041345704812556505
1.7414965986394557,91.63636,2.5305584131274372e-05
1.7647165532879818,0.0,2.188501639466267e-06
1.787936507936508,0.0,8.01532223704271e-07
1.811156462585034,0.0,6.504633347503841e-07
1.8343764172335602,0.0,2.9120556064299308e-06
1.8575963718820863,0.0,1.915952452691272e-06
1.8808163265306124,0.0,8.439747034572065e-07
1.9040362811791383,0.0,8.893921403796412e-07
1.9272562358276644,0.0,9.422383300261572e-07
1.9504761904761905,0.0,2.091540409310255e-06
1.9736961451247166,0.0,1.2267792044440284e-06
1.9969160997732427,0.0,1.3052667782176286e-06
2.020136054421769,0.0,1.135876118496526e-06
2.043356009070295,0.0,1.1771335266530514e-06
