0.0,0.0,3.092009137617424e-08
0.023219954648526078,0.0,1.2261807569302619e-08
0.046439909297052155,0.0,3.402328729862347e-08
0.06965986394557823,0.0,2.6738234737422317e-08
0.09287981859410431,0.0,3.3760443329811096e-08
0.11609977324263039,0.0,2.6312591216992587e-08
0.13931972789115646,0.0,1.3295903045218438e-08
0.16253968253968254,0.0,1.7773345462046564e-08
0.18575963718820862,0.0,3.744298737728968e-08
0.2089795918367347,0.0,3.2165607990464196e-06
0.23219954648526078,274.76636,3.140572152915411e-05
0.25541950113378686,301.0239,0.00014253685367293656
0.2786394557823129,327.74567,0.00026592478388920426
0.301859410430839,275.625,0.0003316271468065679
0.3250793650793651,278.52634,0.00034822060842998326
0.3482993197278912,304.46094,0.00031296725501306355
0.37151927437641724,262.5,0.0003972723498009145
0.3947392290249433,302.8326,0.0008580289431847632
0.4179591836734694,285.18518,0.0016862609190866351
0.44117913832199546,326.66666,0.0018466019537299871
0.46439909297052157,318.57584,0.0014907489530742168
0.4876190476190476,314.51862,0.0014823086094111204
0.5108390022675737,326.66666,0.0018954030238091946
0.5340589569160998,344.3519,0.0020395724568516016
0.5572789115646258,370.9779,0.0017671477980911732
0.5804988662131519,385.44986,0.0016734844539314508
0.603718820861678,391.28394,0.001988025614991784
0.626938775510204,394.57895,0.0022653525229543447
0.6501587301587302,381.81818,0.0015884871827438474
0.6733786848072563,381.72098,0.0011564029846340418
0.6965986394557824,381.33267,0.0010190182365477085
0.7198185941043084,478.60464,0.0014324116054922342
0.7430385487528345,538.9002,0.0017894943011924624
0.7662585034013606,460.63773,0.0022653911728411913
0.7894784580498866,521.491,0.0031822803430259228
0.8126984126984127,500.61917,0.0042021991685032845
0.8359183673469388,503.7383,0.0052487412467598915
0.8591383219954649,497.28345,0.004435832612216473
0.8823582766439909,503.4769,0.004017608240246773
0.905578231292517,490.2724,0.0035783546045422554
0.9287981859410431,408.96445,0.0025614965707063675
0.9520181405895691,387.44186,0.0019092359580099583
0.9752380952380952,390.6722,0.0018591710831969976
0.9984580498866213,388.24445,0.0017020308878272772
1.0216780045351475,376.32,0.0015894031384959817
1.0448979591836736,373.33334,0.001967852469533682
1.0681179138321997,336.12805,0.002176400274038315
1.0913378684807256,310.39523,0.0028013575356453657
1.1145578231292517,305.75998,0.002836220897734165
1.1377777777777778,323.5849,0.001955983228981495
1.1609977324263039,318.7403,0.001746192341670394
1.18421768707483,334.99728,0.0012722827959805727
1.207437641723356,325.46124,0.0008076108642853796
1.2306575963718822,338.1902,0.000735518813598901
1.253877551020408,326.66666,0.0010898703476414084
1.2770975056689342,286.5704,0.0021626814268529415
1.3003174603174603,178.6329,0.0008695267606526613
1.3235374149659864,243.51186,0.000825233873911202
1.3467573696145125,250.05156,0.0012176624732092023
1.3699773242630386,260.10724,0.001621562521904707
1.3931972789115648,280.59384,0.0012625829549506307
1.4164172335600906,276.489,0.0008922424167394638
1.4396371882086167,273.065,0.0007660590345039964
1.4628571428571429,271.94244,0.0007046284154057503
1.486077097505669,271.2455,0.0006893291138112545
1.509297052154195,270.69052,0.0006272285827435553
1.5325170068027212,270.96774,0.0006951512768864632
1.5557369614512473,271.80276,0.0007131659658625722
1.5789569160997732,254.9133,0.000668736407533288
1.6021768707482993,254.11209,0.0006422263104468584
1.6253968253968254,259.1346,0.0006578974425792694
1.6486167800453515,278.08725,0.0005221273750066757
1.6718367346938776,274.48132,0.00038817402673885226
1.6950566893424037,272.5281,0.0004465088713914156
1.7182766439909298,265.51724,0.0003622056101448834
1.7414965986394557,253.1837,0.0002928805770352483
1.7647165532879818,253.7134,0.00021717860363423824
1.787936507936508,259.96783,0.0001485871762270108
1.811156462585034,285.1293,0.00014805968385189772
1.8343764172335602,282.08957,0.00016156263882294297
1.8575963718820863,270.0,0.00016174340271390975
1.8808163265306124,0.0,4.060272658534814e-06
1.9040362811791383,0.0,6.958871381357312e-07
1.9272562358276644,0.0,2.2344374883687124e-07
1.9504761904761905,0.0,1.7779620975488797e-07
1.9736961451247166,0.0,1.9854451238643378e-07
1.9969160997732427,0.0,9.6500116342213e-08
2.020136054421769,0.0,5.472156772157177e-07
2.043356009070295,0.0,6.471846063504927e-07
2.066575963718821,0.0,2.0202696759952232e-07
2.089795918367347,0.0,3.8891812437213957e-07
2.1130158730158732,0.0,5.756555765401572e-07
2.1362358276643993,0.0,1.921835064422339e-06
2.159455782312925,0.0,5.97276994085405e-07
2.182675736961451,0.0,2.803462848532945e-07
2.2058956916099772,0.0,3.9754922909196466e-08
2.2291156462585033,0.0,1.9324033928569406e-07
2.2523356009070294,0.0,1.1550946510396898e-07
2.2755555555555556,0.0,6.180562195368111e-08
2.2987755102040817,0.0,1.5490513760596514e-08
