0.0,0.0,5.057972884969786e-08
0.023219954648526078,0.0,6.761001714039594e-08
0.046439909297052155,0.0,9.217819751938805e-08
0.06965986394557823,0.0,3.691093297675252e-08
0.09287981859410431,0.0,3.9692167774774134e-08
0.11609977324263039,0.0,3.6148776416666806e-08
0.13931972789115646,0.0,3.0508090276271105e-08
0.16253968253968254,0.0,3.223431122023612e-08
0.18575963718820862,0.0,2.915567165473476e-08
0.2089795918367347,0.0,1.9927028915844858e-08
0.23219954648526078,0.0,3.832337824860588e-08
0.25541950113378686,0.0,7.347443897742778e-08
0.2786394557823129,0.0,4.2516148823779076e-08
0.301859410430839,0.0,6.176196620799601e-08
0.3250793650793651,0.0,5.532538125407882e-06
0.3482993197278912,250.56818,3.450781150604598e-05
0.37151927437641724,264.46777,0.0001040489150909707
0.3947392290249433,261.29034,0.0001838505850173533
0.4179591836734694,269.05157,0.00020572486391756684
0.44117913832199546,267.11084,0.0002340282080695033
0.46439909297052157,222.22844,0.0003477422578725964
0.4876190476190476,289.85916,0.0006907320348545909
0.5108390022675737,351.3944,0.0012754390481859446
0.5340589569160998,335.17917,0.002112467074766755
0.5572789115646258,452.77206,0.002481879200786352
0.5804988662131519,521.3326,0.0022428957745432854
0.603718820861678,353.6842,0.0016929155681282282
0.626938775510204,305.03952,0.0010185928549617529
0.6501587301587302,360.7362,0.0023413323797285557
0.6733786848072563,402.23883,0.0047861123457551
0.6965986394557824,404.15094,0.006989925634115934
0.7198185941043084,387.44186,0.0060979099944233894
0.7430385487528345,366.54544,0.00421493873000145
0.7662585034013606,356.28366,0.0016319514252245426
0.7894784580498866,114.783966,0.0006118194432929158
0.8126984126984127,229.3462,0.0009607013780623674
0.8359183673469388,491.21286,0.001870464300736785
0.8591383219954649,494.7476,0.0029430724680423737
0.8823582766439909,561.3544,0.0046090935356915
0.905578231292517,627.12036,0.006904736161231995
0.9287981859410431,866.0121,0.007477732840925455
0.9520181405895691,1013.2867,0.008125347085297108
0.9752380952380952,1016.8421,0.0074571892619132996
0.9984580498866213,746.5538,0.008345125243067741
1.0216780045351475,643.27386,0.006852405145764351
1.0448979591836736,467.9636,0.0046995761804282665
1.0681179138321997,398.19412,0.004584844224154949
1.0913378684807256,380.17242,0.004154928494244814
1.1145578231292517,370.0395,0.003903700038790703
1.1377777777777778,336.0,0.002047667745500803
1.1609977324263039,306.51608,0.0012467411579564214
1.18421768707483,304.7847,0.0012394585646688938
1.207437641723356,339.23077,0.0015591585543006659
1.2306575963718822,342.7461,0.001618729904294014
1.253877551020408,314.6789,0.001239013858139515
1.2770975056689342,340.1653,0.0011802411172538996
1.3003174603174603,327.0127,0.0010636646766215563
1.3235374149659864,350.79544,0.0012862059520557523
1.3467573696145125,282.08957,0.001649125013500452
1.3699773242630386,232.24107,0.0010530590079724789
1.3931972789115648,228.26088,0.0008148809429258108
1.4164172335600906,255.35611,0.0008307552780024707
1.4396371882086167,279.55627,0.0008643792243674397
1.4628571428571429,278.23343,0.0007738876156508923
1.486077097505669,275.31213,0.0008203089237213135
1.509297052154195,271.91702,0.0008704458014108241
1.5325170068027212,269.35034,0.0008500399417243898
1.5557369614512473,266.8317,0.0007349132793024182
1.5789569160997732,265.08197,0.000552539131604135
1.6021768707482993,265.80823,0.00047418390749953687
1.6253968253968254,246.09375,0.00042905908776447177
1.6486167800453515,252.2621,0.0004377606092020869
1.6718367346938776,259.41177,0.00047479732893407345
1.6950566893424037,284.2105,0.0005455518839880824
1.7182766439909298,280.89172,0.0006309430464170873
1.7414965986394557,254.9133,0.0004542189999483526
1.7647165532879818,208.89473,0.0003724797861650586
1.787936507936508,240.98361,0.00039145772461779416
1.811156462585034,251.56874,0.00036190374521538615
1.8343764172335602,262.15323,0.00018035032553598285
1.8575963718820863,267.6783,3.232086601201445e-05
1.8808163265306124,0.0,2.4250975911854766e-06
1.9040362811791383,0.0,2.9306374926818535e-07
1.9272562358276644,0.0,2.4354085326194763e-07
1.9504761904761905,0.0,4.325556801632047e-08
1.9736961451247166,0.0,1.1413521860959008e-07
1.9969160997732427,0.0,8.44966052682139e-08
2.020136054421769,0.0,1.3719727576244622e-07
2.043356009070295,0.0,2.5117697077803314e-07
2.066575963718821,0.0,1.624994183657691e-07
2.089795918367347,0.0,3.353761712787673e-08
2.1130158730158732,0.0,3.195327735738829e-08
2.1362358276643993,0.0,3.5114680940750986e-08
2.159455782312925,0.0,1.4782017387915403e-08
2.182675736961451,0.0,4.1120983951259404e-08
2.2058956916099772,0.0,1.4704710338264704e-08
2.2291156462585033,0.0,2.5322151486761868e-08
2.2523356009070294,0.0,2.2028871171642095e-08
