0.0,0.0,1.0519852366996929e-07
0.023219954648526078,0.0,7.24994606571272e-08
0.046439909297052155,0.0,3.0944829632062465e-07
0.06965986394557823,0.0,6.521013347082771e-07
0.09287981859410431,0.0,8.655279088998213e-07
0.11609977324263039,0.0,3.623154043452814e-07
0.13931972789115646,0.0,1.565658749314025e-07
0.16253968253968254,0.0,1.0905569070018828e-07
0.18575963718820862,0.0,1.902826625155285e-07
0.2089795918367347,0.0,3.103141352767125e-07
0.23219954648526078,0.0,4.533309947873931e-06
0.25541950113378686,254.42308,0.00011306686064926907
0.2786394557823129,260.68964,0.00037910661194473505
0.301859410430839,264.66617,0.0006193435983732343
0.3250793650793651,264.2157,0.000907615409232676
0.3482993197278912,242.4409,0.000684926868416369
0.37151927437641724,99.2126,0.001183777116239071
0.3947392290249433,304.13794,0.002677940297871828
0.4179591836734694,307.39948,0.002686949446797371
0.44117913832199546,311.2378,0.0028036748990416527
0.46439909297052157,311.34647,0.002918050391599536
0.4876190476190476,322.2338,0.0036340251099318266
0.5108390022675737,318.41156,0.0035905889235436916
0.5340589569160998,308.0326,0.002643776359036565
0.5572789115646258,293.39816,0.001623928314074874
0.5804988662131519,337.57828,0.001957998611032963
0.603718820861678,343.63638,0.001764677930623293
0.626938775510204,342.21417,0.001778444740921259
0.6501587301587302,339.92804,0.0019419001182541251
0.6733786848072563,343.45795,0.0019513617735356092
0.6965986394557824,369.8113,0.002661635633558035
0.7198185941043084,366.92667,0.00221296027302742
0.7430385487528345,382.64642,0.0031355004757642746
0.7662585034013606,369.23077,0.003959585912525654
0.7894784580498866,357.18143,0.003027423284947872
0.8126984126984127,352.23642,0.0038568100426346064
0.8359183673469388,372.9387,0.003806942142546177
0.8591383219954649,366.35513,0.002634777221828699
0.8823582766439909,397.08685,0.00222576642408967
0.905578231292517,400.69482,0.0019160122610628605
0.9287981859410431,412.57797,0.002122991718351841
0.9520181405895691,405.0,0.0020178176928311586
0.9752380952380952,424.492,0.002150287851691246
0.9984580498866213,439.38123,0.0016226141015067697
1.0216780045351475,445.21783,0.0022037960588932037
1.0448979591836736,462.7492,0.002547425916418433
1.0681179138321997,453.2374,0.0026031616143882275
1.0913378684807256,444.2736,0.0023231827653944492
1.1145578231292517,444.9814,0.002746857702732086
1.1377777777777778,459.375,0.003231422044336796
1.1609977324263039,512.33246,0.005020423326641321
1.18421768707483,473.70844,0.007216714322566986
1.207437641723356,512.5198,0.007969271391630173
1.2306575963718822,499.33093,0.006918335799127817
1.253877551020408,511.70886,0.008053801953792572
1.2770975056689342,526.08923,0.00967391300946474
1.3003174603174603,498.0493,0.03019709140062332
1.3235374149659864,557.6141,0.03675564378499985
1.3467573696145125,460.28827,0.019694648683071136
1.3699773242630386,532.93054,0.015426799654960632
1.3931972789115648,565.38464,0.022485028952360153
1.4164172335600906,576.96246,0.03543709218502045
1.4396371882086167,593.8653,0.04037836939096451
1.4628571428571429,620.47943,0.03650471940636635
1.486077097505669,624.2669,0.05134711414575577
1.509297052154195,610.3806,0.054588135331869125
1.5325170068027212,579.67645,0.03483649343252182
1.5557369614512473,582.32605,0.03874737396836281
1.5789569160997732,590.72644,0.044351041316986084
1.6021768707482993,569.17914,0.04745877534151077
1.6253968253968254,418.3225,0.02375248447060585
1.6486167800453515,242.18672,0.007663995027542114
1.6718367346938776,519.84283,0.007085413206368685
1.6950566893424037,520.4207,0.007710358127951622
1.7182766439909298,520.9553,0.006914086174219847
1.7414965986394557,514.8731,0.004643727093935013
1.7647165532879818,469.86304,0.00543175358325243
1.787936507936508,507.4268,0.0056561678647994995
1.811156462585034,494.7476,0.004230797756463289
1.8343764172335602,487.6777,0.003992117941379547
1.8575963718820863,482.59512,0.003315745620056987
1.8808163265306124,345.0704,0.0020966436713933945
1.9040362811791383,411.50858,0.0029957816004753113
1.9272562358276644,448.3986,0.002021736465394497
1.9504761904761905,446.80853,0.002028003567829728
1.9736961451247166,446.58228,0.001985533395782113
1.9969160997732427,428.59335,0.0022227209992706776
2.020136054421769,422.6837,0.003770249430090189
2.043356009070295,403.76398,0.003962818533182144
2.066575963718821,393.13058,0.0057082949206233025
2.089795918367347,391.28394,0.006161696743220091
2.1130158730158732,390.26547,0.005852402653545141
2.1362358276643993,386.2442,0.0052867792546749115
2.159455782312925,385.64813,0.0048479922115802765
2.182675736961451,359.1205,0.003788215573877096
2.2058956916099772,357.4468,0.0035509602166712284
2.2291156462585033,352.8,0.0037862297613173723
2.2523356009070294,351.04477,0.0033305510878562927
2.2755555555555556,343.63638,0.0021124575287103653
2.2987755102040817,342.03723,0.00271392147988081
2.3219954648526078,323.7546,0.001902025192975998
2.345215419501134,333.92227,0.0016977644991129637
2.36843537414966,345.79196,0.0018291982123628259
2.391655328798186,331.40097,0.0015224887756630778
2.414875283446712,322.90796,0.0011826948029920459
2.4380952380952383,278.52634,0.002377778757363558
2.4613151927437644,299.06104,0.0028554918244481087
2.48453514739229,292.6991,0.0042107184417545795
2.507755102040816,297.81818,0.0043249586597085
2.5309750566893423,304.29935,0.0033835871145129204
2.5541950113378684,288.39236,0.003970969468355179
2.5774149659863945,293.3481,0.005224402062594891
2.6006349206349206,208.78484,0.0025934060104191303
2.6238548752834467,133.43419,0.0009566902881488204
2.647074829931973,224.88525,0.0009758630767464638
2.670294784580499,253.01204,0.0009293556795455515
2.693514739229025,210.22246,0.0017726677469909191
2.716734693877551,438.1831,0.003155266400426626
2.7399546485260773,351.2195,0.001969490200281143
2.7631746031746034,179.35944,0.0006012445082888007
2.7863945578231295,248.3871,0.0007830096874386072
2.809614512471655,251.28206,0.0008599762804806232
2.8328344671201813,257.0747,0.0007829754613339901
2.8560544217687074,272.5281,0.0009013863746076822
2.8792743764172335,299.1859,0.002080722013488412
2.9024943310657596,280.72916,0.002373497234657407
2.9257142857142857,288.70703,0.0025320439599454403
2.948934240362812,183.27272,0.0009819210972636938
2.972154195011338,155.12563,0.0005069649778306484
2.995374149659864,250.42589,0.0005754474550485611
3.01859410430839,273.48837,0.0006903464673087001
3.0418140589569163,273.29578,0.0010548979043960571
3.0650340136054424,279.46768,0.00016278964176308364
3.0882539682539685,0.0,1.3851322364644147e-06
3.1114739229024946,0.0,3.1922809284878895e-07
3.1346938775510207,0.0,2.341221261303872e-07
3.1579138321995464,0.0,9.506493370281532e-08
3.1811337868480725,0.0,1.4142278814688325e-07
3.2043537414965986,0.0,2.564156602602452e-07
3.2275736961451247,0.0,3.013537934748456e-07
3.250793650793651,0.0,2.744800440268591e-07
3.274013605442177,0.0,1.690368662821129e-07
3.297233560090703,0.0,2.614915501908399e-07
3.320453514739229,0.0,4.5998422137927264e-07
3.3436734693877552,0.0,4.7314006224041805e-07
3.3668934240362813,0.0,6.139835022622719e-07
3.3901133786848074,0.0,2.9728016670560464e-07
3.4133333333333336,0.0,3.6877099773846567e-07
3.4365532879818597,0.0,4.3753516365541145e-07
3.4597732426303858,0.0,3.909808583557606e-07
3.4829931972789114,0.0,9.466111805522814e-08
3.5062131519274375,0.0,2.3400025384034961e-07
3.5294331065759637,0.0,2.6060752134071663e-07
3.5526530612244898,0.0,3.165023372275755e-07
3.575873015873016,0.0,3.9805308915674686e-07
3.599092970521542,0.0,1.7122965800808743e-07
3.622312925170068,0.0,1.5837395039852709e-07
3.645532879818594,0.0,2.2949734557187185e-07
3.6687528344671203,0.0,2.4235487217083573e-07
3.6919727891156464,0.0,1.506732587586157e-07
3.7151927437641725,0.0,3.515697244438343e-07
