0.0,0.0,3.497916623018682e-08
0.023219954648526078,0.0,3.2676325645297766e-08
0.046439909297052155,0.0,4.20350261265412e-08
0.06965986394557823,0.0,5.0038579502142966e-08
0.09287981859410431,0.0,2.031265466939658e-08
0.11609977324263039,0.0,2.7747773856390268e-08
0.13931972789115646,0.0,2.032174961641431e-08
0.16253968253968254,0.0,1.5676141629228368e-07
0.18575963718820862,0.0,1.663656803430058e-07
0.2089795918367347,0.0,4.685989551944658e-08
0.23219954648526078,0.0,2.939123078249395e-08
0.25541950113378686,0.0,2.0521201804513112e-07
0.2786394557823129,369.03766,5.496907397173345e-05
0.301859410430839,280.0,0.00015527373761869967
0.3250793650793651,269.4501,0.0001778969308361411
0.3482993197278912,269.06653,0.0002196597051806748
0.37151927437641724,269.6498,0.0003131172270514071
0.3947392290249433,286.6739,0.0002907276211772114
0.4179591836734694,278.67297,0.00026225013425573707
0.44117913832199546,273.3471,0.00028532237047329545
0.46439909297052157,271.15707,0.0003075724234804511
0.4876190476190476,242.70776,0.00040782958967611194
0.5108390022675737,308.8901,0.0005502786953002214
0.5340589569160998,317.4293,0.0006542053306475282
0.5572789115646258,343.10165,0.0005305178929120302
0.5804988662131519,330.86816,0.0005906280130147934
0.603718820861678,339.0445,0.000922035425901413
0.626938775510204,345.6113,0.0011005105916410685
0.6501587301587302,350.92838,0.0010574135230854154
0.6733786848072563,355.45407,0.000896342855412513
0.6965986394557824,393.16495,0.0016087947878986597
0.7198185941043084,389.80554,0.0028283540159463882
0.7430385487528345,419.113,0.0029841375071555376
0.7662585034013606,407.2858,0.0035151613410562277
0.7894784580498866,411.9469,0.003976746462285519
0.8126984126984127,411.08234,0.004405377432703972
0.8359183673469388,412.3524,0.004958148114383221
0.8591383219954649,407.49487,0.0061235325410962105
0.8823582766439909,392.5131,0.005379213951528072
0.905578231292517,386.2442,0.005906426813453436
0.9287981859410431,283.82944,0.0025646649301052094
0.9520181405895691,301.4354,0.00511689530685544
0.9752380952380952,529.981,0.007355132140219212
0.9984580498866213,543.0477,0.007924692705273628
1.0216780045351475,533.4678,0.008343765512108803
1.0448979591836736,526.63556,0.009656603448092937
1.0681179138321997,525.81647,0.009692877531051636
1.0913378684807256,528.8321,0.009016506373882294
1.1145578231292517,528.8321,0.007760867476463318
1.1377777777777778,511.65747,0.005313042551279068
1.1609977324263039,221.60805,0.002905558794736862
1.18421768707483,425.74417,0.007368843536823988
1.207437641723356,406.65985,0.006248530000448227
1.2306575963718822,408.33334,0.0052437856793403625
1.253877551020408,409.59753,0.0052810171619057655
1.2770975056689342,405.0243,0.006291331723332405
1.3003174603174603,398.69412,0.005827983841300011
1.3235374149659864,395.91025,0.005739483051002026
1.3467573696145125,398.3528,0.006231164559721947
1.3699773242630386,396.4569,0.006555243395268917
1.3931972789115648,378.06354,0.004308576695621014
1.4164172335600906,229.09091,0.0016940529458224773
1.4396371882086167,189.67741,0.001031904248520732
1.4628571428571429,335.3612,0.0008794329478405416
1.486077097505669,341.33127,0.000934563810005784
1.509297052154195,345.25052,0.0008365538669750094
1.5325170068027212,348.34125,0.0006675741169601679
1.5557369614512473,332.114,0.0006228192942216992
1.5789569160997732,336.82486,0.0006719176308251917
1.6021768707482993,342.5686,0.0006514720153063536
1.6253968253968254,327.0127,0.00046580604976043105
1.6486167800453515,308.5576,0.00044981439714320004
1.6718367346938776,230.04695,0.0002141543518519029
1.6950566893424037,215.00542,0.00017296976875513792
1.7182766439909298,263.4981,0.00022750299831386656
1.7414965986394557,270.10022,0.0002379701763857156
1.7647165532879818,272.64297,0.00023603791487403214
1.787936507936508,275.76862,0.00025434818235225976
1.811156462585034,253.59402,0.00023769114341121167
1.8343764172335602,253.59402,0.00026956567307934165
1.8575963718820863,258.4443,0.0003134134749416262
1.8808163265306124,260.94675,0.00027536062407307327
1.9040362811791383,248.76924,0.0002283225185237825
1.9272562358276644,249.40875,0.0002072499628411606
1.9504761904761905,252.2621,0.0001829918473958969
1.9736961451247166,280.44516,0.00021310747251845896
1.9969160997732427,284.36325,0.00028917184681631625
2.020136054421769,298.9051,0.0002898158272728324
2.043356009070295,285.8995,0.0002814648032654077
2.066575963718821,273.75845,0.000283123052213341
2.089795918367347,267.42007,0.000268345873337239
2.1130158730158732,265.51724,0.0002366740081924945
2.1362358276643993,269.79977,0.00022934464504942298
2.159455782312925,272.9882,0.00021994266717229038
2.182675736961451,270.85428,0.00021687164553441107
2.2058956916099772,268.30753,0.00021348266454879194
2.2291156462585033,290.92908,0.0002692130801733583
2.2523356009070294,283.29764,0.00023690251691732556
2.2755555555555556,274.5331,0.00028685471625067294
2.2987755102040817,284.05798,0.0002671050315257162
2.3219954648526078,255.18149,0.00021998457668814808
2.345215419501134,252.65625,0.00017099163960665464
2.36843537414966,257.4841,0.00019527865515556186
2.391655328798186,262.5,0.00021124113118276
2.414875283446712,282.3906,0.00021244664094410837
2.4380952380952383,277.7953,0.00020633265376091003
2.4613151927437644,295.97314,0.00021339869999792427
2.48453514739229,284.8224,0.00019704661099240184
2.507755102040816,275.9124,0.00019121685181744397
2.5309750566893423,248.59076,0.00014407843991648406
2.5541950113378684,253.44827,0.00016952893929556012
2.5774149659863945,259.2731,0.00017260084860026836
2.6006349206349206,260.80646,0.0001060918002622202
2.6238548752834467,269.176,6.579510227311403e-05
2.647074829931973,0.0,4.470549356483389e-06
2.670294784580499,0.0,8.176148185157217e-07
2.693514739229025,0.0,3.409131750231609e-07
2.716734693877551,0.0,9.951236279448494e-08
2.7399546485260773,0.0,1.48929757415317e-07
2.7631746031746034,0.0,5.378933565225452e-08
2.7863945578231295,0.0,1.152702679974027e-07
2.809614512471655,0.0,6.252957973629236e-08
2.8328344671201813,0.0,5.40521796210669e-08
2.8560544217687074,0.0,3.615696186898276e-08
2.8792743764172335,0.0,2.5006556825246662e-08
2.9024943310657596,0.0,4.741468728752807e-08
2.9257142857142857,0.0,1.0937583283521235e-08
