0.0,0.0,6.400841812137514e-08
0.023219954648526078,0.0,7.981088856467977e-08
0.046439909297052155,0.0,2.569595380919054e-08
0.06965986394557823,0.0,6.190111889736727e-08
0.09287981859410431,0.0,8.820188668323681e-08
0.11609977324263039,722.9508,2.0703062546090223e-05
0.13931972789115646,366.62708,0.000883011962287128
0.16253968253968254,378.74396,0.001303714932873845
0.18575963718820862,371.564,0.0014944570139050484
0.2089795918367347,374.6627,0.0015987218357622623
0.23219954648526078,370.9779,0.0017113247886300087
0.25541950113378686,372.74167,0.0017425217665731907
0.2786394557823129,379.59494,0.001774848555214703
0.301859410430839,372.5449,0.0019149871077388525
0.3250793650793651,374.12512,0.0022748340852558613
0.3482993197278912,368.0751,0.0020874179899692535
0.37151927437641724,417.35016,0.0037801088765263557
0.3947392290249433,479.34784,0.009373755194246769
0.4179591836734694,480.5916,0.008235367015004158
0.44117913832199546,481.7279,0.007599635515362024
0.46439909297052157,481.0909,0.011452398262917995
0.4876190476190476,464.94467,0.01574285700917244
0.5108390022675737,463.97794,0.015036307275295258
0.5340589569160998,468.6741,0.013044474646449089
0.5572789115646258,473.70844,0.009112668223679066
0.5804988662131519,384.46155,0.006347157061100006
0.603718820861678,544.44446,0.018406737595796585
0.626938775510204,560.733,0.04375199228525162
0.6501587301587302,551.53723,0.06279543787240982
0.6733786848072563,552.63153,0.07627493143081665
0.6965986394557824,552.0781,0.08055467158555984
0.7198185941043084,555.97577,0.0799628347158432
0.7430385487528345,546.6942,0.09106579422950745
0.7662585034013606,553.46387,0.0914824903011322
0.7894784580498866,376.54446,0.04055740311741829
0.8126984126984127,266.06335,0.029290620237588882
0.8359183673469388,694.48816,0.05035082623362541
0.8591383219954649,705.7821,0.05695789307355881
0.8823582766439909,726.92303,0.05831640213727951
0.905578231292517,729.8395,0.09127722680568695
0.9287981859410431,715.61865,0.11371570825576782
0.9520181405895691,718.5336,0.09845875203609467
0.9752380952380952,723.66986,0.06252635270357132
0.9984580498866213,732.7794,0.06538155674934387
1.0216780045351475,617.09143,0.09375263750553131
1.0448979591836736,520.354,0.048124756664037704
1.0681179138321997,570.35693,0.04550760239362717
1.0913378684807256,564.8053,0.0602589026093483
1.1145578231292517,569.17914,0.05845168977975845
1.1377777777777778,585.8967,0.049594730138778687
1.1609977324263039,577.9234,0.046857114881277084
1.18421768707483,548.3938,0.050726328045129776
1.207437641723356,550.14966,0.04782269522547722
1.2306575963718822,545.567,0.062564417719841
1.253877551020408,482.92682,0.04702425003051758
1.2770975056689342,221.38554,0.009268390946090221
1.3003174603174603,206.28899,0.008790427818894386
1.3235374149659864,459.375,0.010931016877293587
1.3467573696145125,458.897,0.011274821124970913
1.3699773242630386,461.20517,0.009580641053617
1.3931972789115648,466.3142,0.009572313167154789
1.4164172335600906,456.75815,0.011058328673243523
1.4396371882086167,456.28555,0.011335182003676891
1.4628571428571429,448.62665,0.010894153267145157
1.486077097505669,458.41998,0.009833174757659435
1.509297052154195,268.76587,0.004184451885521412
1.5325170068027212,304.13794,0.0014509076718240976
1.5557369614512473,280.89172,0.000955027702730149
1.5789569160997732,371.9775,0.0018224971136078238
1.6021768707482993,357.18143,0.0016185720451176167
1.6253968253968254,373.92688,0.0016663018614053726
1.6486167800453515,383.08636,0.0018187165260314941
1.6718367346938776,369.42407,0.0018586147343739867
1.6950566893424037,291.31097,0.0013501966604962945
1.7182766439909298,346.51648,0.001355864224024117
1.7414965986394557,337.32788,0.0012192352442070842
1.7647165532879818,352.9765,0.0016320690046995878
1.787936507936508,355.8245,0.001532615628093481
1.811156462585034,382.30493,0.0011697520967572927
1.8343764172335602,377.7302,0.0008730832487344742
1.8575963718820863,374.12512,0.0009216516045853496
1.8808163265306124,357.628,0.001257996540516615
1.9040362811791383,346.8799,0.0010462085483595729
1.9272562358276644,338.0174,0.0008135130628943443
1.9504761904761905,343.27972,0.0009532187250442803
1.9736961451247166,351.11465,0.0013601550599560142
1.9969160997732427,353.6842,0.0012342189438641071
2.020136054421769,377.30246,0.0010496769100427628
2.043356009070295,374.3236,0.0008803660748526454
2.066575963718821,372.3483,0.000982211553491652
2.089795918367347,357.99088,0.0009366250014863908
2.1130158730158732,339.79083,0.0007011901470832527
2.1362358276643993,334.45285,0.0007770935189910233
2.159455782312925,364.27466,0.0010395051212981343
2.182675736961451,248.89687,0.000492914579808712
2.2058956916099772,185.09969,3.94568414776586e-05
2.2291156462585033,0.0,2.2926096789888106e-06
2.2523356009070294,0.0,9.239392966264859e-07
2.2755555555555556,0.0,1.5076238923938945e-07
2.2987755102040817,0.0,1.044691089191474e-07
2.3219954648526078,0.0,3.901732270605862e-08
2.345215419501134,0.0,6.735535862389952e-08
2.36843537414966,0.0,9.617997420718893e-08
2.391655328798186,0.0,4.617868398781866e-08
2.414875283446712,0.0,2.2399035515263677e-08
2.4380952380952383,0.0,4.4851731217931956e-08
2.4613151927437644,0.0,8.638835424790159e-08
2.48453514739229,0.0,1.7529146134620532e-07
2.507755102040816,0.0,9.507039067102596e-08
2.5309750566893423,0.0,6.665959517704323e-08
2.5541950113378684,0.0,4.143112164456397e-08
2.5774149659863945,0.0,2.2146195988170803e-08
2.6006349206349206,0.0,6.641130312345922e-09
