0.0,0.0,2.0268089429009706e-08
0.023219954648526078,0.0,1.8693754100240767e-08
0.046439909297052155,0.0,1.5617843018844724e-08
0.06965986394557823,0.0,1.0082658263854682e-08
0.09287981859410431,0.0,3.033619577763602e-08
0.11609977324263039,0.0,5.101446731714532e-08
0.13931972789115646,0.0,8.934239303926006e-08
0.16253968253968254,0.0,6.020491127856076e-08
0.18575963718820862,0.0,1.2528289516922086e-07
0.2089795918367347,0.0,9.911818779073656e-07
0.23219954648526078,311.66077,0.00022763975721318275
0.25541950113378686,278.23343,0.0003844680031761527
0.2786394557823129,293.5108,0.0004961944650858641
0.301859410430839,282.69232,0.0004503389063756913
0.3250793650793651,295.3125,0.0005774041637778282
0.3482993197278912,282.84338,0.0005706802476197481
0.37151927437641724,271.15707,0.0005627269856631756
0.3947392290249433,266.24588,0.0005796340410597622
0.4179591836734694,281.93927,0.0006880596047267318
0.44117913832199546,301.10297,0.0007822815096005797
0.46439909297052157,352.17392,0.0012711691670119762
0.4876190476190476,350.55643,0.001344677759334445
0.5108390022675737,352.42407,0.0013623408740386367
0.5340589569160998,352.98825,0.0016021144110709429
0.5572789115646258,350.0,0.0017736312001943588
0.5804988662131519,343.45795,0.0019400273449718952
0.603718820861678,347.24408,0.0022033194545656443
0.626938775510204,349.0765,0.00218287855386734
0.6501587301587302,359.08398,0.002228759229183197
0.6733786848072563,378.8277,0.0015503403265029192
0.6965986394557824,412.14954,0.002634802833199501
0.7198185941043084,422.00958,0.003737472929060459
0.7430385487528345,414.30063,0.0038568482268601656
0.7662585034013606,415.3846,0.004429650492966175
0.7894784580498866,404.58716,0.005071328021585941
0.8126984126984127,417.13086,0.00626012496650219
0.8359183673469388,413.2223,0.005673546344041824
0.8591383219954649,417.90524,0.0037982396315783262
0.8823582766439909,434.14508,0.004309890791773796
0.905578231292517,579.416,0.017062250524759293
0.9287981859410431,570.13574,0.025685716420412064
0.9520181405895691,572.44135,0.02696424163877964
0.9752380952380952,572.7273,0.04317223280668259
0.9984580498866213,544.7246,0.03999777138233185
1.0216780045351475,529.4647,0.04643414169549942
1.0448979591836736,528.14374,0.053720518946647644
1.0681179138321997,533.199,0.0469881147146225
1.0913378684807256,545.567,0.03409283608198166
1.1145578231292517,422.11588,0.014568137936294079
1.1377777777777778,182.60869,0.005933037959039211
1.1609977324263039,427.282,0.004864318296313286
1.18421768707483,415.60208,0.004942338448017836
1.207437641723356,413.2223,0.004368760623037815
1.2306575963718822,420.42148,0.004419664852321148
1.253877551020408,430.57556,0.004673799034208059
1.2770975056689342,415.8198,0.004728186875581741
1.3003174603174603,422.32864,0.004509616643190384
1.3235374149659864,410.657,0.004693523980677128
1.3467573696145125,404.58716,0.004188727121800184
1.3699773242630386,297.35477,0.0028977005276829004
1.3931972789115648,295.21112,0.003118402324616909
1.4164172335600906,350.18527,0.002229713834822178
1.4396371882086167,364.83972,0.0022041439078748226
1.4628571428571429,363.14978,0.0019773095846176147
1.486077097505669,360.18378,0.0018120097229257226
1.509297052154195,358.14835,0.0017966608284041286
1.5325170068027212,351.11465,0.0017348702531307936
1.5557369614512473,350.18527,0.0016563318204134703
1.5789569160997732,356.6038,0.0014665891649201512
1.6021768707482993,326.1092,0.0008305299561470747
1.6253968253968254,305.71924,0.00047189879114739597
1.6486167800453515,278.9668,0.000423962454078719
1.6718367346938776,266.53845,0.0005698859458789229
1.6950566893424037,272.22223,0.000683087797369808
1.7182766439909298,286.6739,0.0006003404851071537
1.7414965986394557,275.9124,0.0005343474913388491
1.7647165532879818,266.53845,0.00044611666817218065
1.787936507936508,258.4443,0.0004019530606456101
1.811156462585034,256.53094,0.0003691886959131807
1.8343764172335602,256.6667,0.00034671943285502493
1.8575963718820863,259.55057,0.0003545912040863186
1.8808163265306124,266.24588,0.000379657547455281
1.9040362811791383,282.3906,0.00031196768395602703
1.9272562358276644,277.64954,0.0002895072102546692
1.9504761904761905,286.82925,0.00032758855377323925
1.9736961451247166,276.63354,0.00031286926241591573
1.9969160997732427,247.19731,0.00023160039563663304
2.020136054421769,247.7528,0.00019570467702578753
2.043356009070295,253.97905,0.00026471016462892294
2.066575963718821,259.96783,0.00028852553805336356
2.089795918367347,265.2269,0.00030878058169037104
2.1130158730158732,287.76508,0.0003068341175094247
2.1362358276643993,279.40866,0.00022407391224987805
2.159455782312925,273.44983,0.0002663325285539031
2.182675736961451,264.9372,0.00026425416581332684
2.2058956916099772,255.58482,0.000250871351454407
2.2291156462585033,252.78792,0.0001872412976808846
2.2523356009070294,256.6667,0.00023057365615386516
2.2755555555555556,262.35803,0.0002647488145157695
2.2987755102040817,268.1592,0.000292746553895995
2.3219954648526078,288.0784,0.00026725808857008815
2.345215419501134,278.52634,0.00019547963165678084
2.36843537414966,268.45602,0.00018081720918416977
2.391655328798186,262.07455,0.00017806797404773533
2.414875283446712,261.65048,0.0001734308316372335
2.4380952380952383,268.01105,0.0002434763591736555
2.4613151927437644,270.40134,0.00020571834465954453
2.48453514739229,278.0142,0.00010838857269845903
2.507755102040816,70.14846,1.1056280527554918e-05
2.5309750566893423,0.0,4.021876520710066e-07
2.5541950113378684,0.0,2.1558298612944782e-07
2.5774149659863945,0.0,1.0744952305685729e-07
2.6006349206349206,0.0,7.082599040586501e-08
2.6238548752834467,0.0,1.2678810890065506e-07
2.647074829931973,0.0,1.0611165635054931e-07
2.670294784580499,0.0,9.281939128413796e-08
2.693514739229025,0.0,4.7786670620553195e-08
2.716734693877551,0.0,6.124264473328367e-08
2.7399546485260773,0.0,1.0045550880022347e-07
2.7631746031746034,0.0,5.5361851991619915e-08
2.7863945578231295,0.0,3.1005583878140897e-08
2.809614512471655,0.0,9.76797309704125e-09
