0.0,0.0,8.477582014165819e-08
0.023219954648526078,0.0,1.6823287296574563e-07
0.046439909297052155,0.0,1.755815901560709e-07
0.06965986394557823,0.0,1.2151394912507385e-07
0.09287981859410431,0.0,7.264588930411264e-08
0.11609977324263039,0.0,1.6961075743893161e-07
0.13931972789115646,0.0,1.5398381947306916e-07
0.16253968253968254,0.0,8.360897481907159e-05
0.18575963718820862,282.99466,0.0007259728154167533
0.2089795918367347,272.22223,0.000989757594652474
0.23219954648526078,288.0784,0.0009375658701173961
0.25541950113378686,278.3798,0.0006671720184385777
0.2786394557823129,272.08228,0.0007111342856660485
0.301859410430839,271.30872,0.0007680976996198297
0.3250793650793651,269.79977,0.000775051477830857
0.3482993197278912,290.2907,0.001027676509693265
0.37151927437641724,305.9232,0.001409571385011077
0.3947392290249433,311.7455,0.00125779677182436
0.4179591836734694,312.42508,0.001512149814516306
0.44117913832199546,324.2647,0.0015209490666165948
0.46439909297052157,318.41156,0.0015728642465546727
0.4876190476190476,315.86777,0.0016187021974474192
0.5108390022675737,270.55215,0.0017722025513648987
0.5340589569160998,361.26392,0.0029630919452756643
0.5572789115646258,363.71133,0.0035902378149330616
0.5804988662131519,361.08078,0.004830820485949516
0.603718820861678,348.8924,0.003184489207342267
0.626938775510204,341.33127,0.002564678667113185
0.6501587301587302,343.99377,0.003483874024823308
0.6733786848072563,279.55627,0.0039013868663460016
0.6965986394557824,92.16301,0.002244239207357168
0.7198185941043084,395.82892,0.00282397773116827
0.7430385487528345,400.26697,0.003351876512169838
0.7662585034013606,395.31873,0.004818802699446678
0.7894784580498866,374.6814,0.006606698036193848
0.8126984126984127,362.21765,0.006438597571104765
0.8359183673469388,326.149,0.005441088229417801
0.8591383219954649,362.96295,0.004192311316728592
0.8823582766439909,368.45953,0.004591356497257948
0.905578231292517,422.23404,0.0046612899750471115
0.9287981859410431,426.88013,0.006634547375142574
0.9520181405895691,408.12338,0.007577733602374792
0.9752380952380952,393.13058,0.00757603021338582
0.9984580498866213,391.34775,0.006806857883930206
1.0216780045351475,405.62085,0.005670295096933842
1.0448979591836736,447.26166,0.006703292019665241
1.0681179138321997,483.3507,0.0063826050609350204
1.0913378684807256,467.01965,0.009228484705090523
1.1145578231292517,464.90967,0.01466078869998455
1.1377777777777778,450.92023,0.013783954083919525
1.1609977324263039,450.68985,0.014375869184732437
1.18421768707483,488.00232,0.01241053082048893
1.207437641723356,515.1346,0.02099422737956047
1.2306575963718822,533.5613,0.023870794102549553
1.253877551020408,528.5565,0.02967631258070469
1.2770975056689342,520.68787,0.04093167930841446
1.3003174603174603,496.7742,0.029539087787270546
1.3235374149659864,499.84546,0.030070118606090546
1.3467573696145125,520.68787,0.04202906787395477
1.3699773242630386,548.10974,0.05057542398571968
1.3931972789115648,578.5066,0.05639859661459923
1.4164172335600906,577.0508,0.049403026700019836
1.4396371882086167,555.97577,0.05919510871171951
1.4628571428571429,550.6993,0.055336907505989075
1.486077097505669,537.25885,0.04777160659432411
1.509297052154195,543.0477,0.04605861380696297
1.5325170068027212,579.5699,0.06517118215560913
1.5557369614512473,610.2182,0.08950871974229813
1.5789569160997732,642.0181,0.09733278304338455
1.6021768707482993,640.1244,0.11685949563980103
1.6253968253968254,636.9024,0.12376408278942108
1.6486167800453515,596.5431,0.10686098039150238
1.6718367346938776,456.52176,0.06403584778308868
1.6950566893424037,560.7833,0.048648685216903687
1.7182766439909298,555.4156,0.03899259865283966
1.7414965986394557,557.38116,0.028528258204460144
1.7647165532879818,546.97675,0.02649260126054287
1.787936507936508,550.4243,0.028646498918533325
1.811156462585034,555.1359,0.027541695162653923
1.8343764172335602,537.53174,0.02223929390311241
1.8575963718820863,525.0,0.023641817271709442
1.8808163265306124,503.4769,0.01730131357908249
1.9040362811791383,510.36298,0.02042977139353752
1.9272562358276644,518.2933,0.021061912178993225
1.9504761904761905,536.44196,0.01849307119846344
1.9736961451247166,512.53156,0.01856784150004387
1.9969160997732427,492.43176,0.00885615311563015
2.020136054421769,246.49391,0.008805437944829464
2.043356009070295,472.5,0.009342938661575317
2.066575963718821,480.5916,0.007277130614966154
2.089795918367347,484.37344,0.005915971472859383
2.1130158730158732,474.9231,0.0047055394388735294
2.1362358276643993,459.854,0.0063833254389464855
2.159455782312925,318.3071,0.006787639111280441
2.182675736961451,296.12604,0.009224217385053635
2.2058956916099772,393.13058,0.007258078083395958
2.2291156462585033,397.2973,0.005767728202044964
2.2523356009070294,406.8683,0.00403523538261652
2.2755555555555556,422.11588,0.004555786959826946
2.2987755102040817,408.62436,0.006006252020597458
2.3219954648526078,329.4557,0.004740016534924507
2.345215419501134,375.919,0.004330224823206663
2.36843537414966,364.4628,0.003552144393324852
2.391655328798186,375.71884,0.0028673552442342043
2.414875283446712,386.04532,0.00288154068402946
2.4380952380952383,372.74167,0.0030313022434711456
2.4613151927437644,359.8164,0.0033756736665964127
2.48453514739229,348.7085,0.0022253375500440598
2.507755102040816,343.45795,0.0021296129561960697
2.5309750566893423,339.92804,0.0015429158229380846
2.5541950113378684,343.10165,0.0017676545539870858
2.5774149659863945,355.45407,0.00179947167634964
2.6006349206349206,355.45407,0.0017727576196193695
2.6238548752834467,333.0097,0.0013224203139543533
2.647074829931973,328.22964,0.0009485500631853938
2.670294784580499,322.06573,0.001173373544588685
2.693514739229025,299.8431,0.0014939862303435802
2.716734693877551,297.97296,0.001411136006936431
2.7399546485260773,298.9051,0.0011945003643631935
2.7631746031746034,300.3143,0.0009278464131057262
2.7863945578231295,300.787,0.000876723206602037
2.809614512471655,298.9051,0.0010715583339333534
2.8328344671201813,299.8431,0.0012750308960676193
2.8560544217687074,283.29764,0.0012042727321386337
2.8792743764172335,273.77136,0.0012400776613503695
2.9024943310657596,290.76923,0.0012960939202457666
2.9257142857142857,280.89172,0.0010946602560579777
2.948934240362812,274.76636,0.0010824243072420359
2.972154195011338,284.234,0.0009758484666235745
2.995374149659864,276.489,0.0008430976886302233
3.01859410430839,270.0,0.0007540780352428555
3.0418140589569163,269.313,0.0006105831707827747
3.0650340136054424,268.20157,0.00023109563335310668
3.0882539682539685,264.86487,2.40684203163255e-05
3.1114739229024946,0.0,2.506683813408017e-06
3.1346938775510207,0.0,1.0826279321918264e-06
3.1579138321995464,0.0,2.575743565103039e-07
3.1811337868480725,0.0,8.534061635145918e-08
3.2043537414965986,0.0,1.1001884558936581e-07
3.2275736961451247,0.0,1.6067860997281969e-07
3.250793650793651,0.0,1.7517686501378193e-07
3.274013605442177,0.0,9.397899702889845e-08
3.297233560090703,0.0,2.7881469577550888e-08
3.320453514739229,0.0,1.1233441910007969e-07
3.3436734693877552,0.0,4.219691618345678e-08
3.3668934240362813,0.0,1.3459612091537565e-08
