0.0,0.0,2.9070179152768105e-08
0.023219954648526078,0.0,1.734315446810797e-08
0.046439909297052155,0.0,2.581327862571925e-08
0.06965986394557823,0.0,4.166577127762139e-08
0.09287981859410431,0.0,6.038953870302066e-08
0.11609977324263039,0.0,3.181139618391171e-08
0.13931972789115646,0.0,2.3354914446827024e-08
0.16253968253968254,0.0,3.133573045488447e-08
0.18575963718820862,0.0,1.88874764717184e-08
0.2089795918367347,0.0,2.6429006538819522e-08
0.23219954648526078,0.0,1.9858816813211888e-08
0.25541950113378686,0.0,3.105014911852777e-08
0.2786394557823129,0.0,2.326396497664973e-08
0.301859410430839,0.0,1.761054591042921e-08
0.3250793650793651,0.0,2.3826942197047174e-08
0.3482993197278912,0.0,3.2921889214776456e-08
0.37151927437641724,0.0,2.2228050511330366e-08
0.3947392290249433,0.0,2.112665242748335e-08
0.4179591836734694,0.0,9.282302926294506e-09
0.44117913832199546,0.0,7.944436219986528e-09
0.46439909297052157,0.0,1.1562406143639237e-08
0.4876190476190476,0.0,2.510205376893282e-08
0.5108390022675737,0.0,4.935909601044841e-07
0.5340589569160998,270.13782,1.9946768588852137e-05
0.5572789115646258,295.40668,5.45255679753609e-05
0.5804988662131519,303.567,0.00010331618250347674
0.603718820861678,288.54962,0.00012073662219336256
0.626938775510204,292.05298,0.00015491303929593414
0.6501587301587302,278.67297,0.00014828474377281964
0.6733786848072563,287.45245,0.00012891553342342377
0.6965986394557824,277.94116,0.00010521909280214459
0.7198185941043084,273.44983,0.00011370991705916822
0.7430385487528345,286.20877,0.00011584706953726709
0.7662585034013606,300.3143,8.918244566302747e-05
0.7894784580498866,345.43082,0.00018106075003743172
0.8126984126984127,356.95364,0.00035905351978726685
0.8359183673469388,356.6038,0.00045310103450901806
0.8591383219954649,344.17273,0.0005558246048167348
0.8823582766439909,341.15524,0.00044350812095217407
0.905578231292517,344.3519,0.0003835983225144446
0.9287981859410431,453.7037,0.0005784966051578522
0.9520181405895691,461.05594,0.0006440370343625546
0.9752380952380952,395.12195,0.000604514847509563
0.9984580498866213,442.8647,0.0007813593256287277
1.0216780045351475,417.35016,0.0010727632325142622
1.0448979591836736,584.8806,0.0011951664928346872
1.0681179138321997,636.29297,0.000904411484953016
1.0913378684807256,356.00403,0.0004596713406499475
1.1145578231292517,247.49998,0.00032561138505116105
1.1377777777777778,534.2964,0.0009024000028148293
1.1609977324263039,587.1301,0.0025988321285694838
1.18421768707483,585.16284,0.003996816463768482
1.207437641723356,508.93124,0.005828250199556351
1.2306575963718822,533.3023,0.0026896679773926735
1.253877551020408,555.97577,0.0033041532151401043
1.2770975056689342,560.8903,0.005264327861368656
1.3003174603174603,442.10526,0.003239716636016965
1.3235374149659864,365.06622,0.0015047530177980661
1.3467573696145125,221.44907,0.0007880940684117377
1.3699773242630386,393.9569,0.0007633990608155727
1.3931972789115648,404.38104,0.0007694066152907908
1.4164172335600906,422.45877,0.0007456383318640292
1.4396371882086167,411.93564,0.0006069642258808017
1.4628571428571429,421.47888,0.0006043714820407331
1.486077097505669,408.96445,0.0004934504977427423
1.509297052154195,434.48276,0.0004936482291668653
1.5325170068027212,373.72882,0.0011683986522257328
1.5557369614512473,358.5366,0.0011347788386046886
1.5789569160997732,355.28702,0.0009780898690223694
1.6021768707482993,355.10822,0.0007574777700938284
1.6253968253968254,353.86157,0.0007966510602273047
1.6486167800453515,349.63004,0.000818724452983588
1.6718367346938776,344.8905,0.0007615882204845548
1.6950566893424037,339.40482,0.000706567894667387
1.7182766439909298,295.0592,0.0003865907492581755
1.7414965986394557,215.12195,0.00016591924941167235
1.7647165532879818,279.55627,0.00015240840730257332
1.787936507936508,267.86304,0.00015730212908238173
1.811156462585034,265.80823,0.0001560998207423836
1.8343764172335602,263.9282,0.00014026809367351234
1.8575963718820863,263.35504,0.00016001620679162443
1.8808163265306124,264.35968,0.00020231076632626355
1.9040362811791383,266.09982,0.00019587724818848073
1.9272562358276644,279.85193,0.00017706566723063588
1.9504761904761905,275.48154,0.00015391953638754785
1.9736961451247166,272.83463,0.00015437271213158965
1.9969160997732427,271.15707,0.00017019482038449496
2.020136054421769,268.75345,0.0001571870525367558
2.043356009070295,287.29642,0.0001583850389579311
2.066575963718821,280.29663,0.0001507189590483904
2.089795918367347,273.065,0.0001400212204316631
2.1130158730158732,266.09982,0.00013030834088567644
2.1362358276643993,263.0694,0.0001061826478689909
2.159455782312925,265.2269,0.00010963183012790978
2.182675736961451,268.45602,0.0001457279286114499
2.2058956916099772,272.06955,0.00014649811782874167
2.2291156462585033,285.74515,0.00016296541434712708
2.2523356009070294,274.48132,0.0001350241363979876
2.2755555555555556,263.64133,0.00010766373452497646
2.2987755102040817,235.70282,8.489804895361885e-05
2.3219954648526078,257.0747,7.486346294172108e-05
2.345215419501134,275.625,9.781867265701294e-05
2.36843537414966,275.156,0.00012999065802432597
2.391655328798186,272.7835,0.0001115120539907366
2.414875283446712,268.01105,0.00010347500210627913
2.4380952380952383,245.37177,8.494990470353514e-05
2.4613151927437644,243.27985,6.656355981249362e-05
2.48453514739229,267.7152,8.139210694935173e-05
2.507755102040816,275.156,9.974968270398676e-05
2.5309750566893423,247.57895,6.555658183060586e-05
2.5541950113378684,0.0,6.429640961869154e-06
2.5774149659863945,0.0,2.2573749447474256e-07
2.6006349206349206,0.0,1.7220645531779155e-07
2.6238548752834467,0.0,1.5210389392450452e-08
2.647074829931973,0.0,2.868637238861993e-08
2.670294784580499,0.0,3.603872755775228e-08
2.693514739229025,0.0,3.262175596319139e-08
2.716734693877551,0.0,1.653643266763538e-08
2.7399546485260773,0.0,2.1105734049342573e-08
2.7631746031746034,0.0,1.7652382666710764e-08
2.7863945578231295,0.0,2.4020664568524808e-08
2.809614512471655,0.0,2.444721758365631e-08
2.8328344671201813,0.0,2.247725205961615e-08
2.8560544217687074,0.0,2.4153450794983655e-08
2.8792743764172335,0.0,3.2036041375249624e-08
2.9024943310657596,0.0,3.124205250060186e-08
2.9257142857142857,0.0,2.313026925548911e-08
2.948934240362812,0.0,3.486729838186875e-08
2.972154195011338,0.0,2.0026163838338107e-08
2.995374149659864,0.0,3.0452611099462956e-08
3.01859410430839,0.0,2.1581399778369814e-08
3.0418140589569163,0.0,2.1153937268536538e-08
3.0650340136054424,0.0,1.5192199498414993e-08
3.0882539682539685,0.0,1.0541043593548238e-08
3.1114739229024946,0.0,9.518771548755467e-09
3.1346938775510207,0.0,2.58014551945962e-08
3.1579138321995464,0.0,1.0466465028002858e-08
3.1811337868480725,0.0,2.2228050511330366e-08
3.2043537414965986,0.0,1.2342752597760409e-08
3.2275736961451247,0.0,1.907937985379249e-08
3.250793650793651,0.0,3.318473318358883e-08
3.274013605442177,0.0,2.1944288164377213e-08
3.297233560090703,0.0,1.3455974112730473e-08
3.320453514739229,0.0,1.1963493307121098e-08
3.3436734693877552,0.0,1.031185092870146e-08
3.3668934240362813,0.0,2.1487721824087203e-08
3.3901133786848074,0.0,2.224169293185696e-08
3.4133333333333336,0.0,1.3601493265014142e-08
3.4365532879818597,0.0,1.3949829735793173e-08
3.4597732426303858,0.0,4.125013219891116e-08
3.4829931972789114,0.0,1.382431946694851e-10
