0.0,0.0,1.4732904674019665e-08
0.023219954648526078,0.0,3.384866431588307e-08
0.046439909297052155,0.0,4.94865162181668e-08
0.06965986394557823,0.0,5.0047674449160695e-08
0.09287981859410431,0.0,7.852395356167108e-08
0.11609977324263039,0.0,3.761851985473186e-08
0.13931972789115646,0.0,2.2820131562184542e-08
0.16253968253968254,0.0,1.4789293345529586e-08
0.18575963718820862,0.0,1.6601916286163032e-08
0.2089795918367347,0.0,1.7414095054846257e-08
0.23219954648526078,0.0,2.9228431230876595e-08
0.25541950113378686,0.0,2.778597263386473e-08
0.2786394557823129,0.0,2.2500898921862245e-08
0.301859410430839,0.0,5.412381142377853e-06
0.3250793650793651,255.65218,1.6588364815106615e-05
0.3482993197278912,258.85806,2.174109613406472e-05
0.37151927437641724,262.92682,2.5223544071195647e-05
0.3947392290249433,265.08197,3.0472117941826582e-05
0.4179591836734694,263.0694,3.233242023270577e-05
0.44117913832199546,272.06955,4.473061562748626e-05
0.46439909297052157,315.50082,7.343367906287313e-05
0.4876190476190476,303.61447,0.00012223819794598967
0.5108390022675737,289.83823,0.00011878643999807537
0.5340589569160998,298.43832,0.00012957912986166775
0.5572789115646258,315.0,0.00012270746810827404
0.5804988662131519,299.21713,9.183134534396231e-05
0.603718820861678,302.74597,7.2281647589989e-05
0.626938775510204,211.79295,5.112685903441161e-05
0.6501587301587302,274.76636,0.00010826820653164759
0.6733786848072563,353.74332,0.00013755395775660872
0.6965986394557824,327.96234,8.981351857073605e-05
0.7198185941043084,332.57916,8.169169450411573e-05
0.7430385487528345,349.44534,0.0001259001437574625
0.7662585034013606,335.5435,0.00022499218175653368
0.7894784580498866,361.10544,0.0002817087806761265
0.8126984126984127,376.11942,0.00029463256942108274
0.8359183673469388,365.21738,0.00022799381986260414
0.8591383219954649,358.34238,0.000181199808139354
0.8823582766439909,355.8245,0.00019022167543880641
0.905578231292517,495.24063,0.0002911202609539032
0.9287981859410431,444.13507,0.0004886528477072716
0.9520181405895691,621.451,0.0008336935425177217
0.9752380952380952,672.4545,0.0006859536515548825
0.9984580498866213,447.48856,0.00043033601832576096
1.0216780045351475,395.71286,0.00039238983299583197
1.0448979591836736,394.57895,0.0004508997080847621
1.0681179138321997,237.09677,0.00014635661500506103
1.0913378684807256,248.10127,0.00015631293354090303
1.1145578231292517,424.94647,0.00015809856995474547
1.1377777777777778,467.9045,0.00020575366215780377
1.1609977324263039,315.48288,0.00021546674543060362
1.18421768707483,243.07086,0.00012454556417651474
1.207437641723356,266.46527,0.00023900045198388398
1.2306575963718822,530.65234,0.00043124897638335824
1.253877551020408,531.3253,0.0005840365192852914
1.2770975056689342,525.81647,0.00045693357242271304
1.3003174603174603,494.88776,0.0003104119678027928
1.3235374149659864,510.46805,0.00030186527874320745
1.3467573696145125,524.4571,0.00042563537135720253
1.3699773242630386,553.8461,0.0005584303289651871
1.3931972789115648,476.3889,0.0008057603845372796
1.4164172335600906,547.2595,0.0005357441259548068
1.4396371882086167,533.73676,0.0005528025794774294
1.4628571428571429,541.9355,0.0003820895799435675
1.486077097505669,578.7986,0.000625346670858562
1.509297052154195,652.9613,0.0014588073827326298
1.5325170068027212,652.3669,0.0025069075636565685
1.5557369614512473,633.7463,0.002106054686009884
1.5789569160997732,613.1082,0.001626654644496739
1.6021768707482993,632.582,0.0017328218091279268
1.6253968253968254,624.5827,0.0018804726423695683
1.6486167800453515,638.17365,0.0021279051434248686
1.6718367346938776,520.9553,0.0012004132149741054
1.6950566893424037,469.38675,0.0007386751240119338
1.7182766439909298,555.1359,0.0008470795582979918
1.7414965986394557,500.61917,0.001464907662011683
1.7647165532879818,574.16125,0.0017995849484577775
1.787936507936508,550.90564,0.001017965143546462
1.811156462585034,428.15533,0.0007427287637256086
1.8343764172335602,500.61917,0.0005447358707897365
1.8575963718820863,440.07355,0.0008806046098470688
1.8808163265306124,520.1539,0.0011328377295285463
1.9040362811791383,518.5583,0.0010502873919904232
1.9272562358276644,335.95734,0.0004819079767912626
1.9504761904761905,361.84616,0.0007574155461043119
1.9736961451247166,534.84015,0.0006241631344892085
1.9969160997732427,281.85843,0.0003215413889847696
2.020136054421769,447.92245,0.00032397807808592916
2.043356009070295,529.72974,0.0003914562112186104
2.066575963718821,732.964,0.002189415507018566
2.089795918367347,524.6097,0.0022735807579010725
2.1130158730158732,500.8889,0.0024164384230971336
2.1362358276643993,415.83124,0.0029356773011386395
2.159455782312925,488.51962,0.0030728550627827644
2.182675736961451,489.48203,0.0022570479195564985
2.2058956916099772,432.02713,0.0012552875559777021
2.2291156462585033,376.54446,0.0006433012895286083
2.2523356009070294,358.73102,0.0009140647598542273
2.2755555555555556,373.72882,0.0011648383224382997
2.2987755102040817,365.78537,0.0011967208702117205
2.3219954648526078,375.71884,0.0009158127941191196
2.345215419501134,364.0867,0.0007035484886728227
2.36843537414966,378.13504,0.0005698931636288762
2.391655328798186,344.53125,0.0005416357889771461
2.414875283446712,347.60904,0.0005315762246027589
2.4380952380952383,352.42407,0.0006135004805400968
2.4613151927437644,343.10165,0.0006582472706213593
2.48453514739229,340.27777,0.0005528106121346354
2.507755102040816,334.0909,0.0003896006674040109
2.5309750566893423,249.66547,0.0003330353647470474
2.5541950113378684,352.2876,0.00044477242045104504
2.5774149659863945,300.3143,0.00029959395760670304
2.6006349206349206,199.54752,0.0001930075086420402
2.6238548752834467,415.00742,0.00019095595052931458
2.647074829931973,362.21765,0.0002987812040373683
2.670294784580499,385.54135,0.00045526676694862545
2.693514739229025,196.38792,0.00021657042088918388
2.716734693877551,412.37622,0.00020121978013776243
2.7399546485260773,480.13065,0.0002685766667127609
2.7631746031746034,526.36224,0.00030579499434679747
2.7863945578231295,528.40735,0.00035633298102766275
2.809614512471655,528.14374,0.00034028402296826243
2.8328344671201813,520.354,0.00029696180718019605
2.8560544217687074,394.729,0.00021242766524665058
2.8792743764172335,347.24408,0.0002182016323786229
2.9024943310657596,446.80853,0.00021338718943297863
2.9257142857142857,528.5565,0.00023987758322618902
2.948934240362812,441.69742,0.0002726398524828255
2.972154195011338,391.89755,0.0003720885142683983
2.995374149659864,410.23254,0.00030582479666918516
3.01859410430839,370.19937,0.0002389467554166913
3.0418140589569163,424.51868,0.0001845613878685981
3.0650340136054424,485.1485,0.0001857388997450471
3.0882539682539685,505.6331,0.0002102880971506238
3.1114739229024946,357.08502,0.00026407759287394583
3.1346938775510207,323.7546,0.0003267262363806367
3.1579138321995464,383.87097,0.0003319867537356913
3.1811337868480725,354.92957,0.00022187433205544949
3.2043537414965986,433.7705,0.00016210998001042753
3.2275736961451247,504.37592,0.00015484474715776742
3.250793650793651,520.68787,0.00018200802151113749
3.274013605442177,501.65463,0.00015644606901332736
3.297233560090703,474.70398,2.8142563678557053e-05
3.320453514739229,0.0,2.9254260880406946e-07
3.3436734693877552,0.0,2.901115294662304e-07
3.3668934240362813,0.0,4.871617420576513e-08
3.3901133786848074,0.0,1.9361323211342096e-08
3.4133333333333336,0.0,2.1694177121389657e-08
3.4365532879818597,0.0,2.8442627808544785e-08
3.4597732426303858,0.0,2.5411281967535615e-08
3.4829931972789114,0.0,3.24735083268024e-08
3.5062131519274375,0.0,2.1947926143184304e-08
3.5294331065759637,0.0,2.5343069864902645e-08
3.5526530612244898,0.0,2.1389496396295726e-08
3.575873015873016,0.0,2.0553670765366405e-08
3.599092970521542,0.0,1.5813384379725903e-08
3.622312925170068,0.0,2.395609044469893e-08
3.645532879818594,0.0,1.860735210357234e-08
3.6687528344671203,0.0,2.7755959308706224e-08
3.6919727891156464,0.0,6.121172191342339e-08
3.7151927437641725,0.0,1.328407961409539e-07
3.7384126984126986,0.0,9.814084478421137e-08
3.7616326530612247,0.0,2.9785041988361627e-08
3.784852607709751,0.0,4.68189682578668e-08
3.8080725623582765,0.0,2.8669091989286244e-08
3.8312925170068026,0.0,2.6258931029587984e-08
3.8545124716553287,0.0,3.965578798670322e-08
3.877732426303855,0.0,7.764174370095134e-08
3.900952380952381,0.0,5.332822183845565e-08
3.924172335600907,0.0,8.048300514928997e-08
3.947392290249433,0.0,5.821493687108159e-08
3.9706122448979593,0.0,4.733828973257914e-08
