0.0,0.0,1.0090388968819752e-07
0.023219954648526078,0.0,1.411890480085276e-07
0.046439909297052155,0.0,1.145544956671074e-07
0.06965986394557823,0.0,1.276666807825677e-07
0.09287981859410431,0.0,1.4567831385647878e-07
0.11609977324263039,0.0,1.9745948520721868e-07
0.13931972789115646,0.0,2.4027758627198637e-07
0.16253968253968254,0.0,1.5075602277647704e-07
0.18575963718820862,0.0,5.963011062704027e-08
0.2089795918367347,0.0,4.009689291706309e-08
0.23219954648526078,0.0,1.217476892634295e-07
0.25541950113378686,0.0,1.5486330084968358e-07
0.2786394557823129,0.0,1.4970100892242044e-07
0.301859410430839,0.0,1.0024723451351747e-07
0.3250793650793651,0.0,1.9966410036431625e-07
0.3482993197278912,381.81818,0.0013109439751133323
0.37151927437641724,415.7109,0.0029947273433208466
0.3947392290249433,406.2436,0.0031203310936689377
0.4179591836734694,391.06412,0.0014002763200551271
0.44117913832199546,382.14905,0.0003623684751801193
0.46439909297052157,365.9751,2.770125138340518e-05
0.4876190476190476,0.0,1.0312669473933056e-06
0.5108390022675737,0.0,1.5388286556117237e-07
0.5340589569160998,0.0,9.347695595351979e-08
0.5572789115646258,0.0,7.282810111064464e-05
0.5804988662131519,450.65695,0.0010488037951290607
0.603718820861678,458.47952,0.0019399533048272133
0.626938775510204,443.88525,0.001323687145486474
0.6501587301587302,225.22983,0.0005478243692778051
0.6733786848072563,441.88376,8.490760228596628e-05
0.6965986394557824,0.0,1.5115838323254138e-06
0.7198185941043084,0.0,2.4730252334848046e-07
0.7430385487528345,0.0,1.9779872673097998e-07
0.7662585034013606,0.0,2.882143235183321e-06
0.7894784580498866,614.2061,0.004119851626455784
0.8126984126984127,596.61786,0.014875637367367744
0.8359183673469388,597.78186,0.024539392441511154
0.8591383219954649,554.5775,0.01519286260008812
0.8823582766439909,289.98483,0.003988009877502918
0.905578231292517,173.11089,0.00013989639410283417
0.9287981859410431,0.0,3.6987294151913375e-06
0.9520181405895691,0.0,1.9168237486155704e-07
0.9752380952380952,0.0,1.0922121873591095e-07
0.9984580498866213,0.0,1.1800057109212503e-07
1.0216780045351475,0.0,1.2937317478645127e-05
1.0448979591836736,772.4523,0.013749656267464161
1.0681179138321997,724.9315,0.03324906527996063
1.0913378684807256,723.66986,0.03348298743367195
1.1145578231292517,441.88376,0.012637614272534847
1.1377777777777778,682.11163,0.006762629374861717
1.1609977324263039,404.7935,0.0038569795433431864
1.18421768707483,201.57442,0.0004139062948524952
1.207437641723356,694.48816,1.1239009836572222e-05
1.2306575963718822,0.0,2.8417071007424966e-07
1.253877551020408,0.0,3.193108568666503e-07
1.2770975056689342,0.0,3.067452780669555e-07
1.3003174603174603,525.0,0.0014666130300611258
1.3235374149659864,551.93994,0.009790599346160889
1.3467573696145125,560.712,0.018023541197180748
1.3699773242630386,537.8049,0.012714877724647522
1.3931972789115648,531.8182,0.005351608619093895
1.4164172335600906,226.9686,0.001529349246993661
1.4396371882086167,503.28104,0.0003905389166902751
1.4628571428571429,509.0909,2.1830286641488783e-05
1.486077097505669,0.0,1.1731199265341274e-06
1.509297052154195,0.0,3.7843983591301367e-07
1.5325170068027212,0.0,9.969789971364662e-08
1.5557369614512473,0.0,2.367687557125464e-07
1.5789569160997732,0.0,2.094657247653231e-07
1.6021768707482993,430.2439,0.0003169144911225885
1.6253968253968254,433.41522,0.001429133815690875
1.6486167800453515,419.556,0.0019398732110857964
1.6718367346938776,420.44492,0.002009647898375988
1.6950566893424037,424.8986,0.0019413928966969252
1.7182766439909298,408.96445,0.0015197319444268942
1.7414965986394557,400.05338,0.0011852046009153128
1.7647165532879818,370.783,0.0009262210805900395
1.787936507936508,227.55417,0.0003619440831243992
1.811156462585034,354.21686,1.3250171832623892e-05
1.8343764172335602,0.0,2.678789314813912e-07
1.8575963718820863,0.0,1.191538103739731e-07
1.8808163265306124,0.0,6.546270014951006e-08
1.9040362811791383,0.0,4.278444976080209e-08
1.9272562358276644,0.0,1.0234725777991116e-07
1.9504761904761905,0.0,1.747712303767912e-07
1.9736961451247166,0.0,7.574044138891622e-05
1.9969160997732427,377.46075,0.0008629119256511331
2.020136054421769,361.9699,0.0015978796873241663
2.043356009070295,359.51086,0.0024910257197916508
2.066575963718821,358.14835,0.003343436401337385
2.089795918367347,355.28702,0.003519564401358366
2.1130158730158732,353.33,0.00308408634737134
2.1362358276643993,351.67465,0.003896552138030529
2.159455782312925,425.17407,0.004528021439909935
2.182675736961451,406.2436,0.004730343818664551
2.2058956916099772,330.91547,0.004063566215336323
2.2291156462585033,359.44983,0.004487234633415937
2.2523356009070294,364.27466,0.0062217190861701965
2.2755555555555556,381.33267,0.005840706638991833
2.2987755102040817,370.58823,0.004896254278719425
2.3219954648526078,338.3632,0.0036805542185902596
2.345215419501134,493.4893,0.0048900386318564415
2.36843537414966,348.1579,0.005029605235904455
2.391655328798186,338.1902,0.003599971067160368
2.414875283446712,367.3087,0.005264130420982838
2.4380952380952383,365.59586,0.003902533557265997
2.4613151927437644,377.68262,0.0037984251976013184
2.48453514739229,342.5686,0.0028040192555636168
2.507755102040816,313.40103,0.002288117539137602
2.5309750566893423,333.36932,0.0022041175980120897
2.5541950113378684,326.32135,0.0019201957620680332
2.5774149659863945,320.22824,0.0011615828843787313
2.6006349206349206,360.40118,0.000652475340757519
2.6238548752834467,110.47094,0.00013075926108285785
2.647074829931973,0.0,2.6691104721976444e-06
2.670294784580499,0.0,3.5615357774076983e-07
2.693514739229025,0.0,8.580718713346869e-08
2.716734693877551,0.0,5.3759322327096015e-08
2.7399546485260773,0.0,1.4295710570877418e-07
2.7631746031746034,0.0,6.274058250710368e-08
2.7863945578231295,0.0,9.006544132716954e-08
2.809614512471655,0.0,2.430915628792718e-07
2.8328344671201813,0.0,1.241196514456533e-07
2.8560544217687074,0.0,1.234875526279211e-07
2.8792743764172335,0.0,2.6477300707483664e-07
2.9024943310657596,0.0,2.9598959372378886e-07
2.9257142857142857,0.0,2.367451088503003e-07
2.948934240362812,0.0,3.0223600333556533e-07
2.972154195011338,0.0,1.7094225768232718e-07
2.995374149659864,0.0,6.717073119943962e-08
3.01859410430839,0.0,1.4365741662913933e-07
3.0418140589569163,0.0,5.007041181670502e-08
3.0650340136054424,0.0,1.0034545994130895e-07
3.0882539682539685,0.0,2.2481162886833772e-07
3.1114739229024946,0.0,4.994944902136922e-08
3.1346938775510207,0.0,4.04088495997712e-08
3.1579138321995464,0.0,8.350798452738672e-08
3.1811337868480725,0.0,1.6983176465146244e-07
3.2043537414965986,0.0,9.501127351541072e-08
3.2275736961451247,0.0,5.279798642732203e-08
