0.0,0.0,1.9124854588881135e-08
0.023219954648526078,0.0,1.799890014808625e-08
0.046439909297052155,0.0,3.541936166584492e-08
0.06965986394557823,0.0,2.4268956622108817e-08
0.09287981859410431,0.0,2.3983375285752118e-08
0.11609977324263039,0.0,5.1286406232975423e-08
0.13931972789115646,0.0,5.1852111937478185e-08
0.16253968253968254,0.0,3.4520780900493264e-08
0.18575963718820862,0.0,2.852812031051144e-08
0.2089795918367347,0.0,3.216609911760315e-08
0.23219954648526078,0.0,5.452875484479591e-08
0.25541950113378686,0.0,4.800767783308402e-08
0.2786394557823129,0.0,3.786135494010523e-08
0.301859410430839,0.0,5.1600181905087084e-08
0.3250793650793651,0.0,5.765923560829833e-08
0.3482993197278912,0.0,2.5892404664773494e-08
0.37151927437641724,0.0,4.361663741292432e-08
0.3947392290249433,0.0,2.563047019066289e-08
0.4179591836734694,0.0,1.622902345843613e-08
0.44117913832199546,0.0,3.451714292168617e-08
0.46439909297052157,0.0,3.01251930068247e-08
0.4876190476190476,0.0,4.009234544355422e-08
0.5108390022675737,0.0,1.750868250383064e-08
0.5340589569160998,0.0,3.9940459828358144e-08
0.5572789115646258,0.0,3.222703526262194e-08
0.5804988662131519,0.0,5.02423063153401e-08
0.603718820861678,0.0,5.4812517191749066e-08
0.626938775510204,0.0,4.461981006897986e-08
0.6501587301587302,0.0,2.7986061468254775e-08
0.6733786848072563,0.0,1.887201506178826e-08
0.6965986394557824,0.0,4.695175448432565e-08
0.7198185941043084,0.0,4.407866072142497e-08
0.7430385487528345,0.0,2.872729965019971e-08
0.7662585034013606,0.0,4.675712261814624e-08
0.7894784580498866,0.0,6.233403837541118e-08
0.8126984126984127,0.0,4.421235644258559e-08
0.8359183673469388,0.0,1.2843247532146052e-07
0.8591383219954649,0.0,1.3519638741854578e-07
0.8823582766439909,0.0,7.756716513540596e-08
0.905578231292517,0.0,2.0743755158036947e-08
0.9287981859410431,0.0,1.9245817384216934e-08
0.9520181405895691,0.0,1.6478225006721914e-08
0.9752380952380952,0.0,4.0919076127465814e-08
0.9984580498866213,0.0,2.741307980613783e-08
1.0216780045351475,0.0,3.3592186809983104e-08
1.0448979591836736,0.0,4.883440851699561e-08
1.0681179138321997,0.0,2.3752090783091262e-07
1.0913378684807256,0.0,1.8850641936296597e-07
1.1145578231292517,340.54053,0.0008717221789993346
1.1377777777777778,384.43338,0.00648428313434124
1.1609977324263039,362.53668,0.011668242514133453
1.18421768707483,357.08502,0.011405380442738533
1.207437641723356,350.7423,0.009670764207839966
1.2306575963718822,344.8905,0.00931825302541256
1.253877551020408,363.14978,0.01070838887244463
1.2770975056689342,385.44986,0.013125613331794739
1.3003174603174603,400.30258,0.01717280223965645
1.3235374149659864,419.15958,0.01588880456984043
1.3467573696145125,408.5435,0.018289372324943542
1.3699773242630386,398.494,0.017958540469408035
1.3931972789115648,396.5035,0.022884773090481758
1.4164172335600906,424.94647,0.02632378228008747
1.4396371882086167,454.17096,0.029411248862743378
1.4628571428571429,471.7779,0.029379883781075478
1.486077097505669,457.46887,0.03172022104263306
1.509297052154195,441.2206,0.045346155762672424
1.5325170068027212,455.5785,0.0520905926823616
1.5557369614512473,474.9231,0.045321274548769
1.5789569160997732,508.93124,0.060390278697013855
1.6021768707482993,521.491,0.06734128296375275
1.6253968253968254,513.30975,0.05185956880450249
1.6486167800453515,491.2405,0.05620267614722252
1.6718367346938776,501.13635,0.07128901034593582
1.6950566893424037,521.491,0.10667779296636581
1.7182766439909298,555.1359,0.07438516616821289
1.7414965986394557,624.8988,0.07017968595027924
1.7647165532879818,574.7369,0.09233368188142776
1.787936507936508,542.7692,0.11289636790752411
1.811156462585034,526.36224,0.1533016562461853
1.8343764172335602,551.25,0.11095258593559265
1.8575963718820863,588.906,0.06862370669841766
1.8808163265306124,624.5827,0.06623136252164841
1.9040362811791383,641.37415,0.09307125210762024
1.9272562358276644,624.8988,0.1361904740333557
1.9504761904761905,599.2451,0.12633651494979858
1.9736961451247166,620.8145,0.17028406262397766
1.9969160997732427,670.5524,0.1276017427444458
2.020136054421769,710.4718,0.22149915993213654
2.043356009070295,578.0448,0.12049727141857147
2.066575963718821,372.7996,0.15743589401245117
2.089795918367347,642.0181,0.17094600200653076
2.1130158730158732,655.51,0.1585322618484497
2.1362358276643993,705.7821,0.2248307466506958
2.159455782312925,748.20355,0.1216064915060997
2.182675736961451,753.8461,0.14399337768554688
2.2058956916099772,736.1153,0.23300409317016602
2.2291156462585033,706.30634,0.1595766544342041
2.2523356009070294,715.61865,0.255276083946228
2.2755555555555556,738.88885,0.13962489366531372
2.2987755102040817,816.6667,0.10407167673110962
2.3219954648526078,827.8539,0.11968451738357544
2.345215419501134,534.5455,0.22078539431095123
2.36843537414966,532.39435,0.15429991483688354
2.391655328798186,463.7456,0.1407511979341507
2.414875283446712,692.54065,0.28625401854515076
2.4380952380952383,725.9259,0.1805253028869629
2.4613151927437644,728.7431,0.16977417469024658
2.48453514739229,709.50226,0.18836233019828796
2.507755102040816,467.161,0.1207723319530487
2.5309750566893423,653.8344,0.11644209921360016
2.5541950113378684,658.8645,0.13380317389965057
2.5774149659863945,700.7176,0.1855548620223999
2.6006349206349206,726.5602,0.2018711268901825
2.6238548752834467,491.0913,0.09961747378110886
2.647074829931973,506.89655,0.10074827075004578
2.670294784580499,585.29865,0.09122462570667267
2.693514739229025,585.7222,0.09749007225036621
2.716734693877551,438.36978,0.0741632953286171
2.7399546485260773,602.0478,0.040274038910865784
2.7631746031746034,623.63635,0.05771201103925705
2.7863945578231295,540.8278,0.06261008977890015
2.809614512471655,535.08594,0.08012384176254272
2.8328344671201813,534.00604,0.09988350421190262
2.8560544217687074,468.59503,0.042715884745121
2.8792743764172335,479.58478,0.028965657576918602
2.9024943310657596,768.9231,0.03527988865971565
2.9257142857142857,523.64484,0.03287365660071373
2.948934240362812,482.20676,0.03219345584511757
2.972154195011338,469.38675,0.03556104749441147
2.995374149659864,500.10312,0.042908892035484314
3.01859410430839,524.18604,0.046690721064805984
3.0418140589569163,525.26056,0.04303719848394394
3.0650340136054424,495.75882,0.025168756023049355
3.0882539682539685,453.7037,0.032049551606178284
3.1114739229024946,438.46152,0.03315252810716629
3.1346938775510207,457.46887,0.028915714472532272
3.1579138321995464,475.65485,0.021230384707450867
3.1811337868480725,480.5916,0.020630553364753723
3.2043537414965986,451.84427,0.022837519645690918
3.2275736961451247,411.29535,0.021920256316661835
3.250793650793651,386.6426,0.01800684817135334
3.274013605442177,391.89755,0.021285969763994217
3.297233560090703,409.59753,0.024704035371541977
3.320453514739229,423.6097,0.016494741663336754
3.3436734693877552,409.17526,0.013440374284982681
3.3668934240362813,373.72882,0.008737124502658844
3.3901133786848074,335.2762,0.005445227958261967
3.4133333333333336,332.114,0.0055566090159118176
3.4365532879818597,357.4468,0.007182197645306587
3.4597732426303858,384.06763,0.005211151670664549
3.4829931972789114,386.04532,0.0045411428436636925
3.5062131519274375,364.65115,0.004962834529578686
3.5294331065759637,343.45795,0.003704479429870844
3.5526530612244898,341.33127,0.003217469435185194
3.575873015873016,352.98825,0.003650426398962736
3.599092970521542,334.9367,0.002308388939127326
3.622312925170068,323.5849,0.0015025802422314882
3.645532879818594,177.19739,0.00014489219756796956
3.6687528344671203,0.0,1.961176167242229e-06
3.6919727891156464,0.0,5.594365575234406e-07
3.7151927437641725,0.0,3.476407073321752e-07
3.7384126984126986,0.0,1.3957469491288066e-07
3.7616326530612247,0.0,6.288064469117671e-08
3.784852607709751,0.0,4.6805325837340206e-08
3.8080725623582765,0.0,4.702633304987103e-08
3.8312925170068026,0.0,4.7177309170365334e-08
3.8545124716553287,0.0,1.4259876479627565e-07
3.877732426303855,0.0,5.378205969464034e-08
3.900952380952381,0.0,4.6733475755900145e-08
3.924172335600907,0.0,2.7383975975681096e-08
3.947392290249433,0.0,2.6957422960549593e-08
3.9706122448979593,0.0,4.473895387491211e-08
3.9938321995464854,0.0,4.140474629821256e-08
4.017052154195011,0.0,2.370416041230783e-08
4.040272108843538,0.0,2.880096872104332e-08
4.063492063492063,0.0,2.98732629744336e-08
4.08671201814059,0.0,4.373760020826012e-08
4.1099319727891155,0.0,4.5006345317233354e-08
4.133151927437642,0.0,4.5844899432267994e-08
4.156371882086168,0.0,2.8566319087985903e-08
4.179591836734694,0.0,2.7370333555154502e-08
4.20281179138322,0.0,3.180866769980639e-08
4.2260317460317465,0.0,4.4801709009334445e-08
4.249251700680272,0.0,3.602508513722569e-08
4.272471655328799,0.0,1.864464138634503e-08
4.295691609977324,0.0,1.7897946236189455e-08
