0.0,0.0,3.902914613718167e-08
0.023219954648526078,0.0,9.717496141092852e-08
0.046439909297052155,0.0,1.060043359757401e-07
0.06965986394557823,0.0,1.6004469216568395e-07
0.09287981859410431,0.0,2.1067444322397932e-07
0.11609977324263039,0.0,1.9191338651580736e-07
0.13931972789115646,0.0,2.5358531274832785e-07
0.16253968253968254,0.0,1.105059709516354e-06
0.18575963718820862,250.56818,0.0001594912027940154
0.2089795918367347,278.89328,0.00042465332080610096
0.23219954648526078,341.6839,0.0006904621841385961
0.25541950113378686,452.53976,0.0009969552047550678
0.2786394557823129,513.0501,0.0013006494846194983
0.301859410430839,549.6012,0.001586308004334569
0.3250793650793651,560.2134,0.001700177090242505
0.3482993197278912,563.3623,0.0015967234503477812
0.37151927437641724,455.62805,0.0011420780792832375
0.3947392290249433,331.41284,0.0008200766751542687
0.4179591836734694,290.1316,0.0006650733994320035
0.44117913832199546,209.4459,0.0012783532729372382
0.46439909297052157,345.43082,0.0019904477521777153
0.4876190476190476,330.75,0.0016021204646676779
0.5108390022675737,336.64124,0.001523330109193921
0.5340589569160998,324.4351,0.0014611695660278201
0.5572789115646258,337.32788,0.001675336854532361
0.5804988662131519,330.58472,0.0017141252756118774
0.603718820861678,360.92072,0.002097866265103221
0.626938775510204,366.165,0.0021644169464707375
0.6501587301587302,402.94418,0.0023353868164122105
0.6733786848072563,407.49487,0.0024644294753670692
0.6965986394557824,423.82397,0.003041644813492894
0.7198185941043084,410.44467,0.0026539114769548178
0.7430385487528345,401.51746,0.0024065617471933365
0.7662585034013606,398.5646,0.0025505959056317806
0.7894784580498866,418.67087,0.002705588471144438
0.8126984126984127,410.86957,0.002318829298019409
0.8359183673469388,423.6097,0.0027178251184523106
0.8591383219954649,456.52176,0.0030423887073993683
0.8823582766439909,490.0,0.0028387601487338543
0.905578231292517,500.61917,0.004242179915308952
0.9287981859410431,518.0286,0.0051885852590203285
0.9520181405895691,512.53156,0.0050856247544288635
0.9752380952380952,513.8298,0.00522104324772954
0.9984580498866213,519.6209,0.004916072357445955
1.0216780045351475,520.4207,0.004785416182130575
1.0448979591836736,500.10312,0.003783412743359804
1.0681179138321997,367.6915,0.005357526242733002
1.0913378684807256,422.9682,0.00559953460469842
1.1145578231292517,410.86957,0.005878892727196217
1.1377777777777778,397.50797,0.004794447682797909
1.1609977324263039,402.12766,0.005272095091640949
1.18421768707483,399.09503,0.004831668455153704
1.207437641723356,403.96948,0.0043990048579871655
1.2306575963718822,394.16403,0.0033240714110434055
1.253877551020408,387.44186,0.003955368883907795
1.2770975056689342,274.48132,0.0023633097298443317
1.3003174603174603,378.2543,0.0017401722725480795
1.3235374149659864,327.3595,0.001707680057734251
1.3467573696145125,323.24606,0.0016721613937988877
1.3699773242630386,402.94418,0.0019471299601718783
1.3931972789115648,381.91544,0.001481514424085617
1.4164172335600906,376.54446,0.0013211544137448072
1.4396371882086167,411.93564,0.0013920378405600786
1.4628571428571429,530.5263,0.001389366458170116
1.486077097505669,463.7456,0.0011165416799485683
1.509297052154195,298.6456,0.0012756565120071173
1.5325170068027212,277.7953,0.0013985035475343466
1.5557369614512473,271.66324,0.0011906098807230592
1.5789569160997732,273.91306,0.0014162200968712568
1.6021768707482993,273.206,0.0014446908608078957
1.6253968253968254,269.8623,0.00140064163133502
1.6486167800453515,386.2069,0.0013922855723649263
1.6718367346938776,494.49542,0.0011924260761588812
1.6950566893424037,508.16635,0.0009878764394670725
1.7182766439909298,484.85757,0.0008625512709841132
1.7414965986394557,441.6625,0.0006990645197220147
1.7647165532879818,398.494,0.0005823847022838891
1.787936507936508,420.63254,0.000571051612496376
1.811156462585034,309.78424,0.0005484723951667547
1.8343764172335602,271.80276,0.0005665727658197284
1.8575963718820863,265.39618,0.0004268632037565112
1.8808163265306124,242.91437,0.00036985898623242974
1.9040362811791383,253.58076,0.0003700247034430504
1.9272562358276644,264.5038,0.0003525438660290092
1.9504761904761905,273.62976,0.00011446289863670245
1.9736961451247166,91.068665,1.1342722245899495e-05
1.9969160997732427,0.0,1.0605708666844293e-06
2.020136054421769,0.0,1.7752699932316318e-07
2.043356009070295,0.0,2.8311205824138597e-07
2.066575963718821,0.0,6.595946615561843e-07
2.089795918367347,0.0,2.341532308491878e-06
2.1130158730158732,0.0,2.761879841273185e-06
2.1362358276643993,0.0,1.722142769722268e-06
2.159455782312925,0.0,2.1056985133327544e-07
