0.0,0.0,8.711958798812702e-08
0.023219954648526078,0.0,9.25192580325529e-08
0.046439909297052155,0.0,5.5035343393683434e-08
0.06965986394557823,0.0,4.503572199610062e-07
0.09287981859410431,0.0,4.471985448617488e-07
0.11609977324263039,412.14954,0.00041733073885552585
0.13931972789115646,338.8584,0.0019190346356481314
0.16253968253968254,342.10156,0.003818611614406109
0.18575963718820862,339.57904,0.004891266115009785
0.2089795918367347,341.50748,0.00616211723536253
0.23219954648526078,344.7108,0.0071138618513941765
0.25541950113378686,346.69812,0.007656572852283716
0.2786394557823129,350.7423,0.008945989422500134
0.301859410430839,362.21765,0.009698276408016682
0.3250793650793651,290.1316,0.005967354867607355
0.3482993197278912,352.8,0.005512835457921028
0.37151927437641724,377.46075,0.008238958194851875
0.3947392290249433,386.8421,0.012349961325526237
0.4179591836734694,422.45877,0.01431954000145197
0.44117913832199546,456.04965,0.01594255119562149
0.46439909297052157,444.78064,0.020034871995449066
0.4876190476190476,441.9304,0.023697204887866974
0.5108390022675737,452.53976,0.021540138870477676
0.5340589569160998,454.17096,0.017294269055128098
0.5572789115646258,460.334,0.01483546569943428
0.5804988662131519,466.0795,0.013562183827161789
0.603718820861678,494.2435,0.016779182478785515
0.626938775510204,548.96265,0.04164350777864456
0.6501587301587302,539.5213,0.058485373854637146
0.6733786848072563,549.3274,0.05848078429698944
0.6965986394557824,554.85657,0.0651269257068634
0.7198185941043084,537.25885,0.06679436564445496
0.7430385487528345,534.5455,0.07259893417358398
0.7662585034013606,544.44446,0.06441807001829147
0.7894784580498866,557.38116,0.06858330965042114
0.8126984126984127,580.55695,0.06623552739620209
0.8359183673469388,628.20514,0.14432626962661743
0.8591383219954649,656.93005,0.21121202409267426
0.8823582766439909,684.42834,0.20751622319221497
0.905578231292517,694.3118,0.22043561935424805
0.9287981859410431,688.3686,0.25594550371170044
0.9520181405895691,676.11273,0.29238778352737427
0.9752380952380952,666.8347,0.2958438992500305
0.9984580498866213,671.4636,0.2866118550300598
1.0216780045351475,672.94,0.25610437989234924
1.0448979591836736,649.8476,0.21235324442386627
1.0681179138321997,621.52466,0.10932523757219315
1.0913378684807256,465.14313,0.07464442402124405
1.1145578231292517,542.7692,0.07765810191631317
1.1377777777777778,545.567,0.07086615264415741
1.1609977324263039,535.89874,0.06838217377662659
1.18421768707483,546.875,0.06692329049110413
1.207437641723356,537.53174,0.06036706268787384
1.2306575963718822,528.40735,0.052716419100761414
1.253877551020408,506.48074,0.02290331944823265
1.2770975056689342,454.87366,0.01917622610926628
1.3003174603174603,435.27274,0.02401447668671608
1.3235374149659864,433.92026,0.02058105170726776
1.3467573696145125,442.39703,0.018126308917999268
1.3699773242630386,450.0,0.01714099384844303
1.3931972789115648,448.62665,0.016410430893301964
1.4164172335600906,454.17096,0.017736339941620827
1.4396371882086167,445.45456,0.01847025379538536
1.4628571428571429,425.76218,0.015892328694462776
1.486077097505669,394.14102,0.009420834481716156
1.509297052154195,333.92227,0.006143578328192234
1.5325170068027212,356.9044,0.005306987091898918
1.5557369614512473,352.42407,0.004822379909455776
1.5789569160997732,364.4628,0.005375680513679981
1.6021768707482993,359.44983,0.005325768608599901
1.6253968253968254,355.466,0.004761126358062029
1.6486167800453515,346.15384,0.003359404159709811
1.6718367346938776,341.15524,0.002699878066778183
1.6950566893424037,342.21417,0.0025702326092869043
1.7182766439909298,346.8799,0.003006323240697384
1.7414965986394557,350.7423,0.003701557405292988
1.7647165532879818,356.6038,0.004687328822910786
1.787936507936508,368.2672,0.004643530584871769
1.811156462585034,360.18378,0.003419499844312668
1.8343764172335602,352.2716,0.0027398178353905678
1.8575963718820863,349.63004,0.0028329873457551003
1.8808163265306124,353.55426,0.00343239214271307
1.9040362811791383,371.75974,0.003326318459585309
1.9272562358276644,364.12842,0.001034812186844647
1.9504761904761905,90.647484,0.0002986962499562651
1.9736961451247166,0.0,0.0023230707738548517
1.9969160997732427,0.0,0.0016130991280078888
2.020136054421769,0.0,0.00019807915668934584
2.043356009070295,0.0,0.00011945034930249676
2.066575963718821,0.0,3.236520933569409e-05
2.089795918367347,0.0,1.4450948583544232e-05
2.1130158730158732,37.027706,1.9129332940792665e-05
2.1362358276643993,0.0,1.7723996279528365e-05
2.159455782312925,0.0,1.3041162674198858e-06
2.182675736961451,0.0,6.081663741497323e-07
