0.0,0.0,1.2524651538114995e-08
0.023219954648526078,0.0,1.0404619388282299e-08
0.046439909297052155,0.0,1.748685463098809e-08
0.06965986394557823,0.0,1.7955062503460795e-07
0.09287981859410431,0.0,5.0345988711342216e-08
0.11609977324263039,384.59302,7.631945481989533e-05
0.13931972789115646,371.10797,0.00041155703365802765
0.16253968253968254,366.11322,0.001108170603401959
0.18575963718820862,372.1519,0.001647339784540236
0.2089795918367347,363.52396,0.0018418938852846622
0.23219954648526078,372.9387,0.0018532630056142807
0.25541950113378686,363.89893,0.00189859583042562
0.2786394557823129,361.4754,0.0019315198296681046
0.301859410430839,370.58823,0.002076988108456135
0.3250793650793651,385.05392,0.002360161393880844
0.3482993197278912,394.78674,0.002686870750039816
0.37151927437641724,401.31448,0.0036230317782610655
0.3947392290249433,407.2858,0.004803922027349472
0.4179591836734694,413.8686,0.0042606377974152565
0.44117913832199546,403.55872,0.0038873760495334864
0.46439909297052157,400.30258,0.0043726349249482155
0.4876190476190476,421.0553,0.006912738084793091
0.5108390022675737,440.5363,0.010139865800738335
0.5340589569160998,442.54892,0.010144855827093124
0.5572789115646258,442.10526,0.011279955506324768
0.5804988662131519,435.04672,0.011912456713616848
0.603718820861678,434.82098,0.012159215286374092
0.626938775510204,450.68985,0.010930797085165977
0.6501587301587302,471.05798,0.011843200773000717
0.6733786848072563,498.8175,0.011582551524043083
0.6965986394557824,514.6119,0.012542027980089188
0.7198185941043084,499.07407,0.01295206043869257
0.7430385487528345,484.6154,0.0127994604408741
0.7662585034013606,482.59512,0.014739876613020897
0.7894784580498866,500.61917,0.01736675202846527
0.8126984126984127,523.10474,0.017577428370714188
0.8359183673469388,541.9355,0.01419828087091446
0.8591383219954649,552.35474,0.019776809960603714
0.8823582766439909,534.81555,0.024354740977287292
0.905578231292517,526.56714,0.026892267167568207
0.9287981859410431,547.9622,0.0230955109000206
0.9520181405895691,567.4215,0.01947125233709812
0.9752380952380952,590.9181,0.020999008789658546
0.9984580498866213,586.19635,0.022193443030118942
1.0216780045351475,573.6213,0.021816588938236237
1.0448979591836736,575.89154,0.025442421436309814
1.0681179138321997,594.1617,0.029996920377016068
1.0913378684807256,619.5109,0.03787156939506531
1.1145578231292517,655.17413,0.048048172146081924
1.1377777777777778,659.1928,0.05035930499434471
1.1609977324263039,635.83936,0.047161396592855453
1.18421768707483,630.96576,0.05757257342338562
1.207437641723356,641.37415,0.06502363085746765
1.2306575963718822,666.09375,0.1054554209113121
1.253877551020408,700.0,0.14270055294036865
1.2770975056689342,709.14575,0.15845446288585663
1.3003174603174603,698.5692,0.12017326802015305
1.3235374149659864,679.8111,0.1032477617263794
1.3467573696145125,682.1856,0.12379184365272522
1.3699773242630386,713.44794,0.16350747644901276
1.3931972789115648,753.8461,0.11307109892368317
1.4164172335600906,781.1235,0.13543905317783356
1.4396371882086167,781.519,0.13772107660770416
1.4628571428571429,770.5941,0.13306619226932526
1.486077097505669,757.2727,0.12929531931877136
1.509297052154195,766.56445,0.13053801655769348
1.5325170068027212,775.6281,0.13530871272087097
1.5557369614512473,767.1471,0.12352915108203888
1.5789569160997732,733.88806,0.15354135632514954
1.6021768707482993,692.5532,0.11138759553432465
1.6253968253968254,678.125,0.10201405733823776
1.6486167800453515,684.2342,0.10335677862167358
1.6718367346938776,690.4545,0.09177631139755249
1.6950566893424037,671.5736,0.06682358682155609
1.7182766439909298,651.5028,0.04485226422548294
1.7414965986394557,626.80206,0.04236522316932678
1.7647165532879818,627.439,0.041650570929050446
1.787936507936508,640.41064,0.04033529385924339
1.811156462585034,648.2007,0.037814170122146606
1.8343764172335602,645.583,0.028857287019491196
1.8575963718820863,607.5,0.024055492132902145
1.8808163265306124,390.46875,0.015123948454856873
1.9040362811791383,574.16125,0.01803392544388771
1.9272562358276644,573.8739,0.01801281049847603
1.9504761904761905,592.6829,0.022418424487113953
1.9736961451247166,602.8861,0.021803228184580803
1.9969160997732427,573.02496,0.015187238343060017
2.020136054421769,547.9622,0.01609109714627266
2.043356009070295,513.8298,0.013481177389621735
2.066575963718821,509.5588,0.013466651551425457
2.089795918367347,529.995,0.017409726977348328
2.1130158730158732,529.995,0.016426099464297295
2.1362358276643993,525.52136,0.015544664114713669
2.159455782312925,471.7779,0.00932365283370018
2.182675736961451,471.29773,0.004974515177309513
2.2058956916099772,463.5135,0.004679609090089798
2.2291156462585033,471.05798,0.004996605217456818
2.2523356009070294,480.84113,0.006062096916139126
2.2755555555555556,483.8903,0.0059021031484007835
2.2987755102040817,465.14313,0.004709777422249317
2.3219954648526078,446.1305,0.004011762328445911
2.345215419501134,430.13348,0.004407284781336784
2.36843537414966,426.41223,0.004381523467600346
2.391655328798186,434.82098,0.00423382269218564
2.414875283446712,449.08353,0.0044506508857011795
2.4380952380952383,443.43893,0.0042922827415168285
2.4613151927437644,435.49896,0.004100689198821783
2.48453514739229,409.80896,0.0028051501139998436
2.507755102040816,398.29404,0.0022669616155326366
2.5309750566893423,398.7766,0.002362665254622698
2.5541950113378684,406.2436,0.002178963739424944
2.5774149659863945,399.69788,0.0016410879325121641
2.6006349206349206,373.35657,0.0014460907550528646
2.6238548752834467,354.92957,0.0011948642786592245
2.647074829931973,345.25052,0.001001817872747779
2.670294784580499,346.33508,0.0010419199243187904
2.693514739229025,350.0,0.0011167880147695541
2.716734693877551,362.58994,0.0011901328107342124
2.7399546485260773,358.90134,0.0013185616116970778
2.7631746031746034,354.75113,0.001326749101281166
2.7863945578231295,354.31174,0.001369963400065899
2.809614512471655,367.11758,0.0012927509378641844
2.8328344671201813,361.66068,0.0012373726349323988
2.8560544217687074,356.5437,0.001088390708900988
2.8792743764172335,352.44754,0.000912550138309598
2.9024943310657596,351.11465,0.0008163438178598881
2.9257142857142857,353.3654,0.0010445774532854557
2.948934240362812,355.28702,0.0013160486705601215
2.972154195011338,372.74167,0.0014247000217437744
2.995374149659864,365.21738,0.00132790207862854
3.01859410430839,356.5437,0.0009284527041018009
3.0418140589569163,325.80475,0.0006016018451191485
3.0650340136054424,331.22318,0.0005569093627855182
3.0882539682539685,335.7868,0.0007391382241621614
3.1114739229024946,347.42645,0.0009369770996272564
3.1346938775510207,364.27466,0.0010053113801404834
3.1579138321995464,359.44983,0.000984306912869215
3.1811337868480725,355.64517,0.0009460867149755359
3.2043537414965986,348.52475,0.0007373016560450196
3.2275736961451247,345.9728,0.0007565930718556046
3.250793650793651,363.89893,0.0009027079213410616
3.274013605442177,361.10544,0.0008407371933571994
3.297233560090703,357.08502,0.0007086599362082779
3.320453514739229,353.17673,0.0006355467485263944
3.3436734693877552,298.59375,0.0004491240542847663
3.3668934240362813,334.51328,0.00013359900913201272
3.3901133786848074,306.25,4.8391819291282445e-05
3.4133333333333336,35.65077,2.905670044128783e-05
3.4365532879818597,0.0,2.54737060458865e-05
3.4597732426303858,0.0,1.4100006410444621e-05
3.4829931972789114,0.0,7.919181371107697e-06
3.5062131519274375,0.0,5.374318789108656e-06
3.5294331065759637,0.0,1.084720679500606e-06
3.5526530612244898,0.0,1.3974640751257539e-06
3.575873015873016,0.0,1.1557094694580883e-06
3.599092970521542,0.0,5.677347871824168e-07
3.622312925170068,0.0,6.79774529999122e-08
3.645532879818594,0.0,3.3187734516104683e-07
3.6687528344671203,0.0,2.4911969376262277e-08
3.6919727891156464,0.0,1.3702174328500405e-07
3.7151927437641725,0.0,4.042803993797861e-07
3.7384126984126986,0.0,1.3900717021897435e-07
3.7616326530612247,0.0,1.3294356904225424e-07
3.784852607709751,0.0,4.2868668970186263e-07
3.8080725623582765,0.0,1.7396996554452926e-07
