0.0,0.0,1.3760654837824404e-08
0.023219954648526078,0.0,1.7835191101767123e-08
0.046439909297052155,0.0,1.055377651937306e-08
0.06965986394557823,0.0,1.499211066402495e-08
0.09287981859410431,0.0,2.5725057639647275e-08
0.11609977324263039,0.0,1.5566001820843667e-08
0.13931972789115646,0.0,2.011074684560299e-08
0.16253968253968254,0.0,1.1867368812090717e-06
0.18575963718820862,349.0765,0.00012859789421781898
0.2089795918367347,384.31372,0.00042218968155793846
0.23219954648526078,367.77863,0.0007725394098088145
0.25541950113378686,363.46152,0.000981199205853045
0.2786394557823129,371.75974,0.0011705504730343819
0.301859410430839,363.33676,0.001133614219725132
0.3250793650793651,374.9203,0.0006889732321724296
0.3482993197278912,386.04532,0.0005059334798716009
0.37151927437641724,390.06244,0.0005866338033229113
0.3947392290249433,393.75,0.0008255938300862908
0.4179591836734694,396.4569,0.0009928937070071697
0.44117913832199546,400.05338,0.001076109940186143
0.46439909297052157,400.69482,0.0009662279626354575
0.4876190476190476,403.49838,0.0009540755418129265
0.5108390022675737,414.73352,0.0010260376147925854
0.5340589569160998,426.41223,0.0011496394872665405
0.5572789115646258,434.14508,0.0013385352212935686
0.5804988662131519,435.49896,0.0014346442185342312
0.603718820861678,435.49896,0.0015527911018580198
0.626938775510204,424.492,0.0015979968011379242
0.6501587301587302,447.48856,0.0014640382723882794
0.6733786848072563,468.91138,0.0014581650029867887
0.6965986394557824,483.40808,0.0017751713749021292
0.7198185941043084,486.07214,0.0016379375010728836
0.7430385487528345,463.7224,0.0016520631033927202
0.7662585034013606,462.8186,0.0016526018735021353
0.7894784580498866,471.7779,0.001726590096950531
0.8126984126984127,485.8017,0.002699393779039383
0.8359183673469388,526.63556,0.004244506824761629
0.8591383219954649,533.4678,0.005643827375024557
0.8823582766439909,511.49774,0.005834468640387058
0.905578231292517,505.38116,0.004772622138261795
0.9287981859410431,512.7907,0.006495076231658459
0.9520181405895691,538.352,0.006376470439136028
0.9752380952380952,568.29895,0.008062026463449001
0.9984580498866213,591.0309,0.011710228398442268
1.0216780045351475,581.1455,0.008446000516414642
1.0448979591836736,562.7871,0.00855279341340065
1.0681179138321997,559.64465,0.01125967688858509
1.0913378684807256,585.29865,0.015236038714647293
1.1145578231292517,638.2055,0.02594606764614582
1.1377777777777778,662.8257,0.03587138652801514
1.1609977324263039,664.4902,0.036088548600673676
1.18421768707483,636.2686,0.0285164937376976
1.207437641723356,618.9474,0.03558726608753204
1.2306575963718822,629.03723,0.041886765509843826
1.253877551020408,667.17096,0.07011565566062927
1.2770975056689342,707.01404,0.08248373866081238
1.3003174603174603,729.1082,0.09202858805656433
1.3235374149659864,710.932,0.09139843285083771
1.3467573696145125,679.1581,0.06452436745166779
1.3699773242630386,679.5069,0.08355879783630371
1.3931972789115648,709.7114,0.08122624456882477
1.4164172335600906,679.8111,0.055214475840330124
1.4396371882086167,807.11743,0.0561518669128418
1.4628571428571429,796.988,0.0574520081281662
1.486077097505669,764.22015,0.06642555445432663
1.509297052154195,758.0384,0.06982380151748657
1.5325170068027212,772.5225,0.06431977450847626
1.5557369614512473,784.7751,0.07519787549972534
1.5789569160997732,767.1471,0.07105831801891327
1.6021768707482993,525.54407,0.10882535576820374
1.6253968253968254,688.3686,0.07673634588718414
1.6486167800453515,677.1174,0.07587814331054688
1.6718367346938776,686.6399,0.08929887413978577
1.6950566893424037,693.25555,0.0826171338558197
1.7182766439909298,678.46155,0.05936122685670853
1.7414965986394557,652.1257,0.0359155610203743
1.7647165532879818,634.0605,0.03471483290195465
1.787936507936508,622.69293,0.03371048718690872
1.811156462585034,638.4923,0.03408399224281311
1.8343764172335602,651.5028,0.03746920824050903
1.8575963718820863,641.6959,0.029221244156360626
1.8808163265306124,594.1617,0.022174593061208725
1.9040362811791383,580.851,0.013578306883573532
1.9272562358276644,579.04407,0.015943259000778198
1.9504761904761905,591.0309,0.020863333716988564
1.9736961451247166,600.1512,0.02534559555351734
1.9969160997732427,530.26056,0.01636648178100586
2.020136054421769,560.69653,0.009476494044065475
2.043356009070295,528.28125,0.008867920376360416
2.066575963718821,518.2933,0.010195709764957428
2.089795918367347,535.3566,0.011485239490866661
2.1130158730158732,554.85657,0.011614968068897724
2.1362358276643993,543.8849,0.009897936135530472
2.159455782312925,523.13165,0.006809266284108162
2.182675736961451,494.7476,0.0034435815177857876
2.2058956916099772,480.34232,0.0036016881931573153
2.2291156462585033,480.09332,0.003916325978934765
2.2523356009070294,484.1317,0.004237092100083828
2.2755555555555556,486.39706,0.0038031763397157192
2.2987755102040817,473.95087,0.00292447442188859
2.3219954648526078,448.85495,0.002278478816151619
2.345215419501134,429.03226,0.002291472628712654
2.36843537414966,431.6847,0.0025087660178542137
2.391655328798186,450.68985,0.0025151041336357594
2.414875283446712,446.58228,0.002337281359359622
2.4380952380952383,439.90024,0.002229090081527829
2.4613151927437644,431.90723,0.001538054901175201
2.48453514739229,405.0,0.0009824441513046622
2.507755102040816,396.6667,0.0011288798414170742
2.5309750566893423,416.6929,0.0014041070826351643
2.5541950113378684,407.70416,0.0012898710556328297
2.5774149659863945,395.5157,0.000929247064050287
2.6006349206349206,388.0435,0.0009216032922267914
2.6238548752834467,367.3087,0.0007155030034482479
2.647074829931973,358.5366,0.0007410045946016908
2.670294784580499,356.9044,0.0008335865568369627
2.693514739229025,376.11942,0.0008677284349687397
2.716734693877551,367.8832,0.0007659116527065635
2.7399546485260773,359.8164,0.0005501466221176088
2.7631746031746034,355.26315,0.0005349240964278579
2.7863945578231295,354.69168,0.0005073570064269006
2.809614512471655,353.74332,0.00048028689343482256
2.8328344671201813,353.55426,0.00046415909309871495
2.8560544217687074,353.17673,0.0004423063946887851
2.8792743764172335,352.04895,0.00039112207014113665
2.9024943310657596,335.3612,0.00032798171741887927
2.9257142857142857,330.33707,0.00029017601627856493
2.948934240362812,338.53635,0.00031699182000011206
2.972154195011338,348.8924,0.00030698682530783117
2.995374149659864,355.64517,0.0003398053231649101
3.01859410430839,359.8164,0.00046410696813836694
3.0418140589569163,360.92072,0.0004890254931524396
3.0650340136054424,355.07248,0.00045893987407907844
3.0882539682539685,348.1579,0.00032255175756290555
3.1114739229024946,323.92447,0.0002597334678284824
3.1346938775510207,333.54944,0.0002800241927616298
3.1579138321995464,345.6113,0.00033494297531433403
3.1811337868480725,357.3744,0.00041123369010165334
3.2043537414965986,371.75974,0.00040606767288409173
3.2275736961451247,361.4754,0.00043667707359418273
3.250793650793651,346.8799,0.00027299957582727075
3.274013605442177,342.92377,0.00024606092483736575
3.297233560090703,333.91022,0.0003115043218713254
3.320453514739229,362.4037,0.0003729859599843621
3.3436734693877552,181.20184,0.00017768917314242572
3.3668934240362813,0.0,8.726083251531236e-06
3.3901133786848074,0.0,3.6214978536008857e-06
3.4133333333333336,0.0,7.312616617127787e-06
3.4365532879818597,0.0,1.3967819540994242e-06
3.4597732426303858,0.0,7.162889232859015e-07
3.4829931972789114,0.0,1.770258677424863e-07
3.5062131519274375,0.0,1.475455064792186e-07
3.5294331065759637,0.0,2.65372364083305e-08
3.5526530612244898,0.0,4.7938556235749274e-08
