0.0,0.0,8.201550372177735e-08
0.023219954648526078,0.0,8.074130164459348e-08
0.046439909297052155,0.0,3.701734385685995e-08
0.06965986394557823,0.0,4.815137799596414e-08
0.09287981859410431,0.0,2.61118657363113e-07
0.11609977324263039,288.86462,0.00021229026606306434
0.13931972789115646,273.18585,0.0005794487078674138
0.16253968253968254,269.79977,0.0007970104343257844
0.18575963718820862,273.44983,0.0011924607679247856
0.2089795918367347,278.08725,0.0012488642241805792
0.23219954648526078,271.94244,0.0012898759450763464
0.25541950113378686,272.5026,0.0013903059298172593
0.2786394557823129,280.0,0.001424034358933568
0.301859410430839,274.76636,0.0013879345497116446
0.3250793650793651,286.22067,0.001311205793172121
0.3482993197278912,302.69272,0.0012614249717444181
0.37151927437641724,343.63638,0.0023687141947448254
0.3947392290249433,364.03302,0.0031710327602922916
0.4179591836734694,360.92072,0.003165207337588072
0.44117913832199546,363.52396,0.003033969085663557
0.46439909297052157,364.27466,0.0027420343831181526
0.4876190476190476,355.8245,0.0029930686578154564
0.5108390022675737,357.18143,0.0028446363285183907
0.5340589569160998,299.5298,0.0019508351106196642
0.5572789115646258,381.52673,0.0020950855687260628
0.5804988662131519,371.564,0.002489512786269188
0.603718820861678,417.56967,0.004219504538923502
0.626938775510204,414.30063,0.005079307593405247
0.6501587301587302,419.57938,0.004347739741206169
0.6733786848072563,406.4516,0.004459049087017775
0.6965986394557824,401.98392,0.004501400049775839
0.7198185941043084,407.0769,0.004352304618805647
0.7430385487528345,421.69098,0.0041349949315190315
0.7662585034013606,405.94144,0.0022795661352574825
0.7894784580498866,135.97122,0.003901321906596422
0.8126984126984127,512.2492,0.012904029339551926
0.8359183673469388,585.3982,0.037503279745578766
0.8591383219954649,573.03735,0.0622045174241066
0.8823582766439909,407.0769,0.03899579495191574
0.905578231292517,520.4207,0.03001249209046364
0.9287981859410431,516.1832,0.028671713545918465
0.9520181405895691,523.9153,0.03868971765041351
0.9752380952380952,548.3938,0.03973165154457092
0.9984580498866213,404.17514,0.026204753667116165
1.0216780045351475,523.6148,0.006902202032506466
1.0448979591836736,112.09965,0.0018509315559640527
1.0681179138321997,270.0,0.0023371807765215635
1.0913378684807256,396.9397,0.003864840604364872
1.1145578231292517,405.62085,0.005318015813827515
1.1377777777777778,400.1008,0.004239446483552456
1.1609977324263039,396.87665,0.0035491259768605232
1.18421768707483,394.78674,0.002946525812149048
1.207437641723356,406.4516,0.002822575159370899
1.2306575963718822,403.35364,0.003141242079436779
1.253877551020408,399.49673,0.0031154132448136806
1.2770975056689342,378.8277,0.003143167123198509
1.3003174603174603,330.58472,0.002658993937075138
1.3235374149659864,272.5026,0.002175348810851574
1.3467573696145125,329.98398,0.002148527419194579
1.3699773242630386,331.91168,0.0019275904633104801
1.3931972789115648,337.32788,0.0017835043836385012
1.4164172335600906,329.6316,0.0016206209547817707
1.4396371882086167,328.754,0.0016225329600274563
1.4628571428571429,335.44626,0.0017151657957583666
1.486077097505669,332.114,0.0016170669114217162
1.509297052154195,327.53317,0.0014182629529386759
1.5325170068027212,289.2533,0.0011663715122267604
1.5557369614512473,162.55925,0.0006085976492613554
1.5789569160997732,263.0694,0.0004754833353217691
1.6021768707482993,266.24588,0.0006144919898360968
1.6253968253968254,285.5909,0.0009038969874382019
1.6486167800453515,276.2004,0.000987667590379715
1.6718367346938776,276.34467,0.0009495661943219602
1.6950566893424037,281.48935,0.000764843076467514
1.7182766439909298,226.85185,0.0004320355365052819
1.7414965986394557,216.35324,0.0001855705340858549
1.7647165532879818,264.6,0.00014717673184350133
1.787936507936508,267.94937,0.00014185017789714038
1.811156462585034,254.51208,0.0003004295867867768
1.8343764172335602,284.36325,0.00029021321097388864
1.8575963718820863,277.94116,0.00023983753635548055
1.8808163265306124,235.95506,0.00016751611838117242
1.9040362811791383,206.07477,0.00010213286441285163
1.9272562358276644,246.23114,9.463251626584679e-05
1.9504761904761905,251.04364,8.549782796762884e-05
1.9736961451247166,202.29358,6.519771704915911e-05
1.9969160997732427,0.0,1.5743553376523778e-06
2.020136054421769,0.0,5.04245690535754e-07
2.043356009070295,0.0,1.6924695955822244e-07
2.066575963718821,0.0,1.5571185940643772e-07
2.089795918367347,0.0,1.1332303984090686e-07
2.1130158730158732,0.0,2.5966983230318874e-08
2.1362358276643993,0.0,2.1902451408095658e-08
2.159455782312925,0.0,3.966579242842272e-08
2.182675736961451,0.0,5.6847056839615107e-08
2.2058956916099772,0.0,5.794117896584794e-08
2.2291156462585033,0.0,1.2243435776326805e-07
2.2523356009070294,0.0,4.64224285678938e-08
2.2755555555555556,0.0,4.827870725421235e-08
2.2987755102040817,0.0,1.5477962733712047e-07
2.3219954648526078,0.0,3.8326106732711196e-08
