0.0,0.0,7.472172001143917e-07
0.023219954648526078,0.0,7.967055353219621e-07
0.046439909297052155,0.0,1.0569328878773376e-06
0.06965986394557823,0.0,1.4030019883648492e-06
0.09287981859410431,0.0,1.393350430589635e-06
0.11609977324263039,0.0,1.4594652384403162e-06
0.13931972789115646,0.0,3.53973973687971e-06
0.16253968253968254,572.7273,0.0003242597449570894
0.18575963718820862,386.8421,0.0023906100541353226
0.2089795918367347,482.4945,0.003225329564884305
0.23219954648526078,643.9577,0.0034325318410992622
0.25541950113378686,699.2601,0.0035206470638513565
0.2786394557823129,340.8037,0.004293295554816723
0.301859410430839,357.4468,0.00511766504496336
0.3250793650793651,355.8245,0.005698868073523045
0.3482993197278912,365.40652,0.006148697808384895
0.37151927437641724,540.8278,0.00608124490827322
0.3947392290249433,649.55286,0.006514711305499077
0.4179591836734694,469.38675,0.006605619564652443
0.44117913832199546,394.99475,0.00807963777333498
0.46439909297052157,683.72095,0.03357621654868126
0.4876190476190476,752.7369,0.03353433310985565
0.5108390022675737,735.0,0.01936371996998787
0.5340589569160998,797.38824,0.03273632004857063
0.5572789115646258,879.3619,0.04324762523174286
0.5804988662131519,870.2516,0.04537700116634369
0.603718820861678,866.83044,0.0497981533408165
0.626938775510204,873.4891,0.061322323977947235
0.6501587301587302,873.4891,0.0510985441505909
0.6733786848072563,866.25,0.014497721567749977
0.6965986394557824,225.22983,0.02092200703918934
0.7198185941043084,549.3425,0.03877292200922966
0.7430385487528345,557.38116,0.05025023594498634
0.7662585034013606,550.9745,0.03632095456123352
0.7894784580498866,532.93054,0.03126883879303932
0.8126984126984127,528.0063,0.03439701348543167
0.8359183673469388,537.53174,0.04618886858224869
0.8591383219954649,550.6993,0.041691072285175323
0.8823582766439909,457.7063,0.026905197650194168
0.905578231292517,884.2105,0.19019737839698792
0.9287981859410431,892.8417,0.3057367503643036
0.9520181405895691,819.5379,0.22329963743686676
0.9752380952380952,740.079,0.29815560579299927
0.9984580498866213,730.9393,0.4304678738117218
1.0216780045351475,718.16797,0.5043995976448059
1.0448979591836736,720.08905,0.5348607897758484
1.0681179138321997,727.65,0.5674384832382202
1.0913378684807256,730.2057,0.5881960988044739
1.1145578231292517,720.7355,0.5683684945106506
1.1377777777777778,1028.7019,0.6023918390274048
1.1609977324263039,1267.4926,0.5526497960090637
1.18421768707483,587.41986,0.13637284934520721
1.207437641723356,353.17673,0.0723988264799118
1.2306575963718822,539.2996,0.04212968051433563
1.253877551020408,525.0,0.03690078482031822
1.2770975056689342,518.5583,0.030126046389341354
1.3003174603174603,513.0501,0.026362339034676552
1.3235374149659864,505.88528,0.023408392444252968
1.3467573696145125,508.93124,0.020698178559541702
1.3699773242630386,521.223,0.021872038021683693
1.3931972789115648,526.08923,0.029658673331141472
1.4164172335600906,529.108,0.033483341336250305
1.4396371882086167,501.65463,0.022765694186091423
1.4628571428571429,386.4433,0.015602285973727703
1.486077097505669,819.0,0.03646625578403473
1.509297052154195,823.2732,0.05369478464126587
1.5325170068027212,868.9655,0.04461875185370445
1.5557369614512473,824.2991,0.03583710640668869
1.5789569160997732,879.3619,0.04220090061426163
1.6021768707482993,881.0963,0.050599806010723114
1.6253968253968254,876.15894,0.051299940794706345
1.6486167800453515,875.26715,0.05230320617556572
1.6718367346938776,878.0488,0.04657325893640518
1.6950566893424037,875.43427,0.047885239124298096
1.7182766439909298,873.6999,0.053260840475559235
1.7414965986394557,831.6625,0.04196201264858246
1.7647165532879818,413.57355,0.010671965777873993
1.787936507936508,320.22824,0.0050403038039803505
1.811156462585034,364.27466,0.003326276782900095
1.8343764172335602,331.22318,0.002974198665469885
1.8575963718820863,323.07693,0.0038217175751924515
1.8808163265306124,370.00525,0.004070114344358444
1.9040362811791383,365.40652,0.003901228541508317
1.9272562358276644,397.2973,0.004643045365810394
1.9504761904761905,471.65775,0.005600960459560156
1.9736961451247166,637.85535,0.005475291050970554
1.9969160997732427,639.76984,0.00353434169664979
2.020136054421769,501.3841,0.0019076416501775384
2.043356009070295,415.83124,0.0017459625378251076
2.066575963718821,371.7899,0.003069292288273573
2.089795918367347,366.165,0.0031512354034930468
2.1130158730158732,360.55188,0.00323663791641593
2.1362358276643993,352.04895,0.002851909026503563
2.159455782312925,322.68292,0.001446387148462236
2.182675736961451,332.41205,0.001324784941971302
2.2058956916099772,289.83823,0.0010827911319211125
2.2291156462585033,140.96964,0.00043469329830259085
2.2523356009070294,345.79196,0.00038500025402754545
2.2755555555555556,358.71887,0.0005080508999526501
2.2987755102040817,377.49243,0.00044855952728539705
2.3219954648526078,347.60904,0.0003269609296694398
2.345215419501134,333.41736,0.0002728060935623944
2.36843537414966,320.26144,0.00014041224494576454
2.391655328798186,117.66276,2.2343154341797344e-05
2.414875283446712,0.0,8.607685231254436e-07
2.4380952380952383,0.0,9.098966984311119e-07
2.4613151927437644,0.0,1.7664515326032415e-06
2.48453514739229,0.0,1.927038283611182e-06
2.507755102040816,0.0,3.013705281773582e-06
2.5309750566893423,0.0,1.1401425581425428e-06
2.5541950113378684,0.0,6.124846549937502e-07
2.5774149659863945,0.0,6.983373168623075e-08
