0.0,0.0,3.852283043670468e-07
0.023219954648526078,0.0,3.8687358028255403e-07
0.046439909297052155,0.0,4.2381452658446506e-07
0.06965986394557823,0.0,1.758871803758666e-07
0.09287981859410431,0.0,3.3654669095994905e-07
0.11609977324263039,408.33334,0.00027113885153084993
0.13931972789115646,287.06265,0.0010202224366366863
0.16253968253968254,275.3382,0.0014167323242872953
0.18575963718820862,273.44983,0.0015927033964544535
0.2089795918367347,269.35034,0.00162031059153378
0.23219954648526078,265.80823,0.0017471180763095617
0.25541950113378686,265.95395,0.001818305579945445
0.2786394557823129,280.44516,0.0018241852521896362
0.301859410430839,275.76862,0.0015622638165950775
0.3250793650793651,273.75845,0.001518823904916644
0.3482993197278912,261.22778,0.0012666843831539154
0.37151927437641724,137.88431,0.0006239025387912989
0.3947392290249433,326.8529,0.0009294365299865603
0.4179591836734694,369.8113,0.001023690216243267
0.44117913832199546,364.83972,0.0011692721163854003
0.46439909297052157,356.98868,0.0011976489331573248
0.4876190476190476,363.33676,0.0012957989238202572
0.5108390022675737,358.3545,0.0014027096331119537
0.5340589569160998,357.4468,0.0012667635455727577
0.5572789115646258,363.14978,0.0011305054649710655
0.5804988662131519,394.78674,0.0013766504125669599
0.603718820861678,405.20673,0.001945208990946412
0.626938775510204,424.25317,0.0022977190092206
0.6501587301587302,412.57797,0.0023705647327005863
0.6733786848072563,422.7548,0.002540739718824625
0.6965986394557824,412.57797,0.0023248433135449886
0.7198185941043084,420.44492,0.0024508051574230194
0.7430385487528345,407.49487,0.002126882551237941
0.7662585034013606,420.66772,0.0026100678369402885
0.7894784580498866,467.28476,0.005609931889921427
0.8126984126984127,522.92487,0.02238651178777218
0.8359183673469388,545.4545,0.028992097824811935
0.8591383219954649,535.31793,0.056032828986644745
0.8823582766439909,546.13,0.129816934466362
0.905578231292517,535.6275,0.19455230236053467
0.9287981859410431,531.59216,0.18783973157405853
0.9520181405895691,535.3566,0.11126838624477386
0.9752380952380952,403.35364,0.054636530578136444
0.9984580498866213,539.17474,0.06399470567703247
1.0216780045351475,444.55646,0.0677807629108429
1.0448979591836736,175.17378,0.005393815692514181
1.0681179138321997,139.11671,0.002885561203584075
1.0913378684807256,397.49625,0.0032102270051836967
1.1145578231292517,423.18182,0.003183093387633562
1.1377777777777778,413.65292,0.0027969933580607176
1.1609977324263039,407.2858,0.0027351640164852142
1.18421768707483,411.93564,0.0026682796888053417
1.207437641723356,405.62085,0.002649846486747265
1.2306575963718822,416.6929,0.002613137708976865
1.253877551020408,406.2436,0.002464588265866041
1.2770975056689342,325.2898,0.001643274910748005
1.3003174603174603,278.23343,0.0014342679642140865
1.3235374149659864,328.92914,0.0011785997776314616
1.3467573696145125,334.59787,0.0009442063746973872
1.3699773242630386,344.53125,0.0010220503900200129
1.3931972789115648,346.33508,0.0010102154919877648
1.4164172335600906,343.45795,0.0008598112617619336
1.4396371882086167,343.27972,0.0007393738487735391
1.4628571428571429,348.34125,0.0007201544940471649
1.486077097505669,353.55426,0.0007543182000517845
1.509297052154195,331.40097,0.000586611800827086
1.5325170068027212,248.3871,0.000721848220564425
1.5557369614512473,302.533,0.0010229665786027908
1.5789569160997732,278.67297,0.0009301274549216032
1.6021768707482993,268.75345,0.0008839741349220276
1.6253968253968254,267.42007,0.0007275622920133173
1.6486167800453515,283.90558,0.000550563505385071
1.6718367346938776,277.06805,0.0004670343769248575
1.6950566893424037,275.46848,0.0005146603798493743
1.7182766439909298,282.69232,0.0004691115755122155
1.7414965986394557,273.91306,0.00040094266296364367
1.7647165532879818,267.13782,0.0002772861625999212
1.787936507936508,231.42857,0.0001718636485747993
1.811156462585034,265.37198,0.00015501795860473067
1.8343764172335602,287.29642,0.0002278693427797407
1.8575963718820863,284.51614,0.0002004150446737185
1.8808163265306124,288.54962,0.00019226284348405898
1.9040362811791383,228.14278,0.00012086083006579429
1.9272562358276644,110.1949,6.483623292297125e-05
1.9504761904761905,250.43881,8.067126327659935e-05
1.9736961451247166,275.3382,7.44227145332843e-05
1.9969160997732427,160.53041,1.3394414963840973e-05
2.020136054421769,0.0,3.9417682273779064e-07
2.043356009070295,0.0,3.708864824147895e-07
2.066575963718821,0.0,3.330169420223683e-07
2.089795918367347,0.0,3.4953609429067e-07
2.1130158730158732,0.0,2.3556367523269728e-07
2.1362358276643993,0.0,2.4452856450807303e-07
2.159455782312925,0.0,1.6825288184918463e-07
2.182675736961451,0.0,1.088064891519025e-07
2.2058956916099772,0.0,7.72097337176092e-08
