0.0,0.0,1.4212946553016081e-07
0.023219954648526078,0.0,3.632067091530189e-07
0.046439909297052155,0.0,3.518580342642963e-07
0.06965986394557823,0.0,2.46759555011522e-07
0.09287981859410431,0.0,2.489277903805487e-07
0.11609977324263039,0.0,1.0203984857071191e-07
0.13931972789115646,0.0,1.413136487826705e-07
0.16253968253968254,0.0,7.898415788076818e-08
0.18575963718820862,0.0,6.215304892975837e-08
0.2089795918367347,0.0,1.235548552358523e-07
0.23219954648526078,0.0,3.3521246223244816e-08
0.25541950113378686,0.0,1.6505146049894392e-07
0.2786394557823129,735.0,1.636373417568393e-05
0.301859410430839,338.8584,0.0001267612533411011
0.3250793650793651,342.42926,0.00020090953330509365
0.3482993197278912,347.42645,0.0003174262819811702
0.37151927437641724,366.73596,0.00040560902561992407
0.3947392290249433,361.66068,0.0004258087428752333
0.4179591836734694,354.92957,0.0003946612123399973
0.44117913832199546,349.63004,0.000466375146061182
0.46439909297052157,348.8924,0.00046293222112581134
0.4876190476190476,365.21738,0.0004941101651638746
0.5108390022675737,383.87097,0.00045569654321298003
0.5340589569160998,371.17307,0.0006305791903287172
0.5572789115646258,417.35016,0.0007477574981749058
0.5804988662131519,423.18182,0.0009438478155061603
0.603718820861678,412.36365,0.000982185360044241
0.626938775510204,369.23077,0.0007091121515259147
0.6501587301587302,247.62634,0.00035533407935872674
0.6733786848072563,382.00192,0.00021180717158131301
0.6965986394557824,399.89923,0.00014730662223882973
0.7198185941043084,425.57297,0.00024336746719200164
0.7430385487528345,491.82156,0.0005509674083441496
0.7662585034013606,483.55264,0.0011417774949222803
0.7894784580498866,464.94467,0.0013424195349216461
0.8126984126984127,435.36584,0.0011056963121518493
0.8359183673469388,411.6686,0.0005993772065266967
0.8591383219954649,410.02066,0.00040189496940001845
0.8823582766439909,420.0,0.0004931666189804673
0.905578231292517,528.14374,0.0008463503909297287
0.9287981859410431,500.10312,0.002109743421897292
0.9520181405895691,493.23846,0.002791815437376499
0.9752380952380952,484.2353,0.0015997793525457382
0.9984580498866213,555.69556,0.0011654498521238565
1.0216780045351475,345.88235,0.0006541064940392971
1.0448979591836736,460.5744,0.0006711783935315907
1.0681179138321997,426.3158,0.00184295151848346
1.0913378684807256,569.5572,0.008448254317045212
1.1145578231292517,563.4835,0.017567429691553116
1.1377777777777778,401.92404,0.008225850760936737
1.1609977324263039,290.86758,0.0032158023677766323
1.18421768707483,309.78424,0.0022315694950520992
1.207437641723356,506.63184,0.0018966114148497581
1.2306575963718822,566.42206,0.007479581516236067
1.253877551020408,591.9463,0.020989904180169106
1.2770975056689342,602.2762,0.01882040500640869
1.3003174603174603,604.7232,0.027045365422964096
1.3235374149659864,469.86304,0.02169797569513321
1.3467573696145125,196.09685,0.010332811623811722
1.3699773242630386,566.2558,0.012353497557342052
1.3931972789115648,588.0,0.011768080294132233
1.4164172335600906,546.6942,0.00796441175043583
1.4396371882086167,679.2654,0.013208772987127304
1.4628571428571429,681.1659,0.01010240986943245
1.486077097505669,624.2669,0.007992099970579147
1.509297052154195,633.4324,0.006397117394953966
1.5325170068027212,642.0181,0.004913776181638241
1.5557369614512473,687.62994,0.0071515352465212345
1.5789569160997732,720.7355,0.02639726921916008
1.6021768707482993,705.79474,0.043311990797519684
1.6253968253968254,698.6139,0.03394657373428345
1.6486167800453515,622.0655,0.016819454729557037
1.6718367346938776,687.33026,0.011287713423371315
1.6950566893424037,696.434,0.0214240700006485
1.7182766439909298,725.1799,0.02987789735198021
1.7414965986394557,778.3661,0.042448677122592926
1.7647165532879818,803.8481,0.052746206521987915
1.787936507936508,789.51404,0.058544136583805084
1.811156462585034,768.29266,0.0606364980340004
1.8343764172335602,769.44165,0.06297844648361206
1.8575963718820863,772.1361,0.06218675523996353
1.8808163265306124,777.1903,0.05911257490515709
1.9040362811791383,779.152,0.05417172610759735
1.9272562358276644,756.89044,0.04326052963733673
1.9504761904761905,706.51166,0.03271873667836189
1.9736961451247166,370.7715,0.015011528506875038
1.9969160997732427,679.47314,0.01701992191374302
2.020136054421769,686.6399,0.01881483569741249
2.043356009070295,685.95087,0.01366639044135809
2.066575963718821,598.6426,0.010755488649010658
2.089795918367347,653.8715,0.010251540690660477
2.1130158730158732,638.1396,0.009330429136753082
2.1362358276643993,637.85535,0.008880039677023888
2.159455782312925,638.17365,0.008593665435910225
2.182675736961451,624.8322,0.013709500432014465
2.2058956916099772,608.6575,0.0191580131649971
2.2291156462585033,594.1617,0.023013988509774208
2.2523356009070294,579.3835,0.022155724465847015
2.2755555555555556,572.7273,0.020733226090669632
2.2987755102040817,575.0251,0.015852931886911392
2.3219954648526078,370.7715,0.00658049201592803
2.345215419501134,239.0833,0.002970352303236723
2.36843537414966,519.08905,0.0024440132547169924
2.391655328798186,508.42105,0.002881236607208848
2.414875283446712,513.30975,0.0032677326817065477
2.4380952380952383,512.01416,0.0035152367781847715
2.4613151927437644,500.10312,0.003201234620064497
2.48453514739229,479.00073,0.0013556905323639512
2.507755102040816,466.5491,0.0013118975330144167
2.5309750566893423,471.53766,0.0013775795232504606
2.5541950113378684,465.18985,0.0009633441222831607
2.5774149659863945,466.41986,0.0008281524060294032
2.6006349206349206,464.44336,0.0010167004074901342
2.6238548752834467,446.58228,0.0011328494874760509
2.647074829931973,434.14508,0.0011020646197721362
2.670294784580499,414.73352,0.0010358765721321106
2.693514739229025,419.556,0.0008953266078606248
2.716734693877551,425.32996,0.0008253854466602206
2.7399546485260773,417.78946,0.0007188993040472269
2.7631746031746034,416.4743,0.0006995435687713325
2.7863945578231295,403.35364,0.0006695467163808644
2.809614512471655,379.2109,0.0007796375430189073
2.8328344671201813,378.44522,0.0006855757674202323
2.8560544217687074,384.46155,0.0006479844450950623
2.8792743764172335,390.06244,0.0006855580722913146
2.9024943310657596,372.3483,0.0007365193450823426
2.9257142857142857,357.4468,0.0005175344413146377
2.948934240362812,325.6329,0.000391717127058655
2.972154195011338,329.8077,0.0003538990276865661
2.995374149659864,330.2419,0.00025463569909334183
3.01859410430839,355.28702,0.00023911893367767334
3.0418140589569163,356.18375,0.0002186512283515185
3.0650340136054424,354.57288,0.00023200063151307404
3.0882539682539685,337.84473,0.0001808510278351605
3.1114739229024946,331.74524,0.00017050985479727387
3.1346938775510207,315.6442,0.00014675373677164316
3.1579138321995464,315.0,0.00012232134758960456
3.1811337868480725,326.149,9.499420411884785e-05
3.2043537414965986,358.3545,9.322309051640332e-05
3.2275736961451247,362.4037,8.39742278913036e-05
3.250793650793651,356.18375,6.675038457615301e-05
3.274013605442177,332.114,6.720061355736107e-05
3.297233560090703,322.90796,7.778994040563703e-05
3.320453514739229,314.51862,7.087766425684094e-05
3.3436734693877552,319.56522,5.053853237768635e-05
3.3668934240362813,255.58482,2.514178959245328e-05
3.3901133786848074,347.51773,1.4592052139050793e-05
3.4133333333333336,352.6237,1.5506318959523924e-05
3.4365532879818597,337.37708,2.458709423081018e-05
3.4597732426303858,325.2898,2.9035620173090138e-05
3.4829931972789114,320.33896,1.1376240763638634e-05
3.5062131519274375,0.0,4.437299139681272e-06
3.5294331065759637,0.0,4.164166057307739e-06
3.5526530612244898,0.0,1.6667163436068222e-06
3.575873015873016,0.0,1.1860174708999693e-07
3.599092970521542,0.0,6.522805051645264e-08
3.622312925170068,0.0,1.0219082469120622e-07
3.645532879818594,0.0,1.0889561963267624e-07
3.6687528344671203,0.0,2.1379491954576224e-08
3.6919727891156464,0.0,1.543685357319191e-08
3.7151927437641725,0.0,7.140170055208728e-08
3.7384126984126986,0.0,1.5362093108706176e-07
3.7616326530612247,0.0,7.53889253246598e-08
