0.0,0.0,8.605693437857553e-07
0.023219954648526078,0.0,1.4291890693129972e-06
0.046439909297052155,0.0,2.122846126439981e-06
0.06965986394557823,0.0,2.3922702894196846e-06
0.09287981859410431,0.0,1.2160535334260203e-06
0.11609977324263039,0.0,9.018167475005612e-07
0.13931972789115646,0.0,7.777398423058912e-07
0.16253968253968254,0.0,5.961537681287155e-07
0.18575963718820862,0.0,3.8755206333007663e-07
0.2089795918367347,0.0,3.8240523281274363e-07
0.23219954648526078,0.0,4.900812200503424e-07
0.25541950113378686,0.0,2.9533839551731944e-07
0.2786394557823129,0.0,2.2581298253498971e-07
0.301859410430839,0.0,2.6295492716599256e-07
0.3250793650793651,0.0,2.831911842804402e-07
0.3482993197278912,0.0,1.215730662806891e-07
0.37151927437641724,0.0,5.0249582272954285e-08
0.3947392290249433,0.0,1.0124313121195883e-07
0.4179591836734694,0.0,1.1975771485595033e-07
0.44117913832199546,0.0,1.5707246348029003e-07
0.46439909297052157,375.85226,0.0008453265763819218
0.4876190476190476,307.585,0.0030955751426517963
0.5108390022675737,369.03766,0.004800515249371529
0.5340589569160998,374.52228,0.004988712724298239
0.5572789115646258,362.96295,0.00492751644924283
0.5804988662131519,377.12454,0.0065264394506812096
0.603718820861678,366.92667,0.005686323624104261
0.626938775510204,237.09677,0.0023949379101395607
0.6501587301587302,139.33649,0.002136301016435027
0.6733786848072563,425.2066,0.012083427980542183
0.6965986394557824,294.4908,0.006829441525042057
0.7198185941043084,227.71083,0.004099217243492603
0.7430385487528345,452.77206,0.005245787091553211
0.7662585034013606,448.85495,0.004636675585061312
0.7894784580498866,457.46887,0.004142312332987785
0.8126984126984127,543.6055,0.0077621531672775745
0.8359183673469388,553.325,0.023089338093996048
0.8591383219954649,538.79047,0.03897248953580856
0.8823582766439909,547.5427,0.04204694181680679
0.905578231292517,534.5455,0.0336243212223053
0.9287981859410431,525.2719,0.03379365801811218
0.9520181405895691,528.0063,0.04713864624500275
0.9752380952380952,542.7692,0.047250136733055115
0.9984580498866213,636.4949,0.0934256836771965
1.0216780045351475,581.1628,0.18734750151634216
1.0448979591836736,458.2385,0.09079072624444962
1.0681179138321997,717.2499,0.13257457315921783
1.0913378684807256,720.0,0.1687832623720169
1.1145578231292517,715.13513,0.20878419280052185
1.1377777777777778,706.30634,0.2468309849500656
1.1609977324263039,698.5692,0.26692554354667664
1.18421768707483,682.52625,0.2421463131904602
1.207437641723356,482.44656,0.12784826755523682
1.2306575963718822,309.7245,0.07163810729980469
1.253877551020408,549.5327,0.06671525537967682
1.2770975056689342,554.29865,0.06321550160646439
1.3003174603174603,544.44446,0.04929009824991226
1.3235374149659864,544.16455,0.04098252207040787
1.3467573696145125,420.84378,0.02638019248843193
1.3699773242630386,205.43478,0.016697749495506287
1.3931972789115648,380.3653,0.025664927437901497
1.4164172335600906,405.4137,0.022247223183512688
1.4396371882086167,416.03775,0.012489019893109798
1.4628571428571429,281.42947,0.008146598003804684
1.486077097505669,449.7705,0.008319386281073093
1.509297052154195,446.35626,0.00914257112890482
1.5325170068027212,447.26166,0.010005829855799675
1.5557369614512473,418.25726,0.007847921922802925
1.5789569160997732,156.78009,0.003957806155085564
1.6021768707482993,256.6667,0.006342040374875069
1.6253968253968254,333.0097,0.0066138398833572865
1.6486167800453515,345.79196,0.006307659205049276
1.6718367346938776,332.114,0.006579789333045483
1.6950566893424037,334.81564,0.006374077871441841
1.7182766439909298,342.3913,0.005091147962957621
1.7414965986394557,351.11465,0.004352083429694176
1.7647165532879818,333.36932,0.004498512018471956
1.787936507936508,339.92804,0.003970886580646038
1.811156462585034,348.1579,0.004715289454907179
1.8343764172335602,355.26315,0.0063573638908565044
1.8575963718820863,368.65204,0.005641508381813765
1.8808163265306124,363.71133,0.004310061223804951
1.9040362811791383,338.3632,0.0034473109990358353
1.9272562358276644,339.75345,0.0039812121540308
1.9504761904761905,324.9474,0.0035305924247950315
1.9736961451247166,333.0097,0.0030355120543390512
1.9969160997732427,378.27017,0.005351738538593054
2.020136054421769,368.45953,0.006078456528484821
2.043356009070295,358.14835,0.0040105911903083324
2.066575963718821,351.48776,0.0031596017070114613
2.089795918367347,352.04895,0.0021047163754701614
2.1130158730158732,382.23184,0.0036683552898466587
2.1362358276643993,377.17105,0.003984455950558186
2.159455782312925,374.3633,0.0006896749837324023
2.182675736961451,23.259493,9.251109440810978e-05
2.2058956916099772,0.0,4.891161552222911e-06
2.2291156462585033,0.0,9.230734576703981e-07
2.2523356009070294,0.0,3.3641481422819197e-07
2.2755555555555556,0.0,2.8912018024129793e-07
2.2987755102040817,0.0,1.4782017387915403e-07
2.3219954648526078,0.0,2.0904371922370046e-07
2.345215419501134,0.0,2.050073817372322e-07
2.36843537414966,0.0,3.4505319490563124e-07
2.391655328798186,0.0,1.8773334886645898e-07
2.414875283446712,0.0,8.500683179590851e-08
2.4380952380952383,0.0,2.1285995899233967e-07
2.4613151927437644,0.0,1.943244569702074e-07
2.48453514739229,0.0,1.0820713214343414e-07
2.507755102040816,0.0,2.5330609787488356e-07
2.5309750566893423,0.0,2.523438524804078e-07
2.5541950113378684,0.0,1.9917297322535887e-07
2.5774149659863945,0.0,8.889583114068955e-08
2.6006349206349206,0.0,1.0372241376899183e-07
2.6238548752834467,0.0,2.460819814587012e-08
