0.0,0.0,1.8005357560468838e-07
0.023219954648526078,0.0,1.7913407646119595e-07
0.046439909297052155,0.0,1.2256168702151626e-07
0.06965986394557823,0.0,1.7209822544828057e-07
0.09287981859410431,0.0,4.171215550741181e-07
0.11609977324263039,0.0,6.041236702003516e-07
0.13931972789115646,0.0,5.777155820396729e-07
0.16253968253968254,0.0,5.174915713723749e-07
0.18575963718820862,0.0,4.4577245716936886e-07
0.2089795918367347,0.0,2.4463588488288224e-07
0.23219954648526078,0.0,6.300251698121428e-08
0.25541950113378686,0.0,1.6380090528400615e-07
0.2786394557823129,0.0,2.1577943698503077e-07
0.301859410430839,0.0,5.9495505411177874e-08
0.3250793650793651,0.0,1.7558704712428153e-07
0.3482993197278912,0.0,3.033865141333081e-07
0.37151927437641724,355.64517,0.00012193890142953023
0.3947392290249433,271.9824,0.00041601041448302567
0.4179591836734694,255.2822,0.0009395790984854102
0.44117913832199546,259.6895,0.001175209879875183
0.46439909297052157,277.06805,0.0012508815852925181
0.4876190476190476,275.76862,0.0015478190034627914
0.5108390022675737,273.3471,0.00169072684366256
0.5340589569160998,289.18033,0.0015819055261090398
0.5572789115646258,280.89172,0.0013364122714847326
0.5804988662131519,279.11392,0.0012981571489945054
0.603718820861678,291.4097,0.0012913740938529372
0.626938775510204,301.5781,0.0012113945558667183
0.6501587301587302,321.73007,0.001456746133044362
0.6733786848072563,324.60568,0.0020167529582977295
0.6965986394557824,334.0909,0.002528637181967497
0.7198185941043084,339.92804,0.003161286236718297
0.7430385487528345,344.3519,0.003616251051425934
0.7662585034013606,351.48776,0.0042358506470918655
0.7894784580498866,368.0751,0.005222894251346588
0.8126984126984127,385.05392,0.007526162546128035
0.8359183673469388,392.1025,0.0087575763463974
0.8591383219954649,392.92453,0.00951342098414898
0.8823582766439909,388.24445,0.006855640094727278
0.905578231292517,390.6722,0.005987172946333885
0.9287981859410431,394.16403,0.0076577505096793175
0.9520181405895691,430.2439,0.01640496961772442
0.9752380952380952,456.52176,0.019765719771385193
0.9984580498866213,480.39215,0.019393181428313255
1.0216780045351475,504.5242,0.030176671221852303
1.0448979591836736,499.84546,0.03178757056593895
1.0681179138321997,504.62686,0.0326274037361145
1.0913378684807256,512.2727,0.03652142733335495
1.1145578231292517,497.0287,0.025710035115480423
1.1377777777777778,398.5646,0.011613084934651852
1.1609977324263039,362.21765,0.009968604892492294
1.18421768707483,395.12195,0.01695339009165764
1.207437641723356,411.50858,0.017013069242239
1.2306575963718822,414.0845,0.01458484772592783
1.253877551020408,401.11166,0.00837042834609747
1.2770975056689342,326.49393,0.004661892540752888
1.3003174603174603,399.20126,0.0044731926172971725
1.3235374149659864,275.76862,0.002151144202798605
1.3467573696145125,234.07645,0.002845822600647807
1.3699773242630386,348.8464,0.004216774366796017
1.3931972789115648,331.57895,0.0036602758336812258
1.4164172335600906,335.2762,0.0036363101098686457
1.4396371882086167,342.3913,0.0031588852871209383
1.4628571428571429,317.77423,0.0013416873989626765
1.486077097505669,309.8361,0.0012696764897555113
1.509297052154195,270.55215,0.001359051326289773
1.5325170068027212,268.01105,0.0014941575936973095
1.5557369614512473,269.35034,0.002026323229074478
1.5789569160997732,269.6498,0.002173963701352477
1.6021768707482993,279.85193,0.0018569196108728647
1.6253968253968254,274.76636,0.0015067760832607746
1.6486167800453515,272.22223,0.0011494267964735627
1.6718367346938776,271.66324,0.001050582155585289
1.6950566893424037,272.9242,0.0010901145869866014
1.7182766439909298,273.77136,0.0013657012023031712
1.7414965986394557,272.5281,0.0015968530206009746
1.7647165532879818,282.99466,0.001385880634188652
1.787936507936508,258.4443,0.0011260232422500849
1.811156462585034,251.34715,0.0009216846665367484
1.8343764172335602,253.1837,0.0010136209893971682
1.8575963718820863,262.35803,0.0011301382910460234
1.8808163265306124,284.51614,0.0014342195354402065
1.9040362811791383,277.64954,0.001292430330067873
1.9272562358276644,265.37198,0.001059722970239818
1.9504761904761905,258.3067,0.000729077379219234
1.9736961451247166,258.72,0.000630017661023885
1.9969160997732427,165.43408,0.0004145930870436132
2.020136054421769,138.97058,0.00014941096014808863
2.043356009070295,0.0,3.5177454265067354e-06
2.066575963718821,0.0,1.4059442037250847e-06
2.089795918367347,0.0,4.0460417949361727e-07
2.1130158730158732,0.0,1.0434359865030274e-07
2.1362358276643993,0.0,4.945377440890297e-08
2.159455782312925,0.0,1.5139175957301632e-07
2.182675736961451,0.0,1.9647268345579505e-07
2.2058956916099772,0.0,1.883036020444706e-07
2.2291156462585033,0.0,1.0717576515162364e-07
2.2523356009070294,0.0,1.7047204892151058e-07
2.2755555555555556,0.0,1.0301027941750363e-07
2.2987755102040817,0.0,5.835136107634753e-08
2.3219954648526078,0.0,4.639696271624416e-08
