0.0,0.0,3.747272785403766e-07
0.023219954648526078,0.0,5.766705726273358e-07
0.046439909297052155,0.0,4.2979172576451674e-07
0.06965986394557823,0.0,3.7965673982398584e-07
0.09287981859410431,0.0,6.404598025255837e-07
0.11609977324263039,0.0,4.214761247567367e-06
0.13931972789115646,347.24408,0.00020572103676386178
0.16253968253968254,349.78647,0.0003019117284566164
0.18575963718820862,365.59586,0.00029291881946846843
0.2089795918367347,294.15085,0.00012975493154954165
0.23219954648526078,345.6113,3.350676706759259e-05
0.25541950113378686,0.0,8.216767128033098e-06
0.2786394557823129,0.0,4.746757440443616e-06
0.301859410430839,439.90024,0.0003845451574306935
0.3250793650793651,457.46887,0.0008676275028847158
0.3482993197278912,454.17096,0.0011426976416260004
0.37151927437641724,455.5785,0.0009504241170361638
0.3947392290249433,288.38028,0.0003362468269187957
0.4179591836734694,430.2439,4.548929427983239e-05
0.44117913832199546,554.717,5.717007297789678e-05
0.46439909297052157,539.59955,0.0006112189730629325
0.4876190476190476,553.1357,0.0010007205419242382
0.5108390022675737,501.9141,0.0005931106861680746
0.5340589569160998,514.0716,0.000359221245162189
0.5572789115646258,386.63013,0.0007068375125527382
0.5804988662131519,202.60336,4.92660838062875e-05
0.603718820861678,0.0,5.216051249590237e-06
0.626938775510204,747.45764,0.002946950728073716
0.6501587301587302,707.72314,0.023441217839717865
0.6733786848072563,698.2682,0.021430619060993195
0.6965986394557824,697.1443,0.03388620540499687
0.7198185941043084,679.9043,0.028025727719068527
0.7430385487528345,672.09845,0.0024590957909822464
0.7662585034013606,630.0,7.496307807741687e-05
0.7894784580498866,0.0,4.819230525754392e-06
0.8126984126984127,0.0,5.1984088713652454e-06
0.8359183673469388,502.08728,0.0007588807493448257
0.8591383219954649,510.8108,0.001052621752023697
0.8823582766439909,362.77634,0.0010960366344079375
0.905578231292517,521.50775,0.0005721512716263533
0.9287981859410431,221.49673,0.000531743629835546
0.9520181405895691,141.1953,2.078951001749374e-05
0.9752380952380952,608.2759,6.18636840954423e-05
0.9984580498866213,463.7224,0.0008393976604565978
1.0216780045351475,454.37894,0.0011798994382843375
1.0448979591836736,461.89526,0.0010633525671437383
1.0681179138321997,445.90494,0.0007258664118126035
1.0913378684807256,274.62378,0.00023833235900383443
1.1145578231292517,0.0,5.286198756948579e-06
1.1377777777777778,0.0,1.6956300896708854e-06
1.1609977324263039,492.73743,7.403588097076863e-05
1.18421768707483,373.33334,0.00030822446569800377
1.207437641723356,360.687,0.0003494968987070024
1.2306575963718822,376.11942,0.0005397176137194037
1.253877551020408,365.59586,0.0005065990844741464
1.2770975056689342,356.7961,0.00042600202141329646
1.3003174603174603,353.17673,0.0006890846998430789
1.3235374149659864,352.42407,0.0007055130554363132
1.3467573696145125,348.22333,0.00047936540795490146
1.3699773242630386,210.22246,0.000278884923318401
1.3931972789115648,371.72415,0.0005537891993299127
1.4164172335600906,378.54077,0.00044151468318887055
1.4396371882086167,365.02844,0.00028075373847968876
1.4628571428571429,342.21417,0.0004149284213781357
1.486077097505669,215.94124,0.00021437054965645075
1.509297052154195,323.92447,0.0002517897810321301
1.5325170068027212,334.0909,0.00024888094048947096
1.5557369614512473,226.73521,0.0001775508135324344
1.5789569160997732,371.95572,0.0002148794155800715
1.6021768707482993,376.92307,0.0001270430802833289
1.6253968253968254,358.90134,0.00014156752149574459
1.6486167800453515,319.7307,0.00011182736488990486
1.6718367346938776,205.01033,6.692338502034545e-05
1.6950566893424037,323.24606,5.633412001770921e-05
1.7182766439909298,238.12096,3.963038034271449e-05
1.7414965986394557,306.41367,4.072450246894732e-05
1.7647165532879818,364.4628,2.9322010959731415e-05
1.787936507936508,0.0,2.444465280859731e-06
1.811156462585034,0.0,1.2976606740267016e-06
1.8343764172335602,0.0,1.3577127901953645e-06
1.8575963718820863,0.0,1.3800136002828367e-06
1.8808163265306124,0.0,2.9920192901045084e-07
1.9040362811791383,0.0,4.597495717462152e-09
