0.0,0.0,1.0541953088250011e-07
0.023219954648526078,0.0,8.718052413314581e-08
0.046439909297052155,0.0,1.217940734932199e-07
0.06965986394557823,0.0,5.477613740367815e-08
0.09287981859410431,0.0,1.1350948625477031e-07
0.11609977324263039,0.0,1.3428598322207108e-07
0.13931972789115646,0.0,7.932158041512594e-08
0.16253968253968254,0.0,1.603157215868123e-07
0.18575963718820862,0.0,3.1915806175675243e-07
0.2089795918367347,0.0,1.5986961443559267e-06
0.23219954648526078,310.5634,2.1216721506789327e-05
0.25541950113378686,205.11627,6.56721240375191e-05
0.2786394557823129,210.60173,0.0001834140275605023
0.301859410430839,254.17868,0.0002546477480791509
0.3250793650793651,250.74626,0.00033426654408685863
0.3482993197278912,151.33836,0.00036803082912229
0.37151927437641724,236.46112,0.0004316764825489372
0.3947392290249433,232.24107,0.000379454402718693
0.4179591836734694,175.79726,0.00030736089684069157
0.44117913832199546,149.15446,0.0002346682158531621
0.46439909297052157,226.67047,0.0002548868942540139
0.4876190476190476,200.45454,0.0003296082722954452
0.5108390022675737,161.53847,0.00027650585980154574
0.5340589569160998,175.29813,0.00026907926076091826
0.5572789115646258,203.6429,0.0002979924320243299
0.5804988662131519,223.22835,0.00021223886869847775
0.603718820861678,120.425995,0.000328960974002257
0.626938775510204,244.54713,0.0006646813708357513
0.6501587301587302,318.67706,0.0011456647189334035
0.6733786848072563,292.05298,0.0006144638173282146
0.6965986394557824,325.46124,0.0006758061936125159
0.7198185941043084,303.01266,0.0006378900725394487
0.7430385487528345,309.25665,0.0003424392780289054
0.7662585034013606,309.89188,0.0005382134113460779
0.7894784580498866,343.9341,0.0010851334081962705
0.8126984126984127,356.9044,0.0007790453964844346
0.8359183673469388,359.63303,0.0011148451594635844
0.8591383219954649,355.466,0.0010474645532667637
0.8823582766439909,260.7753,0.00048138797865249217
0.905578231292517,272.7835,0.0006600295309908688
0.9287981859410431,362.77634,0.0006848560879006982
0.9520181405895691,339.92804,0.0008848094148561358
0.9752380952380952,291.01523,0.000761721283197403
0.9984580498866213,203.95683,0.0005906879669055343
1.0216780045351475,229.4485,0.0006487393984571099
1.0448979591836736,202.87521,0.0006558233872056007
1.0681179138321997,294.9074,0.0009738770895637572
1.0913378684807256,347.24408,0.0013261436251923442
1.1145578231292517,289.18033,0.0009111679391935468
1.1377777777777778,170.08266,0.0005873744958080351
1.1609977324263039,163.24696,0.00023103586863726377
1.18421768707483,210.44539,0.0002768760605249554
1.207437641723356,268.90244,0.00029079162050038576
1.2306575963718822,235.67134,0.0005752992583438754
1.253877551020408,230.52797,0.0008501695701852441
1.2770975056689342,298.9051,0.0008511676569469273
1.3003174603174603,231.3746,0.0003070264938287437
1.3235374149659864,197.3645,0.0003589771222323179
1.3467573696145125,262.7844,0.0003743672277778387
1.3699773242630386,268.1592,0.0003225787659175694
1.3931972789115648,248.59076,0.00044242810690775514
1.4164172335600906,205.54117,0.0007686747121624649
1.4396371882086167,239.41368,0.0006312931072898209
1.4628571428571429,242.91437,0.0006105503416620195
1.486077097505669,194.0594,0.0006897568237036467
1.509297052154195,373.33334,0.001360338181257248
1.5325170068027212,458.897,0.0012929504737257957
1.5557369614512473,335.95734,0.0009467857889831066
1.5789569160997732,207.80104,0.0006709882291033864
1.6021768707482993,191.53094,0.0006154709262773395
1.6253968253968254,394.39023,0.001567027997225523
1.6486167800453515,275.76862,0.0013514875900000334
1.6718367346938776,232.34984,0.0008601050358265638
1.6950566893424037,333.6696,0.0021168882958590984
1.7182766439909298,399.5122,0.005947178229689598
1.7414965986394557,266.09982,0.0024267900735139847
1.7647165532879818,155.04771,0.002337617799639702
1.787936507936508,304.7847,0.004348535090684891
1.811156462585034,261.7917,0.001727068331092596
1.8343764172335602,377.46075,0.004188612103462219
1.8575963718820863,394.0699,0.001597246970050037
1.8808163265306124,133.83916,0.0008707958622835577
1.9040362811791383,97.08311,0.0006998511962592602
1.9272562358276644,251.6079,0.0007370520615950227
1.9504761904761905,262.07455,0.0006306873401626945
1.9736961451247166,265.37198,0.0008166593033820391
1.9969160997732427,262.35803,0.0007690824568271637
2.020136054421769,251.42532,0.0004361002065706998
2.043356009070295,145.46454,0.0003622271178755909
2.066575963718821,242.55,0.0004744955513160676
2.089795918367347,251.21698,0.0005778648192062974
2.1130158730158732,239.41368,0.0005579384742304683
2.1362358276643993,246.50644,0.0004541889647953212
2.159455782312925,366.35513,0.0003773381467908621
2.182675736961451,404.15094,0.0003649428836070001
2.2058956916099772,263.80856,0.0003712903708219528
2.2291156462585033,322.06573,0.0003343512653373182
2.2523356009070294,275.05197,0.00039768643910065293
2.2755555555555556,304.32874,0.0006765480502508581
2.2987755102040817,326.32135,0.00029088067822158337
2.3219954648526078,204.16667,0.0002969666966237128
2.345215419501134,221.36084,0.000423784542363137
2.36843537414966,163.8535,0.00028542696963995695
2.391655328798186,447.48856,0.00018953521794173867
2.414875283446712,332.91397,0.000272829900495708
2.4380952380952383,327.7873,0.00026745907962322235
2.4613151927437644,295.97314,0.0005683054914698005
2.48453514739229,264.75128,0.0011335790622979403
2.507755102040816,257.72726,0.0010440587066113949
2.5309750566893423,327.63742,0.000295712350634858
2.5541950113378684,132.16783,0.00024945804034359753
2.5774149659863945,202.5,0.00018966678180731833
2.6006349206349206,220.22472,0.0003220756771042943
2.6238548752834467,180.98495,0.00043651513988152146
2.647074829931973,209.80019,0.0005932613858021796
2.670294784580499,266.97852,0.0008077479433268309
2.693514739229025,251.21698,0.0008655516430735588
2.716734693877551,267.04153,0.0004542580572888255
2.7399546485260773,215.70653,0.0005000223754905164
2.7631746031746034,186.27245,0.0004321628366596997
2.7863945578231295,156.621,0.0005920081166550517
2.809614512471655,219.03973,0.00037323430296964943
2.8328344671201813,166.8348,0.00043350530904717743
2.8560544217687074,138.15788,0.000475794862722978
2.8792743764172335,164.20212,0.00039254786679521203
2.9024943310657596,296.13876,0.0006401640712283552
2.9257142857142857,330.62283,0.0004902396467514336
2.948934240362812,246.36871,0.0003010680084116757
2.972154195011338,184.90565,0.0005481633124873042
2.995374149659864,228.62904,0.0005051253247074783
3.01859410430839,275.625,0.0004671365604735911
3.0418140589569163,285.5909,0.0005505717126652598
3.0650340136054424,235.45114,0.0004059051861986518
3.0882539682539685,162.43094,0.00028980738716199994
3.1114739229024946,147.82123,0.0003584868973121047
3.1346938775510207,138.38913,0.0003187300462741405
3.1579138321995464,204.16667,0.000188621343113482
3.1811337868480725,114.993484,0.00016062342911027372
3.2043537414965986,113.777084,0.00018279612413607538
3.2275736961451247,122.364044,0.00017268324154429138
3.250793650793651,130.47337,0.00014018334331922233
3.274013605442177,243.9834,0.00021876784740015864
3.297233560090703,271.30872,0.00023645702458452433
3.320453514739229,213.73183,0.00016157489153556526
3.3436734693877552,242.47423,0.00017363158985972404
3.3668934240362813,158.63309,0.0001710247015580535
3.3901133786848074,206.9343,0.00017154976376332343
3.4133333333333336,220.37756,0.00018466368783265352
3.4365532879818597,182.33904,0.00016465924272779375
3.4597732426303858,247.89209,0.000244121125433594
3.4829931972789114,247.05882,0.0002584685862530023
3.5062131519274375,220.74529,0.00022521837672684342
3.5294331065759637,233.45686,0.0001747602946124971
3.5526530612244898,192.57642,0.0001719039137242362
3.575873015873016,220.25526,0.00014680498861707747
3.599092970521542,207.04225,0.00017092711641453207
3.622312925170068,172.26562,0.00018128986994270235
3.645532879818594,172.16956,0.00019391289970371872
3.6687528344671203,262.07455,0.00025687747984193265
3.6919727891156464,197.86876,0.00021414548973552883
3.7151927437641725,141.64882,0.0001879384508356452
3.7384126984126986,145.22504,0.00018607225501909852
3.7616326530612247,136.36363,0.00016851647524163127
3.784852607709751,120.491806,0.0002094692608807236
3.8080725623582765,160.0311,0.00025349954375997186
3.8312925170068026,204.87805,0.0002146014739992097
3.8545124716553287,45.746887,3.5269345971755683e-05
3.877732426303855,73.21528,1.3258545550343115e-05
3.900952380952381,0.0,5.168541974853724e-06
3.924172335600907,0.0,1.225118467118591e-06
3.947392290249433,0.0,7.491653377655894e-07
3.9706122448979593,0.0,3.156856109853834e-07
3.9938321995464854,0.0,1.6634476196486503e-07
4.017052154195011,0.0,5.717638487112708e-07
4.040272108843538,0.0,1.588032318977639e-07
4.063492063492063,0.0,3.7680092646041885e-07
4.08671201814059,0.0,5.699557732441463e-07
4.1099319727891155,0.0,1.9446088117547333e-07
4.133151927437642,0.0,1.0920575732598081e-07
4.156371882086168,0.0,1.4096349332248792e-07
4.179591836734694,0.0,2.334090822841972e-07
4.20281179138322,0.0,8.62537490320392e-08
4.2260317460317465,0.0,4.366029315860942e-08
