0.0,0.0,5.709271135856397e-07
0.023219954648526078,0.0,2.24237737711519e-07
0.046439909297052155,0.0,9.767882147571072e-08
0.06965986394557823,0.0,1.2300006346777081e-07
0.09287981859410431,0.0,1.8123955669580027e-07
0.11609977324263039,0.0,1.3271255738800392e-07
0.13931972789115646,0.0,2.2891617845743895e-07
0.16253968253968254,0.0,3.4063123166561127e-07
0.18575963718820862,0.0,7.488033588742837e-07
0.2089795918367347,438.80597,3.17952326440718e-05
0.23219954648526078,213.87003,5.64516412850935e-05
0.25541950113378686,201.67682,0.000134830639581196
0.2786394557823129,242.87962,0.00027089935611002147
0.301859410430839,182.08093,0.0004339515289757401
0.3250793650793651,226.54109,0.0006570839323103428
0.3482993197278912,234.82428,0.0008473391644656658
0.37151927437641724,287.45245,0.000928564346395433
0.3947392290249433,240.85199,0.0011396706104278564
0.4179591836734694,370.58823,0.001075987471267581
0.44117913832199546,259.56445,0.0010522763477638364
0.46439909297052157,373.33334,0.0012442998122423887
0.4876190476190476,392.2179,0.0011585864704102278
0.5108390022675737,284.51614,0.0009157980093732476
0.5340589569160998,279.2612,0.0008716796291992068
0.5572789115646258,311.2378,0.0009928328217938542
0.5804988662131519,401.31448,0.0010889075929298997
0.603718820861678,332.47174,0.0014800993958488107
0.626938775510204,276.63354,0.002150286454707384
0.6501587301587302,319.74344,0.0028681468684226274
0.6733786848072563,280.89172,0.002558849286288023
0.6965986394557824,256.5611,0.002322117332369089
0.7198185941043084,484.6154,0.0031164330430328846
0.7430385487528345,353.86157,0.00378019199706614
0.7662585034013606,400.50452,0.003265138017013669
0.7894784580498866,294.16342,0.0034501368645578623
0.8126984126984127,236.46112,0.002488082740455866
0.8359183673469388,312.58124,0.0023132171481847763
0.8591383219954649,171.69077,0.0020941337570548058
0.8823582766439909,253.28653,0.002126660430803895
0.905578231292517,208.01888,0.001810117275454104
0.9287981859410431,304.6632,0.003996425308287144
0.9520181405895691,394.68976,0.006287829950451851
0.9752380952380952,402.33145,0.011880948208272457
0.9984580498866213,555.5906,0.008824977092444897
1.0216780045351475,423.82397,0.004895453806966543
1.0448979591836736,160.61394,0.003599317744374275
1.0681179138321997,221.97986,0.005220105871558189
1.0913378684807256,402.12766,0.011198120191693306
1.1145578231292517,363.52396,0.011126172728836536
1.1377777777777778,181.0159,0.003604841185733676
1.1609977324263039,431.4624,0.005660388618707657
1.18421768707483,343.63638,0.00821634754538536
1.207437641723356,244.59235,0.0037355292588472366
1.2306575963718822,321.3951,0.004337414167821407
1.253877551020408,352.8,0.0026674559339880943
1.2770975056689342,243.27985,0.0033179649617522955
1.3003174603174603,785.67,0.007552087306976318
1.3235374149659864,639.13043,0.005961902439594269
1.3467573696145125,276.34467,0.0021567295771092176
1.3699773242630386,372.74167,0.0034067267552018166
1.3931972789115648,423.6097,0.0031399342697113752
1.4164172335600906,563.57825,0.004243575502187014
1.4396371882086167,543.9967,0.01073179580271244
1.4628571428571429,438.46152,0.007808341179043055
1.486077097505669,550.845,0.017730694264173508
1.509297052154195,763.63635,0.022519735619425774
1.5325170068027212,763.63635,0.00471732672303915
1.5557369614512473,298.59375,0.00818748027086258
1.5789569160997732,347.87622,0.004779685288667679
1.6021768707482993,197.46269,0.005683068186044693
1.6253968253968254,498.30508,0.009063955396413803
1.6486167800453515,796.85077,0.010218745097517967
1.6718367346938776,1199.6978,0.011615624651312828
1.6950566893424037,999.80286,0.010559444315731525
1.7182766439909298,604.7232,0.010476511903107166
1.7414965986394557,492.94925,0.005562839098274708
1.7647165532879818,832.0755,0.007008667103946209
1.787936507936508,903.14685,0.007915976457297802
1.811156462585034,1056.9607,0.009193282574415207
1.8343764172335602,564.7812,0.016678858548402786
1.8575963718820863,572.7273,0.006606939248740673
1.8808163265306124,267.54297,0.003655998967587948
1.9040362811791383,349.44534,0.004260612651705742
1.9272562358276644,488.8361,0.007863946259021759
1.9504761904761905,435.27274,0.007684946060180664
1.9736961451247166,456.2069,0.006146501284092665
1.9969160997732427,442.2636,0.0021863491274416447
2.020136054421769,678.46155,0.0022520802449434996
2.043356009070295,649.1878,0.0022178790532052517
2.066575963718821,670.5524,0.0018890828359872103
2.089795918367347,610.3806,0.0013511747820302844
2.1130158730158732,670.2127,0.0015912688104435802
2.1362358276643993,670.8047,0.001914049731567502
2.159455782312925,468.6741,0.0029869494028389454
2.182675736961451,454.17096,0.002254753140732646
2.2058956916099772,625.5319,0.002240442670881748
2.2291156462585033,644.1315,0.002584228292107582
2.2523356009070294,532.1267,0.0021880120038986206
2.2755555555555556,337.5,0.0016649184981361032
2.2987755102040817,458.91974,0.001962086418643594
2.3219954648526078,236.588,0.002242474118247628
2.345215419501134,389.45456,0.004174572415649891
2.36843537414966,426.41223,0.0031977540347725153
2.391655328798186,345.1535,0.0024152009282261133
2.414875283446712,602.2762,0.0021889647468924522
2.4380952380952383,705.953,0.0019299003761261702
2.4613151927437644,486.5597,0.0015295413322746754
2.48453514739229,366.92667,0.0016334615647792816
2.507755102040816,388.0435,0.0015157178277149796
2.5309750566893423,450.48386,0.001723964000120759
2.5541950113378684,421.26697,0.0012783680576831102
2.5774149659863945,454.63916,0.0022229012101888657
2.6006349206349206,482.59512,0.002378673292696476
2.6238548752834467,309.0566,0.0014972342178225517
2.647074829931973,322.06573,0.0018523827893659472
2.670294784580499,294.15085,0.0020951665937900543
2.693514739229025,312.59543,0.0049722022376954556
2.716734693877551,461.90738,0.0060671791434288025
2.7399546485260773,451.21164,0.005200955085456371
2.7631746031746034,366.92667,0.004137035924941301
2.7863945578231295,294.0,0.0022257117088884115
2.809614512471655,202.91411,0.002142139710485935
2.8328344671201813,195.67387,0.0018941954476758838
2.8560544217687074,188.76404,0.0016885008662939072
2.8792743764172335,282.69232,0.001669426215812564
2.9024943310657596,402.73972,0.0015440862625837326
2.9257142857142857,417.4888,0.0011821326334029436
2.948934240362812,176.31184,0.0011936185183003545
2.972154195011338,138.15788,0.0026092752814292908
2.995374149659864,164.8158,0.0030804239213466644
3.01859410430839,340.8037,0.0026683053001761436
3.0418140589569163,274.62378,0.0021061147563159466
3.0650340136054424,256.8932,0.0007274862728081644
3.0882539682539685,266.33115,0.000561087392270565
3.1114739229024946,202.70685,0.0004574861959554255
3.1346938775510207,269.176,0.0005198182770982385
3.1579138321995464,291.45908,0.0006007533520460129
3.1811337868480725,252.39333,0.0011395764304324985
3.2043537414965986,406.7824,0.001434460049495101
3.2275736961451247,375.174,0.000554265920072794
3.250793650793651,169.74597,0.0003232011804357171
3.274013605442177,181.29497,0.00026435410836711526
3.297233560090703,185.48895,0.00034651512396521866
3.320453514739229,225.0,0.0004103085375390947
3.3436734693877552,241.36044,0.0007794569246470928
3.3668934240362813,247.40533,0.0016943447990342975
3.3901133786848074,280.40463,0.0013958605704829097
3.4133333333333336,263.67712,0.0004675191012211144
3.4365532879818597,223.63083,0.00044407323002815247
3.4597732426303858,203.2258,0.000456423731520772
3.4829931972789114,244.32133,0.0004275965038686991
3.5062131519274375,150.68338,0.0005457800580188632
3.5294331065759637,160.44698,0.0008952569914981723
3.5526530612244898,356.08694,0.0017322784988209605
3.575873015873016,303.71902,0.0014784922823309898
3.599092970521542,159.49367,0.0006370656192302704
3.622312925170068,186.27245,0.00041996955405920744
3.645532879818594,118.1672,0.00019843029440380633
3.6687528344671203,45.277206,2.350620343349874e-05
3.6919727891156464,0.0,7.3254650487797335e-06
3.7151927437641725,0.0,1.2037198757752776e-06
3.7384126984126986,0.0,2.1272353478707373e-07
3.7616326530612247,0.0,1.9567323761293665e-07
3.784852607709751,0.0,6.470236257882789e-08
3.8080725623582765,0.0,6.437221600208431e-08
3.8312925170068026,0.0,1.2320015230216086e-07
3.8545124716553287,0.0,7.538164936704561e-08
3.877732426303855,0.0,2.1660252969013527e-07
3.900952380952381,0.0,3.235272743040696e-07
3.924172335600907,0.0,1.4504348655464128e-07
3.947392290249433,0.0,1.0926942195510492e-07
3.9706122448979593,0.0,1.8427090253680944e-07
3.9938321995464854,0.0,2.7995156415272504e-08
4.017052154195011,0.0,7.336075213970616e-08
4.040272108843538,0.0,9.157247404800728e-08
4.063492063492063,0.0,3.8342204788932577e-07
4.08671201814059,0.0,5.817710189148784e-07
4.1099319727891155,0.0,4.173425622866489e-07
4.133151927437642,0.0,1.1204338079551235e-07
