0.0,0.0,5.809670255985111e-08
0.023219954648526078,0.0,2.040906110778451e-07
0.046439909297052155,0.0,4.6162313083186746e-07
0.06965986394557823,388.54626,2.52234167419374e-05
0.09287981859410431,240.32698,6.439165736082941e-05
0.11609977324263039,280.0,8.782566146692261e-05
0.13931972789115646,276.2004,0.00010065014066640288
0.16253968253968254,271.61255,0.00012209378473926336
0.18575963718820862,273.1419,0.00014881420065648854
0.2089795918367347,247.47475,0.0001724046014714986
0.23219954648526078,179.68568,0.00018757129146251827
0.25541950113378686,229.42195,0.00020776511519216
0.2786394557823129,266.53845,0.0002095842792186886
0.301859410430839,266.09982,0.0002226841461379081
0.3250793650793651,267.42007,0.000258753978414461
0.3482993197278912,152.77136,0.00032062962418422103
0.37151927437641724,155.09964,0.0005065602599643171
0.3947392290249433,213.81818,0.00044143074774183333
0.4179591836734694,188.46153,0.0005032745539210737
0.44117913832199546,171.59534,0.0006582480855286121
0.46439909297052157,170.83565,0.0005169874639250338
0.4876190476190476,142.53394,0.0006198027404025197
0.5108390022675737,142.94975,0.0008182842284440994
0.5340589569160998,145.86548,0.000851777323987335
0.5572789115646258,176.63551,0.0011404575780034065
0.5804988662131519,181.98074,0.000951451133005321
0.603718820861678,164.85982,0.000629010028205812
0.626938775510204,163.76659,0.000865656416863203
0.6501587301587302,160.78125,0.0012245040852576494
0.6733786848072563,163.76659,0.000867970404215157
0.6965986394557824,164.96259,0.001972655765712261
0.7198185941043084,173.62204,0.0017963702557608485
0.7430385487528345,171.21463,0.0011135360691696405
0.7662585034013606,200.97656,0.0013680604752153158
0.7894784580498866,197.12645,0.002207213779911399
0.8126984126984127,197.64706,0.001888213912025094
0.8359183673469388,186.76549,0.0012776692165061831
0.8591383219954649,195.13274,0.0019835862331092358
0.8823582766439909,199.09706,0.0019632840994745493
0.905578231292517,199.88669,0.002257008571177721
0.9287981859410431,197.42586,0.0016117454506456852
0.9520181405895691,198.20224,0.0019401430618017912
0.9752380952380952,239.67392,0.003948344849050045
0.9984580498866213,251.47746,0.006996792741119862
1.0216780045351475,392.65442,0.008536539040505886
1.0448979591836736,286.50674,0.008182048797607422
1.0681179138321997,281.78912,0.008590307086706161
1.0913378684807256,319.56522,0.008662594482302666
1.1145578231292517,342.5686,0.010529601015150547
1.1377777777777778,425.63,0.010960597544908524
1.1609977324263039,297.50906,0.009697691537439823
1.18421768707483,394.37137,0.00893862172961235
1.207437641723356,289.69174,0.00811813585460186
1.2306575963718822,286.6739,0.008459307253360748
1.253877551020408,333.75378,0.016642969101667404
1.2770975056689342,459.854,0.021213173866271973
1.3003174603174603,431.01852,0.01173252984881401
1.3235374149659864,550.4243,0.013062611222267151
1.3467573696145125,542.491,0.017807431519031525
1.3699773242630386,541.1043,0.016885511577129364
1.3931972789115648,415.60208,0.009616457857191563
1.4164172335600906,403.14883,0.011258266866207123
1.4396371882086167,355.8245,0.020091772079467773
1.4628571428571429,403.35364,0.02238195389509201
1.486077097505669,436.17908,0.017656462267041206
1.509297052154195,451.84427,0.010476117953658104
1.5325170068027212,561.9266,0.013006787747144699
1.5557369614512473,422.00958,0.017569104209542274
1.5789569160997732,519.65717,0.02724902331829071
1.6021768707482993,592.38806,0.03040260262787342
1.6253968253968254,548.78046,0.022292934358119965
1.6486167800453515,354.21686,0.02434445358812809
1.6718367346938776,504.0,0.026592278853058815
1.6950566893424037,463.23532,0.03777825087308884
1.7182766439909298,523.9153,0.03375152125954628
1.7414965986394557,526.0437,0.041006870567798615
1.7647165532879818,525.52136,0.04393204301595688
1.787936507936508,519.10114,0.031525738537311554
1.811156462585034,395.26248,0.01953575387597084
1.8343764172335602,300.15707,0.01876649633049965
1.8575963718820863,550.4243,0.013214042410254478
1.8808163265306124,479.09982,0.015432825312018394
1.9040362811791383,462.8186,0.01412561722099781
1.9272562358276644,478.60464,0.013472475111484528
1.9504761904761905,418.0095,0.011312540620565414
1.9736961451247166,296.8928,0.010049795731902122
1.9969160997732427,227.08548,0.007359902374446392
2.020136054421769,219.76744,0.005484248045831919
2.043356009070295,286.9848,0.004528416786342859
2.066575963718821,230.52797,0.004792628809809685
2.089795918367347,338.67255,0.007631042506545782
2.1130158730158732,337.5,0.006593399681150913
2.1362358276643993,296.63675,0.004016360267996788
2.159455782312925,188.46153,0.003876984352245927
2.182675736961451,195.13274,0.0025012586265802383
2.2058956916099772,189.1689,0.002322893124073744
2.2291156462585033,254.24529,0.003121608402580023
2.2523356009070294,378.86597,0.0033112182281911373
2.2755555555555556,306.7064,0.003363862866535783
2.2987755102040817,320.99664,0.003117256797850132
2.3219954648526078,340.45288,0.0033215628936886787
2.345215419501134,279.55627,0.0021836915984749794
2.36843537414966,303.81558,0.0021622185595333576
2.391655328798186,462.26413,0.002770635299384594
2.414875283446712,508.676,0.00313489674590528
2.4380952380952383,448.17072,0.002398134209215641
2.4613151927437644,362.06897,0.002348073059692979
2.48453514739229,200.25226,0.002744170604273677
2.507755102040816,257.0747,0.002346232533454895
2.5309750566893423,316.21622,0.00266779912635684
2.5541950113378684,300.3143,0.0022035324946045876
2.5774149659863945,317.97006,0.0024311658926308155
2.6006349206349206,317.75604,0.002066271612420678
2.6238548752834467,251.47746,0.0014857457717880607
2.647074829931973,212.35954,0.0011788964038714767
2.670294784580499,189.5755,0.0009337965166196227
2.693514739229025,220.37756,0.0011175491381436586
2.716734693877551,325.26123,0.0008436888456344604
2.7399546485260773,147.90385,0.0012172735296189785
2.7631746031746034,210.6688,0.0014127399772405624
2.7863945578231295,255.04732,0.001240449957549572
2.809614512471655,174.65347,0.0009416491957381368
2.8328344671201813,160.8315,0.0007489985437132418
2.8560544217687074,123.52941,0.00032803090289235115
2.8792743764172335,172.07358,0.0002308760886080563
2.9024943310657596,222.85234,0.0003274769114796072
2.9257142857142857,245.27252,0.00037667446304112673
2.948934240362812,251.85608,0.0004701753205154091
2.972154195011338,232.37706,0.0006528240046463907
2.995374149659864,256.6667,0.0006226483965292573
3.01859410430839,277.3585,0.0006125603104010224
3.0418140589569163,210.57298,0.0003520597529131919
3.0650340136054424,191.11592,0.00029005686519667506
3.0882539682539685,241.24725,0.00033243955112993717
3.1114739229024946,231.02444,0.0005694612627848983
3.1346938775510207,276.88358,0.0006367884343490005
3.1579138321995464,254.17868,0.00041074235923588276
3.1811337868480725,204.16667,0.00031626634881831706
3.2043537414965986,233.60802,0.00042950425995513797
3.2275736961451247,167.22643,0.00023616112594027072
3.250793650793651,238.50731,0.00023865679395385087
3.274013605442177,222.35295,0.00019549102580640465
3.297233560090703,242.18672,0.00023650417278986424
3.320453514739229,199.14702,0.0002659150050021708
3.3436734693877552,66.28257,0.000127647741464898
3.3668934240362813,136.5325,6.88817526679486e-05
3.3901133786848074,156.24446,4.594143683789298e-05
3.4133333333333336,639.13043,1.6795283954706974e-05
3.4365532879818597,0.0,5.814927135361359e-07
3.4597732426303858,0.0,9.945351848728023e-07
3.4829931972789114,0.0,4.5225988287711516e-07
3.5062131519274375,0.0,3.072973413509317e-07
3.5294331065759637,0.0,2.596370904939249e-07
3.5526530612244898,0.0,9.409541235072538e-08
3.575873015873016,0.0,1.3773114915238693e-07
3.599092970521542,0.0,2.7783789846580476e-07
3.622312925170068,0.0,1.5086880011949688e-07
