0.0,0.0,1.175712895928882e-07
0.023219954648526078,0.0,9.682753443485126e-08
0.046439909297052155,0.0,1.3709268387174234e-07
0.06965986394557823,0.0,8.403549145441502e-08
0.09287981859410431,0.0,9.586437954567373e-08
0.11609977324263039,0.0,4.6574496082030237e-07
0.13931972789115646,399.09503,0.0001068757992470637
0.16253968253968254,261.72107,0.0008416625787504017
0.18575963718820862,320.72726,0.0029798289760947227
0.2089795918367347,252.28833,0.003400657791644335
0.23219954648526078,178.54251,0.003973749931901693
0.25541950113378686,175.49744,0.004743434023112059
0.2786394557823129,183.0825,0.005615467205643654
0.301859410430839,223.35397,0.00482462253421545
0.3250793650793651,226.15384,0.0037763873115181923
0.3482993197278912,360.7362,0.004018661566078663
0.37151927437641724,183.9416,0.004335174802690744
0.3947392290249433,261.5917,0.0038350194226950407
0.4179591836734694,331.19586,0.006787365768104792
0.44117913832199546,315.0,0.007250609807670116
0.46439909297052157,418.4502,0.009318165481090546
0.4876190476190476,446.35626,0.010387800633907318
0.5108390022675737,276.34467,0.01196970883756876
0.5340589569160998,351.3944,0.015843842178583145
0.5572789115646258,357.2658,0.012084146961569786
0.5804988662131519,361.87088,0.012965437024831772
0.603718820861678,316.291,0.014253515750169754
0.626938775510204,356.00403,0.014326690696179867
0.6501587301587302,463.7456,0.0127183822914958
0.6733786848072563,528.93555,0.011282209306955338
0.6965986394557824,482.23074,0.009869915433228016
0.7198185941043084,309.4737,0.006867002230137587
0.7430385487528345,229.927,0.004654149524867535
0.7662585034013606,163.24696,0.0019841366447508335
0.7894784580498866,385.84662,0.0025916732847690582
0.8126984126984127,415.16736,0.004585281014442444
0.8359183673469388,358.0074,0.008214060217142105
0.8591383219954649,369.6176,0.010867687873542309
0.8823582766439909,364.27466,0.015180105343461037
0.905578231292517,383.87097,0.018589742481708527
0.9287981859410431,356.9044,0.021202366799116135
0.9520181405895691,352.0958,0.020753057673573494
0.9752380952380952,348.78894,0.019458450376987457
0.9984580498866213,372.5449,0.021039780229330063
1.0216780045351475,244.62936,0.009406760334968567
1.0448979591836736,332.57916,0.00683416984975338
1.0681179138321997,448.79483,0.008466619998216629
1.0913378684807256,483.3507,0.0113233532756567
1.1145578231292517,530.5263,0.012275507673621178
1.1377777777777778,523.3746,0.013465804979205132
1.1609977324263039,489.25873,0.011717384681105614
1.18421768707483,187.1618,0.009374266490340233
1.207437641723356,47.62419,0.0034643609542399645
1.2306575963718822,241.37932,0.002980656921863556
1.253877551020408,203.6429,0.0038724441546946764
1.2770975056689342,210.33386,0.0037826457992196083
1.3003174603174603,214.65657,0.0037938524037599564
1.3235374149659864,197.20514,0.002561979927122593
1.3467573696145125,202.06186,0.002866365946829319
1.3699773242630386,119.967354,0.0014360581990331411
1.3931972789115648,199.247,0.0016567024867981672
1.4164172335600906,274.25372,0.001778479665517807
1.4396371882086167,245.40901,0.0017872992902994156
1.4628571428571429,174.90085,0.002828220371156931
1.486077097505669,179.06032,0.0037132175639271736
1.509297052154195,181.16197,0.0032616981770843267
1.5325170068027212,190.18867,0.0015509803779423237
1.5557369614512473,161.20103,0.0011781689245253801
1.5789569160997732,148.48485,0.0012984193162992597
1.6021768707482993,140.66986,0.0013468211982399225
1.6253968253968254,196.65552,0.0012256941990926862
1.6486167800453515,182.1239,0.0016552434535697103
1.6718367346938776,181.90926,0.0008147958433255553
1.6950566893424037,178.74928,0.0008678382728248835
1.7182766439909298,199.88669,0.0011619427241384983
1.7414965986394557,223.10286,0.001252930611371994
1.7647165532879818,137.6691,0.0005029558087699115
1.787936507936508,182.01651,0.000509490491822362
1.811156462585034,185.87987,0.000728428887668997
1.8343764172335602,195.67387,0.0006973081035539508
1.8575963718820863,245.17026,0.00023934990167617798
1.8808163265306124,132.3,6.66881023789756e-05
1.9040362811791383,164.14392,3.021826341864653e-05
1.9272562358276644,0.0,6.002276677463669e-06
1.9504761904761905,0.0,3.5573611967265606e-06
1.9736961451247166,0.0,6.284435585257597e-07
1.9969160997732427,0.0,4.949024514644407e-07
2.020136054421769,0.0,3.201057552359998e-07
2.043356009070295,0.0,1.5721707313787192e-07
2.066575963718821,0.0,5.5500913731521e-07
2.089795918367347,0.0,6.864147508167662e-07
2.1130158730158732,0.0,8.213273758883588e-07
2.1362358276643993,0.0,3.010000000358559e-07
