0.0,0.0,9.932773537002504e-08
0.023219954648526078,0.0,4.5705746742896736e-08
0.046439909297052155,0.0,5.986839823890477e-08
0.06965986394557823,0.0,3.4597796911839396e-06
0.09287981859410431,181.48148,9.441170550417155e-05
0.11609977324263039,139.55696,0.00020684589981101453
0.13931972789115646,134.53326,0.0003186988760717213
0.16253968253968254,133.47458,0.0004714081296697259
0.18575963718820862,155.37286,0.0005475035286508501
0.2089795918367347,151.89436,0.0005533834919333458
0.23219954648526078,148.8189,0.0005143810994923115
0.25541950113378686,146.67406,0.0005904100835323334
0.2786394557823129,145.54456,0.0007085109245963395
0.301859410430839,142.94975,0.0006530279060825706
0.3250793650793651,139.70433,0.000477945723105222
0.3482993197278912,163.33333,0.00042708864202722907
0.37151927437641724,155.64705,0.000549798714928329
0.3947392290249433,166.51982,0.0005972804501652718
0.4179591836734694,173.13516,0.0006717272917740047
0.44117913832199546,178.64583,0.0007839306490495801
0.46439909297052157,183.31354,0.0008689891546964645
0.4876190476190476,189.7357,0.0008980917045846581
0.5108390022675737,192.45636,0.0009423276060260832
0.5340589569160998,193.66374,0.0009316760115325451
0.5572789115646258,166.6247,0.001040181377902627
0.5804988662131519,166.6247,0.0008136817486956716
0.603718820861678,182.98755,0.001269250875338912
0.626938775510204,220.34262,0.0014223826583474874
0.6501587301587302,202.87521,0.001265261322259903
0.6733786848072563,207.52942,0.0013748252531513572
0.6965986394557824,213.04347,0.0020083985291421413
0.7198185941043084,157.31271,0.0016147318528965116
0.7430385487528345,228.36594,0.0015490351943299174
0.7662585034013606,210.37567,0.0015530178789049387
0.7894784580498866,233.7043,0.0011651567183434963
0.8126984126984127,234.94939,0.0010357475839555264
0.8359183673469388,255.06075,0.000995284877717495
0.8591383219954649,282.69232,0.00128841248806566
0.8823582766439909,279.85193,0.001463085412979126
0.905578231292517,272.5026,0.0013001160696148872
0.9287981859410431,289.18033,0.0013742699520662427
0.9520181405895691,280.44516,0.0012786276638507843
0.9752380952380952,293.6988,0.001463208463974297
0.9984580498866213,283.6013,0.0015218486078083515
1.0216780045351475,272.7835,0.0016262230928987265
1.0448979591836736,241.77632,0.0017005503177642822
1.0681179138321997,223.60562,0.001446504145860672
1.0913378684807256,211.22939,0.0012785941362380981
1.1145578231292517,202.40964,0.0012836777605116367
1.1377777777777778,211.11702,0.0015970180975273252
1.1609977324263039,218.07692,0.0016126789851114154
1.18421768707483,223.85786,0.0014521963894367218
1.207437641723356,203.34294,0.0012515884591266513
1.2306575963718822,197.3645,0.000998442992568016
1.253877551020408,147.65625,0.0008586292969994247
1.2770975056689342,188.69194,0.0009534520213492215
1.3003174603174603,189.3865,0.0009366759331896901
1.3235374149659864,188.96626,0.0009559894679114223
1.3467573696145125,170.36424,0.0010220934636890888
1.3699773242630386,170.4583,0.001019973075017333
1.3931972789115648,170.36424,0.0010081815999001265
1.4164172335600906,170.74115,0.0008300988702103496
1.4396371882086167,171.97772,0.0008621088927611709
1.4628571428571429,174.3083,0.000822611094918102
1.486077097505669,166.3105,0.0006284284172579646
1.509297052154195,164.96259,0.0005570673383772373
1.5325170068027212,122.97825,0.0003822281723842025
1.5557369614512473,123.46024,0.00047375960275530815
1.5789569160997732,149.49153,0.0005615019472315907
1.6021768707482993,162.5307,0.0007268550107255578
1.6253968253968254,153.56937,0.0006947404472157359
1.6486167800453515,139.26317,0.0005792122101411223
1.6718367346938776,156.54158,0.000497243192512542
1.6950566893424037,194.88635,0.0005841194652020931
1.7182766439909298,137.04164,0.0007384290220215917
1.7414965986394557,156.75356,0.0007461460772901773
1.7647165532879818,151.28645,0.0006658557103946805
1.787936507936508,146.34955,0.0006988820969127119
1.811156462585034,141.80064,0.000757567526306957
1.8343764172335602,137.38318,0.0006543452618643641
1.8575963718820863,119.51219,0.00044336525024846196
1.8808163265306124,254.9133,0.0002257915330119431
1.9040362811791383,256.93857,0.0001928635174408555
1.9272562358276644,258.5821,0.00021578784799203277
1.9504761904761905,229.6875,0.00039089706842787564
1.9736961451247166,139.20454,0.0005882217083126307
1.9969160997732427,155.55556,0.00047663587611168623
2.020136054421769,148.40158,0.0004434908623807132
2.043356009070295,141.49733,0.0002762716030701995
2.066575963718821,159.78261,0.00017535925144329667
2.089795918367347,268.45602,0.00017122874851338565
2.1130158730158732,211.56717,0.00029417325276881456
2.1362358276643993,196.74953,0.00024205405497923493
2.159455782312925,53.004807,5.4228235967457294e-05
2.182675736961451,0.0,8.189478649001103e-06
2.2058956916099772,0.0,3.0869723559590057e-06
2.2291156462585033,0.0,1.1310239642625675e-06
2.2523356009070294,0.0,5.470774340210482e-07
2.2755555555555556,0.0,2.694814611459151e-07
2.2987755102040817,0.0,2.400174707872793e-07
2.3219954648526078,0.0,6.734253474860452e-07
2.345215419501134,0.0,1.6630292520858347e-07
