0.0,0.0,2.453525667078793e-07
0.023219954648526078,0.0,1.5968544175848365e-07
0.046439909297052155,0.0,1.448979674023576e-07
0.06965986394557823,0.0,3.2328262022929266e-07
0.09287981859410431,0.0,2.1617961465381086e-07
0.11609977324263039,0.0,1.0280473361490294e-07
0.13931972789115646,0.0,1.6609646991128102e-07
0.16253968253968254,0.0,5.223128027864732e-07
0.18575963718820862,0.0,3.8217485780478455e-06
0.2089795918367347,390.26547,4.861672277911566e-05
0.23219954648526078,157.5,0.00014023510448168963
0.25541950113378686,166.16429,0.00023960007820278406
0.2786394557823129,167.6806,0.00034877719008363783
0.301859410430839,171.02493,0.00048048270400613546
0.3250793650793651,175.49744,0.0005148401251062751
0.3482993197278912,178.33621,0.000505648145917803
0.37151927437641724,182.1239,0.0004981025704182684
0.3947392290249433,187.43169,0.0006092680850997567
0.4179591836734694,192.69662,0.0006947981892153621
0.44117913832199546,280.1779,0.0007505668909288943
0.46439909297052157,236.53159,0.000580105755943805
0.4876190476190476,241.90894,0.0005337362526915967
0.5108390022675737,223.60562,0.0006134758004918694
0.5340589569160998,199.43471,0.0006958122248761356
0.5572789115646258,223.74428,0.0006143461214378476
0.5804988662131519,210.78065,0.0007865865482017398
0.603718820861678,240.26746,0.0011365795508027077
0.626938775510204,362.21765,0.001295228605158627
0.6501587301587302,289.65518,0.0015638722106814384
0.6733786848072563,219.76744,0.0017270299140363932
0.6965986394557824,251.08694,0.0017031694296747446
0.7198185941043084,362.21765,0.0019071113783866167
0.7430385487528345,312.59543,0.0019989621359854937
0.7662585034013606,220.99109,0.002340251812711358
0.7894784580498866,295.66788,0.003353761974722147
0.8126984126984127,332.74646,0.0034564819652587175
0.8359183673469388,379.5589,0.004009673371911049
0.8591383219954649,424.68323,0.004092831630259752
0.8823582766439909,479.84454,0.0045512402430176735
0.905578231292517,470.10153,0.004287570249289274
0.9287981859410431,432.35294,0.00431411899626255
0.9520181405895691,383.87097,0.003318941220641136
0.9752380952380952,240.85199,0.0029323638882488012
0.9984580498866213,259.41177,0.004267864860594273
1.0216780045351475,267.6783,0.004896647296845913
1.0448979591836736,265.39618,0.004321211948990822
1.0681179138321997,262.5,0.003804511856287718
1.0913378684807256,261.72107,0.003933717962354422
1.1145578231292517,262.63028,0.0048614563420414925
1.1377777777777778,197.07051,0.0034593483433127403
1.1609977324263039,167.49864,0.0024604382924735546
1.18421768707483,408.55585,0.0031753401271998882
1.207437641723356,375.22522,0.002766979392617941
1.2306575963718822,307.39948,0.002906715963035822
1.253877551020408,292.3757,0.002937199082225561
1.2770975056689342,294.16342,0.0030381488613784313
1.3003174603174603,298.9051,0.002203556941822171
1.3235374149659864,316.74033,0.0021563670597970486
1.3467573696145125,350.92838,0.0029619629494845867
1.3699773242630386,310.87613,0.0037279820535331964
1.3931972789115648,326.149,0.0036580138839781284
1.4164172335600906,314.8394,0.003404166316613555
1.4396371882086167,322.2338,0.003368750214576721
1.4628571428571429,310.87613,0.0032137995585799217
1.486077097505669,336.45776,0.0040948232635855675
1.509297052154195,346.51648,0.00532355485484004
1.5325170068027212,335.90857,0.004400169011205435
1.5557369614512473,350.19852,0.0048974379897117615
1.5789569160997732,351.67465,0.005105976946651936
1.6021768707482993,342.92377,0.005499476566910744
1.6253968253968254,342.3913,0.005170739721506834
1.6486167800453515,347.97476,0.004548490047454834
1.6718367346938776,353.86157,0.004151663277298212
1.6950566893424037,350.34756,0.003675956279039383
1.7182766439909298,361.27798,0.005583467893302441
1.7414965986394557,366.3259,0.0071379998698830605
1.7647165532879818,387.64218,0.00784776359796524
1.787936507936508,185.782,0.004837747663259506
1.811156462585034,395.20294,0.005506036803126335
1.8343764172335602,396.24734,0.005530741065740585
1.8575963718820863,397.8947,0.005840410944074392
1.8808163265306124,394.14102,0.005837596952915192
1.9040362811791383,393.16495,0.0064273010939359665
1.9272562358276644,402.33145,0.0070275673642754555
1.9504761904761905,400.05338,0.010266562923789024
1.9736961451247166,381.6117,0.0092904819175601
1.9969160997732427,296.73914,0.005693534854799509
2.020136054421769,347.79178,0.0045445626601576805
2.043356009070295,344.8905,0.00500799436122179
2.066575963718821,342.92377,0.005436107981950045
2.089795918367347,344.7108,0.005384410731494427
2.1130158730158732,344.53125,0.005705894902348518
2.1362358276643993,333.75378,0.005712159909307957
2.159455782312925,346.8799,0.005992773454636335
2.182675736961451,330.69095,0.00523711834102869
2.2058956916099772,333.2494,0.004398636054247618
2.2291156462585033,341.86047,0.004147556610405445
2.2523356009070294,328.57904,0.004312749952077866
2.2755555555555556,338.3632,0.005195838864892721
2.2987755102040817,347.60904,0.005952485371381044
2.3219954648526078,332.47174,0.005129704251885414
2.345215419501134,317.10324,0.0035102861002087593
2.36843537414966,185.00262,0.0019434643909335136
2.391655328798186,249.02464,0.0019023719942197204
2.414875283446712,296.17194,0.0031807604245841503
2.4380952380952383,294.75577,0.0032910224981606007
2.4613151927437644,298.28302,0.0029981150291860104
2.48453514739229,302.0548,0.003016849048435688
2.507755102040816,310.9002,0.0029783942736685276
2.5309750566893423,352.8,0.00305661978200078
2.5541950113378684,312.13345,0.00208483194001019
2.5774149659863945,243.10916,0.0027847695164382458
2.6006349206349206,272.5281,0.003373808693140745
2.6238548752834467,255.58482,0.0026733973063528538
2.647074829931973,333.08157,0.002688012085855007
2.670294784580499,396.03802,0.003014869522303343
2.693514739229025,257.0747,0.003273880109190941
2.716734693877551,257.7577,0.0032444018870592117
2.7399546485260773,255.94893,0.0026728420052677393
2.7631746031746034,203.32993,0.0021440761629492044
2.7863945578231295,233.50983,0.0027447789907455444
2.809614512471655,228.2346,0.0020128614269196987
2.8328344671201813,230.76923,0.002319235820323229
2.8560544217687074,228.4974,0.002625534078106284
2.8792743764172335,228.97195,0.0024934429675340652
2.9024943310657596,228.76082,0.002355345292016864
2.9257142857142857,225.92213,0.002486943267285824
2.948934240362812,240.86395,0.0022823000326752663
2.972154195011338,280.89172,0.0020655589178204536
2.995374149659864,416.4743,0.0018076718552038074
3.01859410430839,309.62888,0.00242658075876534
3.0418140589569163,360.098,0.0023860291112214327
3.0650340136054424,288.39236,0.0021728181745857
3.0882539682539685,245.62025,0.0024037756957113743
3.1114739229024946,304.29935,0.0020537679083645344
3.1346938775510207,230.2872,0.0014654521364718676
3.1579138321995464,256.8932,0.0011044535785913467
3.1811337868480725,206.71875,0.0007776381680741906
3.2043537414965986,387.4794,0.0007683284347876906
3.2275736961451247,394.99475,0.000861115287989378
3.250793650793651,391.28394,0.0010908946860581636
3.274013605442177,394.729,0.0013633646303787827
3.297233560090703,391.28394,0.0012257280759513378
3.320453514739229,387.84274,0.0010340106673538685
3.3436734693877552,383.87097,0.0008554936503060162
3.3668934240362813,385.05392,0.0008021772955544293
3.3901133786848074,372.1519,0.000989301479421556
3.4133333333333336,341.33127,0.0010280461283400655
3.4365532879818597,310.05948,0.0010666613234207034
3.4597732426303858,275.48154,0.0009075932903215289
3.4829931972789114,323.07693,0.0010081749642267823
3.5062131519274375,376.5208,0.0009073743713088334
3.5294331065759637,331.9355,0.0007943847449496388
3.5526530612244898,354.50162,0.0008376893820241094
3.575873015873016,284.2105,0.000724429206456989
3.599092970521542,332.29282,0.0007439569453708827
3.622312925170068,393.75,0.0009655775502324104
3.645532879818594,405.62085,0.0008173446403816342
3.6687528344671203,341.50748,0.0008437046781182289
3.6919727891156464,358.14835,0.0009087076759897172
3.7151927437641725,358.90134,0.0007702548173256218
3.7384126984126986,312.29135,0.0008689311798661947
3.7616326530612247,284.65738,0.0006735655479133129
3.784852607709751,287.22443,0.0011068396270275116
3.8080725623582765,273.48837,0.000879294762853533
3.8312925170068026,218.5332,0.0006079238373786211
3.8545124716553287,358.14835,0.0005985223688185215
3.877732426303855,376.32,0.0007419422036036849
3.900952380952381,372.1519,0.0007580440724268556
3.924172335600907,318.57584,0.0008432753384113312
3.947392290249433,280.59384,0.0006539207533933222
3.9706122448979593,235.07462,0.0006731012254022062
3.9938321995464854,194.16621,0.0003764841239899397
4.017052154195011,250.69768,0.00029725240892730653
4.040272108843538,272.55872,0.0005140240537002683
4.063492063492063,287.36844,0.00034518714528530836
4.08671201814059,301.10297,0.0003265067934989929
4.1099319727891155,243.81479,0.00019725934544112533
4.133151927437642,196.43652,4.561738751363009e-05
4.156371882086168,0.0,3.4809927456080914e-06
4.179591836734694,0.0,8.592342055635527e-07
4.20281179138322,0.0,3.457562343101017e-07
4.2260317460317465,0.0,1.212902134284377e-07
4.249251700680272,0.0,1.0642270353855565e-07
4.272471655328799,0.0,1.2879718269687146e-07
4.295691609977324,0.0,2.626611603773199e-07
4.31891156462585,0.0,2.8438626031856984e-07
4.342131519274377,0.0,2.477108864695765e-07
4.365351473922902,0.0,2.9505827114917338e-08
