0.0,0.0,7.44212229619734e-07
0.023219954648526078,0.0,7.461203495040536e-07
0.046439909297052155,0.0,4.995417839381844e-07
0.06965986394557823,0.0,2.7035366656491533e-07
0.09287981859410431,0.0,1.615007931832224e-07
0.11609977324263039,0.0,6.095160642871633e-08
0.13931972789115646,0.0,3.0722731025889516e-08
0.16253968253968254,0.0,7.732887752354145e-08
0.18575963718820862,0.0,7.045309757813811e-08
0.2089795918367347,0.0,7.91951606515795e-08
0.23219954648526078,0.0,1.3413927263172809e-05
0.25541950113378686,159.97581,8.327062823809683e-05
0.2786394557823129,198.94736,0.0001652199716772884
0.301859410430839,176.98996,0.0002885326975956559
0.3250793650793651,234.99112,0.0003741199616342783
0.3482993197278912,252.32042,0.0006032550008967519
0.37151927437641724,205.11627,0.0007025975501164794
0.3947392290249433,301.30435,0.0011377353221178055
0.4179591836734694,312.29135,0.0011166637996211648
0.44117913832199546,329.8619,0.0014566510217264295
0.46439909297052157,333.72974,0.0022675301879644394
0.4876190476190476,288.9617,0.004119413904845715
0.5108390022675737,341.15524,0.005503249820321798
0.5340589569160998,344.8905,0.005819528363645077
0.5572789115646258,327.53317,0.005532010458409786
0.5804988662131519,345.109,0.005532087758183479
0.603718820861678,347.24408,0.006318490486592054
0.626938775510204,333.41736,0.006797566078603268
0.6501587301587302,342.5686,0.007113459520041943
0.6733786848072563,329.28,0.007014602888375521
0.6965986394557824,350.55643,0.008844992145895958
0.7198185941043084,361.67303,0.00822957418859005
0.7430385487528345,360.36774,0.00706706615164876
0.7662585034013606,392.30768,0.006243017036467791
0.7894784580498866,392.5131,0.007366236299276352
0.8126984126984127,268.2482,0.009621251374483109
0.8359183673469388,355.2359,0.013093319721519947
0.8591383219954649,376.1666,0.013582954183220863
0.8823582766439909,373.72882,0.013192452490329742
0.905578231292517,375.5189,0.01383618451654911
0.9287981859410431,385.64813,0.012847572565078735
0.9520181405895691,392.30768,0.014667904004454613
0.9752380952380952,388.4456,0.014700897969305515
0.9984580498866213,379.76318,0.013105403631925583
1.0216780045351475,399.20126,0.011667976155877113
1.0448979591836736,383.08636,0.009364992380142212
1.0681179138321997,422.6837,0.00743730878457427
1.0913378684807256,436.40622,0.007802104577422142
1.1145578231292517,431.90723,0.009723380208015442
1.1377777777777778,416.4743,0.010651803575456142
1.1609977324263039,417.13086,0.011224474757909775
1.18421768707483,418.11377,0.011798631399869919
1.207437641723356,427.5,0.013145547360181808
1.2306575963718822,434.59543,0.014417054131627083
1.253877551020408,422.6837,0.015946807339787483
1.2770975056689342,428.8127,0.017497975379228592
1.3003174603174603,433.4713,0.016100842505693436
1.3235374149659864,439.61176,0.013802696950733662
1.3467573696145125,444.03815,0.010937748476862907
1.3699773242630386,458.91974,0.011519771069288254
1.3931972789115648,458.41998,0.009434414096176624
1.4164172335600906,465.43536,0.011575035750865936
1.4396371882086167,453.47043,0.012963883578777313
1.4628571428571429,464.21054,0.015110376290977001
1.486077097505669,455.34332,0.016036877408623695
1.509297052154195,441.23224,0.017873506993055344
1.5325170068027212,454.87366,0.01887732744216919
1.5557369614512473,447.94315,0.018871570006012917
1.5789569160997732,460.05963,0.01766446977853775
1.6021768707482993,411.2452,0.012680156156420708
1.6253968253968254,470.57925,0.01103675365447998
1.6486167800453515,470.3403,0.010763273574411869
1.6718367346938776,408.75388,0.016807787120342255
1.6950566893424037,370.9779,0.016670972108840942
1.7182766439909298,278.08725,0.016915302723646164
1.7414965986394557,413.4375,0.017684372141957283
1.7647165532879818,526.90906,0.018800055608153343
1.787936507936508,508.75723,0.018451543524861336
1.811156462585034,508.42105,0.018044140189886093
1.8343764172335602,510.7251,0.01868041232228279
1.8575963718820863,516.1832,0.018792279064655304
1.8808163265306124,503.2158,0.0187956802546978
1.9040362811791383,509.8266,0.023218782618641853
1.9272562358276644,403.35364,0.019422901794314384
1.9504761904761905,246.36871,0.018308576196432114
1.9736961451247166,560.2134,0.026329807937145233
1.9969160997732427,563.3623,0.028024423867464066
2.020136054421769,564.5161,0.028273530304431915
2.043356009070295,571.8703,0.027674686163663864
2.066575963718821,567.9049,0.027265265583992004
2.089795918367347,567.0623,0.02735871821641922
2.1130158730158732,565.38464,0.027552520856261253
2.1362358276643993,563.71686,0.0286225788295269
2.159455782312925,564.5161,0.029215017333626747
2.182675736961451,568.00616,0.03010236844420433
2.2058956916099772,579.3835,0.03446877747774124
2.2291156462585033,585.813,0.04517996311187744
2.2523356009070294,549.7561,0.07365083694458008
2.2755555555555556,605.0305,0.10075779259204865
2.2987755102040817,615.5533,0.12023486196994781
2.3219954648526078,612.5,0.10025539994239807
2.345215419501134,609.3654,0.09523563086986542
2.36843537414966,608.12054,0.0974539965391159
2.391655328798186,609.98975,0.10335289686918259
2.414875283446712,612.5,0.10065370798110962
2.4380952380952383,616.16766,0.09990488737821579
2.4613151927437644,614.0229,0.10388755053281784
2.48453514739229,615.3489,0.10975231230258942
2.507755102040816,621.43933,0.11554910987615585
2.5309750566893423,618.3275,0.13584968447685242
2.5541950113378684,630.0,0.16055428981781006
2.5774149659863945,643.3098,0.15510985255241394
2.6006349206349206,570.9477,0.08613203465938568
2.6238548752834467,676.7264,0.09844867885112762
2.647074829931973,678.125,0.09806019067764282
2.670294784580499,671.2329,0.1186913400888443
2.693514739229025,669.8734,0.12518860399723053
2.716734693877551,669.53436,0.09982028603553772
2.7399546485260773,676.3804,0.09219156950712204
2.7631746031746034,678.125,0.08651503175497055
2.7863945578231295,683.55,0.08897203207015991
2.809614512471655,670.5524,0.09848669171333313
2.8328344671201813,664.8241,0.09202533960342407
2.8560544217687074,665.1583,0.07398724555969238
2.8792743764172335,678.46155,0.07261402904987335
2.9024943310657596,678.1138,0.06714077293872833
2.9257142857142857,700.3474,0.07383818179368973
2.948934240362812,705.2474,0.0819011926651001
2.972154195011338,717.43774,0.0738581046462059
2.995374149659864,731.3065,0.09255243092775345
3.01859410430839,723.32135,0.11354867368936539
3.0418140589569163,724.02985,0.11194753646850586
3.0650340136054424,615.86035,0.11307177692651749
3.0882539682539685,421.47888,0.11129626631736755
3.1114739229024946,374.6627,0.10049651563167572
3.1346938775510207,365.59586,0.09982696175575256
3.1579138321995464,374.10178,0.08914928138256073
3.1811337868480725,386.04532,0.09575380384922028
3.2043537414965986,373.5426,0.08691047132015228
3.2275736961451247,361.10544,0.06522855162620544
3.250793650793651,391.28394,0.0524064302444458
3.274013605442177,564.54944,0.04995784908533096
3.297233560090703,661.16943,0.041869666427373886
3.320453514739229,672.2561,0.04061529040336609
3.3436734693877552,669.8734,0.04405992105603218
3.3668934240362813,672.78546,0.04557611048221588
3.3901133786848074,665.4929,0.04441072791814804
3.4133333333333336,671.5736,0.04162555932998657
3.4365532879818597,665.1583,0.0400385856628418
3.4597732426303858,674.7779,0.039690691977739334
3.4829931972789114,664.1566,0.03379526734352112
3.5062131519274375,657.88165,0.030500361695885658
3.5294331065759637,650.178,0.03449267894029617
3.5526530612244898,643.9577,0.05182208493351936
3.575873015873016,642.0181,0.06407397240400314
3.599092970521542,645.583,0.059975650161504745
3.622312925170068,650.178,0.06230106204748154
3.645532879818594,641.4545,0.061280205845832825
3.6687528344671203,642.0181,0.06503984332084656
3.6919727891156464,640.7315,0.07518641650676727
3.7151927437641725,638.81116,0.08000843226909637
3.7384126984126986,641.6959,0.07771774381399155
3.7616326530612247,644.93195,0.08031736314296722
3.784852607709751,648.5294,0.07016468048095703
3.8080725623582765,631.9345,0.0732627585530281
3.8312925170068026,614.63416,0.07782930135726929
3.8545124716553287,489.50552,0.05058328062295914
3.877732426303855,334.4287,0.029017286375164986
3.900952380952381,520.4207,0.0249723419547081
3.924172335600907,388.4456,0.026868706569075584
3.947392290249433,528.93555,0.028062142431735992
3.9706122448979593,468.437,0.026061303913593292
3.9938321995464854,319.89636,0.02565358579158783
4.017052154195011,283.25098,0.024776654317975044
4.040272108843538,344.3519,0.02468780055642128
4.063492063492063,455.81396,0.02514314278960228
4.08671201814059,384.46155,0.02133246138691902
4.1099319727891155,279.40866,0.01788277179002762
4.133151927437642,342.7461,0.016934610903263092
4.156371882086168,294.0,0.012148939073085785
4.179591836734694,506.1033,0.01246185414493084
4.20281179138322,492.73743,0.012131728231906891
4.2260317460317465,489.75266,0.012573480606079102
4.249251700680272,504.26196,0.013534114696085453
4.272471655328799,491.7385,0.012472996488213539
4.295691609977324,483.60315,0.012850634753704071
4.31891156462585,504.0,0.014059826731681824
4.342131519274377,491.7385,0.013738627545535564
4.365351473922902,500.61917,0.015246795490384102
4.388571428571429,502.1739,0.014106594026088715
4.4117913832199545,469.62476,0.010616213083267212
4.435011337868481,447.26166,0.01362491212785244
4.458231292517007,427.71823,0.012413485907018185
4.481451247165533,425.11417,0.011279694736003876
4.504671201814059,445.00507,0.010731865651905537
4.527891156462585,443.88525,0.012343830429017544
4.551111111111111,441.2206,0.012461824342608452
4.574331065759638,443.0989,0.01122394111007452
4.597551020408163,443.80295,0.0099327452480793
4.62077097505669,455.34332,0.00994057022035122
4.6439909297052155,452.07584,0.00991136021912098
4.667210884353741,441.4647,0.010471208021044731
4.690430839002268,423.36002,0.013687040656805038
4.713650793650793,418.0095,0.01497824490070343
4.73687074829932,410.02066,0.015536651946604252
4.760090702947846,421.5613,0.01682928390800953
4.783310657596372,425.32996,0.013450676575303078
4.806530612244898,414.95035,0.013313520699739456
4.829750566893424,429.25208,0.013880882412195206
4.85297052154195,414.95035,0.014226062223315239
4.876190476190477,416.24442,0.01461793016642332
4.899410430839002,424.8986,0.014405481517314911
4.922630385487529,413.4375,0.01399188581854105
4.9458503401360545,399.62686,0.014454271644353867
4.96907029478458,391.0798,0.01661733165383339
4.992290249433107,367.11758,0.014377739280462265
5.015510204081632,375.71884,0.017190780490636826
5.038730158730159,381.33267,0.015802908688783646
5.061950113378685,374.52228,0.0133509561419487
5.085170068027211,376.11942,0.01404576376080513
5.108390022675737,382.11008,0.013886847533285618
5.131609977324263,372.5449,0.013546514324843884
5.154829931972789,370.783,0.014588961377739906
5.178049886621316,379.59494,0.014070583507418633
5.201269841269841,369.23077,0.01322661992162466
5.224489795918368,375.0,0.013583770021796227
5.2477097505668935,363.33676,0.013148723170161247
5.27092970521542,353.50702,0.010735002346336842
5.294149659863946,288.39236,0.010456925258040428
5.317369614512471,295.0592,0.009121476672589779
5.340589569160998,342.21417,0.00955638475716114
5.363809523809524,345.0704,0.00977381318807602
5.38702947845805,346.69812,0.009182470850646496
5.410249433106576,350.7423,0.007875238545238972
5.433469387755102,332.114,0.006805252283811569
5.456689342403628,330.33707,0.00652411300688982
5.479909297052155,330.51392,0.006866318639367819
5.50312925170068,340.9794,0.007524133659899235
5.526349206349207,343.81497,0.008207382634282112
5.5495691609977325,344.7108,0.008410871028900146
5.572789115646259,347.79178,0.007916628383100033
5.596009070294785,331.9355,0.006679057609289885
5.61922902494331,347.42645,0.006119647528976202
5.642448979591837,328.22964,0.006336865946650505
5.6656689342403626,339.0569,0.007236136123538017
5.688888888888889,344.7108,0.008601464331150055
5.712108843537415,349.0765,0.00885629653930664
5.735328798185941,276.63354,0.009175320155918598
5.758548752834467,255.04732,0.007841140031814575
5.7817687074829935,329.1045,0.005998299457132816
5.804988662131519,326.34436,0.00629725307226181
5.828208616780046,324.9474,0.0060795871540904045
5.851428571428571,338.8832,0.0068024517968297005
5.874648526077098,345.6113,0.008078016340732574
5.897868480725624,349.63004,0.007664533331990242
5.92108843537415,329.98398,0.007458388805389404
5.944308390022676,284.2105,0.0056911651045084
5.9675283446712015,335.45935,0.00473091471940279
5.990748299319728,470.10153,0.004894767887890339
6.013968253968254,422.7548,0.004522215574979782
6.03718820861678,328.92914,0.004697494674474001
6.060408163265306,334.99728,0.005796812940388918
6.0836281179138325,266.97852,0.0058483704924583435
6.106848072562358,252.57732,0.005090880673378706
6.130068027210885,275.156,0.004181877709925175
6.15328798185941,333.41736,0.003849760629236698
6.176507936507937,326.66666,0.003875649068504572
6.199727891156463,333.18942,0.005066908895969391
6.222947845804989,316.21622,0.005744368769228458
6.246167800453515,305.59702,0.005481349769979715
6.269387755102041,213.96227,0.00427979975938797
6.292607709750567,240.62502,0.0030883844010531902
6.315827664399093,386.8421,0.002614439930766821
6.339047619047619,431.4624,0.00245354394428432
6.362267573696145,345.6887,0.0028636017814278603
6.3854875283446715,244.25981,0.003832726739346981
6.408707482993197,341.33127,0.003413608530536294
6.431927437641724,342.21417,0.0034235722851008177
6.455147392290249,249.92273,0.0027959635481238365
6.478367346938776,184.32602,0.0016321991570293903
6.501587301587302,285.1293,0.0012110673123970628
6.524807256235828,225.0,0.001036220695823431
6.548027210884354,311.50354,0.0009534572018310428
6.57124716553288,296.43228,0.0005936131346970797
6.594467120181406,162.30284,0.00023469152802135795
6.617687074829932,188.6631,0.00011221678141737357
6.640907029478458,77.232925,4.142963734921068e-05
6.664126984126984,65.65757,1.998749576159753e-05
6.6873469387755105,167.15097,1.2714414879155811e-05
6.710566893424036,0.0,6.261551789066289e-06
6.733786848072563,0.0,2.0963534552720375e-06
6.757006802721088,0.0,5.55657607037574e-07
6.780226757369615,0.0,1.7627098714001477e-07
6.8034467120181406,0.0,8.09723132988438e-08
6.826666666666667,0.0,3.919012669939548e-08
6.849886621315193,0.0,5.9216290537733585e-08
6.873106575963719,0.0,6.688333087367937e-08
6.896326530612245,0.0,7.340622687479481e-08
6.9195464852607715,0.0,5.256242729956284e-08
6.942766439909297,0.0,5.888887244509533e-08
6.965986394557823,0.0,3.511831891955808e-08
6.989206349206349,0.0,4.3677573557943106e-08
7.012426303854875,0.0,2.4338987714145333e-08
