0.0,0.0,8.994811651064083e-08
0.023219954648526078,0.0,5.932088242843747e-08
0.046439909297052155,0.0,2.8989234124310315e-08
0.06965986394557823,0.0,4.329376679379493e-08
0.09287981859410431,0.0,4.1729435906745493e-08
0.11609977324263039,0.0,5.873971531400457e-08
0.13931972789115646,0.0,9.842278814176098e-08
0.16253968253968254,0.0,4.223056748742238e-08
0.18575963718820862,0.0,3.783316060435027e-08
0.2089795918367347,0.0,4.3833097151946276e-08
0.23219954648526078,0.0,5.974015948595479e-08
0.25541950113378686,0.0,8.793176675681025e-08
0.2786394557823129,0.0,3.999940417998005e-06
0.301859410430839,195.56541,0.00023385501117445529
0.3250793650793651,126.60287,0.0005149692296981812
0.3482993197278912,129.13617,0.0010329543147236109
0.37151927437641724,210.75269,0.0014360256027430296
0.3947392290249433,222.72728,0.001674736151471734
0.4179591836734694,337.07007,0.0024185413494706154
0.44117913832199546,349.40576,0.0026898535434156656
0.46439909297052157,353.55426,0.0030225226655602455
0.4876190476190476,267.54297,0.003586285747587681
0.5108390022675737,314.719,0.0054502058774232864
0.5340589569160998,294.16342,0.005654815584421158
0.5572789115646258,294.6548,0.007985242642462254
0.5804988662131519,299.8431,0.008245106786489487
0.603718820861678,290.45007,0.0056754108518362045
0.626938775510204,284.05798,0.004778975620865822
0.6501587301587302,314.51862,0.0052553098648786545
0.6733786848072563,340.2374,0.008369245566427708
0.6965986394557824,327.88104,0.009339924901723862
0.7198185941043084,338.48682,0.010385780595242977
0.7430385487528345,335.2762,0.010106023401021957
0.7662585034013606,345.43082,0.01005098782479763
0.7894784580498866,329.6316,0.011255396530032158
0.8126984126984127,333.18942,0.016299117356538773
0.8359183673469388,365.40652,0.014504428952932358
0.8591383219954649,350.37076,0.015146121382713318
0.8823582766439909,345.9728,0.015849057585000992
0.905578231292517,297.81818,0.011945473030209541
0.9287981859410431,275.7817,0.016186466440558434
0.9520181405895691,390.91412,0.021201107650995255
0.9752380952380952,398.3528,0.014894270338118076
0.9984580498866213,395.62006,0.016441285610198975
1.0216780045351475,378.63635,0.016148153692483902
1.0448979591836736,397.08685,0.02098451927304268
1.0681179138321997,398.69412,0.028518300503492355
1.0913378684807256,402.84793,0.023987863212823868
1.1145578231292517,373.33334,0.017335940152406693
1.1377777777777778,422.7548,0.018459446728229523
1.1609977324263039,421.69098,0.02019282802939415
1.18421768707483,428.8127,0.021716279909014702
1.207437641723356,451.3818,0.02192981354892254
1.2306575963718822,424.68323,0.02046750858426094
1.253877551020408,373.5426,0.01484953798353672
1.2770975056689342,472.5,0.016176162287592888
1.3003174603174603,470.8185,0.013447829522192478
1.3235374149659864,460.81506,0.015222756192088127
1.3467573696145125,479.84454,0.015366294421255589
1.3699773242630386,455.2258,0.026501670479774475
1.3931972789115648,294.6548,0.0615779384970665
1.4164172335600906,277.99426,0.09714101254940033
1.4396371882086167,277.2132,0.10957539081573486
1.4628571428571429,279.40866,0.10012870281934738
1.486077097505669,424.492,0.10540803521871567
1.509297052154195,551.25,0.11338794976472855
1.5325170068027212,556.5371,0.11374184489250183
1.5557369614512473,421.69098,0.0962907075881958
1.5789569160997732,504.12524,0.11748286336660385
1.6021768707482993,591.33575,0.11021411418914795
1.6253968253968254,585.8967,0.10573191940784454
1.6486167800453515,588.5813,0.11371324956417084
1.6718367346938776,585.8967,0.12009883671998978
1.6950566893424037,500.87762,0.13222506642341614
1.7182766439909298,488.02814,0.1288999319076538
1.7414965986394557,413.4375,0.04451015964150429
1.7647165532879818,289.1074,0.041651319712400436
1.787936507936508,451.69812,0.06351492553949356
1.811156462585034,513.0619,0.08242975175380707
1.8343764172335602,420.21063,0.051248811185359955
1.8575963718820863,177.46478,0.023582855239510536
1.8808163265306124,478.8521,0.017415089532732964
1.9040362811791383,474.9231,0.01816413179039955
1.9272562358276644,495.2527,0.025938624516129494
1.9504761904761905,488.76575,0.023686517030000687
1.9736961451247166,373.53098,0.02090456336736679
1.9969160997732427,351.67465,0.03517933189868927
2.020136054421769,429.47205,0.03367282450199127
2.043356009070295,430.35437,0.030806250870227814
2.066575963718821,434.82098,0.027584142982959747
2.089795918367347,435.72543,0.030187934637069702
2.1130158730158732,413.0073,0.031670816242694855
2.1362358276643993,374.9203,0.03535938262939453
2.159455782312925,347.79178,0.024975884705781937
2.182675736961451,361.4754,0.027240611612796783
2.2058956916099772,365.8739,0.02579243667423725
2.2291156462585033,330.33707,0.015334714204072952
2.2523356009070294,367.8832,0.028990019112825394
2.2755555555555556,355.8245,0.021339066326618195
2.2987755102040817,288.39236,0.013987381011247635
2.3219954648526078,353.86157,0.015820633620023727
2.345215419501134,456.75815,0.015605181455612183
2.36843537414966,439.15094,0.014030668884515762
2.391655328798186,292.20184,0.01102849654853344
2.414875283446712,392.92453,0.010305165313184261
2.4380952380952383,338.1902,0.012862122617661953
2.4613151927437644,298.12793,0.010332686826586723
2.48453514739229,315.5201,0.009370435029268265
2.507755102040816,311.81818,0.008359156548976898
2.5309750566893423,303.33334,0.008692598901689053
2.5541950113378684,308.5576,0.011212348006665707
2.5774149659863945,296.8928,0.011922964826226234
2.6006349206349206,294.32703,0.010671422816812992
2.6238548752834467,303.97668,0.009721280075609684
2.647074829931973,302.8526,0.01019581500440836
2.670294784580499,312.4494,0.012408211827278137
2.693514739229025,261.93304,0.008426852524280548
2.716734693877551,161.96223,0.0036737616173923016
2.7399546485260773,240.98361,0.0032398165203630924
2.7631746031746034,241.22328,0.003529794979840517
2.7863945578231295,254.11209,0.0037617492489516735
2.809614512471655,245.40901,0.004033852834254503
2.8328344671201813,252.14409,0.003778940299525857
2.8560544217687074,245.27252,0.0035325910430401564
2.8792743764172335,254.11209,0.00339868338778615
2.9024943310657596,254.64566,0.0034193473402410746
2.9257142857142857,262.35803,0.004357335157692432
2.948934240362812,269.35034,0.005141502246260643
2.972154195011338,269.94992,0.0054665361531078815
2.995374149659864,269.5,0.004489939194172621
3.01859410430839,245.40901,0.003459000727161765
3.0418140589569163,240.85199,0.003118467517197132
3.0650340136054424,239.02438,0.0033128003124147654
3.0882539682539685,257.7577,0.004340353887528181
3.1114739229024946,265.08197,0.004727174062281847
3.1346938775510207,268.60464,0.004673544317483902
3.1579138321995464,263.35504,0.0037163803353905678
3.1811337868480725,241.11537,0.002962179947644472
3.2043537414965986,224.87251,0.0021516033448278904
3.2275736961451247,268.73856,0.00248706410638988
3.250793650793651,254.7794,0.003158625215291977
3.274013605442177,263.78467,0.003968636970967054
3.297233560090703,271.30872,0.004667193628847599
3.320453514739229,272.83463,0.004945196211338043
3.3436734693877552,271.7647,0.004244948271661997
3.3668934240362813,265.51724,0.002831831108778715
3.3901133786848074,244.05092,0.0023910824675112963
3.4133333333333336,258.56677,0.0025757979601621628
3.4365532879818597,248.0315,0.0035060555674135685
3.4597732426303858,268.60464,0.0038154502399265766
3.4829931972789114,270.55215,0.0038709784857928753
3.5062131519274375,265.80823,0.0028217551298439503
3.5294331065759637,256.2599,0.002099866047501564
3.5526530612244898,254.37862,0.0020300988107919693
3.575873015873016,247.6137,0.0028744428418576717
3.599092970521542,257.59348,0.0033536944538354874
3.622312925170068,247.62634,0.0036559170112013817
3.645532879818594,266.7339,0.0032073520123958588
3.6687528344671203,284.7988,0.0021496738772839308
3.6919727891156464,270.40134,0.0019414284033700824
3.7151927437641725,245.27252,0.0022351194638758898
3.7384126984126986,246.24365,0.0017846612026914954
3.7616326530612247,211.00479,0.0008322204812429845
3.784852607709751,114.9635,0.00032939898665063083
3.8080725623582765,130.86053,4.5774297177558765e-05
3.8312925170068026,119.51219,1.6958791093202308e-05
3.8545124716553287,0.0,3.734466190508101e-06
3.877732426303855,0.0,3.774348442675546e-07
3.900952380952381,0.0,2.047554517048411e-07
3.924172335600907,0.0,9.695486369309947e-08
3.947392290249433,0.0,1.2175496522104368e-07
3.9706122448979593,0.0,1.323332980973646e-07
3.9938321995464854,0.0,9.011637303046882e-08
4.017052154195011,0.0,8.586812327848747e-08
4.040272108843538,0.0,6.468053470598534e-08
4.063492063492063,0.0,6.266418495215476e-08
4.08671201814059,0.0,4.8547917685937136e-08
4.1099319727891155,0.0,2.2027961676940322e-08
