0.0,0.0,1.5084970073075965e-07
0.023219954648526078,0.0,1.0451458365423605e-07
0.046439909297052155,0.0,6.237405614228919e-08
0.06965986394557823,0.0,2.7264832169748843e-08
0.09287981859410431,0.0,2.2010681277606636e-08
0.11609977324263039,0.0,1.3108547136653215e-08
0.13931972789115646,0.0,4.207595338812098e-08
0.16253968253968254,0.0,3.7609206628985703e-06
0.18575963718820862,0.0,9.986494660552125e-06
0.2089795918367347,265.8406,1.5345292922575027e-05
0.23219954648526078,272.7032,2.5718680262798443e-05
0.25541950113378686,284.1088,3.511699105729349e-05
0.2786394557823129,187.43169,3.7314730434445664e-05
0.301859410430839,134.45122,4.081015504198149e-05
0.3250793650793651,162.73062,4.703928061644547e-05
0.3482993197278912,165.25696,5.883279300178401e-05
0.37151927437641724,137.74077,6.09883718425408e-05
0.3947392290249433,136.18115,7.030076812952757e-05
0.4179591836734694,134.53326,6.64617691654712e-05
0.44117913832199546,132.35294,5.167827839613892e-05
0.46439909297052157,134.1241,4.845355579163879e-05
0.4876190476190476,146.26866,5.165165930520743e-05
0.5108390022675737,261.10126,5.359153510653414e-05
0.5340589569160998,317.09073,5.883321864530444e-05
0.5572789115646258,262.64212,4.419216202222742e-05
0.5804988662131519,213.61679,3.268376531195827e-05
0.603718820861678,205.8343,4.010759585071355e-05
0.626938775510204,336.42722,6.894195394124836e-05
0.6501587301587302,279.11392,0.00011995318345725536
0.6733786848072563,342.21417,0.00015459282440133393
0.6965986394557824,329.1045,0.00015423870354425162
0.7198185941043084,311.81818,0.00010261863644700497
0.7430385487528345,323.92447,8.691798575455323e-05
0.7662585034013606,325.46124,0.00012116182188037783
0.7894784580498866,289.49673,0.0001131188910221681
0.8126984126984127,206.82646,0.00012205043458379805
0.8359183673469388,244.32133,0.00013421141193248332
0.8591383219954649,208.23715,9.324696293333545e-05
0.8823582766439909,191.8434,0.00010709336493164301
0.905578231292517,216.41222,0.00013941005454398692
0.9287981859410431,171.59534,0.00013198363012634218
0.9520181405895691,303.5398,0.00029544418794102967
0.9752380952380952,341.15524,0.00045671960106119514
0.9984580498866213,409.17526,0.00037633709143847227
1.0216780045351475,333.2494,0.00024174113059416413
1.0448979591836736,396.87665,0.0002595616679172963
1.0681179138321997,330.51392,0.000398261850932613
1.0913378684807256,304.46094,0.0003713943879120052
1.1145578231292517,310.2273,0.00033960180007852614
1.1377777777777778,452.53976,0.00035918690264225006
1.1609977324263039,443.56802,0.0003685675037559122
1.18421768707483,450.0,0.00037668709410354495
1.207437641723356,447.48856,0.0003259291115682572
1.2306575963718822,287.6568,0.0004715415998362005
1.253877551020408,266.53845,0.0003694275510497391
1.2770975056689342,292.64932,0.0003090056125074625
1.3003174603174603,252.2621,0.00038737955037504435
1.3235374149659864,258.4443,0.0005350559367798269
1.3467573696145125,286.7934,0.000556442653760314
1.3699773242630386,343.27972,0.0004273717349860817
1.3931972789115648,262.07455,0.00030737745692022145
1.4164172335600906,268.2482,0.0005543881561607122
1.4396371882086167,269.4501,0.000581926666200161
1.4628571428571429,282.69232,0.0007594727212563157
1.486077097505669,276.77826,0.0007346626371145248
1.509297052154195,273.3471,0.0005839439108967781
1.5325170068027212,273.065,0.0007084030075930059
1.5557369614512473,226.9686,0.0004258585977368057
1.5789569160997732,146.67406,0.0004214935179334134
1.6021768707482993,235.61887,0.0005877488292753696
1.6253968253968254,110.30515,0.0002508122124709189
1.6486167800453515,325.2898,0.00027114542899653316
1.6718367346938776,322.87982,0.00048535389942117035
1.6950566893424037,289.31583,0.0010043593356385827
1.7182766439909298,252.36052,0.00043179793283343315
1.7414965986394557,276.2004,0.000572419841773808
1.7647165532879818,268.62943,0.0006713467882946134
1.787936507936508,264.9975,0.0007318257703445852
1.811156462585034,284.09314,0.0006794603541493416
1.8343764172335602,280.7427,0.000640274491161108
1.8575963718820863,274.76636,0.0006114229327067733
1.8808163265306124,256.76855,0.0003093142295256257
1.9040362811791383,247.12175,0.0002582875022199005
1.9272562358276644,462.67258,0.00040019306470640004
1.9504761904761905,423.36002,0.0003188262053299695
1.9736961451247166,292.35083,0.00025781558360904455
1.9969160997732427,252.0,0.0002340233331779018
2.020136054421769,279.704,0.00026637231349013746
2.043356009070295,333.54944,0.00039709906559437513
2.066575963718821,424.51868,0.0003744094865396619
2.089795918367347,439.15094,0.0004128600412514061
2.1130158730158732,434.37015,0.0004131515452172607
2.1362358276643993,447.26166,0.00037500064354389906
2.159455782312925,445.90494,0.00027704518288373947
2.182675736961451,446.35626,0.00023033234174363315
2.2058956916099772,453.00464,0.00025767210172489285
2.2291156462585033,377.64035,0.0003551469126250595
2.2523356009070294,401.59363,0.0003637290792539716
2.2755555555555556,292.5,0.0002303098444826901
2.2987755102040817,383.6745,0.00023902436078060418
2.3219954648526078,252.52472,0.00029160059057176113
2.345215419501134,382.85403,0.0003300010575912893
2.36843537414966,402.94418,0.00026214373065158725
2.391655328798186,328.40424,0.00020807245164178312
2.414875283446712,279.55627,0.00015169270045589656
2.4380952380952383,236.8421,0.00011283443018328398
2.4613151927437644,232.2275,8.963755681179464e-05
2.48453514739229,184.22977,0.00013000628678128123
2.507755102040816,183.84575,0.00012216460891067982
2.5309750566893423,182.98755,9.623419464332983e-05
2.5541950113378684,362.11145,0.00012097929720766842
2.5774149659863945,304.29935,8.726487430976704e-05
2.6006349206349206,249.15254,0.00014771110727451742
2.6238548752834467,330.62283,0.0001601211552042514
2.647074829931973,333.75378,0.0002172613749280572
2.670294784580499,324.2647,0.0002267220406793058
2.693514739229025,329.1045,0.00017675133130978793
2.716734693877551,338.7097,0.00018482041195966303
2.7399546485260773,325.80475,0.00019227919983677566
2.7631746031746034,226.26988,8.668962254887447e-05
2.7863945578231295,188.76404,6.76922791171819e-05
2.809614512471655,256.54453,7.753181853331625e-05
2.8328344671201813,213.17221,7.755961996736005e-05
2.8560544217687074,145.46454,9.914979455061257e-05
2.8792743764172335,137.9562,7.729095523245633e-05
2.9024943310657596,186.18817,6.929364462848753e-05
2.9257142857142857,276.34467,8.605743641965091e-05
2.948934240362812,189.88159,7.630788604728878e-05
2.972154195011338,141.1953,6.965697684790939e-05
2.995374149659864,138.67924,7.358613947872072e-05
3.01859410430839,185.8146,0.00010189021122641861
3.0418140589569163,138.46153,7.689758786000311e-05
3.0650340136054424,204.06169,6.389737245626748e-05
3.0882539682539685,228.2346,5.653071639244445e-05
3.1114739229024946,183.0825,5.771986980107613e-05
3.1346938775510207,231.61766,6.237243360374123e-05
3.1579138321995464,256.2599,6.030283111613244e-05
3.1811337868480725,227.84155,5.7368310081074014e-05
3.2043537414965986,236.96936,5.849952867720276e-05
3.2275736961451247,263.35504,6.828522600699216e-05
3.250793650793651,241.77632,8.74781544553116e-05
3.274013605442177,234.99112,0.00010099317296408117
3.297233560090703,268.1592,0.00010316953557776287
3.320453514739229,192.6816,8.414913463639095e-05
3.3436734693877552,177.2101,6.576245505129918e-05
3.3668934240362813,222.97754,5.250736649031751e-05
3.3901133786848074,256.6667,5.730151679017581e-05
3.4133333333333336,234.07645,5.9737078117905185e-05
3.4365532879818597,194.38017,7.31164327589795e-05
3.4597732426303858,153.01874,9.923521429300308e-05
3.4829931972789114,131.72043,9.507816866971552e-05
3.5062131519274375,145.86548,8.65180918481201e-05
3.5294331065759637,213.73183,6.789485632907599e-05
3.5526530612244898,232.10527,5.478804814629257e-05
3.575873015873016,260.6663,5.5274249461945146e-05
3.599092970521542,246.78232,5.891924229217693e-05
3.622312925170068,223.85786,6.0041747929062694e-05
3.645532879818594,184.07872,8.043240814004093e-05
3.6687528344671203,180.0,9.944624616764486e-05
3.6919727891156464,134.6565,9.476454579271376e-05
3.7151927437641725,132.49875,8.487616287311539e-05
3.7384126984126986,130.86053,6.909456715220585e-05
3.7616326530612247,187.54556,5.516052624443546e-05
3.784852607709751,248.73096,5.179118670639582e-05
3.8080725623582765,143.18182,6.258790381252766e-05
3.8312925170068026,162.04724,6.352904892992228e-05
3.8545124716553287,151.85951,8.6077896412462e-05
3.877732426303855,157.68773,9.312413749285042e-05
3.900952380952381,156.19835,8.32511723274365e-05
3.924172335600907,127.30947,6.664815009571612e-05
3.947392290249433,197.9798,5.145240720594302e-05
3.9706122448979593,245.68245,5.578186028287746e-05
3.9938321995464854,250.56818,6.016330735292286e-05
4.017052154195011,125.56947,6.602027860935777e-05
4.040272108843538,182.66272,7.158073276514187e-05
4.063492063492063,273.72412,8.772442379267886e-05
4.08671201814059,272.06955,8.149172936100513e-05
4.1099319727891155,268.1592,6.519705493701622e-05
4.133151927437642,235.32552,5.119918205309659e-05
4.156371882086168,213.1579,4.4455235183704644e-05
4.179591836734694,247.19731,5.044540739618242e-05
4.20281179138322,215.91187,5.7300523621961474e-05
4.2260317460317465,229.8072,6.416827091015875e-05
4.249251700680272,282.03488,7.814870332367718e-05
4.272471655328799,201.77936,3.925839700968936e-05
4.295691609977324,0.0,2.428108018648345e-06
4.31891156462585,0.0,6.004465831210837e-07
4.342131519274377,0.0,1.0114399628946558e-07
4.365351473922902,0.0,5.4576048569288105e-08
4.388571428571429,0.0,3.948298399336636e-08
4.4117913832199545,0.0,2.2016138245817274e-08
4.435011337868481,0.0,1.4619217836298048e-08
4.458231292517007,0.0,4.647699825000018e-08
4.481451247165533,0.0,2.0395418687257916e-08
