0.0,0.0,7.858670869609341e-08
0.023219954648526078,0.0,8.725601219339296e-08
0.046439909297052155,0.0,4.4863554649055004e-08
0.06965986394557823,0.0,3.692730388138443e-08
0.09287981859410431,0.0,5.52681740373373e-08
0.11609977324263039,0.0,1.5230671124299988e-07
0.13931972789115646,0.0,4.727148734673392e-06
0.16253968253968254,0.0,9.962440344679635e-06
0.18575963718820862,273.5355,1.357876681140624e-05
0.2089795918367347,157.5,1.5787072698003612e-05
0.23219954648526078,127.82609,2.21066948142834e-05
0.25541950113378686,154.55608,3.0096452974248677e-05
0.2786394557823129,133.97469,4.780086601385847e-05
0.301859410430839,133.63637,5.4973272199276835e-05
0.3250793650793651,134.1785,6.194697925820947e-05
0.3482993197278912,135.02756,6.958522862987593e-05
0.37151927437641724,133.23264,6.788165774196386e-05
0.3947392290249433,104.875145,3.869580541504547e-05
0.4179591836734694,133.31319,3.8397010939661413e-05
0.44117913832199546,143.53133,6.669589492958039e-05
0.46439909297052157,242.3077,0.00010786391794681549
0.4876190476190476,265.39618,0.00012122743646614254
0.5108390022675737,254.7794,0.00012045765470247716
0.5340589569160998,175.6972,9.101985779125243e-05
0.5572789115646258,198.13864,8.024893759284168e-05
0.5804988662131519,214.20766,0.0001061474031303078
0.603718820861678,205.11627,0.0002231014077551663
0.626938775510204,187.43169,0.00023762065393384546
0.6501587301587302,186.86441,0.00017736395238898695
0.6733786848072563,211.34184,0.00015230904682539403
0.6965986394557824,183.85944,0.00018288506544195116
0.7198185941043084,211.14911,0.00018657732289284468
0.7430385487528345,218.04697,0.00026686195633374155
0.7662585034013606,297.97296,0.0003957301960326731
0.7894784580498866,255.18149,0.00036438036477193236
0.8126984126984127,130.0885,0.00020086501899641007
0.8359183673469388,187.85942,0.00013910996494814754
0.8591383219954649,269.5599,0.00027436146046966314
0.8823582766439909,252.72206,0.00040958705358207226
0.905578231292517,232.64948,0.0006551767000928521
0.9287981859410431,195.6136,0.00043142010690644383
0.9520181405895691,206.18182,0.0003206325927749276
0.9752380952380952,369.1285,0.00024218394537456334
0.9984580498866213,374.52228,0.0003461700107436627
1.0216780045351475,399.89923,0.00041920284274965525
1.0448979591836736,322.06573,0.0006659216014668345
1.0681179138321997,438.6911,0.0008416211931034923
1.0913378684807256,431.90723,0.0006948742084205151
1.1145578231292517,313.242,0.0005221922765485942
1.1377777777777778,418.74063,0.0005946980090811849
1.1609977324263039,277.7953,0.0009450064389966428
1.18421768707483,464.69968,0.0013852688716724515
1.207437641723356,692.42017,0.0019447666127234697
1.2306575963718822,548.78046,0.001094434759579599
1.253877551020408,286.7934,0.0009169980185106397
1.2770975056689342,338.3632,0.0009187443647533655
1.3003174603174603,622.6744,0.0015977178700268269
1.3235374149659864,293.18558,0.0017002817476168275
1.3467573696145125,456.9948,0.0023684946354478598
1.3699773242630386,489.25873,0.002501539885997772
1.3931972789115648,336.64124,0.002309235744178295
1.4164172335600906,272.3623,0.002847802359610796
1.4396371882086167,268.0851,0.002224138006567955
1.4628571428571429,452.67422,0.00193000677973032
1.486077097505669,511.16965,0.0012557287700474262
1.509297052154195,453.00464,0.001098636188544333
1.5325170068027212,381.52673,0.0011956344824284315
1.5557369614512473,402.5355,0.00147629517596215
1.5789569160997732,604.1096,0.002209026599302888
1.6021768707482993,551.52576,0.0017312875716015697
1.6253968253968254,506.13773,0.0026412566658109426
1.6486167800453515,654.3027,0.0026686592027544975
1.6718367346938776,725.9259,0.0033666002564132214
1.6950566893424037,590.0397,0.0029750261455774307
1.7182766439909298,535.3566,0.0032601915299892426
1.7414965986394557,483.16733,0.002337065991014242
1.7647165532879818,205.3285,0.0013846291694790125
1.787936507936508,493.13098,0.0014208527281880379
1.811156462585034,487.6777,0.001206987421028316
1.8343764172335602,466.66666,0.0012137037701904774
1.8575963718820863,454.63916,0.0012580433394759893
1.8808163265306124,508.65054,0.0012372161727398634
1.9040362811791383,370.3937,0.0011395367328077555
1.9272562358276644,272.22223,0.0008762862998992205
1.9504761904761905,464.21054,0.0005258259479887784
1.9736961451247166,438.23224,0.0004934298922307789
1.9969160997732427,290.2907,0.0006204681703820825
2.020136054421769,411.92307,0.0007227269234135747
2.043356009070295,445.21783,0.0006197280017659068
2.066575963718821,415.8198,0.0004993316251784563
2.089795918367347,387.29507,0.0005127363838255405
2.1130158730158732,332.29282,0.000456634268630296
2.1362358276643993,303.9882,0.0003480756713543087
2.159455782312925,394.99475,0.0003512877447064966
2.182675736961451,397.92993,0.00031594198662787676
2.2058956916099772,399.62686,0.0003953501000069082
2.2291156462585033,396.87665,0.0003824200830422342
2.2523356009070294,254.51208,0.0005614309338852763
2.2755555555555556,340.62823,0.0007343748584389687
2.2987755102040817,367.90878,0.0006051677046343684
2.3219954648526078,419.76483,0.0006632749573327601
2.345215419501134,367.5,0.00042438728269189596
2.36843537414966,385.84662,0.0003766207373701036
2.391655328798186,355.07248,0.00036118345451541245
2.414875283446712,350.92838,0.0005355076282285154
2.4380952380952383,313.2787,0.0005106967291794717
2.4613151927437644,308.212,0.0005044930148869753
2.48453514739229,332.73358,0.00045050610788166523
2.507755102040816,335.45935,0.0004654415533877909
2.5309750566893423,338.53635,0.0004786716599483043
2.5541950113378684,341.50748,0.0004741048323921859
2.5774149659863945,323.7546,0.00047487433766946197
2.6006349206349206,239.09639,0.0005237319273874164
2.6238548752834467,296.3046,0.0004143070837017149
2.647074829931973,306.5775,0.0003403346927370876
2.670294784580499,345.88235,0.00040565140079706907
2.693514739229025,461.05594,0.00047132946201600134
2.716734693877551,444.9814,0.0004849956021644175
2.7399546485260773,538.4018,0.0005222000181674957
2.7631746031746034,446.88,0.00033081043511629105
2.7863945578231295,351.28677,0.00027141545433551073
2.809614512471655,210.78065,0.0001816729927668348
2.8328344671201813,393.9845,0.00017141233547590673
2.8560544217687074,219.28177,0.00013138825306668878
2.8792743764172335,245.86925,0.0001489244168624282
2.9024943310657596,212.70097,0.00021701294463127851
2.9257142857142857,224.49095,0.0002550930075813085
2.948934240362812,315.34653,0.00026073335902765393
2.972154195011338,265.66266,0.00020100822439417243
2.995374149659864,146.10712,0.0001761514286044985
3.01859410430839,237.79411,0.00016685161972418427
3.0418140589569163,242.42879,0.00018285452097188681
3.0650340136054424,152.77136,0.0001703446905594319
3.0882539682539685,137.02744,0.0002327030524611473
3.1114739229024946,159.37015,0.0002423093537800014
3.1346938775510207,155.46417,0.00020810289424844086
3.1579138321995464,125.71266,0.0001744226465234533
3.1811337868480725,169.52225,0.00022500303748529404
3.2043537414965986,239.41368,0.00021201142226345837
3.2275736961451247,210.78065,0.00017827839474193752
3.250793650793651,291.73096,0.00016851958935149014
3.274013605442177,131.01604,0.00016973531455732882
3.297233560090703,212.27437,0.0002266261726617813
3.320453514739229,184.8503,0.0002465922443661839
3.3436734693877552,180.4208,0.00018263296806253493
3.3668934240362813,249.01186,0.00015929197252262384
3.3901133786848074,211.89189,0.00021792491315864027
3.4133333333333336,237.09677,0.00020062507246620953
3.4365532879818597,194.16621,0.0001672713115112856
3.4597732426303858,192.6816,0.00013345283514354378
3.4829931972789114,184.51883,0.0001627844467293471
3.5062131519274375,270.55215,0.00017309212125837803
3.5294331065759637,231.42857,0.00018233426089864224
3.5526530612244898,205.11627,0.00015973210975062102
3.575873015873016,236.46112,0.0001430157572031021
3.599092970521542,213.27245,0.00016080844216048717
3.622312925170068,244.18604,0.00014616773114539683
3.645532879818594,232.56427,0.0001445403613615781
3.6687528344671203,202.06186,0.00011699143215082586
3.6919727891156464,131.25,0.0001343248295597732
3.7151927437641725,207.36676,0.00014402595115825534
3.7384126984126986,204.40324,0.00013701939315069467
3.7616326530612247,151.0274,0.00012121295731049031
3.784852607709751,167.86296,0.00015611908747814596
3.8080725623582765,237.09677,0.00016220560064539313
3.8312925170068026,231.73935,0.0001455891615478322
3.8545124716553287,169.989,0.00010858086170628667
3.877732426303855,128.01161,4.451067070476711e-05
3.900952380952381,0.0,4.3165819079149514e-06
3.924172335600907,0.0,9.669729479355738e-07
3.947392290249433,0.0,1.430635165888816e-07
3.9706122448979593,0.0,8.365532266907394e-08
3.9938321995464854,0.0,4.882895154878497e-08
4.017052154195011,0.0,4.539560904959217e-08
4.040272108843538,0.0,3.7472091207746416e-08
4.063492063492063,0.0,5.295987648423761e-08
4.08671201814059,0.0,4.069988790433854e-08
4.1099319727891155,0.0,2.149954525521025e-08
4.133151927437642,0.0,5.753463483415544e-09
