0.0,0.0,2.653450792422518e-08
0.023219954648526078,0.0,4.456160240806639e-08
0.046439909297052155,0.0,4.628509486792609e-08
0.06965986394557823,0.0,2.2519088815897703e-08
0.09287981859410431,0.0,3.0150658858474344e-08
0.11609977324263039,0.0,3.740842657862231e-08
0.13931972789115646,0.0,3.090372047154233e-08
0.16253968253968254,0.0,3.5850462154485285e-08
0.18575963718820862,0.0,6.394475349225104e-08
0.2089795918367347,0.0,2.8676367946900427e-08
0.23219954648526078,0.0,3.2539901440031826e-08
0.25541950113378686,371.3684,1.2564491044031456e-05
0.2786394557823129,218.58736,3.835255847661756e-05
0.301859410430839,227.90698,6.507457874249667e-05
0.3250793650793651,324.0481,9.444122406421229e-05
0.3482993197278912,343.5726,0.0001033156004268676
0.37151927437641724,333.72974,0.00013213613419793546
0.3947392290249433,320.56076,0.00017545952869113535
0.4179591836734694,349.0765,0.00021014016238041222
0.44117913832199546,307.8947,0.00021395394287537783
0.46439909297052157,305.34125,0.00024151697289198637
0.4876190476190476,308.23764,0.00026558537501841784
0.5108390022675737,354.57288,0.00022627129510510713
0.5340589569160998,355.8245,0.00025478750467300415
0.5572789115646258,223.97157,0.00023092386254575104
0.5804988662131519,200.81967,0.0004454938170965761
0.603718820861678,341.61972,0.000530933088157326
0.626938775510204,379.30045,0.000680258555803448
0.6501587301587302,412.57797,0.0007351649692282081
0.6733786848072563,405.0,0.0006111001712270081
0.6965986394557824,403.9332,0.0006440789438784122
0.7198185941043084,419.113,0.0008089728653430939
0.7430385487528345,387.05432,0.0008040922693908215
0.7662585034013606,364.26212,0.0011008235160261393
0.7894784580498866,441.0,0.0011197417043149471
0.8126984126984127,437.0892,0.0011592714581638575
0.8359183673469388,429.03226,0.001258605974726379
0.8591383219954649,424.68323,0.001187793561257422
0.8823582766439909,430.57556,0.0013478812761604786
0.905578231292517,362.77634,0.0012840313138440251
0.9287981859410431,331.22318,0.001719183987006545
0.9520181405895691,456.52176,0.002135582733899355
0.9752380952380952,481.34094,0.002375734271481633
0.9984580498866213,474.4365,0.002817221451550722
1.0216780045351475,362.21765,0.0018471961375325918
1.0448979591836736,349.2608,0.001767419744282961
1.0681179138321997,330.75,0.001453279866836965
1.0913378684807256,346.33508,0.0004325516929384321
1.1145578231292517,186.30055,0.0009802142158150673
1.1377777777777778,280.44516,0.0009437846601940691
1.1609977324263039,275.76862,0.0008034194470383227
1.18421768707483,272.64297,0.0004715707036666572
1.207437641723356,272.7835,0.00041303582838736475
1.2306575963718822,275.7817,0.0008337743929587305
1.253877551020408,294.30185,0.0009546185610815883
1.2770975056689342,309.31863,0.0012196884490549564
1.3003174603174603,365.21738,0.0019303138833492994
1.3235374149659864,297.04663,0.0014510295586660504
1.3467573696145125,300.15707,0.0011674368288367987
1.3699773242630386,284.65738,0.00109793059527874
1.3931972789115648,293.8493,0.0014937574742361903
1.4164172335600906,233.08669,0.0007985264528542757
1.4396371882086167,246.36871,0.0005957899847999215
1.4628571428571429,418.35938,0.0008620787411928177
1.486077097505669,350.7423,0.000724425190128386
1.509297052154195,325.6329,0.0006090783281251788
1.5325170068027212,325.2898,0.0005185406771488488
1.5557369614512473,318.08347,0.0004952390445396304
1.5789569160997732,289.18033,0.0006419762503355742
1.6021768707482993,350.83533,0.00113266974221915
1.6253968253968254,350.18527,0.000990136875770986
1.6486167800453515,373.53098,0.000968664709944278
1.6718367346938776,367.3087,0.0009383986471220851
1.6950566893424037,360.92072,0.0011457069776952267
1.7182766439909298,357.95456,0.001154377474449575
1.7414965986394557,356.41165,0.0009334984933957458
1.7647165532879818,310.40726,0.0006890480290167034
1.787936507936508,374.52228,0.0009434390813112259
1.811156462585034,320.3944,0.0009062375174835324
1.8343764172335602,397.2973,0.0015691063599660993
1.8575963718820863,409.80896,0.0013576203491538763
1.8808163265306124,405.0,0.001148285809904337
1.9040362811791383,379.0192,0.0008688367088325322
1.9272562358276644,376.11942,0.000770004466176033
1.9504761904761905,380.17242,0.001067448640242219
1.9736961451247166,383.08636,0.0012327581644058228
1.9969160997732427,367.5,0.0010961201041936874
2.020136054421769,358.3545,0.0011333695147186518
2.043356009070295,355.45407,0.0012156077427789569
2.066575963718821,353.3654,0.0010622988920658827
2.089795918367347,351.11465,0.0008581358706578612
2.1130158730158732,350.37076,0.0008786828257143497
2.1362358276643993,345.79196,0.0009774364298209548
2.159455782312925,341.50748,0.0009982415940612555
2.182675736961451,297.20062,0.000901122170034796
2.2058956916099772,325.70163,0.0005306705133989453
2.2291156462585033,322.73917,0.0005556130781769753
2.2523356009070294,342.21417,0.0005053943605162203
2.2755555555555556,328.57904,0.0005129383644089103
2.2987755102040817,337.84473,0.0005117006367072463
2.3219954648526078,324.60568,0.00040815933607518673
2.345215419501134,339.79083,0.0008086962625384331
2.36843537414966,388.54626,0.001826750347390771
2.391655328798186,354.69168,0.00258328253403306
2.414875283446712,352.0958,0.0022414245177060366
2.4380952380952383,311.34647,0.002066252287477255
2.4613151927437644,352.0958,0.0017354204319417477
2.48453514739229,297.20062,0.0017089186003431678
2.507755102040816,292.05298,0.0011568163754418492
2.5309750566893423,251.46115,0.0006510139792226255
2.5541950113378684,283.1111,0.000721536111086607
2.5774149659863945,276.05634,0.0007233750657178462
2.6006349206349206,271.52386,0.0007285653264261782
2.6238548752834467,267.6783,0.0007151441532187164
2.647074829931973,267.40778,0.0007360437884926796
2.670294784580499,263.78467,0.0006211234722286463
2.693514739229025,277.06805,0.0005513632204383612
2.716734693877551,322.73917,0.001212151488289237
2.7399546485260773,476.2419,0.0013011180562898517
2.7631746031746034,364.4628,0.001129521057009697
2.7863945578231295,306.7064,0.0009687045821920037
2.809614512471655,488.02814,0.0009161507477983832
2.8328344671201813,482.92682,0.0009112501284107566
2.8560544217687074,472.7412,0.0010361330350860953
2.8792743764172335,439.0244,0.0009098444133996964
2.9024943310657596,358.17258,0.0008842905517667532
2.9257142857142857,296.27905,0.0009381886920891702
2.948934240362812,384.85626,0.0008780366042628884
2.972154195011338,431.4624,0.0007495559984818101
2.995374149659864,434.37015,0.0006346615264192224
3.01859410430839,431.6847,0.0006024316535331309
3.0418140589569163,423.6097,0.0006494384724646807
3.0650340136054424,355.466,0.0006467016646638513
3.0882539682539685,350.7423,0.00047331731184385717
3.1114739229024946,285.74515,0.00034191348822787404
3.1346938775510207,260.2468,0.00036047352477908134
3.1579138321995464,290.60956,0.00039074404048733413
3.1811337868480725,294.9074,0.0005665138596668839
3.2043537414965986,405.90146,0.0006353470962494612
3.2275736961451247,399.49673,0.0005448571173474193
3.250793650793651,322.90796,0.0004057499172631651
3.274013605442177,228.4974,0.0003051124222110957
3.297233560090703,184.22977,0.00024835369549691677
3.320453514739229,228.10345,0.00015126843936741352
3.3436734693877552,290.4255,0.00016512649017386138
3.3668934240362813,226.38603,0.0001692413934506476
3.3901133786848074,241.42336,0.00027305923867970705
3.4133333333333336,292.758,0.0002998463169205934
3.4365532879818597,229.09091,0.00020781464991159737
3.4597732426303858,208.45589,0.0002219529851572588
3.4829931972789114,317.5926,0.00025973812444135547
3.5062131519274375,293.8493,0.0001764716871548444
3.5294331065759637,275.195,0.00014601703151129186
3.5526530612244898,246.06323,0.00020928964659105986
3.575873015873016,192.9375,0.00032031250884756446
3.599092970521542,189.67741,0.00028380355797708035
3.622312925170068,187.65958,0.0002064479049295187
3.645532879818594,184.8088,0.00020146681345067918
3.6687528344671203,182.89268,0.0002367123670410365
3.6919727891156464,274.1969,0.0001703555608401075
3.7151927437641725,258.99628,0.00013205697177909315
3.7384126984126986,168.96552,0.0001945832627825439
3.7616326530612247,174.48071,0.0002887687587644905
3.784852607709751,269.2009,0.00034169276477769017
3.8080725623582765,247.49998,0.00022988076671026647
3.8312925170068026,190.18867,0.00021035691315773875
3.8545124716553287,173.42696,0.00019751762738451362
3.877732426303855,305.1091,0.0001560651435283944
3.900952380952381,309.0566,0.0001489499700255692
3.924172335600907,317.10324,0.00021257466869428754
3.947392290249433,349.44534,0.00022708895266987383
3.9706122448979593,245.62025,0.0002740713534876704
3.9938321995464854,290.4255,0.00022944508236832917
4.017052154195011,210.78065,0.0001686780306044966
4.040272108843538,250.1418,0.00020367157412692904
4.063492063492063,323.92447,0.0001706225157249719
4.08671201814059,303.65466,0.0001369666715618223
4.1099319727891155,314.65424,0.00018194531730841845
4.133151927437642,335.5435,0.00018011013162322342
4.156371882086168,312.29135,0.00019562302622944117
4.179591836734694,337.5,0.00021741690579801798
4.20281179138322,267.81375,0.00013651078916154802
4.2260317460317465,188.76404,0.00013152696192264557
4.249251700680272,247.47475,0.00016235988005064428
4.272471655328799,328.40424,0.00013450636470224708
4.295691609977324,331.0456,0.00013152930478099734
4.31891156462585,339.0569,0.00015984191850293428
4.342131519274377,333.91022,0.00016072603466454893
4.365351473922902,278.9668,0.00018443817680235952
4.388571428571429,316.61536,0.00019571525626815856
4.4117913832199545,246.24365,0.0001289857318624854
4.435011337868481,302.8526,0.00012365543807391077
4.458231292517007,321.22787,0.00015385530423372984
4.481451247165533,344.3519,0.00013880724145565182
4.504671201814059,329.1045,0.00010102480882778764
4.527891156462585,272.08228,0.00012049495126120746
4.551111111111111,209.33543,0.0001564309059176594
4.574331065759638,274.48132,0.00017832472804002464
4.597551020408163,226.38603,0.00012600132322404534
4.62077097505669,178.6329,0.00010904320515692234
4.6439909297052155,256.80252,0.0001383462076773867
4.667210884353741,327.22604,0.00011829088907688856
4.690430839002268,311.66077,0.00011320295743644238
4.713650793650793,326.66666,0.00013686512829735875
4.73687074829932,338.67255,0.00014663921319879591
4.760090702947846,344.8905,0.00015933897520881146
4.783310657596372,339.75345,0.00015852937940508127
4.806530612244898,246.11871,9.627428516978398e-05
4.829750566893424,246.92049,9.610114648239687e-05
4.85297052154195,259.96783,0.00011052250920329243
4.876190476190477,307.62332,9.19244484975934e-05
4.899410430839002,303.33334,0.0001432421850040555
4.922630385487529,339.978,0.00015464886382687837
4.9458503401360545,355.20447,0.0001324028562521562
4.96907029478458,366.27905,1.5605710359523073e-05
4.992290249433107,0.0,4.254136911185924e-06
5.015510204081632,0.0,3.407476469874382e-07
5.038730158730159,0.0,1.6432204574812204e-07
5.061950113378685,0.0,1.6560807125642896e-07
5.085170068027211,0.0,9.080304153030738e-08
5.108390022675737,0.0,1.189591785077937e-07
5.131609977324263,0.0,2.924398359027691e-07
5.154829931972789,0.0,1.2630698620341718e-07
5.178049886621316,0.0,2.802107701427303e-07
5.201269841269841,0.0,2.2702897695126012e-07
5.224489795918368,0.0,1.0615985956974328e-07
5.2477097505668935,0.0,3.619761628215201e-07
