0.0,0.0,6.73762770020403e-08
0.023219954648526078,0.0,2.2018866729922593e-08
0.046439909297052155,0.0,2.8055183065589517e-08
0.06965986394557823,0.0,4.517369234235957e-08
0.09287981859410431,0.0,8.427923603449017e-08
0.11609977324263039,0.0,6.046775524737313e-08
0.13931972789115646,0.0,1.558300937176682e-07
0.16253968253968254,336.64124,2.1878358893445693e-05
0.18575963718820862,206.07477,6.797915557399392e-05
0.2089795918367347,277.3585,0.00015410123160108924
0.23219954648526078,237.2385,0.00018740871746558696
0.25541950113378686,289.43915,0.00015328676090575755
0.2786394557823129,282.08957,0.0001396365842083469
0.301859410430839,394.92538,7.893541624071077e-05
0.3250793650793651,448.04062,2.859034066204913e-05
0.3482993197278912,87.67396,1.1326245839882176e-05
0.37151927437641724,0.0,1.295055881200824e-06
0.3947392290249433,0.0,1.4292709238361567e-07
0.4179591836734694,0.0,1.1751581041608006e-07
0.44117913832199546,0.0,4.837875167140737e-08
0.46439909297052157,0.0,6.798582035116851e-07
0.4876190476190476,178.78378,7.016990275587887e-05
0.5108390022675737,211.81557,0.00017137416580226272
0.5340589569160998,218.55728,0.0002559986023698002
0.5572789115646258,226.8,0.00027103425236418843
0.5804988662131519,188.6631,0.0002956170937977731
0.603718820861678,209.6672,0.00024642146308906376
0.626938775510204,167.1721,0.00015436040121130645
0.6501587301587302,351.28677,7.638843089807779e-05
0.6733786848072563,304.13794,2.2855221686768346e-05
0.6965986394557824,0.0,4.762912794831209e-06
0.7198185941043084,0.0,4.1268776840297505e-07
0.7430385487528345,0.0,9.740870154928416e-08
0.7662585034013606,0.0,2.7682290237862617e-08
0.7894784580498866,0.0,5.001857061870396e-08
0.8126984126984127,205.5944,0.00011892163456650451
0.8359183673469388,208.58109,0.0002931308699771762
0.8591383219954649,194.70198,0.0004376265569590032
0.8823582766439909,222.95247,0.0006263781106099486
0.905578231292517,189.88159,0.0007922318764030933
0.9287981859410431,188.76404,0.0007631960324943066
0.9520181405895691,189.03857,0.0004951360169798136
0.9752380952380952,316.81036,0.00018753751646727324
0.9984580498866213,110.08487,6.888651114422828e-05
1.0216780045351475,0.0,8.133967639878392e-06
1.0448979591836736,0.0,1.209794390888419e-06
1.0681179138321997,0.0,1.5523801266681403e-07
1.0913378684807256,0.0,5.525726010091603e-08
1.1145578231292517,0.0,6.253685569390655e-08
1.1377777777777778,0.0,7.971357263159007e-08
1.1609977324263039,0.0,3.3784635888878256e-07
1.18421768707483,560.59326,0.00018277406343258917
1.207437641723356,382.14905,0.0003604067023843527
1.2306575963718822,459.0761,0.0004830640973523259
1.253877551020408,457.9439,0.0007082426454871893
1.2770975056689342,536.1702,0.0006557521992363036
1.3003174603174603,520.4207,0.0007034921436570585
1.3235374149659864,447.26166,0.0007463343790732324
1.3467573696145125,399.23398,0.00043143104994669557
1.3699773242630386,342.3913,0.00019954005256295204
1.3931972789115648,177.01956,6.222212687134743e-05
1.4164172335600906,178.99544,2.1738071154686622e-05
1.4396371882086167,0.0,2.5291119527537376e-06
1.4628571428571429,0.0,5.345700628822669e-07
1.486077097505669,0.0,1.508078639744781e-07
1.509297052154195,0.0,6.18865669821389e-08
1.5325170068027212,0.0,2.109809429384768e-07
1.5557369614512473,180.49113,0.00011622534657362849
1.5789569160997732,198.64865,0.00020040737581439316
1.6021768707482993,236.25,0.0006362989079207182
1.6253968253968254,243.64641,0.0008645110647194088
1.6486167800453515,217.00381,0.0006589660188183188
1.6718367346938776,193.7397,0.0005747828399762511
1.6950566893424037,250.69768,0.0004672854847740382
1.7182766439909298,226.15384,0.00022153147438075393
1.7414965986394557,139.4834,5.160556611372158e-05
1.7647165532879818,0.0,6.733056579832919e-06
1.787936507936508,0.0,7.423132046824321e-07
1.811156462585034,0.0,1.9242816051701084e-07
1.8343764172335602,0.0,4.9762093112803996e-08
1.8575963718820863,0.0,4.311095835873857e-08
1.8808163265306124,0.0,1.2884356692666188e-07
1.9040362811791383,162.13235,2.7822454285342246e-05
1.9272562358276644,211.00479,0.00011656378774205223
1.9504761904761905,246.64429,0.00023978899116627872
1.9736961451247166,316.77786,0.00023426124243997037
1.9969160997732427,319.7307,0.00019091602007392794
2.020136054421769,330.69095,0.00016576459165662527
2.043356009070295,325.6329,0.00014085299335420132
2.066575963718821,206.39626,7.836597069399431e-05
2.089795918367347,206.28899,3.0866820452502e-05
2.1130158730158732,0.0,5.428337317425758e-06
2.1362358276643993,0.0,5.010069799027406e-07
2.159455782312925,0.0,1.432854332961142e-07
2.182675736961451,0.0,3.1355739338323474e-08
2.2058956916099772,0.0,3.7090103433001786e-08
2.2291156462585033,0.0,7.67831807024777e-08
2.2523356009070294,0.0,1.8353784980718046e-07
2.2755555555555556,0.0,1.3805401977151632e-07
2.2987755102040817,0.0,8.396531484322622e-06
2.3219954648526078,138.38913,2.683400634850841e-05
2.345215419501134,155.64705,5.963339935988188e-05
2.36843537414966,146.02649,0.00010466403182363138
2.391655328798186,145.54456,0.00015789148164913058
2.414875283446712,175.09926,0.00018526619533076882
2.4380952380952383,176.29926,0.0001824161154218018
2.4613151927437644,175.46419,0.0001253756636288017
2.48453514739229,175.4351,0.0001612804626347497
2.507755102040816,192.6816,0.0001941158261615783
2.5309750566893423,244.18604,0.00020712534023914486
2.5541950113378684,185.51683,0.0002300232445122674
2.5774149659863945,193.52716,0.00017635445692576468
2.6006349206349206,157.1259,0.00014522824494633824
2.6238548752834467,185.51683,0.00013792660320177674
2.647074829931973,198.98477,0.00014048744924366474
2.670294784580499,194.48732,0.00011458287917776033
2.693514739229025,261.50943,8.628712384961545e-05
2.716734693877551,176.50085,9.361776756122708e-05
2.7399546485260773,133.23264,8.807124686427414e-05
2.7631746031746034,137.29762,8.036066719796509e-05
2.7863945578231295,147.98657,8.47436604090035e-05
2.809614512471655,187.20436,8.16064202808775e-05
2.8328344671201813,125.4623,7.46574587537907e-05
2.8560544217687074,140.52045,6.161864439491183e-05
2.8792743764172335,171.97772,5.403467366704717e-05
2.9024943310657596,235.67134,4.520608126767911e-05
2.9257142857142857,133.43419,5.2075622079428285e-05
2.948934240362812,156.9395,4.7002231440274045e-05
2.972154195011338,141.12,3.778910104301758e-05
2.995374149659864,321.8978,2.8421072784112766e-05
3.01859410430839,355.88434,2.056974517472554e-05
3.0418140589569163,300.81854,1.3768999451713171e-05
3.0650340136054424,0.0,8.329265256179497e-06
3.0882539682539685,0.0,5.70736938243499e-06
3.1114739229024946,0.0,3.82535199605627e-06
3.1346938775510207,0.0,2.0383295122883283e-06
3.1579138321995464,0.0,2.2525409804075025e-06
3.1811337868480725,0.0,6.512391337309964e-07
3.2043537414965986,0.0,1.4000852388562635e-07
3.2275736961451247,0.0,1.0217354429187253e-07
3.250793650793651,0.0,1.5925252228043973e-09
