0.0,0.0,1.0638450476108119e-07
0.023219954648526078,0.0,3.273198672104627e-07
0.046439909297052155,0.0,1.880152922240086e-07
0.06965986394557823,0.0,2.6917314244201407e-07
0.09287981859410431,0.0,2.5391091185156256e-07
0.11609977324263039,0.0,3.8286278140731156e-05
0.13931972789115646,294.0,0.00015154617722146213
0.16253968253968254,246.36871,0.000322582054650411
0.18575963718820862,246.59833,0.0007484928937628865
0.2089795918367347,235.51402,0.0012511267559602857
0.23219954648526078,202.40964,0.0015856113750487566
0.25541950113378686,240.32698,0.001869824598543346
0.2786394557823129,333.91022,0.001875311485491693
0.301859410430839,252.65625,0.0016750196227803826
0.3250793650793651,163.94052,0.0015455154934898019
0.3482993197278912,169.07347,0.0015892732189968228
0.37151927437641724,329.7607,0.0012112152762711048
0.3947392290249433,131.64178,0.00013204121205490083
0.4179591836734694,95.661606,1.8693259335123003e-05
0.44117913832199546,0.0,2.1891328287892975e-06
0.46439909297052157,0.0,1.9732706277864054e-06
0.4876190476190476,0.0,6.411737558664754e-07
0.5108390022675737,0.0,1.238952791027259e-06
0.5340589569160998,0.0,3.895704139722511e-06
0.5572789115646258,0.0,4.568670192384161e-06
0.5804988662131519,787.5,0.00017819186905398965
0.603718820861678,212.01923,0.002313028322532773
0.626938775510204,217.1077,0.003171000862494111
0.6501587301587302,221.48438,0.0037858847063034773
0.6733786848072563,219.76744,0.003539237193763256
0.6965986394557824,214.1932,0.002756420522928238
0.7198185941043084,302.8526,0.0030544137116521597
0.7430385487528345,417.78946,0.0034466993529349566
0.7662585034013606,330.4196,0.0030010147020220757
0.7894784580498866,236.08136,0.004378053359687328
0.8126984126984127,281.48935,0.003009431529790163
0.8359183673469388,326.06284,0.00010381225001765415
0.8591383219954649,0.0,6.4267796915373765e-06
0.8823582766439909,0.0,5.438760126708075e-07
0.905578231292517,0.0,1.882235665107146e-07
0.9287981859410431,0.0,6.848586053820327e-08
0.9520181405895691,0.0,1.288963176193647e-07
0.9752380952380952,0.0,2.047390808002092e-07
0.9984580498866213,0.0,1.758635335136205e-07
1.0216780045351475,464.21054,0.00022792971867602319
1.0448979591836736,266.46527,0.001771298237144947
1.0681179138321997,267.27274,0.003856254741549492
1.0913378684807256,335.3612,0.0051882159896194935
1.1145578231292517,395.82892,0.0038583511486649513
1.1377777777777778,357.99088,0.002795640379190445
1.1609977324263039,372.74167,0.0045434292405843735
1.18421768707483,417.762,0.008231690153479576
1.207437641723356,537.8049,0.009978139773011208
1.2306575963718822,477.86377,0.007575977593660355
1.253877551020408,341.86047,0.003481337334960699
1.2770975056689342,207.6923,0.0003506867215037346
1.3003174603174603,713.5922,1.3801100976706948e-05
1.3235374149659864,0.0,1.4435499906539917e-06
1.3467573696145125,0.0,8.553633961128071e-07
1.3699773242630386,0.0,3.456498234299943e-07
1.3931972789115648,0.0,2.371489244978875e-07
1.4164172335600906,0.0,1.2431610230123624e-07
1.4396371882086167,0.0,3.025197656825185e-07
1.4628571428571429,0.0,1.2441887520253658e-07
1.486077097505669,0.0,1.2792133929906413e-07
1.509297052154195,0.0,7.218438440759201e-06
1.5325170068027212,560.8903,0.0017551917117089033
1.5557369614512473,701.5909,0.005917700473219156
1.5789569160997732,696.5978,0.010404256172478199
1.6021768707482993,691.85223,0.010026348754763603
1.6253968253968254,684.9198,0.01090729795396328
1.6486167800453515,683.89197,0.01494256779551506
1.6718367346938776,687.676,0.014990212395787239
1.6950566893424037,692.5532,0.015925239771604538
1.7182766439909298,614.7135,0.030665256083011627
1.7414965986394557,714.8936,0.032260045409202576
1.7647165532879818,660.1796,0.025695398449897766
1.787936507936508,311.03275,0.005244510713964701
1.811156462585034,531.3253,0.0005209891241975129
1.8343764172335602,334.0909,1.593894739926327e-05
1.8575963718820863,0.0,2.4798073354759254e-06
1.8808163265306124,0.0,7.789158189552836e-07
1.9040362811791383,0.0,4.4524858822114766e-07
1.9272562358276644,0.0,2.565939212217927e-07
1.9504761904761905,0.0,5.741012500948273e-07
1.9736961451247166,0.0,4.5144406612962484e-07
1.9969160997732427,551.25,0.0004736457485705614
2.020136054421769,407.4627,0.0014348998665809631
2.043356009070295,259.2423,0.0018797089578583837
2.066575963718821,273.62976,0.005177706480026245
2.089795918367347,318.41156,0.006525976583361626
2.1130158730158732,331.2469,0.006485011428594589
2.1362358276643993,264.33566,0.008772850036621094
2.159455782312925,261.50943,0.009074866771697998
2.182675736961451,231.73935,0.0049123880453407764
2.2058956916099772,287.29642,0.0021406833548098803
2.2291156462585033,477.12518,0.002249206881970167
2.2523356009070294,392.77585,0.002511449623852968
2.2755555555555556,244.87633,0.0028476850129663944
2.2987755102040817,244.75276,0.0023164749145507812
2.3219954648526078,374.78754,0.000633526942692697
2.345215419501134,43.8152,2.267075797135476e-05
2.36843537414966,0.0,2.7834375941893086e-06
2.391655328798186,0.0,5.986375981592573e-07
2.414875283446712,0.0,4.985313353245147e-07
2.4380952380952383,0.0,4.290195647627115e-07
2.4613151927437644,0.0,3.4295317163923755e-07
2.48453514739229,576.4706,0.0003595595480874181
2.507755102040816,279.36652,0.0017597111873328686
2.5309750566893423,206.2354,0.003254118375480175
2.5541950113378684,210.78065,0.0019658547826111317
2.5774149659863945,240.72054,0.0025391080416738987
2.6006349206349206,220.8681,0.0028850464150309563
2.6238548752834467,222.60236,0.003016333095729351
2.647074829931973,222.22844,0.0034260102547705173
2.670294784580499,221.36084,0.004076237790286541
2.693514739229025,223.06525,0.00446490989997983
2.716734693877551,265.02405,0.0027718087658286095
2.7399546485260773,275.96997,0.0002694631111808121
2.7631746031746034,0.0,2.0879515432170592e-06
2.7863945578231295,0.0,3.61912498192396e-07
2.809614512471655,0.0,2.327142283320427e-07
2.8328344671201813,0.0,2.221613613073714e-07
2.8560544217687074,0.0,1.2796499504474923e-07
2.8792743764172335,0.0,2.131073415512219e-07
2.9024943310657596,0.0,2.9794864531140774e-07
2.9257142857142857,0.0,1.9976596377091482e-07
2.948934240362812,0.0,3.174910671077669e-05
2.972154195011338,316.94046,0.0004679197445511818
2.995374149659864,375.85226,0.0010807507205754519
3.01859410430839,235.82887,0.002260159235447645
3.0418140589569163,257.89474,0.0026364801451563835
3.0650340136054424,305.59702,0.002668084343895316
3.0882539682539685,337.7462,0.00261210510507226
3.1114739229024946,315.37546,0.0023395628668367863
3.1346938775510207,302.0548,0.0024331617169082165
3.1579138321995464,270.2758,0.00228223972953856
3.1811337868480725,315.80563,0.0020262780599296093
3.2043537414965986,361.4754,0.0022040619514882565
3.2275736961451247,372.04724,0.0022600821685045958
3.250793650793651,366.35513,0.002819489222019911
3.274013605442177,358.3545,0.0025114845484495163
3.297233560090703,311.34647,0.0026070019230246544
3.320453514739229,304.62274,0.00242676492780447
3.3436734693877552,315.48288,0.00249649491161108
3.3668934240362813,315.6442,0.0019626107532531023
3.3901133786848074,293.46643,0.0012787356972694397
3.4133333333333336,270.69052,0.0016793732065707445
3.4365532879818597,334.45285,0.0018643622752279043
3.4597732426303858,365.8739,0.002002152381464839
3.4829931972789114,358.17258,0.0019657991360872984
3.5062131519274375,353.33,0.001711069024167955
3.5294331065759637,330.91547,0.0012860139831900597
3.5526530612244898,340.45288,0.0008911022450774908
3.575873015873016,338.0174,0.0006542098126374185
3.599092970521542,340.62823,0.0007010636618360877
3.622312925170068,363.06256,0.000655911338981241
3.645532879818594,324.9474,0.0005722534842789173
3.6687528344671203,140.29692,5.7775141613092273e-05
3.6919727891156464,0.0,4.980895027983934e-06
3.7151927437641725,0.0,9.003397281048819e-07
3.7384126984126986,0.0,3.932882464141585e-07
3.7616326530612247,0.0,1.8545415514381602e-07
3.784852607709751,0.0,1.519665602245368e-07
3.8080725623582765,0.0,1.9499748304951936e-07
3.8312925170068026,0.0,5.543552106246352e-08
3.8545124716553287,0.0,1.3535282050725073e-07
3.877732426303855,0.0,1.39845724334009e-07
3.900952380952381,0.0,1.57220711116679e-07
3.924172335600907,0.0,1.2869895726907998e-07
3.947392290249433,0.0,3.701070454553701e-07
3.9706122448979593,0.0,3.1795207178220153e-07
