0.0,0.0,4.271732905181125e-07
0.023219954648526078,0.0,7.169446689658798e-07
0.046439909297052155,0.0,7.301396180992015e-07
0.06965986394557823,0.0,4.3669206206686795e-07
0.09287981859410431,0.0,3.57747012458276e-07
0.11609977324263039,0.0,2.3774100554874167e-07
0.13931972789115646,0.0,1.2770669854944572e-07
0.16253968253968254,0.0,4.332196112954989e-08
0.18575963718820862,0.0,1.808657543733716e-07
0.2089795918367347,0.0,1.650960257393308e-07
0.23219954648526078,0.0,2.331444193259813e-07
0.25541950113378686,207.04225,0.0003976144071202725
0.2786394557823129,187.39377,0.0005747406976297498
0.301859410430839,184.07872,0.0005725519731640816
0.3250793650793651,194.16621,0.0005279685137793422
0.3482993197278912,187.46014,0.00034750369377434254
0.37151927437641724,156.9395,0.00022797973360866308
0.3947392290249433,96.76358,0.0001009125990094617
0.4179591836734694,183.241,2.482530180714093e-05
0.44117913832199546,0.0,3.196191755705513e-06
0.46439909297052157,0.0,1.1368520063115284e-06
0.4876190476190476,0.0,1.0907515388680622e-06
0.5108390022675737,0.0,1.2512236935435794e-06
0.5340589569160998,239.67392,0.0009208756382577121
0.5572789115646258,242.9752,0.0015860825078561902
0.5804988662131519,230.76923,0.0015631200512871146
0.603718820861678,227.20247,0.0012008007615804672
0.626938775510204,222.83983,0.0008873379556462169
0.6501587301587302,219.09155,0.00037657597567886114
0.6733786848072563,214.07767,4.4709140638587996e-05
0.6965986394557824,0.0,1.444450390408747e-06
0.7198185941043084,0.0,1.7972952264244668e-06
0.7430385487528345,0.0,6.72148416924756e-07
0.7662585034013606,0.0,0.0004955012118443847
0.7894784580498866,288.54962,0.005600715987384319
0.8126984126984127,272.64297,0.006093201227486134
0.8359183673469388,268.22098,0.005995989311486483
0.8591383219954649,266.06335,0.004755479283630848
0.8823582766439909,220.5,0.0028813534881919622
0.905578231292517,142.02899,0.0007477917242795229
0.9287981859410431,0.0,9.889975444821175e-06
0.9520181405895691,31.590258,1.0572564860922284e-05
0.9752380952380952,0.0,4.9207355914404616e-06
0.9984580498866213,0.0,4.2579194996505976e-06
1.0216780045351475,352.8,0.002845358569175005
1.0448979591836736,348.0663,0.011402023956179619
1.0681179138321997,346.69812,0.0130445696413517
1.0913378684807256,348.8924,0.008654618635773659
1.1145578231292517,349.44534,0.005107876844704151
1.1377777777777778,349.44534,0.004037970677018166
1.1609977324263039,186.96344,0.0019434357527643442
1.18421768707483,329.1045,0.000939211982768029
1.207437641723356,155.35983,0.00021253059094306082
1.2306575963718822,329.71964,2.4264783860417083e-05
1.253877551020408,0.0,3.5271532397018746e-06
1.2770975056689342,0.0,9.056011549546383e-07
1.3003174603174603,621.1268,6.289179873419926e-05
1.3235374149659864,292.3757,0.0024724651593714952
1.3467573696145125,292.21423,0.003546793945133686
1.3699773242630386,279.85193,0.0029553789645433426
1.3931972789115648,287.22443,0.0019929513800889254
1.4164172335600906,184.1336,0.0008640233427286148
1.4396371882086167,264.86487,0.00011891515168827027
1.4628571428571429,23.993471,1.3529554053093307e-05
1.486077097505669,0.0,2.1576379367616028e-06
1.509297052154195,0.0,4.835546860704198e-07
1.5325170068027212,0.0,5.384154064813629e-07
1.5557369614512473,242.9752,0.0004629134782589972
1.5789569160997732,225.0,0.0006655987235717475
1.6021768707482993,232.71768,0.000689669162966311
1.6253968253968254,229.56793,0.0006501960451714694
1.6486167800453515,225.80644,0.0006490712985396385
1.6718367346938776,221.27446,0.00042802561074495316
1.6950566893424037,221.8868,9.33963165152818e-05
1.7182766439909298,0.0,3.4066424632328562e-06
1.7414965986394557,0.0,1.4534753063344397e-06
1.7647165532879818,0.0,1.1018064469681121e-06
1.787936507936508,0.0,7.737371561233886e-07
1.811156462585034,0.0,9.79156538960524e-07
1.8343764172335602,217.24138,6.878718704683706e-05
1.8575963718820863,180.14705,0.0001097644999390468
1.8808163265306124,177.31189,9.703348041512072e-05
1.9040362811791383,177.61795,0.00010057385952677578
1.9272562358276644,177.92506,0.00010486743121873587
1.9504761904761905,177.10843,0.00010458246106281877
1.9736961451247166,190.49677,9.759371459949762e-05
1.9969160997732427,187.85942,9.523874177830294e-05
2.020136054421769,185.19685,0.00010026364179793745
2.043356009070295,182.77086,0.00010487274266779423
2.066575963718821,178.95653,0.00011422557872720063
2.089795918367347,178.95653,0.00012819832772947848
2.1130158730158732,178.43932,0.0001210532573168166
2.1362358276643993,191.73914,0.00012770018656738102
2.159455782312925,188.46153,0.00012401409912854433
2.182675736961451,184.90565,0.0001240869314642623
2.2058956916099772,181.58823,0.00012751927715726197
2.2291156462585033,178.95653,0.0001343744370387867
2.2523356009070294,179.37245,0.00013318283890839666
2.2755555555555556,194.16621,0.00013360283628571779
2.2987755102040817,189.98384,0.00013008744281250983
2.3219954648526078,186.17415,0.00012452385271899402
2.345215419501134,183.20476,0.00012206300743855536
2.36843537414966,179.58115,0.00012366518785711378
2.391655328798186,178.43932,0.0001318797148996964
2.414875283446712,178.43932,0.00012378182145766914
2.4380952380952383,193.42105,0.00012538189184851944
2.4613151927437644,189.67741,0.00012337209773249924
2.48453514739229,185.97786,0.00012163727660663426
2.507755102040816,182.5547,0.00012769536988344043
2.5309750566893423,179.2683,0.00012895457621198148
2.5541950113378684,149.49153,8.396139310207218e-05
2.5774149659863945,48.837208,1.0055711754830554e-05
2.6006349206349206,0.0,2.724978912738152e-06
2.6238548752834467,0.0,4.536768756224774e-07
2.647074829931973,0.0,1.5961268218234181e-07
2.670294784580499,0.0,9.501127351541072e-08
2.693514739229025,0.0,1.8852369976229966e-07
2.716734693877551,0.0,8.705019354238175e-07
2.7399546485260773,0.0,7.189619282144122e-07
2.7631746031746034,0.0,4.041130523546599e-07
2.7863945578231295,0.0,4.2602550820447505e-07
2.809614512471655,0.0,1.7409547581337392e-07
2.8328344671201813,0.0,2.6589077606331557e-07
2.8560544217687074,0.0,2.506540113245137e-07
2.8792743764172335,0.0,1.0298299457645044e-07
