0.0,0.0,6.624723027925938e-07
0.023219954648526078,0.0,2.203141775680706e-07
0.046439909297052155,0.0,1.0359144653193653e-07
0.06965986394557823,0.0,1.7706679500406608e-07
0.09287981859410431,0.0,2.2456879378296435e-07
0.11609977324263039,0.0,2.7443184080766514e-07
0.13931972789115646,0.0,3.565910446923226e-07
0.16253968253968254,0.0,4.4012267608195543e-07
0.18575963718820862,296.9697,0.00023785693338140845
0.2089795918367347,200.45454,0.00038791855331510305
0.23219954648526078,189.98384,0.0002806923002935946
0.25541950113378686,185.09969,0.00026870047440752387
0.2786394557823129,186.86441,0.00032088387524709105
0.301859410430839,124.36548,0.00015649250417482108
0.3250793650793651,47.26688,2.332960684725549e-05
0.3482993197278912,0.0,4.191653715679422e-06
0.37151927437641724,0.0,1.1696456567733549e-06
0.3947392290249433,0.0,4.6752211346756667e-07
0.4179591836734694,0.0,9.019331628223881e-07
0.44117913832199546,233.33333,0.0002783401869237423
0.46439909297052157,223.29114,0.0011450187303125858
0.4876190476190476,237.22432,0.0015939876902848482
0.5108390022675737,231.61766,0.001367440214380622
0.5340589569160998,160.1972,0.0008521064301021397
0.5572789115646258,110.63723,0.0003608907281886786
0.5804988662131519,71.902176,1.4137112884782255e-05
0.603718820861678,0.0,1.5604464351781644e-06
0.626938775510204,0.0,1.7945603758562356e-07
0.6501587301587302,0.0,2.56824932876043e-07
0.6733786848072563,0.0,1.1894881026819348e-05
0.6965986394557824,291.57025,0.0039494773373007774
0.7198185941043084,273.065,0.0064771175384521484
0.7430385487528345,265.95395,0.005951338447630405
0.7662585034013606,262.34384,0.0042021917179226875
0.7894784580498866,141.42169,0.0020139520056545734
0.8126984126984127,115.869675,0.0004422698693815619
0.8359183673469388,0.0,2.20371839532163e-06
0.8591383219954649,0.0,3.58399029209977e-06
0.8823582766439909,0.0,6.7369455791777e-07
0.905578231292517,0.0,7.647768143215217e-07
0.9287981859410431,368.2672,0.0029007161501795053
0.9520181405895691,353.3139,0.008837592788040638
0.9752380952380952,356.2197,0.010346869006752968
0.9984580498866213,366.165,0.010065363720059395
1.0216780045351475,352.39725,0.006363770924508572
1.0448979591836736,177.01956,0.0016237960662692785
1.0681179138321997,93.432205,0.0009376918897032738
1.0913378684807256,332.57916,0.00011053866182919592
1.1145578231292517,325.8621,2.147758459614124e-05
1.1377777777777778,0.0,2.5096705940086395e-06
1.1609977324263039,0.0,2.927890818682499e-07
1.18421768707483,518.82355,0.0003786315501201898
1.207437641723356,281.78912,0.0035649354103952646
1.2306575963718822,293.8493,0.004528941586613655
1.253877551020408,279.2612,0.003825114108622074
1.2770975056689342,201.16573,0.002455352805554867
1.3003174603174603,163.67975,0.001037432113662362
1.3235374149659864,114.01241,0.00018007293692789972
1.3467573696145125,0.0,9.164514267467894e-06
1.3699773242630386,0.0,3.4219701774418354e-06
1.3931972789115648,0.0,3.9871611079433933e-07
1.4164172335600906,0.0,1.1005886335624382e-06
1.4396371882086167,215.12195,0.0007251679198816419
1.4628571428571429,223.85786,0.0010364295449107885
1.486077097505669,217.12253,0.001166097936220467
1.509297052154195,217.83754,0.0010878915200009942
1.5325170068027212,236.96936,0.0012382275890558958
1.5557369614512473,116.9141,0.0008109459304250777
1.5789569160997732,235.07462,0.00013848455273546278
1.6021768707482993,237.09677,1.1683446246024687e-05
1.6253968253968254,0.0,1.1987940524704754e-06
1.6486167800453515,0.0,6.73041540721897e-07
1.6718367346938776,0.0,6.209029379533604e-07
1.6950566893424037,0.0,5.918245733482763e-07
1.7182766439909298,0.0,2.1425297745736316e-05
1.7414965986394557,201.06383,0.0001224741426995024
1.7647165532879818,189.27039,0.00017853516328614205
1.787936507936508,186.52568,0.00019128670101054013
1.811156462585034,182.77086,0.00019296241225674748
1.8343764172335602,181.05573,0.0002380094665568322
1.8575963718820863,181.37486,0.0002475867513567209
1.8808163265306124,196.54596,0.0002559175482019782
1.9040362811791383,190.90909,0.0002625471097417176
1.9272562358276644,185.58653,0.0002488621976226568
1.9504761904761905,181.58823,0.0002423180267214775
1.9736961451247166,179.79033,0.00026153301587328315
1.9969160997732427,178.54251,0.00023873476311564445
2.020136054421769,193.84616,0.0002610909868963063
2.043356009070295,190.08621,0.00028443330666050315
2.066575963718821,186.17415,0.0002904933935496956
2.089795918367347,183.53151,0.000286824069917202
2.1130158730158732,180.0,0.0002685057115741074
2.1362358276643993,177.31189,0.0002681134210433811
2.159455782312925,177.61795,0.00028565386310219765
2.182675736961451,195.67387,0.0002681028563529253
2.2058956916099772,192.36641,0.0002699688193388283
2.2291156462585033,188.6631,0.00025189705775119364
2.2523356009070294,185.48895,0.0002485649602022022
2.2755555555555556,182.2314,0.00024393133935518563
2.2987755102040817,178.02768,0.00024502031737938523
2.3219954648526078,180.31543,0.0002690692199394107
2.345215419501134,195.89117,0.00024320482043549418
2.36843537414966,118.42105,0.00014353182632476091
2.391655328798186,69.08617,2.9584109142888337e-05
2.414875283446712,0.0,4.293750862416346e-06
2.4380952380952383,0.0,1.1426482160459273e-06
2.4613151927437644,0.0,9.400573617313057e-07
2.48453514739229,0.0,5.073106876807287e-07
2.507755102040816,0.0,3.839086275547743e-07
2.5309750566893423,0.0,2.671422407729551e-07
2.5541950113378684,0.0,4.754438123200089e-07
2.5774149659863945,0.0,3.304739948362112e-07
2.6006349206349206,0.0,3.568666215869598e-07
2.6238548752834467,0.0,4.4148328015580773e-07
2.647074829931973,0.0,2.2036965674487874e-07
2.670294784580499,0.0,9.86874510999769e-08
2.693514739229025,0.0,4.055937097291462e-07
2.716734693877551,0.0,4.76104105473496e-07
2.7399546485260773,0.0,2.815322659444064e-07
2.7631746031746034,0.0,2.3512711777584627e-07
2.7863945578231295,0.0,5.878700903849676e-08
2.809614512471655,0.0,1.1090742191299796e-07
2.8328344671201813,0.0,1.2995951692573726e-07
2.8560544217687074,0.0,3.9476435631513596e-07
2.8792743764172335,0.0,4.662852006731555e-07
2.9024943310657596,0.0,2.493879946996458e-07
2.9257142857142857,0.0,1.6051490092650056e-07
2.948934240362812,0.0,3.9127371564973146e-08
