0.0,0.0,2.677470547496341e-07
0.023219954648526078,0.0,4.831181286135688e-07
0.046439909297052155,0.0,6.392156137735583e-07
0.06965986394557823,0.0,7.792850738042034e-07
0.09287981859410431,0.0,3.234799805795774e-07
0.11609977324263039,0.0,2.1247979020699859e-07
0.13931972789115646,0.0,1.798343873815611e-07
0.16253968253968254,0.0,2.3124812287278473e-07
0.18575963718820862,0.0,5.306092134560458e-07
0.2089795918367347,188.46153,1.1971879757766146e-05
0.23219954648526078,70.22293,1.8582748452899978e-05
0.25541950113378686,80.27913,1.3332585695025045e-05
0.2786394557823129,122.33009,3.0341661840793677e-05
0.301859410430839,240.19608,9.304920968133956e-05
0.3250793650793651,214.20766,9.871250222204253e-05
0.3482993197278912,183.46333,0.00012914612307213247
0.37151927437641724,179.9082,0.00018798290693666786
0.3947392290249433,197.95512,0.00028457253938540816
0.4179591836734694,199.28986,0.00047695988905616105
0.44117913832199546,191.11592,0.0005415090708993375
0.46439909297052157,184.90565,0.0006131127011030912
0.4876190476190476,200.96202,0.0006662902887910604
0.5108390022675737,195.67387,0.0007507543778046966
0.5340589569160998,189.67741,0.0009255940094590187
0.5572789115646258,184.51883,0.0012094241101294756
0.5804988662131519,182.2314,0.001962719950824976
0.603718820861678,198.35083,0.002028660848736763
0.626938775510204,193.52716,0.0018436141544952989
0.6501587301587302,187.06256,0.001704032183624804
0.6733786848072563,182.98755,0.003050082130357623
0.6965986394557824,171.69077,0.003620720934122801
0.7198185941043084,183.84575,0.0021445138845592737
0.7430385487528345,204.16667,0.002564674476161599
0.7662585034013606,195.71007,0.002639017766341567
0.7894784580498866,181.69511,0.0016743768937885761
0.8126984126984127,176.19862,0.001680511748418212
0.8359183673469388,180.64516,0.002257639542222023
0.8591383219954649,198.0539,0.0023096841759979725
0.8823582766439909,204.06169,0.0023787752725183964
0.905578231292517,186.52568,0.0022508325055241585
0.9287981859410431,181.85567,0.0005506991874426603
0.9520181405895691,71.98041,0.0008166886982508004
0.9752380952380952,205.43478,0.0028419706504791975
0.9984580498866213,285.68906,0.0027701009530574083
1.0216780045351475,389.80554,0.002775755478069186
1.0448979591836736,240.06532,0.003738915780559182
1.0681179138321997,200.35335,0.003685880685225129
1.0913378684807256,209.5565,0.004781288560479879
1.1145578231292517,418.8034,0.013150684535503387
1.1377777777777778,211.22939,0.0062434375286102295
1.1609977324263039,95.454544,0.007967930287122726
1.18421768707483,438.56354,0.028364920988678932
1.207437641723356,385.84662,0.022759832441806793
1.2306575963718822,155.04771,0.010419405996799469
1.253877551020408,258.85806,0.008629095740616322
1.2770975056689342,196.43652,0.011785352602601051
1.3003174603174603,293.5108,0.01728004589676857
1.3235374149659864,264.6481,0.011333635076880455
1.3467573696145125,292.5,0.018954772502183914
1.3699773242630386,222.85234,0.02367939054965973
1.3931972789115648,282.08957,0.02146824449300766
1.4164172335600906,284.234,0.020187703892588615
1.4396371882086167,401.55328,0.014463377185165882
1.4628571428571429,280.2224,0.021946392953395844
1.486077097505669,292.64932,0.014445082284510136
1.509297052154195,308.0602,0.01527172140777111
1.5325170068027212,356.02798,0.018127016723155975
1.5557369614512473,298.12793,0.0223026555031538
1.5789569160997732,295.97314,0.01729595847427845
1.6021768707482993,290.4255,0.012981045991182327
1.6253968253968254,472.28915,0.03665740787982941
1.6486167800453515,479.07373,0.033759549260139465
1.6718367346938776,419.57938,0.03345435857772827
1.6950566893424037,450.22974,0.040327392518520355
1.7182766439909298,437.0892,0.03214355185627937
1.7414965986394557,407.49487,0.028754379600286484
1.7647165532879818,408.33334,0.04515312984585762
1.787936507936508,604.7232,0.0532248429954052
1.811156462585034,745.5992,0.05239022895693779
1.8343764172335602,745.97015,0.047322191298007965
1.8575963718820863,684.2342,0.04361068457365036
1.8808163265306124,738.257,0.03633572906255722
1.9040362811791383,790.63745,0.04968106374144554
1.9272562358276644,843.38196,0.037904590368270874
1.9504761904761905,842.53394,0.03707791119813919
1.9736961451247166,667.8329,0.05985092371702194
1.9969160997732427,739.85767,0.04812612757086754
2.020136054421769,529.2,0.035746484994888306
2.043356009070295,517.76416,0.039900846779346466
2.066575963718821,494.7476,0.036253903061151505
2.089795918367347,665.747,0.04327356070280075
2.1130158730158732,770.5941,0.04260457307100296
2.1362358276643993,594.4583,0.052223287522792816
2.159455782312925,329.1045,0.02242228016257286
2.182675736961451,343.99377,0.02102898806333542
2.2058956916099772,347.79178,0.023347970098257065
2.2291156462585033,439.15094,0.025040533393621445
2.2523356009070294,494.2435,0.02531532011926174
2.2755555555555556,459.14722,0.022600563243031502
2.2987755102040817,355.28702,0.029774561524391174
2.3219954648526078,442.39703,0.026734070852398872
2.345215419501134,354.01376,0.016092656180262566
2.36843537414966,372.98508,0.01830126903951168
2.391655328798186,359.86646,0.024973075836896896
2.414875283446712,276.63354,0.018101051449775696
2.4380952380952383,200.86032,0.014067471027374268
2.4613151927437644,292.93478,0.018210135400295258
2.48453514739229,278.9668,0.01578039675951004
2.507755102040816,276.05634,0.01580975018441677
2.5309750566893423,209.50119,0.010589750483632088
2.5541950113378684,440.768,0.009884428232908249
2.5774149659863945,456.04965,0.009307913482189178
2.6006349206349206,393.33682,0.007426382973790169
2.6238548752834467,303.01266,0.005883368663489819
2.647074829931973,323.40002,0.010323416441679
2.670294784580499,234.07645,0.011349833570420742
2.693514739229025,222.47757,0.010242041200399399
2.716734693877551,225.0,0.009548777714371681
2.7399546485260773,231.73935,0.007307662628591061
2.7631746031746034,235.70282,0.00746372202411294
2.7863945578231295,203.2258,0.006033521145582199
2.809614512471655,87.45662,0.0018721200758591294
2.8328344671201813,262.10995,0.0016849709209054708
2.8560544217687074,313.7195,0.002432482084259391
2.8792743764172335,343.08795,0.0013961521908640862
2.9024943310657596,203.0179,0.0013226757291704416
2.9257142857142857,207.6923,0.0011885723797604442
2.948934240362812,193.7397,0.0009451484074816108
2.972154195011338,304.46094,0.0014821533113718033
2.995374149659864,372.3483,0.0012445144820958376
3.01859410430839,253.97905,0.0008104161242954433
3.0418140589569163,181.76198,0.0008472802583128214
3.0650340136054424,182.89268,0.0007697511464357376
3.0882539682539685,194.16621,0.0008288863464258611
3.1114739229024946,187.75945,0.0009767625015228987
3.1346938775510207,183.27272,0.0011322491336613894
3.1579138321995464,264.86487,0.001093373284675181
3.1811337868480725,193.31506,0.0014972174540162086
3.2043537414965986,186.86441,0.00142447161488235
3.2275736961451247,251.21698,0.0020021474920213223
3.250793650793651,317.26617,0.001997095299884677
3.274013605442177,270.96774,0.001442751963622868
3.297233560090703,209.00475,0.0014611203223466873
3.320453514739229,224.618,0.0016605674754828215
3.3436734693877552,232.84056,0.0020787231624126434
3.3668934240362813,245.74469,0.0021820422261953354
3.3901133786848074,220.94188,0.00203397823497653
3.4133333333333336,251.42532,0.0012408860493451357
3.4365532879818597,192.47136,0.0010412667179480195
3.4597732426303858,186.76549,0.001169905997812748
3.4829931972789114,227.08548,0.001181885483674705
3.5062131519274375,315.5201,0.0014330942649394274
3.5294331065759637,359.1205,0.0010936701437458396
3.5526530612244898,231.011,0.0008534555672667921
3.575873015873016,187.55981,0.0007037843461148441
3.599092970521542,110.13986,0.000195274522411637
3.622312925170068,317.26617,2.066644810838625e-05
3.645532879818594,0.0,5.0975504564121366e-06
3.6687528344671203,0.0,6.398822733899578e-07
3.6919727891156464,0.0,3.5337416193215176e-07
3.7151927437641725,0.0,3.194509190507233e-07
3.7384126984126986,0.0,2.688757376745343e-07
3.7616326530612247,0.0,7.893413567217067e-08
3.784852607709751,0.0,1.5170553524512798e-07
3.8080725623582765,0.0,2.2490075934911147e-07
3.8312925170068026,0.0,1.1255542631261051e-07
3.8545124716553287,0.0,1.8048103811452165e-07
3.877732426303855,0.0,3.5006542020710185e-07
3.900952380952381,0.0,1.1114207154605538e-07
3.924172335600907,0.0,6.839127308921888e-08
3.947392290249433,0.0,3.899585863109678e-07
3.9706122448979593,0.0,6.61766534904018e-07
3.9938321995464854,0.0,4.083685780642554e-07
4.017052154195011,0.0,1.1404790711821988e-07
4.040272108843538,0.0,2.2768290364183486e-08
