0.0,0.0,1.595726644154638e-07
0.023219954648526078,0.0,4.259163688402623e-08
0.046439909297052155,0.0,7.112612365745008e-08
0.06965986394557823,0.0,5.528363544726744e-08
0.09287981859410431,0.0,1.6781177691882476e-07
0.11609977324263039,163.33333,1.9446682927082293e-05
0.13931972789115646,319.56522,9.272590250475332e-05
0.16253968253968254,166.4151,0.00026829293346963823
0.18575963718820862,148.98648,0.0004288196796551347
0.2089795918367347,145.25691,0.0004978708457201719
0.23219954648526078,140.08894,0.00031209143344312906
0.25541950113378686,135.11029,0.00036067242035642266
0.2786394557823129,134.53326,0.0003441633307375014
0.301859410430839,156.75356,0.00022278611140791327
0.3250793650793651,152.3316,0.0002034736389759928
0.3482993197278912,165.0655,0.00020015164045616984
0.37151927437641724,170.4583,0.00019847735529765487
0.3947392290249433,161.9339,0.00025745935272425413
0.4179591836734694,167.04546,0.000515419989824295
0.44117913832199546,170.64677,0.0008107137400656939
0.46439909297052157,170.93024,0.0007979994989000261
0.4876190476190476,171.30966,0.0005949096521362662
0.5108390022675737,173.13516,0.0005374460597522557
0.5340589569160998,175.79726,0.0004884181544184685
0.5572789115646258,150.85518,0.0002936823875643313
0.5804988662131519,219.40298,0.0002806702977977693
0.603718820861678,229.55466,0.0003530497779138386
0.626938775510204,211.34184,0.0004234715015627444
0.6501587301587302,209.6672,0.0006467928760685027
0.6733786848072563,197.53639,0.0006766199367120862
0.6965986394557824,175.49744,0.0004207866149954498
0.7198185941043084,163.16068,0.0003428329073358327
0.7430385487528345,261.36853,0.000579426996409893
0.7662585034013606,268.90244,0.0008991438080556691
0.7894784580498866,277.3585,0.0015655250754207373
0.8126984126984127,269.35034,0.001703352201730013
0.8359183673469388,254.64566,0.0015130413230508566
0.8591383219954649,249.28058,0.0010690201306715608
0.8823582766439909,257.21103,0.0010666272137314081
0.905578231292517,262.5,0.0006875752005726099
0.9287981859410431,265.51724,0.0005137961125001311
0.9520181405895691,242.57425,0.00045856228098273277
0.9752380952380952,223.60562,0.0006815921515226364
0.9984580498866213,197.20514,0.0007752507226541638
1.0216780045351475,201.48486,0.0005676758009940386
1.0448979591836736,191.21951,0.0004742393794003874
1.0681179138321997,204.40324,0.0004195105575490743
1.0913378684807256,192.78688,0.0004803135816473514
1.1145578231292517,104.93754,0.00029504456324502826
1.1377777777777778,160.86504,0.00022680118854623288
1.1609977324263039,174.60408,0.0003277187352068722
1.18421768707483,194.44444,0.0006818934343755245
1.207437641723356,188.69194,0.0008582108421251178
1.2306575963718822,163.50635,0.00070803432026878
1.253877551020408,94.08,0.0003460759180597961
1.2770975056689342,153.125,0.00033814809285104275
1.3003174603174603,147.2454,0.0002830290759447962
1.3235374149659864,128.4965,0.00038070467417128384
1.3467573696145125,158.82353,0.0003584324149414897
1.3699773242630386,243.0496,0.0005059114191681147
1.3931972789115648,266.3921,0.0005074974615126848
1.4164172335600906,274.05487,0.0005077242385596037
1.4396371882086167,254.51208,0.0004082376544829458
1.4628571428571429,205.3285,0.00028295122319832444
1.486077097505669,138.53403,0.00024177330487873405
1.509297052154195,175.89745,0.0003138986648991704
1.5325170068027212,274.22275,0.00038280634908005595
1.5557369614512473,147.40947,0.000331329763866961
1.5789569160997732,143.02702,0.0003206600376870483
1.6021768707482993,138.6066,0.00029815538437105715
1.6253968253968254,242.17462,0.000223315175389871
1.6486167800453515,169.33627,0.00021113772527314723
1.6718367346938776,69.52181,9.176202001981437e-05
1.6950566893424037,148.23529,0.00012988033995497972
1.7182766439909298,217.45561,6.328265590127558e-05
1.7414965986394557,128.19768,1.0633877536747605e-05
1.7647165532879818,0.0,1.3845292414771393e-06
1.787936507936508,0.0,2.273927748319693e-07
1.811156462585034,0.0,2.923497959272936e-07
1.8343764172335602,0.0,2.5657573132775724e-07
1.8575963718820863,0.0,8.357073966180906e-08
1.8808163265306124,0.0,5.737365427194163e-08
