0.0,0.0,1.6030753613449633e-07
0.023219954648526078,0.0,2.165306796086952e-07
0.046439909297052155,0.0,3.108871169388294e-07
0.06965986394557823,0.0,4.306975824874826e-07
0.09287981859410431,0.0,2.8585418476723135e-07
0.11609977324263039,0.0,1.6240755940089002e-07
0.13931972789115646,0.0,9.2004265752621e-05
0.16253968253968254,196.2908,0.0009809876792132854
0.18575963718820862,182.66272,0.0016153175383806229
0.2089795918367347,181.0159,0.0020478693768382072
0.23219954648526078,180.55272,0.001714107347652316
0.25541950113378686,178.27185,0.0009866941254585981
0.2786394557823129,179.2683,0.0009396641980856657
0.301859410430839,297.6378,0.0013769109500572085
0.3250793650793651,247.12175,0.0009462586604058743
0.3482993197278912,187.55981,0.00045935448724776506
0.37151927437641724,200.75873,0.00035322539042681456
0.3947392290249433,166.59471,0.0002568692434579134
0.4179591836734694,242.04172,0.00029254151741042733
0.44117913832199546,237.47981,0.0003870279178954661
0.46439909297052157,228.97195,0.00032414839370176196
0.4876190476190476,226.02505,0.0003026130434591323
0.5108390022675737,239.15402,0.0003521670587360859
0.5340589569160998,255.58482,0.00045502869761548936
0.5572789115646258,269.05157,0.0005176272243261337
0.5804988662131519,268.357,0.0006774793146178126
0.603718820861678,265.51724,0.0007068369304761291
0.626938775510204,262.64212,0.00045214389683678746
0.6501587301587302,264.35968,0.0005206085625104606
0.6733786848072563,270.85428,0.0007554339244961739
0.6965986394557824,267.86304,0.0006195448222570121
0.7198185941043084,275.48154,0.0006786635494790971
0.7430385487528345,249.28058,0.00038285888149403036
0.7662585034013606,168.68854,0.000994798494502902
0.7894784580498866,377.38388,0.0015487531200051308
0.8126984126984127,366.73596,0.0020753340795636177
0.8359183673469388,353.55426,0.0024165853392332792
0.8591383219954649,346.33508,0.0019033957505598664
0.8823582766439909,347.79178,0.0024214638397097588
0.905578231292517,365.59586,0.002307531191036105
0.9287981859410431,362.58994,0.0016331139486283064
0.9520181405895691,339.01346,0.0010612113401293755
0.9752380952380952,155.75177,0.0005009254673495889
0.9984580498866213,219.26663,0.0008752337307669222
1.0216780045351475,265.80823,0.000572292716242373
1.0448979591836736,270.85428,0.0005891048931516707
1.0681179138321997,273.3471,0.0008413202594965696
1.0913378684807256,271.94244,0.0010495400056242943
1.1145578231292517,242.70776,0.0005865860148333013
1.1377777777777778,225.0,0.0007408520323224366
1.1609977324263039,219.28177,0.0010112882591784
1.18421768707483,225.76793,0.0006316000362858176
1.207437641723356,229.4485,0.0005344102391973138
1.2306575963718822,228.37907,0.0005804378306493163
1.253877551020408,220.99109,0.0005868013831786811
1.2770975056689342,217.95717,0.0011014463379979134
1.3003174603174603,203.4602,0.0011028624139726162
1.3235374149659864,182.60869,0.0005574747337959707
1.3467573696145125,232.34984,0.0004727691994048655
1.3699773242630386,227.90698,0.0006706038257107139
1.3931972789115648,147.16351,0.0006357213715091348
1.4164172335600906,91.58878,0.00028394657419994473
1.4396371882086167,169.24341,0.00029836519388481975
1.4628571428571429,195.78247,0.0009811613708734512
1.486077097505669,183.20476,0.0012293433537706733
1.509297052154195,180.55272,0.0009852293878793716
1.5325170068027212,177.733,0.0008943080902099609
1.5557369614512473,173.71974,0.0010567669523879886
1.5789569160997732,172.74762,0.001218988443724811
1.6021768707482993,173.62204,0.001086284639313817
1.6253968253968254,175.39772,0.0010039275512099266
1.6486167800453515,175.99773,0.0008058730163611472
1.6718367346938776,179.79033,0.00037760872510261834
1.6950566893424037,194.48732,0.0004686412576120347
1.7182766439909298,173.71974,0.0005130921490490437
1.7414965986394557,114.604996,0.00023400652571581304
1.7647165532879818,127.18097,0.0001529737055534497
1.787936507936508,170.55247,0.00018366044969297945
1.811156462585034,182.60869,0.0003266487910877913
1.8343764172335602,158.30768,0.00012378199608065188
1.8575963718820863,166.4151,9.23119587241672e-05
1.8808163265306124,187.06256,4.318348874221556e-05
1.9040362811791383,0.0,6.628977644140832e-06
1.9272562358276644,0.0,1.7193324310937896e-06
1.9504761904761905,0.0,2.437745934003033e-07
1.9736961451247166,0.0,1.0755775292636827e-07
1.9969160997732427,0.0,9.75687726167962e-08
2.020136054421769,0.0,1.2579857866512612e-07
2.043356009070295,0.0,9.575160220265388e-09
