0.0,0.0,4.34661160397809e-07
0.023219954648526078,0.0,4.2622014007065445e-07
0.046439909297052155,0.0,1.0728854249464348e-07
0.06965986394557823,0.0,5.117090040585026e-08
0.09287981859410431,0.0,7.07022991264239e-08
0.11609977324263039,0.0,2.7235819288762286e-07
0.13931972789115646,0.0,4.4740590965375304e-07
0.16253968253968254,243.64641,1.1905240171472542e-05
0.18575963718820862,281.48935,7.154158083721995e-05
0.2089795918367347,336.64124,0.00017356382159050554
0.23219954648526078,271.74295,0.0004029034171253443
0.25541950113378686,354.21686,0.0005776672624051571
0.2786394557823129,373.94006,0.0008032324258238077
0.301859410430839,367.5,0.0006096439901739359
0.3250793650793651,329.8619,0.0005566910258494318
0.3482993197278912,286.05405,0.0005353142041712999
0.37151927437641724,237.86409,0.0003459103754721582
0.3947392290249433,197.86876,0.0003778620157390833
0.4179591836734694,185.03497,0.0009665507823228836
0.44117913832199546,155.2817,0.0021676868200302124
0.46439909297052157,189.5755,0.002694906899705529
0.4876190476190476,198.31366,0.003625597106292844
0.5108390022675737,198.74812,0.002825592178851366
0.5340589569160998,251.21698,0.0025804932229220867
0.5572789115646258,307.49564,0.0026930139865726233
0.5804988662131519,304.8889,0.002961392980068922
0.603718820861678,432.82443,0.002817730884999037
0.626938775510204,392.5131,0.0030594002455472946
0.6501587301587302,368.65204,0.003390021389350295
0.6733786848072563,422.32864,0.004032141529023647
0.6965986394557824,480.84113,0.0036121767479926348
0.7198185941043084,441.44144,0.003524059895426035
0.7430385487528345,235.57692,0.004175535403192043
0.7662585034013606,288.5254,0.0034912405535578728
0.7894784580498866,244.45677,0.0015118588926270604
0.8126984126984127,252.14409,0.0011334288865327835
0.8359183673469388,323.89832,0.001884626573882997
0.8591383219954649,454.14633,0.0018826465820893645
0.8823582766439909,415.1163,0.002774633001536131
0.905578231292517,266.53845,0.0035031111910939217
0.9287981859410431,270.9215,0.0038558747619390488
0.9520181405895691,262.10995,0.0030415246728807688
0.9752380952380952,273.206,0.002910985378548503
0.9984580498866213,272.5026,0.0030787508003413677
1.0216780045351475,272.64297,0.0046587418764829636
1.0448979591836736,250.56818,0.0036560934968292713
1.0681179138321997,142.90343,0.0018163933418691158
1.0913378684807256,187.26114,0.0019426516955718398
1.1145578231292517,291.4097,0.00441780686378479
1.1377777777777778,379.70477,0.005855013150721788
1.1609977324263039,326.02267,0.004306986927986145
1.18421768707483,222.61484,0.003040062729269266
1.207437641723356,225.92213,0.0018330223392695189
1.2306575963718822,168.32062,0.0016002694610506296
1.253877551020408,264.75128,0.002287181094288826
1.2770975056689342,236.14458,0.0029170610941946507
1.3003174603174603,319.56522,0.003587891347706318
1.3235374149659864,299.06104,0.0037256795912981033
1.3467573696145125,248.25998,0.0029789810068905354
1.3699773242630386,185.48895,0.0022054484579712152
1.3931972789115648,191.73914,0.0023997826501727104
1.4164172335600906,221.48438,0.0020912704057991505
1.4396371882086167,222.16624,0.0010853181593120098
1.4628571428571429,145.64069,0.0003291933098807931
1.486077097505669,182.48276,0.00015637726755812764
1.509297052154195,152.06897,0.0002443933335598558
1.5325170068027212,285.25226,0.0005947350291535258
1.5557369614512473,317.97006,0.0005830021109431982
1.5789569160997732,278.31326,0.0005961492424830794
1.6021768707482993,230.48781,0.0006485609337687492
1.6253968253968254,196.0,0.0006012810044921935
1.6486167800453515,190.18867,0.000497660250402987
1.6718367346938776,243.4019,0.0003854063688777387
1.6950566893424037,315.90256,0.0005154651589691639
1.7182766439909298,179.37245,0.0006788171594962478
1.7414965986394557,185.3915,0.0008239797898568213
1.7647165532879818,234.20074,0.0007946586702018976
1.787936507936508,303.78873,0.0006095271091908216
1.811156462585034,358.34238,0.00047905807150527835
1.8343764172335602,319.56522,0.0004989002482034266
1.8575963718820863,364.66373,0.0005638471338897943
1.8808163265306124,318.41156,0.00031163686071522534
1.9040362811791383,268.0851,5.65043774258811e-05
1.9272562358276644,0.0,4.217649802740198e-06
1.9504761904761905,0.0,6.084082997404039e-07
1.9736961451247166,0.0,5.781803338322788e-07
1.9969160997732427,0.0,4.905350579065271e-07
2.020136054421769,0.0,2.3315260477829725e-07
