0.0,0.0,2.981651050504297e-07
0.023219954648526078,0.0,1.59659975906834e-07
0.046439909297052155,0.0,1.80395545612555e-07
0.06965986394557823,0.0,3.276727511547506e-07
0.09287981859410431,0.0,1.0195708455285057e-07
0.11609977324263039,0.0,3.1296985980588943e-07
0.13931972789115646,0.0,2.2390759113477543e-07
0.16253968253968254,0.0,6.147599378891755e-06
0.18575963718820862,119.83696,0.00010991940507665277
0.2089795918367347,135.6923,0.0003942504117731005
0.23219954648526078,154.30371,0.0005207168869674206
0.25541950113378686,146.91838,0.00036163913318887353
0.2786394557823129,149.23857,0.00024369967286475003
0.301859410430839,121.62162,0.0002412383764749393
0.3250793650793651,126.43349,0.00032325461506843567
0.3482993197278912,135.44226,0.0004334848781581968
0.37151927437641724,161.43991,0.0005676652654074132
0.3947392290249433,150.94125,0.0004785021301358938
0.4179591836734694,164.65463,0.0004937653429806232
0.44117913832199546,101.6129,0.00031151861185207963
0.46439909297052157,146.7554,0.00026620770222507417
0.4876190476190476,146.41434,0.0003138008760288358
0.5108390022675737,191.50124,0.0005578192067332566
0.5340589569160998,254.03224,0.0008110705530270934
0.5572789115646258,332.8302,0.0008601677836850286
0.5804988662131519,246.99593,0.0006039886502549052
0.603718820861678,268.43478,0.00030743214301764965
0.626938775510204,153.21365,0.00038259977009147406
0.6501587301587302,191.85829,0.0005559715791605413
0.6733786848072563,176.63551,0.0008884259732440114
0.6965986394557824,219.40298,0.001097264583222568
0.7198185941043084,310.7317,0.0015907702036201954
0.7430385487528345,297.50906,0.0017097932286560535
0.7662585034013606,243.8914,0.0010333894751966
0.7894784580498866,201.48486,0.0015375185757875443
0.8126984126984127,205.22234,0.0008448003209196031
0.8359183673469388,198.0539,0.0006080563180148602
0.8591383219954649,211.00479,0.00046603463124483824
0.8823582766439909,211.90604,0.0004758583672810346
0.905578231292517,193.10345,0.0005692745326086879
0.9287981859410431,185.07193,0.0005988447228446603
0.9520181405895691,196.32721,0.0005224752239882946
0.9752380952380952,221.11421,0.0005617767455987632
0.9984580498866213,208.01888,0.0008283167844638228
1.0216780045351475,234.20074,0.0009916435228660703
1.0448979591836736,219.16068,0.0008258456364274025
1.0681179138321997,253.01204,0.0010832373518496752
1.0913378684807256,305.4342,0.0010508577106520534
1.1145578231292517,228.61588,0.001152796670794487
1.1377777777777778,213.27245,0.0018133815610781312
1.1609977324263039,256.1246,0.0026668189093470573
1.18421768707483,274.05487,0.0021320332307368517
1.207437641723356,179.54199,0.0010321404552087188
1.2306575963718822,226.9686,0.0017268250230699778
1.253877551020408,260.94675,0.001606880920007825
1.2770975056689342,271.00558,0.001853822497650981
1.3003174603174603,271.15707,0.0028473748825490475
1.3235374149659864,264.6481,0.002167931292206049
1.3467573696145125,255.85443,0.0019640896935015917
1.3699773242630386,233.20993,0.0012458804994821548
1.3931972789115648,267.12555,0.0019203212577849627
1.4164172335600906,294.16342,0.002067927736788988
1.4396371882086167,320.72726,0.0018649619305506349
1.4628571428571429,302.533,0.0016282990109175444
1.486077097505669,244.87633,0.0026754208374768496
1.509297052154195,274.9091,0.0023798737674951553
1.5325170068027212,288.70703,0.0021294686011970043
1.5557369614512473,278.23343,0.0019694005604833364
1.5789569160997732,291.2493,0.0018441297579556704
1.6021768707482993,260.38647,0.002405665349215269
1.6253968253968254,246.36871,0.0025598988868296146
1.6486167800453515,210.55704,0.0019458860624581575
1.6718367346938776,250.56818,0.0016425509238615632
1.6950566893424037,261.93304,0.0015993260312825441
1.7182766439909298,233.33333,0.0013295570388436317
1.7414965986394557,233.20993,0.0011673194821923971
1.7647165532879818,221.11421,0.0011816686019301414
1.787936507936508,236.71497,0.0009408112382516265
1.811156462585034,235.2,0.0008098538382910192
1.8343764172335602,230.89005,0.0006720522069372237
1.8575963718820863,225.89641,0.0006307703442871571
1.8808163265306124,216.88525,0.0008195213740691543
1.9040362811791383,215.00542,0.0008807687554508448
1.9272562358276644,235.57692,0.0009886045008897781
1.9504761904761905,233.7043,0.0010909029515460134
1.9736961451247166,228.37907,0.000822068250272423
1.9969160997732427,220.99109,0.0008531322819180787
2.020136054421769,218.43698,0.0013950627762824297
2.043356009070295,197.9798,0.0014630889054387808
2.066575963718821,186.07594,0.0013891954440623522
2.089795918367347,204.64037,0.0014810296706855297
2.1130158730158732,199.7735,0.0017209695652127266
2.1362358276643993,203.34294,0.0020995549857616425
2.159455782312925,188.56227,0.002526831114664674
2.182675736961451,180.27594,0.0022125565446913242
2.2058956916099772,177.82259,0.003094123210757971
2.2291156462585033,180.64516,0.003832567948848009
2.2523356009070294,184.51883,0.003673445899039507
2.2755555555555556,184.90565,0.003011894878000021
2.2987755102040817,160.50955,0.0010228974279016256
2.3219954648526078,166.4151,0.0010770251974463463
2.345215419501134,156.1062,0.0012695860350504518
2.36843537414966,198.76056,0.0013753450475633144
2.391655328798186,306.07288,0.0021604113280773163
2.414875283446712,257.70636,0.0011760741472244263
2.4380952380952383,162.90237,0.0010638065868988633
2.4613151927437644,150.76923,0.0011003019753843546
2.48453514739229,143.96082,0.0010883762734010816
2.507755102040816,149.49153,0.0011315543670207262
2.5309750566893423,186.30055,0.0011916751973330975
2.5541950113378684,161.7077,0.001055077649652958
2.5774149659863945,156.19835,0.0010529070859774947
2.6006349206349206,114.426575,0.00069942616391927
2.6238548752834467,153.88832,0.0005568233318626881
2.647074829931973,127.53037,0.0005661805626004934
2.670294784580499,134.77995,0.0007562082610093057
2.693514739229025,139.82245,0.0006099076708778739
2.716734693877551,186.76549,0.0007171860197558999
2.7399546485260773,278.58496,0.0007671079365536571
2.7631746031746034,272.5026,0.0006582660134881735
2.7863945578231295,193.52716,0.0005131260259076953
2.809614512471655,139.38054,0.0006016048137098551
2.8328344671201813,139.70433,0.000535425846464932
2.8560544217687074,142.25807,0.0005407390999607742
2.8792743764172335,211.29364,0.0007018803735263646
2.9024943310657596,251.71233,0.0007603691192343831
2.9257142857142857,172.07358,0.0005839536897838116
2.948934240362812,164.85982,0.00043449673103168607
2.972154195011338,120.425995,0.000335725664626807
2.995374149659864,96.55173,0.00024917529663071036
3.01859410430839,130.37694,0.00016291209612973034
3.0418140589569163,49.52274,3.3374915801687166e-05
3.0650340136054424,0.0,1.972623977053445e-06
3.0882539682539685,0.0,1.390530087519437e-06
3.1114739229024946,0.0,9.341456461697817e-07
3.1346938775510207,0.0,1.1990268831141293e-06
3.1579138321995464,0.0,7.834960342734121e-07
3.1811337868480725,0.0,4.847452146350406e-07
3.2043537414965986,0.0,3.050763552892022e-07
3.2275736961451247,0.0,8.148908818839118e-07
3.250793650793651,0.0,3.611612555687316e-07
3.274013605442177,0.0,2.257493179058656e-07
3.297233560090703,0.0,5.352658263291232e-07
3.320453514739229,0.0,1.362841430818662e-07
