0.0,0.0,3.951299731852487e-08
0.023219954648526078,0.0,6.435766408685595e-08
0.046439909297052155,0.0,1.4619636203860864e-06
0.06965986394557823,0.0,1.0532730811974034e-06
0.09287981859410431,0.0,4.115086994715966e-06
0.11609977324263039,177.5839,2.6603302103467286e-05
0.13931972789115646,124.6467,2.4283872335217893e-05
0.16253968253968254,126.18026,4.101277590962127e-05
0.18575963718820862,68.3015,1.8689945136429742e-05
0.2089795918367347,157.09923,2.0613617380149662e-05
0.23219954648526078,173.62204,4.814832209376618e-05
0.25541950113378686,154.04192,5.0233335059601814e-05
0.2786394557823129,197.75784,5.380243237596005e-05
0.301859410430839,242.086,8.766463724896312e-05
0.3250793650793651,169.9422,6.234445027075708e-05
0.3482993197278912,216.07054,5.7666962675284594e-05
0.37151927437641724,193.66374,8.331076242029667e-05
0.3947392290249433,137.55458,5.1947241445304826e-05
0.4179591836734694,107.560974,3.243071842007339e-05
0.44117913832199546,158.63309,7.160114910220727e-05
0.46439909297052157,237.279,0.00024020939599722624
0.4876190476190476,209.778,0.0002281416382174939
0.5108390022675737,263.28357,0.00029382249340415
0.5340589569160998,212.246,0.0002940900158137083
0.5572789115646258,257.44308,0.00041072029853239655
0.5804988662131519,206.39626,0.0003462594759184867
0.603718820861678,229.28943,0.00041562653495930135
0.626938775510204,203.95683,0.0003296045761089772
0.6501587301587302,221.60805,0.0004675823147408664
0.6733786848072563,217.5629,0.00028282616403885186
0.6965986394557824,214.54054,0.00037201010854914784
0.7198185941043084,263.28357,0.0004110102017875761
0.7430385487528345,250.82732,0.0005444964044727385
0.7662585034013606,274.05487,0.0006880756700411439
0.7894784580498866,287.8012,0.000707134953700006
0.8126984126984127,302.2273,0.0007910252898000181
0.8359183673469388,272.68127,0.0008413434843532741
0.8591383219954649,267.86304,0.0007800472667440772
0.8823582766439909,267.42007,0.0007697306573390961
0.905578231292517,267.27274,0.0009269232978112996
0.9287981859410431,265.2269,0.001059922156855464
0.9520181405895691,260.38647,0.0009232048178091645
0.9752380952380952,252.91971,0.0006851123762317002
0.9984580498866213,308.3916,0.000708690145984292
1.0216780045351475,323.92447,0.0008065155707299709
1.0448979591836736,305.1903,0.001241699093952775
1.0681179138321997,330.91547,0.0018118793377652764
1.0913378684807256,377.93253,0.0017115062801167369
1.1145578231292517,350.7423,0.0017802186775952578
1.1377777777777778,352.04895,0.0015738240908831358
1.1609977324263039,338.1161,0.00142967258580029
1.18421768707483,338.67255,0.0015699309296905994
1.207437641723356,383.26996,0.001540814875625074
1.2306575963718822,355.45407,0.001341001596301794
1.253877551020408,323.4154,0.0014591864310204983
1.2770975056689342,275.3382,0.0012118947925046086
1.3003174603174603,264.9372,0.0011596019612625241
1.3235374149659864,261.7917,0.000990678439848125
1.3467573696145125,271.00558,0.0008082064450718462
1.3699773242630386,278.7931,0.0009791399352252483
1.3931972789115648,304.13794,0.0009479679865762591
1.4164172335600906,301.19522,0.0010334413964301348
1.4396371882086167,275.0,0.0009967600926756859
1.4628571428571429,272.06955,0.0008437663782387972
1.486077097505669,271.00558,0.0009230769355781376
1.509297052154195,269.6498,0.0009756586514413357
1.5325170068027212,228.89273,0.000671805755700916
1.5557369614512473,181.23288,0.0003917560970876366
1.5789569160997732,225.2554,0.00039174268022179604
1.6021768707482993,197.1684,0.0003146822564303875
1.6253968253968254,220.13312,0.0003412853693589568
1.6486167800453515,240.5057,0.0003754851350095123
1.6718367346938776,235.07462,0.0003118490567430854
1.6950566893424037,228.62904,0.0004418440512381494
1.7182766439909298,242.06586,0.000406543753342703
1.7414965986394557,211.45445,0.0003044119803234935
1.7647165532879818,225.63957,0.0004373883712105453
1.787936507936508,196.67987,0.0003745482536032796
1.811156462585034,174.90085,0.00035200390266254544
1.8343764172335602,144.59016,0.00015571669791825116
1.8575963718820863,173.05429,0.00011226083734072745
1.8808163265306124,157.21925,8.591958612669259e-05
1.9040362811791383,159.3496,6.484197365352884e-05
1.9272562358276644,187.54556,4.808923040400259e-05
1.9504761904761905,270.55215,5.199218503548764e-05
1.9736961451247166,217.9123,5.2611747378250584e-05
1.9969160997732427,238.09238,5.449010495794937e-05
2.020136054421769,191.14552,5.6408542150165886e-05
2.043356009070295,183.20476,6.718312215525657e-05
2.066575963718821,206.55737,6.771137850591913e-05
2.089795918367347,179.47675,6.621039938181639e-05
2.1130158730158732,176.50085,8.29064883873798e-05
2.1362358276643993,175.29813,9.248279820894822e-05
2.159455782312925,173.23233,8.408490975853056e-05
2.182675736961451,171.30966,9.080517338588834e-05
2.2058956916099772,169.89542,8.849344885675237e-05
2.2291156462585033,166.95511,9.103331831283867e-05
2.2523356009070294,163.24696,0.00011101718700956553
2.2755555555555556,160.28038,0.00011335579620208591
2.2987755102040817,158.1455,0.00012826116289943457
2.3219954648526078,156.54158,0.00012948978110216558
2.345215419501134,155.12563,0.00013017674791626632
2.36843537414966,154.81444,0.0001227297616424039
2.391655328798186,176.57658,0.00013483819202519953
2.414875283446712,196.38792,0.00013702113938052207
2.4380952380952383,224.0,0.00012015483662253246
2.4613151927437644,221.32999,9.932038665283471e-05
2.48453514739229,164.65463,5.7958757679443806e-05
2.507755102040816,53.293053,1.1764132068492472e-05
2.5309750566893423,0.0,2.464585122652352e-06
2.5541950113378684,0.0,5.555966708925553e-07
2.5774149659863945,0.0,1.5550267562502995e-07
2.6006349206349206,0.0,6.926620699232444e-08
2.6238548752834467,0.0,3.7164681998547167e-08
2.647074829931973,0.0,4.888534022029489e-08
2.670294784580499,0.0,3.8794496504124254e-08
