0.0,0.0,5.216134013608098e-08
0.023219954648526078,0.0,5.2678842621389776e-08
0.046439909297052155,0.0,6.394566298695281e-08
0.06965986394557823,0.0,3.7033714761491865e-08
0.09287981859410431,0.0,6.59383658785373e-08
0.11609977324263039,0.0,4.108041139261331e-06
0.13931972789115646,146.51163,1.3237878192740027e-05
0.16253968253968254,78.099174,1.587508995726239e-05
0.18575963718820862,114.545456,4.416657247929834e-05
0.2089795918367347,155.55556,9.758112719282508e-05
0.23219954648526078,122.61353,0.00012118855374865234
0.25541950113378686,166.1017,0.00015667259867768735
0.2786394557823129,197.12645,0.00018893316155299544
0.301859410430839,167.78693,0.00017972153727896512
0.3250793650793651,92.21119,0.00022583379177376628
0.3482993197278912,124.84077,0.0002404513070359826
0.37151927437641724,113.89462,0.0002447721199132502
0.3947392290249433,89.67972,0.00023745468934066594
0.4179591836734694,132.03593,0.00024283304810523987
0.44117913832199546,114.545456,0.0003337687230668962
0.46439909297052157,144.74837,0.0005079373950138688
0.4876190476190476,125.64103,0.00062363944016397
0.5108390022675737,113.65979,0.0005528820911422372
0.5340589569160998,135.60886,0.0007579192169941962
0.5572789115646258,111.419914,0.0008676530560478568
0.5804988662131519,120.491806,0.0010051191784441471
0.603718820861678,133.31319,0.0008935038349591196
0.626938775510204,117.91444,0.0008161405567079782
0.6501587301587302,130.93825,0.0008783511584624648
0.6733786848072563,116.29746,0.0005673767300322652
0.6965986394557824,170.66563,0.0008834734326228499
0.7198185941043084,176.28247,0.0010641487315297127
0.7430385487528345,146.43056,0.0012661993969231844
0.7662585034013606,127.162636,0.0011241238098591566
0.7894784580498866,148.88588,0.0011980610433965921
0.8126984126984127,289.94083,0.0014437739737331867
0.8359183673469388,280.69305,0.0016686777817085385
0.8591383219954649,306.03748,0.0020676529966294765
0.8823582766439909,247.19731,0.0017821270739659667
0.905578231292517,164.28952,0.0013986451085656881
0.9287981859410431,194.84537,0.0012811742490157485
0.9520181405895691,251.86916,0.0013429441023617983
0.9752380952380952,311.03275,0.0011109700426459312
0.9984580498866213,319.3872,0.001822074525989592
1.0216780045351475,211.34184,0.0021401720587164164
1.0448979591836736,194.94106,0.0014626438496634364
1.0681179138321997,210.78065,0.0016886123921722174
1.0913378684807256,200.15129,0.0016522654332220554
1.1145578231292517,193.66374,0.0020209457725286484
1.1377777777777778,177.10843,0.0012688657734543085
1.1609977324263039,283.18738,0.0012538994196802378
1.18421768707483,405.82822,0.0012439338024705648
1.207437641723356,333.50784,0.0012728290166705847
1.2306575963718822,248.13298,0.0013024854706600308
1.253877551020408,228.10345,0.0017970218323171139
1.2770975056689342,235.51402,0.0016360377194359899
1.3003174603174603,224.1993,0.001814969233237207
1.3235374149659864,360.0,0.0019246581941843033
1.3467573696145125,240.74442,0.001599112176336348
1.3699773242630386,174.65347,0.001259698299691081
1.3931972789115648,130.86053,0.0012669381685554981
1.4164172335600906,289.69174,0.0012938862200826406
1.4396371882086167,287.51254,0.0013441626215353608
1.4628571428571429,264.20367,0.001383435446768999
1.486077097505669,300.85275,0.001423572190105915
1.509297052154195,259.41177,0.001635073684155941
1.5325170068027212,254.36194,0.0014887070283293724
1.5557369614512473,196.37405,0.0010289165657013655
1.5789569160997732,130.53773,0.000828055664896965
1.6021768707482993,119.06048,0.0006520862807519734
1.6253968253968254,174.91324,0.0007327210041694343
1.6486167800453515,211.90604,0.000600501662120223
1.6718367346938776,229.8205,0.0007921303040347993
1.6950566893424037,156.621,0.0006326228613033891
1.7182766439909298,121.62162,0.0007572667673230171
1.7414965986394557,133.23264,0.0007432292914018035
1.7647165532879818,117.03822,0.0006132022244855762
1.787936507936508,127.45665,0.0007929786806926131
1.811156462585034,108.1545,0.00031780474819242954
1.8343764172335602,49.52274,0.00023000847431831062
1.8575963718820863,181.10883,0.00011678101873258129
1.8808163265306124,200.45454,0.00011950988846365362
1.9040362811791383,141.07486,0.00011604440078372136
1.9272562358276644,88.141235,9.223318193107843e-05
1.9504761904761905,117.28723,8.881985559128225e-05
1.9736961451247166,242.3077,0.00010463443322805688
1.9969160997732427,194.88635,0.00011770253331633285
2.020136054421769,153.30244,9.932887041941285e-05
2.043356009070295,119.7556,0.00012547611549962312
2.066575963718821,123.52941,0.0001267234474653378
2.089795918367347,100.0,0.0001451722637284547
2.1130158730158732,97.855034,0.0001508548011770472
2.1362358276643993,94.770775,0.0001747201895341277
2.159455782312925,92.259415,0.0001822293852455914
2.182675736961451,90.92783,0.00020866355043835938
2.2058956916099772,89.31645,0.0002113538794219494
2.2291156462585033,110.25,0.0002437423972878605
2.2523356009070294,108.353806,0.0002059111138805747
2.2755555555555556,121.15385,0.00021661759819835424
2.2987755102040817,108.687614,0.00022839719895273447
2.3219954648526078,106.521736,0.00020889341249130666
2.345215419501134,104.564316,0.00020856353512499481
2.36843537414966,102.85714,0.00019604127737693489
2.391655328798186,101.67147,0.00018669255950953811
2.414875283446712,100.57012,0.00013185055286157876
2.4380952380952383,128.12318,0.000101474579423666
2.4613151927437644,71.7462,1.9557330233510584e-05
2.48453514739229,0.0,3.6451383493840694e-06
2.507755102040816,0.0,9.380819392390549e-07
2.5309750566893423,0.0,3.618561095208861e-07
2.5541950113378684,0.0,1.0340227163396776e-07
2.5774149659863945,0.0,9.381892596138641e-08
2.6006349206349206,0.0,5.368019628804177e-08
2.6238548752834467,0.0,3.120931069133803e-08
