0.0,0.0,4.4485204853117466e-08
0.023219954648526078,0.0,3.192508302163333e-08
0.046439909297052155,0.0,1.065538526745513e-06
0.06965986394557823,0.0,9.108589438255876e-08
0.09287981859410431,0.0,1.766854438756127e-06
0.11609977324263039,194.84537,1.0315417966921814e-05
0.13931972789115646,104.750595,1.9301996871945448e-05
0.16253968253968254,131.7401,3.121833287877962e-05
0.18575963718820862,189.27039,4.1520121158100665e-05
0.2089795918367347,154.30371,4.9302863772027194e-05
0.23219954648526078,169.61539,4.808781523024663e-05
0.25541950113378686,166.59471,5.714974395232275e-05
0.2786394557823129,163.593,5.76857928535901e-05
0.301859410430839,90.0,6.540443428093567e-05
0.3250793650793651,90.0,6.636210309807211e-05
0.3482993197278912,88.42105,6.681667582597584e-05
0.37151927437641724,89.45233,7.804633060004562e-05
0.3947392290249433,92.45283,7.704528979957104e-05
0.4179591836734694,184.90565,7.851454574847594e-05
0.44117913832199546,138.8539,6.574303552042693e-05
0.46439909297052157,90.06127,4.735172478831373e-05
0.4876190476190476,93.30042,6.56051270198077e-05
0.5108390022675737,97.78271,6.799823313485831e-05
0.5340589569160998,111.98579,5.723787398892455e-05
0.5572789115646258,128.94737,7.444473885698244e-05
0.5804988662131519,127.18097,7.203455606941134e-05
0.603718820861678,100.91533,7.821471081115305e-05
0.626938775510204,98.32776,0.00010513665620237589
0.6501587301587302,96.39344,9.545929788146168e-05
0.6733786848072563,98.1454,7.926738180685788e-05
0.6965986394557824,106.97392,8.933037315728143e-05
0.7198185941043084,138.2445,0.00011777447070926428
0.7430385487528345,114.545456,0.0001305051555391401
0.7662585034013606,112.96107,0.00012851867359131575
0.7894784580498866,110.11236,0.00010304912575520575
0.8126984126984127,109.226006,0.00012771881301887333
0.8359183673469388,110.66499,0.00011487929441500455
0.8591383219954649,114.993484,0.00014703614579048008
0.8823582766439909,119.70684,0.0001565877755638212
0.905578231292517,138.8539,0.00016566968406550586
0.9287981859410431,142.34991,0.00017378636403009295
0.9520181405895691,145.64069,0.00018864446610677987
0.9752380952380952,148.86076,0.0002238404267700389
0.9984580498866213,122.24532,0.0002185204648412764
1.0216780045351475,122.63626,0.00025089463451877236
1.0448979591836736,115.56603,0.00022067330428399146
1.0681179138321997,130.62796,0.00017770909471437335
1.0913378684807256,135.60886,0.00022716651437804103
1.1145578231292517,139.33649,0.00022717661340720952
1.1377777777777778,151.72018,0.00023243637406267226
1.1609977324263039,157.83823,0.0002601369342301041
1.18421768707483,153.87299,0.00029034135513938963
1.207437641723356,152.59515,0.0003095561405643821
1.2306575963718822,120.09804,0.0003271355526521802
1.253877551020408,159.11005,0.00028094107983633876
1.2770975056689342,151.20001,0.00023498196969740093
1.3003174603174603,210.0,0.000253627251368016
1.3235374149659864,299.83005,0.00030338356737047434
1.3467573696145125,239.28377,0.0003930798848159611
1.3699773242630386,218.96724,0.00047979847295209765
1.3931972789115648,141.1953,0.0004317574203014374
1.4164172335600906,169.89542,0.0003815426607616246
1.4396371882086167,184.29851,0.0003858872805722058
1.4628571428571429,229.02481,0.0005024861893616617
1.486077097505669,314.82703,0.0008211404201574624
1.509297052154195,356.9044,0.000864350819028914
1.5325170068027212,335.2762,0.0007550342124886811
1.5557369614512473,332.91397,0.0006455415859818459
1.5789569160997732,336.29895,0.0006483299657702446
1.6021768707482993,300.17017,0.0008910619071684778
1.6253968253968254,345.6113,0.0008811971638351679
1.6486167800453515,272.7835,0.0007372793043032289
1.6718367346938776,246.61923,0.000802180846221745
1.6950566893424037,353.20367,0.0009613004513084888
1.7182766439909298,271.61255,0.0012193110305815935
1.7414965986394557,233.33333,0.0013942194636911154
1.7647165532879818,232.92255,0.0013007522793486714
1.787936507936508,208.45589,0.0009517710423097014
1.811156462585034,204.27174,0.0006944272900000215
1.8343764172335602,234.85208,0.0009208888513967395
1.8575963718820863,286.05405,0.0010249775368720293
1.8808163265306124,240.72054,0.0014309203252196312
1.9040362811791383,359.43573,0.0021458612754940987
1.9272562358276644,368.65204,0.0015722555108368397
1.9504761904761905,255.04732,0.0012019799323752522
1.9736961451247166,289.3993,0.0013602481922134757
1.9969160997732427,321.7172,0.001697109779343009
2.020136054421769,369.03766,0.0020160244312137365
2.043356009070295,393.33682,0.0018187464447692037
2.066575963718821,316.91544,0.001077641500160098
2.089795918367347,199.54752,0.0013035992160439491
2.1130158730158732,178.4522,0.0010088845156133175
2.1362358276643993,174.40678,0.0006619641790166497
2.159455782312925,180.84358,0.0006619164487347007
2.182675736961451,181.80212,0.000702184159308672
2.2058956916099772,186.17415,0.0007099434733390808
2.2291156462585033,181.66838,0.0008239518501795828
2.2523356009070294,173.81757,0.0005603459430858493
2.2755555555555556,149.40712,0.0005120587884448469
2.2987755102040817,149.40712,0.00045658746967092156
2.3219954648526078,170.64677,0.0005319220363162458
2.345215419501134,189.7357,0.0005815082113258541
2.36843537414966,218.31683,0.0005325854872353375
2.391655328798186,203.32993,0.00046449247747659683
2.414875283446712,230.22041,0.00037456239806488156
2.4380952380952383,136.32149,0.0004171164764557034
2.4613151927437644,160.65573,0.0005034448695369065
2.48453514739229,136.603,0.00035186344757676125
2.507755102040816,154.106,0.0003710357705131173
2.5309750566893423,171.92982,0.00027432103524915874
2.5541950113378684,153.58209,0.00036084355087950826
2.5774149659863945,148.73524,0.00034868798684328794
2.6006349206349206,160.24709,0.0003808780456893146
2.6238548752834467,134.69762,0.00029816056485287845
2.647074829931973,148.98648,0.00021856834064237773
2.670294784580499,132.27354,0.000251075136475265
2.693514739229025,139.77814,0.0002756374888122082
2.716734693877551,138.38913,0.00023350471747107804
2.7399546485260773,138.07138,0.00023446220438927412
2.7631746031746034,133.9611,0.00020013059838674963
2.7863945578231295,121.68874,0.00016337601118721068
2.809614512471655,121.02086,0.00013854398275725543
2.8328344671201813,133.63637,0.00011583515879465267
2.8560544217687074,110.85973,0.00011907331645488739
2.8792743764172335,113.58661,0.00010344380280002952
2.9024943310657596,119.35047,0.00011689071834553033
2.9257142857142857,122.02546,0.00012199871707707644
2.948934240362812,121.4207,0.0001409082324244082
2.972154195011338,117.99331,0.00010029129043687135
2.995374149659864,112.21374,0.00011644256301224232
3.01859410430839,111.98579,0.00011929241009056568
3.0418140589569163,111.08312,0.00011377785267541185
3.0650340136054424,112.28517,0.00011762396025005728
3.0882539682539685,112.71565,9.974102431442589e-05
3.1114739229024946,112.4283,0.00010808788647409528
3.1346938775510207,112.90322,0.00010196052608080208
3.1579138321995464,107.16889,8.981069549918175e-05
3.1811337868480725,102.00462,6.82998652337119e-05
3.2043537414965986,123.66798,5.6433949794154614e-05
3.2275736961451247,182.10599,5.753229197580367e-05
3.250793650793651,157.16322,5.379253707360476e-05
3.274013605442177,198.53687,6.69960500090383e-05
3.297233560090703,123.39116,6.906417547725141e-05
3.320453514739229,101.26292,7.278790872078389e-05
3.3436734693877552,97.20794,6.337797094602138e-05
3.3668934240362813,96.976364,6.285667768679559e-05
3.3901133786848074,121.75593,5.2791761845583096e-05
3.4133333333333336,124.92918,4.701912257587537e-05
3.4365532879818597,90.430626,4.0461269236402586e-05
3.4597732426303858,89.331535,3.913146065315232e-05
3.4829931972789114,88.85158,3.206896872143261e-05
3.5062131519274375,89.331535,2.499317633919418e-05
3.5294331065759637,92.79327,2.4710654543014243e-05
3.5526530612244898,90.694084,2.1658368495991454e-05
3.575873015873016,90.27636,2.1938340069027618e-05
3.599092970521542,89.39189,2.5127974367933348e-05
3.622312925170068,87.906975,2.4956569177447818e-05
3.645532879818594,109.70149,3.082241164520383e-05
3.6687528344671203,88.31776,3.405634197406471e-05
3.6919727891156464,88.67292,3.141212437185459e-05
3.7151927437641725,88.08256,2.8591086447704583e-05
3.7384126984126986,88.85158,3.11281910398975e-05
3.7616326530612247,90.0,2.6334611902711913e-05
3.784852607709751,89.8167,2.985360515594948e-05
3.8080725623582765,88.91129,3.4844262700062245e-05
3.8312925170068026,88.31776,3.346077573951334e-05
3.8545124716553287,90.12261,3.6209195968694985e-05
3.877732426303855,89.512856,3.9164362533483654e-05
3.900952380952381,135.0,4.495506436796859e-05
3.924172335600907,131.4456,3.802566061494872e-05
3.947392290249433,89.512856,3.5129050957039e-05
3.9706122448979593,89.331535,3.63502258551307e-05
3.9938321995464854,89.39189,3.108578675892204e-05
4.017052154195011,89.75577,3.271294553996995e-05
4.040272108843538,89.63415,3.1247021979652345e-05
4.063492063492063,89.694916,3.0022683858987875e-05
4.08671201814059,89.75577,2.962232247227803e-05
4.1099319727891155,90.12261,2.7436124582891352e-05
4.133151927437642,71.09081,1.9592916942201555e-05
4.156371882086168,0.0,3.6647879824158736e-06
4.179591836734694,0.0,1.2461932783480734e-06
4.20281179138322,0.0,6.053551260265522e-07
4.2260317460317465,0.0,1.6105150280054659e-07
4.249251700680272,0.0,4.1385646909475327e-08
4.272471655328799,0.0,2.7552232495509088e-08
4.295691609977324,0.0,2.4969267542473972e-08
4.31891156462585,0.0,2.216711436631158e-08
4.342131519274377,0.0,2.6121597329620272e-08
4.365351473922902,0.0,6.085429049562663e-08
4.388571428571429,0.0,9.76797309704125e-10
