0.0,0.0,2.9786860977765173e-08
0.023219954648526078,0.0,6.824484444223344e-08
0.046439909297052155,0.0,4.824869392905384e-08
0.06965986394557823,0.0,6.686605047434568e-08
0.09287981859410431,0.0,7.71860868553631e-08
0.11609977324263039,0.0,5.5818418331909925e-08
0.13931972789115646,0.0,1.3499538908945397e-07
0.16253968253968254,0.0,1.343187250313349e-07
0.18575963718820862,0.0,3.383347575436346e-07
0.2089795918367347,0.0,6.030995791661553e-07
0.23219954648526078,0.0,3.763353561225813e-06
0.25541950113378686,0.0,5.802365194540471e-06
0.2786394557823129,159.20578,1.0262927389703691e-05
0.301859410430839,156.1062,1.9083196093561128e-05
0.3250793650793651,124.69369,2.7237256290391088e-05
0.3482993197278912,88.02395,3.270614251960069e-05
0.37151927437641724,89.271255,3.891896631103009e-05
0.3947392290249433,86.86803,3.3286680263699964e-05
0.4179591836734694,94.53376,3.414179809624329e-05
0.44117913832199546,87.906975,4.061918662046082e-05
0.46439909297052157,88.554214,5.4496267694048584e-05
0.4876190476190476,91.82717,6.645175017183647e-05
0.5108390022675737,90.091934,4.3673935579136014e-05
0.5340589569160998,93.30042,4.216380693833344e-05
0.5572789115646258,133.63637,7.507092959713191e-05
0.5804988662131519,97.92746,7.406467193504795e-05
0.603718820861678,102.6178,7.464850932592526e-05
0.626938775510204,103.46041,7.557298522442579e-05
0.6501587301587302,102.02429,0.000130234140669927
0.6733786848072563,125.0709,0.00016707707254681736
0.6965986394557824,100.76162,0.00014001948875375092
0.7198185941043084,103.76471,0.00012313801562413573
0.7430385487528345,162.30284,0.00010433303395984694
0.7662585034013606,158.06451,0.00013334047980606556
0.7894784580498866,112.859886,0.00013778952416032553
0.8126984126984127,113.87992,0.00018972695397678763
0.8359183673469388,136.11111,0.00019953471201006323
0.8591383219954649,159.3976,0.0001989415322896093
0.8823582766439909,234.57446,0.0002646399079822004
0.905578231292517,229.02481,0.0001975652703549713
0.9287981859410431,229.95366,0.00026034130132757127
0.9520181405895691,192.21669,0.00021079633734188974
0.9752380952380952,194.39546,0.0002585354377515614
0.9984580498866213,162.90237,0.00037558621261268854
1.0216780045351475,174.01353,0.0004068769048899412
1.0448979591836736,141.87668,0.00030560747836716473
1.0681179138321997,161.34146,0.00034079374745488167
1.0913378684807256,226.44415,0.00039315951289609075
1.1145578231292517,164.90385,0.0003447735798545182
1.1377777777777778,149.74533,0.00043924053898081183
1.1609977324263039,155.73868,0.00031112675787881017
1.18421768707483,149.89803,0.00036968220956623554
1.207437641723356,153.125,0.0005157699342817068
1.2306575963718822,156.9395,0.0006385268643498421
1.253877551020408,196.875,0.0007770198862999678
1.2770975056689342,255.65218,0.000831211858894676
1.3003174603174603,173.13516,0.0006268856232054532
1.3235374149659864,136.8715,0.0004914384917356074
1.3467573696145125,179.58115,0.0006120604230090976
1.3699773242630386,174.3083,0.0006302120164036751
1.3931972789115648,176.60184,0.0007084389799274504
1.4164172335600906,170.16078,0.0009218074847012758
1.4396371882086167,144.78003,0.0008913638303056359
1.4628571428571429,147.16351,0.0009497126447968185
1.486077097505669,152.77136,0.0006602567154914141
1.509297052154195,240.86395,0.0007129168952815235
1.5325170068027212,292.53732,0.0011225796770304441
1.5557369614512473,247.3738,0.0013930592685937881
1.5789569160997732,324.09448,0.0016386060742661357
1.6021768707482993,383.08636,0.001606316422112286
1.6253968253968254,480.84113,0.0016636254731565714
1.6486167800453515,333.54944,0.0017495827050879598
1.6718367346938776,332.57916,0.0016378972213715315
1.6950566893424037,288.86462,0.0015985225327312946
1.7182766439909298,223.47974,0.0012951964745298028
1.7414965986394557,203.35968,0.001806990709155798
1.7647165532879818,206.28899,0.0024122027680277824
1.787936507936508,271.3846,0.0026892591267824173
1.811156462585034,366.88852,0.0029976596124470234
1.8343764172335602,278.52634,0.002288894960656762
1.8575963718820863,211.45445,0.0015027830377221107
1.8808163265306124,297.35477,0.0015980408061295748
1.9040362811791383,212.83784,0.0026752259582281113
1.9272562358276644,212.47324,0.0029079250525683165
1.9504761904761905,207.2585,0.0022086333483457565
1.9736961451247166,225.80644,0.002435490023344755
1.9969160997732427,197.9798,0.0023074178025126457
2.020136054421769,197.86876,0.002294702921062708
2.043356009070295,338.3632,0.0022658060770481825
2.066575963718821,350.18527,0.0031568389385938644
2.089795918367347,417.89297,0.002600655658170581
2.1130158730158732,368.58408,0.0026758103631436825
2.1362358276643993,250.82732,0.0038002552464604378
2.159455782312925,349.20816,0.0031862978357821703
2.182675736961451,366.54544,0.0030248728580772877
2.2058956916099772,261.0872,0.0021990868262946606
2.2291156462585033,184.61539,0.0022933254949748516
2.2523356009070294,274.8442,0.0027506076730787754
2.2755555555555556,330.0898,0.0026867124252021313
2.2987755102040817,245.74469,0.002369480673223734
2.3219954648526078,167.46835,0.0021073794923722744
2.345215419501134,222.85234,0.002306251786649227
2.36843537414966,241.82454,0.002288730815052986
2.391655328798186,336.12805,0.0020899155642837286
2.414875283446712,336.9842,0.0018614048603922129
2.4380952380952383,314.137,0.0017581377178430557
2.4613151927437644,227.08548,0.0013700025156140327
2.48453514739229,224.49095,0.0012124706991016865
2.507755102040816,177.10843,0.001118773827329278
2.5309750566893423,274.05487,0.0009773862548172474
2.5541950113378684,277.7953,0.0008950290502980351
2.5774149659863945,316.21622,0.0007909148698672652
2.6006349206349206,300.51108,0.0009448808850720525
2.6238548752834467,199.74837,0.0006838532281108201
2.647074829931973,179.38983,0.0009267805144190788
2.670294784580499,217.70099,0.0009906478226184845
2.693514739229025,140.66986,0.000768690078984946
2.716734693877551,116.35884,0.0006037835264578462
2.7399546485260773,116.79025,0.0005651344545185566
2.7631746031746034,154.55608,0.0006780597032047808
2.7863945578231295,175.79726,0.0006817887770012021
2.809614512471655,176.09811,0.0005776738980785012
2.8328344671201813,181.35709,0.0004667447356041521
2.8560544217687074,119.44745,0.00039016641676425934
2.8792743764172335,120.821915,0.00044017721666023135
2.9024943310657596,121.4876,0.0004006323288194835
2.9257142857142857,127.38301,0.0003239140787627548
2.948934240362812,120.987656,0.00038538454100489616
2.972154195011338,120.29459,0.0003476989222690463
2.995374149659864,117.22488,0.00029120262479409575
3.01859410430839,113.14945,0.00018267442646902055
3.0418140589569163,108.48708,0.0001787790097296238
3.0650340136054424,135.35912,0.0001305872283410281
3.0882539682539685,112.21374,0.0002213527332060039
3.1114739229024946,115.263985,0.0002870605094358325
3.1346938775510207,115.672134,0.00022822989558335394
3.1579138321995464,111.78707,0.00019421317847445607
3.1811337868480725,107.16889,0.00012010911450488493
3.2043537414965986,133.63637,0.00013073431910015643
3.2275736961451247,121.95796,0.00013036235759500414
3.250793650793651,96.39344,9.522108302917331e-05
3.274013605442177,98.5842,9.30163951124996e-05
3.297233560090703,100.91533,0.00012729145237244666
3.320453514739229,99.943344,0.00010657080565579236
3.3436734693877552,98.5842,9.867604239843786e-05
3.3668934240362813,97.136566,0.00010332434612791985
3.3901133786848074,95.14563,0.00010314089013263583
3.4133333333333336,91.779396,7.196272781584412e-05
3.4365532879818597,87.73209,5.0269238272449e-05
3.4597732426303858,86.98225,4.0034414269030094e-05
3.4829931972789114,87.15415,3.569709951989353e-05
3.5062131519274375,87.55791,3.5760986065724865e-05
3.5294331065759637,87.384415,2.9034110411885194e-05
3.5526530612244898,87.09677,2.9246000849525444e-05
3.575873015873016,88.91129,3.7320685805752873e-05
3.599092970521542,89.331535,4.092938615940511e-05
3.622312925170068,88.31776,4.5737269829260185e-05
3.645532879818594,88.554214,4.5515371311921626e-05
3.6687528344671203,88.25884,4.148501466261223e-05
3.6919727891156464,88.49498,4.7160232497844845e-05
3.7151927437641725,89.331535,4.723439633380622e-05
3.7384126984126986,89.877716,5.345934187062085e-05
3.7616326530612247,89.58862,5.7852306781569496e-05
3.784852607709751,88.64322,4.9931943067349494e-05
3.8080725623582765,89.573456,5.197767313802615e-05
3.8312925170068026,89.271255,5.244628118816763e-05
3.8545124716553287,87.32674,4.517038178164512e-05
3.877732426303855,87.906975,4.472553700907156e-05
3.900952380952381,86.925095,4.92778854095377e-05
3.924172335600907,85.68652,4.63646138086915e-05
3.947392290249433,88.02395,4.478133632801473e-05
3.9706122448979593,88.25884,4.994126356905326e-05
3.9938321995464854,88.43583,4.9652964662527665e-05
4.017052154195011,88.25884,4.678279583458789e-05
4.040272108843538,87.55791,3.838199336314574e-05
4.063492063492063,89.39189,4.00980279664509e-05
4.08671201814059,71.902176,3.5704011679627e-05
4.1099319727891155,47.216274,1.8763654225040227e-05
4.133151927437642,0.0,1.2698001228272915e-06
4.156371882086168,0.0,6.993859642534517e-07
4.179591836734694,0.0,2.103188307955861e-07
4.20281179138322,0.0,4.21996446675621e-08
4.2260317460317465,0.0,5.981473805150017e-08
4.249251700680272,0.0,5.333822628017515e-08
4.272471655328799,0.0,1.994612830458209e-08
4.295691609977324,0.0,7.391645340248942e-08
4.31891156462585,0.0,3.201603249181062e-08
4.342131519274377,0.0,2.1211235434748232e-08
