0.0,0.0,3.66434505849611e-07
0.023219954648526078,0.0,7.900234777480364e-08
0.046439909297052155,0.0,2.1373398340074345e-07
0.06965986394557823,0.0,1.1474858183646575e-06
0.09287981859410431,0.0,9.803170541999862e-07
0.11609977324263039,0.0,3.8480993680423126e-07
0.13931972789115646,0.0,2.3338998289545998e-07
0.16253968253968254,0.0,3.7723111745435745e-07
0.18575963718820862,414.73352,0.0001256178948096931
0.2089795918367347,338.3632,0.0004938008496537805
0.23219954648526078,338.53635,0.0006265852134674788
0.25541950113378686,339.92804,0.000761910923756659
0.2786394557823129,343.63638,0.0007415202562697232
0.301859410430839,230.167,0.0003907204372808337
0.3250793650793651,115.023476,5.0347589422017336e-05
0.3482993197278912,0.0,2.9021002774243243e-06
0.37151927437641724,0.0,7.804046617820859e-07
0.3947392290249433,0.0,6.799918992328458e-07
0.4179591836734694,459.375,0.0007170303724706173
0.44117913832199546,428.5714,0.0031133401207625866
0.46439909297052157,466.66666,0.0037722508423030376
0.4876190476190476,448.85495,0.002900567837059498
0.5108390022675737,252.65625,0.001017034868709743
0.5340589569160998,89.9541,4.883113069809042e-05
0.5572789115646258,0.0,8.815184628474526e-06
0.5804988662131519,0.0,7.871094567235559e-07
0.603718820861678,0.0,1.1850124792545103e-06
0.626938775510204,566.838,0.0029015569016337395
0.6501587301587302,517.51886,0.008892213925719261
0.6733786848072563,513.0619,0.01100192777812481
0.6965986394557824,506.13773,0.008023837581276894
0.7198185941043084,499.24527,0.004882677458226681
0.7430385487528345,510.96255,0.001186089008115232
0.7662585034013606,89.543144,1.9144923498970456e-05
0.7894784580498866,0.0,6.7547152866609395e-06
0.8126984126984127,0.0,6.295304046943784e-07
0.8359183673469388,0.0,1.2517793948063627e-06
0.8591383219954649,709.38336,0.011076421476900578
0.8823582766439909,696.8397,0.05109626427292824
0.905578231292517,695.37134,0.056187357753515244
0.9287981859410431,689.41,0.057598937302827835
0.9520181405895691,677.7425,0.03803129494190216
0.9752380952380952,311.34647,0.005214358679950237
0.9984580498866213,130.40907,4.388267552712932e-05
1.0216780045351475,0.0,1.7221573216374964e-06
1.0448979591836736,0.0,1.1756455933209509e-06
1.0681179138321997,0.0,1.4848610589979216e-06
1.0913378684807256,605.1458,0.012244867160916328
1.1145578231292517,564.6226,0.024652786552906036
1.1377777777777778,563.0746,0.02445126324892044
1.1609977324263039,459.375,0.014635199680924416
1.18421768707483,555.03436,0.003071859944611788
1.207437641723356,541.1043,0.0004591814649756998
1.2306575963718822,516.7969,3.8965757994446903e-05
1.253877551020408,0.0,3.968591954617295e-06
1.2770975056689342,0.0,1.7651773305260576e-06
1.3003174603174603,0.0,7.35554494895041e-05
1.3235374149659864,428.67557,0.001389184733852744
1.3467573696145125,432.6357,0.002769024111330509
1.3699773242630386,417.78946,0.0033934633247554302
1.3931972789115648,416.03775,0.00334212020970881
1.4164172335600906,412.14954,0.002654546871781349
1.4396371882086167,414.81482,0.001647635130211711
1.4628571428571429,414.47366,0.0005922887357883155
1.486077097505669,413.4375,0.00018412746430840343
1.509297052154195,112.84545,1.6359550500055775e-05
1.5325170068027212,0.0,2.04346542886924e-06
1.5557369614512473,0.0,1.2023592717014253e-06
1.5789569160997732,0.0,5.532301656785421e-07
1.6021768707482993,0.0,3.3925425668712705e-07
1.6253968253968254,347.24408,0.00012018885172437876
1.6486167800453515,347.54816,0.0004983105463907123
1.6718367346938776,346.69812,0.0006565251387655735
1.6950566893424037,347.06192,0.000657315831631422
1.7182766439909298,362.21765,0.0006460993317887187
1.7414965986394557,360.7362,0.0006173138972371817
1.7647165532879818,358.17258,0.0005470765754580498
1.787936507936508,356.02798,0.0005394502659328282
1.811156462585034,356.02798,0.0004877107567153871
1.8343764172335602,339.0445,0.0004226239980198443
1.8575963718820863,337.5,0.00040212128078565
1.8808163265306124,339.75345,0.0004104624968022108
1.9040362811791383,343.81497,0.00040526792872697115
1.9272562358276644,347.42645,0.00035947898868471384
1.9504761904761905,348.8924,0.0003729548479896039
1.9736961451247166,348.8924,0.0004363047773949802
1.9969160997732427,347.97476,0.0005076995585113764
2.020136054421769,347.60904,0.0005495063960552216
2.043356009070295,331.9355,0.0006010289071127772
2.066575963718821,334.25974,0.0006365901208482683
2.089795918367347,340.9794,0.0005793300806544721
2.1130158730158732,345.6113,0.00041214225348085165
2.1362358276643993,349.0765,0.00041653314838185906
2.159455782312925,348.1579,0.0004649335169233382
2.182675736961451,344.3071,0.0004906877293251455
2.2058956916099772,344.3519,0.000510438927449286
2.2291156462585033,329.8077,0.0004478949122130871
2.2523356009070294,328.40424,0.00046076372382231057
2.2755555555555556,335.61646,0.0005295610171742737
2.2987755102040817,343.99377,0.00036970118526369333
2.3219954648526078,354.12207,0.00041356252040714025
2.345215419501134,365.40652,0.0003806033928412944
2.36843537414966,341.86047,0.00031137498444877565
2.391655328798186,338.53635,0.0002864568086806685
2.414875283446712,339.57904,0.00031047171796672046
2.4380952380952383,333.91022,0.00024778052465990186
2.4613151927437644,338.48682,6.485069752670825e-05
2.48453514739229,240.19608,7.082185766194016e-05
2.507755102040816,254.37862,2.5897848900058307e-05
2.5309750566893423,0.0,2.5973913579946384e-06
2.5541950113378684,0.0,2.1823198039783165e-06
2.5774149659863945,0.0,7.840553735150024e-07
2.6006349206349206,0.0,4.0744998841546476e-07
2.6238548752834467,0.0,1.929538484546356e-07
2.647074829931973,0.0,6.70033841743134e-07
2.670294784580499,0.0,1.403764144924935e-06
2.693514739229025,0.0,8.57390659803059e-07
