0.0,0.0,5.258698365651071e-08
0.023219954648526078,0.0,1.0159783414565027e-07
0.046439909297052155,0.0,1.1778229236369953e-07
0.06965986394557823,0.0,1.1239899322390556e-07
0.09287981859410431,0.0,7.470589480362833e-08
0.11609977324263039,0.0,3.323020791867748e-08
0.13931972789115646,0.0,1.942398739629425e-07
0.16253968253968254,0.0,2.2852873371448368e-07
0.18575963718820862,0.0,2.3786833480698988e-07
0.2089795918367347,7099.8594,0.0001441591011825949
0.23219954648526078,548.9124,0.0005209640366956592
0.25541950113378686,532.55585,0.0007839696481823921
0.2786394557823129,533.4154,0.0006571679841727018
0.301859410430839,576.9694,0.00034768186742439866
0.3250793650793651,241.95015,0.0004300506552681327
0.3482993197278912,244.02505,0.0007143648690544069
0.37151927437641724,254.61508,0.0012056829873472452
0.3947392290249433,588.53796,0.0017725247889757156
0.4179591836734694,571.2731,0.0021844294387847185
0.44117913832199546,564.8678,0.0019439179450273514
0.46439909297052157,567.92303,0.0009549587848596275
0.4876190476190476,264.051,0.0007793931872583926
0.5108390022675737,265.77252,0.001232340233400464
0.5340589569160998,587.8504,0.002240651985630393
0.5572789115646258,619.1452,0.00229376507923007
0.5804988662131519,669.7975,0.0023233527317643166
0.603718820861678,714.6934,0.0024563330225646496
0.626938775510204,703.3325,0.003050359198823571
0.6501587301587302,696.8874,0.004032510332763195
0.6733786848072563,727.26556,0.008856304921209812
0.6965986394557824,768.538,0.010501324199140072
0.7198185941043084,821.5396,0.006109642796218395
0.7430385487528345,873.72,0.007845327258110046
0.7662585034013606,864.43835,0.00814845971763134
0.7894784580498866,866.0313,0.005486195906996727
0.8126984126984127,429.20505,0.004413336981087923
0.8359183673469388,464.28732,0.009541349485516548
0.8591383219954649,514.86334,0.028977544978260994
0.8823582766439909,545.9209,0.04576081782579422
0.905578231292517,566.4278,0.0550830215215683
0.9287981859410431,565.8482,0.07737384736537933
0.9520181405895691,551.049,0.061495810747146606
0.9752380952380952,541.88983,0.06296398490667343
0.9984580498866213,542.556,0.0693892389535904
1.0216780045351475,546.526,0.071352019906044
1.0448979591836736,551.2446,0.06390926241874695
1.0681179138321997,549.8989,0.04015934467315674
1.0913378684807256,538.24445,0.01189437136054039
1.1145578231292517,508.00262,0.0061119371093809605
1.1377777777777778,821.2709,0.007463584654033184
1.1609977324263039,777.64105,0.006309921853244305
1.18421768707483,774.50073,0.006269379053264856
1.207437641723356,792.78107,0.00678046140819788
1.2306575963718822,816.5715,0.006649386137723923
1.253877551020408,809.75256,0.0053068604320287704
1.2770975056689342,759.75946,0.0031816805712878704
1.3003174603174603,698.6092,0.002768532373011112
1.3235374149659864,665.72034,0.002600225619971752
1.3467573696145125,678.31256,0.0024702688679099083
1.3699773242630386,698.2717,0.0022567599080502987
1.3931972789115648,703.98706,0.0020290357060730457
1.4164172335600906,679.8811,0.0017079252284020185
1.4396371882086167,618.74976,0.0010366608621552587
1.4628571428571429,269.51395,0.0006849069031886756
1.486077097505669,253.92542,0.0006464722100645304
1.509297052154195,256.39673,0.0008352957665920258
1.5325170068027212,264.18042,0.0009777405066415668
1.5557369614512473,268.22516,0.0008361186482943594
1.5789569160997732,264.8007,0.0006585738155990839
1.6021768707482993,256.5547,0.0004623914137482643
1.6253968253968254,246.6861,0.0005170067888684571
1.6486167800453515,248.92285,0.0007591108442284167
1.6718367346938776,262.27814,0.0010353134712204337
1.6950566893424037,593.12756,0.0013357327552512288
1.7182766439909298,553.9997,0.0012247771956026554
1.7414965986394557,576.99915,0.0005886236904188991
1.7647165532879818,253.05173,0.0002995819377247244
1.787936507936508,235.96915,0.0002374940668232739
1.811156462585034,234.50597,0.0004301834269426763
1.8343764172335602,253.91777,0.0008586506592109799
1.8575963718820863,542.24567,0.0010190450120717287
1.8808163265306124,585.0487,0.0009537930600345135
1.9040362811791383,545.2184,0.0005294267321005464
1.9272562358276644,253.93736,0.00026261043967679143
1.9504761904761905,237.1221,0.0002168217906728387
1.9736961451247166,237.47014,0.0003961083712056279
1.9969160997732427,255.63141,0.0008022667025215924
2.020136054421769,541.3595,0.0008569707279093564
2.043356009070295,583.31146,0.0007231432246044278
2.066575963718821,557.2429,0.0006542183691635728
2.089795918367347,554.9631,0.00027388351736590266
2.1130158730158732,243.61076,0.00019870966207236052
2.1362358276643993,237.4974,0.0003552646958269179
2.159455782312925,254.35928,0.000620533712208271
2.182675736961451,559.1589,0.0005640952149406075
2.2058956916099772,570.44434,0.0004886279348284006
2.2291156462585033,577.5822,0.0004880996129941195
2.2523356009070294,534.8625,0.0001838955795392394
2.2755555555555556,240.30443,0.000160530922585167
2.2987755102040817,244.16766,0.00033454003278166056
2.3219954648526078,265.559,0.0002755585592240095
2.345215419501134,284.53003,8.842874376568943e-05
2.36843537414966,278.80322,1.928793608385604e-05
2.391655328798186,0.0,1.3059307093499228e-06
2.414875283446712,0.0,1.4796387404203415e-07
2.4380952380952383,0.0,7.335529517149553e-08
2.4613151927437644,0.0,1.64201992447488e-07
2.48453514739229,0.0,1.736725607770495e-07
2.507755102040816,0.0,6.22731022303924e-08
2.5309750566893423,0.0,7.615017239004374e-08
2.5541950113378684,0.0,1.4497800293611363e-07
2.5774149659863945,0.0,4.557296051643789e-08
