0.0,0.0,5.590482032857835e-08
0.023219954648526078,0.0,9.324230632046238e-08
0.046439909297052155,0.0,2.9157945391489193e-07
0.06965986394557823,0.0,2.3118445824366063e-07
0.09287981859410431,0.0,2.3661596060264856e-07
0.11609977324263039,0.0,1.7792899598134682e-07
0.13931972789115646,0.0,8.492679626215249e-08
0.16253968253968254,0.0,6.800655683036894e-08
0.18575963718820862,0.0,8.408096618950367e-08
0.2089795918367347,0.0,5.4945303418207914e-08
0.23219954648526078,0.0,1.0349867807235569e-07
0.25541950113378686,8024.114,0.0002643719199113548
0.2786394557823129,737.5036,0.0009137741290032864
0.301859410430839,713.3195,0.001223033294081688
0.3250793650793651,701.0328,0.0010963398963212967
0.3482993197278912,679.82513,0.0009187686373479664
0.37151927437641724,675.96216,0.0011746607488021255
0.3947392290249433,695.08496,0.0015676503535360098
0.4179591836734694,714.89044,0.001436149817891419
0.44117913832199546,729.97797,0.0010707343462854624
0.46439909297052157,712.1277,0.001070059952326119
0.4876190476190476,716.4755,0.0013149853330105543
0.5108390022675737,757.11786,0.0025911754928529263
0.5340589569160998,814.3812,0.0015114648267626762
0.5572789115646258,450.7694,0.0014029766898602247
0.5804988662131519,469.817,0.0015633596340194345
0.603718820861678,455.33417,0.0024914140813052654
0.626938775510204,438.0501,0.0021863114088773727
0.6501587301587302,453.23273,0.0031634171027690172
0.6733786848072563,486.185,0.012609115801751614
0.6965986394557824,533.41705,0.029812615364789963
0.7198185941043084,554.41675,0.05524100363254547
0.7430385487528345,562.6582,0.06549617648124695
0.7662585034013606,565.03485,0.05915506184101105
0.7894784580498866,576.3391,0.0666923001408577
0.8126984126984127,611.9084,0.09051227569580078
0.8359183673469388,672.49786,0.1284068524837494
0.8591383219954649,728.86865,0.16390815377235413
0.8823582766439909,750.1418,0.20695029199123383
0.905578231292517,730.5178,0.2999427914619446
0.9287981859410431,696.4114,0.36117643117904663
0.9520181405895691,678.1312,0.4000954329967499
0.9752380952380952,690.35046,0.363857626914978
0.9984580498866213,715.8426,0.3625137507915497
1.0216780045351475,729.2773,0.3162006139755249
1.0448979591836736,706.0888,0.1830632984638214
1.0681179138321997,640.77344,0.04028462991118431
1.0913378684807256,544.4378,0.017994947731494904
1.1145578231292517,511.36093,0.021996010094881058
1.1377777777777778,530.15326,0.039236411452293396
1.1609977324263039,554.90826,0.06327039003372192
1.18421768707483,555.6579,0.023188959807157516
1.207437641723356,535.57605,0.004886993672698736
1.2306575963718822,478.42023,0.004345842637121677
1.253877551020408,426.62894,0.0035463706590235233
1.2770975056689342,424.6537,0.0026755230501294136
1.3003174603174603,437.42618,0.002625684253871441
1.3235374149659864,454.34378,0.002203333657234907
1.3467573696145125,449.15726,0.0029799756594002247
1.3699773242630386,817.50586,0.003165444126352668
1.3931972789115648,748.19226,0.0017071664333343506
1.4164172335600906,699.61206,0.0021356907673180103
1.4396371882086167,721.1187,0.002599172294139862
1.4628571428571429,740.9459,0.002736066933721304
1.486077097505669,733.52356,0.0020817131735384464
1.509297052154195,716.49396,0.0014353594742715359
1.5325170068027212,669.0505,0.0010196346556767821
1.5557369614512473,658.84064,0.0009842424187809229
1.5789569160997732,670.40094,0.00144882220774889
1.6021768707482993,716.97156,0.002386058447882533
1.6253968253968254,743.3304,0.0025610709562897682
1.6486167800453515,753.7257,0.0023520218674093485
1.6718367346938776,724.6794,0.0013051050482317805
1.6950566893424037,672.4437,0.0008381459629163146
1.7182766439909298,642.0333,0.0007279596175067127
1.7414965986394557,659.27515,0.0010998720536008477
1.7647165532879818,715.4193,0.001664574258029461
1.787936507936508,755.66315,0.0018018413102254272
1.811156462585034,760.249,0.0016559103969484568
1.8343764172335602,728.6335,0.0009876057738438249
1.8575963718820863,679.36444,0.0005859024240635335
1.8808163265306124,644.22723,0.0006992256385274231
1.9040362811791383,687.3099,0.0010862643830478191
1.9272562358276644,751.64075,0.0007666670717298985
1.9504761904761905,769.8321,4.025025191367604e-05
1.9736961451247166,0.0,6.775298970751464e-07
1.9969160997732427,0.0,2.3141637939261273e-07
2.020136054421769,0.0,1.4040269888937473e-06
2.043356009070295,0.0,3.327485501358751e-06
2.066575963718821,0.0,4.617359991243575e-06
2.089795918367347,0.0,3.494652446534019e-06
2.1130158730158732,0.0,7.368034857790917e-07
2.1362358276643993,0.0,5.643141776090488e-07
2.159455782312925,0.0,1.279158823308535e-07
2.182675736961451,0.0,5.4156771511770785e-08
2.2058956916099772,0.0,4.694265953730792e-08
2.2291156462585033,0.0,2.300330379512161e-07
2.2523356009070294,0.0,9.406903700437397e-08
