0.0,0.0,1.7444290278945118e-07
0.023219954648526078,0.0,2.7569058147491887e-07
0.046439909297052155,0.0,7.54625943955034e-08
0.06965986394557823,0.0,1.0246913006994873e-07
0.09287981859410431,0.0,2.780543582048267e-07
0.11609977324263039,0.0,3.144732545479201e-07
0.13931972789115646,0.0,1.201251507154666e-07
0.16253968253968254,0.0,4.432422429090366e-08
0.18575963718820862,0.0,2.1671530703315511e-07
0.2089795918367347,0.0,1.3301814760779962e-07
0.23219954648526078,0.0,6.311165634542704e-08
0.25541950113378686,0.0,3.025561454705894e-07
0.2786394557823129,23810.139,0.00010281197319272906
0.301859410430839,261.7973,0.0003474768018350005
0.3250793650793651,266.49393,0.0006113651324994862
0.3482993197278912,271.70657,0.0007017679163254797
0.37151927437641724,271.27206,0.0006312101031653583
0.3947392290249433,271.41827,0.0006718758959323168
0.4179591836734694,282.75043,0.0008213241817429662
0.44117913832199546,298.6162,0.0006260133231990039
0.46439909297052157,310.15546,0.0005976846441626549
0.4876190476190476,338.17,0.0007016390445642173
0.5108390022675737,335.9886,0.0006249789730645716
0.5340589569160998,332.30124,0.000506464100908488
0.5572789115646258,341.4308,0.000678551266901195
0.5804988662131519,360.19287,0.0008322324138134718
0.603718820861678,372.12018,0.0011793109588325024
0.626938775510204,346.82605,0.0012338875094428658
0.6501587301587302,384.3448,0.001289984560571611
0.6733786848072563,423.55725,0.0012967780930921435
0.6965986394557824,340.7635,0.0013108396669849753
0.7198185941043084,398.4723,0.0014687763759866357
0.7430385487528345,3213.9248,0.0017316248267889023
0.7662585034013606,3187.994,0.0017377386102452874
0.7894784580498866,3119.0486,0.0018887734040617943
0.8126984126984127,3072.642,0.0019862488843500614
0.8359183673469388,3145.2122,0.0020191026851534843
0.8591383219954649,3243.24,0.002914427313953638
0.8823582766439909,3188.3384,0.004344857297837734
0.905578231292517,3037.7092,0.005083027295768261
0.9287981859410431,3300.029,0.004271950572729111
0.9520181405895691,3229.6626,0.0037335490342229605
0.9752380952380952,468.64456,0.004045362118631601
0.9984580498866213,3135.2815,0.004800858907401562
1.0216780045351475,3045.1963,0.005367234814912081
1.0448979591836736,546.2233,0.004303845576941967
1.0681179138321997,561.0828,0.005206370260566473
1.0913378684807256,549.6052,0.0048065693117678165
1.1145578231292517,536.5777,0.004689736291766167
1.1377777777777778,540.82684,0.0036242862697690725
1.1609977324263039,580.20294,0.0040543824434280396
1.18421768707483,612.6688,0.010925469920039177
1.207437641723356,617.15845,0.011608019471168518
1.2306575963718822,627.9642,0.006894243881106377
1.253877551020408,2987.959,0.004716429393738508
1.2770975056689342,590.70325,0.007210739888250828
1.3003174603174603,527.86554,0.03404028341174126
1.3235374149659864,552.24994,0.05177232623100281
1.3467573696145125,562.03845,0.058810483664274216
1.3699773242630386,554.9515,0.03247341513633728
1.3931972789115648,542.0381,0.023821258917450905
1.4164172335600906,539.43884,0.031474217772483826
1.4396371882086167,562.161,0.026764031499624252
1.4628571428571429,602.30176,0.012012177146971226
1.486077097505669,641.31555,0.009127365425229073
1.509297052154195,649.3652,0.016184724867343903
1.5325170068027212,631.83777,0.032203108072280884
1.5557369614512473,614.8096,0.030191458761692047
1.5789569160997732,605.36957,0.030419886112213135
1.6021768707482993,604.9747,0.030536755919456482
1.6253968253968254,734.4049,0.032800137996673584
1.6486167800453515,709.77203,0.0447089783847332
1.6718367346938776,554.1202,0.016052594408392906
1.6950566893424037,528.24664,0.015139882452785969
1.7182766439909298,527.13104,0.016628846526145935
1.7414965986394557,530.46765,0.014234328642487526
1.7647165532879818,528.1002,0.008872372098267078
1.787936507936508,520.6377,0.002982413861900568
1.811156462585034,615.21967,0.004817727021872997
1.8343764172335602,596.86584,0.006032446399331093
1.8575963718820863,589.5507,0.005157409235835075
1.8808163265306124,591.13086,0.004521089140325785
1.9040362811791383,581.59546,0.004119507968425751
1.9272562358276644,567.2151,0.005303053185343742
1.9504761904761905,457.97418,0.006677910685539246
1.9736961451247166,444.31433,0.0063219452276825905
1.9969160997732427,446.22598,0.006672214716672897
2.020136054421769,447.6017,0.006391375791281462
2.043356009070295,444.32535,0.00401669554412365
2.066575963718821,431.85623,0.0028542603831738234
2.089795918367347,466.67557,0.003322606673464179
2.1130158730158732,446.5214,0.0027142190374433994
2.1362358276643993,450.4045,0.0026351814158260822
2.159455782312925,454.08737,0.0022479554172605276
2.182675736961451,396.17792,0.001841334393247962
2.2058956916099772,420.4383,0.0016068206168711185
2.2291156462585033,404.1678,0.002254360355436802
2.2523356009070294,390.4567,0.0019474714063107967
2.2755555555555556,397.94025,0.0017616070108488202
2.2987755102040817,401.61304,0.0016307614278048277
2.3219954648526078,397.07303,0.0015087753999978304
2.345215419501134,342.7851,0.0018683503149077296
2.36843537414966,370.45334,0.0016679787077009678
2.391655328798186,419.13678,0.0015692332526668906
2.414875283446712,419.77866,0.0013780721928924322
2.4380952380952383,420.24432,0.0010036217281594872
2.4613151927437644,409.12625,0.0008754277369007468
2.48453514739229,343.19675,0.0010817336151376367
2.507755102040816,325.29974,0.0014440083177760243
2.5309750566893423,319.2798,0.0016205576248466969
2.5541950113378684,319.10678,0.0015981944743543863
2.5774149659863945,295.99948,0.0014840877847746015
2.6006349206349206,293.66052,0.0014413903700187802
2.6238548752834467,285.62418,0.0009647345868870616
2.647074829931973,270.5741,0.0006535131251439452
2.670294784580499,256.35208,0.0006674896576441824
2.693514739229025,252.18477,0.0008195229456759989
2.716734693877551,258.44534,0.0007857263553887606
2.7399546485260773,283.39673,0.0009421202121302485
2.7631746031746034,266.84314,0.0007861440535634756
2.7863945578231295,284.14972,0.0006269058212637901
2.809614512471655,277.43414,0.0005406910204328597
2.8328344671201813,277.0741,0.00044751132372766733
2.8560544217687074,275.16327,0.0004308454808779061
2.8792743764172335,280.93182,0.0004841945192310959
2.9024943310657596,289.32346,0.0007917670300230384
2.9257142857142857,276.2286,0.0007929721032269299
2.948934240362812,274.4491,0.000559588021133095
2.972154195011338,263.85626,0.00039874837966635823
2.995374149659864,267.54028,0.000508591765537858
3.01859410430839,260.11984,0.0006645913235843182
3.0418140589569163,251.73114,0.0005468025337904692
3.0650340136054424,285.49185,0.0006098466692492366
3.0882539682539685,281.7311,0.0005126906326040626
3.1114739229024946,282.99753,0.0003637355985119939
3.1346938775510207,265.33896,0.00027310976292937994
3.1579138321995464,249.40306,0.000323823478538543
3.1811337868480725,249.47293,0.00020365422824397683
3.2043537414965986,263.6979,0.00015548632654827088
3.2275736961451247,283.35886,3.855225077131763e-05
3.250793650793651,0.0,9.6317489806097e-07
3.274013605442177,0.0,3.4845561458496377e-07
3.297233560090703,0.0,2.971901267301291e-07
3.320453514739229,0.0,2.2882613848196343e-07
3.3436734693877552,0.0,9.841005521593615e-08
3.3668934240362813,0.0,1.5346631698776037e-07
3.3901133786848074,0.0,1.6094600141514093e-07
3.4133333333333336,0.0,1.255875758943148e-07
3.4365532879818597,0.0,9.898667485686019e-08
3.4597732426303858,0.0,2.092574504786171e-07
3.4829931972789114,0.0,1.938306013471447e-07
3.5062131519274375,0.0,2.989145286846906e-07
3.5294331065759637,0.0,1.40550582727883e-07
3.5526530612244898,0.0,1.0121402738150209e-07
3.575873015873016,0.0,8.274673746200278e-08
3.599092970521542,0.0,8.033202902879566e-08
