0.0,0.0,7.580729288747534e-08
0.023219954648526078,0.0,1.320213414146565e-07
0.046439909297052155,0.0,9.86041413852945e-07
0.06965986394557823,0.0,4.6040349843678996e-07
0.09287981859410431,0.0,1.0131680028280243e-07
0.11609977324263039,0.0,1.0892654245253652e-07
0.13931972789115646,0.0,1.1503470886964351e-07
0.16253968253968254,0.0,3.224913598387502e-07
0.18575963718820862,0.0,1.5509613149333745e-07
0.2089795918367347,0.0,2.9490183806046844e-07
0.23219954648526078,0.0,1.0015992302214727e-07
0.25541950113378686,0.0,4.6155946620274335e-08
0.2786394557823129,0.0,1.9206709112040699e-07
0.301859410430839,0.0,3.896902853739448e-07
0.3250793650793651,0.0,3.3061951398849487e-07
0.3482993197278912,0.0,8.524129953002557e-07
0.37151927437641724,2687.5244,5.496416270034388e-05
0.3947392290249433,335.29718,0.0003850331122521311
0.4179591836734694,341.41223,0.000892916286829859
0.44117913832199546,796.53674,0.0015514439437538385
0.46439909297052157,804.40765,0.0018645587842911482
0.4876190476190476,800.253,0.001014356967061758
0.5108390022675737,758.3373,0.0005329212872311473
0.5340589569160998,361.00613,0.0006172135472297668
0.5572789115646258,387.9197,0.0012892703525722027
0.5804988662131519,404.48093,0.0016966921975836158
0.603718820861678,811.5337,0.001017116941511631
0.626938775510204,393.52298,0.0007071589934639633
0.6501587301587302,389.86877,0.0009040702134370804
0.6733786848072563,402.0551,0.0013720098650082946
0.6965986394557824,417.39728,0.0013294348027557135
0.7198185941043084,499.6157,0.0017089876346290112
0.7430385487528345,3110.6326,0.0019747097976505756
0.7662585034013606,3104.5364,0.0017134209629148245
0.7894784580498866,501.29477,0.0013345774495974183
0.8126984126984127,437.288,0.0027034294325858355
0.8359183673469388,458.83896,0.00583709217607975
0.8591383219954649,2605.225,0.00979384034872055
0.8823582766439909,2556.683,0.010496598668396473
0.905578231292517,2544.8018,0.006673880852758884
0.9287981859410431,2583.3071,0.006387705914676189
0.9520181405895691,575.7153,0.005577455274760723
0.9752380952380952,586.5648,0.005353202112019062
0.9984580498866213,504.5267,0.009898051619529724
1.0216780045351475,657.4888,0.024582892656326294
1.0448979591836736,548.3936,0.030445070937275887
1.0681179138321997,666.5578,0.028618954122066498
1.0913378684807256,550.9968,0.021214013919234276
1.1145578231292517,549.668,0.027425294741988182
1.1377777777777778,565.5931,0.03224559500813484
1.1609977324263039,596.8922,0.03910372033715248
1.18421768707483,788.3165,0.0500086173415184
1.207437641723356,785.05444,0.03847190737724304
1.2306575963718822,776.9365,0.02724115177989006
1.253877551020408,775.38007,0.022083932533860207
1.2770975056689342,614.1411,0.027730248868465424
1.3003174603174603,644.1744,0.030573833733797073
1.3235374149659864,668.6611,0.03717852383852005
1.3467573696145125,667.5491,0.030132725834846497
1.3699773242630386,653.94214,0.02050892822444439
1.3931972789115648,643.08264,0.02120043709874153
1.4164172335600906,660.9827,0.03827355057001114
1.4396371882086167,691.0279,0.05665212124586105
1.4628571428571429,709.3187,0.0653565376996994
1.486077097505669,710.52966,0.0787871703505516
1.509297052154195,698.49164,0.06488284468650818
1.5325170068027212,691.11615,0.0599915087223053
1.5557369614512473,701.00494,0.04025685042142868
1.5789569160997732,714.94586,0.02159096859395504
1.6021768707482993,757.33044,0.045237474143505096
1.6253968253968254,799.94824,0.10611040890216827
1.6486167800453515,817.923,0.1284186989068985
1.6718367346938776,817.1701,0.1354396492242813
1.6950566893424037,808.1594,0.1315954029560089
1.7182766439909298,797.0375,0.12665517628192902
1.7414965986394557,793.3292,0.16629421710968018
1.7647165532879818,799.05066,0.20050756633281708
1.787936507936508,796.96674,0.1627800166606903
1.811156462585034,772.9925,0.2287139594554901
1.8343764172335602,1087.8035,0.21737585961818695
1.8575963718820863,1047.6666,0.1860271543264389
1.8808163265306124,710.6567,0.1772400587797165
1.9040362811791383,707.2516,0.15462496876716614
1.9272562358276644,697.9646,0.10066883265972137
1.9504761904761905,687.4809,0.07071039080619812
1.9736961451247166,668.845,0.05632729083299637
1.9969160997732427,656.5514,0.04414742812514305
2.020136054421769,656.58057,0.04709760844707489
2.043356009070295,658.97644,0.04551517963409424
2.066575963718821,660.68524,0.0412115603685379
2.089795918367347,655.8582,0.038904737681150436
2.1130158730158732,641.6059,0.05546164512634277
2.1362358276643993,618.2688,0.049097612500190735
2.159455782312925,591.23334,0.054350245743989944
2.182675736961451,583.6495,0.05728008598089218
2.2058956916099772,584.12836,0.05604313313961029
2.2291156462585033,581.87964,0.054522737860679626
2.2523356009070294,581.335,0.052095964550971985
2.2755555555555556,584.3052,0.05226126313209534
2.2987755102040817,585.98517,0.05190791189670563
2.3219954648526078,571.8021,0.031070439144968987
2.345215419501134,540.10583,0.011068223975598812
2.36843537414966,520.51465,0.0076943663880229
2.391655328798186,520.6727,0.009001007303595543
2.414875283446712,524.3556,0.010637774132192135
2.4380952380952383,525.3677,0.007889009080827236
2.4613151927437644,516.3347,0.008042733184993267
2.48453514739229,497.96774,0.00890417117625475
2.507755102040816,480.45486,0.005188408307731152
2.5309750566893423,472.85455,0.006185285747051239
2.5541950113378684,470.89313,0.006115555763244629
2.5774149659863945,467.1166,0.006168067455291748
2.6006349206349206,465.93546,0.005744490772485733
2.6238548752834467,465.78137,0.00559995137155056
2.647074829931973,463.38995,0.007160475477576256
2.670294784580499,452.2111,0.008450772613286972
2.693514739229025,440.277,0.004332801327109337
2.716734693877551,430.02316,0.003369576297700405
2.7399546485260773,429.96057,0.0035986839793622494
2.7631746031746034,431.95184,0.0035387780517339706
2.7863945578231295,432.6612,0.003074517473578453
2.809614512471655,427.59735,0.002966813277453184
2.8328344671201813,414.50406,0.0038806262891739607
2.8560544217687074,449.70944,0.003750847652554512
2.8792743764172335,447.94162,0.0032563807908445597
2.9024943310657596,447.5254,0.0033574828412383795
2.9257142857142857,450.0169,0.00340467831119895
2.948934240362812,450.60312,0.003344965633004904
2.972154195011338,450.01346,0.003372813342139125
2.995374149659864,449.53085,0.0034065775107592344
3.01859410430839,447.69415,0.002932711038738489
3.0418140589569163,434.72717,0.002537290332838893
3.0650340136054424,2778.17,0.003149584401398897
3.0882539682539685,396.70197,0.0027626436203718185
3.1114739229024946,399.8472,0.0026090829633176327
3.1346938775510207,408.33188,0.00209084153175354
3.1579138321995464,407.6479,0.0018599964678287506
3.1811337868480725,398.63068,0.0017469750018790364
3.2043537414965986,388.1811,0.0013600492384284735
3.2275736961451247,376.96756,0.0012623178772628307
3.250793650793651,2705.2798,0.001632985076867044
3.274013605442177,2570.0127,0.0020465501584112644
3.297233560090703,2659.9385,0.0015799016691744328
3.320453514739229,413.2646,0.0015551591059193015
3.3436734693877552,410.09622,0.0017169715138152242
3.3668934240362813,2609.1277,0.001508411136455834
3.3901133786848074,2558.1804,0.0013480610214173794
3.4133333333333336,2499.8157,0.001579266507178545
3.4365532879818597,2494.144,0.002060112077742815
3.4597732426303858,2538.2295,0.0015609478577971458
3.4829931972789114,2641.6057,0.001165540306828916
3.5062131519274375,2713.4321,0.0013532584998756647
3.5294331065759637,2657.5703,0.0013485285453498363
3.5526530612244898,2593.6672,0.0013499273918569088
3.575873015873016,2513.7607,0.0012079976731911302
3.599092970521542,2544.9233,0.0014885109849274158
3.622312925170068,2537.1626,0.0012835883535444736
3.645532879818594,2612.9084,0.000758045120164752
3.6687528344671203,2728.5764,0.0002363320963922888
3.6919727891156464,0.0,5.175872502150014e-06
3.7151927437641725,0.0,1.8959990484290756e-06
3.7384126984126986,0.0,6.123000275692903e-07
3.7616326530612247,0.0,9.545847206027247e-07
3.784852607709751,0.0,2.2376025299308822e-07
3.8080725623582765,0.0,2.2629956220043823e-07
3.8312925170068026,0.0,5.93179720453918e-07
3.8545124716553287,0.0,4.519388312473893e-07
3.877732426303855,0.0,1.9095296011073515e-07
3.900952380952381,0.0,1.0332951205782592e-07
3.924172335600907,0.0,2.7083751774625853e-07
3.947392290249433,0.0,2.939150363090448e-07
3.9706122448979593,0.0,5.655210770783015e-07
