0.0,0.0,1.5536170394625515e-07
0.023219954648526078,0.0,4.914818418910727e-07
0.046439909297052155,0.0,8.933293429436162e-07
0.06965986394557823,0.0,7.962607924127951e-07
0.09287981859410431,0.0,2.1756295609520748e-07
0.11609977324263039,0.0,1.5185833035502583e-07
0.13931972789115646,0.0,4.8320544010493904e-08
0.16253968253968254,0.0,1.1607517080847174e-07
0.18575963718820862,0.0,2.2648146114079282e-07
0.2089795918367347,0.0,1.5661862562410533e-07
0.23219954648526078,0.0,8.559254638385028e-08
0.25541950113378686,0.0,1.0145868145627901e-07
0.2786394557823129,0.0,8.079041435848922e-08
0.301859410430839,0.0,1.2091823009541258e-07
0.3250793650793651,0.0,2.201559254899621e-07
0.3482993197278912,11804.073,4.0302242268808186e-05
0.37151927437641724,351.9847,0.0005663447082042694
0.3947392290249433,348.1683,0.0010275254026055336
0.4179591836734694,349.49384,0.0013789881486445665
0.44117913832199546,389.78857,0.001456516794860363
0.46439909297052157,385.43396,0.0012147827073931694
0.4876190476190476,343.58405,0.0008430503075942397
0.5108390022675737,341.19943,0.0007171942852437496
0.5340589569160998,359.39648,0.0011104508303105831
0.5572789115646258,390.2761,0.0023580407723784447
0.5804988662131519,401.02863,0.002476315712556243
0.603718820861678,401.89633,0.001967852469533682
0.626938775510204,393.91125,0.0016272442881017923
0.6501587301587302,392.05133,0.0024083193857222795
0.6733786848072563,403.41605,0.003909288439899683
0.6965986394557824,478.5452,0.004862497095018625
0.7198185941043084,498.26523,0.0058324458077549934
0.7430385487528345,2918.3672,0.003841366618871689
0.7662585034013606,491.46112,0.0032946844585239887
0.7894784580498866,484.79218,0.0032213120721280575
0.8126984126984127,502.01117,0.008793272078037262
0.8359183673469388,525.0839,0.009525001049041748
0.8591383219954649,540.89465,0.009106036275625229
0.8823582766439909,540.418,0.009117186069488525
0.905578231292517,531.54803,0.010414027608931065
0.9287981859410431,525.27026,0.009397735819220543
0.9520181405895691,466.05887,0.006356582045555115
0.9752380952380952,576.74713,0.00571770966053009
0.9984580498866213,601.1597,0.0031296182423830032
1.0216780045351475,2812.407,0.0026635911781340837
1.0448979591836736,631.5858,0.0035974038764834404
1.0681179138321997,599.9303,0.003035834524780512
1.0913378684807256,629.47034,0.015699058771133423
1.1145578231292517,546.46454,0.047095783054828644
1.1377777777777778,571.2614,0.06872589886188507
1.1609977324263039,580.6869,0.07172995805740356
1.18421768707483,576.2398,0.09203465282917023
1.207437641723356,567.7885,0.09498420357704163
1.2306575963718822,567.8515,0.10708968341350555
1.253877551020408,730.795,0.07036053389310837
1.2770975056689342,750.03156,0.09494540095329285
1.3003174603174603,629.19415,0.08013714104890823
1.3235374149659864,646.3996,0.075320765376091
1.3467573696145125,646.5273,0.09358666837215424
1.3699773242630386,642.6608,0.09566076844930649
1.3931972789115648,651.3976,0.10558648407459259
1.4164172335600906,674.0533,0.16112178564071655
1.4396371882086167,692.1464,0.20610368251800537
1.4628571428571429,700.8549,0.22650618851184845
1.486077097505669,698.14636,0.19569259881973267
1.509297052154195,690.7241,0.17017075419425964
1.5325170068027212,703.0881,0.11361340433359146
1.5557369614512473,738.57214,0.12171250581741333
1.5789569160997732,775.79065,0.13038919866085052
1.6021768707482993,797.8213,0.15258823335170746
1.6253968253968254,798.0755,0.15887826681137085
1.6486167800453515,783.0101,0.20260089635849
1.6718367346938776,776.9418,0.25333771109580994
1.6950566893424037,777.1152,0.25765061378479004
1.7182766439909298,779.65985,0.2976330518722534
1.7414965986394557,763.7342,0.30219566822052
1.7647165532879818,731.00116,0.26971253752708435
1.787936507936508,690.6652,0.17756116390228271
1.811156462585034,679.87555,0.17810998857021332
1.8343764172335602,685.91785,0.16699104011058807
1.8575963718820863,684.97424,0.12379076331853867
1.8808163265306124,675.5823,0.11066670715808868
1.9040362811791383,660.8369,0.08261546492576599
1.9272562358276644,646.4793,0.08495025336742401
1.9504761904761905,643.55365,0.07714427262544632
1.9736961451247166,642.8194,0.07441722601652145
1.9969160997732427,636.3422,0.07964207231998444
2.020136054421769,629.9446,0.06767585128545761
2.043356009070295,614.6437,0.05094296485185623
2.066575963718821,592.71106,0.05050307512283325
2.089795918367347,578.0709,0.06343573331832886
2.1130158730158732,579.20026,0.05923809856176376
2.1362358276643993,581.41815,0.05611875280737877
2.159455782312925,580.9489,0.05450763553380966
2.182675736961451,575.23224,0.04496140778064728
2.2058956916099772,562.0798,0.015801098197698593
2.2291156462585033,539.538,0.005097239278256893
2.2523356009070294,522.91455,0.0022506623063236475
2.2755555555555556,519.3457,0.0017956373048946261
2.2987755102040817,644.4758,0.0014875195920467377
2.3219954648526078,514.68335,0.002729738363996148
2.345215419501134,588.381,0.006905354559421539
2.36843537414966,488.2259,0.006575439125299454
2.391655328798186,474.54303,0.006372402887791395
2.414875283446712,468.98264,0.005194467958062887
2.4380952380952383,466.28833,0.00512099452316761
2.4613151927437644,464.9152,0.004943666979670525
2.48453514739229,463.50284,0.004827389493584633
2.507755102040816,460.82455,0.005526334512978792
2.5309750566893423,453.51733,0.005680487956851721
2.5541950113378684,442.70572,0.0026846204418689013
2.5774149659863945,430.24225,0.0023123708087950945
2.6006349206349206,425.55325,0.0022480138577520847
2.6238548752834467,425.16763,0.0021167974919080734
2.647074829931973,426.43216,0.0019630463793873787
2.670294784580499,425.20135,0.0022557098418474197
2.693514739229025,416.7501,0.0032874378375709057
2.716734693877551,462.33743,0.00265021831728518
2.7399546485260773,459.34134,0.0022605499252676964
2.7631746031746034,454.57892,0.002199057722464204
2.7863945578231295,450.40314,0.0020492628682404757
2.809614512471655,391.24518,0.0018901641014963388
2.8328344671201813,390.12454,0.0017609173664823174
2.8560544217687074,386.8919,0.0015903232851997018
2.8792743764172335,382.61533,0.0014091095654293895
2.9024943310657596,375.24426,0.0016303263837471604
2.9257142857142857,358.49905,0.002017868682742119
2.948934240362812,344.11978,0.0017937177326530218
2.972154195011338,340.44165,0.0018783764680847526
2.995374149659864,346.58508,0.00136445346288383
3.01859410430839,350.12665,0.0011357725597918034
3.0418140589569163,348.37112,0.0012312792241573334
3.0650340136054424,345.00037,0.0012663418892771006
3.0882539682539685,383.87967,0.0013578528305515647
3.1114739229024946,390.9665,0.0015180363552644849
3.1346938775510207,401.8374,0.0014991362113505602
3.1579138321995464,2663.4934,0.001537984935566783
3.1811337868480725,420.32565,0.0012551627587527037
3.2043537414965986,504.05508,0.0017796024912968278
3.2275736961451247,2617.9907,0.00156298594083637
3.250793650793651,2546.8928,0.0011515149381011724
3.274013605442177,435.45636,0.0009930551750585437
3.297233560090703,438.2166,0.001157964812591672
3.320453514739229,394.41113,0.0013422842603176832
3.3436734693877552,408.51675,0.0009938303846865892
3.3668934240362813,2622.0825,0.000915894634090364
3.3901133786848074,418.63828,0.0007948394049890339
3.4133333333333336,405.33054,0.0007228092290461063
3.4365532879818597,437.70135,0.0006566130323335528
3.4597732426303858,426.59955,0.0005520271952264011
3.4829931972789114,2660.8315,0.0006752860499545932
3.5062131519274375,398.63943,0.0005420550005510449
3.5294331065759637,2644.546,0.0002740148629527539
3.5526530612244898,363.02194,2.2062678908696398e-05
3.575873015873016,0.0,2.658189259818755e-06
3.599092970521542,0.0,4.715720933745615e-07
3.622312925170068,0.0,3.0458340916084126e-07
3.645532879818594,0.0,1.5004115994088352e-07
3.6687528344671203,0.0,1.2425607565091923e-07
3.6919727891156464,0.0,9.484210750088096e-08
3.7151927437641725,0.0,2.8892736736452207e-07
3.7384126984126986,0.0,2.8194062906550243e-07
3.7616326530612247,0.0,7.175458449637517e-08
3.784852607709751,0.0,4.804314812645316e-08
3.8080725623582765,0.0,8.866118150763214e-08
3.8312925170068026,0.0,8.423830877291039e-08
3.8545124716553287,0.0,1.1239535524509847e-07
3.877732426303855,0.0,1.274956957786344e-07
3.900952380952381,0.0,1.018115654005669e-07
3.924172335600907,0.0,2.1544656192418188e-07
3.947392290249433,0.0,1.9818253349512815e-07
3.9706122448979593,0.0,2.5361623556818813e-07
3.9938321995464854,0.0,2.1831056074006483e-07
4.017052154195011,0.0,1.447906470275484e-07
4.040272108843538,0.0,6.502614269265905e-08
4.063492063492063,0.0,2.2041513147996739e-07
4.08671201814059,0.0,4.343919499660842e-07
4.1099319727891155,0.0,2.611359377624467e-07
4.133151927437642,0.0,7.718972483417019e-08
4.156371882086168,0.0,3.021159500349313e-08
4.179591836734694,0.0,3.8835423765704036e-07
4.20281179138322,0.0,6.140990080893971e-07
4.2260317460317465,0.0,3.7490917748073116e-07
4.249251700680272,0.0,2.706701707211323e-07
4.272471655328799,0.0,2.051256160484627e-07
4.295691609977324,0.0,3.0128194339340553e-07
4.31891156462585,0.0,6.29764144832734e-07
4.342131519274377,0.0,1.7774254956748337e-08
