0.0,0.0,1.3534827303374186e-07
0.023219954648526078,0.0,7.381731847999617e-08
0.046439909297052155,0.0,3.8164216675795615e-08
0.06965986394557823,0.0,3.9692167774774134e-08
0.09287981859410431,0.0,8.758888725424185e-08
0.11609977324263039,0.0,9.326231520390138e-08
0.13931972789115646,0.0,7.316884875763208e-08
0.16253968253968254,0.0,1.0632011253619567e-06
0.18575963718820862,337.00223,0.0002133548550773412
0.2089795918367347,342.93704,0.0006133433198556304
0.23219954648526078,351.55988,0.0008890688186511397
0.25541950113378686,354.46704,0.0009465187322348356
0.2786394557823129,352.77945,0.0010269891936331987
0.301859410430839,352.8875,0.0012202428188174963
0.3250793650793651,357.04782,0.0014729220420122147
0.3482993197278912,429.30972,0.0016074908198788762
0.37151927437641724,430.58844,0.0017009961884468794
0.3947392290249433,414.13632,0.0012380891712382436
0.4179591836734694,352.66516,0.002899116137996316
0.44117913832199546,469.62494,0.008729459717869759
0.46439909297052157,430.79382,0.014031603932380676
0.4876190476190476,447.72482,0.021001063287258148
0.5108390022675737,449.68173,0.020736806094646454
0.5340589569160998,446.58902,0.022200388833880424
0.5572789115646258,445.04935,0.02933383733034134
0.5804988662131519,567.9691,0.04275619983673096
0.603718820861678,594.80347,0.04248196259140968
0.626938775510204,1951.4547,0.029311180114746094
0.6501587301587302,608.9891,0.023845763877034187
0.6733786848072563,505.23883,0.05469955503940582
0.6965986394557824,537.0515,0.07132810354232788
0.7198185941043084,545.2828,0.08151137828826904
0.7430385487528345,539.67426,0.07510029524564743
0.7662585034013606,532.9154,0.0777134895324707
0.7894784580498866,531.57434,0.08432440459728241
0.8126984126984127,537.992,0.09907782077789307
0.8359183673469388,545.36273,0.07886259257793427
0.8591383219954649,546.4162,0.051313020288944244
0.8823582766439909,568.095,0.05000512674450874
0.905578231292517,631.7368,0.04580281302332878
0.9287981859410431,693.46,0.05809859558939934
0.9520181405895691,721.2554,0.07215787470340729
0.9752380952380952,721.5931,0.07721998542547226
0.9984580498866213,710.2033,0.08107800781726837
1.0216780045351475,712.898,0.08502966165542603
1.0448979591836736,725.751,0.0736505389213562
1.0681179138321997,732.2921,0.07479508221149445
1.0913378684807256,716.143,0.06304358690977097
1.1145578231292517,644.3152,0.019647814333438873
1.1377777777777778,539.92993,0.01949290931224823
1.1609977324263039,517.99536,0.02608703263103962
1.18421768707483,530.7629,0.030411744490265846
1.207437641723356,545.3962,0.04235035181045532
1.2306575963718822,551.06177,0.03828177601099014
1.253877551020408,544.0499,0.030282998457551003
1.2770975056689342,535.9612,0.033658504486083984
1.3003174603174603,537.2261,0.04464256763458252
1.3235374149659864,544.6556,0.04147269204258919
1.3467573696145125,538.05634,0.013341424986720085
1.3699773242630386,619.53644,0.006784218363463879
1.3931972789115648,447.85776,0.007339049130678177
1.4164172335600906,441.99298,0.01075354777276516
1.4396371882086167,563.1234,0.012161637656390667
1.4628571428571429,577.28125,0.011653412133455276
1.486077097505669,574.21655,0.011194792576134205
1.509297052154195,568.85956,0.01341196894645691
1.5325170068027212,582.93524,0.016603907570242882
1.5557369614512473,596.75354,0.013446161523461342
1.5789569160997732,592.2035,0.006069210357964039
1.6021768707482993,439.3302,0.0014486172003671527
1.6253968253968254,393.0581,0.0009029333014041185
1.6486167800453515,336.3,0.0011289608664810658
1.6718367346938776,392.7133,0.0012782653793692589
1.6950566893424037,355.64117,0.0013312575174495578
1.7182766439909298,431.36322,0.0013340712757781148
1.7414965986394557,431.83188,0.0013535497710108757
1.7647165532879818,357.71457,0.0010095663601532578
1.787936507936508,397.9416,0.0011159018613398075
1.811156462585034,397.2738,0.0010007729288190603
1.8343764172335602,395.58612,0.0010381806641817093
1.8575963718820863,396.93756,0.0010401916224509478
1.8808163265306124,398.0742,0.0011283400235697627
1.9040362811791383,362.17972,0.000983508536592126
1.9272562358276644,459.5458,0.0009717703796923161
1.9504761904761905,467.64474,0.0008468586602248251
1.9736961451247166,454.98285,0.0009579649195075035
1.9969160997732427,349.855,0.0008742657955735922
2.020136054421769,389.93155,0.0007735271938145161
2.043356009070295,1977.9231,0.0006521650357171893
2.066575963718821,2017.7126,0.0007844067295081913
2.089795918367347,397.364,0.0009770578471943736
2.1130158730158732,358.54468,0.000796021253336221
2.1362358276643993,439.3459,0.0007591262110508978
2.159455782312925,441.5024,0.0008173711830750108
2.182675736961451,359.14023,0.0007198686944320798
2.2058956916099772,394.39603,0.0006432986701838672
2.2291156462585033,1990.207,0.0006056654383428395
2.2523356009070294,1976.6534,0.0006233500898815691
2.2755555555555556,1996.1737,0.0006178068579174578
2.2987755102040817,391.15952,0.0006190260173752904
2.3219954648526078,435.37323,0.00015472657105419785
2.345215419501134,0.0,9.129231330007315e-06
2.36843537414966,0.0,1.7310921975877136e-06
2.391655328798186,0.0,3.684917828650214e-07
2.414875283446712,0.0,4.475259629543871e-08
2.4380952380952383,0.0,5.836955097038299e-08
2.4613151927437644,0.0,3.838249540422112e-08
2.48453514739229,0.0,7.411927072098479e-08
2.507755102040816,0.0,3.990135155618191e-08
2.5309750566893423,0.0,6.95263224770315e-08
2.5541950113378684,0.0,5.844685802003369e-08
2.5774149659863945,0.0,4.170306056039408e-08
2.6006349206349206,0.0,4.016874299850315e-08
2.6238548752834467,0.0,4.812136467080563e-08
2.647074829931973,0.0,6.018399290041998e-08
2.670294784580499,0.0,9.571522241458297e-08
2.693514739229025,0.0,3.942477633245289e-08
2.716734693877551,0.0,3.499462764011696e-08
