0.0,0.0,5.949368642177433e-08
0.023219954648526078,0.0,4.567573341773823e-08
0.046439909297052155,0.0,1.961689122254029e-08
0.06965986394557823,0.0,8.332244760822505e-08
0.09287981859410431,0.0,7.18882802175358e-08
0.11609977324263039,0.0,1.1822794476756826e-07
0.13931972789115646,0.0,9.041468729265034e-08
0.16253968253968254,0.0,1.0713483789004385e-07
0.18575963718820862,0.0,7.63509888201952e-07
0.2089795918367347,23793.117,0.00014354789163917303
0.23219954648526078,245.42085,0.00035023177042603493
0.25541950113378686,249.79189,0.0004156074137426913
0.2786394557823129,250.48453,0.00039166625356301665
0.301859410430839,249.45497,0.00037887899088673294
0.3250793650793651,252.32709,0.000372457318007946
0.3482993197278912,258.48547,0.0004810917307622731
0.37151927437641724,280.7335,0.0007431471021845937
0.3947392290249433,283.30206,0.0008161622099578381
0.4179591836734694,283.6498,0.0007446031086146832
0.44117913832199546,261.29266,0.0006655191536992788
0.46439909297052157,274.93985,0.0005923265707679093
0.4876190476190476,309.6498,0.0008658524020574987
0.5108390022675737,373.5756,0.0012020121794193983
0.5340589569160998,384.12018,0.00138285499997437
0.5572789115646258,2220.008,0.001366573153063655
0.5804988662131519,2142.0215,0.0016350141959264874
0.603718820861678,383.16965,0.0021445155143737793
0.626938775510204,369.7963,0.0028984590899199247
0.6501587301587302,401.33105,0.0024858794640749693
0.6733786848072563,368.7362,0.0032838634215295315
0.6965986394557824,351.53226,0.004996526520699263
0.7198185941043084,434.22894,0.005218638572841883
0.7430385487528345,447.81317,0.005696824751794338
0.7662585034013606,451.06638,0.007083349395543337
0.7894784580498866,389.60535,0.006945714354515076
0.8126984126984127,389.47928,0.007500647567212582
0.8359183673469388,391.57312,0.009003587067127228
0.8591383219954649,394.78616,0.010948127135634422
0.8823582766439909,397.9614,0.011990642175078392
0.905578231292517,400.5981,0.009954772889614105
0.9287981859410431,403.79178,0.010896103456616402
0.9520181405895691,436.0911,0.015783697366714478
0.9752380952380952,629.2086,0.038262173533439636
0.9984580498866213,532.8019,0.040042273700237274
1.0216780045351475,542.41327,0.04221034422516823
1.0448979591836736,525.747,0.04744444787502289
1.0681179138321997,658.0344,0.050726987421512604
1.0913378684807256,660.62604,0.054959192872047424
1.1145578231292517,664.6513,0.055314138531684875
1.1377777777777778,663.1188,0.061017103493213654
1.1609977324263039,678.06775,0.030079225078225136
1.18421768707483,494.97748,0.018284611403942108
1.207437641723356,529.6734,0.011710967868566513
1.2306575963718822,409.81522,0.011851589195430279
1.253877551020408,458.68912,0.014408466406166553
1.2770975056689342,485.36038,0.015447215177118778
1.3003174603174603,497.39734,0.013297883793711662
1.3235374149659864,486.48083,0.011414553970098495
1.3467573696145125,468.74893,0.010935144498944283
1.3699773242630386,458.34494,0.009163028560578823
1.3931972789115648,456.9971,0.005538103636354208
1.4164172335600906,455.6157,0.0026335055008530617
1.4396371882086167,348.33386,0.0020327200181782246
1.4628571428571429,334.01855,0.0015969097148627043
1.486077097505669,368.62128,0.002250590594485402
1.509297052154195,367.6011,0.0021743811666965485
1.5325170068027212,368.16785,0.0019810087978839874
1.5557369614512473,390.71317,0.0017059347592294216
1.5789569160997732,387.90475,0.0014921457041054964
1.6021768707482993,386.0339,0.0014784893719479442
1.6253968253968254,387.66238,0.0014315450098365545
1.6486167800453515,2280.3623,0.0006321837427094579
1.6718367346938776,2390.681,0.0004736809933092445
1.6950566893424037,280.1357,0.0004524391843006015
1.7182766439909298,255.53291,0.00041027460247278214
1.7414965986394557,263.89517,0.0006045339978300035
1.7647165532879818,274.6332,0.0005245599895715714
1.787936507936508,307.9417,0.0005173420067876577
1.811156462585034,354.8467,0.0004961778759025037
1.8343764172335602,286.44357,0.0004076447803527117
1.8575963718820863,313.73062,0.0002814019680954516
1.8808163265306124,311.51785,0.0003380337147973478
1.9040362811791383,309.9272,0.000329115689964965
1.9272562358276644,257.11926,0.00035891676088795066
1.9504761904761905,270.40353,0.0005220561288297176
1.9736961451247166,356.4549,0.0003648612182587385
1.9969160997732427,362.8112,0.0003727304865606129
2.020136054421769,308.36972,0.000385537336114794
2.043356009070295,256.07162,0.0002901226980611682
2.066575963718821,306.4389,0.0002943793951999396
2.089795918367347,266.06406,0.00038369669346138835
2.1130158730158732,271.038,0.00027140360907651484
2.1362358276643993,263.42676,0.0004581044486258179
2.159455782312925,309.81622,0.00034712356864474714
2.182675736961451,361.3315,0.00027491385117173195
2.2058956916099772,363.30157,0.0003622133517637849
2.2291156462585033,310.3143,0.0003827788750641048
2.2523356009070294,259.13086,0.000288928160443902
2.2755555555555556,266.72372,0.0002350721915718168
2.2987755102040817,265.28568,0.0003275698400102556
2.3219954648526078,255.26324,0.00025785708567127585
2.345215419501134,268.11133,0.0004084371030330658
2.36843537414966,352.86606,0.00019031003466807306
2.391655328798186,317.49112,9.578799654264003e-05
2.414875283446712,0.0,7.369249033217784e-06
2.4380952380952383,0.0,1.0646472219377756e-06
2.4613151927437644,0.0,6.170421329443343e-07
2.48453514739229,0.0,1.290918589802459e-07
2.507755102040816,0.0,5.720812623621896e-08
2.5309750566893423,0.0,5.861147656105459e-08
2.5541950113378684,0.0,3.9338374335784465e-08
2.5774149659863945,0.0,5.5620148486923426e-08
2.6006349206349206,0.0,1.274456735700369e-07
2.6238548752834467,0.0,1.6596186469541863e-07
2.647074829931973,0.0,1.3935368770034984e-07
2.670294784580499,0.0,6.82630343362689e-08
2.693514739229025,0.0,6.439404387492687e-08
2.716734693877551,0.0,6.754544301657006e-08
2.7399546485260773,0.0,5.119818524690345e-08
2.7631746031746034,0.0,9.566974767949432e-08
2.7863945578231295,0.0,8.603910828242078e-08
