0.0,0.0,1.2883356248494238e-07
0.023219954648526078,0.0,4.102275852346793e-08
0.046439909297052155,0.0,1.841181074269116e-08
0.06965986394557823,0.0,3.5573975765146315e-08
0.09287981859410431,0.0,4.613957571564242e-08
0.11609977324263039,0.0,6.705795385641977e-08
0.13931972789115646,0.0,1.0441481208545156e-06
0.16253968253968254,254.32327,0.0001990377058973536
0.18575963718820862,262.14056,0.00043714843923226
0.2089795918367347,268.97964,0.00048812999739311635
0.23219954648526078,273.5785,0.0006091607501730323
0.25541950113378686,269.35776,0.0007344604819081724
0.2786394557823129,531.424,0.0008571235230192542
0.301859410430839,527.4373,0.0009191605495288968
0.3250793650793651,523.3783,0.0008822698146104813
0.3482993197278912,529.54034,0.0006872834055684507
0.37151927437641724,272.29474,0.0005849185981787741
0.3947392290249433,278.79822,0.00041406555101275444
0.4179591836734694,302.71246,0.0007972821476869285
0.44117913832199546,2097.8948,0.0010883776703849435
0.46439909297052157,407.27194,0.0014103477587923408
0.4876190476190476,409.48932,0.0018327446887269616
0.5108390022675737,410.08875,0.002271226141601801
0.5340589569160998,2148.2537,0.002460055286064744
0.5572789115646258,2205.446,0.0026521412655711174
0.5804988662131519,411.9828,0.002892912132665515
0.603718820861678,411.46204,0.002499682130292058
0.626938775510204,407.48087,0.002853460842743516
0.6501587301587302,382.43542,0.0063127176836133
0.6733786848072563,493.3509,0.008979733102023602
0.6965986394557824,493.76614,0.009743155911564827
0.7198185941043084,498.02017,0.010381152853369713
0.7430385487528345,415.1524,0.012219070456922054
0.7662585034013606,417.26602,0.015502451919019222
0.7894784580498866,427.3785,0.015507498756051064
0.8126984126984127,431.5412,0.010548356920480728
0.8359183673469388,427.09976,0.007866629399359226
0.8591383219954649,430.62878,0.0107595669105649
0.8823582766439909,600.76385,0.016380401328206062
0.905578231292517,507.32553,0.03530079871416092
0.9287981859410431,538.11206,0.03802855312824249
0.9520181405895691,534.4937,0.03490351140499115
0.9752380952380952,514.86615,0.034323759377002716
0.9984580498866213,508.35767,0.0396423414349556
1.0216780045351475,515.1417,0.05266472324728966
1.0448979591836736,527.07477,0.048789944499731064
1.0681179138321997,533.2955,0.03484397754073143
1.0913378684807256,520.27985,0.02049652300775051
1.1145578231292517,641.44385,0.008659714832901955
1.1377777777777778,430.42627,0.006872282363474369
1.1609977324263039,408.90186,0.008111784234642982
1.18421768707483,494.2444,0.007364730350673199
1.207437641723356,493.5768,0.007503957953304052
1.2306575963718822,493.59195,0.007298308424651623
1.253877551020408,492.81354,0.006970351096242666
1.2770975056689342,493.75604,0.006808110978454351
1.3003174603174603,495.10632,0.006947132293134928
1.3235374149659864,502.1199,0.008173190988600254
1.3467573696145125,509.0484,0.007027487736195326
1.3699773242630386,2090.6384,0.0021821176633238792
1.3931972789115648,406.16684,0.0018720945809036493
1.4164172335600906,2053.268,0.002115153707563877
1.4396371882086167,2018.9677,0.0018059967551380396
1.4628571428571429,1993.2397,0.0015903559979051352
1.486077097505669,1967.4904,0.0017466426361352205
1.509297052154195,1968.0231,0.0020432849414646626
1.5325170068027212,1978.3512,0.00169237214140594
1.5557369614512473,2010.1543,0.0016056601889431477
1.5789569160997732,2053.993,0.001564917154610157
1.6021768707482993,2075.818,0.0015550004318356514
1.6253968253968254,2016.7677,0.0006226659752428532
1.6486167800453515,359.39148,0.00063599698478356
1.6718367346938776,269.8043,0.0005548540502786636
1.6950566893424037,248.41745,0.0004749588551931083
1.7182766439909298,255.0385,0.0004370743699837476
1.7414965986394557,262.3628,0.0005037089576944709
1.7647165532879818,264.98257,0.0005499710096046329
1.787936507936508,261.14136,0.0005221993196755648
1.811156462585034,513.63574,0.00042040820699185133
1.8343764172335602,501.8642,0.00041770056122913957
1.8575963718820863,501.38766,0.00046656839549541473
1.8808163265306124,498.65195,0.0004300694272387773
1.9040362811791383,497.41586,0.00038140907417982817
1.9272562358276644,253.635,0.00029318040469661355
1.9504761904761905,523.10114,0.00031927897362038493
1.9736961451247166,272.38235,0.0003379864210728556
1.9969160997732427,308.93948,0.0003856182156596333
2.020136054421769,266.674,0.00046774582006037235
2.043356009070295,254.34984,0.000392317830119282
2.066575963718821,498.58688,0.0004201047122478485
2.089795918367347,245.66835,0.0004660505219362676
2.1130158730158732,247.48672,0.00040743988938629627
2.1362358276643993,254.51135,0.0003023836179636419
2.159455782312925,263.59586,0.00030767382122576237
2.182675736961451,270.5276,0.00028457786538638175
2.2058956916099772,274.12534,0.00029998464742675424
2.2291156462585033,271.73444,0.0003381022543180734
2.2523356009070294,261.80405,0.0004609669267665595
2.2755555555555556,252.30984,0.00034345051972195506
2.2987755102040817,246.09294,0.0004103601968381554
2.3219954648526078,244.71367,0.0004750512889586389
2.345215419501134,247.30605,0.0004548670840449631
2.36843537414966,255.66081,0.0003035235858988017
2.391655328798186,264.8794,0.0003143414214719087
2.414875283446712,268.1685,0.0002956408425234258
2.4380952380952383,270.61975,0.00032838989864103496
2.4613151927437644,264.90015,0.0003898628638125956
2.48453514739229,253.46352,0.0002651115646585822
2.507755102040816,245.00507,0.0003538578748703003
2.5309750566893423,245.02155,0.0003734797646757215
2.5541950113378684,253.95981,0.00022103716037236154
2.5774149659863945,266.63898,0.0001701187575235963
2.6006349206349206,272.87274,5.259419049252756e-05
2.6238548752834467,0.0,2.082153514493257e-06
2.647074829931973,0.0,1.3412864063866436e-06
2.670294784580499,0.0,1.4078705135034397e-07
2.693514739229025,0.0,1.014759618556127e-07
2.716734693877551,0.0,4.307094059186056e-08
2.7399546485260773,0.0,2.622346073621884e-08
2.7631746031746034,0.0,3.305649443063885e-08
2.7863945578231295,0.0,2.2522726794704795e-08
2.809614512471655,0.0,7.737799023743719e-08
2.8328344671201813,0.0,5.656238499796018e-08
2.8560544217687074,0.0,6.801201379857957e-08
2.8792743764172335,0.0,5.066067387815565e-08
2.9024943310657596,0.0,4.048160917591304e-09
