0.0,0.0,1.5281875676009804e-07
0.023219954648526078,0.0,1.0933945304714143e-07
0.046439909297052155,0.0,8.898950909497216e-08
0.06965986394557823,0.0,1.5949353837640956e-07
0.09287981859410431,0.0,1.4244506019167602e-07
0.11609977324263039,0.0,5.4880729294382036e-08
0.13931972789115646,0.0,2.0170773495920002e-08
0.16253968253968254,0.0,1.451735442969948e-08
0.18575963718820862,0.0,2.1802406990900636e-08
0.2089795918367347,0.0,1.3125372788636014e-07
0.23219954648526078,23256.945,0.00016241651610471308
0.25541950113378686,342.37967,0.0007561701931990683
0.2786394557823129,352.99118,0.0008784538367763162
0.301859410430839,355.5539,0.0008349290583282709
0.3250793650793651,352.57318,0.0008712109411135316
0.3482993197278912,354.9784,0.0008895734208635986
0.37151927437641724,357.34103,0.0008949912153184414
0.3947392290249433,355.35016,0.0009339426760561764
0.4179591836734694,366.88724,0.0022158375941216946
0.44117913832199546,388.17374,0.004377164412289858
0.46439909297052157,409.7324,0.0057425713166594505
0.4876190476190476,415.70166,0.005193544086068869
0.5108390022675737,412.11636,0.005047463811933994
0.5340589569160998,403.4509,0.004894016310572624
0.5572789115646258,400.6248,0.006480958312749863
0.5804988662131519,415.84283,0.005801771301776171
0.603718820861678,447.7852,0.008004206232726574
0.626938775510204,470.24933,0.006009043660014868
0.6501587301587302,473.08737,0.007187239360064268
0.6733786848072563,462.68875,0.00917520746588707
0.6965986394557824,446.33783,0.009352477267384529
0.7198185941043084,443.6089,0.011070439592003822
0.7430385487528345,463.6834,0.0074537405744194984
0.7662585034013606,491.5962,0.017537763342261314
0.7894784580498866,516.7131,0.0217702928930521
0.8126984126984127,517.82025,0.022228369489312172
0.8359183673469388,506.91846,0.013485549949109554
0.8591383219954649,489.2338,0.008643227629363537
0.8823582766439909,478.791,0.008972316980361938
0.905578231292517,487.94406,0.021100593730807304
0.9287981859410431,519.24384,0.026627207174897194
0.9520181405895691,553.59735,0.03730273246765137
0.9752380952380952,568.6387,0.0401337668299675
0.9984580498866213,559.9202,0.03910848870873451
1.0216780045351475,538.50604,0.03434225171804428
1.0448979591836736,524.9456,0.03216418996453285
1.0681179138321997,526.7132,0.02743847668170929
1.0913378684807256,550.09796,0.04586935043334961
1.1145578231292517,591.10376,0.054514192044734955
1.1377777777777778,621.74304,0.06481541693210602
1.1609977324263039,630.6254,0.08593742549419403
1.18421768707483,614.7908,0.08665160089731216
1.207437641723356,594.94495,0.08405285328626633
1.2306575963718822,593.6542,0.0786680206656456
1.253877551020408,614.3274,0.060721155256032944
1.2770975056689342,652.01514,0.05998664349317551
1.3003174603174603,692.2961,0.07104986160993576
1.3235374149659864,710.74036,0.09830363094806671
1.3467573696145125,694.23737,0.11006951332092285
1.3699773242630386,662.52216,0.0981447845697403
1.3931972789115648,656.02185,0.08414454758167267
1.4164172335600906,681.1679,0.07071655988693237
1.4396371882086167,719.9984,0.04495575278997421
1.4628571428571429,760.23584,0.05512547492980957
1.486077097505669,772.6957,0.0744338184595108
1.509297052154195,746.96497,0.11052559316158295
1.5325170068027212,715.4,0.10454212129116058
1.5557369614512473,709.57465,0.0877189189195633
1.5789569160997732,733.18805,0.09904041886329651
1.6021768707482993,1553.1278,0.04813317209482193
1.6253968253968254,823.8944,0.03656747192144394
1.6486167800453515,856.8271,0.05124792456626892
1.6718367346938776,847.55096,0.08601510524749756
1.6950566893424037,1644.4557,0.12939289212226868
1.7182766439909298,1551.4159,0.0882209837436676
1.7414965986394557,724.3367,0.09070748835802078
1.7647165532879818,713.5416,0.08282902836799622
1.787936507936508,725.5477,0.08691580593585968
1.811156462585034,1513.0311,0.05360724404454231
1.8343764172335602,1534.7311,0.06373517960309982
1.8575963718820863,1517.2919,0.06995655596256256
1.8808163265306124,708.84454,0.0493689700961113
1.9040362811791383,664.23474,0.05193305015563965
1.9272562358276644,665.3288,0.0437256395816803
1.9504761904761905,689.93854,0.05003601312637329
1.9736961451247166,709.5046,0.05141527205705643
1.9969160997732427,706.38983,0.03877376765012741
2.020136054421769,663.50854,0.042096734046936035
2.043356009070295,611.5302,0.040979623794555664
2.066575963718821,593.0428,0.0390552282333374
2.089795918367347,599.93054,0.028898028656840324
2.1130158730158732,623.6966,0.02575359307229519
2.1362358276643993,639.11346,0.0259904433041811
2.159455782312925,619.6647,0.020426977425813675
2.182675736961451,580.79987,0.011679774150252342
2.2058956916099772,520.4185,0.014060399495065212
2.2291156462585033,519.43365,0.011243943125009537
2.2523356009070294,533.67834,0.0106341652572155
2.2755555555555556,556.5403,0.011890865862369537
2.2987755102040817,562.0332,0.009612005203962326
2.3219954648526078,538.8539,0.006481566466391087
2.345215419501134,498.957,0.0035996881779283285
2.36843537414966,472.50775,0.0037399339489638805
2.391655328798186,478.45547,0.0035199569538235664
2.414875283446712,565.26855,0.005319721065461636
2.4380952380952383,504.20834,0.005587056279182434
2.4613151927437644,498.80414,0.0022986552212387323
2.48453514739229,471.81567,0.004551268182694912
2.507755102040816,441.69327,0.004146050661802292
2.5309750566893423,435.24588,0.004469228442758322
2.5541950113378684,448.2409,0.0037183044478297234
2.5774149659863945,467.25958,0.0022585722617805004
2.6006349206349206,469.82147,0.003296574344858527
2.6238548752834467,452.67825,0.003250329289585352
2.647074829931973,434.02438,0.002682129153981805
2.670294784580499,405.34418,0.0027784218546003103
2.693514739229025,403.96808,0.00288554304279387
2.716734693877551,409.90283,0.002548428950831294
2.7399546485260773,414.664,0.002016965067014098
2.7631746031746034,414.37143,0.0020282231271266937
2.7863945578231295,405.12396,0.0014400824438780546
2.809614512471655,388.91953,0.0006956685101613402
2.8328344671201813,366.6835,0.0007242680294439197
2.8560544217687074,341.291,0.0009708222351036966
2.8792743764172335,357.28244,0.0006822358700446784
2.9024943310657596,376.4678,0.0006726747378706932
2.9257142857142857,384.57394,0.0006640711799263954
2.948934240362812,376.3954,0.0006676689954474568
2.972154195011338,363.12213,0.000710848078597337
2.995374149659864,342.36792,0.000769559177570045
3.01859410430839,334.1077,0.0006126898224465549
3.0418140589569163,337.82138,0.0007480628555640578
3.0650340136054424,350.8609,0.0005520993145182729
3.0882539682539685,368.59344,0.0004539408255368471
3.1114739229024946,376.1362,0.00033007332240231335
3.1346938775510207,373.88318,0.00033112725941464305
3.1579138321995464,362.0331,0.0004263955634087324
3.1811337868480725,343.07117,0.00046437501441687346
3.2043537414965986,334.89935,0.0004045222594868392
3.2275736961451247,347.63654,0.00029735115822404623
3.250793650793651,372.04144,0.00017729782848618925
3.274013605442177,0.0,6.970606591494288e-06
3.297233560090703,0.0,7.401122275041416e-07
3.320453514739229,0.0,1.0955591278616339e-07
3.3436734693877552,0.0,4.0769918996375054e-08
3.3668934240362813,0.0,5.369292921386659e-08
3.3901133786848074,0.0,6.394020601874217e-08
3.4133333333333336,0.0,2.817432687152177e-08
3.4365532879818597,0.0,2.9098373488523066e-08
3.4597732426303858,0.0,1.3957105693407357e-08
3.4829931972789114,0.0,2.9262082534842193e-08
3.5062131519274375,0.0,3.311470209155232e-08
3.5294331065759637,0.0,3.1023773772176355e-08
3.5526530612244898,0.0,2.063006832031533e-08
3.575873015873016,0.0,2.654360287124291e-08
3.599092970521542,0.0,1.9404978957027197e-08
3.622312925170068,0.0,1.6792000678833574e-08
3.645532879818594,0.0,3.1674062483944e-08
3.6687528344671203,0.0,6.096161087043583e-08
3.6919727891156464,0.0,4.515732143772766e-08
