0.0,0.0,2.114211383741349e-07
0.023219954648526078,0.0,2.3318716557696462e-07
0.046439909297052155,0.0,2.508759280317463e-07
0.06965986394557823,0.0,1.3048338587395847e-07
0.09287981859410431,0.0,6.923164619365707e-08
0.11609977324263039,0.0,1.6351532394764945e-07
0.13931972789115646,0.0,3.819786797976121e-08
0.16253968253968254,0.0,1.2567215890157968e-07
0.18575963718820862,0.0,8.606184564996511e-08
0.2089795918367347,0.0,9.05638444237411e-08
0.23219954648526078,0.0,8.688584784977138e-08
0.25541950113378686,0.0,6.570280675077811e-08
0.2786394557823129,0.0,5.912688720854931e-07
0.301859410430839,277.2664,0.0004230847698636353
0.3250793650793651,271.53485,0.0012352642370387912
0.3482993197278912,276.25394,0.0014507831074297428
0.37151927437641724,297.14844,0.001449519651941955
0.3947392290249433,292.28546,0.0014740775804966688
0.4179591836734694,289.41568,0.0015422763535752892
0.44117913832199546,270.3051,0.0015839695697650313
0.46439909297052157,297.2803,0.0015648506814613938
0.4876190476190476,275.76712,0.0018388184253126383
0.5108390022675737,334.67508,0.001753595657646656
0.5340589569160998,358.1896,0.0019459121394902468
0.5572789115646258,366.97263,0.002319621155038476
0.5804988662131519,2118.933,0.002339660655707121
0.603718820861678,2041.2677,0.00176795176230371
0.626938775510204,353.9221,0.0022513254079967737
0.6501587301587302,361.2273,0.004848661366850138
0.6733786848072563,401.00626,0.007637300528585911
0.6965986394557824,411.77066,0.009808473289012909
0.7198185941043084,418.84998,0.009413760155439377
0.7430385487528345,409.522,0.006476649083197117
0.7662585034013606,398.4864,0.0049898819997906685
0.7894784580498866,400.4429,0.008060725405812263
0.8126984126984127,412.4635,0.005900468677282333
0.8359183673469388,408.31476,0.006050990894436836
0.8591383219954649,428.3928,0.0068396106362342834
0.8823582766439909,435.02078,0.00624575512483716
0.905578231292517,456.88626,0.007306563667953014
0.9287981859410431,443.1323,0.008298330940306187
0.9520181405895691,441.51675,0.0077914884313941
0.9752380952380952,405.92145,0.009385921992361546
0.9984580498866213,395.20792,0.018300192430615425
1.0216780045351475,508.51776,0.014774172566831112
1.0448979591836736,517.83167,0.017448242753744125
1.0681179138321997,529.3049,0.02246515452861786
1.0913378684807256,2150.8628,0.028948593884706497
1.1145578231292517,501.17407,0.027942026033997536
1.1377777777777778,502.7827,0.018789347261190414
1.1609977324263039,425.53976,0.016935303807258606
1.18421768707483,454.45502,0.017784349620342255
1.207437641723356,468.01233,0.019308287650346756
1.2306575963718822,462.85687,0.032856181263923645
1.253877551020408,450.05283,0.035687558352947235
1.2770975056689342,440.7773,0.03500796854496002
1.3003174603174603,446.96957,0.04093524068593979
1.3235374149659864,610.00037,0.04706292599439621
1.3467573696145125,643.0756,0.059501200914382935
1.3699773242630386,535.75214,0.047377102077007294
1.3931972789115648,531.27405,0.06199076026678085
1.4164172335600906,514.22516,0.0706285685300827
1.4396371882086167,504.82886,0.07367643713951111
1.4628571428571429,510.38547,0.08262231945991516
1.486077097505669,528.1649,0.06625595688819885
1.509297052154195,551.2796,0.08675018697977066
1.5325170068027212,561.88446,0.09227670729160309
1.5557369614512473,553.5116,0.10751073062419891
1.5789569160997732,536.83984,0.12303116917610168
1.6021768707482993,526.7377,0.12980526685714722
1.6253968253968254,532.90686,0.11923319846391678
1.6486167800453515,549.7599,0.14143860340118408
1.6718367346938776,582.2817,0.18207859992980957
1.6950566893424037,612.96924,0.16224893927574158
1.7182766439909298,627.19696,0.19142070412635803
1.7414965986394557,617.3607,0.20900139212608337
1.7647165532879818,597.1763,0.17848025262355804
1.787936507936508,576.1468,0.10000359266996384
1.811156462585034,542.42395,0.06649230420589447
1.8343764172335602,529.3407,0.06990597397089005
1.8575963718820863,537.47,0.07860706746578217
1.8808163265306124,553.54333,0.10978331416845322
1.9040362811791383,566.2959,0.098695769906044
1.9272562358276644,554.14594,0.07274514436721802
1.9504761904761905,654.813,0.05748626962304115
1.9736961451247166,2028.0302,0.04691462218761444
1.9969160997732427,2014.2074,0.06547527015209198
2.020136054421769,658.29596,0.06907980144023895
2.043356009070295,524.2799,0.0641731545329094
2.066575963718821,522.3507,0.05868413299322128
2.089795918367347,656.22003,0.023413430899381638
2.1130158730158732,534.989,0.02883002534508705
2.1362358276643993,440.32352,0.02523992955684662
2.159455782312925,446.4687,0.024904683232307434
2.182675736961451,459.07468,0.014077810570597649
2.2058956916099772,531.1411,0.011688508093357086
2.2291156462585033,528.1619,0.016220470890402794
2.2523356009070294,438.60263,0.012719884514808655
2.2755555555555556,496.00443,0.01063502300530672
2.2987755102040817,475.7401,0.013931062072515488
2.3219954648526078,494.35367,0.01458536833524704
2.345215419501134,500.56543,0.013682098127901554
2.36843537414966,503.30328,0.011383257806301117
2.391655328798186,483.46857,0.004282122943550348
2.414875283446712,411.47238,0.00508105056360364
2.4380952380952383,411.67975,0.004970927257090807
2.4613151927437644,356.11255,0.0037768534384667873
2.48453514739229,401.49872,0.00296513712964952
2.507755102040816,408.85568,0.003925753757357597
2.5309750566893423,408.39453,0.004375489428639412
2.5541950113378684,414.3383,0.0046214694157242775
2.5774149659863945,400.73993,0.0030706385150551796
2.6006349206349206,394.20767,0.004510390106588602
2.6238548752834467,2052.7021,0.005014833994209766
2.647074829931973,2120.4426,0.003918638452887535
2.670294784580499,408.4117,0.002606151392683387
2.693514739229025,379.44736,0.0014091404154896736
2.716734693877551,346.29257,0.0013779019936919212
2.7399546485260773,338.49808,0.0016350513324141502
2.7631746031746034,2077.0208,0.0009224594687111676
2.7863945578231295,361.32837,0.0007482260698452592
2.809614512471655,364.8235,0.000770371756516397
2.8328344671201813,361.88998,0.0009811039781197906
2.8560544217687074,2160.7903,0.0011113050859421492
2.8792743764172335,2141.2593,0.001103593036532402
2.9024943310657596,335.33755,0.0009542038314975798
2.9257142857142857,273.40637,0.0011451528407633305
2.948934240362812,268.38647,0.0013687561731785536
2.972154195011338,275.73947,0.0009979433380067348
2.995374149659864,321.18948,0.000852082041092217
3.01859410430839,317.6171,0.0008606207557022572
3.0418140589569163,312.93896,0.0009859551209956408
3.0650340136054424,304.9496,0.0009310474852100015
3.0882539682539685,299.5169,0.0008312982972711325
3.1114739229024946,264.23404,0.0008994467789307237
3.1346938775510207,291.99902,0.000632624258287251
3.1579138321995464,273.85928,0.0003562895581126213
3.1811337868480725,255.99323,1.8908525817096233e-05
3.2043537414965986,232.85138,1.0679714250727557e-05
3.2275736961451247,0.0,7.364733392023481e-07
3.250793650793651,0.0,4.5913657231722027e-07
3.274013605442177,0.0,7.030303095234558e-08
3.297233560090703,0.0,6.957088771741837e-08
3.320453514739229,0.0,6.756454240530729e-08
3.3436734693877552,0.0,5.601214070338756e-08
3.3668934240362813,0.0,6.272784958127886e-08
3.3901133786848074,0.0,7.846119842724875e-08
3.4133333333333336,0.0,1.6842750483192503e-07
3.4365532879818597,0.0,1.3052522263024002e-07
3.4597732426303858,0.0,7.515154720749706e-08
3.4829931972789114,0.0,1.8693572201300412e-07
3.5062131519274375,0.0,2.263577698613517e-07
3.5294331065759637,0.0,1.1223346518818289e-07
3.5526530612244898,0.0,2.0125571609241888e-07
3.575873015873016,0.0,5.2295945351943374e-08
