0.0,0.0,1.0588973964331672e-07
0.023219954648526078,0.0,8.764982339926064e-08
0.046439909297052155,0.0,8.574261300964281e-08
0.06965986394557823,0.0,5.9110789152327925e-08
0.09287981859410431,0.0,1.0797612048918381e-07
0.11609977324263039,0.0,2.0359129848657176e-07
0.13931972789115646,0.0,1.4156012184685096e-07
0.16253968253968254,0.0,1.4106353773968294e-07
0.18575963718820862,0.0,1.360394890070893e-07
0.2089795918367347,0.0,1.7046568245859817e-07
0.23219954648526078,0.0,8.389542927034199e-08
0.25541950113378686,0.0,8.805636753095314e-08
0.2786394557823129,0.0,1.2687632988672704e-07
0.301859410430839,0.0,1.6937883628997952e-07
0.3250793650793651,0.0,1.1722386261681095e-07
0.3482993197278912,0.0,1.1161682778038085e-07
0.37151927437641724,0.0,1.4514262147713453e-07
0.3947392290249433,0.0,7.979269867064431e-08
0.4179591836734694,0.0,1.2645887181861326e-07
0.44117913832199546,0.0,1.3529370335163549e-07
0.46439909297052157,0.0,1.3250246411189437e-07
0.4876190476190476,0.0,4.051344149047509e-08
0.5108390022675737,0.0,3.8074176700320095e-08
0.5340589569160998,0.0,7.284415914909914e-08
0.5572789115646258,0.0,1.0629264579620212e-07
0.5804988662131519,0.0,7.832932169549167e-08
0.603718820861678,0.0,8.730239642318338e-08
0.626938775510204,22813.863,0.0002451305044814944
0.6501587301587302,356.0578,0.0029830634593963623
0.6733786848072563,339.89276,0.004325278103351593
0.6965986394557824,343.35086,0.0014538123505190015
0.7198185941043084,629.70966,6.791360647184774e-05
0.7430385487528345,0.0,1.126628376368899e-06
0.7662585034013606,0.0,4.256717147654854e-07
0.7894784580498866,0.0,2.4554628907935694e-07
0.8126984126984127,23620.148,1.5255093785526697e-05
0.8359183673469388,461.6815,0.0021654239390045404
0.8591383219954649,1153.9995,0.0019489865517243743
0.8823582766439909,1199.4517,0.0005154982791282237
0.905578231292517,440.83282,6.257815402932465e-05
0.9287981859410431,0.0,5.295887604006566e-07
0.9520181405895691,0.0,1.6304602468153462e-07
0.9752380952380952,0.0,2.634506017784588e-07
0.9984580498866213,22732.893,0.00020516212680377066
1.0216780045351475,545.7075,0.0019878370221704245
1.0448979591836736,1015.7106,0.0021311575546860695
1.0681179138321997,989.50494,0.0006109346286393702
1.0913378684807256,487.64072,1.5383888239739463e-05
1.1145578231292517,0.0,3.65273081115447e-07
1.1377777777777778,0.0,8.457209332846105e-08
1.1609977324263039,0.0,1.8783157429425046e-07
1.18421768707483,0.0,1.8520040612202138e-07
1.207437641723356,1547.4199,0.0017076873918995261
1.2306575963718822,686.0928,0.0037073572166264057
1.253877551020408,682.2472,0.003909953869879246
1.2770975056689342,693.0429,0.003667318494990468
1.3003174603174603,1401.6732,0.0001698541600489989
1.3235374149659864,0.0,4.0768190956441686e-07
1.3467573696145125,0.0,6.562204362126067e-07
1.3699773242630386,0.0,3.814766387222335e-07
1.3931972789115648,0.0,1.0690127965062857e-06
1.4164172335600906,88200.0,0.0025910441763699055
1.4396371882086167,528.01874,0.003973041661083698
1.4628571428571429,523.1088,0.0020285078790038824
1.486077097505669,516.1222,0.0005031111068092287
1.509297052154195,0.0,4.006484232377261e-06
1.5325170068027212,0.0,4.0731993067311123e-07
1.5557369614512473,0.0,1.3025874068262056e-07
1.5789569160997732,0.0,7.44848875910975e-08
1.6021768707482993,23850.2,0.0004901038482785225
1.6253968253968254,372.65765,0.004160161130130291
1.6486167800453515,995.6612,0.006932360585778952
1.6718367346938776,1111.2584,0.0063222311437129974
1.6950566893424037,1156.4009,0.0021997736766934395
1.7182766439909298,1189.1266,8.872341277310625e-05
1.7414965986394557,0.0,4.6904824557714164e-07
1.7647165532879818,0.0,1.278722265851684e-07
1.787936507936508,0.0,2.535362000344321e-07
1.811156462585034,0.0,2.9279817681526765e-07
1.8343764172335602,0.0,3.212280716979876e-07
1.8575963718820863,0.0,3.0271166906459257e-07
1.8808163265306124,1282.4044,0.00046468040090985596
1.9040362811791383,334.13358,0.0018566837534308434
1.9272562358276644,668.8297,0.0023968422319740057
1.9504761904761905,1005.2883,0.0019350735237821937
1.9736961451247166,337.1721,0.0020956695079803467
1.9969160997732427,651.4626,0.0017210777150467038
2.020136054421769,631.52356,0.0021763858385384083
2.043356009070295,649.24194,0.002695462666451931
2.066575963718821,667.4726,0.0031458763405680656
2.089795918367347,1030.0857,0.006725004408508539
2.1130158730158732,1048.3254,0.0061418297700583935
2.1362358276643993,1043.1891,0.003352480474859476
2.159455782312925,1011.0312,0.0025580243673175573
2.182675736961451,652.699,0.002019037026911974
2.2058956916099772,623.6021,0.0019900582265108824
2.2291156462585033,636.51154,0.002345861867070198
2.2523356009070294,670.2067,0.0026156562380492687
2.2755555555555556,1063.6334,0.0036597601138055325
2.2987755102040817,1049.8331,0.0022750261705368757
2.3219954648526078,1042.6963,0.000997793162241578
2.345215419501134,323.50903,0.0007832673727534711
2.36843537414966,625.36285,0.0006394069641828537
2.391655328798186,633.55975,0.0003369522746652365
2.414875283446712,331.53357,0.00023994900402612984
2.4380952380952383,362.1792,4.1510800656396896e-05
2.4613151927437644,0.0,9.402929208590649e-07
2.48453514739229,0.0,2.1048890630481765e-07
2.507755102040816,0.0,1.0253188520437106e-07
2.5309750566893423,0.0,5.1659299060702324e-08
2.5541950113378684,0.0,1.5549539966741577e-07
2.5774149659863945,0.0,1.298139977734536e-07
2.6006349206349206,0.0,6.438222044380382e-08
2.6238548752834467,0.0,1.6070407582446933e-07
2.647074829931973,0.0,5.707534000976011e-08
2.670294784580499,0.0,3.47345121554099e-08
2.693514739229025,0.0,1.221778802573681e-07
2.716734693877551,0.0,8.081042324192822e-08
2.7399546485260773,0.0,5.813944881083444e-08
2.7631746031746034,0.0,6.645677785854787e-08
2.7863945578231295,0.0,3.072636900469661e-08
2.809614512471655,0.0,3.015247784787789e-08
2.8328344671201813,0.0,5.0780727178789675e-08
2.8560544217687074,0.0,3.2589014153927565e-08
2.8792743764172335,0.0,3.300647222204134e-08
2.9024943310657596,0.0,1.1267729860264808e-07
2.9257142857142857,0.0,2.078368197544478e-07
2.948934240362812,0.0,2.0512015908025205e-07
2.972154195011338,0.0,8.045572030823678e-08
2.995374149659864,0.0,1.0004987416323274e-07
3.01859410430839,0.0,4.8196852731052786e-08
3.0418140589569163,0.0,8.260212780442089e-08
3.0650340136054424,0.0,1.634225554880686e-07
3.0882539682539685,0.0,4.3835825636051595e-08
3.1114739229024946,0.0,1.1227166396565735e-07
3.1346938775510207,0.0,2.405549821560271e-07
3.1579138321995464,0.0,1.3714634405914694e-07
3.1811337868480725,0.0,3.422692316235043e-07
3.2043537414965986,0.0,2.0346033124951646e-07
3.2275736961451247,0.0,1.0497933544684201e-07
3.250793650793651,0.0,1.2014606909360737e-07
3.274013605442177,0.0,1.8443552107783034e-07
3.297233560090703,0.0,1.8017817637883127e-07
3.320453514739229,0.0,7.473408913938329e-08
