0.0,0.0,3.8682628655806184e-08
0.023219954648526078,0.0,5.482979759108275e-08
0.046439909297052155,0.0,3.8583493733312935e-08
0.06965986394557823,0.0,8.255210559582338e-08
0.09287981859410431,0.0,2.4290784494951367e-08
0.11609977324263039,0.0,4.684716259362176e-08
0.13931972789115646,0.0,7.253129297168925e-08
0.16253968253968254,0.0,4.2736246541608125e-08
0.18575963718820862,0.0,2.2284439182840288e-08
0.2089795918367347,0.0,5.6213139032479376e-08
0.23219954648526078,0.0,6.079881131881848e-08
0.25541950113378686,0.0,3.5301127354614437e-08
0.2786394557823129,0.0,3.974400897277519e-08
0.301859410430839,0.0,2.4026121536735445e-08
0.3250793650793651,0.0,1.4242687029764056e-08
0.3482993197278912,0.0,2.6535417418926954e-08
0.37151927437641724,0.0,1.8006176105700433e-08
0.3947392290249433,0.0,1.734042598400265e-08
0.4179591836734694,0.0,3.0865521694067866e-08
0.44117913832199546,0.0,6.890877557452768e-08
0.46439909297052157,0.0,1.3160843082005158e-07
0.4876190476190476,1988.2844,0.000267907977104187
0.5108390022675737,265.30975,0.0007440141635015607
0.5340589569160998,312.75244,0.0007879006443545222
0.5572789115646258,309.86356,0.0007758457213640213
0.5804988662131519,267.58264,0.0007544460240751505
0.603718820861678,268.91342,0.0008472038898617029
0.626938775510204,273.93024,0.0011232485994696617
0.6501587301587302,324.70145,0.0012973679695278406
0.6733786848072563,569.69556,0.001310405321419239
0.6965986394557824,587.62573,0.0017859640065580606
0.7198185941043084,313.8205,0.002094392664730549
0.7430385487528345,317.1843,0.00200006365776062
0.7662585034013606,306.09595,0.0020016515627503395
0.7894784580498866,605.4527,0.002619291190057993
0.8126984126984127,618.53217,0.003587914165109396
0.8359183673469388,773.69257,0.004174440633505583
0.8591383219954649,841.54114,0.00450489204376936
0.8823582766439909,350.73877,0.004712376743555069
0.905578231292517,830.60114,0.004457211121916771
0.9287981859410431,783.4563,0.004907987080514431
0.9520181405895691,789.97504,0.005067712627351284
0.9752380952380952,806.61365,0.005969526711851358
0.9984580498866213,731.6993,0.006660185754299164
1.0216780045351475,756.1887,0.006852281279861927
1.0448979591836736,738.2563,0.008239435032010078
1.0681179138321997,741.4756,0.005350514315068722
1.0913378684807256,343.49185,0.007447442505508661
1.1145578231292517,737.0326,0.009670944884419441
1.1377777777777778,745.94855,0.011214069090783596
1.1609977324263039,1557.9392,0.009250408038496971
1.18421768707483,810.0147,0.009030953049659729
1.207437641723356,791.54474,0.008402463980019093
1.2306575963718822,789.1522,0.0058400873094797134
1.253877551020408,836.3143,0.006160154938697815
1.2770975056689342,913.76294,0.012111249379813671
1.3003174603174603,931.1224,0.010231631807982922
1.3235374149659864,921.41174,0.004525026306509972
1.3467573696145125,914.5636,0.004304270260035992
1.3699773242630386,439.57413,0.00786852091550827
1.3931972789115648,931.758,0.015024155378341675
1.4164172335600906,1466.3511,0.0375741645693779
1.4396371882086167,1516.8303,0.03362136706709862
1.4628571428571429,1502.1676,0.013822771608829498
1.486077097505669,1454.5416,0.009410861879587173
1.509297052154195,1425.3363,0.021288709715008736
1.5325170068027212,1514.5448,0.039279185235500336
1.5557369614512473,1535.6321,0.03002132661640644
1.5789569160997732,1436.8026,0.02769744023680687
1.6021768707482993,1447.0524,0.02906065806746483
1.6253968253968254,1522.2103,0.02867308259010315
1.6486167800453515,1539.3936,0.03125791996717453
1.6718367346938776,1559.2863,0.02399580553174019
1.6950566893424037,1388.2676,0.01968483440577984
1.7182766439909298,1315.0894,0.01817883923649788
1.7414965986394557,1308.6938,0.01709955930709839
1.7647165532879818,566.5715,0.02481464296579361
1.787936507936508,1502.7819,0.015418613329529762
1.811156462585034,1475.2721,0.03102273680269718
1.8343764172335602,1516.174,0.0456545315682888
1.8575963718820863,1530.6888,0.04186798632144928
1.8808163265306124,1473.2637,0.036734968423843384
1.9040362811791383,1383.0625,0.024401064962148666
1.9272562358276644,1429.9418,0.008458642289042473
1.9504761904761905,984.9514,0.009084418416023254
1.9736961451247166,496.56128,0.02155156247317791
1.9969160997732427,1477.8398,0.034493833780288696
2.020136054421769,1454.4731,0.026667002588510513
2.043356009070295,1371.031,0.010755019262433052
2.066575963718821,965.80554,0.008083704859018326
2.089795918367347,907.0489,0.0057230438105762005
2.1130158730158732,438.49075,0.007275309879332781
2.1362358276643993,917.5257,0.011662710458040237
2.159455782312925,933.24445,0.01240086741745472
2.182675736961451,941.44104,0.010661888867616653
2.2058956916099772,917.944,0.006310470402240753
2.2291156462585033,857.61523,0.007704470306634903
2.2523356009070294,794.8532,0.009371737018227577
2.2755555555555556,792.5993,0.0114936837926507
2.2987755102040817,804.21704,0.009660637006163597
2.3219954648526078,820.3275,0.008955671451985836
2.345215419501134,799.63635,0.00929226353764534
2.36843537414966,765.1738,0.0072814831510186195
2.391655328798186,724.7951,0.005863243713974953
2.414875283446712,352.63217,0.009659983217716217
2.4380952380952383,725.4653,0.00956017803400755
2.4613151927437644,729.02075,0.007111974526196718
2.48453514739229,739.1828,0.004933531396090984
2.507755102040816,720.25024,0.0028852359391748905
2.5309750566893423,326.1501,0.0026006922125816345
2.5541950113378684,308.29565,0.0028215174097567797
2.5774149659863945,307.89542,0.0028107762336730957
2.6006349206349206,553.6782,0.002697800053283572
2.6238548752834467,340.13046,0.0029630991630256176
2.647074829931973,338.8055,0.0030676471069455147
2.670294784580499,320.30753,0.002250556368380785
2.693514739229025,280.8148,0.002374856499955058
2.716734693877551,325.19763,0.002381546190008521
2.7399546485260773,278.921,0.0028525032103061676
2.7631746031746034,569.037,0.0018140060128644109
2.7863945578231295,295.5784,0.0017293188720941544
2.809614512471655,289.04822,0.001846394152380526
2.8328344671201813,268.27847,0.0024056658148765564
2.8560544217687074,815.3813,0.0020618708804249763
2.8792743764172335,357.04355,0.0015663823578506708
2.9024943310657596,260.6942,0.0018542042234912515
2.9257142857142857,267.72977,0.0020258550066500902
2.948934240362812,323.3574,0.001772804418578744
2.972154195011338,264.47964,0.001594174769707024
2.995374149659864,838.4947,0.0018604220822453499
3.01859410430839,827.2861,0.000940981088206172
3.0418140589569163,250.49942,0.0007072609150782228
3.0650340136054424,313.75018,0.0002868141164071858
3.0882539682539685,316.17126,3.327014565002173e-05
3.1114739229024946,0.0,3.451723387115635e-07
3.1346938775510207,0.0,2.74208105111029e-07
3.1579138321995464,0.0,1.4054694474907592e-07
3.1811337868480725,0.0,3.4747245081234723e-08
3.2043537414965986,0.0,1.3532735465560108e-07
3.2275736961451247,0.0,2.1678715711459517e-08
3.250793650793651,0.0,2.397518983343616e-08
3.274013605442177,0.0,3.197237674612552e-08
3.297233560090703,0.0,1.4826582628302276e-08
3.320453514739229,0.0,2.0770130504388362e-08
3.3436734693877552,0.0,2.6891939342021942e-08
3.3668934240362813,0.0,5.78820618102327e-08
3.3901133786848074,0.0,3.454169927863404e-08
3.4133333333333336,0.0,2.119850250892341e-08
3.4365532879818597,0.0,3.720651875482872e-08
3.4597732426303858,0.0,4.041157808387652e-08
3.4829931972789114,0.0,3.978493623435497e-08
3.5062131519274375,0.0,8.639017323730513e-08
3.5294331065759637,0.0,5.298807081999257e-08
3.5526530612244898,0.0,2.48137439484708e-08
3.575873015873016,0.0,4.9699337978381664e-08
3.599092970521542,0.0,5.3004441724624485e-08
3.622312925170068,0.0,4.188132152194157e-08
3.645532879818594,0.0,5.4958036344032735e-08
3.6687528344671203,0.0,5.3691110224463046e-08
3.6919727891156464,0.0,2.048363967332989e-08
3.7151927437641725,0.0,9.12223185878247e-09
