0.0,0.0,5.858510121470317e-08
0.023219954648526078,0.0,5.926995072513819e-08
0.046439909297052155,0.0,3.21006154990755e-08
0.06965986394557823,0.0,2.2513631847687066e-08
0.09287981859410431,0.0,2.173237589886412e-08
0.11609977324263039,0.0,2.2113454178906977e-08
0.13931972789115646,0.0,1.6250396583927795e-07
0.16253968253968254,0.0,9.979521564673632e-08
0.18575963718820862,0.0,7.603102858411148e-08
0.2089795918367347,2760.9705,5.9526300901779905e-05
0.23219954648526078,250.21214,0.00021571750403381884
0.25541950113378686,251.8651,0.00045172456884756684
0.2786394557823129,280.763,0.0005666924989782274
0.301859410430839,314.36658,0.0006351273041218519
0.3250793650793651,3219.8103,0.0006816869718022645
0.3482993197278912,3247.0256,0.0006959183956496418
0.37151927437641724,3265.396,0.0006928837392479181
0.3947392290249433,317.4627,0.000779125199187547
0.4179591836734694,294.3072,0.0009484161855652928
0.44117913832199546,306.27344,0.0009526524227112532
0.46439909297052157,358.69772,0.001117239473387599
0.4876190476190476,372.71826,0.001183150801807642
0.5108390022675737,381.3439,0.0010757897980511189
0.5340589569160998,385.4631,0.0010340975131839514
0.5572789115646258,378.24973,0.0010926832910627127
0.5804988662131519,377.835,0.0012700718361884356
0.603718820861678,387.41708,0.0013522650115191936
0.626938775510204,3141.516,0.0017371757421642542
0.6501587301587302,406.83008,0.0019296135287731886
0.6733786848072563,420.81134,0.0019468606915324926
0.6965986394557824,424.00177,0.0020779375918209553
0.7198185941043084,424.0893,0.0023517669178545475
0.7430385487528345,429.50162,0.002872952725738287
0.7662585034013606,441.9811,0.003729823511093855
0.7894784580498866,449.62384,0.004789718426764011
0.8126984126984127,393.6424,0.005323996301740408
0.8359183673469388,392.6714,0.005073718726634979
0.8591383219954649,391.81256,0.0052171070128679276
0.8823582766439909,391.81064,0.005791322328150272
0.905578231292517,472.95282,0.00709149707108736
0.9287981859410431,425.12766,0.008417792618274689
0.9520181405895691,521.6446,0.007433918304741383
0.9752380952380952,532.85626,0.009482789784669876
0.9984580498866213,441.61368,0.0098184272646904
1.0216780045351475,439.65073,0.010577862150967121
1.0448979591836736,440.33984,0.01273914985358715
1.0681179138321997,404.18118,0.020492535084486008
1.0913378684807256,420.8851,0.025807160884141922
1.1145578231292517,481.44614,0.023469753563404083
1.1377777777777778,494.13483,0.026283565908670425
1.1609977324263039,489.58087,0.027931947261095047
1.18421768707483,480.0577,0.02855735458433628
1.207437641723356,440.23035,0.02920401468873024
1.2306575963718822,513.86285,0.02463441528379917
1.253877551020408,470.53555,0.042282313108444214
1.2770975056689342,495.51587,0.04995904862880707
1.3003174603174603,498.85095,0.051414214074611664
1.3235374149659864,492.24515,0.05379205197095871
1.3467573696145125,489.91672,0.05988260358572006
1.3699773242630386,497.07495,0.08188644796609879
1.3931972789115648,516.8348,0.10619786381721497
1.4164172335600906,537.05133,0.1018567830324173
1.4396371882086167,547.9822,0.11726344376802444
1.4628571428571429,541.053,0.12295184284448624
1.486077097505669,529.5517,0.12845991551876068
1.509297052154195,525.4564,0.12666790187358856
1.5325170068027212,535.8474,0.1020379438996315
1.5557369614512473,560.9301,0.0876978188753128
1.5789569160997732,585.37897,0.10720370709896088
1.6021768707482993,602.94476,0.1194763034582138
1.6253968253968254,599.5095,0.13091671466827393
1.6486167800453515,592.4976,0.13164663314819336
1.6718367346938776,591.04205,0.1407119184732437
1.6950566893424037,594.4474,0.14217877388000488
1.7182766439909298,594.86536,0.1343698650598526
1.7414965986394557,584.19183,0.11048788577318192
1.7647165532879818,550.84393,0.12657850980758667
1.787936507936508,525.6779,0.1341967135667801
1.811156462585034,524.4212,0.13109499216079712
1.8343764172335602,532.42163,0.1208917498588562
1.8575963718820863,532.12683,0.11517361551523209
1.8808163265306124,519.5362,0.07650792598724365
1.9040362811791383,494.45706,0.05592307448387146
1.9272562358276644,479.68735,0.06161888316273689
1.9504761904761905,484.1342,0.07087697088718414
1.9736961451247166,498.61978,0.08196590840816498
1.9969160997732427,504.15054,0.06980276107788086
2.020136054421769,493.93863,0.0474214032292366
2.043356009070295,473.00443,0.03433380275964737
2.066575963718821,446.99384,0.040003035217523575
2.089795918367347,438.87494,0.04181181639432907
2.1130158730158732,441.52606,0.04251668602228165
2.1362358276643993,498.6649,0.0395338274538517
2.159455782312925,504.31387,0.038521505892276764
2.182675736961451,436.559,0.03403192013502121
2.2058956916099772,419.22717,0.025095870718359947
2.2291156462585033,401.8648,0.015619983896613121
2.2523356009070294,440.4181,0.01620228961110115
2.2755555555555556,440.84302,0.01637258380651474
2.2987755102040817,440.4608,0.015812046825885773
2.3219954648526078,437.61206,0.013099554926156998
2.345215419501134,431.86127,0.010988686233758926
2.36843537414966,419.83817,0.011845292523503304
2.391655328798186,416.48813,0.010806899517774582
2.414875283446712,409.1597,0.008120547980070114
2.4380952380952383,394.82654,0.0062181102111935616
2.4613151927437644,385.4078,0.005321247968822718
2.48453514739229,379.95892,0.0047754524275660515
2.507755102040816,378.81708,0.004152853041887283
2.5309750566893423,375.8954,0.0039831106550991535
2.5541950113378684,376.42023,0.0038533066399395466
2.5774149659863945,375.66837,0.003792164847254753
2.6006349206349206,429.1199,0.0036387655418366194
2.6238548752834467,430.47067,0.0032201106660068035
2.647074829931973,426.37775,0.0027931593358516693
2.670294784580499,418.753,0.002284215297549963
2.693514739229025,343.1079,0.0018833032809197903
2.716734693877551,375.70978,0.0018876815447583795
2.7399546485260773,376.59875,0.0019996329210698605
2.7631746031746034,378.724,0.0019007015507668257
2.7863945578231295,378.74213,0.0018285992555320263
2.809614512471655,374.28268,0.0018330635502934456
2.8328344671201813,367.30432,0.0017290272517129779
2.8560544217687074,312.7275,0.0011784085072577
2.8792743764172335,264.76334,0.0009354226058349013
2.9024943310657596,274.34207,0.0008463870035484433
2.9257142857142857,271.70517,0.0010058375773951411
2.948934240362812,276.48068,0.0010271305218338966
2.972154195011338,283.9218,0.0009682127274572849
2.995374149659864,319.52597,0.0009577377932146192
3.01859410430839,317.4135,0.00085863983258605
3.0418140589569163,313.9246,0.0007842169725336134
3.0650340136054424,311.06546,0.0008195458212867379
3.0882539682539685,315.14117,0.0008556387620046735
3.1114739229024946,322.50845,0.00103875738568604
3.1346938775510207,329.12195,0.001274085370823741
3.1579138321995464,300.15897,0.0013027810491621494
3.1811337868480725,337.228,0.0011062710545957088
3.2043537414965986,294.9756,0.0009906589984893799
3.2275736961451247,292.1774,0.0008925548754632473
3.250793650793651,287.50867,0.0008533086511306465
3.274013605442177,285.7716,0.0008220848394557834
3.297233560090703,319.0276,0.0008656653808429837
3.320453514739229,323.78607,0.001188343157991767
3.3436734693877552,299.52704,0.001338320318609476
3.3668934240362813,303.58316,0.0011409623548388481
3.3901133786848074,300.65063,0.0008638036670163274
3.4133333333333336,289.64398,0.0006877084379084408
3.4365532879818597,280.89102,0.0006334959762170911
3.4597732426303858,279.33423,0.0007013028371147811
3.4829931972789114,286.74066,0.0009836649987846613
3.5062131519274375,295.31494,0.001150213647633791
3.5294331065759637,283.07037,0.0011178385466337204
3.5526530612244898,308.13654,0.001004459336400032
3.575873015873016,283.62244,0.0007899287156760693
3.599092970521542,270.8901,0.0006426284671761096
3.622312925170068,259.01428,0.0005261660553514957
3.645532879818594,262.04153,0.000648010172881186
3.6687528344671203,271.87863,0.0008695609285496175
3.6919727891156464,280.55215,0.0007129558362066746
3.7151927437641725,278.28696,0.00045416844659484923
3.7384126984126986,264.3289,0.0002827660064212978
3.7616326530612247,243.84245,0.0002835739578586072
3.784852607709751,248.4065,0.0003344260039739311
3.8080725623582765,266.74612,0.00028233492048457265
3.8312925170068026,281.9855,6.445448525482789e-05
3.8545124716553287,0.0,1.6795966075733304e-06
3.877732426303855,293.82794,2.6832069124793634e-05
3.900952380952381,88200.0,8.793977031018585e-05
3.924172335600907,24152.338,3.152040153509006e-05
3.947392290249433,0.0,1.3286071407492273e-06
3.9706122448979593,0.0,1.8832233763532713e-06
3.9938321995464854,0.0,2.0749575924128294e-07
4.017052154195011,0.0,2.0951210899511352e-07
4.040272108843538,0.0,1.5604473446728662e-07
4.063492063492063,0.0,2.83768713416066e-07
4.08671201814059,0.0,1.505995896877721e-07
4.1099319727891155,0.0,2.231097823823802e-06
4.133151927437642,0.0,9.419691195944324e-06
4.156371882086168,0.0,5.852762114955112e-06
4.179591836734694,0.0,6.966583896428347e-07
4.20281179138322,0.0,4.470211933949031e-07
4.2260317460317465,0.0,4.336661731940694e-07
4.249251700680272,0.0,2.0785746528417803e-06
4.272471655328799,0.0,2.1599180399789475e-06
