0.0,0.0,1.0621351975714788e-07
0.023219954648526078,0.0,9.359609975945204e-08
0.046439909297052155,0.0,8.144434104906395e-08
0.06965986394557823,0.0,1.398084350512363e-07
0.09287981859410431,0.0,2.0870083972113207e-07
0.11609977324263039,0.0,9.357972885482013e-08
0.13931972789115646,0.0,1.5594378055538982e-07
0.16253968253968254,0.0,2.1785217541037127e-07
0.18575963718820862,22673.84,0.00016132972086779773
0.2089795918367347,269.7611,0.0005910920444875956
0.23219954648526078,278.21698,0.0008816878544166684
0.25541950113378686,280.97723,0.0008108126930892467
0.2786394557823129,278.9965,0.0007431049598380923
0.301859410430839,275.1654,0.0007358604343608022
0.3250793650793651,273.4341,0.000729020219296217
0.3482993197278912,275.73358,0.0007408924866467714
0.37151927437641724,285.67914,0.0005859030643478036
0.3947392290249433,303.64136,0.0005580659490078688
0.4179591836734694,317.25217,0.0006533749983645976
0.44117913832199546,322.16284,0.0007017687894403934
0.46439909297052157,331.21634,0.0008016296196728945
0.4876190476190476,340.17798,0.0009507212089374661
0.5108390022675737,342.67014,0.0008475672802887857
0.5340589569160998,341.9525,0.0007456645835191011
0.5572789115646258,339.14444,0.0005941417766734958
0.5804988662131519,331.916,0.0004635994555428624
0.603718820861678,325.7264,0.00033629435347393155
0.626938775510204,334.16418,0.0005694669089280069
0.6501587301587302,366.19528,0.0009713220642879605
0.6733786848072563,397.12018,0.0019540220964699984
0.6965986394557824,406.72134,0.0017764540389180183
0.7198185941043084,394.63995,0.0011317881289869547
0.7430385487528345,372.5648,0.0011253721313551068
0.7662585034013606,359.24527,0.0005832589231431484
0.7894784580498866,367.15192,0.001086878590285778
0.8126984126984127,415.78027,0.003488964634016156
0.8359183673469388,452.13776,0.006645851768553257
0.8591383219954649,463.53107,0.005646959878504276
0.8823582766439909,447.58432,0.0023103775456547737
0.905578231292517,415.84564,0.0007862768834456801
0.9287981859410431,387.30856,0.0004994395421817899
0.9520181405895691,392.8891,0.00230493675917387
0.9752380952380952,452.04272,0.01398259773850441
0.9984580498866213,497.05942,0.02710183709859848
1.0216780045351475,509.5511,0.015007395297288895
1.0448979591836736,492.52884,0.004364698193967342
1.0681179138321997,465.70325,0.0026638677809387445
1.0913378684807256,445.2561,0.002165571553632617
1.1145578231292517,460.92252,0.011018648743629456
1.1377777777777778,518.24097,0.04262758791446686
1.1609977324263039,1096.7689,0.049440570175647736
1.18421768707483,555.8529,0.043845221400260925
1.207437641723356,1098.8722,0.013179222121834755
1.2306575963718822,516.25464,0.00423787347972393
1.253877551020408,493.70316,0.006233851891011
1.2770975056689342,523.3488,0.024890590459108353
1.3003174603174603,570.4018,0.0494282990694046
1.3235374149659864,1212.8174,0.059950679540634155
1.3467573696145125,1212.49,0.03340943157672882
1.3699773242630386,571.8919,0.02384105697274208
1.3931972789115648,557.0848,0.02804795652627945
1.4164172335600906,585.1166,0.04795702546834946
1.4396371882086167,1255.6771,0.03754183650016785
1.4628571428571429,1300.9034,0.07248087972402573
1.486077097505669,1298.6284,0.07318057864904404
1.509297052154195,1271.4076,0.053645577281713486
1.5325170068027212,1266.8153,0.05270388349890709
1.5557369614512473,1252.3411,0.06433457136154175
1.5789569160997732,1271.0402,0.06946521997451782
1.6021768707482993,1256.5499,0.059026412665843964
1.6253968253968254,600.6848,0.03407856076955795
1.6486167800453515,570.711,0.0291324220597744
1.6718367346938776,555.4774,0.028872806578874588
1.6950566893424037,555.67334,0.04166220501065254
1.7182766439909298,566.51337,0.04671713709831238
1.7414965986394557,569.79956,0.030534613877534866
1.7647165532879818,555.4606,0.012307883240282536
1.787936507936508,528.79785,0.010139800608158112
1.811156462585034,512.4382,0.008191166445612907
1.8343764172335602,510.33707,0.008618959225714207
1.8575963718820863,514.3259,0.008553531020879745
1.8808163265306124,512.9581,0.0060714418068528175
1.9040362811791383,500.84882,0.0048482539132237434
1.9272562358276644,483.96353,0.0026716357097029686
1.9504761904761905,463.19812,0.0032970760948956013
1.9736961451247166,456.26093,0.0031998648773878813
1.9969160997732427,456.2276,0.002995271235704422
2.020136054421769,456.32373,0.002745614154264331
2.043356009070295,452.7969,0.0025169863365590572
2.066575963718821,483.98795,0.00240960530936718
2.089795918367347,417.78635,0.0031392560340464115
2.1130158730158732,1241.3035,0.003232077229768038
2.1362358276643993,1238.4553,0.0023512188345193863
2.159455782312925,615.62616,0.0018930821679532528
2.182675736961451,410.36194,0.001933937892317772
2.2058956916099772,402.50122,0.0018610057886689901
2.2291156462585033,1250.9662,0.0012731101596727967
2.2523356009070294,563.29694,0.0012968442169949412
2.2755555555555556,560.7442,0.0012373271165415645
2.2987755102040817,377.78027,0.0012068550568073988
2.3219954648526078,376.06964,0.0011756413150578737
2.345215419501134,372.67877,0.0013568620197474957
2.36843537414966,364.09088,0.0008165735634975135
2.391655328798186,351.4937,0.0006700939848087728
2.414875283446712,340.5108,0.00042457308154553175
2.4380952380952383,334.5773,0.000507848453707993
2.4613151927437644,339.20364,0.0005974422092549503
2.48453514739229,343.99258,0.0006047809147275984
2.507755102040816,342.3517,0.0004610424512065947
2.5309750566893423,331.3974,0.0004452347056940198
2.5541950113378684,318.6931,0.00046805094461888075
2.5774149659863945,308.80704,0.0004529031866695732
2.6006349206349206,307.60364,0.0004048159462399781
2.6238548752834467,311.5971,0.0003908204089384526
2.647074829931973,309.4436,0.0004081479855813086
2.670294784580499,301.06866,0.0005293551948852837
2.693514739229025,287.07074,0.0005127216572873294
2.716734693877551,270.83508,0.0003977784654125571
2.7399546485260773,264.8381,0.00030415161745622754
2.7631746031746034,267.21454,0.00039562146412208676
2.7863945578231295,273.3759,0.00042549119098111987
2.809614512471655,277.81628,0.0004098661884199828
2.8328344671201813,278.72873,0.00032539674430154264
2.8560544217687074,273.10754,0.00025584924151189625
2.8792743764172335,267.84286,0.00014030950842425227
2.9024943310657596,266.77966,0.00013422759366221726
2.9257142857142857,273.66452,0.00018986596842296422
2.948934240362812,286.62607,0.00015908997738733888
2.972154195011338,290.8164,0.00017178001871798187
2.995374149659864,279.8882,0.00012145618529757485
3.01859410430839,261.4326,5.947071622358635e-05
3.0418140589569163,249.69818,7.314527465496212e-05
3.0650340136054424,250.65771,4.541536691249348e-05
3.0882539682539685,264.23798,6.013804522808641e-05
3.1114739229024946,282.05246,2.5116391043411568e-05
3.1346938775510207,0.0,8.424549378105439e-07
3.1579138321995464,0.0,3.8073812902439386e-07
3.1811337868480725,0.0,1.915359462145716e-07
3.2043537414965986,0.0,9.911491360981017e-08
3.2275736961451247,0.0,5.793117452412844e-08
3.250793650793651,0.0,6.897698767716065e-08
3.274013605442177,0.0,6.200571078807116e-08
3.297233560090703,0.0,3.198147169314325e-08
3.320453514739229,0.0,1.3524186215363443e-08
3.3436734693877552,0.0,5.849778972333297e-08
3.3668934240362813,0.0,6.532809493364766e-08
3.3901133786848074,0.0,1.7991624190472066e-08
3.4133333333333336,0.0,3.072636900469661e-08
3.4365532879818597,0.0,4.2124156607314944e-08
3.4597732426303858,0.0,5.364199751056731e-09
