0.0,0.0,2.845590643119067e-07
0.023219954648526078,0.0,2.8475278668338433e-07
0.046439909297052155,0.0,1.6428111848654225e-07
0.06965986394557823,0.0,7.487597031285986e-08
0.09287981859410431,0.0,8.963434083852917e-08
0.11609977324263039,0.0,1.6473131836391985e-07
0.13931972789115646,0.0,1.36553353513591e-07
0.16253968253968254,0.0,1.0373605618951842e-07
0.18575963718820862,0.0,6.943992048036307e-08
0.2089795918367347,0.0,6.6828761191573e-08
0.23219954648526078,0.0,1.4817578630754724e-07
0.25541950113378686,23433.654,2.181218223995529e-05
0.2786394557823129,276.16766,0.000629700196441263
0.301859410430839,271.91104,0.001141867134720087
0.3250793650793651,275.43005,0.0015965434722602367
0.3482993197278912,585.4016,0.001467695808969438
0.37151927437641724,274.56082,0.0010926529066637158
0.3947392290249433,270.68735,0.000916646677069366
0.4179591836734694,269.20462,0.0008578411070629954
0.44117913832199546,274.08722,0.0013085224200040102
0.46439909297052157,581.33765,0.0005862141260877252
0.4876190476190476,311.85886,0.00036277511389926076
0.5108390022675737,319.15833,0.00044168089516460896
0.5340589569160998,319.2179,0.0004511085571721196
0.5572789115646258,323.3734,0.0005073643987998366
0.5804988662131519,483.19656,0.0004890133277513087
0.603718820861678,481.60825,0.0005613778484985232
0.626938775510204,993.1599,0.0006237475317902863
0.6501587301587302,508.52563,0.000882088381331414
0.6733786848072563,530.0382,0.0008318743202835321
0.6965986394557824,533.4986,0.0008508778410032392
0.7198185941043084,1031.511,0.0005572463269345462
0.7430385487528345,1013.22675,0.0004070210852660239
0.7662585034013606,1017.8481,0.00034799487912096083
0.7894784580498866,352.78848,0.0004163207777310163
0.8126984126984127,392.40216,0.0010201768018305302
0.8359183673469388,829.6235,0.0012236848706379533
0.8591383219954649,805.7346,0.0005655770655721426
0.8823582766439909,378.27606,0.0005105127347633243
0.905578231292517,516.8597,0.00036325305700302124
0.9287981859410431,510.01575,0.0004948370042257011
0.9520181405895691,398.61548,0.0028015770949423313
0.9752380952380952,927.70416,0.009250207804143429
0.9984580498866213,958.0134,0.004407540429383516
1.0216780045351475,952.8162,0.0014918578090146184
1.0448979591836736,799.1939,0.0004101620288565755
1.0681179138321997,422.88193,0.00039383687544614077
1.0913378684807256,392.20227,0.001466409768909216
1.1145578231292517,442.675,0.012140627950429916
1.1377777777777778,1008.64923,0.03812352940440178
1.1609977324263039,1043.596,0.031252481043338776
1.18421768707483,1030.8973,0.002859578002244234
1.207437641723356,979.7667,0.00133890425786376
1.2306575963718822,499.4667,0.0013871376868337393
1.253877551020408,452.28293,0.007913710549473763
1.2770975056689342,1029.8552,0.02780650183558464
1.3003174603174603,1090.057,0.028035979717969894
1.3235374149659864,1105.1456,0.02351800724864006
1.3467573696145125,1073.2339,0.003326172474771738
1.3699773242630386,490.5231,0.0015366817824542522
1.3931972789115648,477.9913,0.0030903450679033995
1.4164172335600906,511.537,0.019531533122062683
1.4396371882086167,1124.2485,0.028785306960344315
1.4628571428571429,587.3965,0.037774961441755295
1.486077097505669,1187.3195,0.05493220314383507
1.509297052154195,1166.8684,0.03873968869447708
1.5325170068027212,1149.0438,0.039916522800922394
1.5557369614512473,1164.5448,0.022687416523694992
1.5789569160997732,1231.3861,0.008834697306156158
1.6021768707482993,1306.661,0.020430784672498703
1.6253968253968254,1317.8868,0.049945168197155
1.6486167800453515,1270.177,0.07858454436063766
1.6718367346938776,1260.6425,0.07756518572568893
1.6950566893424037,1249.0996,0.07447609305381775
1.7182766439909298,1259.653,0.07310228049755096
1.7414965986394557,1266.4576,0.09207713603973389
1.7647165532879818,1227.4221,0.11101158708333969
1.787936507936508,1196.439,0.05870616063475609
1.811156462585034,1155.0459,0.04906560853123665
1.8343764172335602,1146.8499,0.059665195643901825
1.8575963718820863,1164.3058,0.0699281394481659
1.8808163265306124,1166.7731,0.06035187840461731
1.9040362811791383,1164.5577,0.03330662474036217
1.9272562358276644,1159.3357,0.0152666624635458
1.9504761904761905,541.90717,0.010947166942059994
1.9736961451247166,1035.8942,0.007816880941390991
1.9969160997732427,1027.6342,0.009306861087679863
2.020136054421769,1040.5093,0.009343701414763927
2.043356009070295,1045.8242,0.008050301112234592
2.066575963718821,1033.549,0.0046273209154605865
2.089795918367347,497.16168,0.004165939521044493
2.1130158730158732,966.9225,0.003671213984489441
2.1362358276643993,446.0857,0.00365278753452003
2.159455782312925,441.703,0.003105500712990761
2.182675736961451,505.72977,0.0030030440539121628
2.2058956916099772,449.89508,0.0030204704962670803
2.2291156462585033,443.84006,0.003914622589945793
2.2523356009070294,431.1389,0.005523315630853176
2.2755555555555556,1221.1367,0.008007555268704891
2.2987755102040817,1188.3505,0.010308615863323212
2.3219954648526078,1180.4501,0.0076444027945399284
2.345215419501134,1180.5984,0.006267528515309095
2.36843537414966,1170.5648,0.00599623192101717
2.391655328798186,1176.2325,0.00505208782851696
2.414875283446712,1160.24,0.004008851945400238
2.4380952380952383,1122.688,0.0029571903869509697
2.4613151927437644,1107.4349,0.0029883263632655144
2.48453514739229,1128.5922,0.003087491961196065
2.507755102040816,1126.3665,0.002382527571171522
2.5309750566893423,1088.5333,0.0018652745056897402
2.5541950113378684,1019.22363,0.0010207428131252527
2.5774149659863945,334.8635,0.0007978837238624692
2.6006349206349206,331.68097,0.0008410718874074519
2.6238548752834467,341.84006,0.001199629157781601
2.647074829931973,536.26215,0.0011260511819273233
2.670294784580499,532.13,0.0007250042399391532
2.693514739229025,331.8856,0.0007015151786617935
2.716734693877551,311.7191,0.001037480658851564
2.7399546485260773,303.2308,0.0009211294818669558
2.7631746031746034,612.3331,0.0008231000974774361
2.7863945578231295,306.0941,0.0007205558358691633
2.809614512471655,307.20895,0.0007889406406320632
2.8328344671201813,301.88818,0.0007571772439405322
2.8560544217687074,285.35522,0.0005607186467386782
2.8792743764172335,347.78687,0.000323765620123595
2.9024943310657596,326.99338,0.00023373053409159184
2.9257142857142857,325.4718,0.00021190404368098825
2.948934240362812,342.8548,0.0002239418390672654
2.972154195011338,351.61383,0.0002601673477329314
2.995374149659864,351.91714,0.0002123700687661767
3.01859410430839,346.7297,0.0001422216882929206
3.0418140589569163,333.10553,0.00010125849803443998
3.0650340136054424,254.34422,8.533681830158457e-05
3.0882539682539685,253.13696,5.58112224098295e-05
3.1114739229024946,262.28235,6.443164602387697e-05
3.1346938775510207,278.87616,0.00011200530570931733
3.1579138321995464,284.40002,9.657764167059213e-05
3.1811337868480725,274.5835,6.263609975576401e-05
3.2043537414965986,258.14398,3.731677861651406e-05
3.2275736961451247,243.81226,2.6920744858216494e-05
3.250793650793651,246.98776,1.4676980754302349e-05
3.274013605442177,266.29987,1.1852610441565048e-05
3.297233560090703,0.0,4.828616511076689e-07
3.320453514739229,0.0,2.407869033049792e-07
3.3436734693877552,0.0,6.833397492300719e-08
3.3668934240362813,0.0,6.061509338906035e-08
3.3901133786848074,0.0,8.84137989487499e-08
3.4133333333333336,0.0,1.7247748473891988e-07
3.4365532879818597,0.0,1.0252369975205511e-07
3.4597732426303858,0.0,1.0420990292914212e-07
3.4829931972789114,0.0,6.558730092365295e-08
3.5062131519274375,0.0,6.671507435385138e-08
3.5294331065759637,0.0,4.108551365789026e-08
3.5526530612244898,0.0,6.257323548197746e-10
