0.0,0.0,1.1957772585446946e-06
0.023219954648526078,0.0,2.247652446385473e-07
0.046439909297052155,0.0,3.2535263017052785e-07
0.06965986394557823,0.0,3.7680365494452417e-07
0.09287981859410431,0.0,4.1952080209739506e-07
0.11609977324263039,0.0,5.594256435870193e-07
0.13931972789115646,0.0,7.196258593467064e-07
0.16253968253968254,0.0,6.482223398052156e-07
0.18575963718820862,0.0,8.169135981006548e-07
0.2089795918367347,0.0,1.4151119103189558e-06
0.23219954648526078,0.0,1.6409358067903668e-06
0.25541950113378686,0.0,2.473816493875347e-06
0.2786394557823129,0.0,1.958040229510516e-06
0.301859410430839,0.0,1.7475476852268912e-06
0.3250793650793651,0.0,1.1129586710012518e-06
0.3482993197278912,0.0,9.01701241673436e-07
0.37151927437641724,0.0,3.707891664816998e-07
0.3947392290249433,0.0,3.2935440685832873e-07
0.4179591836734694,0.0,9.21900209505111e-08
0.44117913832199546,0.0,8.507049642503262e-08
0.46439909297052157,0.0,1.901480572996661e-07
0.4876190476190476,23508.412,3.557723175617866e-05
0.5108390022675737,390.14722,0.00061506760539487
0.5340589569160998,389.30206,0.0013413028791546822
0.5572789115646258,3492.0623,0.002151989843696356
0.5804988662131519,3426.075,0.002533955732360482
0.603718820861678,3405.8208,0.0031324035953730345
0.626938775510204,457.91647,0.003629883751273155
0.6501587301587302,406.81107,0.0031569749116897583
0.6733786848072563,445.0965,0.00230809161439538
0.6965986394557824,3427.17,0.002796631073579192
0.7198185941043084,374.0129,0.006884584203362465
0.7430385487528345,416.42386,0.011755615472793579
0.7662585034013606,509.6959,0.015409572049975395
0.7894784580498866,519.56213,0.019312076270580292
0.8126984126984127,516.7477,0.018132351338863373
0.8359183673469388,453.5734,0.016240714117884636
0.8591383219954649,467.4972,0.022715352475643158
0.8823582766439909,491.06247,0.06170794367790222
0.905578231292517,517.4668,0.0887133926153183
0.9287981859410431,533.2503,0.08729954808950424
0.9520181405895691,537.59436,0.09972638636827469
0.9752380952380952,535.3215,0.11355622112751007
0.9984580498866213,531.46155,0.1224060133099556
1.0216780045351475,535.8773,0.10832736641168594
1.0448979591836736,544.671,0.06279398500919342
1.0681179138321997,569.86285,0.0885571837425232
1.0913378684807256,622.3105,0.12082759290933609
1.1145578231292517,669.5254,0.10198454558849335
1.1377777777777778,975.0874,0.11675514280796051
1.1609977324263039,1006.2255,0.10190887004137039
1.18421768707483,1014.6471,0.11327798664569855
1.207437641723356,1022.1043,0.1293007731437683
1.2306575963718822,708.2554,0.11675411462783813
1.253877551020408,696.96234,0.09751247614622116
1.2770975056689342,666.55835,0.15850788354873657
1.3003174603174603,608.1199,0.08664985001087189
1.3235374149659864,561.20825,0.12131379544734955
1.3467573696145125,559.4726,0.12697744369506836
1.3699773242630386,552.4973,0.1271919161081314
1.3931972789115648,538.33374,0.07807324826717377
1.4164172335600906,511.22104,0.017248287796974182
1.4396371882086167,443.57913,0.01708179898560047
1.4628571428571429,402.4176,0.022905226796865463
1.486077097505669,415.39243,0.0254087895154953
1.509297052154195,433.58624,0.023582637310028076
1.5325170068027212,501.3219,0.023819683119654655
1.5557369614512473,437.97003,0.023081636056303978
1.5789569160997732,498.87064,0.022574234753847122
1.6021768707482993,439.22546,0.014991313219070435
1.6253968253968254,429.4571,0.008268559351563454
1.6486167800453515,384.09982,0.0025448373053222895
1.6718367346938776,320.9073,0.002391141140833497
1.6950566893424037,328.0512,0.0047755977138876915
1.7182766439909298,412.57092,0.00574665330350399
1.7414965986394557,378.59143,0.006096545606851578
1.7647165532879818,379.34906,0.006576429586857557
1.787936507936508,385.85825,0.006605046801269054
1.811156462585034,392.648,0.005535583011806011
1.8343764172335602,434.2141,0.004818198271095753
1.8575963718820863,434.35706,0.005633817985653877
1.8808163265306124,398.92776,0.0053239911794662476
1.9040362811791383,410.3874,0.006274111568927765
1.9272562358276644,409.50626,0.007584741804748774
1.9504761904761905,403.5511,0.0057422928512096405
1.9736961451247166,423.81262,0.004276735708117485
1.9969160997732427,410.34445,0.0032162340357899666
2.020136054421769,3349.029,0.0050881244242191315
2.043356009070295,398.6229,0.005677030421793461
2.066575963718821,415.05173,0.0062500848434865475
2.089795918367347,415.99268,0.00771330064162612
2.1130158730158732,396.179,0.004568501375615597
2.1362358276643993,3465.6924,0.0035745990462601185
2.159455782312925,3467.4062,0.004154346417635679
2.182675736961451,421.7907,0.003356190398335457
2.2058956916099772,367.25336,0.0007978029898367822
2.2291156462585033,362.22028,2.0314846551627852e-05
2.2523356009070294,0.0,9.060894626600202e-06
2.2755555555555556,0.0,8.630331649328582e-07
2.2987755102040817,0.0,2.776014298433438e-07
2.3219954648526078,0.0,1.9858180166920647e-07
2.345215419501134,0.0,2.9123293643351644e-07
2.36843537414966,0.0,3.246386768296361e-07
2.391655328798186,0.0,2.431961547699757e-07
2.414875283446712,0.0,1.0266285244142637e-07
2.4380952380952383,0.0,1.4183478924678639e-07
2.4613151927437644,0.0,1.56992427946534e-07
2.48453514739229,0.0,1.6388185031246394e-07
2.507755102040816,0.0,1.2173222785349935e-07
2.5309750566893423,0.0,1.6044214135035872e-07
2.5541950113378684,0.0,1.0387066140538082e-07
2.5774149659863945,0.0,4.5183696784079075e-08
2.6006349206349206,0.0,3.024979378096759e-08
2.6238548752834467,0.0,7.156813808251172e-08
2.647074829931973,0.0,7.903599907876924e-08
