0.0,0.0,6.435020623030141e-07
0.023219954648526078,0.0,4.93587322125677e-07
0.046439909297052155,0.0,5.347255864762701e-07
0.06965986394557823,0.0,4.5012075133854523e-07
0.09287981859410431,0.0,2.700353434192948e-07
0.11609977324263039,0.0,2.3058964870870113e-07
0.13931972789115646,0.0,1.2976761354366317e-07
0.16253968253968254,0.0,1.7775528249330819e-07
0.18575963718820862,0.0,1.3533917808672413e-07
0.2089795918367347,0.0,1.7108504835050553e-07
0.23219954648526078,0.0,1.2204418453620747e-07
0.25541950113378686,0.0,1.4102743080002256e-06
0.2786394557823129,240.00482,0.0005717437015846372
0.301859410430839,258.80185,0.001898230635561049
0.3250793650793651,534.68744,0.0026960689574480057
0.3482993197278912,554.00684,0.002858423627912998
0.37151927437641724,556.75116,0.0026903811376541853
0.3947392290249433,547.82245,0.002424609148874879
0.4179591836734694,534.97327,0.0024048788473010063
0.44117913832199546,531.64417,0.0023498418740928173
0.46439909297052157,526.6993,0.002339158207178116
0.4876190476190476,526.28235,0.0025521796196699142
0.5108390022675737,541.3864,0.002810866106301546
0.5340589569160998,511.88922,0.002523440169170499
0.5572789115646258,642.12866,0.0023057525977492332
0.5804988662131519,648.6692,0.003427999559789896
0.603718820861678,506.97247,0.004350395407527685
0.626938775510204,2029.5614,0.00469947000965476
0.6501587301587302,2043.5559,0.0038461582735180855
0.6733786848072563,1994.0054,0.0031583907548338175
0.6965986394557824,403.41754,0.0031889218371361494
0.7198185941043084,415.17563,0.00485196802765131
0.7430385487528345,382.14853,0.005814705044031143
0.7662585034013606,492.77087,0.007846656255424023
0.7894784580498866,402.70798,0.007233817130327225
0.8126984126984127,489.97955,0.006474998779594898
0.8359183673469388,484.24075,0.006091338582336903
0.8591383219954649,423.93857,0.006840480025857687
0.8823582766439909,622.3641,0.0106350127607584
0.905578231292517,595.1932,0.017594393342733383
0.9287981859410431,525.8717,0.02167779952287674
0.9520181405895691,526.1556,0.023061396554112434
0.9752380952380952,524.16003,0.022506577894091606
0.9984580498866213,526.93494,0.020449623465538025
1.0216780045351475,522.5701,0.012503078207373619
1.0448979591836736,627.0975,0.005757446400821209
1.0681179138321997,443.72226,0.00744403712451458
1.0913378684807256,405.38895,0.008270423859357834
1.1145578231292517,409.35684,0.007570903282612562
1.1377777777777778,415.09705,0.007248598150908947
1.1609977324263039,412.7754,0.007439854554831982
1.18421768707483,401.7246,0.007351250387728214
1.207437641723356,374.56448,0.006574148777872324
1.2306575963718822,1956.3058,0.005024570506066084
1.253877551020408,1938.7998,0.007102159783244133
1.2770975056689342,1945.1807,0.006078734528273344
1.3003174603174603,1903.7594,0.005746940150856972
1.3235374149659864,509.2273,0.005145965609699488
1.3467573696145125,987.2838,0.0046232277527451515
1.3699773242630386,980.65924,0.004362302366644144
1.3931972789115648,1934.9238,0.0033814702183008194
1.4164172335600906,623.18304,0.004480582661926746
1.4396371882086167,500.39035,0.003751148469746113
1.4628571428571429,257.81604,0.0035716926213353872
1.486077097505669,535.6445,0.0034819613210856915
1.509297052154195,544.5158,0.0025698188692331314
1.5325170068027212,517.2091,0.001580259995535016
1.5557369614512473,248.40013,0.0014388362178578973
1.5789569160997732,246.19388,0.0013899935875087976
1.6021768707482993,250.00992,0.0019307462498545647
1.6253968253968254,262.59863,0.002779145259410143
1.6486167800453515,611.0381,0.002724271733313799
1.6718367346938776,272.35617,0.0025626826100051403
1.6950566893424037,603.4169,0.0018097576685249805
1.7182766439909298,254.25975,0.0010983943939208984
1.7414965986394557,279.04715,0.0011049204040318727
1.7647165532879818,246.52687,0.0015437908004969358
1.787936507936508,295.21143,0.0025268145836889744
1.811156462585034,613.14075,0.0022572511807084084
1.8343764172335602,617.163,0.0016223196871578693
1.8575963718820863,302.29868,0.00048374710604548454
1.8808163265306124,257.20303,7.08457882865332e-05
1.9040362811791383,0.0,4.460534910322167e-06
1.9272562358276644,0.0,8.514480214216746e-07
1.9504761904761905,0.0,9.084124030778185e-08
1.9736961451247166,0.0,8.179449650924653e-08
1.9969160997732427,0.0,2.810520527418703e-08
2.020136054421769,0.0,7.177914085332304e-08
2.043356009070295,0.0,3.163768269587308e-08
2.066575963718821,0.0,4.716366674983874e-08
2.089795918367347,0.0,5.212496034801006e-08
2.1130158730158732,0.0,2.4238033802248538e-08
