0.0,0.0,6.148820830276236e-07
0.023219954648526078,0.0,8.186407285393216e-07
0.046439909297052155,0.0,4.549456207314506e-07
0.06965986394557823,0.0,5.73060788155999e-07
0.09287981859410431,0.0,5.810452421428636e-07
0.11609977324263039,0.0,3.4515687730163336e-07
0.13931972789115646,0.0,3.044378900085576e-07
0.16253968253968254,0.0,2.1814503270434216e-07
0.18575963718820862,0.0,3.169079718645662e-07
0.2089795918367347,0.0,2.883480192394927e-07
0.23219954648526078,0.0,1.401040208293125e-07
0.25541950113378686,0.0,1.7109050531871617e-07
0.2786394557823129,0.0,1.5888144844211638e-07
0.301859410430839,0.0,1.4049601304577664e-07
0.3250793650793651,0.0,1.108119249693118e-07
0.3482993197278912,0.0,9.096856956603006e-08
0.37151927437641724,0.0,5.7939359976444393e-08
0.3947392290249433,0.0,1.4613397070206702e-07
0.4179591836734694,0.0,1.0421445040265098e-07
0.44117913832199546,0.0,1.8796254153130576e-07
0.46439909297052157,0.0,1.5590012480970472e-07
0.4876190476190476,0.0,5.343281372915953e-07
0.5108390022675737,273.28275,7.060292409732938e-05
0.5340589569160998,405.23495,0.0001325002231169492
0.5572789115646258,827.3423,0.0002211448736488819
0.5804988662131519,866.7229,0.00023575720842927694
0.603718820861678,393.42795,0.00020510650938376784
0.626938775510204,264.19476,0.0001674004306551069
0.6501587301587302,276.85947,0.0001584943529451266
0.6733786848072563,260.88925,0.00023448490537703037
0.6965986394557824,271.2676,0.00040152459405362606
0.7198185941043084,879.55237,0.0005958874244242907
0.7430385487528345,944.9723,0.0007385069038718939
0.7662585034013606,986.35846,0.0007146564312279224
0.7894784580498866,960.9573,0.0006511292303912342
0.8126984126984127,931.0868,0.0005959227564744651
0.8359183673469388,933.87213,0.0005653247935697436
0.8591383219954649,316.72162,0.0007302770391106606
0.8823582766439909,735.19305,0.001380239613354206
0.905578231292517,739.2957,0.001417607069015503
0.9287981859410431,722.18036,0.0010765932966023684
0.9520181405895691,654.6646,0.0007954613538458943
0.9752380952380952,356.42194,0.0010851600673049688
0.9984580498866213,733.75165,0.0012323150876909494
1.0216780045351475,764.2371,0.0017195937689393759
1.0448979591836736,874.86395,0.002103284699842334
1.0681179138321997,881.5343,0.0022190422751009464
1.0913378684807256,775.2386,0.0017259956803172827
1.1145578231292517,386.32452,0.0015796299558132887
1.1377777777777778,360.07794,0.002035442739725113
1.1609977324263039,745.6299,0.0019181654788553715
1.18421768707483,772.1872,0.002059245016425848
1.207437641723356,794.6132,0.003056376473978162
1.2306575963718822,854.83624,0.0031325032468885183
1.253877551020408,859.0494,0.002579230349510908
1.2770975056689342,830.79114,0.0021177642047405243
1.3003174603174603,854.2098,0.002153236884623766
1.3235374149659864,866.54346,0.002927621128037572
1.3467573696145125,887.60455,0.0032557076774537563
1.3699773242630386,885.75543,0.0026570050977170467
1.3931972789115648,940.51306,0.0029679974541068077
1.4164172335600906,932.999,0.003553367219865322
1.4396371882086167,913.01855,0.0037409893702715635
1.4628571428571429,951.6793,0.003822704078629613
1.486077097505669,891.65784,0.002611214993521571
1.509297052154195,984.2325,0.0019067132379859686
1.5325170068027212,559.69226,0.0015074856346473098
1.5557369614512473,3439.8164,0.002064361236989498
1.5789569160997732,3391.3398,0.0020706476643681526
1.6021768707482993,3475.4521,0.0020880424417555332
1.6253968253968254,3559.1055,0.0021207360550761223
1.6486167800453515,3536.637,0.0021245081443339586
1.6718367346938776,3435.6318,0.003163666930049658
1.6950566893424037,539.8726,0.00363021157681942
1.7182766439909298,560.77203,0.005427127704024315
1.7414965986394557,559.1719,0.004498678259551525
1.7647165532879818,550.1726,0.003866863902658224
1.787936507936508,544.7257,0.0033886651508510113
1.811156462585034,548.3059,0.004170844331383705
1.8343764172335602,572.9568,0.005828074645251036
1.8575963718820863,1200.5393,0.011470040306448936
1.8808163265306124,616.5604,0.010981637053191662
1.9040362811791383,614.9512,0.005890747532248497
1.9272562358276644,729.5229,0.0036298921331763268
1.9504761904761905,711.43756,0.0030006500892341137
1.9736961451247166,593.1098,0.003122202819213271
1.9969160997732427,688.9456,0.0071716997772455215
2.020136054421769,546.6154,0.006546412128955126
2.043356009070295,611.3011,0.00726259034126997
2.066575963718821,615.3866,0.006863890215754509
2.089795918367347,619.0121,0.00572894886136055
2.1130158730158732,616.7646,0.0058106533251702785
2.1362358276643993,3598.925,0.004101841244846582
2.159455782312925,3445.7014,0.003060681279748678
2.182675736961451,3685.8823,0.003580549731850624
2.2058956916099772,567.66693,0.0031977940816432238
2.2291156462585033,3596.123,0.0026882654055953026
2.2523356009070294,3548.8455,0.0032355771400034428
2.2755555555555556,562.4817,0.004569309297949076
2.2987755102040817,528.1938,0.00582905812188983
2.3219954648526078,505.9824,0.0065378230065107346
2.345215419501134,488.30417,0.006526871584355831
2.36843537414966,498.33282,0.00574985146522522
2.391655328798186,502.26895,0.005281437188386917
2.414875283446712,483.51294,0.005128467455506325
2.4380952380952383,422.00598,0.004029055126011372
2.4613151927437644,406.86633,0.002663527149707079
2.48453514739229,438.7753,0.002327883616089821
2.507755102040816,3486.9514,0.002431014319881797
2.5309750566893423,3566.2632,0.0021289074793457985
2.5541950113378684,447.1337,0.0021881936118006706
2.5774149659863945,3586.2559,0.0020574796944856644
2.6006349206349206,3487.17,0.001957249827682972
2.6238548752834467,748.9394,0.0017190405633300543
2.647074829931973,715.64484,0.001610807841643691
2.670294784580499,703.7952,0.00178006652276963
2.693514739229025,830.12744,0.001523422310128808
2.716734693877551,869.5848,0.0014348055701702833
2.7399546485260773,864.76373,0.0017147224862128496
2.7631746031746034,751.35406,0.001762254862114787
2.7863945578231295,734.3478,0.0012662999797612429
2.809614512471655,710.0531,0.001171007053926587
2.8328344671201813,352.03998,0.0012251145672053099
2.8560544217687074,719.5583,0.001459653489291668
2.8792743764172335,732.1626,0.0014355168677866459
2.9024943310657596,729.5329,0.001179449143819511
2.9257142857142857,719.9822,0.0009769152384251356
2.948934240362812,354.5987,0.000909068388864398
2.972154195011338,343.23822,0.0008305220399051905
2.995374149659864,877.21027,0.0012002652511000633
3.01859410430839,287.81946,0.0011358840856701136
3.0418140589569163,441.02438,0.0007992323953658342
3.0650340136054424,953.6586,0.0008411030285060406
3.0882539682539685,916.7837,0.0008541731513105333
3.1114739229024946,867.565,0.0009827842004597187
3.1346938775510207,276.20874,0.00042155408300459385
3.1579138321995464,260.23508,0.0005036091897636652
3.1811337868480725,263.12225,0.000518792134243995
3.2043537414965986,283.05396,0.0005321699427440763
3.2275736961451247,283.6849,0.0005083306459710002
3.250793650793651,279.22296,0.0004565331037156284
3.274013605442177,272.58615,0.0003848701308015734
3.297233560090703,268.16986,0.00037314524524845183
3.320453514739229,268.4936,0.00038427795516327024
3.3436734693877552,259.64032,0.0006013100501149893
3.3668934240362813,287.45386,0.0007394771091639996
3.3901133786848074,427.17117,0.0007036721217446029
3.4133333333333336,289.572,0.00047092681052163243
3.4365532879818597,262.20584,0.000439265975728631
3.4597732426303858,248.98761,0.0003756695077754557
3.4829931972789114,246.26207,0.00040172613807953894
3.5062131519274375,253.27985,0.000525337120052427
3.5294331065759637,268.4277,0.0007063226075842977
3.5526530612244898,294.39474,0.0006190998246893287
3.575873015873016,291.06577,0.00045418087393045425
3.599092970521542,260.48846,0.0004804131749551743
3.622312925170068,270.4836,0.0004218519607093185
3.645532879818594,262.27963,0.00038828211836516857
3.6687528344671203,246.477,0.0004059284692630172
3.6919727891156464,252.49155,0.0004354393167886883
3.7151927437641725,264.9678,0.000686629384290427
3.7384126984126986,292.70456,0.0006611512508243322
3.7616326530612247,291.6795,0.0005134440725669265
3.784852607709751,263.907,0.0005215550190769136
3.8080725623582765,312.8163,0.0004229741171002388
3.8312925170068026,249.88644,0.00040193082531914115
3.8545124716553287,253.27397,0.0004272855003364384
3.877732426303855,262.16772,0.0006270743906497955
3.900952380952381,291.2733,0.0006789808394387364
3.924172335600907,432.3681,0.0006152462447062135
3.947392290249433,288.88425,0.0004983678227290511
3.9706122448979593,251.92795,0.00037185358814895153
3.9938321995464854,242.86852,0.00035930206649936736
4.017052154195011,244.37537,0.00043005129555240273
4.040272108843538,424.48038,0.00044780285679735243
4.063492063492063,425.51575,0.0005568051710724831
4.08671201814059,289.8618,0.0005173594690859318
4.1099319727891155,287.5849,0.0004865849332418293
4.133151927437642,258.37332,0.00042645877692848444
4.156371882086168,319.76962,0.00033936568070203066
4.179591836734694,429.2254,0.00035466859117150307
4.20281179138322,261.9723,0.000479706417536363
4.2260317460317465,292.36853,0.0004568772856146097
4.249251700680272,291.90677,0.000250135431997478
4.272471655328799,266.57654,0.000121265125926584
4.295691609977324,262.04214,7.072403968777508e-05
4.31891156462585,263.33557,2.92030927084852e-05
4.342131519274377,0.0,6.39362679066835e-06
4.365351473922902,0.0,1.017803697322961e-06
4.388571428571429,0.0,5.186420821701176e-07
4.4117913832199545,0.0,3.396180545678362e-07
4.435011337868481,0.0,9.549876267556101e-08
4.458231292517007,0.0,1.3652152119902894e-07
4.481451247165533,0.0,1.551616151118651e-07
4.504671201814059,0.0,1.208063622470945e-07
4.527891156462585,0.0,1.0016810847446322e-07
4.551111111111111,0.0,1.4969464245950803e-07
4.574331065759638,0.0,1.236185198649764e-07
4.597551020408163,0.0,1.6683770809322596e-07
4.62077097505669,0.0,6.658501661149785e-08
4.6439909297052155,0.0,1.3708631740882993e-07
4.667210884353741,0.0,3.4506592783145607e-07
4.690430839002268,0.0,1.2720283848466352e-07
