0.0,0.0,9.041741577675566e-08
0.023219954648526078,0.0,1.4451052265940234e-07
0.046439909297052155,0.0,4.665707820095122e-08
0.06965986394557823,0.0,2.7025635063182563e-08
0.09287981859410431,0.0,5.542551662074402e-08
0.11609977324263039,0.0,9.359609975945204e-08
0.13931972789115646,0.0,8.589267963543534e-08
0.16253968253968254,0.0,3.307122824480757e-07
0.18575963718820862,0.0,5.075471563031897e-07
0.2089795918367347,0.0,4.523117240751162e-07
0.23219954648526078,504.49655,1.545800841995515e-05
0.25541950113378686,103.672745,6.079612285248004e-05
0.2786394557823129,478.55777,0.00024878798285499215
0.301859410430839,133.6455,0.0005371076986193657
0.3250793650793651,2421.2998,0.0005676776636391878
0.3482993197278912,2436.3525,0.0004748654318973422
0.37151927437641724,252.37158,0.000547374424058944
0.3947392290249433,541.56,0.0006156223244033754
0.4179591836734694,535.273,0.0006832514191046357
0.44117913832199546,485.8502,0.000633490621112287
0.46439909297052157,521.4678,0.0007500715437345207
0.4876190476190476,529.4245,0.001038587768562138
0.5108390022675737,526.51044,0.0009824754670262337
0.5340589569160998,523.9371,0.0006771410116925836
0.5572789115646258,530.01697,0.0004669394693337381
0.5804988662131519,1423.422,0.0006660852814093232
0.603718820861678,523.4215,0.0012614207807928324
0.626938775510204,526.4494,0.0011826155241578817
0.6501587301587302,519.27277,0.001008163788355887
0.6733786848072563,522.6915,0.0013229975011199713
0.6965986394557824,680.7348,0.0016729176277294755
0.7198185941043084,521.149,0.0015790893230587244
0.7430385487528345,519.6315,0.0018211437854915857
0.7662585034013606,518.9743,0.0011590588837862015
0.7894784580498866,2533.9197,0.0015952684916555882
0.8126984126984127,1376.7151,0.00196261890232563
0.8359183673469388,1375.2742,0.001738992054015398
0.8591383219954649,698.31354,0.001661547925323248
0.8823582766439909,514.43,0.0014990429626777768
0.905578231292517,523.8432,0.0011537467362359166
0.9287981859410431,702.75824,0.001554660964757204
0.9520181405895691,703.5774,0.001390974037349224
0.9752380952380952,535.6714,0.0011982767609879375
0.9984580498866213,525.24817,0.00099799910094589
1.0216780045351475,1381.1033,0.0007136702770367265
1.0448979591836736,502.30466,0.000686117447912693
1.0681179138321997,522.32117,0.0015541885513812304
1.0913378684807256,501.75525,0.0033428531605750322
1.1145578231292517,439.698,0.0033994053956121206
1.1377777777777778,474.51865,0.0023004743270576
1.1609977324263039,520.8669,0.0023283702321350574
1.18421768707483,2561.089,0.0014539894182235003
1.207437641723356,657.83966,0.0015409390907734632
1.2306575963718822,521.7025,0.0022507337853312492
1.253877551020408,501.88818,0.005036673508584499
1.2770975056689342,510.94992,0.009608718566596508
1.3003174603174603,516.44714,0.006429890636354685
1.3235374149659864,655.5527,0.0033360584639012814
1.3467573696145125,2379.1404,0.0028790258802473545
1.3699773242630386,2387.3445,0.003223040606826544
1.3931972789115648,675.2859,0.004339232109487057
1.4164172335600906,673.9277,0.008594074286520481
1.4396371882086167,680.4313,0.011266001500189304
1.4628571428571429,681.47833,0.008160061202943325
1.486077097505669,691.2737,0.0063127512112259865
1.509297052154195,2400.8872,0.004392863716930151
1.5325170068027212,655.5542,0.006126372143626213
1.5557369614512473,685.1476,0.01842832751572132
1.5789569160997732,601.45215,0.03319930657744408
1.6021768707482993,617.8379,0.04104455187916756
1.6253968253968254,622.65076,0.037161365151405334
1.6486167800453515,617.616,0.01284699235111475
1.6718367346938776,657.6157,0.005285841412842274
1.6950566893424037,680.27594,0.004084102343767881
1.7182766439909298,668.1642,0.0035821287892758846
1.7414965986394557,678.2275,0.00455098319798708
1.7647165532879818,668.83746,0.006263000424951315
1.787936507936508,661.80896,0.004986145533621311
1.811156462585034,657.19495,0.00428997166454792
1.8343764172335602,529.6326,0.003469001967459917
1.8575963718820863,688.51843,0.0032803681679069996
1.8808163265306124,1361.5906,0.003454997204244137
1.9040362811791383,1362.315,0.004529909230768681
1.9272562358276644,1393.962,0.0040189302526414394
1.9504761904761905,688.9199,0.005599743686616421
1.9736961451247166,680.4397,0.003986526746302843
1.9969160997732427,1384.9843,0.002956059295684099
2.020136054421769,1361.0204,0.002318671438843012
2.043356009070295,1356.294,0.0017365867970511317
2.066575963718821,1355.3861,0.0015002484433352947
2.089795918367347,2690.8997,0.0014076721854507923
2.1130158730158732,2700.0134,0.0014130598865449429
2.1362358276643993,529.9493,0.001227198401466012
2.159455782312925,539.6474,0.0010338317370042205
2.182675736961451,681.5583,0.0013905179221183062
2.2058956916099772,675.52094,0.002971937879920006
2.2291156462585033,659.3054,0.0027249210979789495
2.2523356009070294,666.6701,0.000981210032477975
2.2755555555555556,1390.3717,0.0011457718210294843
2.2987755102040817,668.1275,0.0008911036420613527
2.3219954648526078,2748.0488,0.000722626456990838
2.345215419501134,1371.2737,0.001661402522586286
2.36843537414966,668.133,0.0019162637181580067
2.391655328798186,669.763,0.0013682895805686712
2.414875283446712,2755.9062,0.0018754247575998306
2.4380952380952383,2784.1147,0.0021949107758700848
2.4613151927437644,659.5052,0.002513800049200654
2.48453514739229,534.9602,0.002026055473834276
2.507755102040816,663.47424,0.0007515356410294771
2.5309750566893423,548.74915,0.00044316588900983334
2.5541950113378684,545.03375,0.001000378280878067
2.5774149659863945,2782.3079,0.0011498394887894392
2.6006349206349206,2810.8608,0.0012158781755715609
2.6238548752834467,2825.028,0.0014954444486647844
2.647074829931973,2823.8198,0.0012701782397925854
2.670294784580499,2791.0498,0.0009009936475194991
2.693514739229025,2713.2603,0.0009297995129600167
2.716734693877551,2679.7239,0.0008453374030068517
2.7399546485260773,2687.381,0.0008932646596804261
2.7631746031746034,2722.6836,0.0010950713185593486
2.7863945578231295,2788.5303,0.0012598714092746377
2.809614512471655,2835.707,0.0009811754571273923
2.8328344671201813,2832.0928,0.0007787967333570123
2.8560544217687074,2784.0605,0.0007194673526100814
2.8792743764172335,2775.677,0.0006176839233376086
2.9024943310657596,2753.8728,0.0007337028509937227
2.9257142857142857,2760.2732,0.0005938218673691154
2.948934240362812,2760.505,0.0005122655420564115
2.972154195011338,2727.3132,0.0004854376893490553
2.995374149659864,2689.6926,0.0004659531405195594
3.01859410430839,2679.5361,0.000462468306068331
3.0418140589569163,2689.8745,0.00046367308823391795
3.0650340136054424,2712.0684,0.0007334761321544647
3.0882539682539685,2756.7297,0.0007162467227317393
3.1114739229024946,2788.7708,0.0004305079346522689
3.1346938775510207,2741.301,0.00044012023136019707
3.1579138321995464,2740.0454,0.00044874666491523385
3.1811337868480725,2759.4636,0.000566789647564292
3.2043537414965986,2708.8528,0.0006439841818064451
3.2275736961451247,2717.873,0.0006893872632645071
3.250793650793651,2759.496,0.0006238006753847003
3.274013605442177,2744.5283,0.0005898973322473466
3.297233560090703,2755.8074,0.0007509947754442692
3.320453514739229,2786.0054,0.00046654490870423615
3.3436734693877552,2749.4055,0.0004694013041444123
3.3668934240362813,1412.4377,0.0005746768438257277
3.3901133786848074,2671.7488,0.0005331491120159626
3.4133333333333336,2690.2778,0.0005063494900241494
3.4365532879818597,2703.4634,0.0005431422032415867
3.4597732426303858,2725.937,0.0005135537358000875
3.4829931972789114,2775.109,0.0005458710948005319
3.5062131519274375,2729.8264,0.0003096447908319533
3.5294331065759637,2740.7263,0.0005372885498218238
3.5526530612244898,2769.6191,0.0005975948879495263
3.575873015873016,2734.1606,0.00045650958782061934
3.599092970521542,2729.3445,0.000603345746640116
3.622312925170068,2714.6692,0.0007195633370429277
3.645532879818594,2754.808,0.00016403268091380596
3.6687528344671203,405.1235,4.600948886945844e-05
3.6919727891156464,146.50174,4.231739876559004e-05
3.7151927437641725,0.0,1.365837306366302e-06
3.7384126984126986,0.0,1.0738476703409106e-06
3.7616326530612247,0.0,4.856019586441107e-07
3.784852607709751,0.0,9.184141163132153e-07
3.8080725623582765,0.0,1.5272389646270312e-06
3.8312925170068026,0.0,1.0545109034865163e-06
3.8545124716553287,0.0,1.3501985449693166e-06
3.877732426303855,0.0,1.90188529813895e-06
3.900952380952381,0.0,2.7527503334567882e-06
3.924172335600907,0.0,2.6050447559100576e-06
3.947392290249433,0.0,1.2470873116399162e-06
3.9706122448979593,0.0,3.9506994653493166e-07
3.9938321995464854,0.0,1.1676547728711739e-07
4.017052154195011,0.0,2.2254607756622136e-07
4.040272108843538,0.0,1.2319378583924845e-07
4.063492063492063,0.0,1.7747515812516212e-07
4.08671201814059,0.0,4.238800102029927e-07
4.1099319727891155,0.0,2.5762074074009433e-07
4.133151927437642,0.0,1.2296823115320876e-07
4.156371882086168,0.0,1.968510332517326e-08
