0.0,0.0,3.6300934880273417e-07
0.023219954648526078,0.0,8.359438652405515e-08
0.046439909297052155,0.0,2.0466723071876913e-07
0.06965986394557823,0.0,2.6678117137635127e-07
0.09287981859410431,0.0,4.3824002204928547e-07
0.11609977324263039,0.0,4.2514056985965e-07
0.13931972789115646,0.0,3.266641215304844e-07
0.16253968253968254,0.0,1.5360001270892099e-07
0.18575963718820862,0.0,1.1902011465281248e-07
0.2089795918367347,0.0,3.635323082562536e-07
0.23219954648526078,0.0,4.660440026782453e-06
0.25541950113378686,88.5156,1.3549514733313117e-05
0.2786394557823129,87.972855,2.549469718360342e-05
0.301859410430839,287.64276,2.1048930648248643e-05
0.3250793650793651,2597.0447,0.0001092341699404642
0.3482993197278912,2571.5596,0.00022775193792767823
0.37151927437641724,2607.6672,0.0003866101906169206
0.3947392290249433,2623.4048,0.0005376834305934608
0.4179591836734694,2626.2468,0.000584631459787488
0.44117913832199546,2634.0872,0.0003538437304086983
0.46439909297052157,2589.739,0.00043811165960505605
0.4876190476190476,2595.5437,0.0005283837672322989
0.5108390022675737,2600.4055,0.0005974548403173685
0.5340589569160998,2615.6318,0.0007081210496835411
0.5572789115646258,2571.0273,0.0008894284255802631
0.5804988662131519,2601.0598,0.0006832421058788896
0.603718820861678,2596.0,0.0007600233657285571
0.626938775510204,2441.6033,0.0004329487564973533
0.6501587301587302,2587.3547,0.0004302269662730396
0.6733786848072563,2522.0803,0.0005109206540510058
0.6965986394557824,2515.7178,0.0004921832005493343
0.7198185941043084,2548.3914,0.0006828276673331857
0.7430385487528345,2557.275,0.0006852387450635433
0.7662585034013606,2564.2595,0.0007893310394138098
0.7894784580498866,2620.9075,0.0006458478164859116
0.8126984126984127,2610.799,0.000695837545208633
0.8359183673469388,2605.475,0.0004870863340329379
0.8591383219954649,2594.734,0.000843158399220556
0.8823582766439909,2604.219,0.0011336409952491522
0.905578231292517,2615.0208,0.0008875641506165266
0.9287981859410431,2642.7131,0.001159118372015655
0.9520181405895691,2626.6833,0.0007746356423012912
0.9752380952380952,2628.303,0.0008380330400541425
0.9984580498866213,2629.4536,0.0006197548937052488
1.0216780045351475,2632.7195,0.0007010147674009204
1.0448979591836736,2641.3188,0.0007040457567200065
1.0681179138321997,2638.0493,0.0008850591257214546
1.0913378684807256,2545.9907,0.000991919543594122
1.1145578231292517,2580.5417,0.0007669659098610282
1.1377777777777778,2607.1477,0.0008880981476977468
1.1609977324263039,2619.2153,0.0007101175142452121
1.18421768707483,2615.054,0.0006361916312016547
1.207437641723356,2600.9805,0.0008524884469807148
1.2306575963718822,2629.0984,0.0009312383481301367
1.253877551020408,2656.4468,0.0011973351938650012
1.2770975056689342,2690.976,0.0014298693276941776
1.3003174603174603,2604.2031,0.0009261970990337431
1.3235374149659864,2669.4512,0.0009130784892477095
1.3467573696145125,2612.1194,0.0017656398704275489
1.3699773242630386,2596.0308,0.0012018528068438172
1.3931972789115648,2568.5186,0.0020867332350462675
1.4164172335600906,2616.7634,0.0023444504477083683
1.4396371882086167,2609.7654,0.0018459826242178679
1.4628571428571429,2594.4832,0.0017905455315485597
1.486077097505669,2560.9412,0.0016749745700508356
1.509297052154195,2601.895,0.002678521675989032
1.5325170068027212,2619.186,0.0016208648448809981
1.5557369614512473,2573.5505,0.001614995300769806
1.5789569160997732,2610.3396,0.0018931042868644
1.6021768707482993,2492.7666,0.0029717781580984592
1.6253968253968254,2572.2244,0.0024951337836682796
1.6486167800453515,2593.524,0.001606471836566925
1.6718367346938776,2538.5728,0.0013699664268642664
1.6950566893424037,2518.406,0.001796756056137383
1.7182766439909298,2635.6946,0.0020082308910787106
1.7414965986394557,2606.3826,0.0016210703179240227
1.7647165532879818,2565.2422,0.0012636505998671055
1.787936507936508,2532.631,0.0011681703617796302
1.811156462585034,2512.056,0.001236407202668488
1.8343764172335602,2523.1633,0.00153822242282331
1.8575963718820863,2560.9797,0.0011713991407305002
1.8808163265306124,2566.1829,0.001148801762610674
1.9040362811791383,2630.6204,0.0016318665584549308
1.9272562358276644,2539.9949,0.0017119816038757563
1.9504761904761905,2514.7979,0.0018759099766612053
1.9736961451247166,2522.2314,0.001575089292600751
1.9969160997732427,2528.5203,0.0018393696518614888
2.020136054421769,2524.0198,0.001388138858601451
2.043356009070295,2547.728,0.0009339820826426148
2.066575963718821,2569.5508,0.0008504987927153707
2.089795918367347,2494.8206,0.0012040105648338795
2.1130158730158732,2457.4902,0.0008705505169928074
2.1362358276643993,2504.6575,0.0011890053283423185
2.159455782312925,2479.4446,0.0008182514575310051
2.182675736961451,2588.1804,0.0007345844060182571
2.2058956916099772,2556.9314,0.0006157474126666784
2.2291156462585033,2545.3254,0.0005180396256037056
2.2523356009070294,2529.1772,0.00039222752093337476
2.2755555555555556,2506.0125,0.0002832709578797221
2.2987755102040817,2634.2925,0.00039656212902627885
2.3219954648526078,2529.3745,0.00048692867858335376
2.345215419501134,2512.017,0.00030216702725738287
2.36843537414966,2614.031,0.00031905126525089145
2.391655328798186,2601.871,0.00045475573278963566
2.414875283446712,2606.4673,0.00043741153785958886
2.4380952380952383,2520.4229,0.00043357210233807564
2.4613151927437644,2553.993,0.00033876203815452754
2.48453514739229,2555.9644,0.0003494912525638938
2.507755102040816,2561.1506,0.00019265827722847462
2.5309750566893423,2538.2021,0.00040022097527980804
2.5541950113378684,2563.8132,0.0003838880220428109
2.5774149659863945,2541.8066,0.0005647047655656934
2.6006349206349206,2497.567,0.00036098810960538685
2.6238548752834467,2568.662,0.000427938939537853
2.647074829931973,2529.3623,0.0004602762055583298
2.670294784580499,2553.8123,0.00047909084241837263
2.693514739229025,2539.6519,0.00038428098196163774
2.716734693877551,2588.7793,0.00023528096789959818
2.7399546485260773,2595.8196,0.00020767157548107207
2.7631746031746034,2578.19,0.0003141490160487592
2.7863945578231295,2524.335,0.0003523672930896282
2.809614512471655,2562.3691,0.00039649789687246084
2.8328344671201813,2550.5425,0.00032847485272213817
2.8560544217687074,2548.658,0.0003351112245582044
2.8792743764172335,2552.5422,0.00047428905963897705
2.9024943310657596,2514.0178,0.00043292544432915747
2.9257142857142857,2504.2148,0.000463203206891194
2.948934240362812,2543.7898,0.000788407283835113
2.972154195011338,2501.353,0.0005327086546458304
2.995374149659864,2525.3965,0.0003782919957302511
3.01859410430839,2516.789,0.00037198737845756114
3.0418140589569163,2511.1013,0.00045804481487721205
3.0650340136054424,2537.0864,0.00039607705548405647
3.0882539682539685,2556.0444,0.00025917126913554966
3.1114739229024946,2548.8992,0.00035737542202696204
3.1346938775510207,2534.785,0.00038665131432935596
3.1579138321995464,2503.9797,0.0003198230406269431
3.1811337868480725,2483.903,0.00027553620748221874
3.2043537414965986,2509.6697,0.0002616243436932564
3.2275736961451247,2466.7512,0.00022810859081801027
3.250793650793651,2426.456,0.00018867696053348482
3.274013605442177,2412.1968,0.00023125809093471617
3.297233560090703,2433.0405,0.00017468715668655932
3.320453514739229,2515.8271,0.00023005797993391752
3.3436734693877552,2550.6719,0.00033156419522129
3.3668934240362813,2569.2683,0.0002589502837508917
3.3901133786848074,2597.0117,0.0002672431292012334
3.4133333333333336,2611.1472,0.00024132226826623082
3.4365532879818597,2633.9797,0.00031571477302350104
3.4597732426303858,2575.5562,0.00032823579385876656
3.4829931972789114,2570.4666,0.000390125613193959
3.5062131519274375,2581.0552,0.0003094869898632169
3.5294331065759637,2580.6687,0.00039361213566735387
3.5526530612244898,2594.864,0.00038458406925201416
3.575873015873016,2600.2605,0.0002563190064392984
3.599092970521542,2636.0127,0.00022739441192243248
3.622312925170068,2650.9214,0.0002824279945343733
3.645532879818594,2604.038,0.0002849794691428542
3.6687528344671203,2625.1118,0.00031105231028050184
3.6919727891156464,2625.465,0.00032449030550196767
3.7151927437641725,2601.7502,0.0002581364242359996
3.7384126984126986,2654.4697,0.00017923975246958435
3.7616326530612247,2682.1943,0.00014759365876670927
3.784852607709751,2716.8472,0.00013912201393395662
3.8080725623582765,2570.2695,0.00020508523448370397
3.8312925170068026,2514.565,0.0001916647597681731
3.8545124716553287,2515.3618,0.0002088765031658113
3.877732426303855,2539.4846,8.072309719864279e-05
3.900952380952381,2589.2815,6.323368870653212e-05
3.924172335600907,136.52226,4.046710819238797e-05
3.947392290249433,0.0,3.722927431226708e-06
3.9706122448979593,0.0,1.3898352335672826e-06
3.9938321995464854,0.0,2.1037885744590312e-07
4.017052154195011,0.0,1.0693202057154849e-07
4.040272108843538,0.0,1.816551957745105e-07
4.063492063492063,0.0,1.512480594101362e-07
4.08671201814059,0.0,2.0815605239477009e-07
4.1099319727891155,0.0,2.1024789020884782e-07
4.133151927437642,0.0,2.5526242097839713e-07
4.156371882086168,0.0,1.9501112547004595e-07
4.179591836734694,0.0,1.8764421838568524e-07
4.20281179138322,0.0,2.1140840544831008e-07
4.2260317460317465,0.0,1.6439116734545678e-07
4.249251700680272,0.0,3.737823135452345e-07
4.272471655328799,0.0,1.1189149518031627e-07
4.295691609977324,0.0,6.262143870117143e-08
4.31891156462585,0.0,7.957987691042945e-08
4.342131519274377,0.0,3.6179699236527085e-08
4.365351473922902,0.0,1.1751581041608006e-07
4.388571428571429,0.0,9.623272489989176e-08
4.4117913832199545,0.0,1.3196677173255011e-07
4.435011337868481,0.0,6.020854925736785e-09
