0.0,0.0,6.722975740558468e-07
0.023219954648526078,0.0,7.724411261733621e-07
0.046439909297052155,0.0,2.623492036946118e-07
0.06965986394557823,0.0,1.9493654690450057e-07
0.09287981859410431,0.0,6.6522989072836936e-06
0.11609977324263039,344.96027,0.0002141150616807863
0.13931972789115646,274.89948,0.0006336016813293099
0.16253968253968254,284.46405,0.0010945708490908146
0.18575963718820862,376.96533,0.002111328300088644
0.2089795918367347,402.14566,0.001965599600225687
0.23219954648526078,405.7165,0.002025557216256857
0.25541950113378686,392.7983,0.0024396555963903666
0.2786394557823129,393.61844,0.002020883373916149
0.301859410430839,404.9953,0.003430528100579977
0.3250793650793651,382.9622,0.0034148027189075947
0.3482993197278912,398.3859,0.0032634022645652294
0.37151927437641724,458.1725,0.0031610322184860706
0.3947392290249433,451.92047,0.0030676701571792364
0.4179591836734694,413.09814,0.002878601662814617
0.44117913832199546,450.71796,0.0015244284877553582
0.46439909297052157,476.89145,0.002143462188541889
0.4876190476190476,409.21402,0.004004074726253748
0.5108390022675737,836.2717,0.0068541234359145164
0.5340589569160998,868.0996,0.002806000877171755
0.5572789115646258,862.19946,0.0027358699589967728
0.5804988662131519,2750.297,0.0018529093358665705
0.603718820861678,550.0644,0.0029212026856839657
0.626938775510204,898.7771,0.004077666439116001
0.6501587301587302,395.93182,0.0070914882235229015
0.6733786848072563,401.49527,0.011637698858976364
0.6965986394557824,405.92102,0.010732900351285934
0.7198185941043084,357.9966,0.0037517305463552475
0.7430385487528345,385.5552,0.0032150913029909134
0.7662585034013606,316.8351,0.005640716757625341
0.7894784580498866,906.49536,0.0032387617975473404
0.8126984126984127,404.1668,0.004744729492813349
0.8359183673469388,286.17242,0.004526769742369652
0.8591383219954649,288.55975,0.003714731428772211
0.8823582766439909,289.2897,0.0031969270203262568
0.905578231292517,323.16388,0.002350510098040104
0.9287981859410431,253.63565,0.0015521119348704815
0.9520181405895691,466.03888,0.002331752795726061
0.9752380952380952,452.8769,0.0024440563283860683
0.9984580498866213,387.09354,0.002092000562697649
1.0216780045351475,459.5076,0.001491716131567955
1.0448979591836736,452.43506,0.0016412250697612762
1.0681179138321997,460.47906,0.0015992550179362297
1.0913378684807256,449.45755,0.0013603742700070143
1.1145578231292517,450.6748,0.0010355161502957344
1.1377777777777778,385.65414,0.0010208399035036564
1.1609977324263039,388.9173,0.0008668253431096673
1.18421768707483,391.395,0.0010496341856196523
1.207437641723356,436.73663,0.0008189636282622814
1.2306575963718822,383.8234,0.0007853825809434056
1.253877551020408,376.354,0.0007895589806139469
1.2770975056689342,385.87906,0.0005875025526620448
1.3003174603174603,450.2327,0.0006740692770108581
1.3235374149659864,450.0837,0.0006452187080867589
1.3467573696145125,385.9728,0.0005521773127838969
1.3699773242630386,2475.352,0.0005095188971608877
1.3931972789115648,457.88617,0.0006113526760600507
1.4164172335600906,451.35773,0.0010633415076881647
1.4396371882086167,388.2134,0.0010146833956241608
1.4628571428571429,386.85287,0.000607104622758925
1.486077097505669,452.58008,0.00037846132181584835
1.509297052154195,383.5801,0.00036643692874349654
1.5325170068027212,294.84418,0.0001081726368283853
1.5557369614512473,176.3592,9.591254638507962e-05
1.5789569160997732,194.36668,7.05970887793228e-05
1.6021768707482993,0.0,7.296055628103204e-06
1.6253968253968254,0.0,6.939591003174428e-06
1.6486167800453515,0.0,7.345652193180285e-07
1.6718367346938776,0.0,3.165696398355067e-07
1.6950566893424037,0.0,1.7313141142949462e-07
1.7182766439909298,0.0,1.1212341632926837e-07
1.7414965986394557,0.0,1.7074398783734068e-07
1.7647165532879818,0.0,1.5529531083302572e-07
