0.0,0.0,6.848313205409795e-08
0.023219954648526078,0.0,2.8427166398614645e-08
0.046439909297052155,0.0,6.598929758183658e-08
0.06965986394557823,0.0,1.268672349397093e-07
0.09287981859410431,0.0,4.095555595995393e-06
0.11609977324263039,145.32474,4.6003886382095516e-05
0.13931972789115646,607.1903,8.970998169388622e-05
0.16253968253968254,611.4909,0.00012167147360742092
0.18575963718820862,631.1781,0.00017750286497175694
0.2089795918367347,616.46655,0.000266142247710377
0.23219954648526078,606.9051,0.00028032681439071894
0.25541950113378686,592.2316,0.0003662325325421989
0.2786394557823129,548.971,0.0002708981337491423
0.301859410430839,549.99567,0.00018739071674644947
0.3250793650793651,542.51465,0.0001857119204942137
0.3482993197278912,637.80804,0.00017054314957931638
0.37151927437641724,541.4322,0.00021425914019346237
0.3947392290249433,638.188,0.0003211370203644037
0.4179591836734694,544.7003,0.0003779350081458688
0.44117913832199546,537.7901,0.0005251107504591346
0.46439909297052157,574.0467,0.0007270314963534474
0.4876190476190476,649.09235,0.0007737533887848258
0.5108390022675737,632.50134,0.0009946185164153576
0.5340589569160998,677.6835,0.0011061050463467836
0.5572789115646258,664.9277,0.0014065788127481937
0.5804988662131519,476.37885,0.0014998819679021835
0.603718820861678,549.5699,0.0013067799154669046
0.626938775510204,565.8214,0.0022159276995807886
0.6501587301587302,586.8486,0.002103286562487483
0.6733786848072563,565.4868,0.001326270867139101
0.6965986394557824,536.47833,0.0011155623942613602
0.7198185941043084,544.50934,0.0015044285682961345
0.7430385487528345,614.81903,0.002215075772255659
0.7662585034013606,728.78235,0.002375695388764143
0.7894784580498866,241.33896,0.0021766475401818752
0.8126984126984127,554.1966,0.0021105799823999405
0.8359183673469388,557.4142,0.0024353100452572107
0.8591383219954649,556.3665,0.0027215792797505856
0.8823582766439909,541.92615,0.002964272163808346
0.905578231292517,543.5168,0.0030139945447444916
0.9287981859410431,546.8283,0.0032263959292322397
0.9520181405895691,548.9173,0.0029498040676116943
0.9752380952380952,546.108,0.0019445355283096433
0.9984580498866213,236.99083,0.0017130933701992035
1.0216780045351475,726.0497,0.0009379205293953419
1.0448979591836736,608.2922,0.000583359447773546
1.0681179138321997,586.8852,0.0008114813826978207
1.0913378684807256,593.77203,0.0009391042403876781
1.1145578231292517,597.99774,0.0006229702848941088
1.1377777777777778,554.06824,0.0008218170260079205
1.1609977324263039,514.0142,0.0006254892796278
1.18421768707483,531.0755,0.0003964519128203392
1.207437641723356,457.26364,0.00032532980549149215
1.2306575963718822,201.13603,0.00036452640779316425
1.253877551020408,467.33173,0.0003734976635314524
1.2770975056689342,526.55493,0.000513533188495785
1.3003174603174603,558.3651,0.0003913165128324181
1.3235374149659864,524.47076,0.00040991068817675114
1.3467573696145125,520.91,0.0003681544912979007
1.3699773242630386,536.9899,0.0002976994146592915
1.3931972789115648,535.561,0.0002895948418881744
1.4164172335600906,523.4297,0.00023655635595787317
1.4396371882086167,512.5655,0.00031109745032154024
1.4628571428571429,502.63223,0.0003228429122827947
1.486077097505669,527.96375,0.0002345219545532018
1.509297052154195,245.65065,0.00023624763707630336
1.5325170068027212,244.47574,0.00026851685834117234
1.5557369614512473,528.3352,0.00023544517171103507
1.5789569160997732,521.6104,0.00023222244635690004
1.6021768707482993,451.3864,0.00013267796020954847
1.6253968253968254,514.4527,0.00015936473209876567
1.6486167800453515,450.48898,0.00016404094640165567
1.6718367346938776,498.74042,0.00013434889842756093
1.6950566893424037,506.78082,0.0001052425432135351
1.7182766439909298,522.2776,7.537537749158219e-05
1.7414965986394557,521.17285,2.8943286451976746e-05
1.7647165532879818,154.27435,1.278315539821051e-05
1.787936507936508,0.0,3.87115687772166e-06
1.811156462585034,0.0,3.2421758078271523e-07
1.8343764172335602,0.0,2.9454258765326813e-07
1.8575963718820863,0.0,2.19863977690693e-07
1.8808163265306124,0.0,1.693897502264008e-07
1.9040362811791383,0.0,1.472126314183697e-07
1.9272562358276644,0.0,1.6712328942958266e-07
