0.0,0.0,5.809670255985111e-08
0.023219954648526078,0.0,2.040906110778451e-07
0.046439909297052155,0.0,4.6162313083186746e-07
0.06965986394557823,23037.898,2.52234167419374e-05
0.09287981859410431,127.43114,6.439165736082941e-05
0.11609977324263039,129.61905,8.782566146692261e-05
0.13931972789115646,130.2109,0.00010065014066640288
0.16253968253968254,129.21985,0.00012209378473926336
0.18575963718820862,129.88405,0.00014881420065648854
0.2089795918367347,129.21567,0.0001724046014714986
0.23219954648526078,258.77158,0.00018757129146251827
0.25541950113378686,257.55762,0.00020776511519216
0.2786394557823129,254.03561,0.0002095842792186886
0.301859410430839,251.17462,0.0002226841461379081
0.3250793650793651,252.77708,0.000258753978414461
0.3482993197278912,253.25098,0.00032062962418422103
0.37151927437641724,255.93527,0.0005065602599643171
0.3947392290249433,514.71405,0.00044143074774183333
0.4179591836734694,518.8959,0.0005032745539210737
0.44117913832199546,447.3745,0.0006582480855286121
0.46439909297052157,443.05362,0.0005169874639250338
0.4876190476190476,446.13782,0.0006198027404025197
0.5108390022675737,515.29596,0.0008182842284440994
0.5340589569160998,513.4188,0.000851777323987335
0.5572789115646258,509.02982,0.0011404575780034065
0.5804988662131519,630.6598,0.000951451133005321
0.603718820861678,600.14343,0.000629010028205812
0.626938775510204,620.1814,0.000865656416863203
0.6501587301587302,636.5159,0.0012245040852576494
0.6733786848072563,644.9108,0.000867970404215157
0.6965986394557824,616.33386,0.001972655765712261
0.7198185941043084,522.325,0.0017963702557608485
0.7430385487528345,646.0159,0.0011135360691696405
0.7662585034013606,532.4815,0.0013680604752153158
0.7894784580498866,529.19666,0.002207213779911399
0.8126984126984127,605.7818,0.001888213912025094
0.8359183673469388,532.2306,0.0012776692165061831
0.8591383219954649,635.88226,0.0019835862331092358
0.8823582766439909,671.98865,0.0019632840994745493
0.905578231292517,634.3869,0.002257008571177721
0.9287981859410431,639.9916,0.0016117454506456852
0.9520181405895691,674.7446,0.0019401430618017912
0.9752380952380952,656.70685,0.003948344849050045
0.9984580498866213,542.3223,0.006996792741119862
1.0216780045351475,454.6747,0.008536539040505886
1.0448979591836736,935.19794,0.008182048797607422
1.0681179138321997,961.80786,0.008590307086706161
1.0913378684807256,971.17865,0.008662594482302666
1.1145578231292517,966.816,0.010529601015150547
1.1377777777777778,979.4805,0.010960597544908524
1.1609977324263039,1000.67053,0.009697691537439823
1.18421768707483,547.90173,0.00893862172961235
1.207437641723356,484.156,0.00811813585460186
1.2306575963718822,999.7319,0.008459307253360748
1.253877551020408,496.6411,0.016642969101667404
1.2770975056689342,551.33514,0.021213173866271973
1.3003174603174603,555.51526,0.01173252984881401
1.3235374149659864,552.4333,0.013062611222267151
1.3467573696145125,547.51074,0.017807431519031525
1.3699773242630386,1021.75885,0.016885511577129364
1.3931972789115648,1039.5006,0.009616457857191563
1.4164172335600906,569.1425,0.011258266866207123
1.4396371882086167,729.07983,0.020091772079467773
1.4628571428571429,610.80524,0.02238195389509201
1.486077097505669,603.60626,0.017656462267041206
1.509297052154195,725.5018,0.010476117953658104
1.5325170068027212,722.35614,0.013006787747144699
1.5557369614512473,721.51874,0.017569104209542274
1.5789569160997732,718.2613,0.02724902331829071
1.6021768707482993,707.29395,0.03040260262787342
1.6253968253968254,593.3495,0.022292934358119965
1.6486167800453515,707.97,0.02434445358812809
1.6718367346938776,1072.731,0.026592278853058815
1.6950566893424037,1050.3955,0.03777825087308884
1.7182766439909298,1034.7378,0.03375152125954628
1.7414965986394557,1021.9098,0.041006870567798615
1.7647165532879818,1043.0314,0.04393204301595688
1.787936507936508,1053.4036,0.031525738537311554
1.811156462585034,1032.8838,0.01953575387597084
1.8343764172335602,1022.07477,0.01876649633049965
1.8575963718820863,953.00885,0.013214042410254478
1.8808163265306124,830.35333,0.015432825312018394
1.9040362811791383,881.8131,0.01412561722099781
1.9272562358276644,862.054,0.013472475111484528
1.9504761904761905,814.25323,0.011312540620565414
1.9736961451247166,714.8865,0.010049795731902122
1.9969160997732427,708.2866,0.007359902374446392
2.020136054421769,655.0624,0.005484248045831919
2.043356009070295,653.2208,0.004528416786342859
2.066575963718821,664.4637,0.004792628809809685
2.089795918367347,592.0517,0.007631042506545782
2.1130158730158732,613.2437,0.006593399681150913
2.1362358276643993,590.2198,0.004016360267996788
2.159455782312925,529.708,0.003876984352245927
2.182675736961451,531.0665,0.0025012586265802383
2.2058956916099772,518.90643,0.002322893124073744
2.2291156462585033,479.7689,0.003121608402580023
2.2523356009070294,517.46826,0.0033112182281911373
2.2755555555555556,497.46286,0.003363862866535783
2.2987755102040817,541.57825,0.003117256797850132
2.3219954648526078,541.34143,0.0033215628936886787
2.345215419501134,647.06305,0.0021836915984749794
2.36843537414966,667.4121,0.0021622185595333576
2.391655328798186,797.4937,0.002770635299384594
2.414875283446712,663.35406,0.00313489674590528
2.4380952380952383,662.53046,0.002398134209215641
2.4613151927437644,658.68396,0.002348073059692979
2.48453514739229,659.05304,0.002744170604273677
2.507755102040816,613.0443,0.002346232533454895
2.5309750566893423,657.57355,0.00266779912635684
2.5541950113378684,581.58246,0.0022035324946045876
2.5774149659863945,627.69806,0.0024311658926308155
2.6006349206349206,621.1926,0.002066271612420678
2.6238548752834467,649.0701,0.0014857457717880607
2.647074829931973,540.357,0.0011788964038714767
2.670294784580499,539.6917,0.0009337965166196227
2.693514739229025,532.2699,0.0011175491381436586
2.716734693877551,537.688,0.0008436888456344604
2.7399546485260773,530.336,0.0012172735296189785
2.7631746031746034,530.7434,0.0014127399772405624
2.7863945578231295,531.30115,0.001240449957549572
2.809614512471655,530.4904,0.0009416491957381368
2.8328344671201813,538.5648,0.0007489985437132418
2.8560544217687074,569.1791,0.00032803090289235115
2.8792743764172335,544.8297,0.0002308760886080563
2.9024943310657596,149.91266,0.0003274769114796072
2.9257142857142857,535.1826,0.00037667446304112673
2.948934240362812,247.97314,0.0004701753205154091
2.972154195011338,679.8549,0.0006528240046463907
2.995374149659864,546.6184,0.0006226483965292573
3.01859410430839,538.2857,0.0006125603104010224
3.0418140589569163,544.27814,0.0003520597529131919
3.0650340136054424,658.34796,0.00029005686519667506
3.0882539682539685,662.3884,0.00033243955112993717
3.1114739229024946,669.5231,0.0005694612627848983
3.1346938775510207,641.8941,0.0006367884343490005
3.1579138321995464,538.25146,0.00041074235923588276
3.1811337868480725,618.643,0.00031626634881831706
3.2043537414965986,267.79565,0.00042950425995513797
3.2275736961451247,609.06274,0.00023616112594027072
3.250793650793651,648.9579,0.00023865679395385087
3.274013605442177,245.71623,0.00019549102580640465
3.297233560090703,154.30736,0.00023650417278986424
3.320453514739229,263.6662,0.0002659150050021708
3.3436734693877552,534.1957,0.000127647741464898
3.3668934240362813,449.06488,6.88817526679486e-05
3.3901133786848074,131.50928,4.594143683789298e-05
3.4133333333333336,148.80797,1.6795283954706974e-05
3.4365532879818597,0.0,5.814927135361359e-07
3.4597732426303858,0.0,9.945351848728023e-07
3.4829931972789114,0.0,4.5225988287711516e-07
3.5062131519274375,0.0,3.072973413509317e-07
3.5294331065759637,0.0,2.596370904939249e-07
3.5526530612244898,0.0,9.409541235072538e-08
3.575873015873016,0.0,1.3773114915238693e-07
3.599092970521542,0.0,2.7783789846580476e-07
3.622312925170068,0.0,1.5086880011949688e-07
