0.0,0.0,7.095877663232386e-08
0.023219954648526078,0.0,9.037648851517588e-08
0.046439909297052155,0.0,1.0740313882706687e-07
0.06965986394557823,0.0,5.902620614506304e-08
0.09287981859410431,0.0,9.735322237247601e-08
0.11609977324263039,0.0,1.0880921763600782e-07
0.13931972789115646,0.0,2.0184234017506242e-07
0.16253968253968254,1937.4232,1.4402326996787451e-05
0.18575963718820862,172.07803,0.00016939747729338706
0.2089795918367347,168.85388,0.0003121252520941198
0.23219954648526078,181.27657,0.0003425635804887861
0.25541950113378686,168.43399,0.00039093970553949475
0.2786394557823129,182.24663,0.0005977276596240699
0.301859410430839,605.7458,0.0007330946973524988
0.3250793650793651,1974.336,0.0005174005636945367
0.3482993197278912,183.92665,0.000718832656275481
0.37151927437641724,598.1368,0.0008049816824495792
0.3947392290249433,601.75446,0.0011786195682361722
0.4179591836734694,2126.2048,0.0016305337194353342
0.44117913832199546,600.59155,0.0017137086251750588
0.46439909297052157,595.90497,0.001776948687620461
0.4876190476190476,595.94635,0.0016056264284998178
0.5108390022675737,599.97986,0.0013073162408545613
0.5340589569160998,607.1558,0.0009310502209700644
0.5572789115646258,602.74884,0.0010406889487057924
0.5804988662131519,604.929,0.001828312175348401
0.603718820861678,849.21924,0.0032850862480700016
0.626938775510204,1783.4628,0.003896518377587199
0.6501587301587302,1725.0901,0.003322603879496455
0.6733786848072563,2485.5242,0.0024712742306292057
0.6965986394557824,831.08374,0.0026166215538978577
0.7198185941043084,1681.7975,0.003758922452107072
0.7430385487528345,612.4366,0.005581071600317955
0.7662585034013606,602.7255,0.005950970575213432
0.7894784580498866,853.1589,0.004934476688504219
0.8126984126984127,616.51215,0.004534140229225159
0.8359183673469388,1647.5978,0.005746991839259863
0.8591383219954649,607.6294,0.005624398123472929
0.8823582766439909,2668.489,0.007715357467532158
0.905578231292517,606.46295,0.010957378894090652
0.9287981859410431,829.5002,0.007959039881825447
0.9520181405895691,2499.1694,0.00761399557814002
0.9752380952380952,2741.5952,0.007686384487897158
0.9984580498866213,1590.6809,0.007686031982302666
1.0216780045351475,1615.2108,0.008784284815192223
1.0448979591836736,2945.1064,0.008766768500208855
1.0681179138321997,2890.6108,0.008753682486712933
1.0913378684807256,631.08264,0.008681008592247963
1.1145578231292517,2952.41,0.008568964898586273
1.1377777777777778,3101.9402,0.01009078323841095
1.1609977324263039,3115.9324,0.011082207784056664
1.18421768707483,2872.8342,0.014349058270454407
1.207437641723356,2962.3096,0.009781928732991219
1.2306575963718822,3014.157,0.009147566743195057
1.253877551020408,3054.9246,0.004243063740432262
1.2770975056689342,2945.35,0.0035058106295764446
1.3003174603174603,2810.532,0.006729640066623688
1.3235374149659864,2730.0674,0.006763003766536713
1.3467573696145125,2902.2012,0.0037032945547252893
1.3699773242630386,810.53485,0.005299170035868883
1.3931972789115648,802.2296,0.003906026016920805
1.4164172335600906,812.72784,0.004495157860219479
1.4396371882086167,2878.962,0.0036564513575285673
1.4628571428571429,799.4755,0.008683119900524616
1.486077097505669,2727.8,0.015459745191037655
1.509297052154195,2346.8142,0.018544703722000122
1.5325170068027212,1950.8553,0.015461482107639313
1.5557369614512473,2068.928,0.017508484423160553
1.5789569160997732,2382.352,0.0167560875415802
1.6021768707482993,2426.5916,0.012524167075753212
1.6253968253968254,2404.4585,0.015341535210609436
1.6486167800453515,2699.7654,0.020619433373212814
1.6718367346938776,2723.1694,0.02084878645837307
1.6950566893424037,2742.7732,0.020312687382102013
1.7182766439909298,2665.928,0.021952584385871887
1.7414965986394557,2731.6216,0.02366592362523079
1.7647165532879818,2718.9382,0.024582145735621452
1.787936507936508,2711.522,0.024222522974014282
1.811156462585034,2694.7495,0.022400207817554474
1.8343764172335602,2658.2156,0.02351280301809311
1.8575963718820863,2681.6382,0.018819738179445267
1.8808163265306124,2601.5452,0.022118229418992996
1.9040362811791383,2389.7578,0.014135660603642464
1.9272562358276644,2677.8857,0.01154483575373888
1.9504761904761905,2575.0146,0.012930470518767834
1.9736961451247166,2772.6118,0.013494621962308884
1.9969160997732427,2850.5366,0.015965811908245087
2.020136054421769,2750.3433,0.013695288449525833
2.043356009070295,2728.06,0.009999091736972332
2.066575963718821,2793.9727,0.007232365198433399
2.089795918367347,3109.6301,0.008047424256801605
2.1130158730158732,3026.1614,0.0077041760087013245
2.1362358276643993,3020.1426,0.006427459418773651
2.159455782312925,3042.3555,0.007655997294932604
2.182675736961451,3078.2441,0.009176060557365417
2.2058956916099772,3016.7678,0.008347708731889725
2.2291156462585033,2969.1863,0.0067343031987547874
2.2523356009070294,2930.8596,0.006198153831064701
2.2755555555555556,2924.5757,0.007558284793049097
2.2987755102040817,2900.6492,0.007035483606159687
2.3219954648526078,2796.1936,0.006901903077960014
2.345215419501134,2842.9536,0.005407356191426516
2.36843537414966,2809.2178,0.006234440952539444
2.391655328798186,2637.1016,0.005552834365516901
2.414875283446712,577.22406,0.004858377389609814
2.4380952380952383,2670.3057,0.005514363758265972
2.4613151927437644,2719.4558,0.006103318650275469
2.48453514739229,2797.9683,0.00515988701954484
2.507755102040816,2783.8303,0.00424899160861969
2.5309750566893423,2682.8716,0.005149460397660732
2.5541950113378684,2683.2588,0.005278711207211018
2.5774149659863945,607.17194,0.0046776654198765755
2.6006349206349206,613.594,0.004755489528179169
2.6238548752834467,597.69824,0.0051230089738965034
2.647074829931973,595.89557,0.004955417942255735
2.670294784580499,2461.8784,0.005925294011831284
2.693514739229025,2704.6208,0.0066710226237773895
2.716734693877551,2768.9485,0.005649534985423088
2.7399546485260773,2761.6987,0.007009322755038738
2.7631746031746034,2770.9053,0.006676455959677696
2.7863945578231295,2809.6055,0.006872903555631638
2.809614512471655,2720.0933,0.007064640987664461
2.8328344671201813,2736.4866,0.0073212794959545135
2.8560544217687074,2723.12,0.003959524445235729
2.8792743764172335,2709.6155,0.004346721805632114
2.9024943310657596,2675.8577,0.004406963475048542
2.9257142857142857,2732.621,0.00351632758975029
2.948934240362812,2695.4043,0.0036288308911025524
2.972154195011338,2558.647,0.004024782218039036
2.995374149659864,2590.2544,0.004313381388783455
3.01859410430839,1711.6039,0.004511154722422361
3.0418140589569163,2702.5,0.0038696492556482553
3.0650340136054424,2792.9739,0.0031987156253308058
3.0882539682539685,2690.8962,0.0013307007029652596
3.1114739229024946,597.47015,0.0012401040876284242
3.1346938775510207,589.6049,0.001825127867050469
3.1579138321995464,596.0335,0.002290153643116355
3.1811337868480725,2681.494,0.0033598472364246845
3.2043537414965986,594.5601,0.00217739911749959
3.2275736961451247,2592.9094,0.0021264213137328625
3.250793650793651,2606.3115,0.0022387902718037367
3.274013605442177,2485.5923,0.0019649043679237366
3.297233560090703,596.2555,0.001977739855647087
3.320453514739229,2271.9421,0.0018354726489633322
3.3436734693877552,591.8614,0.002426232909783721
3.3668934240362813,594.9323,0.0015387509483844042
3.3901133786848074,2480.2148,0.0014688350493088365
3.4133333333333336,2647.9646,0.0015831426717340946
3.4365532879818597,2665.2559,0.0017843575915321708
3.4597732426303858,2578.613,0.0016176706412807107
3.4829931972789114,2601.706,0.0014099926920607686
3.5062131519274375,2661.201,0.0015834332443773746
3.5294331065759637,2685.5005,0.0014726824592798948
3.5526530612244898,2411.7717,0.0008508540922775865
3.575873015873016,2653.888,0.0007936859037727118
3.599092970521542,2657.5015,0.0007699307752773166
3.622312925170068,2648.0847,0.000687022227793932
3.645532879818594,2731.5996,0.000764929864089936
3.6687528344671203,2484.9653,0.0006670731236226857
3.6919727891156464,2542.0122,0.0005568547057919204
3.7151927437641725,2364.6404,0.0004463361983653158
3.7384126984126986,2519.3132,0.0003919335431419313
3.7616326530612247,2585.401,0.00021954304247628897
3.784852607709751,2508.8462,0.00012206527753733099
3.8080725623582765,165.16096,8.922051347326487e-05
3.8312925170068026,165.56671,6.12446601735428e-05
3.8545124716553287,167.47229,4.348895527073182e-05
3.877732426303855,174.13623,2.1476023903233e-05
3.900952380952381,0.0,9.718550245452207e-06
3.924172335600907,0.0,6.943600055819843e-06
3.947392290249433,0.0,1.8926866687252186e-06
3.9706122448979593,0.0,5.045749276177958e-07
3.9938321995464854,0.0,1.9567960407584906e-07
4.017052154195011,0.0,2.4217752070399e-07
4.040272108843538,0.0,6.334857971523888e-07
4.063492063492063,0.0,3.3164815249620005e-07
4.08671201814059,0.0,2.8299564291955903e-07
4.1099319727891155,0.0,2.667466105776839e-07
