0.0,0.0,9.932773537002504e-08
0.023219954648526078,0.0,4.5705746742896736e-08
0.046439909297052155,0.0,5.986839823890477e-08
0.06965986394557823,0.0,3.4597796911839396e-06
0.09287981859410431,165.99397,9.441170550417155e-05
0.11609977324263039,210.07751,0.00020684589981101453
0.13931972789115646,391.97305,0.0003186988760717213
0.16253968253968254,376.10974,0.0004714081296697259
0.18575963718820862,379.4601,0.0005475035286508501
0.2089795918367347,380.10788,0.0005533834919333458
0.23219954648526078,379.1474,0.0005143810994923115
0.25541950113378686,373.9656,0.0005904100835323334
0.2786394557823129,377.37164,0.0007085109245963395
0.301859410430839,384.16153,0.0006530279060825706
0.3250793650793651,396.2873,0.000477945723105222
0.3482993197278912,409.76187,0.00042708864202722907
0.37151927437641724,438.3011,0.000549798714928329
0.3947392290249433,483.25992,0.0005972804501652718
0.4179591836734694,493.40323,0.0006717272917740047
0.44117913832199546,164.19203,0.0007839306490495801
0.46439909297052157,164.02011,0.0008689891546964645
0.4876190476190476,328.6581,0.0008980917045846581
0.5108390022675737,169.34811,0.0009423276060260832
0.5340589569160998,171.05626,0.0009316760115325451
0.5572789115646258,173.80063,0.001040181377902627
0.5804988662131519,505.2172,0.0008136817486956716
0.603718820861678,491.7946,0.001269250875338912
0.626938775510204,417.74805,0.0014223826583474874
0.6501587301587302,410.9368,0.001265261322259903
0.6733786848072563,421.95807,0.0013748252531513572
0.6965986394557824,422.03928,0.0020083985291421413
0.7198185941043084,425.50516,0.0016147318528965116
0.7430385487528345,422.58682,0.0015490351943299174
0.7662585034013606,424.2031,0.0015530178789049387
0.7894784580498866,489.03943,0.0011651567183434963
0.8126984126984127,440.44733,0.0010357475839555264
0.8359183673469388,489.4033,0.000995284877717495
0.8591383219954649,260.83337,0.00128841248806566
0.8823582766439909,269.8736,0.001463085412979126
0.905578231292517,271.2556,0.0013001160696148872
0.9287981859410431,273.42847,0.0013742699520662427
0.9520181405895691,552.04205,0.0012786276638507843
0.9752380952380952,565.5533,0.001463208463974297
0.9984580498866213,555.31195,0.0015218486078083515
1.0216780045351475,558.93005,0.0016262230928987265
1.0448979591836736,254.56485,0.0017005503177642822
1.0681179138321997,429.85074,0.001446504145860672
1.0913378684807256,429.7204,0.0012785941362380981
1.1145578231292517,415.97803,0.0012836777605116367
1.1377777777777778,408.37033,0.0015970180975273252
1.1609977324263039,413.35266,0.0016126789851114154
1.18421768707483,420.52408,0.0014521963894367218
1.207437641723356,409.17075,0.0012515884591266513
1.2306575963718822,412.5559,0.000998442992568016
1.253877551020408,489.06155,0.0008586292969994247
1.2770975056689342,366.6328,0.0009534520213492215
1.3003174603174603,358.68283,0.0009366759331896901
1.3235374149659864,356.13885,0.0009559894679114223
1.3467573696145125,361.1798,0.0010220934636890888
1.3699773242630386,362.29263,0.001019973075017333
1.3931972789115648,359.89493,0.0010081815999001265
1.4164172335600906,357.4705,0.0008300988702103496
1.4396371882086167,354.24783,0.0008621088927611709
1.4628571428571429,168.73264,0.000822611094918102
1.486077097505669,356.1927,0.0006284284172579646
1.509297052154195,229.78223,0.0005570673383772373
1.5325170068027212,485.4892,0.0003822281723842025
1.5557369614512473,422.36707,0.00047375960275530815
1.5789569160997732,414.99368,0.0005615019472315907
1.6021768707482993,417.30823,0.0007268550107255578
1.6253968253968254,417.36404,0.0006947404472157359
1.6486167800453515,417.5142,0.0005792122101411223
1.6718367346938776,405.5664,0.000497243192512542
1.6950566893424037,400.71097,0.0005841194652020931
1.7182766439909298,401.42184,0.0007384290220215917
1.7414965986394557,405.17084,0.0007461460772901773
1.7647165532879818,403.283,0.0006658557103946805
1.787936507936508,405.90167,0.0006988820969127119
1.811156462585034,411.45898,0.000757567526306957
1.8343764172335602,400.84955,0.0006543452618643641
1.8575963718820863,393.62402,0.00044336525024846196
1.8808163265306124,389.42322,0.0002257915330119431
1.9040362811791383,393.80072,0.0001928635174408555
1.9272562358276644,426.90942,0.00021578784799203277
1.9504761904761905,414.35107,0.00039089706842787564
1.9736961451247166,401.7084,0.0005882217083126307
1.9969160997732427,411.83978,0.00047663587611168623
2.020136054421769,419.7888,0.0004434908623807132
2.043356009070295,415.7387,0.0002762716030701995
2.066575963718821,390.66467,0.00017535925144329667
2.089795918367347,397.1083,0.00017122874851338565
2.1130158730158732,415.50275,0.00029417325276881456
2.1362358276643993,413.82684,0.00024205405497923493
2.159455782312925,437.766,5.4228235967457294e-05
2.182675736961451,0.0,8.189478649001103e-06
2.2058956916099772,0.0,3.0869723559590057e-06
2.2291156462585033,0.0,1.1310239642625675e-06
2.2523356009070294,0.0,5.470774340210482e-07
2.2755555555555556,0.0,2.694814611459151e-07
2.2987755102040817,0.0,2.400174707872793e-07
2.3219954648526078,0.0,6.734253474860452e-07
2.345215419501134,0.0,1.6630292520858347e-07
