0.0,0.0,2.989472704939544e-07
0.023219954648526078,0.0,1.7598995327716693e-07
0.046439909297052155,0.0,2.2754193196306005e-07
0.06965986394557823,0.0,2.918222890002653e-07
0.09287981859410431,0.0,3.918967195204459e-07
0.11609977324263039,0.0,6.501368261524476e-07
0.13931972789115646,2052.717,1.353277184534818e-05
0.16253968253968254,132.06622,0.0001352992985630408
0.18575963718820862,466.83148,0.0003080226597376168
0.2089795918367347,174.88991,0.000417063245549798
0.23219954648526078,422.88614,0.00043991656275466084
0.25541950113378686,182.89813,0.0003988562966696918
0.2786394557823129,173.74956,0.00015506581985391676
0.301859410430839,164.74168,0.00017203218885697424
0.3250793650793651,139.07793,0.0012337432708591223
0.3482993197278912,498.97424,0.0019990296568721533
0.37151927437641724,497.464,0.002824278548359871
0.3947392290249433,2161.2744,0.0015340218087658286
0.4179591836734694,478.10757,0.0002989853674080223
0.44117913832199546,201.21454,0.000668579712510109
0.46439909297052157,563.9064,0.001770700211636722
0.4876190476190476,483.60565,0.003642952535301447
0.5108390022675737,2201.8535,0.004227234050631523
0.5340589569160998,2154.1226,0.0029091178439557552
0.5572789115646258,2229.8748,0.0020344858057796955
0.5804988662131519,2180.7454,0.0021808072924613953
0.603718820861678,175.76718,0.0035223274026066065
0.626938775510204,2195.2366,0.003881551790982485
0.6501587301587302,2171.9436,0.00403342442587018
0.6733786848072563,2102.9807,0.0026566842570900917
0.6965986394557824,2174.0244,0.002067863941192627
0.7198185941043084,591.89154,0.004008544143289328
0.7430385487528345,588.30237,0.005035231821238995
0.7662585034013606,2222.6562,0.008417640812695026
0.7894784580498866,2099.238,0.007556547876447439
0.8126984126984127,2106.5796,0.006871026940643787
0.8359183673469388,2158.0977,0.006722869351506233
0.8591383219954649,2205.1934,0.009818156249821186
0.8823582766439909,2282.0137,0.006945852190256119
0.905578231292517,2189.9224,0.008710981346666813
0.9287981859410431,2348.6475,0.012684284709393978
0.9520181405895691,2263.7083,0.01704505831003189
0.9752380952380952,767.43024,0.01808936521410942
0.9984580498866213,779.90735,0.018260814249515533
1.0216780045351475,795.5621,0.016176395118236542
1.0448979591836736,794.9547,0.016363520175218582
1.0681179138321997,2153.6277,0.016191093251109123
1.0913378684807256,2306.2998,0.02110380306839943
1.1145578231292517,2323.7322,0.028616534546017647
1.1377777777777778,723.2089,0.027008429169654846
1.1609977324263039,1495.9237,0.026343125849962234
1.18421768707483,2301.6152,0.025515111163258553
1.207437641723356,723.1532,0.03369402512907982
1.2306575963718822,1476.92,0.04028168320655823
1.253877551020408,765.2714,0.027671650052070618
1.2770975056689342,594.64136,0.030240939930081367
1.3003174603174603,2577.0278,0.03220142051577568
1.3235374149659864,2594.419,0.030385995283722878
1.3467573696145125,2603.6895,0.035560332238674164
1.3699773242630386,2591.1306,0.03788623586297035
1.3931972789115648,687.53033,0.04584342986345291
1.4164172335600906,747.09863,0.052446089684963226
1.4396371882086167,744.20526,0.05938836932182312
1.4628571428571429,740.57605,0.04877253621816635
1.486077097505669,1414.0751,0.04359150677919388
1.509297052154195,685.56946,0.03688619285821915
1.5325170068027212,750.8062,0.04106913506984711
1.5557369614512473,1424.8718,0.03806455433368683
1.5789569160997732,761.5969,0.03341500088572502
1.6021768707482993,590.6255,0.031105976551771164
1.6253968253968254,598.5329,0.03339023143053055
1.6486167800453515,587.0359,0.04353056848049164
1.6718367346938776,1450.2698,0.03010954149067402
1.6950566893424037,1403.1858,0.0196906179189682
1.7182766439909298,485.62555,0.022913042455911636
1.7414965986394557,713.4338,0.028199322521686554
1.7647165532879818,1418.831,0.03602869436144829
1.787936507936508,1479.7949,0.030038774013519287
1.811156462585034,1457.2637,0.024677569046616554
1.8343764172335602,1405.7113,0.02114543691277504
1.8575963718820863,2524.824,0.02639312669634819
1.8808163265306124,1429.214,0.030715273693203926
1.9040362811791383,1444.2401,0.019894029945135117
1.9272562358276644,778.7882,0.01875457912683487
1.9504761904761905,556.20056,0.02034284546971321
1.9736961451247166,780.6859,0.025415413081645966
1.9969160997732427,2407.064,0.02061852626502514
2.020136054421769,760.7192,0.020591942593455315
2.043356009070295,741.6917,0.022475529462099075
2.066575963718821,770.12006,0.013029552064836025
2.089795918367347,2418.2358,0.012856767512857914
2.1130158730158732,2468.076,0.016924941912293434
2.1362358276643993,788.9756,0.01885131001472473
2.159455782312925,746.3192,0.018081694841384888
2.182675736961451,743.67633,0.009939508512616158
2.2058956916099772,758.2153,0.009010612964630127
2.2291156462585033,2407.1074,0.012667844071984291
2.2523356009070294,1374.4766,0.01888490840792656
2.2755555555555556,755.383,0.019767187535762787
2.2987755102040817,729.9185,0.01910671778023243
2.3219954648526078,737.0155,0.013963848352432251
2.345215419501134,2354.0176,0.009805217385292053
2.36843537414966,759.4617,0.01078723929822445
2.391655328798186,2371.7715,0.012675052508711815
2.414875283446712,2414.5718,0.010662203654646873
2.4380952380952383,2396.4707,0.012469466775655746
2.4613151927437644,2410.9014,0.012380975298583508
2.48453514739229,2381.4763,0.010932398959994316
2.507755102040816,2348.648,0.011521689593791962
2.5309750566893423,746.74304,0.00584612600505352
2.5541950113378684,757.4604,0.006115100812166929
2.5774149659863945,733.07275,0.0062008211389184
2.6006349206349206,1431.0997,0.0072211818769574165
2.6238548752834467,755.414,0.005802411586046219
2.647074829931973,2379.9822,0.006941245868802071
2.670294784580499,2373.6082,0.005589508451521397
2.693514739229025,2247.2532,0.007129190489649773
2.716734693877551,739.7197,0.005010480061173439
2.7399546485260773,502.71625,0.0032586106099188328
2.7631746031746034,505.29245,0.0038550691679120064
2.7863945578231295,505.63306,0.002267506206408143
2.809614512471655,493.43442,0.0012828392209485173
2.8328344671201813,499.79138,0.0014034706400707364
2.8560544217687074,508.44458,0.0016246263403445482
2.8792743764172335,512.2339,0.0017186271725222468
2.9024943310657596,509.08917,0.0014943816931918263
2.9257142857142857,500.26517,0.0017839812207967043
2.948934240362812,503.442,0.0016151729505509138
2.972154195011338,503.7338,0.0014438466168940067
2.995374149659864,501.1752,0.0016360755544155836
3.01859410430839,505.4944,0.0015011078212410212
3.0418140589569163,511.22733,0.0015055298572406173
3.0650340136054424,505.1426,0.0012038967106491327
3.0882539682539685,506.95004,0.0007919666822999716
3.1114739229024946,508.7649,0.0009317158255726099
3.1346938775510207,490.5056,0.0007714936509728432
3.1579138321995464,490.3332,0.0007776033598929644
3.1811337868480725,500.46335,0.0008578981505706906
3.2043537414965986,507.95865,0.0003672978491522372
3.2275736961451247,407.3236,4.6963166823843494e-05
3.250793650793651,0.0,7.572079994133674e-06
3.274013605442177,0.0,2.948450855910778e-06
3.297233560090703,0.0,2.3708889784757048e-07
3.320453514739229,0.0,1.6441117622889578e-07
3.3436734693877552,0.0,1.055577740771696e-07
3.3668934240362813,0.0,4.148496373090893e-07
3.3901133786848074,0.0,2.315346137038432e-07
3.4133333333333336,0.0,2.0500010577961802e-07
3.4365532879818597,0.0,1.1941028787987307e-07
3.4597732426303858,0.0,2.3975098883965984e-07
3.4829931972789114,0.0,3.1245781428879127e-07
3.5062131519274375,0.0,9.627910912968218e-08
