0.0,0.0,2.453525667078793e-07
0.023219954648526078,0.0,1.5968544175848365e-07
0.046439909297052155,0.0,1.448979674023576e-07
0.06965986394557823,0.0,3.2328262022929266e-07
0.09287981859410431,0.0,2.1617961465381086e-07
0.11609977324263039,0.0,1.0280473361490294e-07
0.13931972789115646,0.0,1.6609646991128102e-07
0.16253968253968254,0.0,5.223128027864732e-07
0.18575963718820862,0.0,3.8217485780478455e-06
0.2089795918367347,23985.137,4.861672277911566e-05
0.23219954648526078,435.2343,0.00014023510448168963
0.25541950113378686,506.82895,0.00023960007820278406
0.2786394557823129,604.95984,0.00034877719008363783
0.301859410430839,605.5868,0.00048048270400613546
0.3250793650793651,617.67535,0.0005148401251062751
0.3482993197278912,624.6628,0.000505648145917803
0.37151927437641724,617.5657,0.0004981025704182684
0.3947392290249433,608.6917,0.0006092680850997567
0.4179591836734694,619.5024,0.0006947981892153621
0.44117913832199546,620.4811,0.0007505668909288943
0.46439909297052157,621.56757,0.000580105755943805
0.4876190476190476,614.65656,0.0005337362526915967
0.5108390022675737,628.72076,0.0006134758004918694
0.5340589569160998,429.34714,0.0006958122248761356
0.5572789115646258,628.5358,0.0006143461214378476
0.5804988662131519,512.266,0.0007865865482017398
0.603718820861678,427.40735,0.0011365795508027077
0.626938775510204,619.7694,0.001295228605158627
0.6501587301587302,633.1695,0.0015638722106814384
0.6733786848072563,517.4996,0.0017270299140363932
0.6965986394557824,645.35596,0.0017031694296747446
0.7198185941043084,2722.2637,0.0019071113783866167
0.7430385487528345,2694.7556,0.0019989621359854937
0.7662585034013606,2780.5264,0.002340251812711358
0.7894784580498866,646.25146,0.003353761974722147
0.8126984126984127,634.87225,0.0034564819652587175
0.8359183673469388,642.9612,0.004009673371911049
0.8591383219954649,641.9128,0.004092831630259752
0.8823582766439909,646.6094,0.0045512402430176735
0.905578231292517,645.60956,0.004287570249289274
0.9287981859410431,641.6266,0.00431411899626255
0.9520181405895691,647.6514,0.003318941220641136
0.9752380952380952,658.5384,0.0029323638882488012
0.9984580498866213,635.8751,0.004267864860594273
1.0216780045351475,650.0979,0.004896647296845913
1.0448979591836736,656.083,0.004321211948990822
1.0681179138321997,641.98126,0.003804511856287718
1.0913378684807256,634.2493,0.003933717962354422
1.1145578231292517,639.8263,0.0048614563420414925
1.1377777777777778,653.51984,0.0034593483433127403
1.1609977324263039,656.0141,0.0024604382924735546
1.18421768707483,616.67377,0.0031753401271998882
1.207437641723356,639.97626,0.002766979392617941
1.2306575963718822,2763.4856,0.002906715963035822
1.253877551020408,2745.4001,0.002937199082225561
1.2770975056689342,2735.8555,0.0030381488613784313
1.3003174603174603,2748.6248,0.002203556941822171
1.3235374149659864,2835.7625,0.0021563670597970486
1.3467573696145125,616.6797,0.0029619629494845867
1.3699773242630386,831.0767,0.0037279820535331964
1.3931972789115648,2675.047,0.0036580138839781284
1.4164172335600906,2721.263,0.003404166316613555
1.4396371882086167,2708.128,0.003368750214576721
1.4628571428571429,2697.0305,0.0032137995585799217
1.486077097505669,2714.5886,0.0040948232635855675
1.509297052154195,2772.466,0.00532355485484004
1.5325170068027212,878.4193,0.004400169011205435
1.5557369614512473,683.7051,0.0048974379897117615
1.5789569160997732,751.3937,0.005105976946651936
1.6021768707482993,753.0323,0.005499476566910744
1.6253968253968254,752.4849,0.005170739721506834
1.6486167800453515,760.8282,0.004548490047454834
1.6718367346938776,804.7421,0.004151663277298212
1.6950566893424037,823.9125,0.003675956279039383
1.7182766439909298,827.1961,0.005583467893302441
1.7414965986394557,2647.998,0.0071379998698830605
1.7647165532879818,2718.6978,0.00784776359796524
1.787936507936508,2886.9841,0.004837747663259506
1.811156462585034,3058.256,0.005506036803126335
1.8343764172335602,460.01093,0.005530741065740585
1.8575963718820863,453.7371,0.005840410944074392
1.8808163265306124,3130.691,0.005837596952915192
1.9040362811791383,3134.471,0.0064273010939359665
1.9272562358276644,3146.3616,0.0070275673642754555
1.9504761904761905,3096.2612,0.010266562923789024
1.9736961451247166,2819.7803,0.0092904819175601
1.9969160997732427,2655.8584,0.005693534854799509
2.020136054421769,2770.0793,0.0045445626601576805
2.043356009070295,774.0561,0.00500799436122179
2.066575963718821,763.6319,0.005436107981950045
2.089795918367347,763.4407,0.005384410731494427
2.1130158730158732,764.8664,0.005705894902348518
2.1362358276643993,765.3178,0.005712159909307957
2.159455782312925,754.84607,0.005992773454636335
2.182675736961451,2828.221,0.00523711834102869
2.2058956916099772,2739.7876,0.004398636054247618
2.2291156462585033,2738.706,0.004147556610405445
2.2523356009070294,2729.7568,0.004312749952077866
2.2755555555555556,2742.8633,0.005195838864892721
2.2987755102040817,2772.2346,0.005952485371381044
2.3219954648526078,2774.357,0.005129704251885414
2.345215419501134,2734.4004,0.0035102861002087593
2.36843537414966,2647.9165,0.0019434643909335136
2.391655328798186,624.50085,0.0019023719942197204
2.414875283446712,888.1966,0.0031807604245841503
2.4380952380952383,2758.921,0.0032910224981606007
2.4613151927437644,2749.8894,0.0029981150291860104
2.48453514739229,2748.9158,0.003016849048435688
2.507755102040816,2708.0151,0.0029783942736685276
2.5309750566893423,2715.0247,0.00305661978200078
2.5541950113378684,2682.1384,0.00208483194001019
2.5774149659863945,605.1076,0.0027847695164382458
2.6006349206349206,653.743,0.003373808693140745
2.6238548752834467,633.0603,0.0026733973063528538
2.647074829931973,630.13934,0.002688012085855007
2.670294784580499,632.5109,0.003014869522303343
2.693514739229025,635.5567,0.003273880109190941
2.716734693877551,636.54224,0.0032444018870592117
2.7399546485260773,636.78174,0.0026728420052677393
2.7631746031746034,626.4637,0.0021440761629492044
2.7863945578231295,648.48285,0.0027447789907455444
2.809614512471655,630.9373,0.0020128614269196987
2.8328344671201813,624.63745,0.002319235820323229
2.8560544217687074,628.44385,0.002625534078106284
2.8792743764172335,629.14355,0.0024934429675340652
2.9024943310657596,631.62274,0.002355345292016864
2.9257142857142857,629.1764,0.002486943267285824
2.948934240362812,871.87506,0.0022823000326752663
2.972154195011338,2694.1223,0.0020655589178204536
2.995374149659864,2629.0862,0.0018076718552038074
3.01859410430839,2632.443,0.00242658075876534
3.0418140589569163,2633.5195,0.0023860291112214327
3.0650340136054424,2699.3748,0.0021728181745857
3.0882539682539685,2767.166,0.0024037756957113743
3.1114739229024946,2678.401,0.0020537679083645344
3.1346938775510207,2636.836,0.0014654521364718676
3.1579138321995464,2779.7935,0.0011044535785913467
3.1811337868480725,2675.636,0.0007776381680741906
3.2043537414965986,2789.7937,0.0007683284347876906
3.2275736961451247,647.33453,0.000861115287989378
3.250793650793651,2717.5835,0.0010908946860581636
3.274013605442177,2612.0493,0.0013633646303787827
3.297233560090703,2631.4036,0.0012257280759513378
3.320453514739229,2622.983,0.0010340106673538685
3.3436734693877552,2610.833,0.0008554936503060162
3.3668934240362813,2660.1763,0.0008021772955544293
3.3901133786848074,2768.4912,0.000989301479421556
3.4133333333333336,2740.6301,0.0010280461283400655
3.4365532879818597,2719.8818,0.0010666613234207034
3.4597732426303858,2710.381,0.0009075932903215289
3.4829931972789114,2616.7224,0.0010081749642267823
3.5062131519274375,2615.763,0.0009073743713088334
3.5294331065759637,2747.492,0.0007943847449496388
3.5526530612244898,640.7312,0.0008376893820241094
3.575873015873016,2652.0193,0.000724429206456989
3.599092970521542,2638.9597,0.0007439569453708827
3.622312925170068,2686.3767,0.0009655775502324104
3.645532879818594,2604.227,0.0008173446403816342
3.6687528344671203,2726.7754,0.0008437046781182289
3.6919727891156464,643.9405,0.0009087076759897172
3.7151927437641725,837.2447,0.0007702548173256218
3.7384126984126986,644.5096,0.0008689311798661947
3.7616326530612247,2672.5842,0.0006735655479133129
3.784852607709751,2686.0593,0.0011068396270275116
3.8080725623582765,628.86633,0.000879294762853533
3.8312925170068026,631.7305,0.0006079238373786211
3.8545124716553287,2677.076,0.0005985223688185215
3.877732426303855,631.9004,0.0007419422036036849
3.900952380952381,2667.3237,0.0007580440724268556
3.924172335600907,838.4815,0.0008432753384113312
3.947392290249433,2693.8025,0.0006539207533933222
3.9706122448979593,2719.746,0.0006731012254022062
3.9938321995464854,621.7837,0.0003764841239899397
4.017052154195011,505.9224,0.00029725240892730653
4.040272108843538,497.36746,0.0005140240537002683
4.063492063492063,612.9751,0.00034518714528530836
4.08671201814059,626.46735,0.0003265067934989929
4.1099319727891155,627.11365,0.00019725934544112533
4.133151927437642,624.7655,4.561738751363009e-05
4.156371882086168,0.0,3.4809927456080914e-06
4.179591836734694,0.0,8.592342055635527e-07
4.20281179138322,0.0,3.457562343101017e-07
4.2260317460317465,0.0,1.212902134284377e-07
4.249251700680272,0.0,1.0642270353855565e-07
4.272471655328799,0.0,1.2879718269687146e-07
4.295691609977324,0.0,2.626611603773199e-07
4.31891156462585,0.0,2.8438626031856984e-07
4.342131519274377,0.0,2.477108864695765e-07
4.365351473922902,0.0,2.9505827114917338e-08
