0.0,0.0,1.305224941461347e-07
0.023219954648526078,0.0,8.663027983857319e-08
0.046439909297052155,0.0,7.707603799644858e-08
0.06965986394557823,0.0,1.3109456631354988e-07
0.09287981859410431,0.0,2.4754808691795915e-07
0.11609977324263039,0.0,2.0551942725433037e-07
0.13931972789115646,0.0,6.927893991814926e-08
0.16253968253968254,0.0,2.7721398510038853e-08
0.18575963718820862,0.0,3.947661753045395e-08
0.2089795918367347,22721.121,2.5445140636293218e-05
0.23219954648526078,185.2864,0.00013680499978363514
0.25541950113378686,179.10666,0.00025621423264965415
0.2786394557823129,361.52652,0.00037520466139540076
0.301859410430839,450.43826,0.0004851584671996534
0.3250793650793651,449.92606,0.0005902316188439727
0.3482993197278912,449.33453,0.0008102873107418418
0.37151927437641724,448.89343,0.0009808726608753204
0.3947392290249433,447.291,0.0011882125400006771
0.4179591836734694,445.2361,0.0013221343979239464
0.44117913832199546,447.4572,0.0017272697295993567
0.46439909297052157,442.3938,0.0023675262928009033
0.4876190476190476,435.5564,0.0024744533002376556
0.5108390022675737,434.31894,0.002608665730804205
0.5340589569160998,437.98785,0.0025673862546682358
0.5572789115646258,1949.8728,0.002155767288058996
0.5804988662131519,1850.3832,0.002255484461784363
0.603718820861678,1888.4447,0.002593287033960223
0.626938775510204,1847.6531,0.0029921443201601505
0.6501587301587302,1820.7723,0.0032491092570126057
0.6733786848072563,1845.2758,0.0029639964923262596
0.6965986394557824,1853.537,0.0032719422597438097
0.7198185941043084,1829.6523,0.00420436542481184
0.7430385487528345,1834.2382,0.005027797073125839
0.7662585034013606,1831.5172,0.0048543307930231094
0.7894784580498866,1834.596,0.004734193906188011
0.8126984126984127,1833.6958,0.004523316863924265
0.8359183673469388,1841.9961,0.0031581532675772905
0.8591383219954649,1880.2179,0.007790704257786274
0.8823582766439909,1860.7441,0.013248711824417114
0.905578231292517,1833.2686,0.01217059139162302
0.9287981859410431,1853.8099,0.011885527521371841
0.9520181405895691,1855.3286,0.011510446667671204
0.9752380952380952,1860.6838,0.010725168511271477
0.9984580498866213,1880.6256,0.009641960263252258
1.0216780045351475,1901.275,0.009854577481746674
1.0448979591836736,1911.728,0.011663418263196945
1.0681179138321997,1919.2555,0.010684743523597717
1.0913378684807256,1938.8954,0.00846143439412117
1.1145578231292517,1965.5094,0.007491852156817913
1.1377777777777778,1881.0594,0.01273132860660553
1.1609977324263039,1795.5272,0.01608601212501526
1.18421768707483,1829.4202,0.009172866120934486
1.207437641723356,1932.6703,0.006213360466063023
1.2306575963718822,1973.7374,0.006652607582509518
1.253877551020408,1972.5308,0.011796440929174423
1.2770975056689342,1776.4414,0.01640709862112999
1.3003174603174603,1767.5863,0.016520380973815918
1.3235374149659864,1798.671,0.01697452738881111
1.3467573696145125,1777.9534,0.017574932426214218
1.3699773242630386,1789.127,0.018682079389691353
1.3931972789115648,1844.5172,0.01917506754398346
1.4164172335600906,417.585,0.021191652864217758
1.4396371882086167,1820.5052,0.016027241945266724
1.4628571428571429,1796.4413,0.014762310311198235
1.486077097505669,1908.2872,0.020807839930057526
1.509297052154195,1739.9937,0.011091923341155052
1.5325170068027212,1907.0653,0.012083840556442738
1.5557369614512473,1885.2953,0.011846964247524738
1.5789569160997732,1860.0062,0.01072464045137167
1.6021768707482993,1850.9619,0.009953098371624947
1.6253968253968254,1874.2509,0.009397553279995918
1.6486167800453515,1911.2068,0.010061055421829224
1.6718367346938776,1937.0322,0.013685408979654312
1.6950566893424037,1852.3627,0.005901101976633072
1.7182766439909298,1820.4111,0.006170741748064756
1.7414965986394557,1945.2401,0.005593402776867151
1.7647165532879818,1881.0135,0.004567861557006836
1.787936507936508,1888.887,0.0043400125578045845
1.811156462585034,1893.3198,0.004193603992462158
1.8343764172335602,1889.2103,0.004197536036372185
1.8575963718820863,1865.2549,0.003973239567130804
1.8808163265306124,1866.5585,0.004117576405405998
1.9040362811791383,1847.9064,0.004303675144910812
1.9272562358276644,1852.1908,0.003984219394624233
1.9504761904761905,1846.7472,0.003255612449720502
1.9736961451247166,1932.7712,0.0047781323082745075
1.9969160997732427,1942.5083,0.005492649972438812
2.020136054421769,365.03186,0.005065681412816048
2.043356009070295,369.8347,0.0055629052221775055
2.066575963718821,353.50293,0.00599562656134367
2.089795918367347,434.30374,0.004785407334566116
2.1130158730158732,436.96783,0.004774534143507481
2.1362358276643993,354.3328,0.0056127263233065605
2.159455782312925,342.30612,0.005114292725920677
2.182675736961451,1983.8057,0.004896265454590321
2.2058956916099772,1989.0936,0.005468898918479681
2.2291156462585033,343.14938,0.006405012682080269
2.2523356009070294,350.16592,0.007248457055538893
2.2755555555555556,352.45374,0.007678589317947626
2.2987755102040817,351.42633,0.007789064198732376
2.3219954648526078,343.72702,0.0071290358901023865
2.345215419501134,389.51935,0.005525076761841774
2.36843537414966,1947.2972,0.0062338621355593204
2.391655328798186,1987.9592,0.00720948725938797
2.414875283446712,346.2082,0.00906401313841343
2.4380952380952383,353.10977,0.007483779452741146
2.4613151927437644,393.54062,0.007622600067406893
2.48453514739229,350.96304,0.0075079225935041904
2.507755102040816,347.07816,0.007043847814202309
2.5309750566893423,400.85214,0.005707215517759323
2.5541950113378684,1933.762,0.005504103843122721
2.5774149659863945,1945.2477,0.006455364637076855
2.6006349206349206,349.99356,0.007896626368165016
2.6238548752834467,357.07065,0.007208825089037418
2.647074829931973,356.40225,0.006561726797372103
2.670294784580499,348.70575,0.006096801720559597
2.693514739229025,400.54156,0.004100212827324867
2.716734693877551,1907.2555,0.004055095836520195
2.7399546485260773,1913.4706,0.004581538029015064
2.7631746031746034,404.51556,0.005545525811612606
2.7863945578231295,353.61176,0.005972962826490402
2.809614512471655,362.36404,0.005067174322903156
2.8328344671201813,351.20273,0.004679210018366575
2.8560544217687074,401.50137,0.0031594475731253624
2.8792743764172335,1928.7485,0.002806037198752165
2.9024943310657596,1924.9209,0.0030261834617704153
2.9257142857142857,1931.3783,0.0033905268646776676
2.948934240362812,350.71277,0.0035613710060715675
2.972154195011338,382.6993,0.002856544218957424
2.995374149659864,352.2182,0.002158633666113019
3.01859410430839,344.42935,0.0013868823880329728
3.0418140589569163,397.45438,0.00046262796968221664
3.0650340136054424,391.81946,0.00039240700425580144
3.0882539682539685,359.2017,0.0003471262753009796
3.1114739229024946,363.20688,0.00019772539963014424
3.1346938775510207,368.3213,0.00012158488971181214
3.1579138321995464,367.2549,7.194308273028582e-05
3.1811337868480725,178.24504,4.197495218249969e-05
3.2043537414965986,173.20166,2.3819735361030325e-05
3.2275736961451247,170.94044,1.1893976989085786e-05
3.250793650793651,0.0,6.697472599626053e-06
3.274013605442177,0.0,4.85572854813654e-06
3.297233560090703,0.0,1.8935734260594472e-06
3.320453514739229,0.0,7.901926437625661e-07
3.3436734693877552,0.0,2.2867970983497798e-07
3.3668934240362813,0.0,1.3181124813854694e-07
3.3901133786848074,0.0,1.1576867109397426e-07
3.4133333333333336,0.0,8.373262971872464e-08
3.4365532879818597,0.0,2.8759131964761764e-08
