0.0,0.0,3.3959349821088836e-07
0.023219954648526078,0.0,3.5058019420830533e-07
0.046439909297052155,0.0,2.934484655270353e-07
0.06965986394557823,0.0,2.1221785573288798e-07
0.09287981859410431,0.0,1.1954307410633191e-07
0.11609977324263039,0.0,4.4730768422596157e-08
0.13931972789115646,0.0,1.9659637473523617e-08
0.16253968253968254,0.0,1.989337761187926e-08
0.18575963718820862,0.0,3.368768375366926e-08
0.2089795918367347,0.0,2.763954398687929e-08
0.23219954648526078,0.0,4.6316927182488143e-08
0.25541950113378686,0.0,5.1147253543604165e-08
0.2786394557823129,0.0,3.583681973395869e-08
0.301859410430839,0.0,4.37248672824353e-08
0.3250793650793651,0.0,2.395909177721478e-07
0.3482993197278912,23263.191,0.00010250802006339654
0.37151927437641724,456.62222,0.0006655408069491386
0.3947392290249433,440.4121,0.0013058914337307215
0.4179591836734694,445.356,0.0017431240994483232
0.44117913832199546,452.65527,0.001274879788979888
0.46439909297052157,457.95593,0.0007634662324562669
0.4876190476190476,471.1894,0.0007707059849053621
0.5108390022675737,498.57953,0.0014153886586427689
0.5340589569160998,503.22495,0.002411522204056382
0.5572789115646258,508.6457,0.0033948025666177273
0.5804988662131519,507.8696,0.003972792997956276
0.603718820861678,509.1906,0.004798050504177809
0.626938775510204,511.26364,0.005650550127029419
0.6501587301587302,510.40738,0.0069198329001665115
0.6733786848072563,506.58484,0.008790967985987663
0.6965986394557824,505.11053,0.010875744745135307
0.7198185941043084,499.79105,0.011905554682016373
0.7430385487528345,492.45776,0.012574546039104462
0.7662585034013606,490.77167,0.01277022436261177
0.7894784580498866,499.09103,0.0104164257645607
0.8126984126984127,519.7155,0.005478948354721069
0.8359183673469388,532.56146,0.00405480433255434
0.8591383219954649,495.2004,0.00429877545684576
0.8823582766439909,508.82382,0.00417772401124239
0.905578231292517,528.4311,0.00616371538490057
0.9287981859410431,546.59875,0.007545470260083675
0.9520181405895691,546.3915,0.0072578322142362595
0.9752380952380952,549.1215,0.0072680809535086155
0.9984580498866213,538.65015,0.006721725687384605
1.0216780045351475,534.9728,0.006043442524969578
1.0448979591836736,537.48065,0.007250003982335329
1.0681179138321997,536.3357,0.007106022909283638
1.0913378684807256,546.85144,0.0066041662357747555
1.1145578231292517,535.5704,0.007188813760876656
1.1377777777777778,543.97205,0.00764819560572505
1.1609977324263039,474.5278,0.00971172284334898
1.18421768707483,422.83514,0.012291491962969303
1.207437641723356,428.04434,0.011142143048346043
1.2306575963718822,421.12076,0.010694403201341629
1.253877551020408,419.7048,0.010809781029820442
1.2770975056689342,466.19876,0.01140900794416666
1.3003174603174603,480.45435,0.01220729574561119
1.3235374149659864,484.01804,0.012037726119160652
1.3467573696145125,531.3823,0.01188555546104908
1.3699773242630386,539.5653,0.012130734510719776
1.3931972789115648,546.58057,0.012102721258997917
1.4164172335600906,537.1705,0.012996774166822433
1.4396371882086167,466.19833,0.016771361231803894
1.4628571428571429,472.5099,0.019039081409573555
1.486077097505669,470.12332,0.017805375158786774
1.509297052154195,470.9355,0.018310751765966415
1.5325170068027212,469.8076,0.0177149660885334
1.5557369614512473,536.0318,0.018998362123966217
1.5789569160997732,539.45667,0.018925730139017105
1.6021768707482993,536.4656,0.018238455057144165
1.6253968253968254,543.4076,0.017443735152482986
1.6486167800453515,546.4961,0.01724281907081604
1.6718367346938776,548.42377,0.0161063764244318
1.6950566893424037,545.6635,0.010706933215260506
1.7182766439909298,531.36786,0.012415945529937744
1.7414965986394557,542.9856,0.027323201298713684
1.7647165532879818,504.85864,0.045198310166597366
1.787936507936508,516.355,0.046409931033849716
1.811156462585034,522.0123,0.03780212625861168
1.8343764172335602,515.6573,0.0335136353969574
1.8575963718820863,522.7927,0.03151874989271164
1.8808163265306124,530.50287,0.028967496007680893
1.9040362811791383,528.65454,0.02616819739341736
1.9272562358276644,525.9737,0.022692937403917313
1.9504761904761905,519.6807,0.021756459027528763
1.9736961451247166,518.3015,0.02263593301177025
1.9969160997732427,515.34094,0.025318972766399384
2.020136054421769,517.9147,0.03424094617366791
2.043356009070295,522.72766,0.04161037132143974
2.066575963718821,529.4912,0.03795921429991722
2.089795918367347,540.23553,0.03336530551314354
2.1130158730158732,552.9308,0.03438466787338257
2.1362358276643993,557.8231,0.03738360479474068
2.159455782312925,556.91284,0.04602380469441414
2.182675736961451,554.1454,0.0487532764673233
2.2058956916099772,554.85956,0.04864009469747543
2.2291156462585033,558.52124,0.0413563996553421
2.2523356009070294,563.3012,0.039596788585186005
2.2755555555555556,565.1307,0.03611293062567711
2.2987755102040817,564.43945,0.02390287257730961
2.3219954648526078,566.00433,0.012079169973731041
2.345215419501134,570.3938,0.006488322746008635
2.36843537414966,592.15424,0.006162339821457863
2.391655328798186,641.1157,0.007688518613576889
2.414875283446712,650.48065,0.007282938342541456
2.4380952380952383,634.87573,0.007237760350108147
2.4613151927437644,640.9643,0.007776020094752312
2.48453514739229,641.6669,0.00833162385970354
2.507755102040816,637.89514,0.008260192349553108
2.5309750566893423,635.35645,0.007541930302977562
2.5541950113378684,627.68256,0.00779733806848526
2.5774149659863945,626.9426,0.008294105529785156
2.6006349206349206,626.3305,0.008319567888975143
2.6238548752834467,635.06305,0.009040560573339462
2.647074829931973,634.15765,0.009504618123173714
2.670294784580499,632.355,0.008459387347102165
2.693514739229025,631.73975,0.0074096559546887875
2.716734693877551,626.8322,0.007046058773994446
2.7399546485260773,635.8082,0.007865619845688343
2.7631746031746034,795.7769,0.00867699645459652
2.7863945578231295,332.892,0.01112294290214777
2.809614512471655,335.51102,0.012949200347065926
2.8328344671201813,335.44116,0.010479271411895752
2.8560544217687074,808.3703,0.00975107029080391
2.8792743764172335,788.98065,0.00962320901453495
2.9024943310657596,666.8041,0.009538304060697556
2.9257142857142857,667.32587,0.011635484173893929
2.948934240362812,334.63623,0.012621655128896236
2.972154195011338,335.37698,0.012034340761601925
2.995374149659864,336.0047,0.012357279658317566
3.01859410430839,336.68872,0.011916620656847954
3.0418140589569163,337.68845,0.015041988343000412
3.0650340136054424,997.5101,0.01943119801580906
3.0882539682539685,1036.9587,0.026729680597782135
3.1114739229024946,1056.9115,0.045954979956150055
3.1346938775510207,1085.3948,0.073417529463768
3.1579138321995464,1100.4858,0.087767094373703
3.1811337868480725,1117.0636,0.0852493867278099
3.2043537414965986,1118.5524,0.06812386214733124
3.2275736961451247,1115.5499,0.06233885884284973
3.250793650793651,1120.525,0.061915744096040726
3.274013605442177,1110.4879,0.05112500861287117
3.297233560090703,1107.6035,0.048931051045656204
3.320453514739229,1106.2122,0.04661538451910019
3.3436734693877552,1108.0057,0.04641222208738327
3.3668934240362813,1112.4429,0.02905636839568615
3.3901133786848074,1061.1465,0.016163252294063568
3.4133333333333336,346.75735,0.012186508625745773
3.4365532879818597,335.0193,0.01244078204035759
3.4597732426303858,337.50586,0.01650370843708515
3.4829931972789114,342.02805,0.01709270291030407
3.5062131519274375,522.97705,0.016993656754493713
3.5294331065759637,343.02914,0.01512097753584385
3.5526530612244898,341.1501,0.014276676811277866
3.575873015873016,341.19766,0.015134108252823353
3.599092970521542,342.41916,0.016715016216039658
3.622312925170068,1020.1371,0.014229447580873966
3.645532879818594,516.5123,0.007465515285730362
3.6687528344671203,657.0133,0.0076646567322313786
3.6919727891156464,629.71173,0.008349590003490448
3.7151927437641725,615.59247,0.009719686582684517
3.7384126984126986,616.7962,0.009908402338624
3.7616326530612247,619.1921,0.01004843320697546
3.784852607709751,623.03687,0.011044546961784363
3.8080725623582765,625.2238,0.011669108644127846
3.8312925170068026,626.5874,0.011972600594162941
3.8545124716553287,626.43115,0.011385640129446983
3.877732426303855,631.34454,0.01157156378030777
3.900952380952381,628.311,0.011446231976151466
3.924172335600907,609.93274,0.018670205026865005
3.947392290249433,544.6653,0.036043569445610046
3.9706122448979593,525.54034,0.02891218289732933
3.9938321995464854,529.5947,0.017527755349874496
4.017052154195011,542.5995,0.015756044536828995
4.040272108843538,550.3965,0.015896035358309746
4.063492063492063,551.72974,0.01652471348643303
4.08671201814059,554.62195,0.019130375236272812
4.1099319727891155,549.74963,0.020061874762177467
4.133151927437642,547.96375,0.017014529556035995
4.156371882086168,555.1525,0.014919005334377289
4.179591836734694,548.9279,0.01607043854892254
4.20281179138322,538.7752,0.02969176694750786
4.2260317460317465,516.7948,0.07560954988002777
4.249251700680272,493.7018,0.06776716560125351
4.272471655328799,479.23892,0.046492572873830795
4.295691609977324,476.8272,0.035710498690605164
4.31891156462585,486.00153,0.0338880829513073
4.342131519274377,488.19443,0.03164687380194664
4.365351473922902,483.17548,0.030350763350725174
4.388571428571429,489.07532,0.029752597212791443
4.4117913832199545,484.17816,0.04381484538316727
4.435011337868481,486.97684,0.043012604117393494
4.458231292517007,486.8461,0.03687896579504013
4.481451247165533,476.1514,0.028220651671290398
4.504671201814059,469.3178,0.02548111043870449
4.527891156462585,461.20715,0.022552432492375374
4.551111111111111,457.63055,0.015193305909633636
4.574331065759638,457.16953,0.014266034588217735
4.597551020408163,457.42276,0.015976130962371826
4.62077097505669,460.71167,0.014997986145317554
4.6439909297052155,459.665,0.014146167784929276
4.667210884353741,459.39224,0.01416595559567213
4.690430839002268,459.79752,0.012837093323469162
4.713650793650793,458.76706,0.012043336406350136
4.73687074829932,459.4096,0.01241114642471075
4.760090702947846,458.06802,0.012845544144511223
4.783310657596372,502.51422,0.013013952411711216
4.806530612244898,485.5504,0.011393100023269653
4.829750566893424,521.28925,0.010914143174886703
4.85297052154195,509.78864,0.010392945259809494
4.876190476190477,512.70416,0.01078567560762167
4.899410430839002,510.86826,0.011245978996157646
4.922630385487529,474.28467,0.011157244443893433
4.9458503401360545,475.6752,0.01128414273262024
4.96907029478458,477.40466,0.012355698272585869
4.992290249433107,482.01266,0.011689368635416031
5.015510204081632,479.46054,0.011810244992375374
5.038730158730159,518.8737,0.008342677727341652
5.061950113378685,471.4543,0.00539219006896019
5.085170068027211,527.797,0.0071831620298326015
5.108390022675737,530.28735,0.006676251534372568
5.131609977324263,526.9233,0.005398725159466267
5.154829931972789,526.8394,0.004847274161875248
5.178049886621316,474.8467,0.005289488937705755
5.201269841269841,505.73178,0.005024758167564869
5.224489795918368,450.0822,0.005536514800041914
5.2477097505668935,473.78152,0.0056634871289134026
5.27092970521542,472.20743,0.0051175253465771675
5.294149659863946,473.71387,0.0047021545469760895
5.317369614512471,469.0327,0.004666005726903677
5.340589569160998,521.9668,0.00519756693392992
5.363809523809524,517.7069,0.012835958041250706
5.38702947845805,495.0738,0.018529105931520462
5.410249433106576,476.09375,0.015639547258615494
5.433469387755102,473.7534,0.012798408046364784
5.456689342403628,485.387,0.012149710208177567
5.479909297052155,495.598,0.011525066569447517
5.50312925170068,498.70148,0.011310654692351818
5.526349206349207,491.33966,0.011620573699474335
5.5495691609977325,487.7575,0.01134288590401411
5.572789115646259,484.85233,0.011373540386557579
5.596009070294785,487.52322,0.011944927275180817
5.61922902494331,495.1491,0.010577752254903316
5.642448979591837,506.87442,0.008329536765813828
5.6656689342403626,512.678,0.008752964437007904
5.688888888888889,513.4559,0.011290817521512508
5.712108843537415,504.82806,0.013792833313345909
5.735328798185941,486.42328,0.01415530126541853
5.758548752834467,478.14066,0.01298447884619236
5.7817687074829935,487.07556,0.012435377575457096
5.804988662131519,500.01883,0.009310485795140266
5.828208616780046,516.89246,0.008396786637604237
5.851428571428571,514.9058,0.010562937706708908
5.874648526077098,515.8148,0.01249865535646677
5.897868480725624,504.44467,0.014132427982985973
5.92108843537415,486.43866,0.013503395020961761
5.944308390022676,480.45862,0.012000312097370625
5.9675283446712015,481.19913,0.01191641390323639
5.990748299319728,497.82733,0.010632200166583061
6.013968253968254,516.56476,0.008037133142352104
6.03718820861678,523.4246,0.007836965844035149
6.060408163265306,522.019,0.008328166790306568
6.0836281179138325,517.8141,0.008014539256691933
6.106848072562358,508.55835,0.008039955049753189
6.130068027210885,505.5332,0.007531711831688881
6.15328798185941,505.07587,0.005794086493551731
6.176507936507937,513.12885,0.004745265934616327
6.199727891156463,514.1509,0.005119877867400646
6.222947845804989,513.415,0.00591996731236577
6.246167800453515,515.14044,0.006324120797216892
6.269387755102041,504.16998,0.006322318222373724
6.292607709750567,474.75958,0.005503769498318434
6.315827664399093,471.07626,0.005009959451854229
6.339047619047619,474.6317,0.0047567798756062984
6.362267573696145,512.6503,0.004145899787545204
6.3854875283446715,517.44714,0.004007753916084766
6.408707482993197,517.82635,0.0036091418005526066
6.431927437641724,505.4232,0.0029032458551228046
6.455147392290249,484.7377,0.002415828639641404
6.478367346938776,487.583,0.0020238563884049654
6.501587301587302,494.371,0.0018701083026826382
6.524807256235828,507.2226,0.0015252139419317245
6.548027210884354,503.80338,0.0011756252497434616
6.57124716553288,504.76593,0.0006018654676154256
6.594467120181406,493.5737,0.00010197424853686243
6.617687074829932,0.0,9.113699888985138e-06
6.640907029478458,0.0,4.177582923148293e-06
6.664126984126984,0.0,1.3588451110990718e-06
6.6873469387755105,0.0,5.152660378371365e-07
6.710566893424036,0.0,3.043733158847317e-07
6.733786848072563,0.0,1.2645159586099908e-07
6.757006802721088,0.0,7.35544745111838e-08
6.780226757369615,0.0,1.17235686047934e-07
6.8034467120181406,0.0,6.825121090514585e-08
6.826666666666667,0.0,1.3281533028930426e-07
6.849886621315193,0.0,6.904519977979362e-08
6.873106575963719,0.0,8.711231203051284e-08
6.896326530612245,0.0,2.9035618354100734e-08
6.9195464852607715,0.0,5.832680471939966e-08
6.942766439909297,0.0,9.612358553567901e-08
6.965986394557823,0.0,6.75272531225346e-08
6.989206349206349,0.0,6.232221494428813e-08
7.012426303854875,0.0,5.577931005973369e-09
