0.0,0.0,2.653450792422518e-08
0.023219954648526078,0.0,4.456160240806639e-08
0.046439909297052155,0.0,4.628509486792609e-08
0.06965986394557823,0.0,2.2519088815897703e-08
0.09287981859410431,0.0,3.0150658858474344e-08
0.11609977324263039,0.0,3.740842657862231e-08
0.13931972789115646,0.0,3.090372047154233e-08
0.16253968253968254,0.0,3.5850462154485285e-08
0.18575963718820862,0.0,6.394475349225104e-08
0.2089795918367347,0.0,2.8676367946900427e-08
0.23219954648526078,0.0,3.2539901440031826e-08
0.25541950113378686,22650.064,1.2564491044031456e-05
0.2786394557823129,349.6348,3.835255847661756e-05
0.301859410430839,323.00992,6.507457874249667e-05
0.3250793650793651,332.42416,9.444122406421229e-05
0.3482993197278912,377.24405,0.0001033156004268676
0.37151927437641724,381.67282,0.00013213613419793546
0.3947392290249433,379.08475,0.00017545952869113535
0.4179591836734694,384.2103,0.00021014016238041222
0.44117913832199546,387.40405,0.00021395394287537783
0.46439909297052157,387.83823,0.00024151697289198637
0.4876190476190476,347.94406,0.00026558537501841784
0.5108390022675737,347.97653,0.00022627129510510713
0.5340589569160998,342.36118,0.00025478750467300415
0.5572789115646258,345.74454,0.00023092386254575104
0.5804988662131519,380.65094,0.0004454938170965761
0.603718820861678,383.13425,0.000530933088157326
0.626938775510204,398.1272,0.000680258555803448
0.6501587301587302,405.32452,0.0007351649692282081
0.6733786848072563,398.99612,0.0006111001712270081
0.6965986394557824,394.59094,0.0006440789438784122
0.7198185941043084,400.08102,0.0008089728653430939
0.7430385487528345,413.70578,0.0008040922693908215
0.7662585034013606,434.29523,0.0011008235160261393
0.7894784580498866,441.65363,0.0011197417043149471
0.8126984126984127,444.78778,0.0011592714581638575
0.8359183673469388,431.7936,0.001258605974726379
0.8591383219954649,424.58496,0.001187793561257422
0.8823582766439909,427.3386,0.0013478812761604786
0.905578231292517,440.21902,0.0012840313138440251
0.9287981859410431,457.23676,0.001719183987006545
0.9520181405895691,478.0919,0.002135582733899355
0.9752380952380952,479.24313,0.002375734271481633
0.9984580498866213,476.57028,0.002817221451550722
1.0216780045351475,464.89896,0.0018471961375325918
1.0448979591836736,462.38126,0.001767419744282961
1.0681179138321997,471.01007,0.001453279866836965
1.0913378684807256,490.24155,0.0004325516929384321
1.1145578231292517,262.17853,0.0009802142158150673
1.1377777777777778,595.3639,0.0009437846601940691
1.1609977324263039,587.916,0.0008034194470383227
1.18421768707483,553.54926,0.0004715707036666572
1.207437641723356,554.48444,0.00041303582838736475
1.2306575963718822,562.266,0.0008337743929587305
1.253877551020408,775.69415,0.0009546185610815883
1.2770975056689342,860.3921,0.0012196884490549564
1.3003174603174603,865.086,0.0019303138833492994
1.3235374149659864,877.3469,0.0014510295586660504
1.3467573696145125,892.8011,0.0011674368288367987
1.3699773242630386,868.38324,0.00109793059527874
1.3931972789115648,841.7116,0.0014937574742361903
1.4164172335600906,878.55927,0.0007985264528542757
1.4396371882086167,890.7155,0.0005957899847999215
1.4628571428571429,721.5064,0.0008620787411928177
1.486077097505669,717.10693,0.000724425190128386
1.509297052154195,724.10754,0.0006090783281251788
1.5325170068027212,317.8805,0.0005185406771488488
1.5557369614512473,316.6822,0.0004952390445396304
1.5789569160997732,320.10107,0.0006419762503355742
1.6021768707482993,730.911,0.00113266974221915
1.6253968253968254,732.58215,0.000990136875770986
1.6486167800453515,354.73248,0.000968664709944278
1.6718367346938776,721.8102,0.0009383986471220851
1.6950566893424037,773.2208,0.0011457069776952267
1.7182766439909298,734.8087,0.001154377474449575
1.7414965986394557,718.65405,0.0009334984933957458
1.7647165532879818,689.6846,0.0006890480290167034
1.787936507936508,733.3626,0.0009434390813112259
1.811156462585034,376.744,0.0009062375174835324
1.8343764172335602,394.9329,0.0015691063599660993
1.8575963718820863,396.8856,0.0013576203491538763
1.8808163265306124,394.45062,0.001148285809904337
1.9040362811791383,392.01917,0.0008688367088325322
1.9272562358276644,387.5578,0.000770004466176033
1.9504761904761905,380.9548,0.001067448640242219
1.9736961451247166,761.30084,0.0012327581644058228
1.9969160997732427,731.0802,0.0010961201041936874
2.020136054421769,712.66516,0.0011333695147186518
2.043356009070295,701.78705,0.0012156077427789569
2.066575963718821,702.18933,0.0010622988920658827
2.089795918367347,712.2242,0.0008581358706578612
2.1130158730158732,713.3423,0.0008786828257143497
2.1362358276643993,703.9549,0.0009774364298209548
2.159455782312925,692.71246,0.0009982415940612555
2.182675736961451,719.9097,0.000901122170034796
2.2058956916099772,688.69116,0.0005306705133989453
2.2291156462585033,659.9177,0.0005556130781769753
2.2523356009070294,326.9783,0.0005053943605162203
2.2755555555555556,661.8766,0.0005129383644089103
2.2987755102040817,326.89545,0.0005117006367072463
2.3219954648526078,323.40326,0.00040815933607518673
2.345215419501134,314.4606,0.0008086962625384331
2.36843537414966,893.40533,0.001826750347390771
2.391655328798186,896.2286,0.00258328253403306
2.414875283446712,883.81287,0.0022414245177060366
2.4380952380952383,886.4631,0.002066252287477255
2.4613151927437644,893.76843,0.0017354204319417477
2.48453514739229,895.50806,0.0017089186003431678
2.507755102040816,888.08167,0.0011568163754418492
2.5309750566893423,846.235,0.0006510139792226255
2.5541950113378684,768.77374,0.000721536111086607
2.5774149659863945,774.999,0.0007233750657178462
2.6006349206349206,746.27423,0.0007285653264261782
2.6238548752834467,756.11444,0.0007151441532187164
2.647074829931973,770.66266,0.0007360437884926796
2.670294784580499,775.4753,0.0006211234722286463
2.693514739229025,260.99136,0.0005513632204383612
2.716734693877551,573.28784,0.001212151488289237
2.7399546485260773,467.86627,0.0013011180562898517
2.7631746031746034,469.97067,0.001129521057009697
2.7863945578231295,467.50787,0.0009687045821920037
2.809614512471655,483.39926,0.0009161507477983832
2.8328344671201813,473.22092,0.0009112501284107566
2.8560544217687074,480.6335,0.0010361330350860953
2.8792743764172335,465.217,0.0009098444133996964
2.9024943310657596,455.67368,0.0008842905517667532
2.9257142857142857,438.5978,0.0009381886920891702
2.948934240362812,433.37854,0.0008780366042628884
2.972154195011338,432.4714,0.0007495559984818101
2.995374149659864,436.10965,0.0006346615264192224
3.01859410430839,439.23764,0.0006024316535331309
3.0418140589569163,432.22906,0.0006494384724646807
3.0650340136054424,423.5836,0.0006467016646638513
3.0882539682539685,405.32138,0.00047331731184385717
3.1114739229024946,387.97516,0.00034191348822787404
3.1346938775510207,380.316,0.00036047352477908134
3.1579138321995464,380.1936,0.00039074404048733413
3.1811337868480725,388.0199,0.0005665138596668839
3.2043537414965986,397.7307,0.0006353470962494612
3.2275736961451247,401.44885,0.0005448571173474193
3.250793650793651,397.56284,0.0004057499172631651
3.274013605442177,384.17465,0.0003051124222110957
3.297233560090703,368.73395,0.00024835369549691677
3.320453514739229,374.80865,0.00015126843936741352
3.3436734693877552,339.2017,0.00016512649017386138
3.3668934240362813,340.91898,0.0001692413934506476
3.3901133786848074,347.90808,0.00027305923867970705
3.4133333333333336,370.5081,0.0002998463169205934
3.4365532879818597,374.0574,0.00020781464991159737
3.4597732426303858,376.16086,0.0002219529851572588
3.4829931972789114,364.16782,0.00025973812444135547
3.5062131519274375,345.5991,0.0001764716871548444
3.5294331065759637,337.04904,0.00014601703151129186
3.5526530612244898,337.59613,0.00020928964659105986
3.575873015873016,372.48703,0.00032031250884756446
3.599092970521542,378.0137,0.00028380355797708035
3.622312925170068,385.70483,0.0002064479049295187
3.645532879818594,433.43372,0.00020146681345067918
3.6687528344671203,379.57382,0.0002367123670410365
3.6919727891156464,339.87256,0.0001703555608401075
3.7151927437641725,331.15112,0.00013205697177909315
3.7384126984126986,331.13174,0.0001945832627825439
3.7616326530612247,358.06607,0.0002887687587644905
3.784852607709751,383.19418,0.00034169276477769017
3.8080725623582765,399.15775,0.00022988076671026647
3.8312925170068026,421.32446,0.00021035691315773875
3.8545124716553287,427.4533,0.00019751762738451362
3.877732426303855,350.21344,0.0001560651435283944
3.900952380952381,372.7344,0.0001489499700255692
3.924172335600907,376.60242,0.00021257466869428754
3.947392290249433,331.72467,0.00022708895266987383
3.9706122448979593,368.12415,0.0002740713534876704
3.9938321995464854,376.653,0.00022944508236832917
4.017052154195011,378.55154,0.0001686780306044966
4.040272108843538,376.86563,0.00020367157412692904
4.063492063492063,359.2445,0.0001706225157249719
4.08671201814059,375.26807,0.0001369666715618223
4.1099319727891155,376.0624,0.00018194531730841845
4.133151927437642,370.2347,0.00018011013162322342
4.156371882086168,351.9252,0.00019562302622944117
4.179591836734694,373.03708,0.00021741690579801798
4.20281179138322,360.2892,0.00013651078916154802
4.2260317460317465,382.7586,0.00013152696192264557
4.249251700680272,375.5836,0.00016235988005064428
4.272471655328799,356.0747,0.00013450636470224708
4.295691609977324,372.33072,0.00013152930478099734
4.31891156462585,374.8832,0.00015984191850293428
4.342131519274377,360.58978,0.00016072603466454893
4.365351473922902,350.2612,0.00018443817680235952
4.388571428571429,370.22717,0.00019571525626815856
4.4117913832199545,367.79462,0.0001289857318624854
4.435011337868481,384.77078,0.00012365543807391077
4.458231292517007,374.25745,0.00015385530423372984
4.481451247165533,354.1136,0.00013880724145565182
4.504671201814059,369.1474,0.00010102480882778764
4.527891156462585,371.7042,0.00012049495126120746
4.551111111111111,361.60214,0.0001564309059176594
4.574331065759638,370.08762,0.00017832472804002464
4.597551020408163,364.93414,0.00012600132322404534
4.62077097505669,394.18765,0.00010904320515692234
4.6439909297052155,376.76608,0.0001383462076773867
4.667210884353741,357.9238,0.00011829088907688856
4.690430839002268,373.52557,0.00011320295743644238
4.713650793650793,372.80804,0.00013686512829735875
4.73687074829932,331.56287,0.00014663921319879591
4.760090702947846,360.93015,0.00015933897520881146
4.783310657596372,373.63873,0.00015852937940508127
4.806530612244898,369.15173,9.627428516978398e-05
4.829750566893424,392.70596,9.610114648239687e-05
4.85297052154195,370.00705,0.00011052250920329243
4.876190476190477,364.65176,9.19244484975934e-05
4.899410430839002,373.391,0.0001432421850040555
4.922630385487529,335.95435,0.00015464886382687837
4.9458503401360545,365.74622,0.0001324028562521562
4.96907029478458,381.43027,1.5605710359523073e-05
4.992290249433107,0.0,4.254136911185924e-06
5.015510204081632,0.0,3.407476469874382e-07
5.038730158730159,0.0,1.6432204574812204e-07
5.061950113378685,0.0,1.6560807125642896e-07
5.085170068027211,0.0,9.080304153030738e-08
5.108390022675737,0.0,1.189591785077937e-07
5.131609977324263,0.0,2.924398359027691e-07
5.154829931972789,0.0,1.2630698620341718e-07
5.178049886621316,0.0,2.802107701427303e-07
5.201269841269841,0.0,2.2702897695126012e-07
5.224489795918368,0.0,1.0615985956974328e-07
5.2477097505668935,0.0,3.619761628215201e-07
