0.0,0.0,1.8438277038512751e-07
0.023219954648526078,0.0,7.51570041757077e-08
0.046439909297052155,0.0,7.191101758508012e-08
0.06965986394557823,0.0,2.4197197490138933e-07
0.09287981859410431,2296.237,1.5201705537037924e-05
0.11609977324263039,126.96624,0.00011647741484921426
0.13931972789115646,129.65195,0.0001531353045720607
0.16253968253968254,144.02678,0.0002607138885650784
0.18575963718820862,165.677,0.00043315882794559
0.2089795918367347,191.75294,0.0004288629279471934
0.23219954648526078,2085.6355,0.0004496283072512597
0.25541950113378686,395.94055,0.0007313438109122217
0.2786394557823129,2126.6504,0.0006187513936311007
0.301859410430839,2078.2744,0.00043487761286087334
0.3250793650793651,2199.7356,0.0004905302776023746
0.3482993197278912,377.92395,0.0005294778384268284
0.37151927437641724,2080.5015,0.00039014601497910917
0.3947392290249433,2110.505,0.00037066172808408737
0.4179591836734694,2196.5613,0.00019981505465693772
0.44117913832199546,369.93857,4.459878255147487e-05
0.46439909297052157,0.0,3.970394573116209e-06
0.4876190476190476,0.0,7.038133844616823e-07
0.5108390022675737,0.0,2.2950371203478426e-07
0.5340589569160998,0.0,6.688696885248646e-08
0.5572789115646258,0.0,4.770754458149895e-08
0.5804988662131519,0.0,3.456052581896074e-07
0.603718820861678,25322.178,7.356196874752641e-05
0.626938775510204,237.6793,0.0002784642856568098
0.6501587301587302,2079.0884,0.00037243717815726995
0.6733786848072563,2146.8,0.0003269129665568471
0.6965986394557824,2343.8787,0.0003047192294616252
0.7198185941043084,247.51376,0.0005471393815241754
0.7430385487528345,2060.7744,0.0010131754679605365
0.7662585034013606,1983.6869,0.001413928810507059
0.7894784580498866,1964.027,0.001695680315606296
0.8126984126984127,1961.755,0.0015545100905001163
0.8359183673469388,1982.816,0.0006823877338320017
0.8591383219954649,481.366,0.0005119425477460027
0.8823582766439909,245.80621,0.0004044092202093452
0.905578231292517,243.08556,0.0001688623015070334
0.9287981859410431,0.0,8.411901944782585e-06
0.9520181405895691,0.0,1.0000030670198612e-06
0.9752380952380952,0.0,5.928686732659116e-07
0.9984580498866213,0.0,2.1379219106165692e-07
1.0216780045351475,0.0,8.510332918376662e-07
1.0448979591836736,0.0,8.944825822254643e-07
1.0681179138321997,2326.521,0.0002917558595072478
1.0913378684807256,298.9642,0.0009107267251238227
1.1145578231292517,306.6355,0.0011954728979617357
1.1377777777777778,2255.1274,0.0009260389488190413
1.1609977324263039,373.1586,0.0012249003630131483
1.18421768707483,2110.1152,0.0013467452954500914
1.207437641723356,2089.6538,0.0009918627329170704
1.2306575963718822,2138.2441,0.0008666582871228456
1.253877551020408,2112.6975,0.0013071957509964705
1.2770975056689342,2093.6199,0.002067494671791792
1.3003174603174603,2141.306,0.0017734556458890438
1.3235374149659864,319.22702,0.0018708322895690799
1.3467573696145125,2074.8357,0.0013441159389913082
1.3699773242630386,2211.5857,9.06520799617283e-05
1.3931972789115648,271.29123,4.200261173537001e-05
1.4164172335600906,0.0,4.9321188271278515e-06
1.4396371882086167,0.0,1.8119953892892227e-06
1.4628571428571429,0.0,3.3216838346561417e-07
1.486077097505669,0.0,1.7593811207916588e-07
1.509297052154195,0.0,2.0412971935002133e-07
1.5325170068027212,0.0,3.229379217373207e-07
1.5557369614512473,0.0,2.8879003366455436e-07
1.5789569160997732,0.0,6.133495844551362e-07
1.6021768707482993,2578.1855,0.0002490551851224154
1.6253968253968254,355.28604,0.000957657874096185
1.6486167800453515,720.70996,0.0012699952349066734
1.6718367346938776,716.2914,0.0012742532417178154
1.6950566893424037,707.1517,0.0017298557795584202
1.7182766439909298,695.3634,0.0022362172603607178
1.7414965986394557,687.62115,0.0024007814936339855
1.7647165532879818,343.40747,0.0026449598371982574
1.787936507936508,343.7625,0.0029127602465450764
1.811156462585034,347.43304,0.0024947128258645535
1.8343764172335602,433.6095,0.001902092481032014
1.8575963718820863,1841.0928,0.002728383056819439
1.8808163265306124,2004.8131,0.002000949112698436
1.9040362811791383,2144.2144,0.00037750895717181265
1.9272562358276644,311.82904,3.59983641828876e-05
1.9504761904761905,0.0,5.6460548876202665e-06
1.9736961451247166,0.0,2.0306861188146286e-06
1.9969160997732427,0.0,4.941266524838284e-07
2.020136054421769,0.0,2.9433340387186036e-07
2.043356009070295,0.0,3.6717210605274886e-07
2.066575963718821,0.0,4.6255445340648293e-07
2.089795918367347,314.8869,0.00012560954201035202
2.1130158730158732,290.84894,0.0004129973822273314
2.1362358276643993,1904.7457,0.0007072727894410491
2.159455782312925,1935.2788,0.000739250099286437
2.182675736961451,302.56973,0.0007079481147229671
2.2058956916099772,300.3116,0.0009866063483059406
2.2291156462585033,303.87283,0.0014728516107425094
2.2523356009070294,1977.5801,0.0015640119090676308
2.2755555555555556,1987.6222,0.0013828632654622197
2.2987755102040817,305.39642,0.00111321487929672
2.3219954648526078,300.3171,0.0010027186945080757
2.345215419501134,298.6403,0.0011279471218585968
2.36843537414966,312.46338,0.0008426334243267775
2.391655328798186,314.89893,0.00041453438461758196
2.414875283446712,307.62952,0.00013710095663554966
2.4380952380952383,259.0983,2.0264575141482055e-05
2.4613151927437644,267.41684,1.129979773395462e-05
2.48453514739229,0.0,7.077314876369201e-07
2.507755102040816,0.0,4.843568603973836e-07
2.5309750566893423,0.0,2.4754444893915206e-07
2.5541950113378684,0.0,3.8710822991561145e-07
2.5774149659863945,2246.8325,9.17306388146244e-05
2.6006349206349206,2054.271,0.00042646349174901843
2.6238548752834467,2038.3848,0.0008791821310296655
2.647074829931973,2059.5417,0.0013987101847305894
2.670294784580499,2050.6562,0.0016592524480074644
2.693514739229025,2028.9208,0.001953521743416786
2.716734693877551,2022.0052,0.0016109752468764782
2.7399546485260773,2016.9164,0.0015413834480568767
2.7631746031746034,2037.2263,0.001259828102774918
2.7863945578231295,2043.0883,0.001447945600375533
2.809614512471655,2032.5862,0.00145792739931494
2.8328344671201813,2001.5144,0.0003197081678081304
2.8560544217687074,2029.5538,4.7697980335215107e-05
2.8792743764172335,0.0,1.4944298527552746e-06
2.9024943310657596,0.0,7.006956366240047e-07
2.9257142857142857,0.0,1.8396258383290842e-07
2.948934240362812,0.0,7.812741387169808e-08
2.972154195011338,0.0,1.5500518202316016e-07
2.995374149659864,0.0,3.722971086972393e-07
3.01859410430839,0.0,7.260250640683807e-07
3.0418140589569163,26862.64,4.683675797423348e-05
3.0650340136054424,158.89546,9.654909081291407e-05
3.0882539682539685,339.37546,0.00024774117628112435
3.1114739229024946,2107.019,0.0002947857428807765
3.1346938775510207,2044.299,0.0004175918875262141
3.1579138321995464,2054.227,0.0005653527332469821
3.1811337868480725,2037.9838,0.0006685074768029153
3.2043537414965986,2078.4207,0.0008202274329960346
3.2275736961451247,2048.806,0.0007791225798428059
3.250793650793651,2040.2621,0.0008633331162855029
3.274013605442177,2065.617,0.0012939281295984983
3.297233560090703,2017.1426,0.0007316073169931769
3.320453514739229,2035.0911,0.0006843846058472991
3.3436734693877552,2059.6304,0.0006904881447553635
3.3668934240362813,2064.497,0.0011073881760239601
3.3901133786848074,2030.8474,0.0010835154680535197
3.4133333333333336,2009.0455,0.0008110456401482224
3.4365532879818597,1980.4178,0.0005191498203203082
3.4597732426303858,2064.9358,0.0008343524532392621
3.4829931972789114,2011.4836,0.00044954451732337475
3.5062131519274375,2061.2942,0.0005695514846593142
3.5294331065759637,2069.9194,0.0005103891016915441
3.5526530612244898,2051.3596,0.0007205472211353481
3.575873015873016,2013.6464,0.0004896906320936978
3.599092970521542,2065.2703,0.0004505359102040529
3.622312925170068,2008.9342,0.0003015952534042299
3.645532879818594,2001.2303,0.00039043539436534047
3.6687528344671203,2061.118,0.0002973219088744372
3.6919727891156464,2009.3209,0.00022509953123517334
3.7151927437641725,2074.857,0.0001343047188129276
3.7384126984126986,2078.3152,2.137149203917943e-05
3.7616326530612247,0.0,8.735214578337036e-06
3.784852607709751,0.0,9.619207048672251e-07
3.8080725623582765,0.0,2.413744368823245e-07
3.8312925170068026,0.0,2.397891876171343e-07
3.8545124716553287,0.0,6.970640242798254e-08
3.877732426303855,0.0,1.4082252164371312e-07
3.900952380952381,0.0,1.2733380572171882e-07
3.924172335600907,0.0,1.2093005352653563e-07
3.947392290249433,0.0,2.664100975380279e-07
3.9706122448979593,0.0,6.314621714409441e-08
3.9938321995464854,0.0,3.920104063581675e-08
4.017052154195011,0.0,8.516326488461345e-08
4.040272108843538,0.0,2.0662810129579157e-07
4.063492063492063,0.0,8.593269740231335e-08
4.08671201814059,0.0,6.59047145745717e-08
4.1099319727891155,0.0,1.3437693269224837e-07
4.133151927437642,0.0,3.0169758247211576e-08
4.156371882086168,0.0,5.7734723668545485e-09
