0.0,0.0,1.1646443454083055e-07
0.023219954648526078,0.0,9.620180208003148e-08
0.046439909297052155,0.0,6.374830263666809e-08
0.06965986394557823,0.0,7.31779437046498e-08
0.09287981859410431,0.0,7.660946721443906e-08
0.11609977324263039,0.0,5.066704034106806e-08
0.13931972789115646,0.0,2.6972884370479733e-08
0.16253968253968254,0.0,1.849912223406136e-08
0.18575963718820862,0.0,2.4837390810716897e-08
0.2089795918367347,0.0,5.206493369769305e-08
0.23219954648526078,0.0,1.6261583368759602e-07
0.25541950113378686,0.0,1.5834393707336858e-07
0.2786394557823129,0.0,7.56508597987704e-08
0.301859410430839,0.0,7.211565389297903e-08
0.3250793650793651,0.0,7.832568371668458e-08
0.3482993197278912,0.0,4.903804438072257e-07
0.37151927437641724,137.24713,1.2313978004385717e-05
0.3947392290249433,117.36766,2.553857848397456e-05
0.4179591836734694,115.68057,3.530302637955174e-05
0.44117913832199546,140.76839,5.6934321037260816e-05
0.46439909297052157,148.48294,7.7701588452328e-05
0.4876190476190476,150.66516,0.00011771351273637265
0.5108390022675737,169.26395,0.0001789387606550008
0.5340589569160998,610.7623,0.0002002338005695492
0.5572789115646258,618.11914,0.00030175037682056427
0.5804988662131519,623.4145,0.00029379819170571864
0.603718820861678,615.792,0.00018156765145249665
0.626938775510204,629.90857,5.125773895997554e-05
0.6501587301587302,149.61052,1.7537504390929826e-05
0.6733786848072563,0.0,6.025100447004661e-06
0.6965986394557824,0.0,3.5110278986394405e-06
0.7198185941043084,140.65509,4.7219837142620236e-05
0.7430385487528345,685.63086,0.00012123673513997346
0.7662585034013606,662.33795,0.00018826554878614843
0.7894784580498866,653.4222,0.00018526750500313938
0.8126984126984127,709.02515,0.00018702723900787532
0.8359183673469388,713.48584,0.00019219749083276838
0.8591383219954649,698.768,0.00014341657515615225
0.8823582766439909,719.73,7.216854282887653e-05
0.905578231292517,0.0,8.622591849416494e-06
0.9287981859410431,0.0,3.212845513189677e-06
0.9520181405895691,143.83589,1.5995825378922746e-05
0.9752380952380952,688.8492,5.8514837292023e-05
0.9984580498866213,664.3336,0.00012517232971731573
1.0216780045351475,662.6306,0.00024951304658316076
1.0448979591836736,655.26886,0.0003629130660556257
1.0681179138321997,647.8893,0.0004100362421013415
1.0913378684807256,635.91077,0.0003420062712393701
1.1145578231292517,623.8966,0.00015120785974431783
1.1377777777777778,684.79224,4.0820305002853274e-05
1.1609977324263039,0.0,8.897519364836626e-06
1.18421768707483,153.88867,1.4603258023271337e-05
1.207437641723356,172.63174,0.000151097250636667
1.2306575963718822,691.5798,0.00017330383707303554
1.253877551020408,680.83673,0.00018184850341640413
1.2770975056689342,686.74713,0.0002568008203525096
1.3003174603174603,686.97754,0.00026310887187719345
1.3235374149659864,687.5204,0.00027167226653546095
1.3467573696145125,688.5937,0.00030678731855005026
1.3699773242630386,675.561,0.00023437675554305315
1.3931972789115648,669.0404,7.402173650916666e-05
1.4164172335600906,0.0,9.602029422239866e-06
1.4396371882086167,0.0,3.929418198822532e-06
1.4628571428571429,0.0,4.798272129846737e-06
1.486077097505669,196.88084,8.946665184339508e-05
1.509297052154195,642.1164,0.00027162337210029364
1.5325170068027212,606.77783,0.00040078035090118647
1.5557369614512473,615.9218,0.00048203079495579004
1.5789569160997732,610.25586,0.0004794052802026272
1.6021768707482993,622.5219,0.00048635611892677844
1.6253968253968254,627.0083,0.00042578752618283033
1.6486167800453515,625.88324,0.00017971702618524432
1.6718367346938776,690.6247,2.238875640614424e-05
1.6950566893424037,0.0,1.8292957975063473e-06
1.7182766439909298,0.0,9.840018719842192e-06
1.7414965986394557,297.57523,0.00013318724813871086
1.7647165532879818,672.481,0.00030684532248415053
1.787936507936508,671.01746,0.0005467981100082397
1.811156462585034,665.96094,0.0009647872066125274
1.8343764172335602,642.85455,0.001249509397894144
1.8575963718820863,646.49316,0.0009795462246984243
1.8808163265306124,663.8031,0.0003661270602606237
1.9040362811791383,679.15076,3.6533969250740483e-05
1.9272562358276644,0.0,2.602519998617936e-06
1.9504761904761905,0.0,1.1232759788981639e-06
1.9736961451247166,219.59755,4.0576993342256173e-05
1.9969160997732427,739.57935,0.00021230941638350487
2.020136054421769,687.82837,0.00047950458247214556
2.043356009070295,625.1351,0.0007108469726517797
2.066575963718821,672.2265,0.000781361770350486
2.089795918367347,705.15247,0.0006482335738837719
2.1130158730158732,708.4024,0.0005452930927276611
2.1362358276643993,698.1291,0.0004376822616904974
2.159455782312925,709.04926,0.00032014254247769713
2.182675736961451,713.92426,8.976386016001925e-05
2.2058956916099772,0.0,8.451949724985752e-06
2.2291156462585033,337.17514,4.100131263840012e-05
2.2523356009070294,732.1052,0.00027193533605895936
2.2755555555555556,751.6755,0.0004378517623990774
2.2987755102040817,728.41,0.0007245317683555186
2.3219954648526078,272.45416,0.0007559148943983018
2.345215419501134,685.8368,0.0007165252463892102
2.36843537414966,710.28906,0.0007473233854398131
2.391655328798186,735.234,0.0007840487523935735
2.414875283446712,739.8408,0.0006750844186171889
2.4380952380952383,741.2859,0.0004298761487007141
2.4613151927437644,745.5405,0.00023298956512007862
2.48453514739229,398.09192,3.951413600589149e-05
2.507755102040816,0.0,7.824499334674329e-06
2.5309750566893423,0.0,1.8663240552996285e-06
2.5541950113378684,271.4907,9.634599700802937e-05
2.5774149659863945,645.4425,0.0008866071002557874
2.6006349206349206,619.4583,0.002485930919647217
2.6238548752834467,616.412,0.0034863948822021484
2.647074829931973,614.8962,0.003573459107428789
2.670294784580499,610.86676,0.003175834659487009
2.693514739229025,604.6524,0.002388567663729191
2.716734693877551,601.0876,0.001433825003914535
2.7399546485260773,602.0437,0.0003508414374664426
2.7631746031746034,775.903,2.1160472897463478e-05
2.7863945578231295,0.0,2.6340485419495963e-06
2.809614512471655,0.0,8.517472451785579e-07
2.8328344671201813,256.0636,5.3088941058376804e-05
2.8560544217687074,783.1648,0.0004603724228218198
2.8792743764172335,747.38434,0.0007881562924012542
2.9024943310657596,740.1461,0.00112209003418684
2.9257142857142857,746.45233,0.0012795114889740944
2.948934240362812,827.2952,0.0011065758299082518
2.972154195011338,849.7471,0.0010466891108080745
2.995374149659864,806.5219,0.0009084671619348228
3.01859410430839,774.9037,0.0001642170245759189
3.0418140589569163,0.0,9.75085458776448e-06
3.0650340136054424,0.0,1.464496563130524e-06
3.0882539682539685,0.0,1.9150684238411486e-06
3.1114739229024946,215.59676,0.00030100811272859573
3.1346938775510207,727.05115,0.0008684428175911307
3.1579138321995464,730.10144,0.00099370745010674
3.1811337868480725,730.4376,0.0008980923448689282
3.2043537414965986,733.83014,0.000763799820560962
3.2275736961451247,731.3852,0.0006114274729043245
3.250793650793651,729.6264,0.0002196395944338292
3.274013605442177,735.74457,1.0240931260341313e-05
3.297233560090703,0.0,1.8471946532372385e-06
3.320453514739229,0.0,4.514386091614142e-07
3.3436734693877552,0.0,2.491224222467281e-07
3.3668934240362813,25181.635,0.00029879322391934693
3.3901133786848074,602.21387,0.0006338693201541901
3.4133333333333336,683.2609,0.0007857978343963623
3.4365532879818597,681.71454,0.0009746088180691004
3.4597732426303858,680.50586,0.0010063883382827044
3.4829931972789114,597.6401,0.0007010245462879539
3.5062131519274375,588.79913,0.00036445038858801126
3.5294331065759637,720.17804,5.1753730076598004e-05
3.5526530612244898,0.0,1.9387316569918767e-06
3.575873015873016,0.0,1.7224692783202045e-06
3.599092970521542,214.38017,4.196668305667117e-05
3.622312925170068,728.35596,0.00017351852147839963
3.645532879818594,674.49585,0.0003662808449007571
3.6687528344671203,639.034,0.0007473866571672261
3.6919727891156464,603.5118,0.0009840731509029865
3.7151927437641725,614.3861,0.0010819309391081333
3.7384126984126986,618.9587,0.001066124765202403
3.7616326530612247,623.16766,0.000697846058756113
3.784852607709751,649.60834,0.00018879154231399298
3.8080725623582765,0.0,9.182065696222708e-06
3.8312925170068026,0.0,4.684889063355513e-07
3.8545124716553287,0.0,2.6792804419528693e-07
3.877732426303855,0.0,1.1780230124713853e-07
3.900952380952381,24597.156,8.65356923895888e-05
3.924172335600907,674.6652,0.0002892183547373861
3.947392290249433,679.1293,0.00041486817644909024
3.9706122448979593,620.25305,0.00047846976667642593
3.9938321995464854,681.5754,0.00039275374729186296
4.017052154195011,700.5154,0.0002737810427788645
4.040272108843538,695.07263,0.00014328831457532942
4.063492063492063,686.35834,3.615608511609025e-05
4.08671201814059,0.0,3.5908769859815948e-06
4.1099319727891155,0.0,2.588185452623293e-07
4.133151927437642,0.0,1.519865691079758e-07
4.156371882086168,23754.664,1.145217629527906e-05
4.179591836734694,670.1155,9.22097242437303e-05
4.20281179138322,658.4706,0.00020475051132962108
4.2260317460317465,644.88995,0.00028828135691583157
4.249251700680272,647.88873,0.0002537724794819951
4.272471655328799,640.3125,0.000218770292121917
4.295691609977324,666.0605,0.00019701410201378167
4.31891156462585,682.67426,7.585271669086069e-05
4.342131519274377,0.0,8.783498742559459e-06
4.365351473922902,0.0,8.177121344488114e-07
4.388571428571429,0.0,4.0114173316396773e-07
4.4117913832199545,0.0,3.079321686527692e-07
4.435011337868481,24461.459,6.61633675917983e-05
4.458231292517007,666.967,0.00022005861683283
4.481451247165533,626.23456,0.00031317214597947896
4.504671201814059,633.2021,0.00042402074905112386
4.527891156462585,676.63245,0.00033708236878737807
4.551111111111111,694.9895,0.000303145672660321
4.574331065759638,685.2004,0.0001633358479011804
4.597551020408163,677.99066,2.380406658630818e-05
4.62077097505669,0.0,1.6099702406791039e-06
4.6439909297052155,0.0,3.571185516193509e-07
4.667210884353741,0.0,1.3256794773042202e-07
4.690430839002268,0.0,1.6072317521320656e-07
4.713650793650793,0.0,7.96117092249915e-08
4.73687074829932,23102.482,2.0224819309078157e-05
4.760090702947846,655.54114,7.732101948931813e-05
4.783310657596372,622.018,0.00010522256343392655
4.806530612244898,624.6978,0.0001518696080893278
4.829750566893424,650.94934,0.00020884221885353327
4.85297052154195,652.26917,0.00019817867723759264
4.876190476190477,652.6098,0.0001576846989337355
4.899410430839002,653.75183,0.00014711904805153608
4.922630385487529,651.66406,0.00013425418001133949
4.9458503401360545,638.0011,0.00013170743477530777
4.96907029478458,634.7746,0.00011481886031106114
4.992290249433107,643.4943,0.00027169164968654513
5.015510204081632,608.3019,0.00040191190782934427
5.038730158730159,613.8541,0.00037354548112489283
5.061950113378685,612.8141,0.0003662839299067855
5.085170068027211,590.7632,0.00019010274263564497
5.108390022675737,624.9015,0.00013126153498888016
5.131609977324263,654.19745,0.00011460824316600338
5.154829931972789,619.38293,8.942399290390313e-05
5.178049886621316,661.05133,0.00014791544526815414
5.201269841269841,597.2836,0.00023032716126181185
5.224489795918368,606.3457,0.00019104889361187816
5.2477097505668935,621.1661,0.00013278675032779574
5.27092970521542,591.6975,3.2367490348406136e-05
5.294149659863946,692.4124,2.2371601517079398e-05
5.317369614512471,660.7942,2.5982102670241147e-05
5.340589569160998,680.335,3.823984297923744e-05
5.363809523809524,689.2019,4.197400630800985e-05
5.38702947845805,627.7426,1.9917952158721164e-05
5.410249433106576,0.0,1.6327348930644803e-06
5.433469387755102,0.0,3.514242052915506e-07
5.456689342403628,0.0,1.0600706445984542e-07
5.479909297052155,0.0,2.975775714730844e-08
5.50312925170068,0.0,2.0930201571900398e-08
5.526349206349207,0.0,3.1157469493336976e-08
5.5495691609977325,0.0,5.565925675909966e-08
5.572789115646259,0.0,8.566530595999211e-08
5.596009070294785,0.0,2.8003887564409524e-07
5.61922902494331,0.0,5.437150321085937e-07
5.642448979591837,0.0,7.80171831138432e-07
5.6656689342403626,0.0,1.1221945896977559e-06
5.688888888888889,0.0,1.0048242984339595e-06
5.712108843537415,0.0,7.458047548425384e-07
5.735328798185941,0.0,5.381980372476391e-07
5.758548752834467,0.0,2.97342921840027e-07
5.7817687074829935,0.0,1.1039628589060158e-07
5.804988662131519,0.0,1.4740180631633848e-08
5.828208616780046,0.0,2.639717422425747e-08
