0.0,0.0,5.576748662861064e-08
0.023219954648526078,0.0,5.662150215357542e-08
0.046439909297052155,0.0,1.196713128592819e-07
0.06965986394557823,0.0,1.8736409401753917e-07
0.09287981859410431,0.0,1.1491283657960594e-07
0.11609977324263039,0.0,1.3210410543251783e-07
0.13931972789115646,0.0,3.047598511329852e-07
0.16253968253968254,0.0,2.671322363312356e-07
0.18575963718820862,0.0,4.426374289323576e-07
0.2089795918367347,0.0,6.297286745393649e-07
0.23219954648526078,0.0,7.878104952396825e-06
0.25541950113378686,115.71726,8.29176206025295e-05
0.2786394557823129,113.14343,0.00011285579967079684
0.301859410430839,109.1399,0.0001052037114277482
0.3250793650793651,111.28844,0.00013694443623535335
0.3482993197278912,117.72735,0.00010161458340007812
0.37151927437641724,132.06442,0.00011978296970482916
0.3947392290249433,186.87273,0.0002509891055524349
0.4179591836734694,155.50554,0.00022113925660960376
0.44117913832199546,234.46928,0.0001861229247879237
0.46439909297052157,241.29987,0.00020561969722621143
0.4876190476190476,210.99355,0.0002349593851249665
0.5108390022675737,731.5789,0.00029338442254811525
0.5340589569160998,1535.1157,0.000303868466289714
0.5572789115646258,1537.7047,0.00032246753107756376
0.5804988662131519,190.09404,0.00039666923112235963
0.603718820861678,189.80038,0.0005138508859090507
0.626938775510204,189.55615,0.00058789795730263
0.6501587301587302,191.08159,0.0007113196770660579
0.6733786848072563,192.10152,0.00078933360055089
0.6965986394557824,171.69617,0.0008960798149928451
0.7198185941043084,167.21565,0.0009405503515154123
0.7430385487528345,212.73114,0.0009678952628746629
0.7662585034013606,710.7612,0.0008976219687610865
0.7894784580498866,726.81116,0.0008527068421244621
0.8126984126984127,171.7552,0.0012222032528370619
0.8359183673469388,525.4374,0.0011258141603320837
0.8591383219954649,720.9566,0.0008383099921047688
0.8823582766439909,712.83734,0.000781575683504343
0.905578231292517,720.9131,0.0011055679060518742
0.9287981859410431,1524.6567,0.0013492002617567778
0.9520181405895691,714.6927,0.0012979614548385143
0.9752380952380952,723.6944,0.0009752708720043302
0.9984580498866213,274.79767,0.00123593769967556
1.0216780045351475,463.17657,0.0011792505392804742
1.0448979591836736,459.92807,0.0011151290964335203
1.0681179138321997,459.61728,0.0011263845954090357
1.0913378684807256,722.53735,0.0011589297791942954
1.1145578231292517,724.02344,0.0011590052163228393
1.1377777777777778,721.3539,0.0012821059208363295
1.1609977324263039,729.56793,0.001204771688207984
1.18421768707483,733.88226,0.0009915779810398817
1.207437641723356,721.3124,0.001050921157002449
1.2306575963718822,721.2643,0.0016773063689470291
1.253877551020408,725.59863,0.0015943555627018213
1.2770975056689342,727.07733,0.0015081586316227913
1.3003174603174603,729.1046,0.0013447992969304323
1.3235374149659864,726.80914,0.001159887993708253
1.3467573696145125,724.7398,0.0008496833615936339
1.3699773242630386,710.9144,0.0014888974837958813
1.3931972789115648,717.71454,0.0014516294468194246
1.4164172335600906,707.56036,0.002117218216881156
1.4396371882086167,708.377,0.0036916006356477737
1.4628571428571429,707.356,0.004096419084817171
1.486077097505669,706.4232,0.0032109497115015984
1.509297052154195,705.92926,0.0038127435836941004
1.5325170068027212,710.1542,0.005129063036292791
1.5557369614512473,712.3974,0.0037522653583437204
1.5789569160997732,712.0835,0.002993642818182707
1.6021768707482993,721.05914,0.0022227559238672256
1.6253968253968254,722.7289,0.002382437000051141
1.6486167800453515,719.633,0.0015953696565702558
1.6718367346938776,718.8312,0.0019766693003475666
1.6950566893424037,698.95166,0.0024343247059732676
1.7182766439909298,700.75116,0.0021772938780486584
1.7414965986394557,717.3417,0.002567595336586237
1.7647165532879818,725.49066,0.0027079451829195023
1.787936507936508,719.44226,0.002634781878441572
1.811156462585034,714.15845,0.002617497695609927
1.8343764172335602,706.0753,0.0030647271778434515
1.8575963718820863,701.8978,0.0039747850969433784
1.8808163265306124,708.7041,0.004029354080557823
1.9040362811791383,710.76935,0.004435315728187561
1.9272562358276644,712.09753,0.004497930407524109
1.9504761904761905,704.5768,0.004212488420307636
1.9736961451247166,702.21185,0.004123876802623272
1.9969160997732427,705.8507,0.004678905941545963
2.020136054421769,708.5344,0.004124987870454788
2.043356009070295,724.92706,0.0033539242576807737
2.066575963718821,720.776,0.004169067367911339
2.089795918367347,656.263,0.006226695142686367
2.1130158730158732,691.81744,0.007378061302006245
2.1362358276643993,696.528,0.007612125016748905
2.159455782312925,688.429,0.005848531611263752
2.182675736961451,688.79944,0.005345866084098816
2.2058956916099772,677.7623,0.006455092690885067
2.2291156462585033,690.65405,0.007900873199105263
2.2523356009070294,1385.3007,0.010115833021700382
2.2755555555555556,1369.9548,0.00923939235508442
2.2987755102040817,1435.4667,0.006977622862905264
2.3219954648526078,1484.8191,0.0073790838941931725
2.345215419501134,1525.9675,0.00719241239130497
2.36843537414966,722.5114,0.008406206965446472
2.391655328798186,722.3859,0.009988090954720974
2.414875283446712,1484.5145,0.01161877065896988
2.4380952380952383,1464.1583,0.010115692391991615
2.4613151927437644,1473.9313,0.009282751940190792
2.48453514739229,1516.6229,0.006130288355052471
2.507755102040816,719.9355,0.003907582722604275
2.5309750566893423,716.69885,0.0028647175058722496
2.5541950113378684,725.3357,0.005171146709471941
2.5774149659863945,661.27966,0.006378050893545151
2.6006349206349206,668.4574,0.00647327397018671
2.6238548752834467,667.019,0.006329342722892761
2.647074829931973,669.1517,0.006630120798945427
2.670294784580499,673.862,0.0062650637701153755
2.693514739229025,666.74976,0.00622794684022665
2.716734693877551,672.68994,0.0068132877349853516
2.7399546485260773,681.375,0.008442411199212074
2.7631746031746034,695.87494,0.00887761078774929
2.7863945578231295,706.3393,0.0080438032746315
2.809614512471655,710.44196,0.008627984672784805
2.8328344671201813,704.43274,0.008824389427900314
2.8560544217687074,694.0476,0.00798581913113594
2.8792743764172335,683.01733,0.008806996047496796
2.9024943310657596,687.80743,0.010382503271102905
2.9257142857142857,698.0516,0.008324069902300835
2.948934240362812,721.5496,0.006663603242486715
2.972154195011338,749.9784,0.004893967881798744
2.995374149659864,772.4291,0.00646069785580039
3.01859410430839,783.677,0.00792703963816166
3.0418140589569163,772.3514,0.008843815885484219
3.0650340136054424,761.25323,0.010312645696103573
3.0882539682539685,755.2426,0.00836359616369009
3.1114739229024946,758.26373,0.0058725755661726
3.1346938775510207,772.59717,0.006369902286678553
3.1579138321995464,782.5408,0.0060538374818861485
3.1811337868480725,763.78644,0.010263441130518913
3.2043537414965986,734.828,0.010161643847823143
3.2275736961451247,703.4044,0.010365746915340424
3.250793650793651,678.097,0.0084322988986969
3.274013605442177,672.4904,0.008206654340028763
3.297233560090703,685.1284,0.010467126965522766
3.320453514739229,698.86505,0.008347177878022194
3.3436734693877552,705.08264,0.00921606458723545
3.3668934240362813,697.8393,0.010370008647441864
3.3901133786848074,687.102,0.011123365722596645
3.4133333333333336,671.30804,0.011284283362329006
3.4365532879818597,674.7692,0.010668989270925522
3.4597732426303858,717.14197,0.007493886165320873
3.4829931972789114,723.5591,0.007081166375428438
3.5062131519274375,722.12555,0.008146033622324467
3.5294331065759637,680.8731,0.009697725996375084
3.5526530612244898,665.66626,0.00947653129696846
3.575873015873016,694.30457,0.009135527536273003
3.599092970521542,723.7866,0.01357024535536766
3.622312925170068,701.6805,0.016473934054374695
3.645532879818594,702.7283,0.015489308163523674
3.6687528344671203,1493.3302,0.014293156564235687
3.6919727891156464,1487.6573,0.014555884525179863
3.7151927437641725,1501.7651,0.014297880232334137
3.7384126984126986,1519.6328,0.013202100992202759
3.7616326530612247,719.30237,0.01345069333910942
3.784852607709751,1514.612,0.012092016637325287
3.8080725623582765,703.53845,0.008814709261059761
3.8312925170068026,721.56696,0.006159156560897827
3.8545124716553287,738.128,0.004689188674092293
3.877732426303855,732.58014,0.004491701256483793
3.900952380952381,724.274,0.005532955750823021
3.924172335600907,719.8048,0.00713004358112812
3.947392290249433,717.7033,0.0066024791449308395
3.9706122448979593,718.2913,0.006121507845818996
3.9938321995464854,722.2804,0.00445876270532608
4.017052154195011,733.06616,0.004088387358933687
4.040272108843538,729.7393,0.0037503503262996674
4.063492063492063,715.7627,0.0038081202656030655
4.08671201814059,731.3361,0.0031351810321211815
4.1099319727891155,736.55615,0.003014897694811225
4.133151927437642,729.60376,0.0031227506697177887
4.156371882086168,721.5882,0.002747469814494252
4.179591836734694,711.2824,0.002639638725668192
4.20281179138322,709.31775,0.0023613236844539642
4.2260317460317465,742.3878,0.0026648691855371
4.249251700680272,741.293,0.0030609825626015663
4.272471655328799,731.3915,0.0037355818785727024
4.295691609977324,729.3333,0.0032487171702086926
4.31891156462585,730.8597,0.0026297965086996555
4.342131519274377,731.0825,0.0022383444011211395
4.365351473922902,726.8305,0.0020941696129739285
4.388571428571429,723.57715,0.00190155825112015
4.4117913832199545,721.0564,0.002192459534853697
4.435011337868481,719.4588,0.0026914600748568773
4.458231292517007,713.11115,0.002081694547086954
4.481451247165533,702.07605,0.0015357101801782846
4.504671201814059,717.02814,0.0016718704719096422
4.527891156462585,1586.9269,0.0013687197351828218
4.551111111111111,713.3365,0.0013693284709006548
4.574331065759638,718.21625,0.001292180153541267
4.597551020408163,700.09827,0.001239580800756812
4.62077097505669,704.2106,0.001201499835588038
4.6439909297052155,707.42444,0.0011978433467447758
4.667210884353741,716.4534,0.0011782289948314428
4.690430839002268,693.68915,0.0012698734644800425
4.713650793650793,694.1663,0.0008590439683757722
4.73687074829932,708.83307,0.0012681102380156517
4.760090702947846,516.44025,0.001105011673644185
4.783310657596372,678.7932,0.0011295381700620055
4.806530612244898,699.0557,0.0011269422248005867
4.829750566893424,686.83435,0.0013130363076925278
4.85297052154195,709.6066,0.0015214894665405154
4.876190476190477,715.4221,0.001647814060561359
4.899410430839002,725.85443,0.0016345183830708265
4.922630385487529,511.97958,0.0012457063421607018
4.9458503401360545,679.5915,0.0011705639772117138
4.96907029478458,688.5011,0.0011886893771588802
4.992290249433107,689.06116,0.0012179971672594547
5.015510204081632,691.21405,0.0015509729273617268
5.038730158730159,711.4349,0.0013407282531261444
5.061950113378685,701.76306,0.0009038423304446042
5.085170068027211,703.373,0.001152656739577651
5.108390022675737,707.1502,0.0012661537621170282
5.131609977324263,675.4676,0.0011411724844947457
5.154829931972789,706.1191,0.0013217570958659053
5.178049886621316,1532.1237,0.001205637352541089
5.201269841269841,714.8297,0.0011432372266426682
5.224489795918368,689.4332,0.0013557972852140665
5.2477097505668935,706.2493,0.0005974339437671006
5.27092970521542,509.43472,0.000619729864411056
5.294149659863946,506.85934,0.000677800620906055
5.317369614512471,697.2442,0.001085400115698576
5.340589569160998,720.24817,0.0007590674795210361
5.363809523809524,515.6566,0.0006326504517346621
5.38702947845805,695.76776,0.000604950007982552
5.410249433106576,505.14148,0.0007209290051832795
5.433469387755102,516.8831,0.0008093505166471004
5.456689342403628,506.43768,0.0004911565920338035
5.479909297052155,514.2622,0.0004569285665638745
5.50312925170068,511.25912,0.00033582618925720453
5.526349206349207,507.27444,0.0007075823377817869
5.5495691609977325,516.911,0.0005192391108721495
5.572789115646259,528.4472,0.0005017572548240423
5.596009070294785,505.87524,0.0003296860377304256
5.61922902494331,499.75375,0.0004945173859596252
5.642448979591837,1758.7217,0.0003331120824441314
5.6656689342403626,519.91345,0.00022887514205649495
5.688888888888889,535.8295,0.0002059457910945639
5.712108843537415,1730.2736,0.000151439307956025
5.735328798185941,527.16797,0.00017239937733393162
5.758548752834467,1801.4645,9.067804057849571e-05
5.7817687074829935,521.1947,1.926954064401798e-05
5.804988662131519,0.0,4.633553544408642e-06
5.828208616780046,0.0,3.49461697624065e-06
5.851428571428571,0.0,6.263362593017519e-07
5.874648526077098,0.0,1.964945113286376e-07
5.897868480725624,0.0,1.0389885574113578e-07
5.92108843537415,0.0,1.7777256289264187e-07
5.944308390022676,0.0,1.1413158063078299e-07
5.9675283446712015,0.0,3.307595761725679e-07
