0.0,0.0,4.271623765816912e-08
0.023219954648526078,0.0,5.496531230164692e-08
0.046439909297052155,0.0,2.3239408619701862e-08
0.06965986394557823,0.0,1.462922227801755e-08
0.09287981859410431,0.0,3.26381268678233e-08
0.11609977324263039,0.0,5.31081241206266e-08
0.13931972789115646,0.0,2.8937392926309258e-08
0.16253968253968254,0.0,1.9131221051793545e-08
0.18575963718820862,0.0,5.208949005464092e-08
0.2089795918367347,0.0,8.151801011990756e-08
0.23219954648526078,0.0,5.8704245020635426e-08
0.25541950113378686,0.0,8.807000995147973e-08
0.2786394557823129,0.0,7.070456376823131e-06
0.301859410430839,146.76094,2.8967724574613385e-05
0.3250793650793651,144.9433,4.608347444445826e-05
0.3482993197278912,146.25705,7.214590004878119e-05
0.37151927437641724,150.31187,7.306883344426751e-05
0.3947392290249433,132.56319,6.727100117132068e-05
0.4179591836734694,133.67433,6.349006434902549e-05
0.44117913832199546,134.31593,5.98805709159933e-05
0.46439909297052157,158.17183,4.467942926567048e-05
0.4876190476190476,149.96497,2.5819297661655582e-05
0.5108390022675737,0.0,7.978478606673889e-06
0.5340589569160998,0.0,7.931985237519257e-07
0.5572789115646258,0.0,3.6873188946628943e-07
0.5804988662131519,0.0,2.3487700673285872e-07
0.603718820861678,0.0,2.501697053958196e-06
0.626938775510204,179.27956,7.232435018522665e-05
0.6501587301587302,473.1276,0.0001504884276073426
0.6733786848072563,488.1879,0.0002097951655741781
0.6965986394557824,496.04907,0.00020406735711731017
0.7198185941043084,491.00842,0.0002535482926759869
0.7430385487528345,485.61835,0.0003319694660604
0.7662585034013606,472.10742,0.0003063123731408268
0.7894784580498866,478.17065,0.00011849299335153773
0.8126984126984127,494.15027,3.689873847179115e-05
0.8359183673469388,0.0,4.645668923330959e-06
0.8591383219954649,0.0,6.608097464777529e-07
0.8823582766439909,0.0,1.4700754036311992e-06
0.905578231292517,24282.18,1.530238296254538e-05
0.9287981859410431,177.94919,3.946857032133266e-05
0.9520181405895691,176.04391,5.490293915499933e-05
0.9752380952380952,174.12646,9.24222549656406e-05
0.9984580498866213,484.61307,0.00014497997472062707
1.0216780045351475,474.30188,0.00017211458180099726
1.0448979591836736,471.85107,0.00017032443429343402
1.0681179138321997,476.11176,0.00014536424714606255
1.0913378684807256,480.25345,0.00010172007023356855
1.1145578231292517,172.87964,7.147771248128265e-05
1.1377777777777778,170.72534,3.433487654547207e-05
1.1609977324263039,166.95901,1.0200087672274094e-05
1.18421768707483,0.0,2.516660970286466e-06
1.207437641723356,0.0,4.267605618224479e-06
1.2306575963718822,188.2157,2.681369187484961e-05
1.253877551020408,187.56218,5.73790239286609e-05
1.2770975056689342,556.40594,0.00011081583215855062
1.3003174603174603,542.3197,0.00016112667799461633
1.3235374149659864,545.15515,0.00016897353634703904
1.3467573696145125,458.70987,0.0001837817981140688
1.3699773242630386,459.81998,0.0001811356341931969
1.3931972789115648,554.5722,0.00014455286145675927
1.4164172335600906,550.9396,9.525113273411989e-05
1.4396371882086167,697.2237,1.3992574167787097e-05
1.4628571428571429,0.0,3.7773170333821326e-06
1.486077097505669,0.0,1.0591429600026459e-06
1.509297052154195,0.0,5.7637553254608065e-06
1.5325170068027212,206.72093,6.0947873862460256e-05
1.5557369614512473,573.4782,0.0001628611353226006
1.5789569160997732,578.5147,0.00029858096968382597
1.6021768707482993,605.4543,0.0004436395247466862
1.6253968253968254,598.15894,0.0005327837425284088
1.6486167800453515,581.50275,0.0005171307129785419
1.6718367346938776,580.7437,0.0005309744155965745
1.6950566893424037,580.24817,0.0004783725889865309
1.7182766439909298,579.30133,0.000260950910160318
1.7414965986394557,599.5366,7.493975863326341e-05
1.7647165532879818,0.0,3.6225492294761352e-06
1.787936507936508,0.0,1.3406488506007008e-06
1.811156462585034,0.0,3.7064482967252843e-06
1.8343764172335602,210.6813,5.7655630371300504e-05
1.8575963718820863,678.6217,0.0001377737062284723
1.8808163265306124,709.21405,0.00027071626391261816
1.9040362811791383,688.128,0.00039870827458798885
1.9272562358276644,695.88873,0.00042448320891708136
1.9504761904761905,693.8896,0.00046545988880097866
1.9736961451247166,704.6877,0.00044297505519352853
1.9969160997732427,701.9866,0.0003570592380128801
2.020136054421769,688.3124,0.0002646789071150124
2.043356009070295,697.8764,8.548150071874261e-05
2.066575963718821,651.07385,1.1517256098159123e-05
2.089795918367347,0.0,6.64185790810734e-07
2.1130158730158732,0.0,1.294747562496923e-07
2.1362358276643993,0.0,8.891493052942678e-08
2.159455782312925,23423.416,6.008836498949677e-05
2.182675736961451,257.42752,0.0002771108702290803
2.2058956916099772,252.26364,0.0004487387777771801
2.2291156462585033,535.3887,0.0005632129614241421
2.2523356009070294,552.1859,0.0007137863431125879
2.2755555555555556,565.4582,0.000761853123549372
2.2987755102040817,555.31903,0.0006541507318615913
2.3219954648526078,551.5109,0.0005833061295561492
2.345215419501134,559.685,0.0005206027999520302
2.36843537414966,255.06812,0.00041678902925923467
2.391655328798186,256.46378,0.00024346272402908653
2.414875283446712,390.8826,4.9528236559126526e-05
2.4380952380952383,0.0,4.980211997462902e-06
2.4613151927437644,0.0,1.0228186511085369e-06
2.48453514739229,0.0,1.0660451152944006e-06
2.507755102040816,264.02115,9.979475726140663e-05
2.5309750566893423,572.9704,0.000560566084459424
2.5541950113378684,559.43585,0.001067740609869361
2.5774149659863945,560.0405,0.0017058446537703276
2.6006349206349206,1100.7131,0.0017882983665913343
2.6238548752834467,549.11017,0.0011414899490773678
2.647074829931973,540.4583,0.0006972711416892707
2.670294784580499,534.39923,0.000579741841647774
2.693514739229025,356.28452,0.0005662600742653012
2.716734693877551,542.26166,0.0006526123033836484
2.7399546485260773,551.84973,0.0005108547047711909
2.7631746031746034,551.97156,0.00018459941202308983
2.7863945578231295,377.1121,1.3166347343940288e-05
2.809614512471655,0.0,3.2769894460216165e-06
2.8328344671201813,0.0,5.400952431955375e-07
2.8560544217687074,0.0,2.230253812740557e-07
2.8792743764172335,24267.605,0.000181739786057733
2.9024943310657596,623.9839,0.001202369574457407
2.9257142857142857,620.65564,0.0017560747219249606
2.948934240362812,628.8911,0.0019066845998167992
2.972154195011338,628.1325,0.0028023456688970327
2.995374149659864,616.2668,0.0027789517771452665
3.01859410430839,604.7066,0.0022729034535586834
3.0418140589569163,602.1128,0.0015873893862590194
3.0650340136054424,602.43896,0.0009383426513522863
3.0882539682539685,603.8464,0.00037910210085101426
3.1114739229024946,604.5103,4.784160046256147e-05
3.1346938775510207,0.0,5.104194315208588e-06
3.1579138321995464,0.0,5.470128598972224e-07
3.1811337868480725,0.0,3.724953785422258e-07
3.2043537414965986,0.0,1.336165951215662e-07
3.2275736961451247,24584.209,0.00014318848843686283
3.250793650793651,264.45013,0.0004088997084181756
3.274013605442177,568.30865,0.0006813386571593583
3.297233560090703,524.1357,0.0009151366539299488
3.320453514739229,530.21985,0.0010511795990169048
3.3436734693877552,1047.5038,0.0009396818932145834
3.3668934240362813,1049.6954,0.0007722907466813922
3.3901133786848074,1032.5654,0.0005597487324848771
3.4133333333333336,260.8002,0.00034276535734534264
3.4365532879818597,397.65723,6.254513573367149e-05
3.4597732426303858,729.2917,2.5682109480840154e-05
3.4829931972789114,231.65036,9.427689656149596e-05
3.5062131519274375,737.9272,0.00020032771863043308
3.5294331065759637,751.95135,0.0002552977530285716
3.5526530612244898,745.99396,0.00038176425732672215
3.575873015873016,761.1624,0.00046781927812844515
3.599092970521542,253.33595,0.0004774236003868282
3.622312925170068,253.33542,0.00046260919771157205
3.645532879818594,253.29488,0.0003724958805833012
3.6687528344671203,772.677,0.0002273146965308115
3.6919727891156464,764.91125,0.00010187388397753239
3.7151927437641725,737.02966,2.1958823708700947e-05
3.7384126984126986,0.0,2.517414941394236e-06
3.7616326530612247,0.0,8.386341505683959e-07
3.784852607709751,0.0,3.4868844522861764e-07
3.8080725623582765,23640.72,2.0567309547914192e-05
3.8312925170068026,664.6248,0.00018052986706607044
3.8545124716553287,581.4747,0.00029633857775479555
3.877732426303855,610.79047,0.0003289925225544721
3.900952380952381,665.5747,0.00033051689388230443
3.924172335600907,695.5292,0.0003093087871093303
3.947392290249433,694.95935,0.00029362435452640057
3.9706122448979593,657.10675,0.0002452056505717337
3.9938321995464854,631.79724,0.0001098055363399908
4.017052154195011,678.13513,1.1793459634645842e-05
4.040272108843538,0.0,6.485506673925556e-07
4.063492063492063,0.0,2.6378802431281656e-07
4.08671201814059,0.0,1.3089083950035274e-07
4.1099319727891155,0.0,2.489605321898125e-07
4.133151927437642,23121.324,4.09151180065237e-05
4.156371882086168,550.61237,8.147303742589429e-05
4.179591836734694,584.7299,0.0001224447914864868
4.20281179138322,596.7218,0.00013370747910812497
4.2260317460317465,575.86365,0.00014805045793764293
4.249251700680272,547.38525,0.00019062981300521642
4.272471655328799,537.67645,0.00022548885317519307
4.295691609977324,530.7733,0.00018825648294296116
4.31891156462585,528.2384,4.238926703692414e-05
4.342131519274377,0.0,1.479063939768821e-06
4.365351473922902,0.0,1.824346327339299e-07
4.388571428571429,0.0,9.570157999405637e-08
4.4117913832199545,0.0,6.039226718712598e-08
4.435011337868481,0.0,1.555826202093158e-06
4.458231292517007,180.94785,3.0207702366169542e-05
4.481451247165533,463.77902,4.092536255484447e-05
4.504671201814059,457.4832,4.5435426727635786e-05
4.527891156462585,459.04834,5.526097083929926e-05
4.551111111111111,456.78186,5.133343074703589e-05
4.574331065759638,450.70383,5.392187449615449e-05
4.597551020408163,847.1907,5.7654000556794927e-05
4.62077097505669,873.28796,4.304471076466143e-05
4.6439909297052155,762.3684,1.576031354488805e-05
4.667210884353741,0.0,2.4685159587534145e-06
4.690430839002268,0.0,2.4340897653019056e-07
4.713650793650793,0.0,1.0376606951467693e-07
4.73687074829932,0.0,4.551711754174903e-07
4.760090702947846,23269.389,3.137183011858724e-05
4.783310657596372,171.07349,6.91938039381057e-05
4.806530612244898,267.8798,7.581110548926517e-05
4.829750566893424,271.70947,9.200820932164788e-05
4.85297052154195,267.4533,0.0001358124427497387
4.876190476190477,477.2277,0.00014670667587779462
4.899410430839002,477.89502,0.00012596439046319574
4.922630385487529,480.68573,0.00011052415356971323
4.9458503401360545,267.2642,9.886181214824319e-05
4.96907029478458,170.25464,3.559629476512782e-05
4.992290249433107,0.0,7.37327900424134e-06
5.015510204081632,0.0,6.641294021392241e-07
5.038730158730159,0.0,1.763200998539105e-07
5.061950113378685,0.0,9.946052159648389e-08
5.085170068027211,0.0,1.6632075130473822e-06
5.108390022675737,25292.553,4.397444718051702e-05
5.131609977324263,472.76675,9.833060903474689e-05
5.154829931972789,467.97763,0.00013437050802167505
5.178049886621316,476.52594,0.0001798282319214195
5.201269841269841,470.5962,0.00016508661792613566
5.224489795918368,211.9751,0.0001637979585211724
5.2477097505668935,555.94617,9.895396215142682e-05
5.27092970521542,214.77916,8.16910614958033e-05
5.294149659863946,213.04608,2.510880585759878e-05
5.317369614512471,0.0,5.235947355686221e-06
5.340589569160998,0.0,1.0940811989712529e-06
5.363809523809524,0.0,2.2151562006911263e-07
5.38702947845805,0.0,7.372273103101179e-08
5.410249433106576,0.0,7.299968274310231e-08
5.433469387755102,0.0,1.3490744095179252e-06
5.456689342403628,0.0,5.6401149777229875e-06
5.479909297052155,153.42859,1.2763272025040351e-05
5.50312925170068,127.27966,1.982670437428169e-05
5.526349206349207,128.85196,3.002574885613285e-05
5.5495691609977325,133.3489,3.537434167810716e-05
5.572789115646259,192.75778,3.596398892113939e-05
5.596009070294785,134.58026,3.996460873167962e-05
5.61922902494331,157.14119,4.8761885409476236e-05
5.642448979591837,127.649635,4.135493145440705e-05
5.6656689342403626,152.06932,3.360455229994841e-05
5.688888888888889,149.93402,3.126783121842891e-05
5.712108843537415,150.38126,3.437803752603941e-05
5.735328798185941,152.67484,5.1214814448030666e-05
5.758548752834467,192.64546,6.389414193108678e-05
5.7817687074829935,472.42014,7.196881051640958e-05
5.804988662131519,471.95682,5.987358235870488e-05
5.828208616780046,461.08002,4.910055940854363e-05
5.851428571428571,126.372284,4.50841398560442e-05
5.874648526077098,160.43129,4.35473230027128e-05
5.897868480725624,488.8082,3.152496719849296e-05
5.92108843537415,126.186714,3.389352423255332e-05
5.944308390022676,153.31842,3.598660259740427e-05
5.9675283446712015,458.8557,3.534673305694014e-05
5.990748299319728,464.52594,3.80036944989115e-05
6.013968253968254,448.8598,1.5396990420413204e-05
6.03718820861678,0.0,2.343399501114618e-06
6.060408163265306,0.0,6.749551175744273e-07
6.0836281179138325,0.0,7.525250111939386e-08
6.106848072562358,0.0,7.150811143219471e-08
6.130068027210885,0.0,6.473692337749526e-08
6.15328798185941,0.0,4.956746124662459e-08
6.176507936507937,0.0,4.3375621316954494e-08
6.199727891156463,0.0,1.1422253010096028e-07
6.222947845804989,0.0,4.149569576838985e-08
6.246167800453515,0.0,8.722327038412914e-08
6.269387755102041,0.0,7.904145604697987e-08
6.292607709750567,0.0,4.145567800151184e-08
6.315827664399093,0.0,1.871569111244753e-06
