0.0,0.0,1.2773853086400777e-07
0.023219954648526078,0.0,6.359550752677023e-08
0.046439909297052155,0.0,1.853404683060944e-07
0.06965986394557823,0.0,1.5232217265293002e-07
0.09287981859410431,0.0,1.173193595604971e-07
0.11609977324263039,0.0,8.242932381108403e-08
0.13931972789115646,0.0,1.1434167390689254e-07
0.16253968253968254,0.0,1.5347723092418164e-07
0.18575963718820862,0.0,5.2271388994995505e-08
0.2089795918367347,0.0,9.912037057802081e-08
0.23219954648526078,22946.527,1.3284684428072069e-05
0.25541950113378686,182.20612,7.170134631451219e-05
0.2786394557823129,133.22394,0.00017228169599547982
0.301859410430839,272.8481,0.00012264755787327886
0.3250793650793651,270.94754,6.513478001579642e-05
0.3482993197278912,119.851,2.5503210054012015e-05
0.37151927437641724,0.0,4.808075573237147e-06
0.3947392290249433,0.0,7.013213689788245e-07
0.4179591836734694,0.0,2.9886541597079486e-07
0.44117913832199546,0.0,2.140077413059771e-07
0.46439909297052157,0.0,1.871612766990438e-07
0.4876190476190476,3774.8237,0.0001160182073363103
0.5108390022675737,159.78772,0.00022702314890921116
0.5340589569160998,172.03918,0.0002655714051797986
0.5572789115646258,172.3405,0.00017531646881252527
0.5804988662131519,163.16658,5.260122270556167e-05
0.603718820861678,0.0,4.483003976929467e-06
0.626938775510204,0.0,1.7631100490689278e-06
0.6501587301587302,0.0,5.984420567983761e-07
0.6733786848072563,0.0,4.896564860246144e-07
0.6965986394557824,89.086624,7.021877536317334e-05
0.7198185941043084,221.09831,0.00033046986209228635
0.7430385487528345,3183.1963,0.00049778533866629
0.7662585034013606,3280.9365,0.0005080552073195577
0.7894784580498866,3269.6223,0.0002752305008471012
0.8126984126984127,3200.734,0.00010887612006627023
0.8359183673469388,196.97021,1.0359650332247838e-05
0.8591383219954649,0.0,6.970731192268431e-07
0.8823582766439909,0.0,4.049934432259761e-07
0.905578231292517,0.0,2.5753888621693477e-07
0.9287981859410431,0.0,5.231295290286653e-07
0.9520181405895691,3516.9858,0.0012594949221238494
0.9752380952380952,263.70987,0.004895596764981747
0.9984580498866213,283.703,0.006210118532180786
1.0216780045351475,286.11832,0.004931220784783363
1.0448979591836736,287.06982,0.002793042454868555
1.0681179138321997,263.82642,0.001287562889046967
1.0913378684807256,258.17947,0.0002158713323296979
1.1145578231292517,0.0,4.313232238928322e-06
1.1377777777777778,0.0,2.4898045012378134e-06
1.1609977324263039,0.0,2.131246219505556e-07
1.18421768707483,0.0,2.8463819035096094e-07
1.207437641723356,3972.692,0.000188736361451447
1.2306575963718822,253.47488,0.0004773535765707493
1.253877551020408,2950.912,0.0005720994668081403
1.2770975056689342,3240.6223,0.00040635079494677484
1.3003174603174603,3251.7678,0.00018553651170805097
1.3235374149659864,3204.0054,4.030423588119447e-05
1.3467573696145125,0.0,1.6178373698494397e-06
1.3699773242630386,0.0,6.7720338847721e-07
1.3931972789115648,0.0,3.632067091530189e-07
1.4164172335600906,0.0,1.9503931980580091e-07
1.4396371882086167,0.0,1.1214915502932854e-06
1.4628571428571429,88200.0,0.00015162517956923693
1.486077097505669,166.16704,0.00032154377549886703
1.509297052154195,168.02208,0.00038537252112291753
1.5325170068027212,169.31377,0.0003386274038348347
1.5557369614512473,169.54504,0.00023181297001428902
1.5789569160997732,168.18968,0.00011721231567207724
1.6021768707482993,164.6801,2.0354498701635748e-05
1.6253968253968254,0.0,3.895643203577492e-06
1.6486167800453515,0.0,1.540814082545694e-06
1.6718367346938776,0.0,7.444377843057737e-07
1.6950566893424037,0.0,6.546488293679431e-07
1.7182766439909298,0.0,4.6654440666316077e-07
1.7414965986394557,3733.3306,3.113965067313984e-05
1.7647165532879818,141.45801,0.00014997553080320358
1.787936507936508,275.43585,0.0001829886605264619
1.811156462585034,278.81503,0.00019391502428334206
1.8343764172335602,276.3047,0.00020224331819918007
1.8575963718820863,265.7864,0.00019596543279476464
1.8808163265306124,273.97382,0.0001904148666653782
1.9040362811791383,276.9941,0.00020436965860426426
1.9272562358276644,269.26428,0.00023237075947690755
1.9504761904761905,277.37766,0.0002198646543547511
1.9736961451247166,280.79926,0.00022817528224550188
1.9969160997732427,274.97647,0.00022192636970430613
2.020136054421769,269.4298,0.00022482640633825213
2.043356009070295,270.70953,0.00022640549286734313
2.066575963718821,266.9396,0.00023142366262618452
2.089795918367347,265.34177,0.00021831877529621124
2.1130158730158732,276.7868,0.00021938739519100636
2.1362358276643993,267.29095,0.00023431985755451024
2.159455782312925,267.81415,0.00025000094319693744
2.182675736961451,265.33246,0.00024204966030083597
2.2058956916099772,280.86832,0.0002404583792667836
2.2291156462585033,269.41812,0.00024698811466805637
2.2523356009070294,269.0324,0.00024559994926676154
2.2755555555555556,280.1231,0.00024063841556198895
2.2987755102040817,268.94742,0.00021649218979291618
2.3219954648526078,277.81458,0.00022973501472733915
2.345215419501134,276.82208,0.00022709975019097328
2.36843537414966,275.98175,0.00022597599308937788
2.391655328798186,278.50504,0.00016725182649679482
2.414875283446712,134.44249,1.6018411770346574e-05
2.4380952380952383,0.0,2.657493496371899e-06
2.4613151927437644,0.0,2.776499059109483e-06
2.48453514739229,0.0,3.4744543881970458e-06
2.507755102040816,0.0,4.1887196857715026e-06
2.5309750566893423,0.0,3.7760801205877215e-06
2.5541950113378684,0.0,1.8628279576660134e-06
2.5774149659863945,0.0,4.3407453631516546e-07
2.6006349206349206,0.0,2.782162482617423e-07
2.6238548752834467,0.0,3.5671382647706196e-07
2.647074829931973,0.0,2.6315319701097906e-07
