0.0,0.0,1.118521140597295e-06
0.023219954648526078,0.0,1.7959791875910014e-06
0.046439909297052155,0.0,2.1854484657524154e-06
0.06965986394557823,0.0,6.02175532549154e-07
0.09287981859410431,0.0,4.775738489115611e-07
0.11609977324263039,0.0,3.750519681489095e-07
0.13931972789115646,0.0,7.506132533308119e-07
0.16253968253968254,0.0,7.672360879951157e-07
0.18575963718820862,0.0,2.5083818400162272e-06
0.2089795918367347,0.0,8.488153071084525e-06
0.23219954648526078,170.246,5.391572994994931e-05
0.25541950113378686,143.59708,6.300085078692064e-05
0.2786394557823129,129.47614,6.191745342221111e-05
0.301859410430839,129.78922,7.263646693900228e-05
0.3250793650793651,131.86272,8.252645784523338e-05
0.3482993197278912,132.57043,8.073564094956964e-05
0.37151927437641724,135.43932,9.857061377260834e-05
0.3947392290249433,135.07834,0.00010955406469292939
0.4179591836734694,135.0272,0.00012233201414346695
0.44117913832199546,134.4934,0.00013369631778914481
0.46439909297052157,135.48308,0.00015026854816824198
0.4876190476190476,136.28195,0.00017681602912489325
0.5108390022675737,135.75023,0.00019420156604610384
0.5340589569160998,137.45995,0.00023479726223740727
0.5572789115646258,136.89867,0.0002457757946103811
0.5804988662131519,136.2961,0.00027874839724972844
0.603718820861678,182.19519,0.00027512680389918387
0.626938775510204,136.71448,0.0003131569246761501
0.6501587301587302,182.70834,0.0003227630804758519
0.6733786848072563,138.36198,0.00036328332498669624
0.6965986394557824,138.95279,0.00039043245487846434
0.7198185941043084,186.58493,0.00035296386340633035
0.7430385487528345,138.03331,0.0002804843825288117
0.7662585034013606,137.71811,0.0002604340552352369
0.7894784580498866,137.58264,0.00024160098109859973
0.8126984126984127,136.33846,0.00017428427236154675
0.8359183673469388,181.4899,0.0001788065128494054
0.8591383219954649,187.78499,0.00021810829639434814
0.8823582766439909,144.85007,0.0003792911011260003
0.905578231292517,569.2946,0.0004046141402795911
0.9287981859410431,591.6356,0.00047341801109723747
0.9520181405895691,564.4999,0.00043320906115695834
0.9752380952380952,552.62573,0.0003538115997798741
0.9984580498866213,543.78015,0.00028429663507267833
1.0216780045351475,533.4429,0.0007071676664054394
1.0448979591836736,586.62415,0.0009505177731625736
1.0681179138321997,538.27924,0.0012604468502104282
1.0913378684807256,539.05316,0.0009245207766070962
1.1145578231292517,547.89166,0.0008643562905490398
1.1377777777777778,546.817,0.0013711133506149054
1.1609977324263039,548.38684,0.0029258199501782656
1.18421768707483,570.03546,0.00326313404366374
1.207437641723356,590.0461,0.002972940681502223
1.2306575963718822,591.4424,0.004826511722058058
1.253877551020408,576.84467,0.0015160073526203632
1.2770975056689342,576.78326,0.004057344514876604
1.3003174603174603,584.93494,0.002140202559530735
1.3235374149659864,698.8197,0.002941218437626958
1.3467573696145125,666.57935,0.004831819329410791
1.3699773242630386,672.2355,0.0026834404561668634
1.3931972789115648,686.0985,0.0030776802450418472
1.4164172335600906,698.2195,0.004370922688394785
1.4396371882086167,679.5319,0.0027353153564035892
1.4628571428571429,727.3027,0.004922263324260712
1.486077097505669,735.4878,0.0051041096448898315
1.509297052154195,705.3964,0.014070536941289902
1.5325170068027212,680.0821,0.010611508041620255
1.5557369614512473,694.76697,0.004971465095877647
1.5789569160997732,739.7778,0.00409358274191618
1.6021768707482993,551.96014,0.005132582969963551
1.6253968253968254,550.8767,0.004800532013177872
1.6486167800453515,769.69073,0.00860806368291378
1.6718367346938776,752.9443,0.007277912460267544
1.6950566893424037,752.2261,0.004289313219487667
1.7182766439909298,569.9477,0.005608345381915569
1.7414965986394557,605.4046,0.005975035484880209
1.7647165532879818,271.19534,0.003604494035243988
1.787936507936508,794.8668,0.0034753738436847925
1.811156462585034,794.1182,0.0043553500436246395
1.8343764172335602,633.1273,0.008360605686903
1.8575963718820863,703.6851,0.008526714518666267
1.8808163265306124,735.80176,0.006329888477921486
1.9040362811791383,740.4213,0.0083027184009552
1.9272562358276644,728.2875,0.0048245578072965145
1.9504761904761905,624.1202,0.0031799054704606533
1.9736961451247166,798.8134,0.0026874016039073467
1.9969160997732427,795.57294,0.0036731762811541557
2.020136054421769,273.527,0.005009368062019348
2.043356009070295,275.57913,0.004518440924584866
2.066575963718821,809.44574,0.008185326121747494
2.089795918367347,730.59326,0.007643320597708225
2.1130158730158732,715.15735,0.0070058126002550125
2.1362358276643993,750.90454,0.0044352710247039795
2.159455782312925,744.0816,0.00494755944237113
2.182675736961451,747.23145,0.007755090482532978
2.2058956916099772,716.9899,0.01391103770583868
2.2291156462585033,677.6137,0.014145663939416409
2.2523356009070294,675.0081,0.014703800901770592
2.2755555555555556,683.6787,0.006511160172522068
2.2987755102040817,696.34845,0.011030878871679306
2.3219954648526078,679.80597,0.006132286973297596
2.345215419501134,708.8274,0.0033526699990034103
2.36843537414966,611.85126,0.003322554286569357
2.391655328798186,699.73694,0.0052848802879452705
2.414875283446712,715.582,0.0040991767309606075
2.4380952380952383,711.4665,0.0023271345999091864
2.4613151927437644,687.2392,0.002438782248646021
2.48453514739229,582.8212,0.0012017491972073913
2.507755102040816,589.21185,0.0021122051402926445
2.5309750566893423,563.6407,0.0028467695228755474
2.5541950113378684,582.2196,0.0029122482519596815
2.5774149659863945,592.6452,0.0020272459369152784
2.6006349206349206,564.79095,0.0006300389650277793
2.6238548752834467,583.25555,0.0005559494020417333
2.647074829931973,573.18524,0.0006109320092946291
2.670294784580499,554.25635,0.0005306691746227443
2.693514739229025,579.4072,0.0006165299564599991
2.716734693877551,638.8762,0.00048675923608243465
2.7399546485260773,641.29456,0.0002153575624106452
2.7631746031746034,223.8019,0.00023716512077953666
2.7863945578231295,612.50696,0.00023427655105479062
2.809614512471655,600.08356,0.0002179201110266149
2.8328344671201813,225.16658,0.00024996991851367056
2.8560544217687074,212.65613,0.0002311853604624048
2.8792743764172335,200.48772,0.0003018498537130654
2.9024943310657596,592.62555,0.00019439897732809186
2.9257142857142857,170.56798,0.00010224944708170369
2.948934240362812,128.3012,8.838485518936068e-05
2.972154195011338,130.27763,0.00010650181502569467
2.995374149659864,134.51721,0.00012845988385379314
3.01859410430839,135.12732,0.00014313030987977982
3.0418140589569163,171.02313,0.00013567914720624685
3.0650340136054424,136.05087,0.00016728625632822514
3.0882539682539685,135.86,0.00014436099445447326
3.1114739229024946,135.89307,0.0001606490695849061
3.1346938775510207,136.35292,0.0001785132335498929
3.1579138321995464,136.96991,0.00018642822396941483
3.1811337868480725,136.8867,0.00018286342674400657
3.2043537414965986,135.93979,0.00018161362095270306
3.2275736961451247,136.10858,0.00017181411385536194
3.250793650793651,135.9614,0.00017755833687260747
3.274013605442177,136.32101,0.00016157017671503127
3.297233560090703,136.82404,0.0001749041402945295
3.320453514739229,137.87398,0.00018351936887484044
3.3436734693877552,138.43048,0.00017423115787096322
3.3668934240362813,138.10484,0.00015182781498879194
3.3901133786848074,138.01659,0.00012848178448621184
3.4133333333333336,139.54344,0.00011297590390313417
3.4365532879818597,139.7199,7.809275848558173e-05
3.4597732426303858,138.39537,1.656131644267589e-05
3.4829931972789114,0.0,3.219775862817187e-06
3.5062131519274375,0.0,3.759287210414186e-07
3.5294331065759637,0.0,3.9323185774264857e-07
3.5526530612244898,0.0,2.723527359194122e-07
3.575873015873016,0.0,3.14153112412896e-07
3.599092970521542,0.0,4.81587449030485e-07
3.622312925170068,0.0,4.745188562083058e-07
3.645532879818594,0.0,3.978075255872682e-07
3.6687528344671203,0.0,4.3008367356378585e-07
3.6919727891156464,0.0,2.952865543193184e-07
3.7151927437641725,0.0,1.2763848644681275e-07
3.7384126984126986,0.0,1.4825400285189971e-07
3.7616326530612247,0.0,3.624109012889676e-07
3.784852607709751,0.0,3.326713340356946e-07
3.8080725623582765,0.0,2.7135411073686555e-07
3.8312925170068026,0.0,3.44537511409726e-07
3.8545124716553287,0.0,3.9898350223666057e-07
3.877732426303855,0.0,3.8173584471223876e-07
3.900952380952381,0.0,2.597680577309802e-07
