0.0,0.0,1.0918483894784003e-08
0.023219954648526078,0.0,1.6754711396060884e-08
0.046439909297052155,0.0,1.5434125089086592e-08
0.06965986394557823,0.0,1.3174940249882638e-08
0.09287981859410431,0.0,9.509676601737738e-09
0.11609977324263039,0.0,1.1915290087927133e-08
0.13931972789115646,0.0,3.6314086173661053e-06
0.16253968253968254,447.9678,1.95195316337049e-05
0.18575963718820862,452.6339,3.568716783775017e-05
0.2089795918367347,466.28247,7.297917909454554e-05
0.23219954648526078,478.64514,9.525482164463028e-05
0.25541950113378686,481.02246,0.00010048400872619823
0.2786394557823129,475.43707,9.23183688428253e-05
0.301859410430839,467.57556,0.00013343524187803268
0.3250793650793651,483.78204,0.00012871084618382156
0.3482993197278912,494.77094,0.00014499099052045494
0.37151927437641724,502.94586,0.0001834940630942583
0.3947392290249433,503.5242,0.0001465966342948377
0.4179591836734694,492.3287,0.00012372154742479324
0.44117913832199546,496.41663,7.86869932198897e-05
0.46439909297052157,478.78268,8.456843352178112e-05
0.4876190476190476,469.646,0.00015695829642936587
0.5108390022675737,481.1968,0.00021340129023883492
0.5340589569160998,492.52924,0.0001794007112039253
0.5572789115646258,474.25717,0.00013455607404466718
0.5804988662131519,480.17416,0.0001043052616296336
0.603718820861678,214.19504,0.00012743071420118213
0.626938775510204,545.20013,0.0001886974205262959
0.6501587301587302,534.4717,0.0003465960035100579
0.6733786848072563,523.14484,0.0001626612793188542
0.6965986394557824,554.53235,0.00016578206850681454
0.7198185941043084,553.96936,0.0001916490582516417
0.7430385487528345,567.1276,0.00025766220642253757
0.7662585034013606,563.3771,0.00030080886790528893
0.7894784580498866,567.1593,0.00031427957583218813
0.8126984126984127,554.43964,0.0003052476095035672
0.8359183673469388,550.67523,0.00030511064687743783
0.8591383219954649,547.9284,0.0003013788955286145
0.8823582766439909,455.82837,0.0006564947543665767
0.905578231292517,500.68655,0.0015949876978993416
0.9287981859410431,528.3641,0.001803315943107009
0.9520181405895691,543.1215,0.002443570178002119
0.9752380952380952,544.28156,0.00275202258490026
0.9984580498866213,535.4192,0.003109988057985902
1.0216780045351475,526.4467,0.003257588017731905
1.0448979591836736,536.9768,0.0023809713311493397
1.0681179138321997,533.6581,0.002212769351899624
1.0913378684807256,512.8532,0.0022998449858278036
1.1145578231292517,514.44495,0.0020056325010955334
1.1377777777777778,514.8165,0.001074957544915378
1.1609977324263039,474.4686,0.0006000520661473274
1.18421768707483,538.03925,0.0006721026147715747
1.207437641723356,563.98706,0.00042584340553730726
1.2306575963718822,559.70776,0.00036503846058622
1.253877551020408,563.9929,0.0002996483235619962
1.2770975056689342,569.9845,0.0003313582856208086
1.3003174603174603,565.04266,0.0002688692766241729
1.3235374149659864,561.6016,0.00028978046611882746
1.3467573696145125,559.68475,0.00037814737879671156
1.3699773242630386,504.34735,0.00044792244443669915
1.3931972789115648,525.7302,0.0001659049594309181
1.4164172335600906,577.35706,0.0001434519945178181
1.4396371882086167,466.6859,0.0001465211680624634
1.4628571428571429,450.1336,0.00016119125939439982
1.486077097505669,446.4944,0.00018117971194442362
1.509297052154195,551.2275,0.00018867112521547824
1.5325170068027212,450.5371,0.0001994319900404662
1.5557369614512473,541.92035,0.00019191688625141978
1.5789569160997732,541.35333,0.00019344748579896986
1.6021768707482993,468.4524,0.0001664361043367535
1.6253968253968254,464.54343,8.501113916281611e-05
1.6486167800453515,213.42189,0.00010145594569621608
1.6718367346938776,500.22195,8.07434189482592e-05
1.6950566893424037,469.93787,8.93863252713345e-05
1.7182766439909298,488.4823,0.00014204441686160862
1.7414965986394557,475.63226,0.00018133639241568744
1.7647165532879818,481.32843,0.00019372001406736672
1.787936507936508,490.37497,0.00019370857626199722
1.811156462585034,489.15753,0.00018616316083353013
1.8343764172335602,496.03445,0.0001924924144987017
1.8575963718820863,500.27588,0.00019060863996855915
1.8808163265306124,490.88403,0.0001491821458330378
1.9040362811791383,481.49576,0.0001488284469814971
1.9272562358276644,485.7596,0.00015155266737565398
1.9504761904761905,493.02158,0.00014017074136063457
1.9736961451247166,496.93127,0.00013085831596981734
1.9969160997732427,495.10068,0.00011284681386314332
2.020136054421769,493.79532,8.525093289790675e-05
2.043356009070295,492.52914,6.953291449462995e-05
2.066575963718821,488.3955,5.251921902527101e-05
2.089795918367347,488.3474,3.203799496986903e-05
2.1130158730158732,0.0,8.74424040375743e-06
2.1362358276643993,0.0,2.147496161342133e-06
2.159455782312925,0.0,8.931228876463138e-07
2.182675736961451,0.0,1.9502840586937964e-07
2.2058956916099772,0.0,1.868193066911772e-08
2.2291156462585033,0.0,1.528132997918874e-08
2.2523356009070294,0.0,1.142689143307507e-08
2.2755555555555556,0.0,1.0111762094311416e-08
2.2987755102040817,0.0,9.654286259319633e-09
2.3219954648526078,0.0,1.2143573258072138e-08
2.345215419501134,0.0,1.5491423255298287e-08
2.36843537414966,0.0,2.226352080469951e-08
