0.0,0.0,5.1016286306548864e-08
0.023219954648526078,0.0,7.66185621614568e-08
0.046439909297052155,0.0,4.03551894123666e-08
0.06965986394557823,0.0,4.687808541348204e-08
0.09287981859410431,0.0,3.019340510945767e-08
0.11609977324263039,0.0,4.331650416133925e-08
0.13931972789115646,0.0,1.1627253115875646e-07
0.16253968253968254,0.0,6.847585609648377e-08
0.18575963718820862,0.0,9.339510143036023e-08
0.2089795918367347,23053.412,1.0684783774195239e-05
0.23219954648526078,711.43677,3.378348264959641e-05
0.25541950113378686,729.40717,4.1852821595966816e-05
0.2786394557823129,748.629,4.938193887937814e-05
0.301859410430839,749.9997,3.348318568896502e-05
0.3250793650793651,574.67444,3.648742858786136e-05
0.3482993197278912,581.95746,5.884064012207091e-05
0.37151927437641724,572.19855,6.554953870363533e-05
0.3947392290249433,761.28235,7.413976709358394e-05
0.4179591836734694,764.2589,8.253580017480999e-05
0.44117913832199546,768.3244,0.00011672430264297873
0.46439909297052157,769.0726,0.00012939260341227055
0.4876190476190476,766.99664,0.00011463879491202533
0.5108390022675737,766.67377,0.00012442210572771728
0.5340589569160998,765.8808,0.00010859796020668
0.5572789115646258,761.47363,0.00012637526378966868
0.5804988662131519,767.5407,0.00012883447925560176
0.603718820861678,762.0378,9.461940499022603e-05
0.626938775510204,752.01337,9.392390347784385e-05
0.6501587301587302,587.36096,0.00012415471428539604
0.6733786848072563,766.5313,0.0001327881618635729
0.6965986394557824,771.8378,0.00015707504644524306
0.7198185941043084,774.15955,0.00019453420827630907
0.7430385487528345,766.8682,0.000255125283729285
0.7662585034013606,754.2142,0.000252456491580233
0.7894784580498866,763.02563,0.00022318414994515479
0.8126984126984127,765.91425,0.00023630555369891226
0.8359183673469388,770.20215,0.00021959713194519281
0.8591383219954649,756.49097,0.00023065316781867296
0.8823582766439909,750.1916,0.00032537910738028586
0.905578231292517,756.045,0.0002678903110790998
0.9287981859410431,765.56274,0.0003629625425674021
0.9520181405895691,766.20685,0.00037305112346075475
0.9752380952380952,766.0946,0.000398776464862749
0.9984580498866213,762.1383,0.0002822248497977853
1.0216780045351475,757.11664,0.00029968799208290875
1.0448979591836736,756.14844,0.0002513385552447289
1.0681179138321997,749.4987,0.00026850035646930337
1.0913378684807256,756.21436,0.00047328119399026036
1.1145578231292517,760.9416,0.0004973796894773841
1.1377777777777778,740.73267,0.0005572952795773745
1.1609977324263039,742.2401,0.0005702668568119407
1.18421768707483,733.7594,0.0005968285258859396
1.207437641723356,755.40607,0.0005407349672168493
1.2306575963718822,763.49255,0.00042419665260240436
1.253877551020408,758.5636,0.00023236413835547864
1.2770975056689342,758.5299,0.00045687294914387167
1.3003174603174603,754.1642,0.000462728290585801
1.3235374149659864,777.3529,0.0004108844150323421
1.3467573696145125,583.8636,0.0004941089428029954
1.3699773242630386,585.3337,0.0005807768320664763
1.3931972789115648,587.94635,0.0006864825263619423
1.4164172335600906,775.2912,0.0006662239320576191
1.4396371882086167,760.21686,0.0006173907313495874
1.4628571428571429,759.383,0.0006759842508472502
1.486077097505669,763.395,0.0009078933508135378
1.509297052154195,768.1017,0.0013489252887666225
1.5325170068027212,745.4038,0.0015241142828017473
1.5557369614512473,588.52576,0.0014519524993374944
1.5789569160997732,757.8523,0.0009419944253750145
1.6021768707482993,751.54297,0.0008424880215898156
1.6253968253968254,724.1153,0.0009576522279530764
1.6486167800453515,699.6884,0.001337544759735465
1.6718367346938776,610.8544,0.001113374950364232
1.6950566893424037,665.4371,0.0012222232762724161
1.7182766439909298,708.0446,0.0016239811666309834
1.7414965986394557,709.0592,0.0020658476278185844
1.7647165532879818,617.971,0.002327087102457881
1.787936507936508,595.9877,0.0029570325277745724
1.811156462585034,592.8285,0.0029400100465863943
1.8343764172335602,588.93524,0.0019725672900676727
1.8575963718820863,662.76636,0.0013803085312247276
1.8808163265306124,737.83307,0.0016225622966885567
1.9040362811791383,717.8496,0.0017097785603255033
1.9272562358276644,765.78986,0.0016039855545386672
1.9504761904761905,767.23584,0.001422298140823841
1.9736961451247166,772.54407,0.0027060704305768013
1.9969160997732427,626.36383,0.0029178797267377377
2.020136054421769,734.2584,0.001998938387259841
2.043356009070295,749.6919,0.002565033733844757
2.066575963718821,598.2858,0.0049403333105146885
2.089795918367347,576.05273,0.006449821405112743
2.1130158730158732,604.6072,0.006649164482951164
2.1362358276643993,601.19617,0.00633616978302598
2.159455782312925,786.337,0.005403411574661732
2.182675736961451,790.2847,0.005993622820824385
2.2058956916099772,784.3433,0.006888796575367451
2.2291156462585033,786.0163,0.005267888307571411
2.2523356009070294,783.09503,0.004948188550770283
2.2755555555555556,782.8105,0.0061835432425141335
2.2987755102040817,765.4652,0.005794365890324116
2.3219954648526078,760.4548,0.003141250694170594
2.345215419501134,779.8825,0.0031582340598106384
2.36843537414966,774.32666,0.0029561538249254227
2.391655328798186,773.68994,0.0022146254777908325
2.414875283446712,778.73175,0.0021529747173190117
2.4380952380952383,764.9526,0.00242907484062016
2.4613151927437644,742.4831,0.0021561661269515753
2.48453514739229,748.9392,0.0021881486754864454
2.507755102040816,751.0224,0.002160451840609312
2.5309750566893423,752.6794,0.002039449755102396
2.5541950113378684,748.86707,0.0021741832606494427
2.5774149659863945,755.6353,0.0013021170161664486
2.6006349206349206,598.8871,0.0008390238508582115
2.6238548752834467,613.6361,0.0008552867802791297
2.647074829931973,590.76227,0.0014000625815242529
2.670294784580499,578.6633,0.002047279616817832
2.693514739229025,749.8218,0.0019951057620346546
2.716734693877551,744.9333,0.002198167610913515
2.7399546485260773,752.2259,0.0018162615597248077
2.7631746031746034,751.51447,0.0010402637999504805
2.7863945578231295,582.7406,0.0010139981750398874
2.809614512471655,742.51904,0.0010928018018603325
2.8328344671201813,743.274,0.0010189146269112825
2.8560544217687074,766.93176,0.0009698882349766791
2.8792743764172335,769.34106,0.0009177811443805695
2.9024943310657596,575.9209,0.001019793562591076
2.9257142857142857,783.9519,0.001280573196709156
2.948934240362812,761.6459,0.0012138335732743144
2.972154195011338,764.4412,0.0006271813763305545
2.995374149659864,755.6296,0.0006130995461717248
3.01859410430839,766.83527,0.0005676830187439919
3.0418140589569163,726.05695,0.0006591061828657985
3.0650340136054424,734.8981,0.0010844941716641188
3.0882539682539685,572.736,0.0011289981193840504
3.1114739229024946,569.97577,0.0007290699286386371
3.1346938775510207,753.2044,0.0006157883908599615
3.1579138321995464,778.0692,0.0006263747345656157
3.1811337868480725,772.6388,0.0004153804911766201
3.2043537414965986,761.3351,0.0005380571819841862
3.2275736961451247,764.5877,0.00036405210266821086
3.250793650793651,730.8645,0.0004848393436986953
3.274013605442177,756.8698,0.0004935335018672049
3.297233560090703,764.5701,0.00042925099842250347
3.320453514739229,752.5309,0.0006075551500543952
3.3436734693877552,723.7818,0.00043066893704235554
3.3668934240362813,589.7425,0.00017556350212544203
3.3901133786848074,585.4357,0.000181360577698797
3.4133333333333336,577.9917,0.00035841972567141056
3.4365532879818597,750.189,0.0003937453730031848
3.4597732426303858,568.1198,0.0003098045417573303
3.4829931972789114,572.72296,0.0002520772104617208
3.5062131519274375,749.7605,0.00025754934176802635
3.5294331065759637,716.94666,0.00019037528545595706
3.5526530612244898,724.1169,0.00015540028107352555
3.575873015873016,722.0556,0.00015213813458103687
3.599092970521542,729.7973,0.0001423338399035856
3.622312925170068,581.877,0.00014456963981501758
3.645532879818594,560.11865,0.00015645375242456794
3.6687528344671203,553.7272,0.00019038842583540827
3.6919727891156464,558.75,0.00017608937923796475
3.7151927437641725,561.84406,0.00019015079305972904
3.7384126984126986,577.2249,0.0001846984523581341
3.7616326530612247,587.7952,0.00014604217722080648
3.784852607709751,582.82184,0.00014151753566693515
3.8080725623582765,574.7176,0.00016184420383069664
3.8312925170068026,582.5814,0.00014667646610178053
3.8545124716553287,585.1505,0.00015012724907137454
3.877732426303855,588.3399,0.00014327089593280107
3.900952380952381,583.9053,0.00013779258006252348
3.924172335600907,573.6066,0.0001554385817144066
3.947392290249433,583.2168,0.00016329516074620187
3.9706122448979593,581.57074,0.0001797141449060291
3.9938321995464854,572.3981,0.00019310273637529463
4.017052154195011,571.76746,0.00017618353012949228
4.040272108843538,657.2912,0.00017931767797563225
4.063492063492063,570.3216,0.00016609391605015844
4.08671201814059,564.0168,0.0001928794663399458
4.1099319727891155,567.04675,0.00020469259470701218
4.133151927437642,627.99896,0.00021079301950521767
4.156371882086168,639.58234,0.00019172769680153579
4.179591836734694,647.3714,0.00019818547298200428
4.20281179138322,658.9845,0.00020259697339497507
4.2260317460317465,652.3519,0.00019869372772518545
4.249251700680272,586.84204,0.00017279715393669903
4.272471655328799,584.196,0.00014057518274057657
4.295691609977324,600.57654,0.00011614715185714886
4.31891156462585,603.6719,4.1795494325924665e-05
4.342131519274377,0.0,3.435830876696855e-06
4.365351473922902,0.0,7.622984412591904e-07
4.388571428571429,0.0,1.42573298944626e-07
4.4117913832199545,0.0,8.754250302445143e-08
4.435011337868481,0.0,1.923390300362371e-07
4.458231292517007,0.0,1.9985509425168857e-07
4.481451247165533,0.0,1.3717180991079658e-07
4.504671201814059,0.0,7.293238013517112e-08
4.527891156462585,0.0,4.0040504245553166e-08
