0.0,0.0,2.1386222215369344e-07
0.023219954648526078,0.0,2.6620000426191837e-07
0.046439909297052155,0.0,7.868402462918311e-08
0.06965986394557823,0.0,6.702957762172446e-07
0.09287981859410431,8985.806,0.0005013636546209455
0.11609977324263039,908.8494,0.0016455338336527348
0.13931972789115646,951.1489,0.0016713946824893355
0.16253968253968254,947.1183,0.002757906448096037
0.18575963718820862,961.76074,0.0025541074573993683
0.2089795918367347,952.3535,0.0015929852379485965
0.23219954648526078,957.4759,5.758709812653251e-05
0.25541950113378686,0.0,2.4266919353976846e-06
0.2786394557823129,0.0,1.1067622835980728e-06
0.301859410430839,0.0,4.971634552930482e-07
0.3250793650793651,0.0,2.7512305678101256e-07
0.3482993197278912,7612.524,0.0005698724999092519
0.37151927437641724,452.7605,0.00482871662825346
0.3947392290249433,911.2001,0.007392148021608591
0.4179591836734694,894.3369,0.00961617473512888
0.44117913832199546,875.7436,0.004198127426207066
0.46439909297052157,870.6514,0.00017893002950586379
0.4876190476190476,0.0,2.1890318748774007e-06
0.5108390022675737,0.0,2.5288318283855915e-07
0.5340589569160998,0.0,5.400352165452205e-07
0.5572789115646258,24459.217,0.0003054859407711774
0.5804988662131519,538.0291,0.00507747195661068
0.603718820861678,521.8594,0.007929222658276558
0.626938775510204,522.9108,0.007370899897068739
0.6501587301587302,519.64343,0.004986601881682873
0.6733786848072563,517.3145,0.0010377154685556889
0.6965986394557824,515.6376,3.833782102447003e-05
0.7198185941043084,0.0,6.068930815672502e-06
0.7430385487528345,0.0,6.390355338226072e-07
0.7662585034013606,0.0,5.623205652227625e-07
0.7894784580498866,0.0,5.171189513930585e-06
0.8126984126984127,661.36554,0.01565616950392723
0.8359183673469388,677.72174,0.036268334835767746
0.8591383219954649,689.5145,0.03380405902862549
0.8823582766439909,691.69196,0.03551739454269409
0.905578231292517,682.0216,0.02237459272146225
0.9287981859410431,672.91656,0.0044197035022079945
0.9520181405895691,667.00977,6.507472426164895e-05
0.9752380952380952,0.0,1.2786476872861385e-06
0.9984580498866213,0.0,2.827409844030626e-07
1.0216780045351475,0.0,9.53770722844638e-07
1.0448979591836736,9303.029,0.004742502700537443
1.0681179138321997,549.2524,0.031431831419467926
1.0913378684807256,1093.5284,0.04079846292734146
1.1145578231292517,1090.3179,0.036997128278017044
1.1377777777777778,1072.2941,0.033856604248285294
1.1609977324263039,1057.5548,0.023188471794128418
1.18421768707483,1034.4869,0.0023278691805899143
1.207437641723356,1020.9068,2.8519836632767692e-05
1.2306575963718822,0.0,1.4093438949203119e-06
1.253877551020408,0.0,7.274238669197075e-07
1.2770975056689342,535.2765,0.0007694271625950933
1.3003174603174603,921.90265,0.003093915292993188
1.3235374149659864,899.69385,0.006117990240454674
1.3467573696145125,894.2316,0.007249908521771431
1.3699773242630386,887.37476,0.005989489145576954
1.3931972789115648,886.23785,0.0028698290698230267
1.4164172335600906,877.46124,0.0010935644386336207
1.4396371882086167,867.5771,0.0003926868084818125
1.4628571428571429,875.2803,2.5999615900218487e-05
1.486077097505669,0.0,1.8521941456128843e-06
1.509297052154195,0.0,2.0597326511051506e-07
1.5325170068027212,0.0,3.9124643080867827e-07
1.5557369614512473,0.0,1.7586626199772581e-07
1.5789569160997732,23527.047,2.0989582480979152e-05
1.6021768707482993,356.81314,0.001081121270544827
1.6253968253968254,697.0616,0.001840407494455576
1.6486167800453515,711.019,0.00215806532651186
1.6718367346938776,710.6762,0.0030181268230080605
1.6950566893424037,710.5017,0.0034838588908314705
1.7182766439909298,711.424,0.0027256428729742765
1.7414965986394557,707.75244,0.0022524832747876644
1.7647165532879818,718.9296,0.0020018834620714188
1.787936507936508,739.1432,0.0021895854733884335
1.811156462585034,799.30066,0.002465452067553997
1.8343764172335602,819.5403,0.0025072370190173388
1.8575963718820863,877.874,0.0020021398086100817
1.8808163265306124,334.4482,0.0014568986371159554
1.9040362811791383,332.36407,0.002550814999267459
1.9272562358276644,930.1422,0.001967756077647209
1.9504761904761905,837.0205,0.0017264108173549175
1.9736961451247166,742.2419,0.001955236541107297
1.9969160997732427,727.2741,0.001838655211031437
2.020136054421769,349.0714,0.0020507287699729204
2.043356009070295,928.1287,0.0014691813848912716
2.066575963718821,334.06207,0.001017498318105936
2.089795918367347,333.67346,0.0013928672997280955
2.1130158730158732,339.26532,0.0014788497937843204
2.1362358276643993,849.9562,0.001002446049824357
2.159455782312925,747.44037,0.0010053184814751148
2.182675736961451,352.10034,0.0011245014611631632
2.2058956916099772,343.01093,0.0009956923313438892
2.2291156462585033,334.5894,0.0005447541479952633
2.2523356009070294,329.01685,0.0005182335735298693
2.2755555555555556,332.10165,0.0006858626147732139
2.2987755102040817,341.58316,0.0005164642934687436
2.3219954648526078,712.9391,0.000479539594380185
2.345215419501134,349.85217,0.0005482944543473423
2.36843537414966,341.25272,0.0003365945303812623
2.391655328798186,330.95932,0.00019534990133251995
2.414875283446712,324.96887,0.00018170193652622402
2.4380952380952383,328.76196,0.00027477467665448785
2.4613151927437644,341.4558,0.0001558121293783188
2.48453514739229,355.23132,0.00013697287067770958
2.507755102040816,356.1453,6.235310866031796e-05
2.5309750566893423,345.26086,2.0328192476881668e-05
2.5541950113378684,0.0,4.841941517952364e-06
2.5774149659863945,0.0,8.888664524420165e-07
2.6006349206349206,0.0,1.1522115528350696e-07
2.6238548752834467,0.0,3.433979145484045e-07
2.647074829931973,0.0,3.574377842596732e-07
2.670294784580499,0.0,9.886298357741907e-08
