0.0,0.0,5.281353878672235e-07
0.023219954648526078,0.0,6.092868716223165e-07
0.046439909297052155,0.0,1.30881744553335e-07
0.06965986394557823,0.0,6.443879101425409e-07
0.09287981859410431,0.0,3.872356501233298e-06
0.11609977324263039,0.0,8.575463652960025e-06
0.13931972789115646,169.42773,1.0834142813109793e-05
0.16253968253968254,166.30132,1.56890346261207e-05
0.18575963718820862,167.28302,1.738277933327481e-05
0.2089795918367347,168.72314,2.1490159269887954e-05
0.23219954648526078,169.44331,2.230852987850085e-05
0.25541950113378686,173.67612,2.9365775844780728e-05
0.2786394557823129,172.90341,3.688559081638232e-05
0.301859410430839,173.26651,4.195734072709456e-05
0.3250793650793651,171.56947,4.958838690072298e-05
0.3482993197278912,178.78412,6.164396472740918e-05
0.37151927437641724,175.5971,7.237047248054296e-05
0.3947392290249433,350.99646,7.728207856416702e-05
0.4179591836734694,350.6466,5.171226803213358e-05
0.44117913832199546,353.05127,4.5512409997172654e-05
0.46439909297052157,353.02335,5.6870212574722245e-05
0.4876190476190476,356.6664,5.7268385717179626e-05
0.5108390022675737,176.78404,5.614962356048636e-05
0.5340589569160998,353.70474,4.637023084796965e-05
0.5572789115646258,352.499,2.7079955543740653e-05
0.5804988662131519,173.46556,2.1707273845095187e-05
0.603718820861678,357.3194,2.1495407054317184e-05
0.626938775510204,365.64972,1.49862889884389e-05
0.6501587301587302,370.4982,1.1201002052985132e-05
0.6733786848072563,408.18634,2.142320226994343e-05
0.6965986394557824,426.71243,2.6832680305233225e-05
0.7198185941043084,426.21268,4.249107223586179e-05
0.7430385487528345,419.69302,4.729810461867601e-05
0.7662585034013606,413.55597,4.349707160145044e-05
0.7894784580498866,414.80566,2.7955873520113528e-05
0.8126984126984127,417.8646,2.3531742044724524e-05
0.8359183673469388,414.55087,1.49155985127436e-05
0.8591383219954649,406.4874,2.114352901116945e-05
0.8823582766439909,420.97665,2.857493018382229e-05
0.905578231292517,232.9952,2.9061726309009828e-05
0.9287981859410431,236.31625,3.459396248217672e-05
0.9520181405895691,421.95972,3.704795381054282e-05
0.9752380952380952,414.24954,3.86185638490133e-05
0.9984580498866213,410.27634,4.1483293898636475e-05
1.0216780045351475,416.32034,3.711517638294026e-05
1.0448979591836736,232.16522,2.9175793315516785e-05
1.0681179138321997,217.81168,3.2081199606182054e-05
1.0913378684807256,224.07675,4.97772271046415e-05
1.1145578231292517,226.6945,5.62199747946579e-05
1.1377777777777778,226.54999,6.577267777174711e-05
1.1609977324263039,225.10272,7.66815064707771e-05
1.18421768707483,443.77823,6.000469875289127e-05
1.207437641723356,219.6642,4.360076491138898e-05
1.2306575963718822,220.49995,3.1545998353976756e-05
1.253877551020408,237.15875,2.6517191145103425e-05
1.2770975056689342,236.43022,0.00013281434075906873
1.3003174603174603,279.54037,0.00019588951545301825
1.3235374149659864,275.1716,0.00019194846390746534
1.3467573696145125,265.18835,0.00020271714311093092
1.3699773242630386,258.61307,0.00021623219072353095
1.3931972789115648,256.74902,0.0002390265290159732
1.4164172335600906,255.92499,0.00032624570303596556
1.4396371882086167,256.5207,0.00041390987462364137
1.4628571428571429,255.78514,0.0004579253727570176
1.486077097505669,252.9655,0.000546142109669745
1.509297052154195,251.05113,0.0006132523994892836
1.5325170068027212,252.05516,0.0005213440163061023
1.5557369614512473,256.93307,0.00032159488182514906
1.5789569160997732,266.6872,0.000661396246869117
1.6021768707482993,306.29553,0.0007200613035820425
1.6253968253968254,318.3209,0.0009955794084817171
1.6486167800453515,368.37805,0.0011917161755263805
1.6718367346938776,2391.5505,0.0011078999377787113
1.6950566893424037,356.61057,0.0009187791729345918
1.7182766439909298,308.2621,0.0008487638551741838
1.7414965986394557,313.55817,0.0008132733637467027
1.7647165532879818,328.76685,0.001158986589871347
1.787936507936508,345.24417,0.0014545388985425234
1.811156462585034,2324.6843,0.001703706569969654
1.8343764172335602,2379.2935,0.0019002265762537718
1.8575963718820863,2376.9722,0.0014576748944818974
1.8808163265306124,2391.5828,0.0014571642968803644
1.9040362811791383,2326.577,0.0012580153997987509
1.9272562358276644,2336.4688,0.0011554700322449207
1.9504761904761905,2348.0205,0.0017032916657626629
1.9736961451247166,2328.3943,0.0021754084154963493
1.9969160997732427,379.91742,0.0026261205784976482
2.020136054421769,384.74405,0.002450450323522091
2.043356009070295,384.23584,0.002967545762658119
2.066575963718821,373.23914,0.0037511694245040417
2.089795918367347,2344.1152,0.0031897425651550293
2.1130158730158732,2328.3328,0.0031015416607260704
2.1362358276643993,2401.5837,0.0031116358004510403
2.159455782312925,392.0782,0.001858794130384922
2.182675736961451,411.65997,0.003524134634062648
2.2058956916099772,432.82526,0.004043604247272015
2.2291156462585033,2417.9717,0.00439882930368185
2.2523356009070294,460.9321,0.005093902349472046
2.2755555555555556,458.84027,0.004270835313946009
2.2987755102040817,451.18866,0.004629899747669697
2.3219954648526078,451.92383,0.0047247824259102345
2.345215419501134,451.46255,0.0049542877823114395
2.36843537414966,450.64404,0.005058613605797291
2.391655328798186,451.18182,0.0045205969363451
2.414875283446712,448.64117,0.004079701378941536
2.4380952380952383,2376.7966,0.0035401349887251854
2.4613151927437644,2390.1128,0.004091641400009394
2.48453514739229,449.50864,0.004179289564490318
2.507755102040816,443.4242,0.0029473528265953064
2.5309750566893423,366.9815,0.002329793758690357
2.5541950113378684,350.34436,0.0016927956603467464
2.5774149659863945,2564.2778,0.002459400100633502
2.6006349206349206,2278.6316,0.0019237878732383251
2.6238548752834467,2265.8767,0.0009215333266183734
2.647074829931973,392.46957,0.0011671046959236264
2.670294784580499,350.08957,0.001474706456065178
2.693514739229025,349.72485,0.0016401808243244886
2.716734693877551,400.9642,0.002062969608232379
2.7399546485260773,393.00534,0.0026084487326443195
2.7631746031746034,369.364,0.0034247050061821938
2.7863945578231295,2405.5217,0.002386036328971386
2.809614512471655,2319.4185,0.002203318290412426
2.8328344671201813,2329.635,0.0030128005892038345
2.8560544217687074,2402.1655,0.003547274973243475
2.8792743764172335,375.05728,0.004098443314433098
2.9024943310657596,2385.6646,0.0027229278348386288
2.9257142857142857,2296.9856,0.001471840776503086
2.948934240362812,2392.249,0.001628286438062787
2.972154195011338,327.0955,0.0016631194157525897
2.995374149659864,320.37756,0.0014412283198907971
3.01859410430839,369.38315,0.0013701647985726595
3.0418140589569163,323.57434,0.0014994614757597446
3.0650340136054424,321.53162,0.0015028505586087704
3.0882539682539685,370.6637,0.0013160211965441704
3.1114739229024946,2404.3442,0.0011268735397607088
3.1346938775510207,363.74155,0.0009522180771455169
3.1579138321995464,303.7562,0.000825121474917978
3.1811337868480725,263.56622,0.0005547238979488611
3.2043537414965986,255.38971,0.0004533102619461715
3.2275736961451247,278.6886,0.0004969985457137227
3.250793650793651,253.64406,0.000463181990198791
3.274013605442177,256.33658,0.00037688546581193805
3.297233560090703,255.51917,0.0003947631048504263
3.320453514739229,277.97174,0.00042843527626246214
3.3436734693877552,278.33646,0.0005120215355418622
3.3668934240362813,274.05576,0.000560479355044663
3.3901133786848074,247.53679,0.0005735708400607109
3.4133333333333336,243.66705,0.00035321922041475773
3.4365532879818597,239.02109,0.00011188231292180717
3.4597732426303858,231.82483,7.694475789321586e-05
3.4829931972789114,228.272,7.39457827876322e-05
3.5062131519274375,227.3176,8.040836110012606e-05
3.5294331065759637,227.91498,8.009826706256717e-05
3.5526530612244898,227.58517,7.934193854453042e-05
3.575873015873016,229.72112,0.00010532019950915128
3.599092970521542,234.48428,8.543184958398342e-05
3.622312925170068,236.89383,1.5101923963811714e-05
3.645532879818594,0.0,3.923221811419353e-06
3.6687528344671203,0.0,4.838228051085025e-06
3.6919727891156464,0.0,4.509892278292682e-06
3.7151927437641725,0.0,4.603233719535638e-06
3.7384126984126986,0.0,6.327803930616938e-06
3.7616326530612247,0.0,6.2520557548850775e-06
3.784852607709751,0.0,6.591395504074171e-06
3.8080725623582765,0.0,7.812564035702962e-06
3.8312925170068026,205.88866,1.2430459719325881e-05
3.8545124716553287,244.2912,2.1830293917446397e-05
3.877732426303855,432.90067,3.4491997212171555e-05
3.900952380952381,428.85733,5.471451368066482e-05
3.924172335600907,395.55383,7.348541839746758e-05
3.947392290249433,2314.7588,7.085839752107859e-05
3.9706122448979593,2311.703,6.539648165926337e-05
3.9938321995464854,434.08646,5.574336682911962e-05
4.017052154195011,2282.6785,6.653838499914855e-05
4.040272108843538,2289.5205,0.00010296965047018602
4.063492063492063,2276.4233,0.00012310825695749372
4.08671201814059,2268.3945,0.0001485289540141821
4.1099319727891155,2294.9724,0.0001864246150944382
4.133151927437642,2277.461,0.00019492249703034759
4.156371882086168,422.084,0.00020427617710083723
4.179591836734694,2296.2363,0.00024348823353648186
4.20281179138322,2246.1033,0.00023025041446089745
4.2260317460317465,194.89989,0.0002195322886109352
4.249251700680272,353.11096,0.00017843153909780085
4.272471655328799,361.9366,0.00014435964112635702
4.295691609977324,2308.1877,0.00015005108434706926
4.31891156462585,2298.8699,0.00016099736967589706
4.342131519274377,2311.3044,0.0002410913584753871
4.365351473922902,2263.4907,0.0002504967269487679
4.388571428571429,2282.7131,0.00022392687969841063
4.4117913832199545,194.98099,0.00018566078506410122
4.435011337868481,195.82516,0.0001492665323894471
4.458231292517007,194.87291,0.00016185730055440217
4.481451247165533,180.57741,0.0001202933635795489
4.504671201814059,200.56802,0.00012306825374253094
4.527891156462585,2308.1277,0.00012294409680180252
4.551111111111111,2311.885,0.00015414945664815605
4.574331065759638,2309.68,0.00017907159053720534
4.597551020408163,195.6279,0.0001649714249651879
4.62077097505669,194.33723,0.00014514446957036853
4.6439909297052155,197.7753,9.660118666943163e-05
4.667210884353741,2327.539,7.263531733769923e-05
4.690430839002268,2373.9243,7.526756235165522e-05
4.713650793650793,2376.2458,8.726550731807947e-05
4.73687074829932,2347.9675,0.00010409887181594968
4.760090702947846,2341.0764,0.00010996024502674118
4.783310657596372,195.88481,9.719467925606295e-05
4.806530612244898,192.78159,9.232778393197805e-05
4.829750566893424,176.54878,7.592753536300734e-05
4.85297052154195,178.74258,5.0644390285015106e-05
4.876190476190477,185.32703,4.6883644245099276e-05
4.899410430839002,187.91515,5.135360697750002e-05
4.922630385487529,186.8754,4.6996075980132446e-05
4.9458503401360545,171.50244,4.79673981317319e-05
4.96907029478458,166.50076,4.612112388713285e-05
4.992290249433107,0.0,9.342020348412916e-06
5.015510204081632,0.0,1.973728103621397e-06
5.038730158730159,0.0,6.165724698803388e-06
5.061950113378685,178.87654,1.007399259833619e-05
5.085170068027211,172.76868,1.4839075447525829e-05
5.108390022675737,0.0,4.159219315624796e-06
5.131609977324263,0.0,1.2515156413428485e-06
5.154829931972789,0.0,9.714949555927888e-08
