0.0,0.0,3.832201400655322e-07
0.023219954648526078,0.0,8.018196240300313e-07
0.046439909297052155,0.0,2.0543629943858832e-06
0.06965986394557823,0.0,1.5669784261262976e-06
0.09287981859410431,0.0,2.1869982447242364e-07
0.11609977324263039,0.0,4.236044333083555e-07
0.13931972789115646,0.0,3.473296601441689e-07
0.16253968253968254,0.0,9.77557101577986e-06
0.18575963718820862,165.60165,3.054071930819191e-05
0.2089795918367347,190.8995,4.1290091758128256e-05
0.23219954648526078,150.33589,5.192953540245071e-05
0.25541950113378686,175.50826,7.999570516403764e-05
0.2786394557823129,895.13794,8.50883370731026e-05
0.301859410430839,885.3681,0.00011505582369863987
0.3250793650793651,802.8199,0.00012756709475070238
0.3482993197278912,732.8074,0.00023862908710725605
0.37151927437641724,757.75415,0.00040417094714939594
0.3947392290249433,821.5781,0.0004483946249820292
0.4179591836734694,611.55164,0.00048102825530804694
0.44117913832199546,786.231,0.00047751638339832425
0.46439909297052157,736.50867,0.0004277897533029318
0.4876190476190476,774.9563,0.0003575146256480366
0.5108390022675737,607.7052,0.000616083387285471
0.5340589569160998,869.5112,0.0007977893110364676
0.5572789115646258,834.11444,0.00061327766161412
0.5804988662131519,759.4496,0.0003306512371636927
0.603718820861678,598.33026,0.0002318643673788756
0.626938775510204,576.2526,0.00010176963405683637
0.6501587301587302,223.82013,0.00011323098442517221
0.6733786848072563,630.6384,0.0001246030442416668
0.6965986394557824,342.54443,9.180112829199061e-05
0.7198185941043084,178.80731,9.557694284012541e-05
0.7430385487528345,590.1516,0.00010674891382222995
0.7662585034013606,573.25964,0.00012085559865226969
0.7894784580498866,605.79285,0.00016906103701330721
0.8126984126984127,658.1299,0.0002836287021636963
0.8359183673469388,664.8314,0.00035312114050611854
0.8591383219954649,599.09015,0.000368216831702739
0.8823582766439909,573.8273,0.00022009125677868724
0.905578231292517,570.8129,0.0001362558687105775
0.9287981859410431,586.2459,0.00010152672621188685
0.9520181405895691,639.13696,0.00010883555660257116
0.9752380952380952,202.15576,0.00019085344683844596
0.9984580498866213,553.61774,0.0002783556701615453
1.0216780045351475,592.4788,0.0003466044436208904
1.0448979591836736,590.6453,0.0003300390671938658
1.0681179138321997,598.47943,0.0003546528168953955
1.0913378684807256,574.03156,0.0002869152813218534
1.1145578231292517,557.3036,0.00021022943838033825
1.1377777777777778,623.7918,0.0003847229527309537
1.1609977324263039,601.14056,0.0008292701095342636
1.18421768707483,610.8629,0.0011855491902679205
1.207437641723356,615.7891,0.0012934928527101874
1.2306575963718822,613.90265,0.0007054216112010181
1.253877551020408,641.8155,0.0004681121790781617
1.2770975056689342,651.6398,0.000651367474347353
1.3003174603174603,623.15967,0.0007236173842102289
1.3235374149659864,615.37506,0.00036886060843244195
1.3467573696145125,620.9712,8.072788477875292e-05
1.3699773242630386,240.69087,6.19385828031227e-05
1.3931972789115648,322.01056,6.80995945003815e-05
1.4164172335600906,348.30588,7.013716094661504e-05
1.4396371882086167,266.45114,0.00015634988085366786
1.4628571428571429,257.81894,0.00022672314662486315
1.486077097505669,250.08289,0.0002141944132745266
1.509297052154195,247.27052,0.00021533564722631127
1.5325170068027212,250.32745,0.00021068620844744146
1.5557369614512473,253.19577,0.0001824917853809893
1.5789569160997732,255.15773,0.00014139871927909553
1.6021768707482993,255.08258,0.00012432086805347353
1.6253968253968254,1006.12195,3.751118856598623e-05
1.6486167800453515,330.38776,3.7005571357440203e-05
1.6718367346938776,336.3371,0.00018728332361206412
1.6950566893424037,971.34436,0.00012956972932443023
1.7182766439909298,473.49786,0.0001223365543410182
1.7414965986394557,289.41483,0.00014412753807846457
1.7647165532879818,282.14984,0.00015308160800486803
1.787936507936508,284.14737,0.00022565016115549952
1.811156462585034,289.54428,0.00029853120213374496
1.8343764172335602,875.90424,0.00028846910572610795
1.8575963718820863,288.63333,0.00028801895678043365
1.8808163265306124,286.25046,0.0003998936153948307
1.9040362811791383,292.17343,0.00044247566256672144
1.9272562358276644,908.1525,0.0005183884641155601
1.9504761904761905,958.9341,0.0006414465606212616
1.9736961451247166,967.3918,0.0009123407071456313
1.9969160997732427,973.99524,0.0008281680638901889
2.020136054421769,956.21814,0.0006462277378886938
2.043356009070295,938.72345,0.0009177503525279462
2.066575963718821,956.64606,0.0012673053424805403
2.089795918367347,980.7667,0.002473008818924427
2.1130158730158732,987.4612,0.007009169086813927
2.1362358276643993,1020.6401,0.00995978619903326
2.159455782312925,1033.6538,0.011774721555411816
2.182675736961451,1031.967,0.01078072004020214
2.2058956916099772,1013.99005,0.005690227262675762
2.2291156462585033,990.6122,0.004625039175152779
2.2523356009070294,993.3536,0.00875823199748993
2.2755555555555556,1017.8193,0.010627107694745064
2.2987755102040817,1029.033,0.00909663736820221
2.3219954648526078,1036.0814,0.0043505653738975525
2.345215419501134,1060.2739,0.004445265047252178
2.36843537414966,1123.023,0.003574573900550604
2.391655328798186,1153.8451,0.0026409856509417295
2.414875283446712,1157.0532,0.004318264313042164
2.4380952380952383,1141.3113,0.00257685873657465
2.4613151927437644,1107.0465,0.0030530800577253103
2.48453514739229,1106.1184,0.0037889783270657063
2.507755102040816,1111.5786,0.004389042034745216
2.5309750566893423,1119.323,0.005348987877368927
2.5541950113378684,1129.7931,0.009981549344956875
2.5774149659863945,1143.5771,0.014047008007764816
2.6006349206349206,1141.1084,0.010316427797079086
2.6238548752834467,1108.7943,0.006269869394600391
2.647074829931973,1076.037,0.010385978035628796
2.670294784580499,1026.5349,0.009986981749534607
2.693514739229025,1015.19214,0.01388690248131752
2.716734693877551,1034.1538,0.009899191558361053
2.7399546485260773,1055.4645,0.011022306978702545
2.7631746031746034,1048.9249,0.014167672023177147
2.7863945578231295,1030.1875,0.006568805314600468
2.809614512471655,1000.1466,0.003143805544823408
2.8328344671201813,971.25305,0.0033787910360842943
2.8560544217687074,973.22974,0.004023066256195307
2.8792743764172335,981.5019,0.0038111775647848845
2.9024943310657596,987.3716,0.0035449941642582417
2.9257142857142857,981.47656,0.0028058248572051525
2.948934240362812,968.3001,0.0016895481385290623
2.972154195011338,938.3185,0.0013758400455117226
2.995374149659864,913.6608,0.0008827578276395798
3.01859410430839,889.7111,0.0010361711028963327
3.0418140589569163,407.98422,0.0007827719091437757
3.0650340136054424,565.47675,0.0005257518496364355
3.0882539682539685,572.74445,0.0004437548341229558
3.1114739229024946,287.5251,0.0004577538347803056
3.1346938775510207,287.4032,0.0004866292292717844
3.1579138321995464,573.566,0.000545720336958766
3.1811337868480725,566.50635,0.0007149449083954096
3.2043537414965986,1128.474,0.0009663895471021533
3.2275736961451247,1096.5276,0.0009330419125035405
3.250793650793651,1043.7819,0.0014274257700890303
3.274013605442177,1017.0444,0.00113364914432168
3.297233560090703,991.0652,0.0007259371923282743
3.320453514739229,982.78186,0.0012662230292335153
3.3436734693877552,1005.60034,0.001442092121578753
3.3668934240362813,1014.46655,0.0010130926966667175
3.3901133786848074,1003.0553,0.00039862445555627346
3.4133333333333336,961.2572,0.00028176611522212625
3.4365532879818597,959.82715,0.00019722385331988335
3.4597732426303858,914.73444,8.677229197928682e-05
3.4829931972789114,905.81586,5.978411718388088e-05
3.5062131519274375,323.5637,6.262962415348738e-05
3.5294331065759637,773.0267,5.5579745094291866e-05
3.5526530612244898,316.66812,6.167576066218317e-05
3.575873015873016,912.2791,7.594017370138317e-05
3.599092970521542,892.67456,6.582141213584691e-05
3.622312925170068,898.96735,5.5304346460616216e-05
3.645532879818594,313.99225,4.8928592150332406e-05
3.6687528344671203,753.46576,3.3432421332690865e-05
3.6919727891156464,0.0,7.203268069133628e-06
3.7151927437641725,0.0,4.371190698293503e-06
3.7384126984126986,0.0,6.5436588556622155e-06
3.7616326530612247,0.0,4.554709448711947e-06
3.784852607709751,0.0,5.140285793459043e-06
3.8080725623582765,0.0,4.469417945074383e-06
3.8312925170068026,0.0,2.424479134788271e-06
3.8545124716553287,0.0,3.049769475182984e-06
3.877732426303855,0.0,4.977227945346385e-06
3.900952380952381,205.76288,1.1715085747709963e-05
3.924172335600907,591.59235,3.49192378052976e-05
3.947392290249433,609.8413,5.849820809089579e-05
3.9706122448979593,608.1645,0.00010928371921181679
3.9938321995464854,620.43207,8.882908878149465e-05
4.017052154195011,610.3353,7.679258851567283e-05
4.040272108843538,721.9662,8.207741484511644e-05
4.063492063492063,365.54013,0.00010207791638094932
4.08671201814059,583.3599,0.00011737737077055499
4.1099319727891155,600.86035,0.00011359625204931945
4.133151927437642,610.8797,0.0001248008629772812
4.156371882086168,591.22534,0.00013715725799556822
4.179591836734694,585.1253,0.00013922012294642627
4.20281179138322,624.81384,0.0001555003400426358
4.2260317460317465,572.3321,0.00014813194866292179
4.249251700680272,567.3314,0.00011981600255239755
4.272471655328799,348.57532,0.00012066475756000727
4.295691609977324,225.51088,0.0001223387662321329
4.31891156462585,187.58752,0.00011510091280797496
4.342131519274377,1050.2179,0.00012019339919788763
4.365351473922902,332.35284,0.00016735037206672132
4.388571428571429,582.4399,0.00013032436254434288
4.4117913832199545,231.32317,0.0001232079230248928
4.435011337868481,190.47134,0.00011007692955899984
4.458231292517007,229.80106,7.65032964409329e-05
4.481451247165533,231.01785,8.249316306319088e-05
4.504671201814059,341.8294,7.526409899583086e-05
4.527891156462585,344.13864,8.224650810007006e-05
4.551111111111111,344.25082,0.00012752895418088883
4.574331065759638,585.50836,0.00018062078743241727
4.597551020408163,570.87866,0.0001552105532027781
4.62077097505669,593.0732,0.00012018439883831888
4.6439909297052155,163.28268,0.0001010656269500032
4.667210884353741,164.55998,0.00011084610014222562
4.690430839002268,600.0018,9.098527516471222e-05
4.713650793650793,230.79515,9.022849553730339e-05
4.73687074829932,607.29065,8.592607628088444e-05
4.760090702947846,613.1924,0.00011748282122425735
4.783310657596372,586.6008,0.00010572435712674633
4.806530612244898,587.63605,8.042503031902015e-05
4.829750566893424,164.08826,6.437278352677822e-05
4.85297052154195,164.8522,5.5021042498992756e-05
4.876190476190477,230.74643,5.481811604113318e-05
4.899410430839002,165.87402,4.731967783300206e-05
4.922630385487529,171.0322,4.665731103159487e-05
4.9458503401360545,172.55048,6.113132258178666e-05
4.96907029478458,235.16855,6.301286339294165e-05
4.992290249433107,617.70496,5.5002405133564025e-05
5.015510204081632,229.42815,3.578608448151499e-05
5.038730158730159,182.95276,2.2681462723994628e-05
5.061950113378685,162.42403,2.23395927605452e-05
5.085170068027211,168.73447,2.4540142476325855e-05
5.108390022675737,173.02158,1.851876368164085e-05
5.131609977324263,175.85597,1.726159462123178e-05
5.154829931972789,172.15015,1.4209128494258039e-05
5.178049886621316,165.62352,1.0538475180510432e-05
5.201269841269841,0.0,4.372186594991945e-06
5.224489795918368,0.0,8.567640179535374e-07
5.2477097505668935,0.0,1.5406931197503582e-07
5.27092970521542,0.0,2.698607204365544e-07
5.294149659863946,0.0,4.1968996811192483e-07
5.317369614512471,0.0,3.0838964448776096e-07
5.340589569160998,0.0,2.48245669354219e-07
5.363809523809524,0.0,7.714952516835183e-07
5.38702947845805,0.0,7.189973985077813e-07
5.410249433106576,0.0,8.631559467175975e-08
