0.0,0.0,1.0525400284677744e-07
0.023219954648526078,0.0,1.5321256796596572e-07
0.046439909297052155,0.0,1.0959865903714672e-07
0.06965986394557823,0.0,7.64266587793827e-08
0.09287981859410431,0.0,5.3209078032523394e-08
0.11609977324263039,0.0,1.3112457963870838e-07
0.13931972789115646,0.0,1.3570934243034571e-07
0.16253968253968254,0.0,5.5511009122710675e-08
0.18575963718820862,0.0,7.359631126746535e-08
0.2089795918367347,0.0,8.06767275207676e-08
0.23219954648526078,0.0,1.200605765916407e-07
0.25541950113378686,0.0,2.8855538403149694e-08
0.2786394557823129,0.0,4.1484781831968576e-08
0.301859410430839,0.0,1.1285919754300267e-08
0.3250793650793651,0.0,1.3645149010699242e-08
0.3482993197278912,0.0,3.766672307392582e-08
0.37151927437641724,0.0,5.372749001253396e-08
0.3947392290249433,0.0,5.3485564421862364e-08
0.4179591836734694,0.0,7.267790351761505e-07
0.44117913832199546,293.7884,2.8319460398051888e-05
0.46439909297052157,288.02917,6.554093124577776e-05
0.4876190476190476,281.7611,6.910812953719869e-05
0.5108390022675737,271.81772,8.422925020568073e-05
0.5340589569160998,265.6062,8.579900168115273e-05
0.5572789115646258,260.75418,7.387116056634113e-05
0.5804988662131519,261.03653,8.516458910889924e-05
0.603718820861678,265.288,0.00012814017827622592
0.626938775510204,270.68253,0.0001855477166827768
0.6501587301587302,272.06747,0.0002100232959492132
0.6733786848072563,266.13562,0.00019819778390228748
0.6965986394557824,252.60968,0.00015544454799965024
0.7198185941043084,244.51047,0.00020756736921612173
0.7430385487528345,251.65808,0.00028654641937464476
0.7662585034013606,266.9891,0.00021772488253191113
0.7894784580498866,281.34717,0.00030755915213376284
0.8126984126984127,287.46542,0.0002480396651662886
0.8359183673469388,284.48724,0.000276795937679708
0.8591383219954649,272.66098,0.00024588702945038676
0.8823582766439909,258.5291,0.0002165205660276115
0.905578231292517,256.11884,0.00019930941925849766
0.9287981859410431,268.859,0.0002504081930965185
0.9520181405895691,283.56558,0.0002742662909440696
0.9752380952380952,291.1692,0.00023540962138213217
0.9984580498866213,288.0574,0.000275568658253178
1.0216780045351475,276.5535,0.0002536570536904037
1.0448979591836736,260.2009,0.00023820898786652833
1.0681179138321997,260.50696,0.00020625381148420274
1.0913378684807256,273.4814,0.0002786774421110749
1.1145578231292517,287.90042,0.0002029260795097798
1.1377777777777778,306.25687,0.00012861080176662654
1.1609977324263039,317.51254,0.00012054666876792908
1.18421768707483,320.18542,0.0001023753866320476
1.207437641723356,313.93967,0.0001068656420102343
1.2306575963718822,310.54565,9.675762703409418e-05
1.253877551020408,318.94785,0.00010729180212365463
1.2770975056689342,333.98843,0.00023455836344510317
1.3003174603174603,342.42294,0.0003972763370256871
1.3235374149659864,342.89517,0.0004473361186683178
1.3467573696145125,333.0584,0.000196364926523529
1.3699773242630386,315.151,0.00014002667739987373
1.3931972789115648,313.84192,0.00013553080498240888
1.4164172335600906,325.24725,0.0002649484376888722
1.4396371882086167,338.96643,0.0005655706627294421
1.4628571428571429,347.78152,0.0008124110754579306
1.486077097505669,344.99966,0.0007182064582593739
1.509297052154195,331.63306,0.00029045940027572215
1.5325170068027212,313.31165,0.00020348510588519275
1.5557369614512473,313.15695,0.00019927216635551304
1.5789569160997732,326.98996,0.00038744884659536183
1.6021768707482993,341.82837,0.0008054106147028506
1.6253968253968254,351.54474,0.0009917793795466423
1.6486167800453515,350.32013,0.0008423547842539847
1.6718367346938776,337.10184,0.0004826228250749409
1.6950566893424037,319.56906,0.0001701233850326389
1.7182766439909298,318.50034,0.00022505465312860906
1.7414965986394557,331.698,0.0004852220299653709
1.7647165532879818,346.82135,0.0008627528441138566
1.787936507936508,355.3811,0.0008911085315048695
1.811156462585034,352.10278,0.0007204881985671818
1.8343764172335602,336.27686,0.0004098347562830895
1.8575963718820863,311.68454,0.00019660961697809398
1.8808163265306124,309.65335,0.0001660097623243928
1.9040362811791383,330.51593,0.0004147846484556794
1.9272562358276644,345.0494,0.0007929501589387655
1.9504761904761905,353.66418,0.000814284197986126
1.9736961451247166,351.44864,0.000697567593306303
1.9969160997732427,338.66702,0.00048658481682650745
2.020136054421769,323.63898,0.00017322752682957798
2.043356009070295,326.7888,0.0003364215954206884
2.066575963718821,341.8398,0.0007429143879562616
2.089795918367347,357.26645,0.0008285675430670381
2.1130158730158732,371.22845,0.0007514341850765049
2.1362358276643993,375.5954,0.0007069276762194932
2.159455782312925,376.87503,0.000556850980501622
2.182675736961451,379.9745,0.0005334102897904813
2.2058956916099772,386.38892,0.0005455301143229008
2.2291156462585033,402.5653,0.0007348749786615372
2.2523356009070294,417.83572,0.0009943440090864897
2.2755555555555556,421.2845,0.0011602893937379122
2.2987755102040817,406.40048,0.0010115525219589472
2.3219954648526078,374.15958,0.00105323048774153
2.345215419501134,361.89087,0.0010780422016978264
2.36843537414966,369.50415,0.0010781201999634504
2.391655328798186,392.46146,0.0010789240477606654
2.414875283446712,411.8299,0.001356414519250393
2.4380952380952383,421.21304,0.0016518200282007456
2.4613151927437644,408.63626,0.0014983084984123707
2.48453514739229,381.26572,0.0013311556540429592
2.507755102040816,357.4633,0.0014522038400173187
2.5309750566893423,360.1927,0.0012089903466403484
2.5541950113378684,381.14606,0.0012022496666759253
2.5774149659863945,406.28424,0.0013681678101420403
2.6006349206349206,417.31406,0.001512423506937921
2.6238548752834467,408.83337,0.0015160967595875263
2.647074829931973,387.3771,0.0012429943308234215
2.670294784580499,362.8383,0.0014088783646002412
2.693514739229025,364.5692,0.0013081601355224848
2.716734693877551,382.31375,0.001176007790490985
2.7399546485260773,403.87738,0.0013333086390048265
2.7631746031746034,418.13882,0.0014551074709743261
2.7863945578231295,413.93765,0.0015047906199470162
2.809614512471655,395.43677,0.001325197983533144
2.8328344671201813,377.159,0.0011960987467318773
2.8560544217687074,387.8552,0.0011818022467195988
2.8792743764172335,407.49997,0.0013393578119575977
2.9024943310657596,442.63007,0.0018019276903942227
2.9257142857142857,465.97754,0.001650109188631177
2.948934240362812,478.69037,0.0015096896095201373
2.972154195011338,474.9774,0.0012809770414605737
2.995374149659864,472.7071,0.0011429765727370977
3.01859410430839,481.80154,0.0016228570602834225
3.0418140589569163,508.97046,0.005701770074665546
3.0650340136054424,540.9565,0.009907259605824947
3.0882539682539685,567.087,0.014133414253592491
3.1114739229024946,566.0343,0.016711924225091934
3.1346938775510207,542.8913,0.010257604531943798
3.1579138321995464,515.0194,0.009962862357497215
3.1811337868480725,517.1566,0.015056329779326916
3.2043537414965986,539.97656,0.023705437779426575
3.2275736961451247,562.7032,0.042461659759283066
3.250793650793651,568.6258,0.042049430310726166
3.274013605442177,557.905,0.040329594165086746
3.297233560090703,529.3906,0.01276522409170866
3.320453514739229,485.1291,0.00386948068626225
3.3436734693877552,478.35547,0.006473455112427473
3.3668934240362813,503.29233,0.030096033588051796
3.3901133786848074,541.8486,0.052850302308797836
3.4133333333333336,566.2401,0.05728618800640106
3.4365532879818597,571.7237,0.048651181161403656
3.4597732426303858,556.3133,0.05524838715791702
3.4829931972789114,525.7083,0.022020259872078896
3.5062131519274375,498.6033,0.012504721991717815
3.5294331065759637,500.1552,0.021670345216989517
3.5526530612244898,527.32385,0.03834114223718643
3.575873015873016,555.78705,0.05767432600259781
3.599092970521542,569.4039,0.04839937388896942
3.622312925170068,566.5772,0.05788201093673706
3.645532879818594,547.7744,0.034248754382133484
3.6687528344671203,511.9187,0.02283334918320179
3.6919727891156464,499.78848,0.022236280143260956
3.7151927437641725,516.8193,0.043394338339567184
3.7384126984126986,547.882,0.05791688710451126
3.7616326530612247,568.14294,0.05398067831993103
3.784852607709751,573.83295,0.0437723845243454
3.8080725623582765,561.20593,0.06314259022474289
3.8312925170068026,533.58466,0.03066101297736168
3.8545124716553287,515.34796,0.03924597054719925
3.877732426303855,527.27924,0.05001189932227135
3.900952380952381,551.1737,0.06525638699531555
3.924172335600907,563.6475,0.07341916859149933
3.947392290249433,559.7813,0.0520608052611351
3.9706122448979593,531.9123,0.01068697776645422
3.9938321995464854,485.41904,0.0035159874241799116
4.017052154195011,431.76965,0.0024446360766887665
4.040272108843538,414.9979,0.0017873620381578803
4.063492063492063,412.56784,0.0015821987763047218
4.08671201814059,413.52786,0.0014393769670277834
4.1099319727891155,406.64914,0.0013410703977569938
4.133151927437642,395.55707,0.0012688260758295655
4.156371882086168,387.4056,0.0010910590644925833
4.179591836734694,387.47507,0.0011257452424615622
4.20281179138322,396.80652,0.0015111106913536787
4.2260317460317465,410.0491,0.0019964445382356644
4.249251700680272,418.4783,0.0021547721698880196
4.272471655328799,412.26004,0.0019319627899676561
4.295691609977324,393.56818,0.0016386201605200768
4.31891156462585,369.00146,0.001973756356164813
4.342131519274377,369.1174,0.001843766076490283
4.365351473922902,388.7324,0.0014432138996198773
4.388571428571429,414.036,0.0023225508630275726
4.4117913832199545,434.2865,0.002708819694817066
4.435011337868481,434.08597,0.0022631939500570297
4.458231292517007,411.78632,0.0019439896568655968
4.481451247165533,383.32275,0.0016381187597289681
4.504671201814059,373.31128,0.0018578176386654377
4.527891156462585,380.39,0.0013337648706510663
4.551111111111111,397.96222,0.0015633240109309554
4.574331065759638,418.38663,0.001849252381362021
4.597551020408163,426.20953,0.0018271401058882475
4.62077097505669,416.8483,0.001642491202801466
4.6439909297052155,393.0191,0.0013858978636562824
4.667210884353741,372.62268,0.001582644646987319
4.690430839002268,374.4771,0.0014322125352919102
4.713650793650793,391.68338,0.001313912682235241
4.73687074829932,414.89276,0.001838534721173346
4.760090702947846,428.1726,0.001982486341148615
4.783310657596372,422.2596,0.0016777529381215572
4.806530612244898,393.54544,0.0013286368921399117
4.829750566893424,370.55304,0.001498537603765726
4.85297052154195,377.41373,0.001085830619558692
4.876190476190477,396.77435,0.0011844844557344913
4.899410430839002,420.5471,0.0014949270989745855
4.922630385487529,423.75464,0.00140623957850039
4.9458503401360545,403.2416,0.0011779849883168936
4.96907029478458,376.27274,0.001060948707163334
4.992290249433107,346.95428,0.0006209432613104582
5.015510204081632,328.20557,0.00028146349359303713
5.038730158730159,330.19946,0.0003937930741813034
5.061950113378685,340.75226,0.0006294451886788011
5.085170068027211,346.81454,0.0008062853012233973
5.108390022675737,343.3435,0.0006536775035783648
5.131609977324263,332.19785,0.0002963207953143865
5.154829931972789,320.08063,0.0002441911492496729
5.178049886621316,321.0187,0.0002824087277986109
5.201269841269841,332.90314,0.0005626725032925606
5.224489795918368,349.45743,0.0011029539164155722
5.2477097505668935,356.16806,0.0011939764954149723
5.27092970521542,350.30637,0.0008978532860055566
5.294149659863946,332.6599,0.0003268493164796382
5.317369614512471,310.7509,0.00026841979706659913
5.340589569160998,309.6774,0.0002393000468146056
5.363809523809524,324.02032,0.00034101458732038736
5.38702947845805,339.9539,0.0007295969990082085
5.410249433106576,353.30692,0.0010750478832051158
5.433469387755102,353.85184,0.000969705346506089
5.456689342403628,340.7794,0.000547142350114882
5.479909297052155,322.13464,0.000232047081226483
5.50312925170068,312.06332,0.0002159251889679581
5.526349206349207,321.2806,0.00028900732286274433
5.5495691609977325,336.66238,0.0005782676162198186
5.572789115646259,350.95486,0.000961152371019125
5.596009070294785,356.33676,0.0008818379719741642
5.61922902494331,347.65485,0.0006943800253793597
5.642448979591837,329.27557,0.00023752190463710576
5.6656689342403626,311.11053,0.00022804285981692374
5.688888888888889,316.30957,0.0002288096584379673
5.712108843537415,333.61337,0.0004602189583238214
5.735328798185941,351.05487,0.0008048149175010622
5.758548752834467,361.7012,0.0007790250238031149
5.7817687074829935,356.6127,0.0006322023691609502
5.804988662131519,336.42346,0.00032474854378961027
5.828208616780046,314.99414,0.00018026487668976188
5.851428571428571,316.14822,0.00017986277816817164
5.874648526077098,331.09695,0.00032060439116321504
5.897868480725624,343.6812,0.0005216241115704179
5.92108843537415,349.97418,0.0005495203076861799
5.944308390022676,342.28992,0.00036315195029601455
5.9675283446712015,322.7503,0.00013701088028028607
5.990748299319728,285.37762,0.0002641084720380604
6.013968253968254,261.33432,0.0002214552805526182
6.03718820861678,251.40912,0.00017429649597033858
6.060408163265306,254.57875,0.00017475185450166464
6.0836281179138325,260.59305,0.00014066786388866603
6.106848072562358,263.18533,0.00018391448247712106
6.130068027210885,261.0652,0.00017073095659725368
6.15328798185941,253.67072,0.00013805952039547265
6.176507936507937,250.90735,0.00017119263065978885
6.199727891156463,257.1601,0.00015691036242060363
6.222947845804989,267.23224,0.0002088153560180217
6.246167800453515,275.57852,0.0002199450391344726
6.269387755102041,274.015,0.00023053221229929477
6.292607709750567,263.5914,0.0001760985906003043
6.315827664399093,246.24487,0.00013520894572138786
6.339047619047619,242.57643,0.00018433871446177363
6.362267573696145,248.58334,0.00022897055896464735
6.3854875283446715,261.72937,0.00016936060274019837
6.408707482993197,274.93033,0.0002243611088488251
6.431927437641724,279.703,0.00020770644186995924
6.455147392290249,274.534,0.00019798034918494523
6.478367346938776,261.74045,0.00016401466564275324
6.501587301587302,250.06546,0.00013952903100289404
6.524807256235828,253.24942,0.00016036540910135955
6.548027210884354,263.50058,0.00014062385889701545
6.57124716553288,278.9831,0.00019375496776774526
6.594467120181406,289.27283,0.0001397235901094973
6.617687074829932,287.54227,0.00018347351578995585
6.640907029478458,275.35065,0.000148998704389669
6.664126984126984,257.0406,0.00012961888569407165
6.6873469387755105,249.8158,0.00012728036381304264
6.710566893424036,255.50945,0.00011254299897700548
6.733786848072563,269.67047,0.0001287805353058502
6.757006802721088,283.1387,0.00013075832976028323
6.780226757369615,290.1274,0.00011899850505869836
6.8034467120181406,285.84714,0.00013478862820193172
6.826666666666667,270.27097,0.00011759024346247315
6.849886621315193,256.87543,9.200605563819408e-05
6.873106575963719,254.57584,8.460553362965584e-05
6.896326530612245,264.26675,8.480911492370069e-05
6.9195464852607715,279.5361,0.00011842734238598496
6.942766439909297,292.48557,7.408428791677579e-05
6.965986394557823,285.09238,4.994055052520707e-05
6.989206349206349,0.0,1.85177123057656e-06
7.012426303854875,0.0,8.551187420380302e-07
7.035646258503402,0.0,2.17881279240828e-07
7.058866213151927,0.0,9.056657290784642e-08
7.082086167800454,0.0,1.0592339094728231e-07
7.1053061224489795,0.0,1.173966666101478e-07
7.128526077097506,0.0,2.0370134734548628e-07
7.151746031746032,0.0,1.4663783076684922e-07
7.174965986394558,0.0,9.39235178520903e-08
7.198185941043084,0.0,8.960887498687953e-08
7.2214058956916105,0.0,1.889820850919932e-07
7.244625850340136,0.0,8.1059624790214e-08
7.267845804988662,0.0,4.850153345614672e-08
7.291065759637188,0.0,2.3470420273952186e-08
7.314285714285714,0.0,8.593360689701512e-08
7.337505668934241,0.0,4.7938556235749274e-08
7.360725623582766,0.0,5.593483365373686e-08
7.383945578231293,0.0,6.686605047434568e-08
7.4071655328798185,0.0,1.8054470274364576e-07
7.430385487528345,0.0,5.0547896535135806e-08
7.453605442176871,0.0,4.646790330298245e-08
7.476825396825397,0.0,1.2343934940872714e-07
7.500045351473923,0.0,7.283324521267787e-08
7.5232653061224495,0.0,5.075344233773649e-08
7.546485260770975,0.0,5.035144567955285e-08
7.569705215419502,0.0,5.612218956230208e-08
7.592925170068027,0.0,4.018420440843329e-08
7.616145124716553,0.0,9.645191312301904e-08
7.63936507936508,0.0,6.912523531354964e-08
7.662585034013605,0.0,5.431593308458105e-08
7.685804988662132,0.0,3.6425262806005776e-08
7.7090249433106575,0.0,6.285881681833416e-08
7.732244897959184,0.0,9.434734238311648e-08
7.75546485260771,0.0,5.124275048729032e-08
7.778684807256236,0.0,4.2590727389324456e-08
7.801904761904762,0.0,4.907178663415834e-08
7.8251247165532885,0.0,3.6779056244995445e-08
7.848344671201814,0.0,2.271372068207711e-08
7.871564625850341,0.0,2.7036548999603838e-08
7.894784580498866,0.0,3.927470970666036e-08
7.918004535147393,0.0,2.0170773495920002e-08
7.9412244897959186,0.0,5.2678842621389776e-08
7.964444444444444,0.0,1.3306089385878295e-07
7.987664399092971,0.0,9.166160452878103e-08
8.010884353741497,0.0,1.4026136341271922e-07
8.034104308390022,0.0,1.0206440492765978e-07
