0.0,0.0,1.0429175745230168e-08
0.023219954648526078,0.0,1.2055352272000164e-08
0.046439909297052155,0.0,7.883500074967742e-09
0.06965986394557823,0.0,8.274582796730101e-09
0.09287981859410431,0.0,9.621544450055808e-09
0.11609977324263039,0.0,1.1446900316514075e-08
0.13931972789115646,0.0,9.87074599834159e-09
0.16253968253968254,0.0,1.0100848157890141e-08
0.18575963718820862,0.0,1.5575096767861396e-08
0.2089795918367347,0.0,1.0483745427336544e-08
0.23219954648526078,0.0,1.0172698239330202e-08
0.25541950113378686,0.0,6.586560630239546e-09
0.2786394557823129,0.0,1.5264049579855055e-08
0.301859410430839,0.0,1.413649442838505e-06
0.3250793650793651,0.0,4.739513315143995e-06
0.3482993197278912,0.0,6.965174179640599e-06
0.37151927437641724,0.0,6.783521712350193e-06
0.3947392290249433,0.0,5.448025149235036e-06
0.4179591836734694,0.0,6.0505562942125835e-06
0.44117913832199546,0.0,7.70902079239022e-06
0.46439909297052157,339.81418,1.3654519534611609e-05
0.4876190476190476,353.01505,2.9021794034633785e-05
0.5108390022675737,359.47107,5.630431405734271e-05
0.5340589569160998,362.83542,7.767197530483827e-05
0.5572789115646258,357.46115,6.51798618491739e-05
0.5804988662131519,339.90607,5.968445839243941e-05
0.603718820861678,334.32745,7.381696195807308e-05
0.626938775510204,347.91003,0.00013540234067477286
0.6501587301587302,365.95023,0.0002493288484402001
0.6733786848072563,378.6199,0.0002864508714992553
0.6965986394557824,375.65042,0.0002384257095400244
0.7198185941043084,359.5439,0.00011558113328646868
0.7430385487528345,329.77496,0.00010624956485116854
0.7662585034013606,327.82907,0.00011676174472086132
0.7894784580498866,341.66275,0.00015780290414113551
0.8126984126984127,362.4791,0.00031511299312114716
0.8359183673469388,377.20502,0.0003100931062363088
0.8591383219954649,373.62082,0.00020353711443021894
0.8823582766439909,352.47784,9.347937884740531e-05
0.905578231292517,321.0997,7.895475573604926e-05
0.9287981859410431,330.99292,0.00010271315113641322
0.9520181405895691,352.14502,0.00015880381397437304
0.9752380952380952,371.5222,0.00023821638023946434
0.9984580498866213,378.49347,0.00020651657541748136
1.0216780045351475,363.23068,0.00012450877693481743
1.0448979591836736,327.08957,9.816755482461303e-05
1.0681179138321997,318.43958,0.00011796061880886555
1.0913378684807256,331.50406,0.00015291670570150018
1.1145578231292517,356.27444,0.0002450617612339556
1.1377777777777778,374.9458,0.0003552738344296813
1.1609977324263039,382.68152,0.00032923431717790663
1.18421768707483,367.22354,0.000245524977799505
1.207437641723356,349.97885,0.00017273284902330488
1.2306575963718822,351.95825,0.00021728624415118247
1.253877551020408,364.2431,0.00023609038908034563
1.2770975056689342,386.88492,0.00026909905136562884
1.3003174603174603,403.42865,0.00023277424043044448
1.3235374149659864,419.9009,7.601253309985623e-05
1.3467573696145125,444.3766,4.447185347089544e-05
1.3699773242630386,460.46405,6.543251220136881e-05
1.3931972789115648,456.82,9.69564716797322e-05
1.4164172335600906,442.11038,0.00029208220075815916
1.4396371882086167,417.42194,0.0006763677811250091
1.4628571428571429,407.8592,0.0007616308284923434
1.486077097505669,416.91187,0.0004376766155473888
1.509297052154195,442.55414,0.0002042963169515133
1.5325170068027212,469.97775,0.0002911057381425053
1.5557369614512473,475.61212,0.0003416617983020842
1.5789569160997732,453.8647,0.0007623442215844989
1.6021768707482993,418.24066,0.0012335933279246092
1.6253968253968254,404.95007,0.0012949755182489753
1.6486167800453515,416.67474,0.0006514678825624287
1.6718367346938776,444.34558,0.00026286946376785636
1.6950566893424037,467.714,0.0003336169756948948
1.7182766439909298,474.0059,0.0003779960097745061
1.7414965986394557,455.26477,0.0006582651985809207
1.7647165532879818,426.08823,0.0012867997866123915
1.787936507936508,414.36203,0.0011353681329637766
1.811156462585034,424.15814,0.0005589993670582771
1.8343764172335602,447.1271,0.0002488828031346202
1.8575963718820863,468.60443,0.00030672887805849314
1.8808163265306124,473.64243,0.0003468970535323024
1.9040362811791383,452.22134,0.0007465825183317065
1.9272562358276644,426.3889,0.001406530267558992
1.9504761904761905,412.50073,0.0013422181364148855
1.9736961451247166,419.67307,0.0006098081939853728
1.9969160997732427,444.68927,0.00022906062076799572
2.020136054421769,471.34116,0.0002979393466375768
2.043356009070295,475.98163,0.00034042162587866187
2.066575963718821,452.82272,0.0007734498358331621
2.089795918367347,426.93503,0.001249285414814949
2.1130158730158732,419.94016,0.0007949969731271267
2.1362358276643993,434.90286,0.0003595155430957675
2.159455782312925,462.02383,0.0002765340032055974
2.182675736961451,492.9902,0.000496698310598731
2.2058956916099772,501.6623,0.0005361107178032398
2.2291156462585033,497.48987,0.00047798571176826954
2.2523356009070294,485.53717,0.00025081358035095036
2.2755555555555556,474.8577,0.00019587663700804114
2.2987755102040817,483.67825,0.0002199009177275002
2.3219954648526078,506.6408,0.0002885771682485938
2.345215419501134,535.5868,0.00036478854599408805
2.36843537414966,549.176,0.0004229832557030022
2.391655328798186,532.33215,0.00035865799873135984
2.414875283446712,501.34442,0.0003929328522644937
2.4380952380952383,491.69223,0.0003231073496863246
2.4613151927437644,499.7678,0.0003697038337122649
2.48453514739229,534.2415,0.0006595118902623653
2.507755102040816,562.1734,0.0014286967925727367
2.5309750566893423,568.33563,0.0015175691805779934
2.5541950113378684,540.82275,0.0006170925335027277
2.5774149659863945,482.15674,0.000359850178938359
2.6006349206349206,467.75403,0.0003366731107234955
2.6238548752834467,484.7871,0.00047227361937984824
2.647074829931973,527.0198,0.0008080718107521534
2.670294784580499,559.8518,0.0017065732972696424
2.693514739229025,575.2627,0.0016721052816137671
2.716734693877551,556.3024,0.001324620796367526
2.7399546485260773,520.72284,0.0005753675359301269
2.7631746031746034,482.72937,0.0004355753189884126
2.7863945578231295,480.34265,0.0004560610104817897
2.809614512471655,499.83554,0.0005676749278791249
2.8328344671201813,537.6925,0.0010190886678174138
2.8560544217687074,563.66156,0.0019116748590022326
2.8792743764172335,563.17566,0.0017690379172563553
2.9024943310657596,536.749,0.0006291538011282682
2.9257142857142857,492.3533,0.0005786230321973562
2.948934240362812,480.45447,0.00042117631528526545
2.972154195011338,492.83633,0.0005135813262313604
2.995374149659864,529.9954,0.0009310333989560604
3.01859410430839,555.88654,0.0018346622819080949
3.0418140589569163,558.0333,0.0014907754957675934
3.0650340136054424,533.3028,0.0007990575395524502
3.0882539682539685,493.99167,0.0008131859358400106
3.1114739229024946,485.74155,0.0007238117977976799
3.1346938775510207,509.16312,0.0009015161194838583
3.1579138321995464,562.6086,0.0018342474941164255
3.1811337868480725,619.9884,0.004534096922725439
3.2043537414965986,661.7009,0.007905354723334312
3.2275736961451247,675.7851,0.009707259945571423
3.250793650793651,669.74475,0.006970835849642754
3.274013605442177,671.9398,0.007199634797871113
3.297233560090703,696.3419,0.00925295241177082
3.320453514739229,738.14996,0.015891417860984802
3.3436734693877552,771.2542,0.0234665647149086
3.3668934240362813,772.1581,0.019857943058013916
3.3901133786848074,725.60333,0.01485860999673605
3.4133333333333336,667.6905,0.01145215518772602
3.4365532879818597,656.372,0.012453829869627953
3.4597732426303858,689.02405,0.022133801132440567
3.4829931972789114,733.69354,0.035458728671073914
3.5062131519274375,762.2095,0.041407763957977295
3.5294331065759637,761.697,0.037072405219078064
3.5526530612244898,726.7027,0.029590390622615814
3.575873015873016,669.4041,0.024706685915589333
3.599092970521542,646.25037,0.024019557982683182
3.622312925170068,668.73425,0.03316866606473923
3.645532879818594,714.3288,0.04415019601583481
3.6687528344671203,754.7736,0.04860202968120575
3.6919727891156464,768.20544,0.04626362770795822
3.7151927437641725,749.2178,0.032377343624830246
3.7384126984126986,691.1048,0.021787388250231743
3.7616326530612247,655.2475,0.021571092307567596
3.784852607709751,668.8941,0.028911292552947998
3.8080725623582765,711.7493,0.04081843048334122
3.8312925170068026,752.8538,0.04763543978333473
3.8545124716553287,772.72534,0.047456976026296616
3.877732426303855,757.0249,0.0338163860142231
3.900952380952381,702.4687,0.022655222564935684
3.924172335600907,654.19617,0.021549362689256668
3.947392290249433,657.1805,0.026961803436279297
3.9706122448979593,697.6326,0.04010021686553955
3.9938321995464854,744.4923,0.04762687534093857
4.017052154195011,768.1549,0.04670272767543793
4.040272108843538,756.43787,0.03543224185705185
4.063492063492063,710.77136,0.021777193993330002
4.08671201814059,667.48254,0.023893479257822037
4.1099319727891155,677.8758,0.028740067034959793
4.133151927437642,720.70166,0.04257294163107872
4.156371882086168,760.61163,0.04293261840939522
4.179591836734694,776.02344,0.03590383753180504
4.20281179138322,749.6836,0.024643409997224808
4.2260317460317465,691.6998,0.003188004717230797
4.249251700680272,536.97766,0.001043027499690652
4.272471655328799,526.3808,0.0007935111643746495
4.295691609977324,535.4457,0.0006531652761623263
4.31891156462585,543.2265,0.0005235105054453015
4.342131519274377,537.6685,0.00037858053110539913
4.365351473922902,518.0083,0.0003656301414594054
4.388571428571429,502.78302,0.0002802065573632717
4.4117913832199545,499.8847,0.00028516462771221995
4.435011337868481,514.5275,0.00048783887177705765
4.458231292517007,544.78156,0.0010002091294154525
4.481451247165533,554.1164,0.0014140158891677856
4.504671201814059,544.29034,0.0007612495683133602
4.527891156462585,506.6013,0.0004999251686967909
4.551111111111111,476.14886,0.0002928850590251386
4.574331065759638,473.53345,0.0002942322171293199
4.597551020408163,494.52695,0.000381706835469231
4.62077097505669,533.63464,0.0008402266539633274
4.6439909297052155,558.11646,0.001647408353164792
4.667210884353741,560.0699,0.0014838646166026592
4.690430839002268,537.2676,0.0005693113780580461
4.713650793650793,492.44208,0.0003899043658748269
4.73687074829932,471.0549,0.0003425822942517698
4.760090702947846,480.5207,0.00039130894583649933
4.783310657596372,509.62036,0.0007058900082483888
4.806530612244898,550.7606,0.001447893911972642
4.829750566893424,577.7386,0.0013781825546175241
4.85297052154195,563.8719,0.0013744364259764552
4.876190476190477,531.6503,0.0006114902207627892
4.899410430839002,485.4325,0.00035223382292315364
4.922630385487529,474.31528,0.0003703113179653883
4.9458503401360545,499.37625,0.0006663030944764614
4.96907029478458,535.2471,0.001097815576940775
4.992290249433107,563.9773,0.001654125051572919
5.015510204081632,559.84625,0.0013081457000225782
5.038730158730159,528.73425,0.0005933590582571924
5.061950113378685,479.4174,0.00040040627936832607
5.085170068027211,475.80203,0.0003022867313120514
5.108390022675737,487.22906,0.00028536125319078565
5.131609977324263,489.5032,0.0002456584479659796
5.154829931972789,472.83142,0.00023017401690594852
5.178049886621316,446.702,0.00046110793482512236
5.201269841269841,430.95654,0.00043943204218521714
5.224489795918368,436.29636,0.00021950522204861045
5.2477097505668935,453.76462,0.00011517987150000408
5.27092970521542,462.6575,0.00013182422844693065
5.294149659863946,460.40674,0.00016810795932542533
5.317369614512471,443.1685,0.0004219005350023508
5.340589569160998,423.3632,0.0005505929584614933
5.363809523809524,423.05862,0.0004299193387851119
5.38702947845805,436.72806,0.00028663891134783626
5.410249433106576,463.47794,0.00020229059737175703
5.433469387755102,478.4426,0.000245544477365911
5.456689342403628,472.39633,0.00031241989927366376
5.479909297052155,442.1687,0.0009779820684343576
5.50312925170068,412.5687,0.0014929483877494931
5.526349206349207,406.38205,0.001237889751791954
5.5495691609977325,415.99182,0.000529543380253017
5.572789115646259,445.95697,0.0002246050862595439
5.596009070294785,468.12277,0.00018862803699448705
5.61922902494331,472.15024,0.00024824851425364614
5.642448979591837,454.10992,0.0005327279795892537
5.6656689342403626,425.75198,0.0012417016550898552
5.688888888888889,409.17715,0.0013944446109235287
5.712108843537415,411.79733,0.0008245782228186727
5.735328798185941,433.7804,0.00030623195925727487
5.758548752834467,466.28217,0.00020858549396507442
5.7817687074829935,485.6943,0.0002377121418248862
5.804988662131519,478.08612,0.0002615545236039907
5.828208616780046,445.18262,0.000795552390627563
5.851428571428571,414.33472,0.0010540835792198777
5.874648526077098,409.75348,0.000811104429885745
5.897868480725624,423.18658,0.00031908717937767506
5.92108843537415,455.96814,0.00012578153109643608
5.944308390022676,479.1354,0.00012223894009366632
5.9675283446712015,481.46756,0.00012995852739550173
5.990748299319728,463.731,0.00021343555999919772
6.013968253968254,437.18643,0.00047786490176804364
6.03718820861678,429.52032,0.0004420416080392897
6.060408163265306,436.70972,0.0002499083348084241
6.0836281179138325,455.83606,0.00010905430826824158
6.106848072562358,467.73456,9.317891090177e-05
6.130068027210885,459.7174,0.00018632228602655232
6.15328798185941,420.94373,0.0005107742035761476
6.176507936507937,380.0732,0.00019252172205597162
6.199727891156463,352.87137,9.618212789064273e-05
6.222947845804989,351.2043,7.596614887006581e-05
6.246167800453515,359.09332,8.623003668617457e-05
6.269387755102041,366.42178,9.043129102792591e-05
6.292607709750567,366.47617,7.623734563821927e-05
6.315827664399093,354.97983,5.859027078258805e-05
6.339047619047619,335.10568,5.117029286338948e-05
6.362267573696145,324.61438,4.3693988118320704e-05
6.3854875283446715,331.21494,6.509874947369099e-05
6.408707482993197,348.72827,0.00011231101962039247
6.431927437641724,367.25302,0.00016918742039706558
6.455147392290249,374.14847,0.00018873033695854247
6.478367346938776,364.36548,0.00010437783203087747
6.501587301587302,336.25092,6.634686724282801e-05
6.524807256235828,315.11508,6.11679715802893e-05
6.548027210884354,320.11002,6.0783680964959785e-05
6.57124716553288,338.76093,0.00010091500007547438
6.594467120181406,365.10965,0.0001722826564218849
6.617687074829932,378.65442,0.00019876222359016538
6.640907029478458,372.6117,0.0001343524781987071
6.664126984126984,348.86847,8.03239963715896e-05
6.6873469387755105,323.73233,5.6648805184522644e-05
6.710566893424036,321.12436,6.062090687919408e-05
6.733786848072563,336.33984,8.968685870058835e-05
6.757006802721088,360.89087,0.00016595516353845596
6.780226757369615,382.2637,0.00020646161283366382
6.8034467120181406,384.78067,0.00019001732289325446
6.826666666666667,368.12982,0.00010969501454383135
6.849886621315193,325.88837,6.478447176050395e-05
6.873106575963719,309.53607,6.100928658270277e-05
6.896326530612245,317.23233,5.88505863561295e-05
6.9195464852607715,346.37933,9.594915172783658e-05
6.942766439909297,374.27316,0.00016986546688713133
6.965986394557823,381.04663,0.00016185150889214128
6.989206349206349,365.76837,8.789054118096828e-05
7.012426303854875,322.2443,6.044674591976218e-05
7.035646258503402,305.7211,6.004414171911776e-05
7.058866213151927,311.85013,5.416695785243064e-05
7.082086167800454,334.70126,7.05102356732823e-05
7.1053061224489795,365.6945,0.00013608112931251526
7.128526077097506,380.97263,0.0001652026257943362
7.151746031746032,377.83646,0.00013212626799941063
7.174965986394558,354.12555,6.439522985601798e-05
7.198185941043084,318.57986,4.977582284482196e-05
7.2214058956916105,315.44553,4.717259798781015e-05
7.244625850340136,336.54526,6.796994421165437e-05
7.267845804988662,367.3206,0.00013869398389942944
7.291065759637188,384.1618,0.0001502924133092165
7.314285714285714,384.13312,0.00013598991790786386
7.337505668934241,365.33957,7.317492418223992e-05
7.360725623582766,334.44656,4.8530855565331876e-05
7.383945578231293,319.31418,4.7380617615999654e-05
7.4071655328798185,334.75635,6.400026904884726e-05
7.430385487528345,366.1251,9.558496822137386e-05
7.453605442176871,385.11282,2.7926296752411872e-05
7.476825396825397,0.0,3.5221273719798774e-07
7.500045351473923,0.0,1.923217496369034e-08
7.5232653061224495,0.0,1.074022293323651e-08
7.546485260770975,0.0,6.957634468562901e-09
7.569705215419502,0.0,1.6599187802057713e-08
7.592925170068027,0.0,1.1018528311979026e-08
7.616145124716553,0.0,9.801624401006848e-09
7.63936507936508,0.0,1.1911652109120041e-08
7.662585034013605,0.0,1.178068487206474e-08
7.685804988662132,0.0,6.909431249368936e-09
7.7090249433106575,0.0,1.2953933037351817e-08
7.732244897959184,0.0,1.5481418813578784e-08
7.75546485260771,0.0,8.869392331689596e-09
7.778684807256236,0.0,7.989910955075175e-09
7.801904761904762,0.0,7.286871550604701e-09
7.8251247165532885,0.0,8.612005331087857e-09
7.848344671201814,0.0,1.1621523299254477e-08
7.871564625850341,0.0,1.0225448932033032e-08
7.894784580498866,0.0,1.1365045793354511e-08
7.918004535147393,0.0,1.9568688003346324e-08
7.9412244897959186,0.0,1.3684257282875478e-08
7.964444444444444,0.0,9.410541679244488e-09
7.987664399092971,0.0,1.0564690455794334e-08
8.010884353741497,0.0,1.3457793102134019e-08
8.034104308390022,0.0,1.956414052983746e-08
8.057324263038549,0.0,2.123488229699433e-08
8.080544217687075,0.0,2.8994691092520952e-08
8.103764172335602,0.0,1.3136741472408175e-08
8.126984126984127,0.0,7.54425855120644e-09
8.150204081632653,0.0,1.4497345546260476e-08
