0.0,0.0,1.5903424355201423e-07
0.023219954648526078,0.0,8.062215783866122e-08
0.046439909297052155,0.0,3.4869117371272296e-08
0.06965986394557823,0.0,2.7491569198900834e-07
0.09287981859410431,0.0,4.015792001155205e-07
0.11609977324263039,0.0,1.9455364963505417e-07
0.13931972789115646,0.0,6.140908226370811e-08
0.16253968253968254,0.0,2.9029615689069033e-07
0.18575963718820862,0.0,2.9243165045045316e-07
0.2089795918367347,0.0,7.88995748735033e-08
0.23219954648526078,0.0,4.4469743443187326e-08
0.25541950113378686,0.0,7.586550054838881e-08
0.2786394557823129,0.0,7.722792361164466e-08
0.301859410430839,0.0,1.1470729077700526e-07
0.3250793650793651,0.0,2.0649440557463095e-07
0.3482993197278912,0.0,2.2644599084742367e-07
0.37151927437641724,0.0,1.9328126654727384e-07
0.3947392290249433,0.0,1.5704881661804393e-07
0.4179591836734694,0.0,6.183745426824316e-08
0.44117913832199546,0.0,4.9780283006839454e-08
0.46439909297052157,0.0,1.290982254431583e-07
0.4876190476190476,0.0,2.499255060683936e-07
0.5108390022675737,0.0,2.875958671211265e-07
0.5340589569160998,0.0,5.7669240050017834e-08
0.5572789115646258,0.0,1.6676949599059299e-07
0.5804988662131519,0.0,5.55774022359401e-08
0.603718820861678,0.0,2.3440315999323502e-07
0.626938775510204,0.0,4.062803782289848e-08
0.6501587301587302,0.0,4.1030943975783885e-08
0.6733786848072563,0.0,3.120476321782917e-08
0.6965986394557824,0.0,6.32708179182373e-08
0.7198185941043084,0.0,1.034713932313025e-07
0.7430385487528345,0.0,1.6886042430996895e-07
0.7662585034013606,0.0,2.1587402443401515e-07
0.7894784580498866,0.0,2.827346179401502e-08
0.8126984126984127,0.0,2.194638000219129e-07
0.8359183673469388,0.0,1.991520548472181e-07
0.8591383219954649,0.0,1.4478337106993422e-07
0.8823582766439909,0.0,3.454442776273936e-08
0.905578231292517,0.0,1.3380940799834207e-07
0.9287981859410431,0.0,9.142513590632007e-08
0.9520181405895691,0.0,5.079582479083911e-06
0.9752380952380952,329.60495,0.00023421218793373555
0.9984580498866213,326.2156,0.00043807452311739326
1.0216780045351475,325.80405,0.0005169821670278907
1.0448979591836736,319.47083,0.0005340845673345029
1.0681179138321997,317.68365,0.0006777645903639495
1.0913378684807256,324.79376,0.0008929913747124374
1.1145578231292517,333.91702,0.001040519680827856
1.1377777777777778,344.20758,0.001307353493757546
1.1609977324263039,345.50977,0.0013931288849562407
1.18421768707483,343.79996,0.0013939696364104748
1.207437641723356,341.927,0.0014111441560089588
1.2306575963718822,341.21268,0.001598602393642068
1.253877551020408,344.57877,0.002230163896456361
1.2770975056689342,348.57336,0.002646395470947027
1.3003174603174603,347.82132,0.002940487815067172
1.3235374149659864,348.42572,0.0032456908375024796
1.3467573696145125,348.07733,0.0034101875498890877
1.3699773242630386,348.0132,0.003682283218950033
1.3931972789115648,346.56116,0.0032348381355404854
1.4164172335600906,346.3692,0.0029770508408546448
1.4396371882086167,349.7937,0.002717123832553625
1.4628571428571429,363.1853,0.0016805020859465003
1.486077097505669,382.35046,0.0006962218903936446
1.509297052154195,397.2269,0.0008569587371312082
1.5325170068027212,400.32755,0.0009404501179233193
1.5557369614512473,400.34772,0.0011166727636009455
1.5789569160997732,398.42758,0.0014517826493829489
1.6021768707482993,399.3514,0.0015635370509698987
1.6253968253968254,400.27087,0.0016446090303361416
1.6486167800453515,399.564,0.0017721665790304542
1.6718367346938776,396.79178,0.0019287740578874946
1.6950566893424037,393.8198,0.0020328955724835396
1.7182766439909298,392.55292,0.0020742658525705338
1.7414965986394557,394.53653,0.0022448496893048286
1.7647165532879818,398.97113,0.002293568104505539
1.787936507936508,404.10098,0.002055694814771414
1.811156462585034,408.79523,0.0021287051495164633
1.8343764172335602,408.22748,0.002043074229732156
1.8575963718820863,403.4448,0.001703835790976882
1.8808163265306124,402.315,0.0014300950570032
1.9040362811791383,410.34314,0.001168257324025035
1.9272562358276644,428.46185,0.0010988700669258833
1.9504761904761905,445.77554,0.0013304981403052807
1.9736961451247166,448.0813,0.001503251725807786
1.9969160997732427,444.51813,0.0015123761259019375
2.020136054421769,444.2955,0.0017472794279456139
2.043356009070295,447.75613,0.002157562645152211
2.066575963718821,450.57806,0.0022681718692183495
2.089795918367347,450.532,0.0022422759793698788
2.1130158730158732,446.87146,0.001970537006855011
2.1362358276643993,443.70038,0.0019333141390234232
2.159455782312925,443.6084,0.0022053637076169252
2.182675736961451,446.14035,0.0025613782927393913
2.2058956916099772,449.97702,0.0030593175906687975
2.2291156462585033,452.8813,0.004024683032184839
2.2523356009070294,454.1265,0.004334341734647751
2.2755555555555556,452.51968,0.00409284234046936
2.2987755102040817,449.6654,0.00330746709369123
2.3219954648526078,447.06,0.0028883765917271376
2.345215419501134,449.60226,0.002902810461819172
2.36843537414966,457.33328,0.003848819527775049
2.391655328798186,472.10715,0.003628336125984788
2.414875283446712,482.73044,0.003201500978320837
2.4380952380952383,483.53116,0.003359560389071703
2.4613151927437644,476.50986,0.0034365367610007524
2.48453514739229,472.8861,0.003815061179921031
2.507755102040816,473.63443,0.0040162233635783195
2.5309750566893423,476.2483,0.003836787771433592
2.5541950113378684,479.16003,0.0038108075968921185
2.5774149659863945,477.64853,0.0038258470594882965
2.6006349206349206,472.90268,0.004155139904469252
2.6238548752834467,470.42474,0.004606758244335651
2.647074829931973,470.4422,0.004881865810602903
2.670294784580499,474.13467,0.0046700891107320786
2.693514739229025,477.3335,0.004823728464543819
2.716734693877551,479.46823,0.004940136335790157
2.7399546485260773,480.2417,0.005048427730798721
2.7631746031746034,479.33932,0.004743970464915037
2.7863945578231295,478.58066,0.00420363200828433
2.809614512471655,482.9046,0.003802789142355323
2.8328344671201813,496.32745,0.0044287871569395065
2.8560544217687074,516.7347,0.008007797412574291
2.8792743764172335,535.26575,0.010815916582942009
2.9024943310657596,539.505,0.010678330436348915
2.9257142857142857,530.1186,0.008689971640706062
2.948934240362812,525.448,0.008756035938858986
2.972154195011338,526.71704,0.009862985461950302
2.995374149659864,530.506,0.012498804368078709
3.01859410430839,534.87244,0.015366275794804096
3.0418140589569163,535.8029,0.016277773305773735
3.0650340136054424,535.07166,0.016750913113355637
3.0882539682539685,532.776,0.01733635924756527
3.1114739229024946,532.56824,0.018905365839600563
3.1346938775510207,531.7387,0.020039759576320648
3.1579138321995464,533.68115,0.023958683013916016
3.1811337868480725,536.1169,0.027151864022016525
3.2043537414965986,536.20306,0.025456447154283524
3.2275736961451247,535.0095,0.02381930872797966
3.250793650793651,534.5653,0.02218136563897133
3.274013605442177,540.5983,0.018532168120145798
3.297233560090703,560.0054,0.016863487660884857
3.320453514739229,589.1521,0.014301614835858345
3.3436734693877552,612.8341,0.011270496062934399
3.3668934240362813,613.5899,0.014712054282426834
3.3901133786848074,600.41644,0.017224133014678955
3.4133333333333336,588.05365,0.017325565218925476
3.4365532879818597,582.4421,0.018689148128032684
3.4597732426303858,580.22974,0.021563932299613953
3.4829931972789114,586.47644,0.021615905687212944
3.5062131519274375,590.49445,0.023601986467838287
3.5294331065759637,593.5287,0.026285115629434586
3.5526530612244898,594.9327,0.027755919843912125
3.575873015873016,598.4756,0.028125548735260963
3.599092970521542,605.3591,0.026095513254404068
3.622312925170068,611.4486,0.026084601879119873
3.645532879818594,610.07635,0.02788553200662136
3.6687528344671203,604.22345,0.023940816521644592
3.6919727891156464,606.95264,0.019519638270139694
3.7151927437641725,615.2596,0.014351380988955498
3.7384126984126986,627.14716,0.008022472262382507
3.7616326530612247,653.1334,0.00905115157365799
3.784852607709751,678.8901,0.009028879925608635
3.8080725623582765,689.52997,0.01229289174079895
3.8312925170068026,686.84924,0.015415733680129051
3.8545124716553287,677.5616,0.020842716097831726
3.877732426303855,671.4798,0.026802320033311844
3.900952380952381,667.90936,0.03209603577852249
3.924172335600907,668.63855,0.03207378089427948
3.947392290249433,670.4053,0.033894047141075134
3.9706122448979593,674.0105,0.034042008221149445
3.9938321995464854,677.01355,0.0358876958489418
4.017052154195011,679.4571,0.037098102271556854
4.040272108843538,683.79816,0.040552109479904175
4.063492063492063,687.5063,0.043941594660282135
4.08671201814059,686.9538,0.047152865678071976
4.1099319727891155,686.5937,0.04750733822584152
4.133151927437642,682.36316,0.04549574851989746
4.156371882086168,679.2316,0.04543948918581009
4.179591836734694,681.00366,0.04161735996603966
4.20281179138322,690.2678,0.04205846041440964
4.2260317460317465,706.8253,0.055276572704315186
4.249251700680272,722.68024,0.06313125789165497
4.272471655328799,723.4728,0.06951209902763367
4.295691609977324,712.2181,0.07657329738140106
4.31891156462585,704.2229,0.0718337744474411
4.342131519274377,703.34296,0.07987792044878006
4.365351473922902,706.90704,0.09026223421096802
4.388571428571429,713.6175,0.10976015031337738
4.4117913832199545,718.4975,0.11554182320833206
4.435011337868481,721.33594,0.12254701554775238
4.458231292517007,721.52484,0.13062375783920288
4.481451247165533,718.336,0.1350669264793396
4.504671201814059,715.04266,0.13282889127731323
4.527891156462585,712.35333,0.13113123178482056
4.551111111111111,714.14465,0.1397293359041214
4.574331065759638,719.07794,0.15351024270057678
4.597551020408163,723.1965,0.13970986008644104
4.62077097505669,725.1601,0.11790461838245392
4.6439909297052155,728.9063,0.08168771117925644
4.667210884353741,743.3198,0.03756118565797806
4.690430839002268,773.5203,0.018442776054143906
4.713650793650793,802.396,0.015992339700460434
4.73687074829932,815.6422,0.015336776152253151
4.760090702947846,806.94495,0.021800033748149872
4.783310657596372,791.9378,0.03160855174064636
4.806530612244898,782.85205,0.03411313518881798
4.829750566893424,783.05414,0.03535546362400055
4.85297052154195,790.252,0.036147505044937134
4.876190476190477,794.1462,0.03584447130560875
4.899410430839002,792.22003,0.03865877911448479
4.922630385487529,788.69086,0.03834451735019684
4.9458503401360545,786.3438,0.039003804326057434
4.96907029478458,785.8777,0.041832733899354935
4.992290249433107,785.67896,0.04118265211582184
5.015510204081632,785.8683,0.04023981839418411
5.038730158730159,787.4652,0.040167175233364105
5.061950113378685,788.5692,0.03956857696175575
5.085170068027211,792.26874,0.03598494082689285
5.108390022675737,796.24194,0.03312404453754425
5.131609977324263,793.9756,0.030835863202810287
5.154829931972789,779.52905,0.032676488161087036
5.178049886621316,738.42786,0.08113189041614532
5.201269841269841,697.5128,0.07212398946285248
5.224489795918368,681.77344,0.06711854040622711
5.2477097505668935,686.07666,0.05854275822639465
5.27092970521542,698.85974,0.05990365892648697
5.294149659863946,708.1256,0.06191461160778999
5.317369614512471,708.06134,0.06074812263250351
5.340589569160998,701.5121,0.05876792222261429
5.363809523809524,697.34607,0.05720999836921692
5.38702947845805,695.10956,0.056014008820056915
5.410249433106576,695.9741,0.05979935824871063
5.433469387755102,700.9914,0.06386473029851913
5.456689342403628,702.6015,0.0681280642747879
5.479909297052155,704.14825,0.0685034990310669
5.50312925170068,703.1453,0.06825414299964905
5.526349206349207,705.58435,0.07549047470092773
5.5495691609977325,709.63605,0.07990694046020508
5.572789115646259,710.4914,0.0783042162656784
5.596009070294785,702.87897,0.05653616040945053
5.61922902494331,686.20825,0.044715091586112976
5.642448979591837,668.8698,0.048707325011491776
5.6656689342403626,662.711,0.04510093480348587
5.688888888888889,658.74316,0.04094558209180832
5.712108843537415,655.4795,0.04044181853532791
5.735328798185941,653.1366,0.03990837186574936
5.758548752834467,653.7551,0.0377279594540596
5.7817687074829935,657.79877,0.034976329654455185
5.804988662131519,665.13446,0.031805433332920074
5.828208616780046,665.4911,0.03045804053544998
5.851428571428571,659.55725,0.02994558960199356
5.874648526077098,655.9746,0.03008582815527916
5.897868480725624,651.69586,0.02904285490512848
5.92108843537415,649.21375,0.029565339908003807
5.944308390022676,649.053,0.030326373875141144
5.9675283446712015,650.37317,0.0318494588136673
5.990748299319728,656.3629,0.031763918697834015
6.013968253968254,662.851,0.028701867908239365
6.03718820861678,665.6301,0.025526195764541626
6.060408163265306,663.0037,0.022812731564044952
6.0836281179138325,648.19507,0.019889360293745995
6.106848072562358,617.6414,0.01758318766951561
6.130068027210885,588.8946,0.011468639597296715
6.15328798185941,575.62494,0.010943679139018059
6.176507936507937,574.0004,0.012516497634351254
6.199727891156463,577.15875,0.014334425330162048
6.222947845804989,579.7382,0.014494970440864563
6.246167800453515,577.31134,0.016761165112257004
6.269387755102041,574.3715,0.01663649082183838
6.292607709750567,571.1555,0.01651175320148468
6.315827664399093,569.5521,0.017290059477090836
6.339047619047619,570.02905,0.01960333064198494
6.362267573696145,569.67303,0.021802645176649094
6.3854875283446715,571.43463,0.024244777858257294
6.408707482993197,569.7451,0.025396494194865227
6.431927437641724,568.412,0.026681791990995407
6.455147392290249,568.76984,0.02942567691206932
6.478367346938776,570.45514,0.03241275995969772
6.501587301587302,573.43713,0.03464195132255554
6.524807256235828,572.4713,0.033773429691791534
6.548027210884354,567.00385,0.02610134705901146
6.57124716553288,553.34,0.01505319681018591
6.594467120181406,529.79803,0.01002589426934719
6.617687074829932,518.5277,0.009461215697228909
6.640907029478458,518.19025,0.010141612961888313
6.664126984126984,521.863,0.01169636845588684
6.6873469387755105,525.7271,0.012095353566110134
6.710566893424036,523.57886,0.011207741685211658
6.733786848072563,522.69727,0.011047326028347015
6.757006802721088,521.03375,0.010084899142384529
6.780226757369615,518.9841,0.010271543636918068
6.8034467120181406,518.68445,0.01082681491971016
6.826666666666667,518.76294,0.011708595789968967
6.849886621315193,519.5567,0.012065074406564236
6.873106575963719,519.3298,0.012210158631205559
6.896326530612245,517.2348,0.011654777452349663
6.9195464852607715,515.9385,0.012300927191972733
6.942766439909297,516.22253,0.012979095801711082
6.965986394557823,515.94617,0.013488642871379852
6.989206349206349,515.46564,0.013627123087644577
7.012426303854875,511.78497,0.010065020993351936
7.035646258503402,500.89383,0.005035502836108208
7.058866213151927,479.44095,0.0048003485426306725
7.082086167800454,465.8303,0.004780873656272888
7.1053061224489795,465.20566,0.004586401395499706
7.128526077097506,470.4078,0.003831265028566122
7.151746031746032,472.2386,0.0032793532591313124
7.174965986394558,473.94138,0.003190257353708148
7.198185941043084,471.79077,0.0033091299701482058
7.2214058956916105,469.78622,0.0034690070897340775
7.244625850340136,468.51483,0.003782074199989438
7.267845804988662,467.64548,0.004008159507066011
7.291065759637188,467.9656,0.0042441608384251595
7.314285714285714,468.5361,0.004229651764035225
7.337505668934241,469.98505,0.004121786914765835
7.360725623582766,471.48773,0.004074605647474527
7.383945578231293,471.2354,0.004174357280135155
7.4071655328798185,469.46667,0.004428739193826914
7.430385487528345,467.57178,0.004750601015985012
7.453605442176871,470.13663,0.004530667327344418
7.476825396825397,471.79312,0.004402081947773695
7.500045351473923,470.2894,0.004513789899647236
7.5232653061224495,464.98923,0.004256447311490774
7.546485260770975,453.69705,0.0026457509957253933
7.569705215419502,441.63217,0.002030585426837206
7.592925170068027,438.97662,0.001981103792786598
7.616145124716553,442.11655,0.001800162484869361
7.63936507936508,445.54718,0.0019173838663846254
7.662585034013605,445.66934,0.0017775795422494411
7.685804988662132,445.59305,0.0017406928818672895
7.7090249433106575,443.5509,0.0017348536057397723
7.732244897959184,439.15454,0.0016170833259820938
7.75546485260771,436.49692,0.0016368890646845102
7.778684807256236,437.28433,0.0015317113138735294
7.801904761904762,439.54123,0.001451113261282444
7.8251247165532885,441.22833,0.001524005550891161
7.848344671201814,442.79306,0.0016375386621803045
7.871564625850341,442.29715,0.0015511002857238054
7.894784580498866,440.6966,0.0015031170332804322
7.918004535147393,439.70325,0.0014742622151970863
7.9412244897959186,436.01306,0.0014942444395273924
7.964444444444444,428.2507,0.0015933855902403593
7.987664399092971,414.4648,0.0017861423548310995
8.010884353741497,400.48624,0.0017923425184562802
8.034104308390022,394.54688,0.0017315906006842852
8.057324263038549,392.38843,0.0015232069417834282
8.080544217687075,394.04504,0.0014393707970157266
8.103764172335602,396.9698,0.0013903689105063677
8.126984126984127,393.6277,0.0014820406213402748
8.150204081632653,389.44467,0.001451819553039968
8.17342403628118,388.8437,0.0013768947683274746
8.196643990929706,389.85956,0.0014372693840414286
8.219863945578231,391.0046,0.0014487013686448336
8.243083900226758,393.73596,0.0014151500072330236
8.266303854875284,397.10675,0.0014562704600393772
8.289523809523809,397.73068,0.0013811674434691668
8.312743764172335,396.80606,0.0014040445676073432
8.335963718820862,392.7441,0.001494972500950098
8.359183673469389,390.1425,0.001383938011713326
8.382403628117913,390.2712,0.0012437471887096763
8.40562358276644,391.86536,0.0011590216308832169
8.428843537414966,387.34857,0.0012580789625644684
8.452063492063493,375.27762,0.002724812598899007
8.475283446712018,360.62125,0.00399069394916296
8.498503401360544,354.26468,0.0032401978969573975
8.52172335600907,352.96393,0.002532643498852849
8.544943310657597,353.98148,0.0023628922645002604
8.568163265306122,356.3514,0.002388385124504566
8.591383219954649,354.83405,0.002352253533899784
8.614603174603175,351.0573,0.002094519790261984
8.6378231292517,348.13242,0.0019969965796917677
8.661043083900227,348.64993,0.0019002985209226608
8.684263038548753,349.77896,0.001575987320393324
8.70748299319728,353.04825,0.0012802237179130316
8.730702947845804,351.51944,0.000996052986010909
8.753922902494331,345.61444,0.0006882583256810904
8.777142857142858,343.94485,0.00046259062946774065
8.800362811791384,342.05496,0.0002351469884160906
8.823582766439909,348.49655,4.2035215301439166e-05
8.846802721088435,0.0,1.88874764717184e-07
8.870022675736962,0.0,3.956665750592947e-08
8.893242630385489,0.0,4.500270733842626e-08
8.916462585034013,0.0,6.914797268109396e-08
8.93968253968254,0.0,3.781133273150772e-08
8.962902494331066,0.0,2.996603143401444e-08
8.986122448979591,0.0,3.1493073038291186e-08
9.009342403628118,0.0,3.165314410580322e-08
9.032562358276644,0.0,3.675631887745112e-08
9.05578231292517,0.0,3.1284798751585186e-08
9.079002267573696,0.0,1.1713382264133543e-07
9.102222222222222,0.0,1.222988430527039e-07
9.125442176870749,0.0,4.583762347465381e-08
9.148662131519275,0.0,3.368040779605508e-08
9.1718820861678,0.0,4.557296051643789e-08
9.195102040816327,0.0,2.5436747819185257e-08
9.218321995464853,0.0,2.9181137506384403e-08
9.24154195011338,0.0,2.4921064323280007e-08
9.264761904761905,0.0,6.065511115593836e-08
9.287981859410431,0.0,3.753484634216875e-08
9.311201814058958,0.0,4.8637048166710883e-08
9.334421768707482,0.0,7.968174031702802e-08
9.357641723356009,0.0,3.267723513999954e-08
9.380861678004536,0.0,8.050574251683429e-08
9.404081632653062,0.0,6.753634806955233e-08
9.427301587301587,0.0,2.5474037101957947e-08
9.450521541950113,0.0,1.1625161278061569e-08
9.47374149659864,0.0,2.566412149462849e-08
9.496961451247167,0.0,5.111178325023502e-08
9.520181405895691,0.0,1.831540430430323e-08
9.543401360544218,0.0,6.416303222067654e-08
9.566621315192744,0.0,4.4999978854320943e-08
9.58984126984127,0.0,4.204775905236602e-08
9.613061224489796,0.0,2.6166162570007145e-08
9.636281179138322,0.0,1.2735563359456137e-07
9.659501133786849,0.0,7.245216693263501e-08
9.682721088435374,0.0,2.6508132577873766e-08
9.7059410430839,0.0,5.580386641668156e-08
9.729160997732427,0.0,4.3164618546143174e-08
9.752380952380953,0.0,6.089612725190818e-08
9.775600907029478,0.0,1.9523213268257678e-08
9.798820861678005,0.0,8.900315151549876e-08
9.822040816326531,0.0,4.0321538108401e-08
9.845260770975058,0.0,4.8122274165507406e-08
9.868480725623582,0.0,1.849275577114895e-08
9.891700680272109,0.0,1.3123099051881582e-08
9.914920634920636,0.0,1.334956323262304e-08
9.93814058956916,0.0,1.0466465028002858e-08
9.961360544217687,0.0,5.961101123830304e-08
9.984580498866213,0.0,1.6147168935276568e-08
10.00780045351474,0.0,1.2091004464309663e-07
10.031020408163265,0.0,5.3622898121830076e-08
10.054240362811791,0.0,4.482899385038763e-08
10.077460317460318,0.0,2.060187398456037e-08
10.100680272108844,0.0,5.128458724357188e-08
10.12390022675737,0.0,2.3636857804376632e-08
10.147120181405896,0.0,1.8153514247387648e-08
10.170340136054422,0.0,5.407400749390945e-08
10.193560090702949,0.0,1.925673132063821e-08
10.216780045351474,0.0,1.1745942174457014e-07
10.24,0.0,4.902722139377147e-08
10.263219954648527,0.0,5.938909453107044e-08
10.286439909297052,0.0,6.092523108236492e-08
10.309659863945578,0.0,4.5605702325701714e-08
10.332879818594105,0.0,3.682634996948764e-08
10.356099773242631,0.0,1.1979045666521415e-07
10.379319727891156,0.0,7.885955710662529e-08
10.402539682539683,0.0,9.804625733522698e-08
10.425759637188209,0.0,2.6091947802342474e-07
10.448979591836736,0.0,5.636957212118432e-08
10.47219954648526,0.0,5.472975317388773e-08
10.495419501133787,0.0,3.091736289206892e-08
