0.0,0.0,3.427339834161103e-08
0.023219954648526078,0.0,5.0374183047097176e-08
0.046439909297052155,0.0,1.1631982488324866e-07
0.06965986394557823,0.0,6.200389179866761e-08
0.09287981859410431,0.0,6.508980732178316e-08
0.11609977324263039,0.0,1.07795131043531e-07
0.13931972789115646,0.0,6.128811946837232e-08
0.16253968253968254,0.0,4.547655407804996e-08
0.18575963718820862,264.156,1.1358118172211107e-05
0.2089795918367347,275.35275,0.0001252630609087646
0.23219954648526078,266.06885,0.00020456088532228023
0.25541950113378686,260.77808,0.0002575871185399592
0.2786394557823129,258.71042,0.0002856013015843928
0.301859410430839,257.535,0.00031742124701850116
0.3250793650793651,258.40152,0.00038439134368672967
0.3482993197278912,259.44846,0.0004811167891602963
0.37151927437641724,260.13092,0.0005889516323804855
0.3947392290249433,262.6922,0.0007378435111604631
0.4179591836734694,263.3167,0.000800536829046905
0.44117913832199546,261.0047,0.0008316901512444019
0.46439909297052157,259.17444,0.0008387901470996439
0.4876190476190476,255.80908,0.0008111260831356049
0.5108390022675737,254.1232,0.0008754680166020989
0.5340589569160998,254.8656,0.0009588008979335427
0.5572789115646258,256.48212,0.0010824608616530895
0.5804988662131519,259.81836,0.0012088230578228831
0.603718820861678,260.6857,0.001237847376614809
0.626938775510204,260.21445,0.0012228416744619608
0.6501587301587302,260.43,0.0012554822023957968
0.6733786848072563,263.8928,0.0012928784126415849
0.6965986394557824,266.29114,0.0012444491731002927
0.7198185941043084,273.24283,0.0011796692851930857
0.7430385487528345,285.24496,0.0010025787632912397
0.7662585034013606,300.21085,0.0013255639933049679
0.7894784580498866,307.7773,0.001271416898816824
0.8126984126984127,304.95728,0.0010355899576097727
0.8359183673469388,298.31473,0.0009370411280542612
0.8591383219954649,295.55426,0.0009376957314088941
0.8823582766439909,298.10455,0.0011503758141770959
0.905578231292517,302.2892,0.0012809562031179667
0.9287981859410431,303.77066,0.0012769823661074042
0.9520181405895691,302.31784,0.001297948183491826
0.9752380952380952,298.8425,0.0013221276458352804
0.9984580498866213,297.47214,0.0013813039986416698
1.0216780045351475,298.25525,0.0015190797857940197
1.0448979591836736,300.77893,0.0016987823182716966
1.0681179138321997,302.9439,0.001812446629628539
1.0913378684807256,303.42203,0.0017897170037031174
1.1145578231292517,300.44617,0.0017329039983451366
1.1377777777777778,299.90808,0.0017050930764526129
1.1609977324263039,303.8601,0.0016379272565245628
1.18421768707483,312.07083,0.0019224830903112888
1.207437641723356,328.17874,0.002237724605947733
1.2306575963718822,341.5172,0.0021134407725185156
1.253877551020408,340.25348,0.0020810719579458237
1.2770975056689342,336.04224,0.002060647588223219
1.3003174603174603,331.91916,0.0019097947515547276
1.3235374149659864,328.8587,0.0017931207548826933
1.3467573696145125,332.50967,0.0020491788163781166
1.3699773242630386,337.37668,0.002479475922882557
1.3931972789115648,342.26154,0.002878420054912567
1.4164172335600906,342.7739,0.0034051225520670414
1.4396371882086167,342.00314,0.0034483931958675385
1.4628571428571429,336.0084,0.0025929054245352745
1.486077097505669,328.58386,0.0022415979765355587
1.509297052154195,328.78674,0.0023673013783991337
1.5325170068027212,330.6681,0.002580733271315694
1.5557369614512473,332.79678,0.002997413743287325
1.5789569160997732,337.42816,0.003386405296623707
1.6021768707482993,342.37592,0.0031379449646919966
1.6253968253968254,338.93204,0.0027362836990505457
1.6486167800453515,331.89264,0.0021973473485559225
1.6718367346938776,328.67834,0.0020384248346090317
1.6950566893424037,334.72397,0.002742677228525281
1.7182766439909298,351.26096,0.003283145371824503
1.7414965986394557,359.0048,0.004166159313172102
1.7647165532879818,355.63727,0.004141516983509064
1.787936507936508,345.99896,0.0028652206528931856
1.811156462585034,339.24634,0.0027491922955960035
1.8343764172335602,338.89005,0.0027824072167277336
1.8575963718820863,340.28485,0.0030417556408792734
1.8808163265306124,342.28705,0.0034281285479664803
1.9040362811791383,345.04865,0.004050681367516518
1.9272562358276644,350.30887,0.00462539354339242
1.9504761904761905,351.8679,0.0049652946181595325
1.9736961451247166,353.12775,0.0052884649485349655
1.9969160997732427,356.45615,0.005971094593405724
2.020136054421769,359.2511,0.006698738783597946
2.043356009070295,357.4864,0.006762653589248657
2.066575963718821,355.00714,0.006079328712075949
2.089795918367347,352.54135,0.0048756226897239685
2.1130158730158732,347.78583,0.004028624854981899
2.1362358276643993,349.70532,0.004650962073355913
2.159455782312925,360.85892,0.004078554920852184
2.182675736961451,381.99774,0.0017614532262086868
2.2058956916099772,401.8588,0.0014244521735236049
2.2291156462585033,405.57947,0.0017059317324310541
2.2523356009070294,397.81207,0.0028167935088276863
2.2755555555555556,385.77667,0.004427257459610701
2.2987755102040817,383.21298,0.004391892813146114
2.3219954648526078,385.689,0.004163404926657677
2.345215419501134,388.81168,0.0037941939663141966
2.36843537414966,394.0159,0.0036776959896087646
2.391655328798186,395.1986,0.004264742601662874
2.414875283446712,392.577,0.004905286245048046
2.4380952380952383,389.4939,0.0051614404655992985
2.4613151927437644,389.81143,0.005026452708989382
2.48453514739229,392.31763,0.004744739271700382
2.507755102040816,396.32016,0.0045929234474897385
2.5309750566893423,397.1756,0.00455704890191555
2.5541950113378684,396.21338,0.004488258622586727
2.5774149659863945,392.0326,0.0051159849390387535
2.6006349206349206,389.33606,0.005029746331274509
2.6238548752834467,405.27,0.0027387710288167
2.647074829931973,441.07034,0.0020821576472371817
2.670294784580499,454.1119,0.0023448884021490812
2.693514739229025,448.3065,0.0030453805811703205
2.716734693877551,437.77908,0.0037117619067430496
2.7399546485260773,435.0694,0.004123265389353037
2.7631746031746034,439.0381,0.00437919981777668
2.7863945578231295,444.14517,0.00502820685505867
2.809614512471655,447.0681,0.005245053209364414
2.8328344671201813,446.9192,0.005447139963507652
2.8560544217687074,444.64343,0.005851354915648699
2.8792743764172335,441.35858,0.005660305730998516
2.9024943310657596,439.78122,0.005392240360379219
2.9257142857142857,440.4989,0.00536683015525341
2.948934240362812,442.815,0.005525102373212576
2.972154195011338,445.4948,0.005519050173461437
2.995374149659864,448.55417,0.005720361135900021
3.01859410430839,449.3155,0.005491423420608044
3.0418140589569163,447.76425,0.00505540007725358
3.0650340136054424,446.16882,0.004880552180111408
3.0882539682539685,446.04712,0.0043927328661084175
3.1114739229024946,451.69995,0.0041199917905032635
3.1346938775510207,473.15247,0.004208283498883247
3.1579138321995464,498.06158,0.0029649180360138416
3.1811337868480725,503.58743,0.003321716096252203
3.2043537414965986,486.55716,0.0050445059314370155
3.2275736961451247,477.86993,0.00583971431478858
3.250793650793651,479.16513,0.006251052487641573
3.274013605442177,488.90668,0.005158408544957638
3.297233560090703,502.88617,0.005414205137640238
3.320453514739229,509.59427,0.006394357420504093
3.3436734693877552,500.7097,0.007551702205091715
3.3668934240362813,486.06625,0.008939960971474648
3.3901133786848074,474.70145,0.007822412066161633
3.4133333333333336,477.7625,0.00843115895986557
3.4365532879818597,491.5959,0.0070794932544231415
3.4597732426303858,510.15826,0.006793975830078125
3.4829931972789114,520.6998,0.0069443173706531525
3.5062131519274375,509.85327,0.008119245059788227
3.5294331065759637,494.8609,0.007693924941122532
3.5526530612244898,486.61688,0.007315065246075392
3.575873015873016,494.89856,0.007110927253961563
3.599092970521542,514.0372,0.007072729058563709
3.622312925170068,533.10815,0.007283344399183989
3.645532879818594,535.0297,0.007750233169645071
3.6687528344671203,520.4514,0.009042269550263882
3.6919727891156464,506.7999,0.009335785172879696
3.7151927437641725,505.053,0.009184240363538265
3.7384126984126986,516.26636,0.009394924156367779
3.7616326530612247,536.66754,0.011002037674188614
3.784852607709751,551.33374,0.011742526665329933
3.8080725623582765,547.3429,0.010823342949151993
3.8312925170068026,528.52563,0.009971197694540024
3.8545124716553287,506.04034,0.010223131626844406
3.877732426303855,498.14807,0.01003909483551979
3.900952380952381,502.9833,0.009785227477550507
3.924172335600907,517.07117,0.009924921207129955
3.947392290249433,535.0473,0.01056456658989191
3.9706122448979593,551.9121,0.011308519169688225
3.9938321995464854,549.8875,0.010772190056741238
4.017052154195011,529.30597,0.00941290520131588
4.040272108843538,506.1384,0.009597120806574821
4.063492063492063,500.36172,0.008839244022965431
4.08671201814059,511.49384,0.008784563280642033
4.1099319727891155,532.64026,0.008951786905527115
4.133151927437642,560.56573,0.007767085917294025
4.156371882086168,583.79126,0.009301501326262951
4.179591836734694,581.1386,0.009898040443658829
4.20281179138322,570.91656,0.010547144338488579
4.2260317460317465,566.3202,0.012086967006325722
4.249251700680272,570.2167,0.013208994641900063
4.272471655328799,585.328,0.020861048251390457
4.295691609977324,604.2183,0.03245948255062103
4.31891156462585,607.97736,0.033366333693265915
4.342131519274377,595.8207,0.02885497361421585
4.365351473922902,577.285,0.015935402363538742
4.388571428571429,557.43054,0.02004033699631691
4.4117913832199545,563.225,0.020754501223564148
4.435011337868481,584.532,0.03616662323474884
4.458231292517007,607.4464,0.05265427380800247
4.481451247165533,612.3436,0.04358048364520073
4.504671201814059,600.1252,0.03250809386372566
4.527891156462585,578.5748,0.015390662476420403
4.551111111111111,563.48334,0.014065712690353394
4.574331065759638,564.44696,0.012355071492493153
4.597551020408163,558.7157,0.011758983135223389
4.62077097505669,539.61475,0.010342767462134361
4.6439909297052155,523.6307,0.01007692702114582
4.667210884353741,517.1698,0.00983581691980362
4.690430839002268,523.8729,0.009960295632481575
4.713650793650793,537.51447,0.010204052552580833
4.73687074829932,544.54254,0.009403958916664124
4.760090702947846,539.6527,0.00938156433403492
4.783310657596372,528.2571,0.009821051731705666
4.806530612244898,518.46655,0.010013120248913765
4.829750566893424,513.5058,0.009992575272917747
4.85297052154195,517.40063,0.01055158581584692
4.876190476190477,527.37146,0.011575634591281414
4.899410430839002,538.07324,0.011711985804140568
4.922630385487529,539.84155,0.011514457874000072
4.9458503401360545,532.71796,0.01121985912322998
4.96907029478458,522.4095,0.011464551091194153
4.992290249433107,517.3215,0.010847496800124645
5.015510204081632,519.50446,0.010472776368260384
5.038730158730159,524.8954,0.010173068381845951
5.061950113378685,529.1793,0.009401984512805939
5.085170068027211,526.1779,0.008008524775505066
5.108390022675737,512.9669,0.006391461007297039
5.131609977324263,497.61664,0.005571302026510239
5.154829931972789,490.52393,0.005168154835700989
5.178049886621316,491.23874,0.00474119745194912
5.201269841269841,493.20663,0.004509388469159603
5.224489795918368,496.23737,0.004440401680767536
5.2477097505668935,499.72742,0.004987162072211504
5.27092970521542,497.49045,0.005074112676084042
5.294149659863946,495.0717,0.005287862382829189
5.317369614512471,495.49,0.005519644822925329
5.340589569160998,496.41135,0.005769502837210894
5.363809523809524,498.19824,0.0063155037350952625
5.38702947845805,500.32526,0.006526707671582699
5.410249433106576,501.13962,0.007112004328519106
5.433469387755102,500.78442,0.007235712371766567
5.456689342403628,501.8703,0.006809307262301445
5.479909297052155,503.15237,0.006525849923491478
5.50312925170068,500.18204,0.005441443063318729
5.526349206349207,491.12247,0.0037310472689568996
5.5495691609977325,473.38544,0.002242092275992036
5.572789115646259,442.69937,0.0014255675487220287
5.596009070294785,428.25937,0.001311194384470582
5.61922902494331,431.87418,0.0011744936928153038
5.642448979591837,437.70407,0.0011230700183659792
5.6656689342403626,439.68546,0.0012426064349710941
5.688888888888889,441.5628,0.0014429932925850153
5.712108843537415,442.42896,0.0016793801914900541
5.735328798185941,440.11206,0.0019804059993475676
5.758548752834467,439.48053,0.002233377890661359
5.7817687074829935,438.80695,0.0023976985830813646
5.804988662131519,438.68143,0.002530943602323532
5.828208616780046,438.79718,0.0026761905755847692
5.851428571428571,437.9938,0.0028701750561594963
5.874648526077098,437.2141,0.003057951107621193
5.897868480725624,437.9757,0.003147877287119627
5.92108843537415,439.90292,0.0033832022454589605
5.944308390022676,439.7689,0.0033958517014980316
5.9675283446712015,439.59753,0.0033673145808279514
5.990748299319728,439.85904,0.003237576689571142
6.013968253968254,440.2433,0.002867294941097498
6.03718820861678,437.48273,0.0025115287862718105
6.060408163265306,429.18365,0.0025070570409297943
6.0836281179138325,410.4021,0.002635504584759474
6.106848072562358,397.46753,0.0021760682575404644
6.130068027210885,394.5659,0.0021247926633805037
6.15328798185941,394.84573,0.002121416851878166
6.176507936507937,396.80624,0.002230235608294606
6.199727891156463,396.25174,0.002419516211375594
6.222947845804989,394.51202,0.002599224913865328
6.246167800453515,395.63623,0.002610504860058427
6.269387755102041,395.8402,0.002761438023298979
6.292607709750567,395.61902,0.003030767198652029
6.315827664399093,393.9101,0.0033504972234368324
6.339047619047619,391.92056,0.0034526782110333443
6.362267573696145,393.1974,0.0033176259603351355
6.3854875283446715,393.9481,0.0032833949662745
6.408707482993197,393.66495,0.003322082106024027
6.431927437641724,393.7085,0.0033922232687473297
6.455147392290249,394.5078,0.0034672017209231853
6.478367346938776,396.11853,0.0032191211357712746
6.501587301587302,395.66653,0.0031649996526539326
6.524807256235828,389.15067,0.0037306477315723896
6.548027210884354,374.91425,0.004279150627553463
6.57124716553288,367.77472,0.004659874364733696
6.594467120181406,368.45367,0.0034116660244762897
6.617687074829932,368.39075,0.00382596580311656
6.640907029478458,364.4299,0.004500215873122215
6.664126984126984,359.13974,0.006106635555624962
6.6873469387755105,355.1002,0.005733826197683811
6.710566893424036,354.38593,0.005454281345009804
6.733786848072563,355.34924,0.005806309636682272
6.757006802721088,357.82974,0.006768751889467239
6.780226757369615,358.94638,0.0069301244802773
6.8034467120181406,360.946,0.0067014629021286964
6.826666666666667,362.39536,0.00661635585129261
6.849886621315193,359.48178,0.006652040872722864
6.873106575963719,353.70868,0.005916965659707785
6.896326530612245,351.0727,0.0047728437930345535
6.9195464852607715,349.93338,0.004846885334700346
6.942766439909297,352.9069,0.005746212787926197
6.965986394557823,355.7604,0.006449202541261911
6.989206349206349,357.5214,0.006640855688601732
7.012426303854875,359.10434,0.006376571021974087
7.035646258503402,356.68835,0.005161157809197903
7.058866213151927,348.3379,0.0029167919419705868
7.082086167800454,333.91714,0.002383114770054817
7.1053061224489795,332.56552,0.002293673576787114
7.128526077097506,337.23444,0.0024569211527705193
7.151746031746032,337.42545,0.0021697808988392353
7.174965986394558,333.98047,0.0019427766092121601
7.198185941043084,332.98804,0.0019106213003396988
7.2214058956916105,332.5848,0.001931772450916469
7.244625850340136,331.77286,0.0019684266299009323
7.267845804988662,332.92334,0.002058759331703186
7.291065759637188,331.79138,0.002010966883972287
7.314285714285714,331.12958,0.0020352036226540804
7.337505668934241,331.13794,0.0020639679860323668
7.360725623582766,330.11172,0.0020210882648825645
7.383945578231293,329.0841,0.0020032660104334354
7.4071655328798185,329.55383,0.0021060938015580177
7.430385487528345,332.8263,0.002351660281419754
7.453605442176871,331.69775,0.0022347839549183846
7.476825396825397,329.13412,0.0018591171829029918
7.500045351473923,324.65903,0.0014106833841651678
7.5232653061224495,314.64154,0.0011000989470630884
7.546485260770975,303.34827,0.0008296013111248612
7.569705215419502,299.7289,0.0008147307671606541
7.592925170068027,301.88937,0.0008871787576936185
7.616145124716553,304.8523,0.0008420327212661505
7.63936507936508,306.00134,0.0008093515643849969
7.662585034013605,304.272,0.0008226693025790155
7.685804988662132,299.6715,0.0008295380976051092
7.7090249433106575,296.13565,0.0008222084725275636
7.732244897959184,296.29654,0.0008207439095713198
7.75546485260771,297.17197,0.0008859473746269941
7.778684807256236,297.7428,0.0009467778145335615
7.801904761904762,297.97543,0.0010343382600694895
7.8251247165532885,299.54288,0.001121682464145124
7.848344671201814,300.27332,0.0011407195124775171
7.871564625850341,300.24524,0.0011258155573159456
7.894784580498866,297.87347,0.001035197521559894
7.918004535147393,297.61996,0.0011180315632373095
7.9412244897959186,298.7077,0.0011436035856604576
7.964444444444444,299.8264,0.0011224261252209544
7.987664399092971,299.69168,0.0009702038951218128
8.010884353741497,296.6632,0.0007318066782318056
8.034104308390022,283.69202,0.0006962913903407753
8.057324263038549,260.7264,0.0009614460286684334
8.080544217687075,256.3504,0.0008576137479394674
8.103764172335602,262.57556,0.0007461571949534118
8.126984126984127,270.94342,0.000643670093268156
8.150204081632653,272.8462,0.0006750019965693355
8.17342403628118,268.63043,0.0006926346686668694
8.196643990929706,262.35605,0.0008466727449558675
8.219863945578231,256.85574,0.0008746793610043824
8.243083900226758,257.3075,0.0008926705922931433
8.266303854875284,262.5259,0.0008762226207181811
8.289523809523809,268.60422,0.0008595219696871936
8.312743764172335,274.47995,0.0008874376071617007
8.335963718820862,274.28018,0.0009576273150742054
8.359183673469389,266.3696,0.0010634246282279491
8.382403628117913,255.17984,0.001182476757094264
8.40562358276644,246.97736,0.001516020973213017
8.428843537414966,249.75298,0.0010078870691359043
8.452063492063493,261.78006,0.0010068451520055532
8.475283446712018,272.5344,0.000945633219089359
8.498503401360544,280.93512,0.0008116491371765733
8.52172335600907,278.99023,0.0010105203837156296
8.544943310657597,267.85214,0.0011473174672573805
8.568163265306122,253.8604,0.0012442455627024174
8.591383219954649,244.95593,0.0016690153861418366
8.614603174603175,246.42734,0.0010133979376405478
8.6378231292517,257.91498,0.0010068555129691958
8.661043083900227,268.75412,0.0008449021261185408
8.684263038548753,272.53552,0.0009640706703066826
8.70748299319728,267.34192,0.0009880014695227146
8.730702947845804,259.11295,0.001217302167788148
8.753922902494331,246.46777,0.001841065939515829
8.777142857142858,246.25931,0.0012761903926730156
8.800362811791384,255.676,0.000983984093181789
8.823582766439909,266.68112,0.0008186094928532839
8.846802721088435,273.73233,0.0008768728584982455
8.870022675736962,269.12332,0.0009155439329333603
8.893242630385489,257.1306,0.0009857723489403725
8.916462585034013,248.56067,0.0010958071798086166
8.93968253968254,250.79166,0.0009344043210148811
8.962902494331066,259.75198,0.0009925324702635407
8.986122448979591,269.90405,0.0007109889411367476
9.009342403628118,277.14374,0.0004069061833433807
9.032562358276644,274.14822,6.491709063993767e-05
9.05578231292517,0.0,1.7335914890281856e-06
9.079002267573696,0.0,5.844884071848355e-06
9.102222222222222,264.5156,1.0380728781456128e-05
9.125442176870749,23020.057,2.703398058656603e-05
9.148662131519275,0.0,1.6578458598814905e-05
9.1718820861678,22875.28,2.151369881175924e-05
9.195102040816327,0.0,3.945631760871038e-06
9.218321995464853,0.0,1.2142063496867195e-06
9.24154195011338,0.0,2.8766771720256656e-07
9.264761904761905,0.0,4.372759576654062e-08
9.287981859410431,0.0,1.2551936379168183e-07
9.311201814058958,0.0,1.427115421392955e-07
9.334421768707482,0.0,4.7687535698059946e-08
9.357641723356009,0.0,5.819856596644968e-08
9.380861678004536,0.0,8.756069291848689e-08
9.404081632653062,0.0,5.922447599004954e-08
9.427301587301587,0.0,7.283779268618673e-08
9.450521541950113,0.0,6.049322109902278e-08
9.47374149659864,0.0,9.001996659208089e-08
9.496961451247167,0.0,2.214292180724442e-07
9.520181405895691,0.0,2.6514226192375645e-07
9.543401360544218,0.0,1.9847448129439726e-07
9.566621315192744,0.0,2.415663402643986e-07
9.58984126984127,0.0,1.3832868717145175e-07
