0.0,0.0,1.2427244655555114e-07
0.023219954648526078,0.0,1.6005469660740346e-07
0.046439909297052155,0.0,1.7414913600077853e-07
0.06965986394557823,0.0,2.3484517441829666e-07
0.09287981859410431,0.0,6.323898560367525e-08
0.11609977324263039,0.0,2.376527845626697e-07
0.13931972789115646,0.0,1.942671588039957e-07
0.16253968253968254,0.0,1.7679121810942888e-07
0.18575963718820862,0.0,1.5677505871281028e-07
0.2089795918367347,0.0,1.0530766303418204e-07
0.23219954648526078,0.0,3.944933268940076e-08
0.25541950113378686,0.0,1.7376078176312149e-07
0.2786394557823129,0.0,1.6685771697666496e-07
0.301859410430839,0.0,9.509403753327206e-08
0.3250793650793651,0.0,1.7586626199772581e-07
0.3482993197278912,0.0,2.1328014554455876e-07
0.37151927437641724,0.0,2.045010660367552e-06
0.3947392290249433,278.92728,0.00021999928867444396
0.4179591836734694,280.84827,0.00044315584818832576
0.44117913832199546,285.59302,0.0004797723377123475
0.46439909297052157,286.66263,0.000534003833308816
0.4876190476190476,287.31476,0.0005267751985229552
0.5108390022675737,287.57928,0.0005502096610143781
0.5340589569160998,284.64072,0.0007378680165857077
0.5572789115646258,278.44543,0.0007589270826429129
0.5804988662131519,270.2454,0.000615158467553556
0.603718820861678,265.09903,0.0006028075003996491
0.626938775510204,265.0478,0.0005909649189561605
0.6501587301587302,267.89355,0.0006876221741549671
0.6733786848072563,271.64136,0.0007444835500791669
0.6965986394557824,274.04193,0.0009046160848811269
0.7198185941043084,274.69324,0.0009908108040690422
0.7430385487528345,274.28107,0.0009373577777296305
0.7662585034013606,270.96863,0.0007844122592359781
0.7894784580498866,268.43045,0.0007156931096687913
0.8126984126984127,266.33203,0.0006263438845053315
0.8359183673469388,267.92575,0.0007245392771437764
0.8591383219954649,275.07443,0.001037410693243146
0.8823582766439909,280.94528,0.0012206819374114275
0.905578231292517,283.1981,0.0014559886185452342
0.9287981859410431,281.38547,0.001382726477459073
0.9520181405895691,277.64194,0.0013496587052941322
0.9752380952380952,276.3281,0.001048741745762527
0.9984580498866213,284.50647,0.0008270246908068657
1.0216780045351475,306.9995,0.000571233918890357
1.0448979591836736,323.50085,0.0006739014061167836
1.0681179138321997,334.08276,0.0008680357132107019
1.0913378684807256,330.80557,0.0009216626640409231
1.1145578231292517,317.41754,0.00109087023884058
1.1377777777777778,302.2459,0.001231954898685217
1.1609977324263039,292.77905,0.0010704107116907835
1.18421768707483,294.49042,0.000959907949436456
1.207437641723356,307.9179,0.0009662816300988197
1.2306575963718822,323.9854,0.0010521826334297657
1.253877551020408,332.4604,0.001094380160793662
1.2770975056689342,329.18652,0.0012079644948244095
1.3003174603174603,319.30557,0.001642361981794238
1.3235374149659864,306.7132,0.0017473087646067142
1.3467573696145125,295.00323,0.0011081565171480179
1.3699773242630386,290.05542,0.0010699017439037561
1.3931972789115648,292.261,0.0009726259158924222
1.4164172335600906,305.48965,0.0011025809217244387
1.4396371882086167,317.92035,0.0008917152881622314
1.4628571428571429,325.32397,0.0010520231444388628
1.486077097505669,322.00665,0.0011827123817056417
1.509297052154195,315.52548,0.0011273326817899942
1.5325170068027212,311.03397,0.0010597298387438059
1.5557369614512473,305.70636,0.0009522017207928002
1.5789569160997732,304.3394,0.0007555452175438404
1.6021768707482993,316.9524,0.0006894607795402408
1.6253968253968254,344.73532,0.0007771995151415467
1.6486167800453515,368.36243,0.0011899844976142049
1.6718367346938776,373.8041,0.0014760995982214808
1.6950566893424037,361.96198,0.0016866144724190235
1.7182766439909298,344.85098,0.001820452744141221
1.7414965986394557,328.97943,0.001589165534824133
1.7647165532879818,323.56107,0.0013926259707659483
1.787936507936508,330.93533,0.0013832947006449103
1.811156462585034,344.4929,0.001488002948462963
1.8343764172335602,358.84384,0.0014748787507414818
1.8575963718820863,365.40524,0.001795498188585043
1.8808163265306124,360.24316,0.001964754890650511
1.9040362811791383,348.54465,0.0024186307564377785
1.9272562358276644,332.23932,0.0024596876464784145
1.9504761904761905,320.63086,0.0018032194348052144
1.9736961451247166,316.60858,0.0013832389377057552
1.9969160997732427,320.7349,0.0012181850615888834
2.020136054421769,338.46042,0.0012322613038122654
2.043356009070295,356.90442,0.0011143432930111885
2.066575963718821,368.03635,0.0013567977584898472
2.089795918367347,363.2056,0.001648645382374525
2.1130158730158732,352.07257,0.0018847932806238532
2.1362358276643993,341.00543,0.001747056026943028
2.159455782312925,337.94946,0.0012714671902358532
2.182675736961451,342.37717,0.001006642240099609
2.2058956916099772,356.07544,0.0007027089595794678
2.2291156462585033,377.57776,0.0007602181285619736
2.2523356009070294,392.45493,0.000987671548500657
2.2755555555555556,391.01407,0.001197410048916936
2.2987755102040817,376.41315,0.0015809435863047838
2.3219954648526078,355.0708,0.0018959807930514216
2.345215419501134,341.75775,0.0018093811813741922
2.36843537414966,337.57318,0.0013886458473280072
2.391655328798186,342.96326,0.001119010616093874
2.414875283446712,359.22968,0.0009246563422493637
2.4380952380952383,380.37796,0.0010680025443434715
2.4613151927437644,393.0373,0.0015337546356022358
2.48453514739229,389.69913,0.0015190803678706288
2.507755102040816,373.2847,0.0020268375519663095
2.5309750566893423,352.90524,0.002575493650510907
2.5541950113378684,340.9862,0.0020892168395221233
2.5774149659863945,338.3511,0.0016550670843571424
2.6006349206349206,350.48648,0.001265686354599893
2.6238548752834467,371.69293,0.0012978945160284638
2.647074829931973,384.32526,0.0012925973860546947
2.670294784580499,384.16656,0.0013412311673164368
2.693514739229025,374.79745,0.0016969337593764067
2.716734693877551,364.94,0.0016705648740753531
2.7399546485260773,360.49026,0.0015433419030159712
2.7631746031746034,364.11584,0.0011651802342385054
2.7863945578231295,375.80103,0.0009410642087459564
2.809614512471655,392.96112,0.001105811446905136
2.8328344671201813,410.75797,0.001431802287697792
2.8560544217687074,419.9727,0.0021445946767926216
2.8792743764172335,415.16852,0.002522455295547843
2.9024943310657596,395.43353,0.002608673647046089
2.9257142857142857,377.46155,0.0025495868176221848
2.948934240362812,366.1528,0.0024498626589775085
2.972154195011338,369.26712,0.001657221931964159
2.995374149659864,384.5837,0.0013754284009337425
3.01859410430839,409.03036,0.00219943025149405
3.0418140589569163,427.3905,0.003635090310126543
3.0650340136054424,434.75742,0.0052623450756073
3.0882539682539685,427.12888,0.004682081751525402
3.1114739229024946,409.07394,0.0033850036561489105
3.1346938775510207,383.0909,0.0019259724067524076
3.1579138321995464,370.255,0.0018480520229786634
3.1811337868480725,372.74237,0.0016066269017755985
3.2043537414965986,391.63873,0.0032136584632098675
3.2275736961451247,418.5798,0.005290571600198746
3.250793650793651,429.245,0.0063067832961678505
3.274013605442177,424.09335,0.005188638344407082
3.297233560090703,410.1307,0.00365053815767169
3.320453514739229,396.0039,0.002858211286365986
3.3436734693877552,392.5133,0.0019929264672100544
3.3668934240362813,400.73093,0.002076819771900773
3.3901133786848074,423.64978,0.0027834295760840178
3.4133333333333336,443.6797,0.00377200567163527
3.4365532879818597,455.61008,0.004427654668688774
3.4597732426303858,452.29785,0.004679680336266756
3.4829931972789114,442.87375,0.0047295475378632545
3.5062131519274375,433.3456,0.003959322348237038
3.5294331065759637,426.15305,0.0026218905113637447
3.5526530612244898,423.8173,0.0020358460023999214
3.575873015873016,432.2574,0.0019745242316275835
3.599092970521542,454.43073,0.003939635120332241
3.622312925170068,476.0791,0.007681211456656456
3.645532879818594,479.29083,0.008128797635436058
3.6687528344671203,467.56467,0.005597395822405815
3.6919727891156464,444.51538,0.004376024007797241
3.7151927437641725,427.3113,0.002952219219878316
3.7384126984126986,419.33167,0.002522445982322097
3.7616326530612247,427.8721,0.0026748499367386103
3.784852607709751,449.41565,0.004228084813803434
3.8080725623582765,475.18445,0.009104318916797638
3.8312925170068026,486.79367,0.012817763723433018
3.8545124716553287,479.27112,0.0069341398775577545
3.877732426303855,463.1299,0.003947265911847353
3.900952380952381,446.10834,0.0023249834775924683
3.924172335600907,442.10547,0.0019495019223541021
3.947392290249433,460.11838,0.0045827459543943405
3.9706122448979593,514.8896,0.02557634562253952
3.9938321995464854,540.40344,0.04228764399886131
4.017052154195011,547.64417,0.05092453211545944
4.040272108843538,538.3448,0.050252825021743774
4.063492063492063,516.2467,0.008531078696250916
4.08671201814059,478.34286,0.0045372601598501205
4.1099319727891155,469.143,0.0032658586278557777
4.133151927437642,477.82425,0.006334506906569004
4.156371882086168,513.91974,0.03069360926747322
4.179591836734694,535.4429,0.04705572873353958
4.20281179138322,544.3618,0.04621580243110657
4.2260317460317465,538.3496,0.06917798519134521
4.249251700680272,525.5251,0.03044576570391655
4.272471655328799,488.47754,0.006442559417337179
4.295691609977324,473.55432,0.003924451768398285
4.31891156462585,477.1856,0.007672187872231007
4.342131519274377,517.5899,0.039599597454071045
4.365351473922902,544.6194,0.036954253911972046
4.388571428571429,574.7053,0.03780487924814224
4.4117913832199545,566.0882,0.05713901296257973
4.435011337868481,543.7907,0.04250573366880417
4.458231292517007,516.7137,0.005236680619418621
4.481451247165533,485.20264,0.004214470274746418
4.504671201814059,502.88034,0.012063266709446907
4.527891156462585,539.15784,0.03430221229791641
4.551111111111111,565.5991,0.04023751616477966
4.574331065759638,581.9481,0.03736354038119316
4.597551020408163,571.2347,0.0596693679690361
4.62077097505669,549.41144,0.047346532344818115
4.6439909297052155,522.22546,0.007314111106097698
4.667210884353741,493.80017,0.0045185936614871025
4.690430839002268,496.05435,0.006023061461746693
4.713650793650793,520.61786,0.024147825315594673
4.73687074829932,546.13464,0.029701542109251022
4.760090702947846,562.902,0.032686151564121246
4.783310657596372,565.4519,0.04132705554366112
4.806530612244898,553.3339,0.04442891478538513
4.829750566893424,534.09283,0.015801265835762024
4.85297052154195,496.4748,0.0039923363365232944
4.876190476190477,487.3091,0.003999313339591026
4.899410430839002,503.7343,0.012103856541216373
4.922630385487529,539.8535,0.030962446704506874
4.9458503401360545,564.2332,0.02829323150217533
4.96907029478458,575.6371,0.033264704048633575
4.992290249433107,564.4111,0.048715997487306595
5.015510204081632,548.00415,0.03985965996980667
5.038730158730159,528.17926,0.011708294972777367
5.061950113378685,516.6809,0.013362935744225979
5.085170068027211,544.02936,0.033257562667131424
5.108390022675737,578.4541,0.026604438200592995
5.131609977324263,633.4725,0.021061759442090988
5.154829931972789,653.5411,0.03034510463476181
5.178049886621316,639.04767,0.03391384333372116
5.201269841269841,605.6242,0.08690523356199265
5.224489795918368,585.4415,0.06461048126220703
5.2477097505668935,570.408,0.04201815649867058
5.27092970521542,579.35486,0.05130571871995926
5.294149659863946,600.2052,0.028388656675815582
5.317369614512471,634.1113,0.0223185233771801
5.340589569160998,658.57104,0.037246331572532654
5.363809523809524,649.3779,0.03058619424700737
5.38702947845805,615.33777,0.07144546508789062
5.410249433106576,590.4687,0.08162058144807816
5.433469387755102,572.50964,0.04089035093784332
5.456689342403628,572.2565,0.04743674024939537
5.479909297052155,591.41486,0.030058765783905983
5.50312925170068,622.3117,0.013467900454998016
5.526349206349207,649.5931,0.018488632515072823
5.5495691609977325,644.0999,0.0165523961186409
5.572789115646259,621.7217,0.03903774172067642
5.596009070294785,603.0922,0.0747966319322586
5.61922902494331,588.8061,0.030187610536813736
5.642448979591837,576.4757,0.02573477290570736
5.6656689342403626,594.7859,0.04500356316566467
5.688888888888889,619.82214,0.04351806640625
5.712108843537415,636.7542,0.02948140539228916
5.735328798185941,624.5785,0.07042639702558517
5.758548752834467,596.91003,0.030278565362095833
5.7817687074829935,544.5157,0.015366164967417717
5.804988662131519,535.9382,0.020314622670412064
5.828208616780046,556.7764,0.055926233530044556
5.851428571428571,571.46185,0.07537194341421127
5.874648526077098,568.42523,0.0564015693962574
5.897868480725624,556.72064,0.031391292810440063
5.92108843537415,531.7593,0.011032553389668465
5.944308390022676,509.17032,0.00584159092977643
5.9675283446712015,506.43192,0.008825341239571571
5.990748299319728,528.96277,0.02394734136760235
6.013968253968254,556.69745,0.028115015476942062
6.03718820861678,571.8593,0.021451201289892197
6.060408163265306,572.5395,0.027701595798134804
6.0836281179138325,559.6772,0.03839808329939842
6.106848072562358,540.27936,0.018452171236276627
6.130068027210885,509.1829,0.007167111616581678
6.15328798185941,501.96753,0.008973651565611362
6.176507936507937,519.9912,0.02541167661547661
6.199727891156463,545.5926,0.03267614543437958
6.222947845804989,559.85535,0.03370533138513565
6.246167800453515,561.794,0.03473149240016937
6.269387755102041,551.847,0.03840341046452522
6.292607709750567,535.4181,0.034542106091976166
6.315827664399093,516.2652,0.013507951982319355
6.339047619047619,512.91864,0.01652662269771099
6.362267573696145,523.3966,0.027854636311531067
6.3854875283446715,532.7437,0.043250761926174164
6.408707482993197,535.9725,0.04833062365651131
6.431927437641724,535.3324,0.04453802853822708
6.455147392290249,531.4975,0.03172895312309265
6.478367346938776,520.26465,0.013767577707767487
6.501587301587302,506.24283,0.00739275524392724
6.524807256235828,499.53525,0.0068872603587806225
6.548027210884354,503.53162,0.01091479416936636
6.57124716553288,519.7268,0.028128109872341156
6.594467120181406,534.7388,0.036052245646715164
6.617687074829932,542.14813,0.031940214335918427
6.640907029478458,539.7032,0.04233875125646591
6.664126984126984,529.69836,0.03298623114824295
6.6873469387755105,503.72702,0.005858017131686211
6.710566893424036,475.82413,0.004520310088992119
6.733786848072563,476.2287,0.005593664012849331
6.757006802721088,491.65463,0.011798055842518806
6.780226757369615,517.4583,0.03132612258195877
6.8034467120181406,530.3637,0.03846098482608795
6.826666666666667,532.6323,0.04200120270252228
6.849886621315193,526.5721,0.031505607068538666
6.873106575963719,512.67487,0.012477327138185501
6.896326530612245,505.66968,0.012444942258298397
6.9195464852607715,513.502,0.024393750354647636
6.942766439909297,519.07983,0.03127127140760422
6.965986394557823,511.50406,0.01467855367809534
6.989206349206349,482.72464,0.00728426082059741
7.012426303854875,457.79495,0.004996167495846748
7.035646258503402,450.907,0.00452948734164238
7.058866213151927,455.98718,0.004909017123281956
7.082086167800454,466.4735,0.00542694516479969
7.1053061224489795,471.04413,0.00481804646551609
7.128526077097506,464.6675,0.0039596399292349815
7.151746031746032,452.3506,0.002754504792392254
7.174965986394558,441.5019,0.002197102177888155
7.198185941043084,438.6761,0.0021622779313474894
7.2214058956916105,446.82587,0.002628506626933813
7.244625850340136,462.62064,0.0045415181666612625
7.267845804988662,478.45386,0.007786025758832693
7.291065759637188,480.2542,0.0070983292534947395
7.314285714285714,468.9791,0.00401491392403841
7.337505668934241,451.17892,0.002149114618077874
7.360725623582766,429.15924,0.0014351767022162676
7.383945578231293,420.47534,0.0012864409945905209
7.4071655328798185,425.43726,0.0011459942907094955
7.430385487528345,440.03986,0.0013768782373517752
7.453605442176871,459.25153,0.0023872824385762215
7.476825396825397,468.0821,0.0027423130813986063
7.500045351473923,459.87366,0.0016254634829238057
7.5232653061224495,440.03006,0.0010310534853488207
7.546485260770975,413.45877,0.0007192464545369148
7.569705215419502,396.93427,0.0006595893646590412
7.592925170068027,402.7768,0.0007648186292499304
7.616145124716553,415.0289,0.0007450620760209858
7.63936507936508,424.56476,0.0007912622531875968
7.662585034013605,421.57477,0.0007854130817577243
7.685804988662132,409.74277,0.0005173360696062446
7.7090249433106575,395.16965,0.00037645938573405147
7.732244897959184,388.65234,0.0002573056844994426
7.75546485260771,390.2758,0.0003267730353400111
7.778684807256236,402.05612,0.000555985199753195
7.801904761904762,420.2855,0.0007074138848111033
7.8251247165532885,429.21506,0.000788829056546092
7.848344671201814,423.31305,0.0007680593989789486
7.871564625850341,411.36566,0.0005818044883199036
7.894784580498866,398.3537,0.0004928986309096217
7.918004535147393,393.7533,0.0004585688002407551
7.9412244897959186,396.30884,0.0005593312671408057
7.964444444444444,404.27075,0.0006504461634904146
7.987664399092971,415.3602,0.0007954408065415919
8.010884353741497,421.58102,0.0008806266123428941
8.034104308390022,418.5297,0.0008677996229380369
8.057324263038549,409.74826,0.0007626929436810315
8.080544217687075,403.0208,0.0007108955760486424
8.103764172335602,404.8455,0.0007744761533103883
8.126984126984127,412.09146,0.0008403376559726894
8.150204081632653,416.52896,0.0009492455283179879
8.17342403628118,413.36542,0.0008817170164547861
8.196643990929706,401.73575,0.000712082430254668
8.219863945578231,385.29742,0.00041296123526990414
8.243083900226758,368.2115,0.00045460526598617435
8.266303854875284,357.50958,0.00032697629649192095
8.289523809523809,360.41354,0.0002817149506881833
8.312743764172335,370.26004,0.000278750027064234
8.335963718820862,376.40472,0.0003236319462303072
8.359183673469389,378.6505,0.0003109350800514221
8.382403628117913,374.04385,0.00039362962706945837
8.40562358276644,363.56375,0.00039510353235527873
8.428843537414966,353.42224,0.0003072803665418178
8.452063492063493,352.2134,0.00033956902916543186
8.475283446712018,358.5731,0.0003249385626986623
8.498503401360544,371.98746,0.0003650747530627996
8.52172335600907,381.75504,0.0004110623267479241
8.544943310657597,383.86072,0.0003823883307632059
8.568163265306122,376.7674,0.00044679734855890274
8.591383219954649,364.575,0.0005459958920255303
8.614603174603175,350.7187,0.0004749622312374413
8.6378231292517,348.4004,0.0004598491359502077
8.661043083900227,352.2217,0.0003828437183983624
8.684263038548753,364.52444,0.00037455151323229074
8.70748299319728,376.26132,0.0003999911714345217
8.730702947845804,379.2278,0.0004124502884224057
8.753922902494331,371.39304,0.0005059816176071763
8.777142857142858,352.72952,0.0004755781264975667
8.800362811791384,344.0733,0.0005612362292595208
8.823582766439909,346.44974,0.0004992687609046698
8.846802721088435,353.87112,0.0004404290812090039
8.870022675736962,361.43704,0.0004243298899382353
8.893242630385489,362.86484,0.0003950848476961255
8.916462585034013,358.5099,0.00037851292290724814
8.93968253968254,353.5842,0.00043605384416878223
8.962902494331066,346.15213,0.0004906471585854888
8.986122448979591,340.711,0.0003883335448335856
9.009342403628118,341.09885,0.00032013014424592257
9.032562358276644,349.20392,0.00030866896850056946
9.05578231292517,363.15762,0.0003703549737110734
9.079002267573696,371.53296,0.0004411728587001562
9.102222222222222,368.0269,0.0004963531973771751
9.125442176870749,355.398,0.0004317341954447329
9.148662131519275,340.33807,0.0005118489498272538
9.1718820861678,333.75726,0.00040737006929703057
9.195102040816327,334.99704,0.00030566047644242644
9.218321995464853,343.13416,0.00026650974177755415
9.24154195011338,351.38174,0.00027577084256336093
9.264761904761905,355.73254,0.00028287596069276333
9.287981859410431,351.41296,0.00028308798209764063
9.311201814058958,340.9463,0.0002953949442598969
9.334421768707482,324.93405,0.0005604316247627139
9.357641723356009,313.5542,0.000729872437659651
9.380861678004536,306.77423,0.0006829279009252787
9.404081632653062,306.5322,0.0006517142755910754
9.427301587301587,309.7333,0.0006500602466985583
9.450521541950113,315.36975,0.0005960200796835124
9.47374149659864,314.56433,0.0005721118068322539
9.496961451247167,310.58356,0.0004997086944058537
9.520181405895691,307.4208,0.0004692912916652858
9.543401360544218,305.66125,0.0003879093856085092
9.566621315192744,305.50342,0.00034532963763922453
9.58984126984127,308.2053,0.0003757368540391326
9.613061224489796,315.20035,0.0004739972355309874
9.636281179138322,322.95273,0.000528554548509419
9.659501133786849,324.43765,0.0005876524373888969
9.682721088435374,319.18005,0.0007523383246734738
9.7059410430839,307.44754,0.0005136750405654311
9.729160997732427,297.847,0.00041245410102419555
9.752380952380953,298.82785,0.0004037236503791064
9.775600907029478,305.50073,0.0004338597063906491
9.798820861678005,314.5974,0.0005217386060394347
9.822040816326531,320.8544,0.0006145499646663666
9.845260770975058,319.42062,0.0006602264475077391
9.868480725623582,309.00244,0.0005906516453251243
9.891700680272109,299.42575,0.0005467056762427092
9.914920634920636,297.86298,0.0006775833899155259
9.93814058956916,299.1458,0.0007166903233155608
9.961360544217687,304.8226,0.0006206271355040371
9.984580498866213,307.82028,0.0006332392804324627
10.00780045351474,302.08304,0.0007098838686943054
10.031020408163265,288.1456,0.0007745637558400631
10.054240362811791,271.96765,0.0006594147998839617
10.077460317460318,263.3739,0.0004445176455192268
10.100680272108844,264.5022,0.00038729188963770866
10.12390022675737,268.09247,0.00041293364483863115
10.147120181405896,272.1404,0.00041220057755708694
10.170340136054422,273.24466,0.0004222852294333279
10.193560090702949,271.13538,0.0004005729570053518
10.216780045351474,267.7826,0.00036054308293387294
10.24,265.64294,0.0003372255596332252
10.263219954648527,264.75653,0.00033734628232195973
10.286439909297052,267.09982,0.00036634845309890807
10.309659863945578,272.8405,0.00039186252979561687
10.332879818594105,277.88953,0.0004304274916648865
10.356099773242631,282.9338,0.0003925452765543014
10.379319727891156,285.17847,0.000378290715161711
10.402539682539683,279.8217,0.00035822484642267227
10.425759637188209,265.2156,0.00031409747316502035
10.448979591836736,252.4623,0.00022267534222919494
10.47219954648526,253.36108,0.00022684241412207484
10.495419501133787,257.98685,0.00018916395492851734
10.518639455782314,265.56204,0.00018500920850783587
10.54185941043084,274.12512,0.00026010104920715094
10.565079365079365,281.25928,0.00027415715157985687
10.588299319727891,283.66888,0.0002844218979589641
10.611519274376418,274.4992,0.00023623245942872018
10.634739229024943,261.42953,0.00013958381896372885
10.65795918367347,259.5445,0.00010567970457486808
10.681179138321996,269.12573,0.0002101945865433663
10.704399092970522,281.34402,0.0004126627463847399
10.727619047619047,290.94827,0.0004962884122505784
10.750839002267574,292.59766,0.000628901063464582
10.7740589569161,285.90588,0.0005449459422379732
10.797278911564627,273.54675,0.000299511244520545
10.820498866213152,266.77603,0.00016426034562755376
10.843718820861678,264.76187,3.8341408071573824e-05
10.866938775510205,266.96588,3.19592327286955e-05
10.890158730158731,274.51508,1.2324816452746745e-05
10.913378684807256,0.0,4.4391435949364677e-07
10.936598639455783,0.0,3.383283910807222e-07
10.95981859410431,0.0,2.533779479563236e-07
10.983038548752834,0.0,1.3919088814873248e-07
11.00625850340136,0.0,1.1497832019813359e-07
11.029478458049887,0.0,9.261111699743196e-08
11.052698412698414,0.0,1.624248398002237e-07
11.075918367346938,0.0,1.0146413842448965e-07
11.099138321995465,0.0,1.1895826901309192e-07
11.122358276643991,0.0,9.545783541398123e-08
11.145578231292518,0.0,5.6847056839615107e-08
11.168798185941043,0.0,8.678398444317281e-08
11.19201814058957,0.0,1.0074927558889613e-07
11.215238095238096,0.0,1.2744476407533512e-07
11.23845804988662,0.0,2.7331589080858976e-07
11.261678004535147,0.0,2.7497299015522003e-07
11.284897959183674,0.0,1.5283785614883527e-07
11.3081179138322,0.0,8.498136594425887e-08
11.331337868480725,0.0,4.770663508679718e-08
11.354557823129252,0.0,6.290247256401926e-08
11.377777777777778,0.0,1.4617398846894503e-08
