0.0,0.0,1.7386719264322892e-07
0.023219954648526078,0.0,1.8892478692578152e-07
0.046439909297052155,0.0,1.6200738173210993e-07
0.06965986394557823,0.0,1.1173779057571664e-07
0.09287981859410431,0.0,1.4083707355894148e-07
0.11609977324263039,0.0,1.0241910786135122e-07
0.13931972789115646,0.0,1.4156648830976337e-07
0.16253968253968254,0.0,1.5904061001492664e-07
0.18575963718820862,0.0,4.3498221202753484e-07
0.2089795918367347,0.0,4.7054618335096166e-07
0.23219954648526078,0.0,1.3153203326510265e-07
0.25541950113378686,0.0,9.578434401191771e-08
0.2786394557823129,0.0,9.818177204579115e-08
0.301859410430839,0.0,7.71960912970826e-08
0.3250793650793651,0.0,1.6571812011534348e-07
0.3482993197278912,0.0,1.8461742001818493e-07
0.37151927437641724,0.0,2.1090818336233497e-07
0.3947392290249433,0.0,1.1796873877756298e-07
0.4179591836734694,0.0,6.361460691550747e-08
0.44117913832199546,0.0,1.2389591574901715e-07
0.46439909297052157,0.0,9.20554157346487e-08
0.4876190476190476,0.0,2.2389303921954706e-07
0.5108390022675737,0.0,1.7175625544041395e-07
0.5340589569160998,0.0,1.3466706150211394e-07
0.5572789115646258,0.0,3.1458785088034347e-07
0.5804988662131519,381.2866,0.00021640009072143584
0.603718820861678,358.68234,0.0003471637610346079
0.626938775510204,351.75092,0.00033719182829372585
0.6501587301587302,348.0141,0.00039826228749006987
0.6733786848072563,343.66617,0.000482194940559566
0.6965986394557824,337.49527,0.0004399864701554179
0.7198185941043084,332.43713,0.0003577611059881747
0.7430385487528345,332.5734,0.00039340174407698214
0.7662585034013606,338.16364,0.0004987249849364161
0.7894784580498866,349.95898,0.0005185544141568244
0.8126984126984127,359.6485,0.000580964726395905
0.8359183673469388,357.09445,0.0005810678121633828
0.8591383219954649,346.52414,0.00047959949006326497
0.8823582766439909,332.084,0.0007547277491539717
0.905578231292517,322.9782,0.0006573778809979558
0.9287981859410431,329.04916,0.0007689273916184902
0.9520181405895691,343.72675,0.0008479654788970947
0.9752380952380952,359.99124,0.0009240257786586881
0.9984580498866213,367.2896,0.0014301510527729988
1.0216780045351475,362.863,0.001228239038027823
1.0448979591836736,352.23004,0.0006852386868558824
1.0681179138321997,342.2793,0.0007794912671670318
1.0913378684807256,331.3301,0.0007728248601779342
1.1145578231292517,334.36804,0.0006911245873197913
1.1377777777777778,346.78287,0.0009253313764929771
1.1609977324263039,363.1897,0.001184701919555664
1.18421768707483,373.01083,0.0015144094359129667
1.207437641723356,367.83502,0.001343020237982273
1.2306575963718822,356.34244,0.0010152377653867006
1.253877551020408,345.24902,0.0007589247543364763
1.2770975056689342,335.85666,0.0009200154454447329
1.3003174603174603,334.49432,0.0007919799536466599
1.3235374149659864,338.11804,0.0007490083808079362
1.3467573696145125,349.0767,0.0009271689341403544
1.3699773242630386,360.61057,0.0010320531437173486
1.3931972789115648,363.38943,0.0014437694335356355
1.4164172335600906,355.047,0.000887680915184319
1.4396371882086167,344.90387,0.0008210462401621044
1.4628571428571429,332.81143,0.0009089256054721773
1.486077097505669,329.3923,0.000805859686806798
1.509297052154195,335.54358,0.0007449262193404138
1.5325170068027212,350.96863,0.0008620098233222961
1.5557369614512473,362.1027,0.0011996552348136902
1.5789569160997732,358.11902,0.0010079008061438799
1.6021768707482993,347.061,0.0007517393096350133
1.6253968253968254,336.8158,0.0008112193318083882
1.6486167800453515,338.51962,0.000744726276025176
1.6718367346938776,345.5295,0.0009808343602344394
1.6950566893424037,352.12256,0.0007870278786867857
1.7182766439909298,366.82175,0.0009713849285617471
1.7414965986394557,405.02856,0.0013230976182967424
1.7647165532879818,440.5728,0.0015554529381915927
1.787936507936508,451.3428,0.0016398979350924492
1.811156462585034,440.49548,0.001921015209518373
1.8343764172335602,419.64877,0.0023343206848949194
1.8575963718820863,402.14984,0.002174438675865531
1.8808163265306124,402.43488,0.002422226592898369
1.9040362811791383,420.4047,0.002692099194973707
1.9272562358276644,454.09537,0.0036289487034082413
1.9504761904761905,468.00037,0.005531569942831993
1.9736961451247166,462.4029,0.0034968541003763676
1.9969160997732427,435.2899,0.0025615107733756304
2.020136054421769,403.52234,0.002313715871423483
2.043356009070295,397.77213,0.0023576202802360058
2.066575963718821,408.7955,0.002883780747652054
2.089795918367347,432.54614,0.0030379982199519873
2.1130158730158732,457.90164,0.004213424399495125
2.1362358276643993,463.40295,0.004584870766848326
2.159455782312925,451.9462,0.002454941626638174
2.182675736961451,436.2756,0.002848814707249403
2.2058956916099772,413.01236,0.002679458586499095
2.2291156462585033,401.7008,0.0027016145177185535
2.2523356009070294,405.48456,0.00277095939964056
2.2755555555555556,418.8242,0.003053896827623248
2.2987755102040817,442.81302,0.0030924843158572912
2.3219954648526078,457.60504,0.0038092886097729206
2.345215419501134,455.05472,0.003202333115041256
2.36843537414966,442.065,0.0027976278215646744
2.391655328798186,421.14072,0.0031754609663039446
2.414875283446712,408.65518,0.0029804089572280645
2.4380952380952383,410.49588,0.003175651654601097
2.4613151927437644,428.29028,0.003041947726160288
2.48453514739229,449.92517,0.0031282484997063875
2.507755102040816,458.42465,0.0036535365507006645
2.5309750566893423,450.6548,0.0025180731900036335
2.5541950113378684,435.43167,0.0030863191932439804
2.5774149659863945,414.98114,0.002901949919760227
2.6006349206349206,408.52063,0.002816086169332266
2.6238548752834467,416.78177,0.0030217343010008335
2.647074829931973,433.08685,0.003066095756366849
2.670294784580499,450.07764,0.003166613634675741
2.693514739229025,451.05038,0.0027369637973606586
2.716734693877551,438.43335,0.002807617885991931
2.7399546485260773,417.1874,0.0029837973415851593
2.7631746031746034,416.67297,0.0026794932782649994
2.7863945578231295,434.78378,0.002965731080621481
2.809614512471655,458.74884,0.005107337608933449
2.8328344671201813,476.1189,0.006906881462782621
2.8560544217687074,485.8507,0.00472680851817131
2.8792743764172335,490.81808,0.0034730613697320223
2.9024943310657596,490.28345,0.0036934716627001762
2.9257142857142857,485.91956,0.005391536746174097
2.948934240362812,482.1738,0.006096957717090845
2.972154195011338,487.88327,0.004080453887581825
2.995374149659864,505.64655,0.0030393959023058414
3.01859410430839,528.13336,0.007082650903612375
3.0418140589569163,539.6176,0.008207261562347412
3.0650340136054424,540.98987,0.008482847362756729
3.0882539682539685,529.1306,0.003933315631002188
3.1114739229024946,489.1743,0.006045022048056126
3.1346938775510207,473.31247,0.009648790583014488
3.1579138321995464,478.76813,0.008190234191715717
3.1811337868480725,500.24496,0.004457061644643545
3.2043537414965986,528.1086,0.010435158386826515
3.2275736961451247,540.8457,0.012271419167518616
3.250793650793651,541.744,0.010114669799804688
3.274013605442177,531.88416,0.006994491443037987
3.297233560090703,501.7793,0.005757268518209457
3.320453514739229,483.5949,0.009940197691321373
3.3436734693877552,485.87885,0.008108656853437424
3.3668934240362813,504.3655,0.005454116500914097
3.3901133786848074,532.74945,0.01351906731724739
3.4133333333333336,548.2904,0.013042430393397808
3.4365532879818597,553.0417,0.013079063966870308
3.4597732426303858,544.69135,0.008971869014203548
3.4829931972789114,516.28455,0.006128063425421715
3.5062131519274375,486.3012,0.010802067816257477
3.5294331065759637,485.48328,0.009358080103993416
3.5526530612244898,504.27176,0.005673464387655258
3.575873015873016,531.22095,0.011465054005384445
3.599092970521542,545.8056,0.01209736056625843
3.622312925170068,551.7455,0.012472070753574371
3.645532879818594,544.3244,0.00968328770250082
3.6687528344671203,523.1012,0.005887467879801989
3.6919727891156464,499.83746,0.004942767787724733
3.7151927437641725,495.1048,0.004306045360863209
3.7384126984126986,507.17056,0.004340093582868576
3.7616326530612247,531.31055,0.009108501486480236
3.784852607709751,540.8471,0.009066283702850342
3.8080725623582765,536.1576,0.008767370134592056
3.8312925170068026,519.7319,0.0037355206441134214
3.8545124716553287,503.54474,0.003346365410834551
3.877732426303855,509.2618,0.005207152105867863
3.900952380952381,524.5639,0.013649324886500835
3.924172335600907,538.1796,0.019751328974962234
3.947392290249433,549.83295,0.02228619158267975
3.9706122448979593,568.06226,0.014891968108713627
3.9938321995464854,613.2367,0.01611957885324955
4.017052154195011,671.4094,0.04979785904288292
4.040272108843538,718.2281,0.04528297111392021
4.063492063492063,740.77423,0.05468790978193283
4.08671201814059,736.80023,0.05201893299818039
4.1099319727891155,708.74493,0.05173192918300629
4.133151927437642,681.0595,0.09951882809400558
4.156371882086168,669.26746,0.08678876608610153
4.179591836734694,678.18335,0.1186821237206459
4.20281179138322,701.74023,0.07143954187631607
4.2260317460317465,734.05707,0.10794564336538315
4.249251700680272,747.155,0.0995219275355339
4.272471655328799,739.49396,0.09567831456661224
4.295691609977324,701.2738,0.11646024882793427
4.31891156462585,674.80023,0.17473000288009644
4.342131519274377,669.85657,0.18405002355575562
4.365351473922902,683.72614,0.182686448097229
4.388571428571429,710.1621,0.10541695356369019
4.4117913832199545,736.6908,0.156415194272995
4.435011337868481,747.1213,0.13385024666786194
4.458231292517007,736.0987,0.11820074915885925
4.481451247165533,701.4023,0.1439306139945984
4.504671201814059,675.72797,0.2028702050447464
4.527891156462585,669.3227,0.1951083242893219
4.551111111111111,681.1949,0.19913266599178314
4.574331065759638,705.28314,0.10533331334590912
4.597551020408163,733.2915,0.1598564088344574
4.62077097505669,747.0612,0.14021317660808563
4.6439909297052155,740.9269,0.13292625546455383
4.667210884353741,713.5344,0.10787484049797058
4.690430839002268,680.636,0.18786516785621643
4.713650793650793,656.0588,0.12124226242303848
4.73687074829932,656.02954,0.1493733525276184
4.760090702947846,676.9683,0.2356904000043869
4.783310657596372,698.6019,0.1328931450843811
4.806530612244898,715.92694,0.1121559888124466
4.829750566893424,715.0918,0.09606094658374786
4.85297052154195,697.11395,0.13078320026397705
4.876190476190477,676.5868,0.18222740292549133
4.899410430839002,680.2852,0.19595591723918915
4.922630385487529,698.51697,0.1258382797241211
4.9458503401360545,706.35565,0.08735412359237671
4.96907029478458,702.14923,0.08731751888990402
4.992290249433107,698.19226,0.08602038025856018
5.015510204081632,704.05035,0.06658115983009338
5.038730158730159,706.16846,0.06935808062553406
5.061950113378685,691.76483,0.11678570508956909
5.085170068027211,652.48114,0.039740391075611115
5.108390022675737,559.88513,0.01057446375489235
5.131609977324263,513.2302,0.003995960112661123
5.154829931972789,523.78204,0.013224589638411999
5.178049886621316,534.8976,0.0169046800583601
5.201269841269841,531.71136,0.011934724636375904
5.224489795918368,521.59625,0.006768787279725075
5.2477097505668935,514.1997,0.0038001593202352524
5.27092970521542,498.13663,0.005044329911470413
5.294149659863946,490.53513,0.005347287282347679
5.317369614512471,505.07724,0.004616731312125921
5.340589569160998,530.44836,0.010732109658420086
5.363809523809524,546.01324,0.00939876027405262
5.38702947845805,550.45435,0.00863465666770935
5.410249433106576,543.5296,0.005680453032255173
5.433469387755102,520.1247,0.004074103198945522
5.456689342403628,493.46088,0.005960565060377121
5.479909297052155,485.91626,0.00732327438890934
5.50312925170068,497.5386,0.0038042261730879545
5.526349206349207,523.8162,0.010928168892860413
5.5495691609977325,543.4461,0.01115347072482109
5.572789115646259,549.81464,0.010059797205030918
5.596009070294785,545.94916,0.007947733625769615
5.61922902494331,526.15326,0.004672590643167496
5.642448979591837,497.1189,0.005236639641225338
5.6656689342403626,487.8601,0.006190093699842691
5.688888888888889,498.25772,0.003528136759996414
5.712108843537415,523.7343,0.008766138926148415
5.735328798185941,549.19086,0.011445793323218822
5.758548752834467,563.12604,0.017303146421909332
5.7817687074829935,566.4901,0.016429942101240158
5.804988662131519,554.9859,0.007482104003429413
5.828208616780046,516.3243,0.0032862145453691483
5.851428571428571,498.28162,0.0031251786276698112
5.874648526077098,502.91794,0.0026693986728787422
5.897868480725624,520.20844,0.005618938244879246
5.92108843537415,538.6255,0.007177157327532768
5.944308390022676,547.27936,0.007477934472262859
5.9675283446712015,549.5592,0.007182798348367214
5.990748299319728,539.72046,0.004243739414960146
6.013968253968254,514.95166,0.0025087962858378887
6.03718820861678,503.36606,0.0022564255632460117
6.060408163265306,509.3167,0.002798902103677392
6.0836281179138325,526.0837,0.006880456581711769
6.106848072562358,535.3249,0.007472284138202667
6.130068027210885,528.40625,0.0050437008030712605
6.15328798185941,516.1302,0.002385461237281561
6.176507936507937,514.905,0.002535878913477063
6.199727891156463,516.3101,0.0026157740503549576
6.222947845804989,499.71884,0.004279891960322857
6.246167800453515,459.5358,0.0051734428852796555
6.269387755102041,419.8345,0.004844381473958492
6.292607709750567,423.6869,0.004125191830098629
6.315827664399093,440.57297,0.0032042809762060642
6.339047619047619,441.8353,0.0028338879346847534
6.362267573696145,438.12524,0.0030768406577408314
6.3854875283446715,429.21902,0.003750031581148505
6.408707482993197,418.48178,0.003237976925447583
6.431927437641724,411.14697,0.002928643487393856
6.455147392290249,417.0067,0.0031958017498254776
6.478367346938776,431.55087,0.0033528823405504227
6.501587301587302,450.06763,0.0029868525452911854
6.524807256235828,458.5002,0.00392537284642458
6.548027210884354,454.28433,0.0029360027983784676
6.57124716553288,441.3992,0.002693707123398781
6.594467120181406,424.69586,0.003698840271681547
6.617687074829932,415.36487,0.0030369642190635204
6.640907029478458,418.0092,0.0034314729273319244
6.664126984126984,431.4333,0.003588232910260558
6.6873469387755105,448.51196,0.0032071424648165703
6.710566893424036,461.52466,0.005141827277839184
6.733786848072563,460.1025,0.003916617948561907
6.757006802721088,446.10336,0.002639816142618656
6.780226757369615,427.26227,0.0035548810847103596
6.8034467120181406,410.62738,0.002788214012980461
6.826666666666667,411.90552,0.0030494851525872946
6.849886621315193,428.98746,0.0035468838177621365
6.873106575963719,449.70102,0.0035593798384070396
6.896326530612245,461.0548,0.005108371376991272
6.9195464852607715,457.28506,0.0033484785817563534
6.942766439909297,441.79553,0.002709758933633566
6.965986394557823,422.06778,0.0032753408886492252
6.989206349206349,413.6679,0.0028794328682124615
7.012426303854875,420.4607,0.0034634536132216454
7.035646258503402,443.43713,0.0032650502398610115
7.058866213151927,459.0191,0.004352627322077751
7.082086167800454,457.24408,0.0030299958307296038
7.1053061224489795,442.76175,0.0022033548448234797
7.128526077097506,429.61078,0.0033056382089853287
7.151746031746032,422.95273,0.0028919384349137545
7.174965986394558,428.2606,0.0031363824382424355
7.198185941043084,443.03018,0.002817555097863078
7.2214058956916105,452.81,0.0027282473165541887
7.244625850340136,446.8773,0.0021965696942061186
7.267845804988662,434.72104,0.003009337466210127
7.291065759637188,430.79132,0.0034557951148599386
7.314285714285714,435.34607,0.0033491654321551323
7.337505668934241,433.82742,0.0037673504557460546
7.360725623582766,419.64233,0.002833438804373145
7.383945578231293,383.57758,0.002138946671038866
7.4071655328798185,349.25464,0.0010724666062742472
7.430385487528345,349.97006,0.0012343612033873796
7.453605442176871,360.3551,0.0015365646686404943
7.476825396825397,359.58884,0.0013831809628754854
7.500045351473923,355.14514,0.0010983027750626206
7.5232653061224495,351.32996,0.0008036928484216332
7.546485260770975,344.3012,0.000772364204749465
7.569705215419502,336.07037,0.0007372723193839192
7.592925170068027,336.66098,0.0007357047288678586
7.616145124716553,345.09485,0.0010923831723630428
7.63936507936508,357.8818,0.0014104217989370227
7.662585034013605,364.88223,0.001721428707242012
7.685804988662132,361.60104,0.0016872372943907976
7.7090249433106575,350.35303,0.0007614630740135908
7.732244897959184,336.52966,0.0008605322218500078
7.75546485260771,334.16144,0.0007794812554493546
7.778684807256236,341.36786,0.0010251665953546762
7.801904761904762,350.18832,0.0010040274355560541
7.8251247165532885,363.40152,0.0014028969453647733
7.848344671201814,366.85196,0.0015393292997032404
7.871564625850341,361.84644,0.001610906096175313
7.894784580498866,352.38367,0.000961115350946784
7.918004535147393,341.85382,0.0008109168848022819
7.9412244897959186,334.98972,0.0007640226976945996
7.964444444444444,340.49817,0.00109189678914845
7.987664399092971,349.4708,0.0011580721475183964
8.010884353741497,360.8591,0.0011886809952557087
8.034104308390022,365.3843,0.001385058043524623
8.057324263038549,360.7866,0.0013977282214909792
8.080544217687075,351.4363,0.0008332454599440098
8.103764172335602,341.9459,0.0008039605454541743
8.126984126984127,339.8449,0.0009387687314301729
8.150204081632653,347.35297,0.0011859399965032935
8.17342403628118,357.33157,0.0009844054002314806
8.196643990929706,363.18216,0.0011986605823040009
8.219863945578231,361.23303,0.0013361071469262242
8.243083900226758,354.2375,0.0008388801361434162
8.266303854875284,342.29544,0.00069581059506163
8.289523809523809,336.48288,0.0006544130737893283
8.312743764172335,338.44327,0.0007430589757859707
8.335963718820862,348.25208,0.0010801656171679497
8.359183673469389,359.4423,0.0009418099652975798
8.382403628117913,368.04962,0.001275881309993565
8.40562358276644,366.33548,0.0011619580909609795
8.428843537414966,356.99353,0.000997418537735939
8.452063492063493,344.26666,0.0006265725241973996
8.475283446712018,336.69543,0.0006587360985577106
8.498503401360544,338.66187,0.0006689677247777581
8.52172335600907,347.66882,0.0008790533756837249
8.544943310657597,358.87457,0.0008400563383474946
8.568163265306122,362.20435,0.0010314066894352436
8.591383219954649,356.15167,0.0008707227534614503
8.614603174603175,345.4816,0.0006395578384399414
8.6378231292517,338.1663,0.0006470782682299614
8.661043083900227,337.00702,0.0005414632614701986
8.684263038548753,342.37314,0.000795876607298851
8.70748299319728,357.64127,0.0008860794478096068
8.730702947845804,363.80026,0.001083727227523923
8.753922902494331,356.38623,0.0009068419458344579
8.777142857142858,341.40228,0.0005670069949701428
8.800362811791384,336.94556,0.0007274005329236388
8.823582766439909,349.61462,0.0008556663524359465
8.846802721088435,356.55722,0.00045602163299918175
8.870022675736962,353.05185,0.00012505674385465682
8.893242630385489,344.6279,3.873561945511028e-05
8.916462585034013,0.0,3.0241008062148467e-06
8.93968253968254,0.0,4.426392479217611e-07
8.962902494331066,0.0,1.7135698726633564e-07
8.986122448979591,0.0,8.650022209621966e-08
9.009342403628118,0.0,7.371363608399406e-08
9.032562358276644,0.0,2.334600139874965e-07
9.05578231292517,0.0,2.2483709471998736e-07
9.079002267573696,0.0,3.494087650324218e-07
9.102222222222222,0.0,4.4330772652756423e-07
9.125442176870749,0.0,3.07171831082087e-07
9.148662131519275,0.0,2.4948985810624436e-07
9.1718820861678,0.0,3.291643224656582e-07
9.195102040816327,0.0,1.4194029063219205e-07
9.218321995464853,0.0,2.4033852241700515e-07
9.24154195011338,0.0,3.0748287827009335e-07
9.264761904761905,0.0,4.4414173316909e-07
9.287981859410431,0.0,3.545655999914743e-07
9.311201814058958,0.0,1.7188722267746925e-07
