0.0,0.0,3.6613164411392063e-07
0.023219954648526078,0.0,3.94836206396576e-07
0.046439909297052155,0.0,2.1747109713032842e-07
0.06965986394557823,0.0,3.253344402764924e-07
0.09287981859410431,0.0,4.004614311270416e-07
0.11609977324263039,0.0,1.812386472010985e-07
0.13931972789115646,0.0,4.9022673920262605e-08
0.16253968253968254,0.0,3.703280526679009e-08
0.18575963718820862,0.0,4.387493390822783e-08
0.2089795918367347,0.0,4.041976353619248e-08
0.23219954648526078,0.0,6.443588063120842e-08
0.25541950113378686,0.0,5.899437383050099e-08
0.2786394557823129,0.0,6.76282070344314e-08
0.301859410430839,0.0,1.6359990695491433e-07
0.3250793650793651,0.0,1.0591338650556281e-07
0.3482993197278912,0.0,1.6102967492770404e-07
0.37151927437641724,0.0,1.2462714948924258e-07
0.3947392290249433,0.0,9.272298484575003e-08
0.4179591836734694,0.0,7.806556823197752e-08
0.44117913832199546,0.0,6.445952749345452e-08
0.46439909297052157,0.0,7.524058673880063e-07
0.4876190476190476,0.0,1.025389792630449e-06
0.5108390022675737,0.0,2.271945049869828e-07
0.5340589569160998,0.0,1.0435996955493465e-07
0.5572789115646258,0.0,9.603536454960704e-08
0.5804988662131519,0.0,6.220670911716297e-08
0.603718820861678,0.0,1.0959774954244494e-07
0.626938775510204,0.0,1.4738634490640834e-07
0.6501587301587302,0.0,7.81339349487098e-06
0.6733786848072563,275.23026,2.185851553804241e-05
0.6965986394557824,271.62698,3.689196819323115e-05
0.7198185941043084,270.81393,4.972465831087902e-05
0.7430385487528345,269.18845,6.183997902553529e-05
0.7662585034013606,269.84274,7.736959378235042e-05
0.7894784580498866,272.51285,8.952752250479534e-05
0.8126984126984127,274.19138,9.533394768368453e-05
0.8359183673469388,274.2434,0.00011937402450712398
0.8591383219954649,275.8948,0.00014481577090919018
0.8823582766439909,276.6527,0.00015781681577209383
0.905578231292517,274.74533,0.00018637094763107598
0.9287981859410431,272.50098,0.0001890078856376931
0.9520181405895691,268.72128,0.00018463583546690643
0.9752380952380952,262.5526,0.00019618823716882616
0.9984580498866213,260.54184,0.00019755432731471956
1.0216780045351475,262.99713,0.0002149015781469643
1.0448979591836736,270.36588,0.000265051843598485
1.0681179138321997,279.2845,0.00028185214614495635
1.0913378684807256,283.93045,0.000271990749752149
1.1145578231292517,279.94568,0.00026208115741610527
1.1377777777777778,272.64594,0.00022554660972673446
1.1609977324263039,260.07684,0.00025917039602063596
1.18421768707483,254.5024,0.0002983557933475822
1.207437641723356,257.2724,0.000262069224845618
1.2306575963718822,263.39005,0.000288235314656049
1.253877551020408,272.37463,0.00030413921922445297
1.2770975056689342,280.16586,0.00031974533339962363
1.3003174603174603,283.19968,0.00034100981429219246
1.3235374149659864,279.85577,0.0003742185072042048
1.3467573696145125,271.6891,0.00027926109032705426
1.3699773242630386,261.0716,0.00023404783860314637
1.3931972789115648,264.07394,0.00025528387050144374
1.4164172335600906,268.4136,0.00030796878854744136
1.4396371882086167,275.76752,0.00033268664265051484
1.4628571428571429,286.514,0.0003134552971459925
1.486077097505669,296.2953,0.00020591981592588127
1.509297052154195,301.96167,0.00017406056576874107
1.5325170068027212,300.87766,0.0002331637078896165
1.5557369614512473,294.7107,0.0003014742396771908
1.5789569160997732,286.50278,0.00032858503982424736
1.6021768707482993,283.37323,0.00028180162189528346
1.6253968253968254,285.84332,0.00026875745970755816
1.6486167800453515,293.25278,0.00022578972857445478
1.6718367346938776,306.5312,0.0001365050411550328
1.6950566893424037,314.2554,0.00014769354311283678
1.7182766439909298,311.6028,0.0001690689823590219
1.7414965986394557,299.7506,0.0003098752931691706
1.7647165532879818,285.0943,0.00034539634361863136
1.787936507936508,280.20868,0.00029642938170582056
1.811156462585034,282.7847,0.0003018905408680439
1.8343764172335602,287.52182,0.0003542925987858325
1.8575963718820863,299.55212,0.0002855026687029749
1.8808163265306124,317.13806,0.00020542400307022035
1.9040362811791383,321.80984,0.0002123979211319238
1.9272562358276644,313.69644,0.00025351549265906215
1.9504761904761905,295.73886,0.0002931273775175214
1.9736961451247166,286.3879,0.0003153626748826355
1.9969160997732427,286.79617,0.0002558297710493207
2.020136054421769,299.11053,0.00020582778961397707
2.043356009070295,321.79724,0.00020522311388049275
2.066575963718821,338.43408,0.00027824711287394166
2.089795918367347,339.89566,0.0003459620929788798
2.1130158730158732,331.43878,0.0003300594980828464
2.1362358276643993,321.02927,0.0002991221263073385
2.159455782312925,314.15564,0.00032230300712399185
2.182675736961451,316.3326,0.00035437490441836417
2.2058956916099772,328.18335,0.00047865029773674905
2.2291156462585033,344.95306,0.0005281651974655688
2.2523356009070294,356.73038,0.00047723855823278427
2.2755555555555556,352.48993,0.0005488665774464607
2.2987755102040817,340.7256,0.0007073982269503176
2.3219954648526078,323.98645,0.00045649343519471586
2.345215419501134,314.3928,0.00047712118248455226
2.36843537414966,315.9734,0.0004342087486293167
2.391655328798186,325.76556,0.0005812904564663768
2.414875283446712,343.1274,0.0006365643348544836
2.4380952380952383,355.9801,0.0005627407226711512
2.4613151927437644,355.91748,0.0005230538663454354
2.48453514739229,343.8819,0.0007060820353217423
2.507755102040816,321.939,0.0004764346231240779
2.5309750566893423,315.14307,0.0004982260870747268
2.5541950113378684,318.34555,0.0004140674718655646
2.5774149659863945,333.82452,0.0005374339525587857
2.6006349206349206,351.9005,0.0004434811417013407
2.6238548752834467,361.66455,0.0004112104943487793
2.647074829931973,356.93637,0.0004922170774079859
2.670294784580499,347.17914,0.0006666897097602487
2.693514739229025,337.92938,0.0008275201544165611
2.716734693877551,331.53406,0.0006023546447977424
2.7399546485260773,335.18048,0.0006161176133900881
2.7631746031746034,346.10428,0.000632811919786036
2.7863945578231295,361.70197,0.0005627343780361116
2.809614512471655,376.7146,0.0006516185239888728
2.8328344671201813,374.3196,0.000693437410518527
2.8560544217687074,361.49265,0.0007720127468928695
2.8792743764172335,347.00336,0.0008939566323533654
2.9024943310657596,333.84778,0.0009204515954479575
2.9257142857142857,333.21524,0.000811029807664454
2.948934240362812,342.9674,0.0006914188852533698
2.972154195011338,358.82587,0.0006129256216809154
2.995374149659864,374.43756,0.0006641856743954122
3.01859410430839,377.34338,0.0005551629001274705
3.0418140589569163,363.5823,0.0006848167977295816
3.0650340136054424,345.4269,0.0006423200247809291
3.0882539682539685,341.86624,0.0006313323974609375
3.1114739229024946,355.6916,0.0003560018667485565
3.1346938775510207,375.66043,0.00044541191891767085
3.1579138321995464,394.82693,0.0003977019223384559
3.1811337868480725,397.1925,0.00043610495049506426
3.2043537414965986,385.88358,0.00036797410575672984
3.2275736961451247,372.14908,0.0005765410605818033
3.250793650793651,365.39432,0.0006287293508648872
3.274013605442177,368.0518,0.0006816325476393104
3.297233560090703,381.56204,0.0005598079296760261
3.320453514739229,398.52216,0.0008242474868893623
3.3436734693877552,413.97708,0.0010153606999665499
3.3668934240362813,412.2512,0.0009726055432111025
3.3901133786848074,399.04758,0.0007268544868566096
3.4133333333333336,383.613,0.0007172918412834406
3.4365532879818597,364.75757,0.0008051482727751136
3.4597732426303858,360.0877,0.0007864746730774641
3.4829931972789114,370.0452,0.0009611694258637726
3.5062131519274375,392.85016,0.0008519756374880672
3.5294331065759637,410.8405,0.001239455072209239
3.5526530612244898,414.01352,0.0010956886690109968
3.575873015873016,402.43607,0.0008489259635098279
3.599092970521542,387.31747,0.0007033210713416338
3.622312925170068,369.81866,0.0009632622823119164
3.645532879818594,369.38623,0.0009534282144159079
3.6687528344671203,385.74728,0.0007983669056557119
3.6919727891156464,410.12994,0.0010266909375786781
3.7151927437641725,445.427,0.0009249916183762252
3.7384126984126986,462.58926,0.0009890964720398188
3.7616326530612247,455.70297,0.0008012346224859357
3.784852607709751,434.15808,0.0009383384604007006
3.8080725623582765,413.1252,0.0009490508818998933
3.8312925170068026,410.8468,0.000991802429780364
3.8545124716553287,426.2683,0.0010765496408566833
3.877732426303855,447.87408,0.0009350998443551362
3.900952380952381,465.98764,0.0009422819712199271
3.924172335600907,469.22693,0.0010222012642771006
3.947392290249433,453.2634,0.001117372652515769
3.9706122448979593,430.48767,0.0012928372016176581
3.9938321995464854,414.80576,0.0012958473525941372
4.017052154195011,421.49002,0.001461266539990902
4.040272108843538,442.22784,0.0018408950418233871
4.063492063492063,460.6437,0.0014034435153007507
4.08671201814059,471.38992,0.001545364735648036
4.1099319727891155,460.76624,0.001859645009972155
4.133151927437642,445.70593,0.0017036949284374714
4.156371882086168,427.81564,0.0018998680170625448
4.179591836734694,420.89856,0.0018916086992248893
4.20281179138322,431.48456,0.0019370645750313997
4.2260317460317465,455.0583,0.0017276834696531296
4.249251700680272,483.38544,0.0021755583584308624
4.272471655328799,503.08572,0.0008725515217520297
4.295691609977324,506.10092,0.0007086772820912302
4.31891156462585,496.07712,0.0016473388532176614
4.342131519274377,480.9451,0.0022779330611228943
4.365351473922902,466.3064,0.0013465757947415113
4.388571428571429,465.19086,0.0013924331869930029
4.4117913832199545,477.7797,0.0020916529465466738
4.435011337868481,498.07425,0.0010520531795918941
4.458231292517007,520.11304,0.0009421108406968415
4.481451247165533,524.91797,0.0011806186521425843
4.504671201814059,515.9969,0.0009259002399630845
4.527891156462585,495.15494,0.0027455007657408714
4.551111111111111,473.41885,0.0031204093247652054
4.574331065759638,470.29828,0.0030897660180926323
4.597551020408163,485.0334,0.0032939547672867775
4.62077097505669,513.2804,0.0011820245999842882
4.6439909297052155,531.1246,0.0021617200691252947
4.667210884353741,530.78235,0.0017507688608020544
4.690430839002268,513.37714,0.0012186049716547132
4.713650793650793,480.75836,0.002865310525521636
4.73687074829932,464.09082,0.0017458060756325722
4.760090702947846,475.17538,0.002524003619328141
4.783310657596372,503.51935,0.0012381693813949823
4.806530612244898,535.6375,0.0015815270598977804
4.829750566893424,547.4109,0.0015968024963513017
4.85297052154195,540.16425,0.001607268932275474
4.876190476190477,522.1168,0.0010084318928420544
4.899410430839002,500.48636,0.002069904003292322
4.922630385487529,492.86514,0.002907179296016693
4.9458503401360545,505.52258,0.0010378486476838589
4.96907029478458,528.36835,0.001825678045861423
4.992290249433107,548.75165,0.002039461862295866
5.015510204081632,551.6238,0.0023828037083148956
5.038730158730159,542.84045,0.002570776268839836
5.061950113378685,523.3106,0.0014658579602837563
5.085170068027211,496.76224,0.0036793970502913
5.108390022675737,488.51797,0.005171083379536867
5.131609977324263,503.01575,0.001800210913643241
5.154829931972789,532.12,0.0028113697189837694
5.178049886621316,555.2428,0.0024876699317246675
5.201269841269841,558.80927,0.0021045587491244078
5.224489795918368,543.6571,0.0026773568242788315
5.2477097505668935,519.8392,0.0018686822149902582
5.27092970521542,496.9959,0.004077326972037554
5.294149659863946,499.77716,0.0027004126459360123
5.317369614512471,524.3347,0.002597568091005087
5.340589569160998,560.73236,0.0036882073618471622
5.363809523809524,588.64014,0.00688864104449749
5.38702947845805,601.68256,0.006123521365225315
5.410249433106576,599.9624,0.005472547374665737
5.433469387755102,585.8356,0.0027728176210075617
5.456689342403628,571.1284,0.002096777083352208
5.479909297052155,566.2397,0.0018964351620525122
5.50312925170068,571.99866,0.0026108683086931705
5.526349206349207,585.9241,0.0037147882394492626
5.5495691609977325,601.1036,0.005127592943608761
5.572789115646259,611.0769,0.008862728253006935
5.596009070294785,607.5462,0.010546919889748096
5.61922902494331,593.6051,0.009003208950161934
5.642448979591837,572.42346,0.004391680937260389
5.6656689342403626,562.4896,0.0034365630708634853
5.688888888888889,572.3772,0.006787271238863468
5.712108843537415,597.7649,0.011404832825064659
5.735328798185941,622.3969,0.009610931389033794
5.758548752834467,633.35785,0.00947690661996603
5.7817687074829935,616.42474,0.018018383532762527
5.804988662131519,590.77997,0.012296780943870544
5.828208616780046,565.6454,0.003993267193436623
5.851428571428571,566.09045,0.005318757612258196
5.874648526077098,587.7169,0.013272562064230442
5.897868480725624,608.728,0.016654122620821
5.92108843537415,617.38617,0.013804865069687366
5.944308390022676,600.07117,0.005795946344733238
5.9675283446712015,563.1104,0.0015643836231902242
5.990748299319728,524.0684,0.001034994376823306
6.013968253968254,520.3174,0.0011308669345453382
6.03718820861678,529.9315,0.001756239915266633
6.060408163265306,539.4584,0.0017895656637847424
6.0836281179138325,538.55286,0.0018281005322933197
6.106848072562358,528.1427,0.0015502397436648607
6.130068027210885,514.0927,0.00102897547185421
6.15328798185941,503.602,0.0012841348070651293
6.176507936507937,509.598,0.000909866881556809
6.199727891156463,527.8688,0.0018104218179360032
6.222947845804989,549.2192,0.0018578371964395046
6.246167800453515,562.4241,0.002394690178334713
6.269387755102041,559.5408,0.0018340619280934334
6.292607709750567,541.1353,0.0018936602864414454
6.315827664399093,518.27075,0.001308880397118628
6.339047619047619,504.29233,0.0013512230943888426
6.362267573696145,513.3856,0.001172802527435124
6.3854875283446715,534.47736,0.0021106870844960213
6.408707482993197,553.2125,0.0017608822090551257
6.431927437641724,554.3895,0.001279668416827917
6.455147392290249,537.90985,0.0015420420095324516
6.478367346938776,512.7576,0.0015737117500975728
6.501587301587302,484.66672,0.004065955989062786
6.524807256235828,478.26193,0.004072112496942282
6.548027210884354,490.11942,0.0025478277821093798
6.57124716553288,508.34073,0.0006446476909331977
6.594467120181406,517.6954,0.0008321190252900124
6.617687074829932,515.7448,0.0008128323825076222
6.640907029478458,502.60217,0.001587610924616456
6.664126984126984,484.4719,0.003658920992165804
6.6873469387755105,477.64923,0.0037906588986516
6.710566893424036,486.60565,0.0032280483283102512
6.733786848072563,505.05563,0.001055912347510457
6.757006802721088,521.754,0.0014529714826494455
6.780226757369615,528.9697,0.0017235098639503121
6.8034467120181406,523.0412,0.0012638636399060488
6.826666666666667,504.60123,0.0019523275550454855
6.849886621315193,481.6817,0.004298476502299309
6.873106575963719,479.17026,0.004621650092303753
6.896326530612245,493.12003,0.0030431742779910564
6.9195464852607715,512.96967,0.001453214674256742
6.942766439909297,520.1745,0.0015531335957348347
6.965986394557823,509.75613,0.0013831545365974307
6.989206349206349,479.2486,0.00325984600931406
7.012426303854875,454.67316,0.0019080857746303082
7.035646258503402,440.72412,0.001954294741153717
7.058866213151927,447.06314,0.001522103906609118
7.082086167800454,457.1732,0.0017605002503842115
7.1053061224489795,459.50208,0.0019536165054887533
7.128526077097506,453.10245,0.001452640863135457
7.151746031746032,441.65173,0.0015317865181714296
7.174965986394558,430.17886,0.00199328176677227
7.198185941043084,422.8966,0.002026486210525036
7.2214058956916105,428.12555,0.0020407414995133877
7.244625850340136,444.11487,0.0018101963214576244
7.267845804988662,461.89548,0.0021514268592000008
7.291065759637188,465.78107,0.002048758091405034
7.314285714285714,457.27917,0.0016590725863352418
7.337505668934241,440.90924,0.0015332276234403253
7.360725623582766,423.36768,0.0017690823879092932
7.383945578231293,417.2314,0.00175644108094275
7.4071655328798185,425.24744,0.002038310980424285
7.430385487528345,444.83023,0.001843764679506421
7.453605442176871,456.78387,0.0016921316273510456
7.476825396825397,451.4408,0.0013092641020193696
7.500045351473923,435.47137,0.0013500340282917023
7.5232653061224495,412.00168,0.0008799722418189049
7.546485260770975,395.4805,0.0006398471887223423
7.569705215419502,394.9586,0.0006141384947113693
7.592925170068027,404.78296,0.0007861106423661113
7.616145124716553,413.37366,0.0008249124512076378
7.63936507936508,410.69818,0.000765338889323175
7.662585034013605,402.14084,0.0006286806892603636
7.685804988662132,390.26837,0.0004771453677676618
7.7090249433106575,377.73785,0.0006561634945683181
7.732244897959184,372.59888,0.0008360339561477304
7.75546485260771,377.27274,0.000603581196628511
7.778684807256236,391.04022,0.000576722261030227
7.801904761904762,409.3114,0.0008598740096203983
7.8251247165532885,415.83377,0.0007537511410191655
7.848344671201814,409.2361,0.0005909851170144975
7.871564625850341,395.8884,0.0004097077762708068
7.894784580498866,380.36026,0.0004198999668005854
7.918004535147393,371.94345,0.0005790431750938296
7.9412244897959186,376.1794,0.0005119159468449652
7.964444444444444,393.0557,0.0005257302545942366
7.987664399092971,408.99124,0.0007035980233922601
8.010884353741497,410.7734,0.0005943917785771191
8.034104308390022,397.61166,0.00034768565092235804
8.057324263038549,372.11063,0.0003509095695335418
8.080544217687075,351.63824,0.00018954763072542846
8.103764172335602,342.27277,0.0002422057732474059
8.126984126984127,345.87195,0.00024086510529741645
8.150204081632653,353.43488,0.0001631209161132574
8.17342403628118,360.80768,0.00021771118917968124
8.196643990929706,360.2488,0.0002709373948164284
8.219863945578231,352.35623,0.00014446821296587586
8.243083900226758,341.63937,0.00021929116337560117
8.266303854875284,335.46503,0.000239971763221547
8.289523809523809,337.55496,0.00022531028662342578
8.312743764172335,346.93686,0.0002634967677295208
8.335963718820862,358.00006,0.00021679647034034133
8.359183673469389,367.49615,0.0004068064736202359
8.382403628117913,366.85684,0.00034765698364935815
8.40562358276644,355.1474,0.00020024762488901615
8.428843537414966,341.2347,0.00026084028650075197
8.452063492063493,333.47006,0.0002981950237881392
8.475283446712018,335.32605,0.00022158640786074102
8.498503401360544,342.02002,0.00021336910140234977
8.52172335600907,348.38748,0.00020142813446000218
8.544943310657597,354.653,0.00012840732233598828
8.568163265306122,350.443,0.00011622543388511986
8.591383219954649,334.62952,0.00020908223814330995
8.614603174603175,322.07462,0.00019976442854385823
8.6378231292517,317.02045,0.00018865635502152145
8.661043083900227,317.0071,0.00018009314953815192
8.684263038548753,323.2274,0.00013169419253244996
8.70748299319728,335.5106,0.0001362120092380792
8.730702947845804,343.4817,0.00015143454947974533
8.753922902494331,340.6495,0.00019457523012533784
8.777142857142858,332.88815,0.0001735173282213509
8.800362811791384,326.10907,0.0001415415754308924
8.823582766439909,323.42276,0.00019396482093725353
8.846802721088435,325.24762,0.00015923204773571342
8.870022675736962,332.67886,0.0001818005257518962
8.893242630385489,340.50162,0.0001732453820295632
8.916462585034013,348.27615,0.00019083882216364145
8.93968253968254,345.10757,0.0002083129365928471
8.962902494331066,336.24045,0.00027249346021562815
8.986122448979591,329.0804,0.00016632454935461283
9.009342403628118,321.45334,0.00023253301333170384
9.032562358276644,321.4262,0.00019326798792462796
9.05578231292517,330.20032,0.00019352216622792184
9.079002267573696,337.8282,0.00018110785458702594
9.102222222222222,341.08395,0.0001927898556459695
9.125442176870749,333.85886,0.00017725008365232497
9.148662131519275,318.8083,0.00015022989828139544
9.1718820861678,293.39957,0.00015562055341433734
9.195102040816327,285.2257,0.00018414942314848304
9.218321995464853,285.2904,0.00015758926747366786
9.24154195011338,289.3217,0.00012441437866073102
9.264761904761905,294.0935,0.00012355820217635483
9.287981859410431,294.56735,0.00013060499622952193
9.311201814058958,289.91135,0.00014018967340234667
9.334421768707482,285.6643,0.0001425245573045686
9.357641723356009,282.81763,0.00013264501467347145
9.380861678004536,282.81024,0.00013567233690991998
9.404081632653062,286.2913,0.00013923353981226683
9.427301587301587,296.23007,0.00011973665095865726
9.450521541950113,306.0183,0.00011525845184223726
9.47374149659864,307.9797,0.00012054130638716742
9.496961451247167,302.6193,0.00011027551227016374
9.520181405895691,294.64496,0.0001299150026170537
9.543401360544218,286.62088,0.0001493301533628255
9.566621315192744,282.68314,0.00013007715460844338
9.58984126984127,284.7878,0.00014030426973477006
9.613061224489796,292.00546,0.00012627479736693203
9.636281179138322,299.59158,0.00012544594937935472
9.659501133786849,301.75296,0.0001079477951861918
9.682721088435374,295.39807,0.0001228666224051267
9.7059410430839,270.78708,0.0001749341463437304
9.729160997732427,260.40652,0.00012763304403051734
9.752380952380953,258.59915,0.00010691293573472649
9.775600907029478,261.31482,0.00012659236381296068
9.798820861678005,269.10373,0.00013356225099414587
9.822040816326531,275.18936,9.785273141460493e-05
9.845260770975058,274.1965,0.00011526828893693164
9.868480725623582,267.9648,0.0001179496175609529
9.891700680272109,261.18982,9.666153346188366e-05
9.914920634920636,254.38005,7.022297359071672e-05
9.93814058956916,251.19093,6.953376578167081e-05
9.961360544217687,253.87674,6.731135363224894e-05
9.984580498866213,260.58566,9.582824714016169e-05
10.00780045351474,266.9206,0.00012005762255284935
10.031020408163265,272.89618,9.94988004094921e-05
10.054240362811791,271.66547,9.865098400041461e-05
10.077460317460318,262.45325,8.495731162838638e-05
10.100680272108844,254.77626,6.824015872552991e-05
10.12390022675737,249.69272,6.850637146271765e-05
10.147120181405896,250.5814,6.622741057071835e-05
10.170340136054422,257.8888,6.096263314248063e-05
10.193560090702949,267.5811,7.843082130420953e-05
10.216780045351474,276.17654,5.485807196237147e-05
10.24,281.2968,5.3199895774014294e-05
10.263219954648527,275.11353,6.83583493810147e-05
10.286439909297052,263.4881,5.404671173891984e-05
10.309659863945578,250.4596,4.970509689883329e-05
10.332879818594105,244.99641,6.12970907241106e-05
10.356099773242631,246.77959,5.0422593631083146e-05
10.379319727891156,255.47252,3.5232253139838576e-05
10.402539682539683,268.21115,4.275353057892062e-05
10.425759637188209,278.45496,3.479946099105291e-05
10.448979591836736,278.3513,3.371231287019327e-05
10.47219954648526,269.00284,2.9305208954610862e-05
10.495419501133787,256.88754,2.3378190235234797e-05
10.518639455782314,247.62248,1.711026197881438e-05
10.54185941043084,248.58478,1.6991842130664736e-05
10.565079365079365,259.43326,1.370339305140078e-05
10.588299319727891,273.59772,1.635230000829324e-05
10.611519274376418,283.9283,1.762920874170959e-05
10.634739229024943,278.94916,1.4648421711171977e-05
10.65795918367347,0.0,7.164469025155995e-06
10.681179138321996,0.0,6.393188414222095e-06
10.704399092970522,0.0,5.591982699115761e-06
10.727619047619047,0.0,4.716555849881843e-06
10.750839002267574,0.0,2.8404983822838403e-06
10.7740589569161,0.0,3.511631803121418e-07
10.797278911564627,0.0,1.476964825997129e-07
10.820498866213152,0.0,8.820643415674567e-08
10.843718820861678,0.0,1.2233340385137126e-07
10.866938775510205,0.0,7.948892744025216e-08
10.890158730158731,0.0,7.443668437190354e-08
10.913378684807256,0.0,1.5231671568471938e-07
10.936598639455783,0.0,8.878396329237148e-08
10.95981859410431,0.0,4.7361027100123465e-08
10.983038548752834,0.0,1.2899272405775264e-07
11.00625850340136,0.0,7.698326953686774e-08
