0.0,0.0,3.7469089875230566e-07
0.023219954648526078,0.0,2.4111068341881037e-07
0.046439909297052155,0.0,2.256083462270908e-07
0.06965986394557823,0.0,1.6077410691650584e-07
0.09287981859410431,0.0,1.375001374981366e-07
0.11609977324263039,0.0,2.3089251044439152e-07
0.13931972789115646,0.0,1.4241686585592106e-07
0.16253968253968254,0.0,1.3293993106344715e-07
0.18575963718820862,0.0,2.2171388991409913e-07
0.2089795918367347,0.0,1.1655720300041139e-07
0.23219954648526078,0.0,3.896129783242941e-07
0.25541950113378686,0.0,2.097849574056454e-07
0.2786394557823129,0.0,1.8175796867581084e-07
0.301859410430839,0.0,5.008332664147019e-07
0.3250793650793651,0.0,9.674677130533382e-07
0.3482993197278912,0.0,5.74524347030092e-06
0.37151927437641724,106.500725,0.00019272445933893323
0.3947392290249433,231.52528,0.00020616459369193763
0.4179591836734694,140.94347,0.0002951997157651931
0.44117913832199546,147.34555,0.0005815312033519149
0.46439909297052157,140.40791,0.0005258506862446666
0.4876190476190476,126.9965,0.0005869544111192226
0.5108390022675737,121.057106,0.0007913344306871295
0.5340589569160998,116.54943,0.0007867998210713267
0.5572789115646258,115.20799,0.0007053951849229634
0.5804988662131519,119.84478,0.0010411340044811368
0.603718820861678,462.30127,0.0006058447761461139
0.626938775510204,137.85696,0.0005855736089870334
0.6501587301587302,140.96725,0.0009668683051131666
0.6733786848072563,139.69173,0.0005045544821768999
0.6965986394557824,132.7243,0.0005872941110283136
0.7198185941043084,463.2314,0.0008109295158647001
0.7430385487528345,117.36284,0.0007813173579052091
0.7662585034013606,117.32882,0.0009516626596450806
0.7894784580498866,466.29138,0.0010424477513879538
0.8126984126984127,467.80133,0.0007697208784520626
0.8359183673469388,134.69249,0.0006969879032112658
0.8591383219954649,138.70316,0.0006775892106816173
0.8823582766439909,136.39282,0.0005450373282656074
0.905578231292517,129.42133,0.0007836624281480908
0.9287981859410431,124.42634,0.0010695597156882286
0.9520181405895691,121.59114,0.000822280184365809
0.9752380952380952,120.41436,0.0009417888941243291
0.9984580498866213,467.8475,0.0012032093945890665
1.0216780045351475,128.29248,0.0009821734856814146
1.0448979591836736,131.58813,0.0005803328240290284
1.0681179138321997,132.06424,0.000691358232870698
1.0913378684807256,129.40285,0.0009696574416011572
1.1145578231292517,468.01205,0.00123752118088305
1.1377777777777778,122.66467,0.0008529811166226864
1.1609977324263039,122.41693,0.0007104410324245691
1.18421768707483,123.01959,0.0007984299445524812
1.207437641723356,124.35947,0.0011213731486350298
1.2306575963718822,126.86883,0.001385389594361186
1.253877551020408,129.00737,0.0011937394738197327
1.2770975056689342,462.64056,0.0016008204547688365
1.3003174603174603,124.33064,0.001775022130459547
1.3235374149659864,127.3603,0.0012695854529738426
1.3467573696145125,460.45837,0.0006014634855091572
1.3699773242630386,149.80637,0.0011608933564275503
1.3931972789115648,169.46239,0.0009372326312586665
1.4164172335600906,181.76569,0.0009478296851739287
1.4396371882086167,174.0239,0.002920275554060936
1.4628571428571429,466.41724,0.0020200051367282867
1.486077097505669,148.12657,0.001938112429343164
1.509297052154195,145.58636,0.0024476011749356985
1.5325170068027212,147.54266,0.00254087895154953
1.5557369614512473,460.68042,0.0025730037596076727
1.5789569160997732,466.74997,0.003840603632852435
1.6021768707482993,178.05635,0.0017232864629477262
1.6253968253968254,176.96011,0.0025679543614387512
1.6486167800453515,473.54538,0.0050411103293299675
1.6718367346938776,467.5781,0.0026431921869516373
1.6950566893424037,148.09474,0.002802364295348525
1.7182766439909298,146.43877,0.0028327596373856068
1.7414965986394557,148.47578,0.0036002008710056543
1.7647165532879818,465.92892,0.00410577654838562
1.787936507936508,469.4824,0.005457733757793903
1.811156462585034,174.75903,0.002546553034335375
1.8343764172335602,170.24901,0.005630445666611195
1.8575963718820863,473.5199,0.0045920126140117645
1.8808163265306124,465.57254,0.0030089104548096657
1.9040362811791383,145.60156,0.002591314259916544
1.9272562358276644,144.84607,0.0030508888885378838
1.9504761904761905,148.61906,0.0038403584621846676
1.9736961451247166,462.8823,0.004255296662449837
1.9969160997732427,468.4786,0.0071993377059698105
2.020136054421769,171.82326,0.005983065813779831
2.043356009070295,169.12611,0.00753032648935914
2.066575963718821,469.489,0.004809048026800156
2.089795918367347,154.7311,0.003843012498691678
2.1130158730158732,151.3185,0.0044123707339167595
2.1362358276643993,152.80998,0.004838232416659594
2.159455782312925,156.75005,0.004720825236290693
2.182675736961451,162.67021,0.006566595286130905
2.2058956916099772,166.51947,0.011466837488114834
2.2291156462585033,165.27293,0.010455803945660591
2.2523356009070294,461.12372,0.004663002211600542
2.2755555555555556,149.81401,0.005533049814403057
2.2987755102040817,460.1653,0.0054193343967199326
2.3219954648526078,467.63846,0.0030839326791465282
2.345215419501134,196.93623,0.002515499945729971
2.36843537414966,208.47899,0.0027772432658821344
2.391655328798186,207.26558,0.0027088485658168793
2.414875283446712,195.10202,0.00260393344797194
2.4380952380952383,180.0434,0.0034199096262454987
2.4613151927437644,172.15468,0.006737075746059418
2.48453514739229,173.56874,0.003603809280321002
2.507755102040816,181.1022,0.0021837311796844006
2.5309750566893423,192.72385,0.002690298017114401
2.5541950113378684,201.54811,0.002767730038613081
2.5774149659863945,203.86133,0.00297998427413404
2.6006349206349206,198.12617,0.003128101583570242
2.6238548752834467,191.29124,0.0022789230570197105
2.647074829931973,180.95682,0.003075825981795788
2.670294784580499,177.02107,0.0032256669364869595
2.693514739229025,177.80176,0.00268518622033298
2.716734693877551,182.01628,0.002799972193315625
2.7399546485260773,194.70181,0.0032671699300408363
2.7631746031746034,207.13211,0.0032211318612098694
2.7863945578231295,209.72597,0.0034698599483817816
2.809614512471655,202.35947,0.00349182216450572
2.8328344671201813,192.56071,0.0029395981691777706
2.8560544217687074,181.98091,0.00396141828969121
2.8792743764172335,178.67828,0.0040902020409703255
2.9024943310657596,179.6063,0.0042494614608585835
2.9257142857142857,183.99794,0.0030246779788285494
2.948934240362812,193.47252,0.0038533625192940235
2.972154195011338,197.79645,0.0036287980619817972
2.995374149659864,196.42636,0.0040321811102330685
3.01859410430839,192.92354,0.0031844107434153557
3.0418140589569163,189.30505,0.0029632917139679193
3.0650340136054424,188.93738,0.0030594845302402973
3.0882539682539685,188.866,0.0030512018129229546
3.1114739229024946,189.84174,0.0038360864855349064
3.1346938775510207,192.42958,0.005087242927402258
3.1579138321995464,193.28319,0.00652801338583231
3.1811337868480725,189.04251,0.006790176033973694
3.2043537414965986,191.35464,0.00853010918945074
3.2275736961451247,214.19997,0.006322384346276522
3.250793650793651,249.6008,0.01758332923054695
3.274013605442177,265.24875,0.01364864781498909
3.297233560090703,274.1249,0.012133000418543816
3.320453514739229,262.8511,0.017475340515375137
3.3436734693877552,253.0836,0.014085470698773861
3.3668934240362813,236.27193,0.009549152106046677
3.3901133786848074,234.74586,0.007767776492983103
3.4133333333333336,246.01143,0.014059655368328094
3.4365532879818597,258.89383,0.021741654723882675
3.4597732426303858,270.82925,0.015499643981456757
3.4829931972789114,276.24908,0.01631304621696472
3.5062131519274375,267.33646,0.014492057263851166
3.5294331065759637,255.50294,0.011954223737120628
3.5526530612244898,228.60474,0.008299252949655056
3.575873015873016,214.90086,0.006865750066936016
3.599092970521542,217.30319,0.00680913170799613
3.622312925170068,231.12767,0.009006723761558533
3.645532879818594,253.35474,0.01768835261464119
3.6687528344671203,267.65375,0.014881864190101624
3.6919727891156464,269.67303,0.014424002729356289
3.7151927437641725,264.90848,0.016534045338630676
3.7384126984126986,255.44731,0.010750212706625462
3.7616326530612247,233.13362,0.0066835214383900166
3.784852607709751,215.48553,0.004879206418991089
3.8080725623582765,217.82126,0.004861745983362198
3.8312925170068026,233.69537,0.007752224802970886
3.8545124716553287,258.29977,0.015460221096873283
3.877732426303855,269.5294,0.014205208979547024
3.900952380952381,274.69397,0.014992808923125267
3.924172335600907,268.30496,0.010410765185952187
3.947392290249433,261.17596,0.011177366599440575
3.9706122448979593,236.64175,0.008583731018006802
3.9938321995464854,225.96301,0.008096389472484589
4.017052154195011,233.45728,0.009539464488625526
4.040272108843538,252.48903,0.015915140509605408
4.063492063492063,256.05606,0.01640123501420021
4.08671201814059,245.41129,0.010022446513175964
4.1099319727891155,302.88785,0.007460610941052437
4.133151927437642,592.7238,0.006803033873438835
4.156371882086168,184.46988,0.006609772797673941
4.179591836734694,188.43964,0.004293866455554962
4.20281179138322,199.05942,0.0043551423586905
4.2260317460317465,207.81425,0.004087656736373901
4.249251700680272,204.37355,0.004686017520725727
4.272471655328799,196.81927,0.003588111139833927
4.295691609977324,186.21805,0.004604324698448181
4.31891156462585,178.89297,0.005620285402983427
4.342131519274377,176.28728,0.007715043146163225
4.365351473922902,179.2006,0.0038992941845208406
4.388571428571429,187.19165,0.0034491282422095537
4.4117913832199545,199.3192,0.003644656389951706
4.435011337868481,207.23167,0.0036171767860651016
4.458231292517007,207.28056,0.0037003792822360992
4.481451247165533,199.02193,0.0032026912085711956
4.504671201814059,185.31648,0.004041105508804321
4.527891156462585,173.87982,0.00901434849947691
4.551111111111111,169.80586,0.012692958116531372
4.574331065759638,171.83186,0.008865086361765862
4.597551020408163,184.4722,0.0028825788758695126
4.62077097505669,197.99431,0.0029198164120316505
4.6439909297052155,205.63104,0.0026957769878208637
4.667210884353741,206.6371,0.002868844661861658
4.690430839002268,198.70296,0.002630255650728941
4.713650793650793,185.37958,0.0035303812474012375
4.73687074829932,174.64546,0.007223949301987886
4.760090702947846,169.77155,0.011334682814776897
4.783310657596372,172.92413,0.004429282154887915
4.806530612244898,183.74661,0.002253747545182705
4.829750566893424,195.79182,0.0028231414034962654
4.85297052154195,200.4482,0.002623197855427861
4.876190476190477,198.21957,0.0022358535788953304
4.899410430839002,184.26004,0.003576426301151514
4.922630385487529,475.7806,0.005117560736835003
4.9458503401360545,467.8802,0.0033780448138713837
4.96907029478458,144.60582,0.002728352090343833
4.992290249433107,147.44225,0.002595531288534403
5.015510204081632,155.6876,0.0022734333761036396
5.038730158730159,168.98682,0.004913989454507828
5.061950113378685,172.6481,0.005018164403736591
5.085170068027211,167.35251,0.00498204305768013
5.108390022675737,158.81395,0.0015720997471362352
5.131609977324263,150.64867,0.0020869113504886627
5.154829931972789,148.72632,0.0032796456944197416
5.178049886621316,149.66754,0.002662407699972391
5.201269841269841,154.0004,0.0025742759462445974
5.224489795918368,167.27571,0.005747843533754349
5.2477097505668935,175.06955,0.0036729646380990744
5.27092970521542,173.91809,0.00500895269215107
5.294149659863946,477.7519,0.006184614263474941
5.317369614512471,472.75052,0.001979158027097583
5.340589569160998,151.18486,0.0028983186930418015
5.363809523809524,148.17075,0.0031381971202790737
5.38702947845805,149.09395,0.0027713810559362173
5.410249433106576,155.26257,0.0024049519561231136
5.433469387755102,161.01797,0.0036969613283872604
5.456689342403628,169.2699,0.008367685601115227
5.479909297052155,169.24962,0.008546417579054832
5.50312925170068,478.75333,0.004178176634013653
5.526349206349207,156.46036,0.0021652113646268845
5.5495691609977325,149.48259,0.003030130174010992
5.572789115646259,148.77693,0.002788657322525978
5.596009070294785,152.04501,0.0027336119674146175
5.61922902494331,158.65204,0.0035132102202624083
5.642448979591837,477.45782,0.0062822867184877396
5.6656689342403626,173.86865,0.0036884634755551815
5.688888888888889,484.06747,0.006791397929191589
5.712108843537415,477.31494,0.0025128861889243126
5.735328798185941,151.81041,0.0024139583110809326
5.758548752834467,148.58594,0.0023996953386813402
5.7817687074829935,151.0481,0.0025273242499679327
5.804988662131519,156.90395,0.0026026933919638395
5.828208616780046,157.11105,0.0022043301723897457
5.851428571428571,149.58972,0.0016173606272786856
5.874648526077098,471.58456,0.0008621828746981919
5.897868480725624,474.64465,0.0012649351265281439
5.92108843537415,115.30441,0.000831958488561213
5.944308390022676,472.97678,0.0011724837822839618
5.9675283446712015,476.55414,0.0015783073613420129
5.990748299319728,132.28386,0.000613123644143343
6.013968253968254,135.39577,0.0004955013282597065
6.03718820861678,135.18678,0.0006403973093256354
6.060408163265306,130.79572,0.0015599714824929833
6.0836281179138325,473.92664,0.0020181520376354456
6.106848072562358,121.30037,0.001047036494128406
6.130068027210885,118.77829,0.0009059354197233915
6.15328798185941,119.369446,0.0014709685929119587
6.176507936507937,477.3106,0.0024992399848997593
6.199727891156463,478.41843,0.0007663654396310449
6.222947845804989,136.17604,0.0005358147900551558
6.246167800453515,135.98643,0.000469008315121755
6.269387755102041,132.53397,0.0011207126080989838
6.292607709750567,478.45892,0.001774614560417831
6.315827664399093,476.62082,0.0010130940936505795
6.339047619047619,118.27344,0.0012848833575844765
6.362267573696145,477.17108,0.0017283804481849074
6.3854875283446715,479.31415,0.0019739868585020304
6.408707482993197,131.52753,0.0007356542628258467
6.431927437641724,135.78136,0.0005796465557068586
6.455147392290249,135.74994,0.0005461305845528841
6.478367346938776,129.89877,0.0013235859805718064
6.501587301587302,476.42407,0.0015678706113249063
6.524807256235828,470.97562,0.0009086650679819286
6.548027210884354,469.63974,0.000972156529314816
6.57124716553288,470.2964,0.00167837121989578
6.594467120181406,473.63687,0.0012519203592091799
6.617687074829932,133.1758,0.00046171844587661326
6.640907029478458,138.00446,0.0005304656224325299
6.664126984126984,468.622,0.0007721108850091696
6.6873469387755105,470.5054,0.001397359766997397
6.710566893424036,469.25964,0.0011677498696371913
6.733786848072563,465.22766,0.001426817150786519
6.757006802721088,469.88336,0.001411318313330412
6.780226757369615,471.69113,0.0011329703265801072
6.8034467120181406,132.48033,0.000254734477493912
6.826666666666667,131.75775,9.532553667668253e-05
6.849886621315193,127.23426,1.2127488844271284e-05
6.873106575963719,0.0,2.9642696972587146e-06
6.896326530612245,0.0,5.653755579260178e-07
6.9195464852607715,0.0,4.319972504163161e-07
6.942766439909297,0.0,2.4223027139669284e-07
6.965986394557823,0.0,1.0479107004357502e-07
6.989206349206349,0.0,1.22759047371801e-07
7.012426303854875,0.0,1.2471809895941988e-07
7.035646258503402,0.0,3.143177309539169e-07
7.058866213151927,0.0,1.7964339349418879e-07
7.082086167800454,0.0,2.7680016501108184e-07
7.1053061224489795,0.0,3.2000480132410303e-07
7.128526077097506,0.0,1.9349954527569935e-07
7.151746031746032,0.0,2.9868442652514204e-07
7.174965986394558,0.0,1.6179092199308798e-07
7.198185941043084,0.0,1.613034328329377e-07
7.2214058956916105,0.0,9.999894245993346e-08
7.244625850340136,0.0,1.0636358638294041e-07
7.267845804988662,0.0,8.115966920740902e-08
