0.0,0.0,4.3534873839234933e-07
0.023219954648526078,0.0,3.451450538705103e-07
0.046439909297052155,0.0,2.2639051167061552e-07
0.06965986394557823,0.0,2.2099538909969851e-07
0.09287981859410431,0.0,1.3047792890574783e-07
0.11609977324263039,0.0,2.1082814782857895e-07
0.13931972789115646,0.0,3.9665974327363074e-07
0.16253968253968254,0.0,5.821502782055177e-07
0.18575963718820862,0.0,1.0142293831449933e-06
0.2089795918367347,0.0,6.668351488769986e-07
0.23219954648526078,0.0,3.731265678652562e-07
0.25541950113378686,0.0,4.880976121057756e-07
0.2786394557823129,0.0,6.263308023335412e-07
0.301859410430839,0.0,3.1882882467471063e-07
0.3250793650793651,0.0,1.0389849194325507e-06
0.3482993197278912,0.0,6.358350219670683e-07
0.37151927437641724,0.0,6.595982995349914e-07
0.3947392290249433,151.16725,1.4116649253992364e-05
0.4179591836734694,144.68759,3.244984691264108e-05
0.44117913832199546,146.08667,4.1161787521559745e-05
0.46439909297052157,146.07727,6.053640026948415e-05
0.4876190476190476,142.92332,5.6552948080934584e-05
0.5108390022675737,139.23816,5.441217217594385e-05
0.5340589569160998,138.11609,5.972995131742209e-05
0.5572789115646258,133.57959,8.270589023595676e-05
0.5804988662131519,131.9096,0.0001011563726933673
0.603718820861678,131.20557,0.00011400304356357083
0.626938775510204,131.4398,0.00014120852574706078
0.6501587301587302,3111.717,0.00014017074136063457
0.6733786848072563,135.35078,0.00012688012793660164
0.6965986394557824,134.8493,0.00011275435099378228
0.7198185941043084,130.83507,0.00012651795987039804
0.7430385487528345,3151.7256,8.768533007241786e-05
0.7662585034013606,3112.7183,0.00010998186189681292
0.7894784580498866,3122.2393,0.00011148508201586083
0.8126984126984127,3126.4644,0.0001366643118672073
0.8359183673469388,3087.3394,9.493305697105825e-05
0.8591383219954649,3015.7869,0.00015127367805689573
0.8823582766439909,134.26112,0.00019167785649187863
0.905578231292517,3045.9001,0.0002123763842973858
0.9287981859410431,129.8482,0.00020677274733316153
0.9520181405895691,129.6638,0.00017567009490448982
0.9752380952380952,132.06459,0.00017954390204977244
0.9984580498866213,136.31831,0.00013726114411838353
1.0216780045351475,138.53905,7.958814239827916e-05
1.0448979591836736,142.25725,7.57147281547077e-05
1.0681179138321997,3136.6982,6.0560283600352705e-05
1.0913378684807256,151.22876,6.992148701101542e-05
1.1145578231292517,3072.3218,8.257447188952938e-05
1.1377777777777778,3088.1958,0.0001147291186498478
1.1609977324263039,3097.7932,0.00012467580381780863
1.18421768707483,3096.0742,0.00011961354175582528
1.207437641723356,3074.4229,8.764615631662309e-05
1.2306575963718822,3096.5068,8.154960232786834e-05
1.253877551020408,3062.9678,7.083432137733325e-05
1.2770975056689342,3058.8123,9.571971168043092e-05
1.3003174603174603,3097.8936,0.00012206767860334367
1.3235374149659864,3088.114,0.00017312561976723373
1.3467573696145125,144.18896,0.0001858884352259338
1.3699773242630386,3079.0435,0.00021616452431771904
1.3931972789115648,3073.4492,0.00016069835692178458
1.4164172335600906,3086.3186,0.00012152101407991722
1.4396371882086167,153.46227,8.8478387624491e-05
1.4628571428571429,153.5378,9.284914995077997e-05
1.486077097505669,153.66118,6.974785355851054e-05
1.509297052154195,158.0631,7.744662434561178e-05
1.5325170068027212,2993.7615,9.583310747984797e-05
1.5557369614512473,3058.1038,0.00010727501648943871
1.5789569160997732,171.24904,0.00014197026030160487
1.6021768707482993,3015.3938,0.00011733261635527015
1.6253968253968254,3079.364,9.804068395169452e-05
1.6486167800453515,3015.4883,0.00010416362783871591
1.6718367346938776,3054.976,0.00011080440890509635
1.6950566893424037,3024.3313,0.00011299568723188713
1.7182766439909298,3079.3052,0.00013869573012925684
1.7414965986394557,3027.3071,0.00019798966241069138
1.7647165532879818,3034.5056,0.00019503873772919178
1.787936507936508,3050.7268,0.00018100976012647152
1.811156462585034,3084.6619,0.0002285149967065081
1.8343764172335602,163.77956,0.00021204366930760443
1.8575963718820863,165.12978,0.00025757227558642626
1.8808163265306124,3071.2087,0.00022064312361180782
1.9040362811791383,169.10991,0.00025313772493973374
1.9272562358276644,171.37732,0.00021586436196230352
1.9504761904761905,174.72755,0.00017343898070976138
1.9736961451247166,3043.4856,0.00012485735351219773
1.9969160997732427,3059.4036,0.00013240247790236026
2.020136054421769,3042.1094,0.0001345834753010422
2.043356009070295,190.43005,0.00011900731624336913
2.066575963718821,3050.7634,0.0001259688287973404
2.089795918367347,3066.7004,0.00015951209934428334
2.1130158730158732,178.54434,0.00017717492301017046
2.1362358276643993,178.1469,0.00015928823268041015
2.159455782312925,3090.943,0.0001643009891267866
2.182675736961451,3066.0122,0.00019328659982420504
2.2058956916099772,184.56174,0.00017523908172734082
2.2291156462585033,3028.378,0.00019934347074013203
2.2523356009070294,3066.1838,0.00022795854602009058
2.2755555555555556,3067.7766,0.00026087771402671933
2.2987755102040817,174.24362,0.00029285598429851234
2.3219954648526078,3030.0725,0.0002999728312715888
2.345215419501134,3093.514,0.00022996694315224886
2.36843537414966,181.12149,0.00020618553389795125
2.391655328798186,183.53793,0.0001295088295591995
2.414875283446712,186.41536,8.253134728875011e-05
2.4380952380952383,189.22273,6.581370689673349e-05
2.4613151927437644,3015.1138,6.579533510375768e-05
2.48453514739229,200.81009,0.00011767829710152
2.507755102040816,204.28552,0.00020555818628054112
2.5309750566893423,206.50906,0.0001681775611359626
2.5541950113378684,3045.7373,0.0001523197570350021
2.5774149659863945,199.66075,0.00015056313714012504
2.6006349206349206,196.53748,0.00015201196947600693
2.6238548752834467,3055.5664,0.00024035405658651143
2.647074829931973,192.13832,0.00020055632921867073
2.670294784580499,3056.1565,0.0002576960250735283
2.693514739229025,198.28546,0.00019753322703763843
2.716734693877551,201.08388,0.0001823414204409346
2.7399546485260773,201.8067,0.00023204695025924593
2.7631746031746034,199.65446,0.00026332878042012453
2.7863945578231295,3047.259,0.00047811356489546597
2.809614512471655,192.09895,0.0004666222957894206
2.8328344671201813,3053.57,0.0005010438617318869
2.8560544217687074,3016.6133,0.0003634289023466408
2.8792743764172335,3043.2212,0.0005154589889571071
2.9024943310657596,3008.8188,0.0005541449645534158
2.9257142857142857,3081.1973,0.00041491194861009717
2.948934240362812,229.63794,0.0004026206152047962
2.972154195011338,3070.8904,0.0004839773755520582
2.995374149659864,3019.7908,0.0004976866184733808
3.01859410430839,213.17451,0.00048773412709124386
3.0418140589569163,213.69017,0.0005023872363381088
3.0650340136054424,216.63344,0.0005035920185036957
3.0882539682539685,221.01306,0.0004704748571384698
3.1114739229024946,224.49811,0.000343823223374784
3.1346938775510207,225.06728,0.0004097728233318776
3.1579138321995464,220.21823,0.0005930859479121864
3.1811337868480725,215.43393,0.0008379906648769975
3.2043537414965986,212.58835,0.0010129848960787058
3.2275736961451247,213.80038,0.0011331448331475258
3.250793650793651,217.4841,0.0008664206834509969
3.274013605442177,222.47392,0.0005433806218206882
3.297233560090703,225.39258,0.0007085881661623716
3.320453514739229,226.10663,0.000834882608614862
3.3436734693877552,227.98683,0.0007961830124258995
3.3668934240362813,232.17868,0.0009317093645222485
3.3901133786848074,238.66547,0.0011508108582347631
3.4133333333333336,245.62827,0.0009160722838714719
3.4365532879818597,250.0993,0.0008818387286737561
3.4597732426303858,250.02827,0.000895161647349596
3.4829931972789114,246.0887,0.0007807034999132156
3.5062131519274375,241.79787,0.000899770762771368
3.5294331065759637,241.96164,0.0009687866549938917
3.5526530612244898,243.66284,0.0011868595611304045
3.575873015873016,247.38205,0.00127649144269526
3.599092970521542,249.49953,0.0012435358949005604
3.622312925170068,248.3616,0.001111636171117425
3.645532879818594,245.41971,0.001330977538600564
3.6687528344671203,242.36441,0.0017330264672636986
3.6919727891156464,240.76541,0.0019381246529519558
3.7151927437641725,240.8665,0.002072499832138419
3.7384126984126986,243.1453,0.0019227329175919294
3.7616326530612247,245.18442,0.0018592660780996084
3.784852607709751,247.70361,0.0015346393920481205
3.8080725623582765,252.27289,0.0012121984036639333
3.8312925170068026,256.65942,0.0012184433871880174
3.8545124716553287,260.6249,0.0014383362140506506
3.877732426303855,264.68546,0.0021324106492102146
3.900952380952381,266.49503,0.002498068381100893
3.924172335600907,264.20447,0.002077300101518631
3.947392290249433,260.02454,0.0014786762185394764
3.9706122448979593,257.4614,0.0012235601898282766
3.9938321995464854,259.9496,0.0014445990091189742
4.017052154195011,264.6127,0.002292094985023141
4.040272108843538,267.17154,0.002743698190897703
4.063492063492063,267.1004,0.0026354666333645582
4.08671201814059,262.04868,0.0019037255551666021
4.1099319727891155,259.02997,0.0015475759282708168
4.133151927437642,256.01752,0.0018364503048360348
4.156371882086168,255.43628,0.002218598732724786
4.179591836734694,258.21408,0.0024937582202255726
4.20281179138322,262.64145,0.0039750742726027966
4.2260317460317465,268.6791,0.005096867214888334
4.249251700680272,273.163,0.003686213633045554
4.272471655328799,276.21295,0.0026779714971780777
4.295691609977324,279.46136,0.0021728756837546825
4.31891156462585,284.9484,0.0014771403511986136
4.342131519274377,294.21262,0.0017929549794644117
4.365351473922902,299.72592,0.001969675300642848
4.388571428571429,300.83698,0.0019104795064777136
4.4117913832199545,294.3274,0.0013513839803636074
4.435011337868481,283.43106,0.001542193116620183
4.458231292517007,281.4153,0.0013753337552770972
4.481451247165533,281.406,0.0013644492719322443
4.504671201814059,284.852,0.0011848860885947943
4.527891156462585,288.3228,0.001362563343718648
4.551111111111111,292.9463,0.0015717264031991363
4.574331065759638,292.36234,0.0015913837123662233
4.597551020408163,285.60672,0.0014982509892433882
4.62077097505669,277.4444,0.00209226505830884
4.6439909297052155,274.08252,0.0021378062665462494
4.667210884353741,277.28183,0.0022853720001876354
4.690430839002268,283.2022,0.0018673333106562495
4.713650793650793,292.07657,0.0021579409949481487
4.73687074829932,298.50436,0.0028049813117831945
4.760090702947846,297.87424,0.0019795242697000504
4.783310657596372,291.75156,0.0020815921016037464
4.806530612244898,287.7933,0.0019819475710392
4.829750566893424,283.01895,0.0019069213885813951
4.85297052154195,285.0707,0.0017317697638645768
4.876190476190477,287.88846,0.0017180137801915407
4.899410430839002,289.5121,0.002021440304815769
4.922630385487529,289.2365,0.002274136058986187
4.9458503401360545,281.56024,0.0019908607937395573
4.96907029478458,268.7756,0.002228129655122757
4.992290249433107,256.78625,0.0021398807875812054
5.015510204081632,251.45302,0.0014810243155807257
5.038730158730159,251.63817,0.001060133334249258
5.061950113378685,254.37593,0.0010874820873141289
5.085170068027211,255.26529,0.0011868071742355824
5.108390022675737,255.57683,0.001215809490531683
5.131609977324263,255.14955,0.0011682934127748013
5.154829931972789,255.30385,0.0012025544419884682
5.178049886621316,256.44678,0.0013642511330544949
5.201269841269841,257.04092,0.0017208403442054987
5.224489795918368,257.82684,0.002097679302096367
5.2477097505668935,258.46353,0.0025359117425978184
5.27092970521542,260.23123,0.0029672521632164717
5.294149659863946,260.56357,0.0033082799054682255
5.317369614512471,260.92603,0.0033944956958293915
5.340589569160998,261.02884,0.003245093859732151
5.363809523809524,260.28073,0.0028105732053518295
5.38702947845805,259.3799,0.002505711279809475
5.410249433106576,260.2347,0.0025433674454689026
5.433469387755102,259.28116,0.0026912079192698
5.456689342403628,255.245,0.0024427161552011967
5.479909297052155,252.13705,0.0016900496557354927
5.50312925170068,247.94778,0.001251495094038546
5.526349206349207,244.34178,0.0011021175887435675
5.5495691609977325,244.66638,0.0010477341711521149
5.572789115646259,246.74088,0.0009626951068639755
5.596009070294785,248.19977,0.0007930223364382982
5.61922902494331,246.52914,0.0007265034364536405
5.642448979591837,246.43585,0.0008010517340153456
5.6656689342403626,246.24158,0.0008999800193123519
5.688888888888889,245.9044,0.0009011214133352041
5.712108843537415,245.41736,0.0009581152116879821
5.735328798185941,245.30891,0.0010212066117674112
5.758548752834467,245.39099,0.0010987643618136644
5.7817687074829935,246.16768,0.0010937649058178067
5.804988662131519,245.19844,0.0011515761725604534
5.828208616780046,245.40826,0.0012646247632801533
5.851428571428571,246.52887,0.0010722791776061058
5.874648526077098,247.59242,0.0009358403040096164
5.897868480725624,247.48772,0.0009781811386346817
5.92108843537415,245.99652,0.0013454901054501534
5.944308390022676,244.87312,0.0012398107210174203
5.9675283446712015,241.44504,0.0010230067418888211
5.990748299319728,234.85072,0.0007892811554484069
6.013968253968254,221.32274,0.0005240502068772912
6.03718820861678,212.00957,0.0004183260025456548
6.060408163265306,209.41841,0.000393263268051669
6.0836281179138325,210.37936,0.00033508846536278725
6.106848072562358,212.67761,0.0003220922080799937
6.130068027210885,214.5333,0.0003205758985131979
6.15328798185941,213.378,0.0003103827766608447
6.176507936507937,211.90558,0.000343078572768718
6.199727891156463,210.69278,0.00035423104418441653
6.222947845804989,211.56734,0.00039541959995403886
6.246167800453515,211.93422,0.0004628630995284766
6.269387755102041,213.02913,0.0005273481365293264
6.292607709750567,214.02423,0.0006202963995747268
6.315827664399093,214.01408,0.0006374113727360964
6.339047619047619,214.25912,0.0006093510310165584
6.362267573696145,215.19719,0.0006818271358497441
6.3854875283446715,215.69218,0.0006654066382907331
6.408707482993197,214.76297,0.000627748784609139
6.431927437641724,214.79602,0.000701428740285337
6.455147392290249,214.24004,0.0007290454814210534
6.478367346938776,212.41113,0.0007391206454485655
6.501587301587302,208.07231,0.0005487501621246338
6.524807256235828,200.39633,0.0008706887601874769
6.548027210884354,2952.281,0.0005276787560433149
6.57124716553288,185.81714,0.0005056875525042415
6.594467120181406,186.8977,0.00044111916213296354
6.617687074829932,189.292,0.0003856928669847548
6.640907029478458,191.45384,0.000428708124672994
6.664126984126984,192.71329,0.0004644689615815878
6.6873469387755105,192.46854,0.00032099816598929465
6.710566893424036,190.91771,0.0003067452344112098
6.733786848072563,189.99367,0.00028096744790673256
6.757006802721088,189.42677,0.00033649656688794494
6.780226757369615,190.72244,0.00035431512515060604
6.8034467120181406,190.59883,0.0003603785880841315
6.826666666666667,190.10786,0.00043772757635451853
6.849886621315193,189.80533,0.0004279364366084337
6.873106575963719,190.59131,0.0004907710244879127
6.896326530612245,191.28116,0.0004776524438057095
6.9195464852607715,190.19818,0.0004512434243224561
6.942766439909297,189.81856,0.00034670071909204125
6.965986394557823,189.1564,0.0003014405374415219
6.989206349206349,3033.9995,0.0005900670075789094
7.012426303854875,3020.7341,0.0007956413319334388
7.035646258503402,162.91843,0.0008255584398284554
7.058866213151927,163.3289,0.0006958706071600318
7.082086167800454,164.8327,0.0005573044181801379
7.1053061224489795,2982.0195,0.0004702749429270625
7.128526077097506,171.60558,0.0005242637125775218
7.151746031746032,172.88905,0.0004542730166576803
7.174965986394558,3002.6106,0.0004143781843595207
7.198185941043084,168.51701,0.000496347201988101
7.2214058956916105,167.40312,0.0005190297961235046
7.244625850340136,167.88951,0.0005326540558598936
7.267845804988662,168.74501,0.0005530385533347726
7.291065759637188,169.53589,0.0006516589201055467
7.314285714285714,170.04034,0.0006946363137103617
7.337505668934241,170.71991,0.0007781978929415345
7.360725623582766,170.9267,0.0006563062779605389
7.383945578231293,171.76303,0.0006377764511853456
7.4071655328798185,172.03265,0.0006545091164298356
7.430385487528345,171.4508,0.000598065322265029
7.453605442176871,2970.5403,0.000609031761996448
7.476825396825397,3001.1924,0.0005394772160798311
7.500045351473923,2988.6736,0.00041937571950256824
7.5232653061224495,153.30989,0.000399582990212366
7.546485260770975,153.71169,0.0002935531083494425
7.569705215419502,155.51764,0.00026469415752217174
7.592925170068027,2992.11,0.0002804870018735528
7.616145124716553,161.89902,0.00028190884040668607
7.63936507936508,161.58607,0.000297949300147593
7.662585034013605,159.74892,0.0003170126583427191
7.685804988662132,157.63507,0.00027091760421171784
7.7090249433106575,156.4327,0.00023392896400764585
7.732244897959184,155.66882,0.00031592027517035604
7.75546485260771,155.986,0.00030184444040060043
7.778684807256236,156.8835,0.00033635160070843995
7.801904761904762,158.7413,0.0004282142035663128
7.8251247165532885,159.96074,0.00045188108924776316
7.848344671201814,159.8752,0.0004648203030228615
7.871564625850341,160.58398,0.0005778557388111949
7.894784580498866,159.40152,0.0006108344532549381
7.918004535147393,3020.582,0.0005224390188232064
7.9412244897959186,3028.4717,0.0007670380291529
7.964444444444444,3072.9592,0.0006669792346656322
7.987664399092971,3070.0994,0.0004249094345141202
8.010884353741497,3089.919,0.000528578762896359
8.034104308390022,136.50409,0.0004444541991688311
8.057324263038549,138.90137,0.0003447058261372149
8.080544217687075,140.30563,0.00040440860902890563
8.103764172335602,141.27785,0.0003612811560742557
8.126984126984127,141.19463,0.00039856083458289504
8.150204081632653,139.61835,0.0004448814142961055
8.17342403628118,3056.1094,0.0004236344830133021
8.196643990929706,140.34569,0.0004020119085907936
8.219863945578231,141.63965,0.0004795500135514885
8.243083900226758,141.82857,0.0005807646084576845
8.266303854875284,142.34059,0.0005776954349130392
8.289523809523809,142.22707,0.0005887578008696437
8.312743764172335,141.18239,0.0006251749582588673
8.335963718820862,141.3248,0.0006297175423242152
8.359183673469389,141.57318,0.0007046954124234617
8.382403628117913,141.8841,0.0007695400854572654
8.40562358276644,139.86362,0.0007834648713469505
8.428843537414966,3114.2195,0.0006695387419313192
8.452063492063493,3117.2742,0.0005200656596571207
8.475283446712018,3103.604,0.0005941421841271222
8.498503401360544,3114.624,0.00038222200237214565
8.52172335600907,3086.3174,0.00028106337413191795
8.544943310657597,119.15384,0.0002799856010824442
8.568163265306122,3080.2568,0.00030320638325065374
8.591383219954649,123.187584,0.0003350726328790188
8.614603174603175,3075.4033,0.00033886433811858296
8.6378231292517,3109.9932,0.0003671510494314134
8.661043083900227,3123.2273,0.0003931096871383488
8.684263038548753,3109.059,0.0002807619166560471
8.70748299319728,3108.0122,0.00027027528267353773
8.730702947845804,3120.2354,0.0002934468793682754
8.753922902494331,3086.1562,0.00029279981390573084
8.777142857142858,3108.2727,0.0003791912167798728
8.800362811791384,3065.0798,0.0005447831936180592
8.823582766439909,134.54907,0.000565728114452213
8.846802721088435,3073.7249,0.0005234070122241974
8.870022675736962,3079.2632,0.0004808549419976771
8.893242630385489,3131.438,0.00027949310606345534
8.916462585034013,3102.4248,0.00016539866919629276
8.93968253968254,3118.3533,0.00025114015443250537
8.962902494331066,3102.8318,0.0002817954809870571
8.986122448979591,3041.4583,0.00040310091571882367
9.009342403628118,3075.0413,0.0005062156706117094
9.032562358276644,134.20497,0.0004890782292932272
9.05578231292517,3061.8894,0.0005022368859499693
9.079002267573696,3040.5405,0.0003374344378244132
9.102222222222222,3054.6038,0.00015612374409101903
9.125442176870749,3044.7012,0.00016915811283979565
9.148662131519275,3049.1729,0.00019983650417998433
9.1718820861678,3013.7646,0.0002674047718755901
9.195102040816327,3024.366,0.0002953435177914798
9.218321995464853,132.51312,0.00027372140903025866
9.24154195011338,129.7342,0.00020829042477998883
9.264761904761905,2979.746,7.837328303139657e-05
9.287981859410431,119.181564,8.696661097928882e-05
9.311201814058958,118.792595,5.874739872524515e-05
9.334421768707482,127.597626,5.102858631289564e-05
9.357641723356009,136.48633,3.0048206099309027e-05
9.380861678004536,0.0,7.254283445945475e-06
9.404081632653062,0.0,6.734871021762956e-06
9.427301587301587,0.0,2.4646587917231955e-06
9.450521541950113,0.0,1.8637792891240679e-06
9.47374149659864,0.0,4.682879080064595e-07
9.496961451247167,0.0,1.8738774087978527e-07
9.520181405895691,0.0,3.2019488571677357e-07
9.543401360544218,0.0,4.118001015740447e-07
9.566621315192744,0.0,1.4655597624368966e-07
9.58984126984127,0.0,1.3819862942909822e-07
9.613061224489796,0.0,2.2961467038840055e-07
9.636281179138322,0.0,2.0036532077938318e-07
9.659501133786849,0.0,1.8250739231007174e-07
9.682721088435374,0.0,2.4012297217268497e-07
9.7059410430839,0.0,1.4199395081959665e-07
9.729160997732427,0.0,1.7009915609378368e-07
9.752380952380953,0.0,3.214736352674663e-07
9.775600907029478,0.0,1.9724211597349495e-08
