0.0,0.0,1.3443877833196893e-07
0.023219954648526078,0.0,2.3595202947035432e-07
0.046439909297052155,0.0,9.94095898931846e-08
0.06965986394557823,0.0,1.0174335329793394e-07
0.09287981859410431,0.0,7.025118975434452e-08
0.11609977324263039,0.0,1.0484109225217253e-07
0.13931972789115646,0.0,5.6877979659475386e-08
0.16253968253968254,0.0,6.923892215127125e-08
0.18575963718820862,0.0,1.0538769856793806e-07
0.2089795918367347,0.0,7.765083864796907e-08
0.23219954648526078,0.0,1.4088072930462658e-07
0.25541950113378686,0.0,1.377320586470887e-07
0.2786394557823129,0.0,5.6262251746375114e-08
0.301859410430839,0.0,2.7162332116859034e-07
0.3250793650793651,0.0,2.116430550813675e-07
0.3482993197278912,0.0,3.928917067241855e-07
0.37151927437641724,0.0,5.976075044600293e-06
0.3947392290249433,135.55551,1.322197749686893e-05
0.4179591836734694,125.78379,2.0820916688535362e-05
0.44117913832199546,123.684166,3.061280949623324e-05
0.46439909297052157,121.93736,4.358079604571685e-05
0.4876190476190476,122.831795,4.858741885982454e-05
0.5108390022675737,122.797226,5.7458088122075424e-05
0.5340589569160998,122.22169,7.716651452938095e-05
0.5572789115646258,123.555084,9.786039299797267e-05
0.5804988662131519,123.77565,0.0001656238455325365
0.603718820861678,125.214355,0.0001464594533899799
0.626938775510204,128.1527,0.00014473131159320474
0.6501587301587302,127.874825,0.00014870551240164787
0.6733786848072563,126.847626,0.00016426017100457102
0.6965986394557824,122.88139,0.0001724589674267918
0.7198185941043084,117.79495,0.00011957921378780156
0.7430385487528345,117.80741,0.00016649271128699183
0.7662585034013606,120.65665,0.0002546782197896391
0.7894784580498866,124.9016,0.00021195894805714488
0.8126984126984127,130.08577,0.0002195661363657564
0.8359183673469388,133.40416,0.0002934439107775688
0.8591383219954649,133.57954,0.00025890415417961776
0.8823582766439909,126.97874,0.00025699083926156163
0.905578231292517,121.83399,0.0002574817917775363
0.9287981859410431,120.45191,0.0002699833712540567
0.9520181405895691,122.14002,0.00024987681536003947
0.9752380952380952,126.41471,0.0002164324832847342
0.9984580498866213,130.38678,0.00022311348584480584
1.0216780045351475,133.23116,0.00031424377812072635
1.0448979591836736,132.97197,0.0003132952842861414
1.0681179138321997,128.87794,0.00023859069915488362
1.0913378684807256,128.23798,0.0002158925635740161
1.1145578231292517,128.85458,0.0002397675416432321
1.1377777777777778,131.19315,0.0003035535628441721
1.1609977324263039,135.73671,0.0002575396792963147
1.18421768707483,142.60889,0.0002023120759986341
1.207437641723356,151.04721,0.00020656367996707559
1.2306575963718822,164.64026,0.00047569890739396214
1.253877551020408,169.92455,0.00034580682404339314
1.2770975056689342,171.90652,0.0003583374491427094
1.3003174603174603,170.01143,0.0005126251489855349
1.3235374149659864,167.0948,0.0006371855270117521
1.3467573696145125,164.11911,0.000651959388051182
1.3699773242630386,163.7839,0.0007377335568889976
1.3931972789115648,164.2535,0.0007384020136669278
1.4164172335600906,165.97612,0.0006396685494109988
1.4396371882086167,169.31554,0.0005185589543543756
1.4628571428571429,172.0009,0.0001784672203939408
1.486077097505669,793.5402,0.0002217749279225245
1.509297052154195,223.26393,0.0002691127301659435
1.5325170068027212,318.65887,0.00026834604796022177
1.5557369614512473,317.089,0.000549561227671802
1.5789569160997732,325.24075,0.0005764925153926015
1.6021768707482993,159.33658,0.0006446348270401359
1.6253968253968254,161.14967,0.0010505595710128546
1.6486167800453515,164.90176,0.001412482699379325
1.6718367346938776,168.07167,0.0010027334792539477
1.6950566893424037,170.30717,0.0009278656216338277
1.7182766439909298,168.15714,0.0008033539052121341
1.7414965986394557,163.55443,0.0006554455030709505
1.7647165532879818,158.64565,0.0003815692907664925
1.787936507936508,157.17836,0.00037865605554543436
1.811156462585034,160.06454,0.0004518917412497103
1.8343764172335602,165.65044,0.0006765014259144664
1.8575963718820863,171.52612,0.0005167057970538735
1.8808163265306124,173.54489,0.0006148235406726599
1.9040362811791383,171.44539,0.0009298220975324512
1.9272562358276644,168.6952,0.0013904954539611936
1.9504761904761905,165.60075,0.0017550713382661343
1.9736961451247166,163.53612,0.002239071298390627
1.9969160997732427,164.12012,0.002674572169780731
2.020136054421769,335.84293,0.0019457068992778659
2.043356009070295,170.701,0.0012112464755773544
2.066575963718821,175.64653,0.0005316018359735608
2.089795918367347,183.11888,0.00039767147973179817
2.1130158730158732,192.40886,0.0006684244144707918
2.1362358276643993,203.57388,0.0010252154897898436
2.159455782312925,216.02074,0.000986285973340273
2.182675736961451,218.33333,0.0011116245295852423
2.2058956916099772,211.73174,0.0009178161271847785
2.2291156462585033,201.5835,0.0017176135443150997
2.2523356009070294,196.19676,0.0017135844100266695
2.2755555555555556,196.80986,0.00212676590308547
2.2987755102040817,198.79315,0.0030522996094077826
2.3219954648526078,201.5389,0.003279712051153183
2.345215419501134,202.05714,0.003390684723854065
2.36843537414966,197.15999,0.0024257623590528965
2.391655328798186,190.05885,0.0013596239732578397
2.414875283446712,184.43678,0.0010443053906783462
2.4380952380952383,184.39093,0.0012244958197697997
2.4613151927437644,188.5415,0.0019820374436676502
2.48453514739229,195.49956,0.0035299963783472776
2.507755102040816,203.39413,0.0041367365047335625
2.5309750566893423,207.91966,0.0033935485407710075
2.5541950113378684,203.01558,0.004565887618809938
2.5774149659863945,194.03917,0.002211484359577298
2.6006349206349206,187.11241,0.0015000378480181098
2.6238548752834467,183.48654,0.0012514303671196103
2.647074829931973,186.35138,0.002131005749106407
2.670294784580499,192.02354,0.0035283127799630165
2.693514739229025,197.84798,0.005190279334783554
2.716734693877551,201.38577,0.006780997850000858
2.7399546485260773,200.68484,0.0062279957346618176
2.7631746031746034,195.20012,0.0031447699293494225
2.7863945578231295,189.32832,0.0026586514431983232
2.809614512471655,188.72656,0.0030823317356407642
2.8328344671201813,192.94197,0.004511648789048195
2.8560544217687074,199.19875,0.00655245129019022
2.8792743764172335,205.44614,0.004703539423644543
2.9024943310657596,210.49251,0.001674892962910235
2.9257142857142857,222.06224,0.002133870730176568
2.948934240362812,241.23729,0.0013170852325856686
2.972154195011338,260.3409,0.001035194145515561
2.995374149659864,274.13956,0.0011159542482346296
3.01859410430839,280.35556,0.0010898177279159427
3.0418140589569163,273.761,0.0007968252757564187
3.0650340136054424,264.95273,0.0008420482627116144
3.0882539682539685,260.45822,0.0014428796712309122
3.1114739229024946,257.5767,0.0020476996432989836
3.1346938775510207,256.35083,0.002565286587923765
3.1579138321995464,260.24225,0.001755518140271306
3.1811337868480725,264.59595,0.0016103300731629133
3.2043537414965986,265.81854,0.0018846899038180709
3.2275736961451247,263.43652,0.0028387403581291437
3.250793650793651,257.513,0.006324396003037691
3.274013605442177,249.07866,0.005476959049701691
3.297233560090703,245.62077,0.005623497534543276
3.320453514739229,248.26804,0.007213365286588669
3.3436734693877552,253.92514,0.008064068853855133
3.3668934240362813,259.01202,0.005482930690050125
3.3901133786848074,263.81934,0.0040256730280816555
3.4133333333333336,263.49838,0.004446541424840689
3.4365532879818597,259.61768,0.006363407708704472
3.4597732426303858,252.92516,0.005988106597214937
3.4829931972789114,249.14827,0.005014067981392145
3.5062131519274375,251.01193,0.006730859633535147
3.5294331065759637,256.6136,0.007327534258365631
3.5526530612244898,263.60617,0.004818598739802837
3.575873015873016,267.16556,0.005143193528056145
3.599092970521542,260.94037,0.006042240187525749
3.622312925170068,254.22676,0.004144506994634867
3.645532879818594,248.13301,0.00337617052718997
3.6687528344671203,247.5827,0.003894500434398651
3.6919727891156464,252.14049,0.0050568534061312675
3.7151927437641725,256.50653,0.005093940533697605
3.7384126984126986,259.91956,0.004519280046224594
3.7616326530612247,261.73862,0.004548611585050821
3.784852607709751,259.34183,0.004597831517457962
3.8080725623582765,255.38112,0.0041349176317453384
3.8312925170068026,247.47641,0.002847436349838972
3.8545124716553287,235.42441,0.00326801766641438
3.877732426303855,333.05142,0.004758807830512524
3.900952380952381,189.80827,0.0020715384744107723
3.924172335600907,186.47041,0.0019634964410215616
3.947392290249433,190.41533,0.0024926597252488136
3.9706122448979593,194.38568,0.0032877170015126467
3.9938321995464854,196.41275,0.004046116955578327
4.017052154195011,198.6653,0.004684489220380783
4.040272108843538,197.52194,0.003570616478100419
4.063492063492063,193.32751,0.0016536095645278692
4.08671201814059,187.8304,0.0012851515784859657
4.1099319727891155,187.7299,0.0013243951834738255
4.133151927437642,190.8931,0.001967085525393486
4.156371882086168,195.45491,0.0031751429196447134
4.179591836734694,199.93544,0.004331213887780905
4.20281179138322,203.93456,0.0032671550288796425
4.2260317460317465,203.5112,0.003474630881100893
4.249251700680272,197.51045,0.0020320680923759937
4.272471655328799,190.48523,0.0011104590957984328
4.295691609977324,187.31624,0.0012386400485411286
4.31891156462585,189.53973,0.0014043443370610476
4.342131519274377,194.78502,0.0025027901865541935
4.365351473922902,198.66412,0.0038657006807625294
4.388571428571429,201.3949,0.004791636019945145
4.4117913832199545,200.7035,0.0039854636415839195
4.435011337868481,196.21509,0.0022879834286868572
4.458231292517007,189.36629,0.0014021891402080655
4.481451247165533,186.50777,0.0013718330301344395
4.504671201814059,188.93953,0.0014866067795082927
4.527891156462585,193.885,0.0026238239370286465
4.551111111111111,197.34824,0.003416402731090784
4.574331065759638,198.60104,0.0033348591532558203
4.597551020408163,195.34949,0.0019710534252226353
4.62077097505669,193.27722,0.001406202558428049
4.6439909297052155,191.89728,0.0011168415658175945
4.667210884353741,190.64766,0.0010591986356303096
4.690430839002268,191.7527,0.0014180949656292796
4.713650793650793,188.85518,0.0013565646950155497
4.73687074829932,175.81749,0.0017110112821683288
4.760090702947846,325.5968,0.0019354349933564663
4.783310657596372,148.02496,0.0012399049010127783
4.806530612244898,148.4382,0.0011891042813658714
4.829750566893424,153.17332,0.0013694625813513994
4.85297052154195,158.13794,0.0013253260403871536
4.876190476190477,163.22214,0.001963880145922303
4.899410430839002,165.90076,0.001637813402339816
4.922630385487529,167.48805,0.0014722084160894156
4.9458503401360545,165.106,0.001409095712006092
4.96907029478458,161.34587,0.0009880942525342107
4.992290249433107,158.49126,0.0008315662853419781
5.015510204081632,159.56018,0.0010583149269223213
5.038730158730159,164.24016,0.0018567601218819618
5.061950113378685,169.09454,0.0012821534182876348
5.085170068027211,173.29655,0.0007715976098552346
5.108390022675737,173.68105,0.0008820403018034995
5.131609977324263,167.86995,0.001467972295358777
5.154829931972789,162.06453,0.0009757385705597699
5.178049886621316,155.0349,0.000731387292034924
5.201269841269841,154.58592,0.0006558294408023357
5.224489795918368,159.53473,0.0010710833594202995
5.2477097505668935,165.49316,0.001970749581232667
5.27092970521542,168.78035,0.0016694145742803812
5.294149659863946,169.37901,0.0019460199400782585
5.317369614512471,166.14575,0.0019803412724286318
5.340589569160998,161.26363,0.0009422065340913832
5.363809523809524,157.23438,0.0007371193496510386
5.38702947845805,154.76973,0.0007587892469018698
5.410249433106576,156.55072,0.0008215272100642323
5.433469387755102,162.35791,0.001481657731346786
5.456689342403628,167.09941,0.0016149381408467889
5.479909297052155,170.1631,0.0011003342224285007
5.50312925170068,170.55304,0.0011131453793495893
5.526349206349207,167.01343,0.0011517209932208061
5.5495691609977325,162.19205,0.0006787494057789445
5.572789115646259,161.34654,0.0008084739674814045
5.596009070294785,163.88911,0.0012410699855536222
5.61922902494331,164.48633,0.0012998117599636316
5.642448979591837,164.8123,0.0011920614633709192
5.6656689342403626,164.00447,0.0008584323222748935
5.688888888888889,162.23814,0.0008311498095281422
5.712108843537415,156.52104,0.0006588951800949872
5.735328798185941,330.036,0.0007778407307341695
5.758548752834467,319.9134,0.00034971715649589896
5.7817687074829935,115.79073,0.0003934576525352895
5.804988662131519,116.70627,0.00033663760405033827
5.828208616780046,121.54342,0.0005007921135984361
5.851428571428571,125.04401,0.0004578708903864026
5.874648526077098,128.22087,0.00037243886617943645
5.897868480725624,128.63272,0.000392761459806934
5.92108843537415,126.270775,0.0003421661676838994
5.944308390022676,122.87646,0.0003577885217964649
5.9675283446712015,120.702614,0.0004086585540790111
5.990748299319728,331.23212,0.0004717059782706201
6.013968253968254,126.034904,0.0005247429944574833
6.03718820861678,129.64886,0.0007255784003064036
6.060408163265306,133.64618,0.0008273982093669474
6.0836281179138325,133.6843,0.000572949880734086
6.106848072562358,128.59874,0.0004690340138040483
6.130068027210885,124.691986,0.000338077632477507
6.15328798185941,329.1161,0.00022754224482923746
6.176507936507937,60.624584,0.0003483021864667535
6.199727891156463,122.706085,0.00044658168917521834
6.222947845804989,126.894844,0.0005727795651182532
6.246167800453515,131.12415,0.0007444685325026512
6.269387755102041,133.60457,0.000591062125749886
6.292607709750567,132.42058,0.00048203140613622963
6.315827664399093,129.07774,0.0004035326128359884
6.339047619047619,125.0646,0.00035665836185216904
6.362267573696145,121.37893,0.0003325066063553095
6.3854875283446715,120.96363,0.0003494085685815662
6.408707482993197,125.77293,0.00033957339474000037
6.431927437641724,131.21443,0.00042341751395724714
6.455147392290249,134.35959,0.00040384335443377495
6.478367346938776,137.37294,0.0004338715225458145
6.501587301587302,135.24998,0.00027844589203596115
6.524807256235828,128.78639,0.00023050347226671875
6.548027210884354,121.61132,0.00021587709488812834
6.57124716553288,120.47865,0.00026435620384290814
6.594467120181406,123.34935,0.0002621810417622328
6.617687074829932,127.02112,0.00020862446399405599
6.640907029478458,130.00822,0.00016770785441622138
6.664126984126984,130.19257,8.743641956243664e-05
6.6873469387755105,127.03026,2.459027018630877e-05
6.710566893424036,1006.98553,1.3558037608163431e-05
6.733786848072563,0.0,3.7204545151325874e-06
6.757006802721088,0.0,1.7899592421599664e-06
6.780226757369615,0.0,1.1730207916116342e-06
6.8034467120181406,0.0,6.433083399315365e-07
6.826666666666667,0.0,4.357871148386039e-07
6.849886621315193,0.0,1.9173876353306696e-07
6.873106575963719,0.0,8.582628652220592e-08
6.896326530612245,0.0,1.1479187378427014e-07
6.9195464852607715,0.0,1.1126485333079472e-07
6.942766439909297,0.0,1.0749317880254239e-07
6.965986394557823,0.0,8.969982445705682e-08
6.989206349206349,0.0,1.0006351658375934e-07
7.012426303854875,0.0,5.370202416088432e-08
7.035646258503402,0.0,1.782418621587567e-07
7.058866213151927,0.0,1.325652192463167e-07
7.082086167800454,0.0,1.1916108633158728e-07
7.1053061224489795,0.0,6.093523552408442e-08
