0.0,0.0,9.936320566339418e-08
0.023219954648526078,0.0,1.3123735698172823e-07
0.046439909297052155,0.0,1.76954927155748e-07
0.06965986394557823,0.0,9.692485036794096e-08
0.09287981859410431,0.0,5.149377102497965e-08
0.11609977324263039,0.0,1.6913963918341324e-07
0.13931972789115646,0.0,8.731421985430643e-08
0.16253968253968254,0.0,5.646885256282985e-06
0.18575963718820862,67.62827,1.147242437582463e-05
0.2089795918367347,138.36578,1.37973829623661e-05
0.23219954648526078,134.13737,2.644304549903609e-05
0.25541950113378686,135.06921,3.476829078863375e-05
0.2786394557823129,133.11722,4.2752384615596384e-05
0.301859410430839,131.17783,5.7755223679123446e-05
0.3250793650793651,130.696,6.888710777275264e-05
0.3482993197278912,132.78412,7.848821405787021e-05
0.37151927437641724,133.48572,8.45839676912874e-05
0.3947392290249433,132.42857,0.00010304915485903621
0.4179591836734694,129.82819,0.00011916159564862028
0.44117913832199546,124.85339,9.146879165200517e-05
0.46439909297052157,122.73226,9.38146113185212e-05
0.4876190476190476,124.06084,0.00010427588858874515
0.5108390022675737,126.12942,9.713858889881521e-05
0.5340589569160998,129.62383,0.0001197501114802435
0.5572789115646258,133.28334,0.00012869859347119927
0.5804988662131519,133.95944,0.00011645146878436208
0.603718820861678,131.72842,0.00012966587382834405
0.626938775510204,127.674614,0.00011523147259140387
0.6501587301587302,124.37185,8.69178184075281e-05
0.6733786848072563,126.01919,9.666675759945065e-05
0.6965986394557824,129.09207,0.0001247620239155367
0.7198185941043084,131.3402,0.00015830656047910452
0.7430385487528345,133.58467,0.00016606699500698596
0.7662585034013606,132.76819,0.00016442951164208353
0.7894784580498866,130.45439,0.00016739153943490237
0.8126984126984127,127.51894,0.0001369458477711305
0.8359183673469388,127.84002,0.0001248509215656668
0.8591383219954649,130.13474,0.00016016334120649844
0.8823582766439909,131.79028,0.00019421051547396928
0.905578231292517,134.47328,0.00019490771228447556
0.9287981859410431,137.90186,0.00012185134983155876
0.9520181405895691,139.66676,0.00011423954128986225
0.9752380952380952,139.81717,0.000131742941448465
0.9984580498866213,139.43681,0.00010485924576641992
1.0216780045351475,141.76122,0.00011620405712164938
1.0448979591836736,148.08595,0.00015466369222849607
1.0681179138321997,156.81561,0.00011603148595895618
1.0913378684807256,165.70103,9.939859592122957e-05
1.1145578231292517,174.98924,7.849320536479354e-05
1.1377777777777778,175.48807,5.232296825852245e-05
1.1609977324263039,167.37346,7.991245365701616e-05
1.18421768707483,162.8013,9.219623461831361e-05
1.207437641723356,159.9883,0.000134141489979811
1.2306575963718822,162.95415,0.0001669019111432135
1.253877551020408,164.94409,0.00014348039985634387
1.2770975056689342,167.08273,0.00012941507156938314
1.3003174603174603,165.2311,0.00012348101881798357
1.3235374149659864,161.9105,0.0001384066854370758
1.3467573696145125,158.66711,0.0002280592016177252
1.3699773242630386,157.28815,0.00017434089386370033
1.3931972789115648,159.63931,0.00016281649004667997
1.4164172335600906,164.93312,0.00020966294687241316
1.4396371882086167,172.83499,0.0002639959566295147
1.4628571428571429,176.22934,0.00025563075905665755
1.486077097505669,174.50896,0.0001992023317143321
1.509297052154195,167.51149,0.00023965118452906609
1.5325170068027212,161.78093,0.0001773240219336003
1.5557369614512473,156.73366,0.00023917471116874367
1.5789569160997732,157.23271,0.00019689681357704103
1.6021768707482993,161.02988,0.00025897211162373424
1.6253968253968254,164.31975,0.0002782178344205022
1.6486167800453515,166.56413,0.00022916196030564606
1.6718367346938776,167.21802,0.00022343601449392736
1.6950566893424037,163.61362,0.00016559673531446606
1.7182766439909298,160.59464,0.00026672790409065783
1.7414965986394557,161.73886,0.0003258826327510178
1.7647165532879818,164.1707,0.000293361721560359
1.787936507936508,169.01588,0.0003264086553826928
1.811156462585034,175.35577,0.00037594750756397843
1.8343764172335602,185.48532,0.00035803247010335326
1.8575963718820863,395.7158,0.00022574281319975853
1.8808163265306124,205.21027,0.00026147483731620014
1.9040362811791383,208.54852,0.00026924393023364246
1.9272562358276644,204.24644,0.00022620575327891856
1.9504761904761905,196.96838,0.0002180356386816129
1.9736961451247166,192.81256,0.00023085493012331426
1.9969160997732427,191.781,0.00027812019106931984
2.020136054421769,193.99493,0.0002484489814378321
2.043356009070295,198.62694,0.00023691410024184734
2.066575963718821,201.16518,0.00023903515830170363
2.089795918367347,198.85486,0.00023055470956023782
2.1130158730158732,193.55873,0.0002301973436260596
2.1362358276643993,191.0913,0.0003526329528540373
2.159455782312925,190.71138,0.0003692592144943774
2.182675736961451,196.18257,0.0003795118536800146
2.2058956916099772,202.7789,0.0004957537166774273
2.2291156462585033,206.83136,0.000523746944963932
2.2523356009070294,208.19131,0.0005380503134801984
2.2755555555555556,203.96632,0.0005474474746733904
2.2987755102040817,197.12085,0.00044751662062481046
2.3219954648526078,192.92422,0.00046364491572603583
2.345215419501134,194.08902,0.00042004682472907007
2.36843537414966,198.9458,0.0004360261373221874
2.391655328798186,205.37387,0.0006055810954421759
2.414875283446712,209.42033,0.0006456535775214434
2.4380952380952383,209.45288,0.0006954537821002305
2.4613151927437644,205.35555,0.0006649325368925929
2.48453514739229,199.12534,0.000607042049523443
2.507755102040816,194.4936,0.0006255522021092474
2.5309750566893423,196.37036,0.0005829251604154706
2.5541950113378684,201.15128,0.000778095331043005
2.5774149659863945,206.1808,0.0010523630771785975
2.6006349206349206,208.71501,0.0012446949258446693
2.6238548752834467,210.57729,0.001321423682384193
2.647074829931973,209.69154,0.0012589104007929564
2.670294784580499,210.77074,0.001260985853150487
2.693514739229025,218.50688,0.0009854243835434318
2.716734693877551,233.78036,0.000713698158506304
2.7399546485260773,244.9516,0.0007865329971536994
2.7631746031746034,2913.7886,0.0008232161635532975
2.7863945578231295,279.20593,0.0006251579616218805
2.809614512471655,280.0637,0.0005614492110908031
2.8328344671201813,272.94666,0.0005765537498518825
2.8560544217687074,266.21237,0.0007901331409811974
2.8792743764172335,264.98734,0.0008255523862317204
2.9024943310657596,265.67377,0.0008215623092837632
2.9257142857142857,266.83896,0.0008430224261246622
2.948934240362812,269.45453,0.0007518225465901196
2.972154195011338,274.29712,0.0005541704595088959
2.995374149659864,277.0273,0.0006187099497765303
3.01859410430839,274.29645,0.0006986904772929847
3.0418140589569163,266.73132,0.0013096164911985397
3.0650340136054424,2865.6907,0.0016284168232232332
3.0882539682539685,256.39532,0.001467090449295938
3.1114739229024946,258.37573,0.001614862005226314
3.1346938775510207,260.53766,0.00170480040833354
3.1579138321995464,264.4884,0.0013530449941754341
3.1811337868480725,270.77267,0.001110615092329681
3.2043537414965986,271.69006,0.0009529474191367626
3.2275736961451247,266.98566,0.0012843483127653599
3.250793650793651,2886.3264,0.001627668272703886
3.274013605442177,255.74973,0.0011432982282713056
3.297233560090703,254.22829,0.0009906452614814043
3.320453514739229,257.3552,0.0014501770492643118
3.3436734693877552,2898.0579,0.0013293467927724123
3.3668934240362813,268.6528,0.0010426072403788567
3.3901133786848074,270.07587,0.0009448358323425055
3.4133333333333336,264.91858,0.001482195919379592
3.4365532879818597,259.3699,0.0016501739155501127
3.4597732426303858,255.22632,0.0011777605395764112
3.4829931972789114,254.44734,0.0011414715554565191
3.5062131519274375,257.8543,0.0013452238636091352
3.5294331065759637,262.67178,0.0010530196595937014
3.5526530612244898,265.8195,0.0010085366666316986
3.575873015873016,265.95563,0.0010984959080815315
3.599092970521542,260.13364,0.001575686503201723
3.622312925170068,255.46667,0.0009592620190232992
3.645532879818594,243.44026,0.0005512300413101912
3.6687528344671203,216.23772,0.0006080278544686735
3.6919727891156464,200.54395,0.00033151343814097345
3.7151927437641725,195.98366,0.0002288664982188493
3.7384126984126986,193.75084,0.00022213219199329615
3.7616326530612247,198.31964,0.0002464327262714505
3.784852607709751,202.17491,0.0004220207338221371
3.8080725623582765,203.1917,0.0004403043130878359
3.8312925170068026,203.48323,0.00039012855268083513
3.8545124716553287,200.35512,0.0003466503112576902
3.877732426303855,196.63956,0.00029631529469043016
3.900952380952381,197.21065,0.000283900328213349
3.924172335600907,200.74965,0.00035025065881200135
3.947392290249433,204.60999,0.00036020734114572406
3.9706122448979593,208.8747,0.00039468499016948044
3.9938321995464854,207.43016,0.0003813756338786334
4.017052154195011,203.7748,0.0003924919874407351
4.040272108843538,199.95258,0.00029314414132386446
4.063492063492063,196.04955,0.0002635238924995065
4.08671201814059,196.40784,0.0002702189376577735
4.1099319727891155,200.36992,0.0003624004020821303
4.133151927437642,204.31595,0.0004166561411693692
4.156371882086168,209.38185,0.00046042888425290585
4.179591836734694,211.88356,0.0004763156466651708
4.20281179138322,209.3057,0.0004285555914975703
4.2260317460317465,201.62802,0.0003361587005201727
4.249251700680272,195.72403,0.00029587827157229185
4.272471655328799,192.91618,0.00023939467791933566
4.295691609977324,196.10486,0.00025445467326790094
4.31891156462585,199.4923,0.00032527378061786294
4.342131519274377,203.3072,0.0003583633224479854
4.365351473922902,204.81117,0.0003893515095114708
4.388571428571429,202.11064,0.0003966426011174917
4.4117913832199545,195.91014,0.00043067545630037785
4.435011337868481,193.84811,0.00044336626888252795
4.458231292517007,193.4568,0.00044095644261687994
4.481451247165533,190.56549,0.0005724153597839177
4.504671201814059,352.51318,0.0005062074633315206
4.527891156462585,167.2438,0.000308395508909598
4.551111111111111,155.03786,0.00025630893651396036
4.574331065759638,152.72931,0.00021393634960986674
4.597551020408163,156.21162,0.00026839616475626826
4.62077097505669,163.17877,0.0003410823701415211
4.6439909297052155,166.91335,0.00032198181725107133
4.667210884353741,169.21579,0.00034186762059107423
4.690430839002268,168.62582,0.00038882860098965466
4.713650793650793,165.04494,0.0002523885923437774
4.73687074829932,160.604,0.00019508844707161188
4.760090702947846,160.2998,0.0002973349764943123
4.783310657596372,163.32259,0.00033034890657290816
4.806530612244898,167.71799,0.0003350241167936474
4.829750566893424,170.73499,0.00035441864747554064
4.85297052154195,170.74866,0.00040563615038990974
4.876190476190477,167.98254,0.0004071354051120579
4.899410430839002,163.76546,0.0002756884496193379
4.922630385487529,161.10931,0.00024818474776111543
4.9458503401360545,161.84743,0.0003356337547302246
4.96907029478458,164.61136,0.0003490071976557374
4.992290249433107,168.85883,0.0003936264547519386
5.015510204081632,171.86736,0.0004830908728763461
5.038730158730159,173.0441,0.0004105662228539586
5.061950113378685,169.43427,0.000423157267505303
5.085170068027211,165.32088,0.00033199466997757554
5.108390022675737,160.55347,0.00021400049445219338
5.131609977324263,160.58385,0.0003073661355301738
5.154829931972789,162.03137,0.0002830978773999959
5.178049886621316,165.68327,0.000341767561621964
5.201269841269841,168.50621,0.00034738657996058464
5.224489795918368,169.49602,0.0003837424737866968
5.2477097505668935,166.59523,0.00030054335366003215
5.27092970521542,159.95824,0.0001865182857727632
5.294149659863946,156.67163,0.00020652366220019758
5.317369614512471,156.61583,0.00016873111599124968
5.340589569160998,158.339,0.00021087656205054373
5.363809523809524,161.76,0.00024831434711813927
5.38702947845805,167.22153,0.00032178315450437367
5.410249433106576,170.47562,0.0003598565235733986
5.433469387755102,171.43562,0.00042619186569936574
5.456689342403628,167.66664,0.0003200744977220893
5.479909297052155,157.81757,0.0001998880470637232
5.50312925170068,145.56686,0.0001834719441831112
5.526349206349207,131.54785,0.00012261024676263332
5.5495691609977325,124.57164,0.00011094626097474247
5.572789115646259,122.71973,0.00012021615111734718
5.596009070294785,124.032425,0.0001456625177524984
5.61922902494331,126.70449,0.00013231841148808599
5.642448979591837,128.05487,0.00015447218902409077
5.6656689342403626,127.648056,0.00014093640493229032
5.688888888888889,124.895515,0.00011901020479854196
5.712108843537415,121.55522,0.00013549093273468316
5.735328798185941,119.68818,0.000149278697790578
5.758548752834467,120.769196,0.00017143652075901628
5.7817687074829935,123.0226,0.00018549253582023084
5.804988662131519,126.3321,0.00015985802747309208
5.828208616780046,131.14058,0.00022569629072677344
5.851428571428571,134.59541,0.00022023945348337293
5.874648526077098,135.83798,0.00021743637626059353
5.897868480725624,133.58815,0.00019500922644510865
5.92108843537415,129.6459,0.00020153056539129466
5.944308390022676,122.55709,0.00012639211490750313
5.9675283446712015,120.057526,0.0001656042441027239
5.990748299319728,122.6952,0.0001746494381222874
6.013968253968254,129.69102,0.00017011346062645316
6.03718820861678,133.67252,0.00021991293760947883
6.060408163265306,135.7501,0.00016840438183862716
6.0836281179138325,133.64491,0.00016844214405864477
6.106848072562358,128.72296,0.00017156434478238225
6.130068027210885,124.1628,0.00012373104982543737
6.15328798185941,122.23752,0.00012970788520760834
6.176507936507937,124.62101,0.00012095288548152894
6.199727891156463,127.85717,0.00013091931759845465
6.222947845804989,131.11024,0.00017229549121111631
6.246167800453515,132.66225,0.00016309939383063465
6.269387755102041,133.6865,0.00014815911708865315
6.292607709750567,130.60356,0.00014099772670306265
6.315827664399093,125.43869,9.364797733724117e-05
6.339047619047619,121.117836,8.590833749622107e-05
6.362267573696145,121.97047,0.00010369489609729499
6.3854875283446715,125.57392,8.250027894973755e-05
6.408707482993197,130.01003,9.443607996217906e-05
6.431927437641724,134.94136,7.103529060259461e-05
6.455147392290249,134.27849,4.33358691225294e-05
6.478367346938776,130.9889,3.89478009310551e-05
6.501587301587302,124.71842,2.5292210921179503e-05
6.524807256235828,118.06925,1.9488317775540054e-05
6.548027210884354,121.0626,1.19291753435391e-05
6.57124716553288,124.27096,1.3267380381876137e-05
6.594467120181406,128.666,1.2070405318809208e-05
6.617687074829932,0.0,8.986790817289148e-06
6.640907029478458,0.0,3.5406583265285008e-06
6.664126984126984,0.0,2.1787382138427347e-06
6.6873469387755105,0.0,7.290527719305828e-07
6.710566893424036,0.0,2.3311167751671746e-07
6.733786848072563,0.0,1.1332122085150331e-07
6.757006802721088,0.0,2.7605801733443514e-07
6.780226757369615,0.0,2.924534783232957e-07
6.8034467120181406,0.0,2.1893174562137574e-07
6.826666666666667,0.0,2.7144506020704284e-07
6.849886621315193,0.0,3.16820660373196e-07
6.873106575963719,0.0,2.667666194611229e-07
6.896326530612245,0.0,2.0000061340397224e-07
6.9195464852607715,0.0,5.696529115084559e-08
6.942766439909297,0.0,1.151693140855059e-07
6.965986394557823,0.0,7.802373147569597e-08
6.989206349206349,0.0,2.868400770239532e-07
7.012426303854875,0.0,6.127083906903863e-08
7.035646258503402,0.0,4.24615791416727e-08
7.058866213151927,0.0,1.1132215149700642e-07
7.082086167800454,0.0,1.0099483915837482e-07
7.1053061224489795,0.0,4.344565240899101e-08
7.128526077097506,0.0,1.0286748874932528e-07
7.151746031746032,0.0,1.0330950317438692e-08
