0.0,0.0,6.705249688820913e-08
0.023219954648526078,0.0,4.4972694013267756e-08
0.046439909297052155,0.0,1.6735248209442943e-07
0.06965986394557823,0.0,1.2751661415677518e-07
0.09287981859410431,0.0,3.868717612931505e-08
0.11609977324263039,0.0,4.038702172692865e-08
0.13931972789115646,0.0,2.1131563698872924e-07
0.16253968253968254,0.0,2.0622974261641502e-07
0.18575963718820862,0.0,6.497884896816686e-08
0.2089795918367347,0.0,6.927530193934217e-08
0.23219954648526078,0.0,1.4928355085430667e-07
0.25541950113378686,0.0,1.5455952961929142e-07
0.2786394557823129,0.0,1.042171788867563e-07
0.301859410430839,0.0,9.550785762257874e-08
0.3250793650793651,0.0,2.1109462977619842e-07
0.3482993197278912,0.0,9.539053280605003e-08
0.37151927437641724,0.0,1.0719668352976441e-07
0.3947392290249433,0.0,8.658025762997568e-08
0.4179591836734694,0.0,2.18069544644095e-07
0.44117913832199546,0.0,7.928874765639193e-07
0.46439909297052157,121.69429,2.5135452233371325e-05
0.4876190476190476,104.57704,7.24751444067806e-05
0.5108390022675737,112.45506,8.059014362515882e-05
0.5340589569160998,117.50901,9.96032904367894e-05
0.5572789115646258,122.993286,0.00016502286598552018
0.5804988662131519,124.92246,0.00022502536012325436
0.603718820861678,121.076256,0.00029764557257294655
0.626938775510204,118.87965,0.0003282264224253595
0.6501587301587302,118.95366,0.00037464930210262537
0.6733786848072563,123.94279,0.0004917879705317318
0.6965986394557824,128.9383,0.000640613492578268
0.7198185941043084,132.25291,0.000681887730024755
0.7430385487528345,134.48883,0.0007328051724471152
0.7662585034013606,132.69649,0.0009458244894631207
0.7894784580498866,254.0406,0.000743354088626802
0.8126984126984127,115.617134,0.00104868458583951
0.8359183673469388,110.56383,0.0012464544270187616
0.8591383219954649,112.90375,0.001116973115131259
0.8823582766439909,118.50183,0.0010905308881774545
0.905578231292517,125.67116,0.0014453731710091233
0.9287981859410431,130.71783,0.0015320406528189778
0.9520181405895691,133.34741,0.0011981227435171604
0.9752380952380952,132.67516,0.0014778096228837967
0.9984580498866213,252.19913,0.001639922964386642
1.0216780045351475,112.28298,0.0018117768922820687
1.0448979591836736,113.57226,0.0014387131668627262
1.0681179138321997,119.478,0.001367883407510817
1.0913378684807256,124.14502,0.0016594064654782414
1.1145578231292517,129.54451,0.001893162028864026
1.1377777777777778,133.56151,0.0014980011619627476
1.1609977324263039,133.51619,0.0017601856961846352
1.18421768707483,130.21063,0.0019416991854086518
1.207437641723356,504.57895,0.00200256472453475
1.2306575963718822,418.0839,0.0019491973798722029
1.253877551020408,111.212685,0.002112140879034996
1.2770975056689342,418.54813,0.0017871458549052477
1.3003174603174603,123.52094,0.0017689266242086887
1.3235374149659864,130.22826,0.0019160974770784378
1.3467573696145125,134.46523,0.0015600554179400206
1.3699773242630386,134.59106,0.00186845101416111
1.3931972789115648,502.21735,0.0022644458804279566
1.4164172335600906,501.21545,0.0023446420673280954
1.4396371882086167,109.02855,0.0016509904526174068
1.4628571428571429,498.85452,0.0026749835815280676
1.486077097505669,117.26491,0.002130489330738783
1.509297052154195,122.332664,0.002063699997961521
1.5325170068027212,499.78036,0.0023190961219370365
1.5557369614512473,132.41911,0.001960929948836565
1.5789569160997732,132.67848,0.0022742566652595997
1.6021768707482993,498.87552,0.0026772969868034124
1.6253968253968254,413.10983,0.0023827399127185345
1.6486167800453515,112.066124,0.0029165269806981087
1.6718367346938776,117.45242,0.0024543246254324913
1.6950566893424037,121.215515,0.0021867104806005955
1.7182766439909298,126.39017,0.0025005070492625237
1.7414965986394557,131.80054,0.0021839390974491835
1.7647165532879818,133.49998,0.002222033217549324
1.787936507936508,499.38132,0.002774435095489025
1.811156462585034,497.1294,0.002551088109612465
1.8343764172335602,117.42379,0.0029265680350363255
1.8575963718820863,116.94981,0.002656424418091774
1.8808163265306124,122.44957,0.0027651586569845676
1.9040362811791383,497.57333,0.002675039693713188
1.9272562358276644,136.35512,0.0022783861495554447
1.9504761904761905,143.51637,0.002101016230881214
1.9736961451247166,146.19266,0.0018595992587506771
1.9969160997732427,502.894,0.0027121654711663723
2.020136054421769,499.23987,0.002661434467881918
2.043356009070295,502.93002,0.002129356376826763
2.066575963718821,499.81494,0.00245175464078784
2.089795918367347,500.32153,0.0028976541943848133
2.1130158730158732,168.27545,0.002953506773337722
2.1362358276643993,506.14218,0.002309644827619195
2.159455782312925,145.38332,0.0028412239626049995
2.182675736961451,142.42148,0.002447071485221386
2.2058956916099772,145.11981,0.002327684545889497
2.2291156462585033,150.4319,0.0033237505704164505
2.2523356009070294,502.11975,0.0025280718691647053
2.2755555555555556,169.16533,0.004341450519859791
2.2987755102040817,170.3333,0.004673441872000694
2.3219954648526078,502.7097,0.002636852441355586
2.345215419501134,630.21155,0.0037517803721129894
2.36843537414966,144.37874,0.0029567452147603035
2.391655328798186,142.88025,0.002851509489119053
2.414875283446712,147.18327,0.0037481714971363544
2.4380952380952383,155.2799,0.0032429154962301254
2.4613151927437644,500.92572,0.0042809960432350636
2.48453514739229,170.90852,0.005406348966062069
2.507755102040816,169.0593,0.004033902660012245
2.5309750566893423,505.46335,0.0027643349021673203
2.5541950113378684,628.3355,0.003736906684935093
2.5774149659863945,140.87073,0.003680883441120386
2.6006349206349206,141.16411,0.003202419262379408
2.6238548752834467,146.55414,0.003465692512691021
2.647074829931973,152.69774,0.003764247987419367
2.670294784580499,161.05537,0.003055843058973551
2.693514739229025,166.94405,0.0040692780166864395
2.716734693877551,165.90878,0.003219138365238905
2.7399546485260773,629.39154,0.0034925336949527264
2.7631746031746034,625.1326,0.004238723311573267
2.7863945578231295,137.86378,0.004792922176420689
2.809614512471655,139.53952,0.004098787903785706
2.8328344671201813,144.19667,0.0032614448573440313
2.8560544217687074,151.51613,0.00489029660820961
2.8792743764172335,158.1804,0.0036047198809683323
2.9024943310657596,164.23502,0.0038739305455237627
2.9257142857142857,162.58873,0.003387393895536661
2.948934240362812,628.1953,0.0048833126202225685
2.972154195011338,624.931,0.0041307550854980946
2.995374149659864,139.26842,0.004302581772208214
3.01859410430839,142.35129,0.00406523235142231
3.0418140589569163,149.10393,0.00440143421292305
3.0650340136054424,498.26398,0.004277009516954422
3.0882539682539685,164.12785,0.004921143874526024
3.1114739229024946,166.45644,0.004965319763869047
3.1346938775510207,629.46484,0.004489819519221783
3.1579138321995464,150.18935,0.0054776533506810665
3.1811337868480725,143.2431,0.003995413891971111
3.2043537414965986,143.79404,0.0035400865599513054
3.2275736961451247,149.78008,0.005654739681631327
3.250793650793651,156.44545,0.004177827388048172
3.274013605442177,161.6253,0.004448399879038334
3.297233560090703,164.96161,0.005354749970138073
3.320453514739229,163.9688,0.004901679698377848
3.3436734693877552,503.764,0.007633824832737446
3.3668934240362813,501.52988,0.007319938857108355
3.3901133786848074,622.48944,0.005905887112021446
3.4133333333333336,197.57452,0.006673868745565414
3.4365532879818597,201.71823,0.007074274122714996
3.4597732426303858,199.30318,0.008098749443888664
3.4829931972789114,628.48126,0.009505627676844597
3.5062131519274375,500.25302,0.009517939761281013
3.5294331065759637,176.95235,0.010467596352100372
3.5526530612244898,181.24411,0.011886535212397575
3.575873015873016,186.98758,0.00948223378509283
3.599092970521542,193.80992,0.0081227608025074
3.622312925170068,197.2869,0.009021864272654057
3.645532879818594,195.01956,0.008750777691602707
3.6687528344671203,185.19745,0.013428373262286186
3.6919727891156464,501.30887,0.010872123762965202
3.7151927437641725,171.33786,0.013860657811164856
3.7384126984126986,170.93361,0.015350946225225925
3.7616326530612247,497.30954,0.014816340059041977
3.784852607709751,183.89297,0.012138327583670616
3.8080725623582765,190.73566,0.009605919942259789
3.8312925170068026,196.8305,0.009275252930819988
3.8545124716553287,196.67813,0.010089719668030739
3.877732426303855,627.40137,0.01250471267849207
3.900952380952381,503.6595,0.01176249049603939
3.924172335600907,168.75278,0.010750055313110352
3.947392290249433,168.36157,0.012740458361804485
3.9706122448979593,172.53966,0.017909057438373566
3.9938321995464854,506.64966,0.013453536666929722
4.017052154195011,193.03934,0.010410184040665627
4.040272108843538,196.86682,0.011657523922622204
4.063492063492063,195.81784,0.010739674791693687
4.08671201814059,188.55157,0.013692399486899376
4.1099319727891155,505.2091,0.014426745474338531
4.133151927437642,171.05316,0.014773544855415821
4.156371882086168,171.22447,0.016282400116324425
4.179591836734694,175.3285,0.019274858757853508
4.20281179138322,508.53763,0.015890751034021378
4.2260317460317465,191.01541,0.011079023592174053
4.249251700680272,196.10963,0.012199468910694122
4.272471655328799,195.63428,0.010918524116277695
4.295691609977324,186.8166,0.017197491601109505
4.31891156462585,502.22476,0.012717630714178085
4.342131519274377,167.03212,0.010004503652453423
4.365351473922902,167.52844,0.012953582219779491
4.388571428571429,501.60126,0.020282603800296783
4.4117913832199545,507.9285,0.015017597004771233
4.435011337868481,192.97043,0.00974183902144432
4.458231292517007,197.4951,0.011825142428278923
4.481451247165533,194.19244,0.011751570738852024
4.504671201814059,183.07845,0.021267758682370186
4.527891156462585,494.83157,0.016803838312625885
4.551111111111111,173.22054,0.020513389259576797
4.574331065759638,175.97304,0.024249965324997902
4.597551020408163,179.40425,0.02385985106229782
4.62077097505669,183.7222,0.021276913583278656
4.6439909297052155,191.32095,0.019953858107328415
4.667210884353741,193.28935,0.016746999695897102
4.690430839002268,625.1788,0.018656335771083832
4.713650793650793,632.12665,0.01315279584378004
4.73687074829932,848.1446,0.009624920785427094
4.760090702947846,252.33702,0.014348436146974564
4.783310657596372,265.97217,0.01828679069876671
4.806530612244898,273.27744,0.01952965185046196
4.829750566893424,516.5686,0.019323430955410004
4.85297052154195,243.08218,0.01779083162546158
4.876190476190477,236.31732,0.021039575338363647
4.899410430839002,236.67776,0.016815930604934692
4.922630385487529,242.80782,0.019138943403959274
4.9458503401360545,249.61873,0.023687876760959625
4.96907029478458,258.0729,0.026844432577490807
4.992290249433107,262.3346,0.026309244334697723
5.015510204081632,257.383,0.0278224665671587
5.038730158730159,252.28337,0.019672079011797905
5.061950113378685,242.8749,0.020813029259443283
5.085170068027211,237.84697,0.023540213704109192
5.108390022675737,237.59766,0.02147310972213745
5.131609977324263,241.15367,0.022980879992246628
5.154829931972789,250.18726,0.025568265467882156
5.178049886621316,260.04282,0.02771792560815811
5.201269841269841,267.44766,0.021934248507022858
5.224489795918368,262.0342,0.025025365874171257
5.2477097505668935,254.3237,0.021244168281555176
5.27092970521542,243.9273,0.019914895296096802
5.294149659863946,238.50967,0.021858027204871178
5.317369614512471,238.11375,0.021164435893297195
5.340589569160998,241.80608,0.020838744938373566
5.363809523809524,249.30783,0.022943008691072464
5.38702947845805,257.49185,0.026697730645537376
5.410249433106576,268.51077,0.02322843298316002
5.433469387755102,271.34897,0.02077154442667961
5.456689342403628,261.47562,0.023691952228546143
5.479909297052155,252.905,0.018403824418783188
5.50312925170068,244.10474,0.018436163663864136
5.526349206349207,241.11519,0.021717362105846405
5.5495691609977325,242.4998,0.01907680742442608
5.572789115646259,247.2997,0.020610930398106575
5.596009070294785,254.41862,0.025507789105176926
5.61922902494331,262.94122,0.022546876221895218
5.642448979591837,269.07666,0.02072732150554657
5.6656689342403626,266.12598,0.02233927510678768
5.688888888888889,257.0709,0.02312592603266239
5.712108843537415,247.7742,0.017521366477012634
5.735328798185941,242.09598,0.020363446325063705
5.758548752834467,242.46312,0.020465515553951263
5.7817687074829935,246.23622,0.021309293806552887
5.804988662131519,252.9682,0.026046471670269966
5.828208616780046,260.3224,0.026012130081653595
5.851428571428571,266.32404,0.02328755334019661
5.874648526077098,263.4553,0.026198139414191246
5.897868480725624,256.04205,0.026165615767240524
5.92108843537415,247.91594,0.021534690633416176
5.944308390022676,240.95078,0.023338474333286285
5.9675283446712015,241.02255,0.02175248973071575
5.990748299319728,244.91872,0.02083929441869259
6.013968253968254,249.27054,0.019993040710687637
6.03718820861678,253.1378,0.01970783621072769
6.060408163265306,247.91362,0.01583770103752613
6.0836281179138325,852.2446,0.02179141715168953
6.106848072562358,192.43735,0.015749702230095863
6.130068027210885,506.11066,0.021878156810998917
6.15328798185941,180.96877,0.015415055677294731
6.176507936507937,188.38277,0.010614404454827309
6.199727891156463,187.40622,0.01288436260074377
6.222947845804989,182.80931,0.01447942852973938
6.246167800453515,181.84225,0.014066696166992188
6.269387755102041,181.38406,0.013580363243818283
6.292607709750567,180.99814,0.013730330392718315
6.315827664399093,184.24297,0.011568750254809856
6.339047619047619,191.73642,0.008213195018470287
6.362267573696145,196.7498,0.010198472067713737
6.3854875283446715,197.73602,0.009791631251573563
6.408707482993197,628.32916,0.010279139503836632
6.431927437641724,509.96603,0.014803200028836727
6.455147392290249,173.95285,0.01590636372566223
6.478367346938776,173.10005,0.0187624990940094
6.501587301587302,501.29938,0.012012284249067307
6.524807256235828,187.76395,0.010108674876391888
6.548027210884354,193.08815,0.0070251645520329475
6.57124716553288,197.31723,0.008313543163239956
6.594467120181406,197.8342,0.007826996967196465
6.617687074829932,194.03796,0.008182117715477943
6.640907029478458,184.83623,0.012322591617703438
6.664126984126984,176.72984,0.013645818457007408
6.6873469387755105,174.23506,0.015437477268278599
6.710566893424036,504.67245,0.010537589900195599
6.733786848072563,189.73222,0.008342241868376732
6.757006802721088,196.62665,0.007932293228805065
6.780226757369615,199.79832,0.008820049464702606
6.8034467120181406,199.34377,0.009815990924835205
6.826666666666667,629.0347,0.007739942520856857
6.849886621315193,629.541,0.012100539170205593
6.873106575963719,501.00632,0.00882803276181221
6.896326530612245,166.38913,0.010433739051222801
6.9195464852607715,500.6048,0.013640223070979118
6.942766439909297,188.26257,0.008554378524422646
6.965986394557823,195.81598,0.007051299791783094
6.989206349206349,200.26266,0.00876079872250557
7.012426303854875,197.79607,0.007708961609750986
7.035646258503402,625.9714,0.010546102188527584
7.058866213151927,505.2746,0.010891824960708618
7.082086167800454,164.84619,0.007867764681577682
7.1053061224489795,168.40889,0.012773880735039711
7.128526077097506,174.80234,0.016059493646025658
7.151746031746032,182.79547,0.009512901306152344
7.174965986394558,626.0499,0.006833973806351423
7.198185941043084,197.7031,0.007744603790342808
7.2214058956916105,194.20474,0.006983493454754353
7.244625850340136,187.22511,0.01106444001197815
7.267845804988662,504.15817,0.0126519575715065
7.291065759637188,168.4331,0.013314023613929749
7.314285714285714,170.41388,0.01574506051838398
7.337505668934241,172.40442,0.015977878123521805
7.360725623582766,170.18248,0.014155928045511246
7.383945578231293,166.03487,0.007780979387462139
7.4071655328798185,629.53314,0.008022171445190907
7.430385487528345,147.5622,0.007169867400079966
7.453605442176871,147.34425,0.0065881977789103985
7.476825396825397,154.00398,0.005420285277068615
7.500045351473923,158.69681,0.004984782077372074
7.5232653061224495,160.4598,0.005068689584732056
7.546485260770975,157.29439,0.004986099433153868
7.569705215419502,149.96036,0.006786612793803215
7.592925170068027,141.58328,0.006310895085334778
7.616145124716553,142.42256,0.005300970748066902
7.63936507936508,147.89925,0.006263663060963154
7.662585034013605,155.65004,0.005468012299388647
7.685804988662132,160.79305,0.005666890647262335
7.7090249433106575,162.23343,0.005740828812122345
7.732244897959184,160.64781,0.005818934645503759
7.75546485260771,627.65955,0.005348309874534607
7.778684807256236,148.36935,0.00631248764693737
7.801904761904762,144.96396,0.005089529789984226
7.8251247165532885,147.2371,0.005625308956950903
7.848344671201814,154.94174,0.00577188516035676
7.871564625850341,163.42569,0.007068520877510309
7.894784580498866,167.69203,0.009332878515124321
7.918004535147393,167.65623,0.007912877947092056
7.9412244897959186,161.41245,0.004731369204819202
7.964444444444444,155.03842,0.0055695101618766785
7.987664399092971,146.69983,0.005408776458352804
8.010884353741497,144.88524,0.005739361979067326
8.034104308390022,149.67166,0.0055688112042844296
8.057324263038549,157.33896,0.005125563126057386
8.080544217687075,162.6046,0.0062107970006763935
8.103764172335602,166.56287,0.008307571522891521
8.126984126984127,168.53644,0.008055121637880802
8.150204081632653,162.66591,0.0044499775394797325
8.17342403628118,156.67535,0.005319640040397644
8.196643990929706,143.83177,0.005250965710729361
8.219863945578231,142.98965,0.004895037040114403
8.243083900226758,147.26569,0.005664090625941753
8.266303854875284,156.82866,0.005179829895496368
8.289523809523809,164.51207,0.006763308774679899
8.312743764172335,169.02776,0.009084420278668404
8.335963718820862,170.71364,0.008872106671333313
8.359183673469389,497.45233,0.0050957296043634415
8.382403628117913,628.50464,0.005615992471575737
8.40562358276644,624.6536,0.0061485255137085915
8.428843537414966,141.49258,0.005760658532381058
8.452063492063493,145.67822,0.005691097117960453
8.475283446712018,156.22267,0.004883786663413048
8.498503401360544,162.89897,0.006333956494927406
8.52172335600907,164.80707,0.006517411209642887
8.544943310657597,163.61932,0.005249657202512026
8.568163265306122,160.21901,0.004431868903338909
8.591383219954649,625.4355,0.005889874882996082
8.614603174603175,138.80954,0.0057770200073719025
8.6378231292517,140.09724,0.005330312997102737
8.661043083900227,144.45576,0.005165376700460911
8.684263038548753,153.6336,0.00492043886333704
8.70748299319728,163.82245,0.005922514013946056
8.730702947845804,165.68231,0.006490516476333141
8.753922902494331,163.10922,0.004693543538451195
8.777142857142858,630.39185,0.004283929243683815
8.800362811791384,144.01613,0.0052133724093437195
8.823582766439909,142.71202,0.0042831869795918465
8.846802721088435,146.32054,0.003759336657822132
8.870022675736962,147.67545,0.004751214291900396
8.893242630385489,146.17,0.004087067674845457
8.916462585034013,140.45679,0.004299168940633535
8.93968253968254,498.31866,0.005005468614399433
8.962902494331066,124.989746,0.005154453683644533
8.986122448979591,122.69851,0.004795807879418135
9.009342403628118,124.92392,0.004516159184277058
9.032562358276644,127.999535,0.004087737761437893
9.05578231292517,129.10085,0.004248127341270447
9.079002267573696,127.21575,0.004532011225819588
9.102222222222222,123.215744,0.003878457471728325
9.125442176870749,119.27023,0.002453613094985485
9.148662131519275,119.27927,0.003386428812518716
9.1718820861678,122.85908,0.004257681779563427
9.195102040816327,126.4954,0.004244877491146326
9.218321995464853,128.60239,0.003927695564925671
9.24154195011338,128.09885,0.004102375358343124
9.264761904761905,125.306046,0.003849149914458394
9.287981859410431,121.45262,0.0030172832775861025
9.311201814058958,116.78658,0.0018904443131759763
9.334421768707482,116.64969,0.002403075573965907
9.357641723356009,119.22572,0.0028613898903131485
9.380861678004536,124.67981,0.0034732676576822996
9.404081632653062,128.76807,0.0033145411871373653
9.427301587301587,130.88121,0.0029649347998201847
9.450521541950113,129.55205,0.0034815415274351835
9.47374149659864,124.88788,0.0030967630445957184
9.496961451247167,119.11785,0.0017288208473473787
9.520181405895691,113.90061,0.002400329103693366
9.543401360544218,116.71584,0.0023061991669237614
9.566621315192744,120.99291,0.0028692358173429966
9.58984126984127,125.577194,0.0026151775382459164
9.613061224489796,129.73222,0.002564004622399807
9.636281179138322,129.55692,0.0026132166385650635
9.659501133786849,127.740875,0.002625473076477647
9.682721088435374,122.32318,0.002168316626921296
9.7059410430839,116.16347,0.0019628966692835093
9.729160997732427,115.60653,0.0018502890598028898
9.752380952380953,119.56704,0.0017805323004722595
9.775600907029478,124.143486,0.0017660325393080711
9.798820861678005,129.8362,0.001647250959649682
9.822040816326531,130.4091,0.0016105406684800982
9.845260770975058,127.01506,0.0016894964501261711
9.868480725623582,119.96516,0.0015042861923575401
9.891700680272109,111.513985,0.0012423337902873755
9.914920634920636,112.68067,0.0010329724755138159
9.93814058956916,118.67565,0.0005936934612691402
9.961360544217687,127.05311,0.00018980540335178375
9.984580498866213,128.4247,1.199069265567232e-05
10.00780045351474,0.0,2.6926536520477384e-06
10.031020408163265,0.0,3.642808223958127e-07
10.054240362811791,0.0,2.4461496650474146e-07
10.077460317460318,0.0,1.05504113889765e-07
10.100680272108844,0.0,6.471600499935448e-08
10.12390022675737,0.0,8.870119927451015e-08
10.147120181405896,0.0,5.1749339036177844e-08
10.170340136054422,0.0,1.2345026334514841e-07
10.193560090702949,0.0,2.2813765099272132e-08
10.216780045351474,0.0,2.0540574041660875e-07
10.24,0.0,1.8549781088950112e-07
10.263219954648527,0.0,2.406286512268707e-07
10.286439909297052,0.0,1.674916347838007e-07
10.309659863945578,0.0,2.131173459929414e-07
10.332879818594105,0.0,8.974893717095256e-09
