0.0,0.0,1.2777036317856982e-07
0.023219954648526078,0.0,1.9950221030740067e-07
0.046439909297052155,0.0,1.7531147022964433e-07
0.06965986394557823,0.0,1.5213936421787366e-07
0.09287981859410431,0.0,2.814449544530362e-07
0.11609977324263039,0.0,9.141513146460056e-08
0.13931972789115646,0.0,4.489083949010819e-08
0.16253968253968254,0.0,4.602316039381549e-08
0.18575963718820862,0.0,3.013701643794775e-08
0.2089795918367347,0.0,1.1461088433861732e-07
0.23219954648526078,0.0,1.816588337533176e-07
0.25541950113378686,0.0,1.37823008117266e-07
0.2786394557823129,0.0,3.944023774238303e-08
0.301859410430839,0.0,1.146217982750386e-07
0.3250793650793651,0.0,7.517519406974316e-08
0.3482993197278912,0.0,4.3658474169205874e-08
0.37151927437641724,0.0,8.456936484435573e-08
0.3947392290249433,0.0,7.081434887368232e-07
0.4179591836734694,144.69241,1.8263930542161688e-05
0.44117913832199546,134.06807,6.156484596431255e-05
0.46439909297052157,131.21696,0.00010677457612473518
0.4876190476190476,130.24556,0.0001280531578231603
0.5108390022675737,129.94356,0.00015141023322939873
0.5340589569160998,130.5011,0.00020357576431706548
0.5572789115646258,131.95767,0.0002702298224903643
0.5804988662131519,132.10515,0.00030205101938918233
0.603718820861678,131.16052,0.0003133864956907928
0.626938775510204,132.78802,0.00041235508979298174
0.6501587301587302,133.43033,0.0004675606614910066
0.6733786848072563,133.11812,0.00046538299648091197
0.6965986394557824,133.44908,0.0005158018320798874
0.7198185941043084,134.39862,0.0005488954484462738
0.7430385487528345,135.6137,0.00058528664521873
0.7662585034013606,135.1647,0.000576510326936841
0.7894784580498866,133.38333,0.0005582394660450518
0.8126984126984127,133.37143,0.0006150890840217471
0.8359183673469388,134.45592,0.000668897177092731
0.8591383219954649,134.70909,0.000701254524756223
0.8823582766439909,132.76262,0.000579656392801553
0.905578231292517,131.0092,0.0005133268423378468
0.9287981859410431,131.75772,0.0006012707599438727
0.9520181405895691,133.34923,0.0008539219852536917
0.9752380952380952,137.2932,0.0011825100518763065
0.9984580498866213,140.10538,0.001328060869127512
1.0216780045351475,142.08232,0.0016730668721720576
1.0448979591836736,139.93416,0.0015019724378362298
1.0681179138321997,135.9442,0.0009027858613990247
1.0913378684807256,133.73814,0.0007913617300800979
1.1145578231292517,131.34778,0.0005720069748349488
1.1377777777777778,130.94681,0.0006340641994029284
1.1609977324263039,132.47955,0.0007721434812992811
1.18421768707483,133.05836,0.0008236706489697099
1.207437641723356,133.75105,0.0009174878941848874
1.2306575963718822,135.9978,0.0012211862485855818
1.253877551020408,137.36153,0.0011936472728848457
1.2770975056689342,135.31535,0.0009605006780475378
1.3003174603174603,133.5741,0.0008173895766958594
1.3235374149659864,131.9085,0.0006710165180265903
1.3467573696145125,132.6091,0.000648246961645782
1.3699773242630386,133.21887,0.0007719303830526769
1.3931972789115648,134.50931,0.0008699065074324608
1.4164172335600906,134.81047,0.0008018543012440205
1.4396371882086167,134.92702,0.0007239332771860063
1.4628571428571429,135.15482,0.000707067723851651
1.486077097505669,138.02002,0.0006995286094024777
1.509297052154195,140.1426,0.0006479148287326097
1.5325170068027212,142.42023,0.000757229165174067
1.5557369614512473,145.28432,0.0006181542994454503
1.5789569160997732,149.46692,0.0004588023293763399
1.6021768707482993,156.27417,0.0006263094837777317
1.6253968253968254,162.29547,0.0005545791937038302
1.6486167800453515,165.32559,0.0005238580633886158
1.6718367346938776,165.26004,0.0005553821683861315
1.6950566893424037,164.15315,0.0005923928692936897
1.7182766439909298,162.36467,0.0006709599401801825
1.7414965986394557,163.21326,0.0006601043278351426
1.7647165532879818,166.1351,0.0006004455499351025
1.787936507936508,170.34093,0.0006138915196061134
1.811156462585034,171.32777,0.0006608786061406136
1.8343764172335602,170.5113,0.0006768315797671676
1.8575963718820863,167.90445,0.0006373247597366571
1.8808163265306124,165.02707,0.0007814752170816064
1.9040362811791383,161.93372,0.0009738109074532986
1.9272562358276644,161.32547,0.0009867064654827118
1.9504761904761905,162.45685,0.0008142191218212247
1.9736961451247166,166.19427,0.0007502181106247008
1.9969160997732427,170.5829,0.00068787852069363
2.020136054421769,172.85544,0.0007641813717782497
2.043356009070295,171.26216,0.0007592336623929441
2.066575963718821,168.25737,0.0006660616490989923
2.089795918367347,165.32924,0.0007232539355754852
2.1130158730158732,163.18292,0.000935783376917243
2.1362358276643993,164.0764,0.0007611156324855983
2.159455782312925,167.35072,0.0007102238014340401
2.182675736961451,171.76068,0.0006865037721581757
2.2058956916099772,173.88612,0.0007656770176254213
2.2291156462585033,173.13992,0.000785824260674417
2.2523356009070294,170.99672,0.0007682213326916099
2.2755555555555556,167.29713,0.0006862758891656995
2.2987755102040817,164.0747,0.0007792587857693434
2.3219954648526078,164.35406,0.0007839269237592816
2.345215419501134,166.93246,0.0007028743857517838
2.36843537414966,171.30656,0.0006743110134266317
2.391655328798186,173.73195,0.0007875701412558556
2.414875283446712,172.76476,0.0008303236681967974
2.4380952380952383,171.26074,0.0008773136069066823
2.4613151927437644,169.35509,0.0007889213738963008
2.48453514739229,168.84827,0.0007206893060356379
2.507755102040816,169.49535,0.0007620913092978299
2.5309750566893423,170.07999,0.0008244486525654793
2.5541950113378684,172.61188,0.0009747343137860298
2.5774149659863945,174.70885,0.0010587126016616821
2.6006349206349206,177.48856,0.0008693761192262173
2.6238548752834467,180.70084,0.0009193639853037894
2.647074829931973,185.73705,0.0009543460328131914
2.670294784580499,194.18231,0.0007879273034632206
2.693514739229025,200.80428,0.0011119750561192632
2.716734693877551,201.24225,0.0011582478182390332
2.7399546485260773,197.82072,0.000748709193430841
2.7631746031746034,193.9804,0.0006467227358371019
2.7863945578231295,193.59885,0.0007156256469897926
2.809614512471655,196.41162,0.0010133958421647549
2.8328344671201813,198.99289,0.0011616377159953117
2.8560544217687074,199.17885,0.0009164943476207554
2.8792743764172335,196.64752,0.0005790088907815516
2.9024943310657596,192.2785,0.0006140470504760742
2.9257142857142857,190.7777,0.0008174690883606672
2.948934240362812,189.52945,0.0007826024666428566
2.972154195011338,190.59978,0.0006531079998239875
2.995374149659864,192.84662,0.0006406452157534659
3.01859410430839,195.66223,0.0008558961562812328
3.0418140589569163,200.27531,0.0012674336321651936
3.0650340136054424,201.31638,0.0013198560336604714
3.0882539682539685,197.71321,0.000875221798196435
3.1114739229024946,193.68011,0.0007828314555808902
3.1346938775510207,190.32011,0.0009689008584246039
3.1579138321995464,188.34274,0.0011732233688235283
3.1811337868480725,189.49026,0.0009217944461852312
3.2043537414965986,197.42975,0.001266223844140768
3.2275736961451247,202.08595,0.001812934991903603
3.250793650793651,207.36073,0.0021354416385293007
3.274013605442177,208.22858,0.002166010905057192
3.297233560090703,205.39258,0.0017884697299450636
3.320453514739229,199.3612,0.0012350879842415452
3.3436734693877552,195.33456,0.0007982439710758626
3.3668934240362813,192.73885,0.0007882518693804741
3.3901133786848074,194.93568,0.0008797128684818745
3.4133333333333336,198.52722,0.0012635171879082918
3.4365532879818597,202.3016,0.001585367601364851
3.4597732426303858,205.87712,0.0019578607752919197
3.4829931972789114,206.22406,0.0020250650122761726
3.5062131519274375,204.78403,0.0016675498336553574
3.5294331065759637,201.4864,0.0014032546896487474
3.5526530612244898,199.26671,0.0012953522382304072
3.575873015873016,197.93536,0.001144892768934369
3.599092970521542,199.556,0.0012916980776935816
3.622312925170068,205.16995,0.0018908444326370955
3.645532879818594,215.0747,0.0017442797543480992
3.6687528344671203,228.021,0.0025246229488402605
3.6919727891156464,238.21893,0.0031620319932699203
3.7151927437641725,243.50232,0.003076405730098486
3.7384126984126986,242.89703,0.0035835239104926586
3.7616326530612247,242.64561,0.003685425268486142
3.784852607709751,244.19522,0.00400531105697155
3.8080725623582765,248.18263,0.003173427889123559
3.8312925170068026,256.35535,0.0032501243986189365
3.8545124716553287,262.81296,0.005167138762772083
3.877732426303855,267.09692,0.004586558789014816
3.900952380952381,269.1094,0.00431564636528492
3.924172335600907,264.03366,0.004532486665993929
3.947392290249433,258.1434,0.003851107554510236
3.9706122448979593,251.43562,0.002887224778532982
3.9938321995464854,249.7593,0.0036228541284799576
4.017052154195011,252.52159,0.003037218237295747
4.040272108843538,262.1229,0.004783299285918474
4.063492063492063,273.4707,0.004175395704805851
4.08671201814059,277.84332,0.004384778905659914
4.1099319727891155,276.03094,0.004409622400999069
4.133151927437642,269.7183,0.004337542690336704
4.156371882086168,262.27435,0.004385413136333227
4.179591836734694,256.51285,0.003449951997026801
4.20281179138322,253.20308,0.002657898236066103
4.2260317460317465,256.7409,0.003363644238561392
4.249251700680272,264.93106,0.004681185819208622
4.272471655328799,273.49078,0.0037637632340192795
4.295691609977324,275.02893,0.004254487343132496
4.31891156462585,270.3407,0.003949373960494995
4.342131519274377,263.78592,0.003946350887417793
4.365351473922902,256.41745,0.0031063875649124384
4.388571428571429,251.28186,0.002266234252601862
4.4117913832199545,251.35408,0.0024766307324171066
4.435011337868481,259.18048,0.003461310639977455
4.458231292517007,268.0164,0.00393310422077775
4.481451247165533,273.6723,0.0033164634369313717
4.504671201814059,270.30573,0.00342910410836339
4.527891156462585,265.90424,0.003712546546012163
4.551111111111111,261.33115,0.0037294605281203985
4.574331065759638,256.17072,0.0029644418973475695
4.597551020408163,254.20242,0.002355559729039669
4.62077097505669,259.3234,0.003389590885490179
4.6439909297052155,268.2111,0.0036046875175088644
4.667210884353741,275.2561,0.0030180413741618395
4.690430839002268,276.65128,0.003210972063243389
4.713650793650793,274.84317,0.002864657435566187
4.73687074829932,267.95486,0.002886395435780287
4.760090702947846,260.35333,0.0032219081185758114
4.783310657596372,255.84688,0.002386281732469797
4.806530612244898,254.9595,0.0016843306366354227
4.829750566893424,256.76996,0.001619452377781272
4.85297052154195,255.15454,0.0012243087403476238
4.876190476190477,248.5498,0.0017341023776680231
4.899410430839002,238.12096,0.0030891839414834976
4.922630385487529,217.28006,0.0012920761946588755
4.9458503401360545,202.1292,0.0012240951182320714
4.96907029478458,202.52144,0.0012393980287015438
4.992290249433107,204.24742,0.0010634654900059104
5.015510204081632,204.37431,0.0010245563462376595
5.038730158730159,203.11595,0.0010186362778767943
5.061950113378685,201.16335,0.0008482089033350348
5.085170068027211,198.27283,0.0006315575446933508
5.108390022675737,196.95016,0.0005382687086239457
5.131609977324263,195.75601,0.000481367576867342
5.154829931972789,196.07748,0.000587458023801446
5.178049886621316,198.23944,0.0007850349065847695
5.201269841269841,201.36707,0.001074582920409739
5.224489795918368,203.61537,0.001076653366908431
5.2477097505668935,202.22052,0.000899636885151267
5.27092970521542,200.66283,0.0007937209447845817
5.294149659863946,197.65599,0.0005772167351096869
5.317369614512471,194.87085,0.0004305447801016271
5.340589569160998,194.29916,0.0004727026680484414
5.363809523809524,196.83823,0.00063181237783283
5.38702947845805,199.58167,0.0009227418340742588
5.410249433106576,203.16742,0.0011582212755456567
5.433469387755102,205.11975,0.0011556727113202214
5.456689342403628,203.71773,0.0010380973108112812
5.479909297052155,200.45792,0.0010001861955970526
5.50312925170068,197.35884,0.0007269466295838356
5.526349206349207,195.99556,0.0007030959241092205
5.5495691609977325,194.36238,0.0005660238675773144
5.572789115646259,194.47939,0.0006898062420077622
5.596009070294785,199.31256,0.0010201234836131334
5.61922902494331,204.7886,0.001219052355736494
5.642448979591837,208.63571,0.0012554095592349768
5.6656689342403626,206.86412,0.0013034676667302847
5.688888888888889,203.89728,0.0012232833541929722
5.712108843537415,200.14928,0.001031704479828477
5.735328798185941,197.23734,0.0009345846483483911
5.758548752834467,196.7426,0.0008789995918050408
5.7817687074829935,197.57426,0.0009445782052353024
5.804988662131519,199.8028,0.0011619236320257187
5.828208616780046,203.1625,0.0013653559144586325
5.851428571428571,207.8332,0.0013260665582492948
5.874648526077098,207.97961,0.0013044041115790606
5.897868480725624,203.61069,0.0010935214813798666
5.92108843537415,197.9568,0.0007485301466658711
5.944308390022676,190.08173,0.0005441246903501451
5.9675283446712015,179.27258,0.0004908753326162696
5.990748299319728,176.83678,0.00042489165207371116
6.013968253968254,175.56151,0.00038249825593084097
6.03718820861678,176.14966,0.0003621494397521019
6.060408163265306,175.89099,0.0003300053358543664
6.0836281179138325,175.45674,0.00034934855648316443
6.106848072562358,173.61456,0.00039083638694137335
6.130068027210885,171.48456,0.00042885664151981473
6.15328798185941,170.42543,0.00040401145815849304
6.176507936507937,169.30898,0.0003770945477299392
6.199727891156463,168.946,0.00040407717460766435
6.222947845804989,170.06277,0.0004987037391401827
6.246167800453515,172.3282,0.0005395811749622226
6.269387755102041,173.53438,0.0005896353395655751
6.292607709750567,173.29536,0.0006016880506649613
6.315827664399093,171.82959,0.0005861420650035143
6.339047619047619,169.09245,0.0004876056045759469
6.362267573696145,166.90852,0.00030063759186305106
6.3854875283446715,168.27214,0.0003806219610851258
6.408707482993197,169.2019,0.000415630143834278
6.431927437641724,171.86842,0.0005156067782081664
6.455147392290249,176.07996,0.0005508107133209705
6.478367346938776,178.40474,0.0004599272215273231
6.501587301587302,177.45879,0.0004957760102115571
6.524807256235828,173.39424,0.0004527976270765066
6.548027210884354,168.51027,0.0003333872009534389
6.57124716553288,164.21979,0.00031214160844683647
6.594467120181406,162.89185,0.0002973886439576745
6.617687074829932,164.35226,0.000303576176520437
6.640907029478458,167.78882,0.00030254790908657014
6.664126984126984,172.05899,0.00034028178197331727
6.6873469387755105,176.50244,0.0004095205804333091
6.710566893424036,177.73453,0.00047786685172468424
6.733786848072563,175.61575,0.00043903617188334465
6.757006802721088,172.26645,0.0003475136181805283
6.780226757369615,166.7692,0.00030214915750548244
6.8034467120181406,164.50964,0.0003626153338700533
6.826666666666667,164.00931,0.000638204044662416
6.849886621315193,165.5542,0.0007002539932727814
6.873106575963719,168.26047,0.000730671570636332
6.896326530612245,170.2054,0.0006872753147035837
6.9195464852607715,170.51488,0.0007414749125018716
6.942766439909297,169.21077,0.0007257246179506183
6.965986394557823,168.92648,0.0006779151735827327
6.989206349206349,170.18227,0.0007248885231092572
7.012426303854875,168.5912,0.0006666685221716762
7.035646258503402,165.38591,0.0007142375688999891
7.058866213151927,160.3158,0.0009973631240427494
7.082086167800454,479.73184,0.0008666869252920151
7.1053061224489795,141.37248,0.0005789972492493689
7.128526077097506,136.34236,0.00036971468944102526
7.151746031746032,133.49078,0.0003762218984775245
7.174965986394558,134.00699,0.0004892433062195778
7.198185941043084,134.47246,0.0005419896333478391
7.2214058956916105,137.18265,0.0006786647718399763
7.244625850340136,139.2574,0.0006749603198841214
7.267845804988662,138.36569,0.0005716875893995166
7.291065759637188,136.29579,0.00044018594780936837
7.314285714285714,132.03767,0.000346815912052989
7.337505668934241,130.29848,0.00030295539181679487
7.360725623582766,131.85963,0.00042993557872250676
7.383945578231293,133.51756,0.00047448102850466967
7.4071655328798185,132.26802,0.0004367169749457389
7.430385487528345,131.4347,0.0004409403773024678
7.453605442176871,132.98055,0.0005615985719487071
7.476825396825397,136.7849,0.0007420487236231565
7.500045351473923,137.61618,0.000726805767044425
7.5232653061224495,136.88023,0.0006604114314541221
7.546485260770975,133.2778,0.0004603494598995894
7.569705215419502,129.26367,0.00023654037795495242
7.592925170068027,126.51994,0.0002392436726950109
7.616145124716553,127.58308,0.0002715163864195347
7.63936507936508,129.72594,0.0003179331251885742
7.662585034013605,133.5619,0.0005700390320271254
7.685804988662132,138.3523,0.0006135155563242733
7.7090249433106575,137.68103,0.0005078839603811502
7.732244897959184,134.51556,0.00038739002775400877
7.75546485260771,130.60075,0.00024283923266921192
7.778684807256236,125.94028,0.00021392220514826477
7.801904761904762,126.82955,0.0002106786414515227
7.8251247165532885,132.0046,0.0003203281667083502
7.848344671201814,141.10146,0.0002861510729417205
7.871564625850341,144.50671,6.710517482133582e-05
7.894784580498866,0.0,9.758259693626314e-06
7.918004535147393,0.0,9.311161193181761e-07
7.9412244897959186,0.0,2.443421180942096e-07
7.964444444444444,0.0,1.2904274626635015e-07
7.987664399092971,0.0,8.38581399875693e-08
8.010884353741497,0.0,9.141240298049524e-08
8.034104308390022,0.0,6.34217940387316e-08
8.057324263038549,0.0,2.2025960788596421e-07
8.080544217687075,0.0,1.4952638593968004e-07
8.103764172335602,0.0,1.8214450392406434e-07
8.126984126984127,0.0,2.595697878859937e-07
8.150204081632653,0.0,2.9388411348918453e-07
8.17342403628118,0.0,3.078939698752947e-07
8.196643990929706,0.0,2.883552951971069e-07
8.219863945578231,0.0,1.7779802874429151e-07
8.243083900226758,0.0,2.5709596229717135e-08
8.266303854875284,0.0,4.998310032533482e-08
8.289523809523809,0.0,1.4030410966370255e-07
8.312743764172335,0.0,1.4425404515350237e-07
8.335963718820862,0.0,7.192466000560671e-08
8.359183673469389,0.0,9.420273272553459e-08
8.382403628117913,0.0,7.453763828380033e-08
8.40562358276644,0.0,1.240387064171955e-07
8.428843537414966,0.0,1.5445493772858754e-07
8.452063492063493,0.0,1.211055860039778e-07
8.475283446712018,0.0,1.2236068869242445e-07
8.498503401360544,0.0,6.984737410675734e-08
8.52172335600907,0.0,7.42365955375135e-08
8.544943310657597,0.0,3.8910002331249416e-08
