0.0,0.0,4.957473720423877e-08
0.023219954648526078,0.0,4.046341928187758e-08
0.046439909297052155,0.0,2.2400854504667222e-08
0.06965986394557823,0.0,3.576769813662395e-08
0.09287981859410431,0.0,2.3814209271222353e-08
0.11609977324263039,0.0,2.2124368115328252e-08
0.13931972789115646,0.0,5.315268936101347e-08
0.16253968253968254,0.0,3.0216142477001995e-08
0.18575963718820862,0.0,3.825607564067468e-08
0.2089795918367347,0.0,4.599860403686762e-08
0.23219954648526078,0.0,2.4305700208060443e-07
0.25541950113378686,0.0,4.987503416487016e-06
0.2786394557823129,110.27041,1.0057910913019441e-05
0.301859410430839,0.0,9.184494956571143e-06
0.3250793650793651,104.5628,1.0016406122304033e-05
0.3482993197278912,107.92127,1.2017411791021004e-05
0.37151927437641724,114.24107,1.8401755369268358e-05
0.3947392290249433,118.2071,1.538762080599554e-05
0.4179591836734694,121.194275,1.6143529137480073e-05
0.44117913832199546,124.67753,2.15407126233913e-05
0.46439909297052157,126.61501,2.0379304260131903e-05
0.4876190476190476,126.02872,1.8619450202095322e-05
0.5108390022675737,125.58827,1.9978429918410257e-05
0.5340589569160998,126.28509,2.2299518604995683e-05
0.5572789115646258,129.40022,3.085084608756006e-05
0.5804988662131519,129.83557,3.623077645897865e-05
0.603718820861678,128.66734,3.0449777113972232e-05
0.626938775510204,127.775925,2.9205515602370724e-05
0.6501587301587302,127.74226,2.8575996111612767e-05
0.6733786848072563,126.47772,2.6091318432008848e-05
0.6965986394557824,126.53069,2.429527376079932e-05
0.7198185941043084,124.4987,2.3315409634960815e-05
0.7430385487528345,122.95535,2.5046607333933935e-05
0.7662585034013606,123.17092,3.2858519261935726e-05
0.7894784580498866,129.27751,3.082082548644394e-05
0.8126984126984127,133.57805,5.265446088742465e-05
0.8359183673469388,135.91057,4.0417427953798324e-05
0.8591383219954649,133.91263,3.94363232771866e-05
0.8823582766439909,129.75874,3.900250158039853e-05
0.905578231292517,124.12877,2.6969755708705634e-05
0.9287981859410431,123.71152,3.0976876587374136e-05
0.9520181405895691,125.04991,3.31352130160667e-05
0.9752380952380952,128.21967,3.238543649786152e-05
0.9984580498866213,132.20517,4.574773629428819e-05
1.0216780045351475,133.04501,4.856002487940714e-05
1.0448979591836736,130.79492,4.8828660510480404e-05
1.0681179138321997,128.30803,4.14442183682695e-05
1.0913378684807256,126.98019,3.059483788092621e-05
1.1145578231292517,128.47887,3.28944661305286e-05
1.1377777777777778,129.26082,3.990184632129967e-05
1.1609977324263039,130.59778,4.314782563596964e-05
1.18421768707483,130.38373,4.4274129322730005e-05
1.207437641723356,130.32199,4.509124482865445e-05
1.2306575963718822,131.50697,4.5041506382403895e-05
1.253877551020408,132.88846,4.423336940817535e-05
1.2770975056689342,135.29315,3.687433127197437e-05
1.3003174603174603,139.09955,2.2705004084855318e-05
1.3235374149659864,145.18158,3.0180894100340083e-05
1.3467573696145125,149.28967,2.6957248337566853e-05
1.3699773242630386,155.11168,2.363010025874246e-05
1.3931972789115648,160.17378,2.2354435714078136e-05
1.4164172335600906,164.3727,2.3297598090721294e-05
1.4396371882086167,165.40564,2.6618210540618747e-05
1.4628571428571429,163.06465,2.765997669484932e-05
1.486077097505669,160.3483,3.1020608730614185e-05
1.509297052154195,159.49431,2.7350564778316766e-05
1.5325170068027212,161.0041,3.094485145993531e-05
1.5557369614512473,162.03969,3.6412580811884254e-05
1.5789569160997732,162.10487,4.712996451416984e-05
1.6021768707482993,162.05524,4.784011252922937e-05
1.6253968253968254,162.93874,5.230972601566464e-05
1.6486167800453515,163.21779,5.393099854700267e-05
1.6718367346938776,162.2137,6.0461985412985086e-05
1.6950566893424037,160.3097,5.232130934018642e-05
1.7182766439909298,158.00755,4.297130726627074e-05
1.7414965986394557,158.24574,4.1556759242666885e-05
1.7647165532879818,159.85326,4.900233034277335e-05
1.787936507936508,161.18619,4.894559970125556e-05
1.811156462585034,164.26407,6.051716991350986e-05
1.8343764172335602,166.66524,6.397826655302197e-05
1.8575963718820863,163.59808,6.704418046865612e-05
1.8808163265306124,158.4985,5.289200635161251e-05
1.9040362811791383,155.26993,4.02350997319445e-05
1.9272562358276644,154.1678,4.946150875184685e-05
1.9504761904761905,155.1414,4.53577158623375e-05
1.9736961451247166,159.47726,4.8410518502350897e-05
1.9969160997732427,164.04355,6.305081478785723e-05
2.020136054421769,164.43391,6.80568628013134e-05
2.043356009070295,162.66438,6.136924639577046e-05
2.066575963718821,160.15056,6.153437425382435e-05
2.089795918367347,160.30246,6.071193638490513e-05
2.1130158730158732,159.55801,5.09943492943421e-05
2.1362358276643993,158.83105,5.201254680287093e-05
2.159455782312925,159.26297,5.4449006711365655e-05
2.182675736961451,161.35933,6.272388418437913e-05
2.2058956916099772,163.51805,6.435602699639276e-05
2.2291156462585033,166.8969,5.582327503361739e-05
2.2523356009070294,170.18906,5.008658263250254e-05
2.2755555555555556,175.08194,3.7501326005440205e-05
2.2987755102040817,183.20845,3.419022323214449e-05
2.3219954648526078,188.20442,2.8741833375534043e-05
2.345215419501134,195.06737,2.90228781523183e-05
2.36843537414966,200.58725,1.87227542483015e-05
2.391655328798186,201.88866,1.947507007571403e-05
2.414875283446712,199.67813,2.857694198610261e-05
2.4380952380952383,196.74776,3.453684621490538e-05
2.4613151927437644,195.1738,3.9287573599722236e-05
2.48453514739229,194.84375,4.658273246604949e-05
2.507755102040816,195.03418,4.6833549276925623e-05
2.5309750566893423,194.86273,5.586515908362344e-05
2.5541950113378684,194.7457,5.503438296727836e-05
2.5774149659863945,193.1019,6.765777652617544e-05
2.6006349206349206,192.22743,6.534054409712553e-05
2.6238548752834467,190.27821,5.9401212638476864e-05
2.647074829931973,185.64392,4.756859561894089e-05
2.670294784580499,183.74745,5.406940181273967e-05
2.693514739229025,184.29617,5.9074511227663606e-05
2.716734693877551,187.97726,5.127010081196204e-05
2.7399546485260773,196.21867,5.938934555160813e-05
2.7631746031746034,200.67992,5.3431660489877686e-05
2.7863945578231295,200.1075,6.273914914345369e-05
2.809614512471655,192.52559,6.192889122758061e-05
2.8328344671201813,184.98755,4.918835838907398e-05
2.8560544217687074,181.75873,6.841189315309748e-05
2.8792743764172335,182.8239,7.907781400717795e-05
2.9024943310657596,186.48332,5.4596188419964164e-05
2.9257142857142857,193.33385,5.4191823437577114e-05
2.948934240362812,195.88303,7.199162791948766e-05
2.972154195011338,193.76903,7.753146928735077e-05
2.995374149659864,191.48827,6.048585782991722e-05
3.01859410430839,188.74594,4.5717730245087296e-05
3.0418140589569163,186.57909,4.1559800592949614e-05
3.0650340136054424,187.56009,3.421984729357064e-05
3.0882539682539685,189.3944,3.622516669565812e-05
3.1114739229024946,194.1007,6.080477760406211e-05
3.1346938775510207,196.86673,6.680857768515125e-05
3.1579138321995464,199.24355,4.587972944136709e-05
3.1811337868480725,201.85802,4.217535024508834e-05
3.2043537414965986,206.27263,3.653512249002233e-05
3.2275736961451247,210.59035,4.249177436577156e-05
3.250793650793651,216.61131,4.501066723605618e-05
3.274013605442177,226.03888,3.21771003655158e-05
3.297233560090703,240.81783,5.580422293860465e-05
3.320453514739229,252.5795,6.194133311510086e-05
3.3436734693877552,260.46808,5.183485700399615e-05
3.3668934240362813,260.1884,7.163910777308047e-05
3.3901133786848074,255.90779,4.613154669641517e-05
3.4133333333333336,250.47415,2.7328751457389444e-05
3.4365532879818597,249.8219,3.5572273191064596e-05
3.4597732426303858,253.54617,4.12860099459067e-05
3.4829931972789114,257.9013,6.34173775324598e-05
3.5062131519274375,263.12286,0.00010716046381276101
3.5294331065759637,265.058,0.00013819777814205736
3.5526530612244898,265.38687,0.00014744559302926064
3.575873015873016,261.17148,0.00013657024828717113
3.599092970521542,256.24762,0.00010528418351896107
3.622312925170068,250.98102,6.499050505226478e-05
3.645532879818594,248.16191,6.994675641180947e-05
3.6687528344671203,251.08466,6.888172356411815e-05
3.6919727891156464,257.66785,9.545352077111602e-05
3.7151927437641725,265.92593,0.00017441545787733048
3.7384126984126986,269.74048,0.00018056537373922765
3.7616326530612247,267.3016,0.00016357973800040781
3.784852607709751,262.12506,0.00015112462278921157
3.8080725623582765,256.45172,0.00011094843648606911
3.8312925170068026,251.25682,5.354279710445553e-05
3.8545124716553287,249.29697,6.085605127736926e-05
3.877732426303855,252.33672,6.911722448421642e-05
3.900952380952381,259.46014,0.0001039185153786093
3.924172335600907,266.0796,0.00018460708088241518
3.947392290249433,267.98495,0.00018622649076860398
3.9706122448979593,266.79605,0.00017612789815757424
3.9938321995464854,260.94897,0.00016891527047846466
4.017052154195011,256.22183,0.0001171706389868632
4.040272108843538,250.85864,5.0173577619716525e-05
4.063492063492063,249.41599,5.793054879177362e-05
4.08671201814059,254.74126,7.364623888861388e-05
4.1099319727891155,261.93094,0.00013713263615500182
4.133151927437642,266.87564,0.00018580180767457932
4.156371882086168,265.46387,0.0001657901593716815
4.179591836734694,259.8424,0.0001579021045472473
4.20281179138322,254.32373,9.888815111480653e-05
4.2260317460317465,251.3778,5.829184374306351e-05
4.249251700680272,250.66208,6.573712744284421e-05
4.272471655328799,252.02307,6.738933734595776e-05
4.295691609977324,256.23618,8.317198080476373e-05
4.31891156462585,258.29883,0.00011392080341465771
4.342131519274377,257.26068,0.00010678313265088946
4.365351473922902,253.77809,6.912500248290598e-05
4.388571428571429,245.55571,7.973890751600266e-05
4.4117913832199545,234.81639,8.835219341563061e-05
4.435011337868481,422.28802,5.335410969564691e-05
4.458231292517007,173.6938,4.011176497442648e-05
4.481451247165533,170.73663,3.958060551667586e-05
4.504671201814059,177.44298,2.750154453678988e-05
4.527891156462585,183.92007,5.210147355683148e-05
4.551111111111111,186.55544,4.129754233872518e-05
4.574331065759638,185.04573,4.069825081387535e-05
4.597551020408163,184.98044,4.347474532551132e-05
4.62077097505669,187.51909,3.824003943009302e-05
4.6439909297052155,189.09004,2.7322756068315357e-05
4.667210884353741,192.14664,4.632624768419191e-05
4.690430839002268,193.2965,6.20155333308503e-05
4.713650793650793,192.39919,5.918204260524362e-05
4.73687074829932,189.99103,5.434938793769106e-05
4.760090702947846,187.04248,3.916762216249481e-05
4.783310657596372,182.97054,5.9431407862575725e-05
4.806530612244898,181.28236,7.414438732666895e-05
4.829750566893424,182.81409,7.088448910508305e-05
4.85297052154195,188.8,4.6109613322187215e-05
4.876190476190477,198.7392,6.0776776081183925e-05
4.899410430839002,202.28581,4.224600343150087e-05
4.922630385487529,200.59726,4.7467015974689275e-05
4.9458503401360545,194.49693,5.660090391756967e-05
4.96907029478458,187.71036,4.2269333789590746e-05
4.992290249433107,183.6847,5.009630331187509e-05
5.015510204081632,184.22739,6.55044277664274e-05
5.038730158730159,189.66824,3.524028215906583e-05
5.061950113378685,196.53938,4.8483409045729786e-05
5.085170068027211,198.55695,3.942724652006291e-05
5.108390022675737,197.41417,5.094928201287985e-05
5.131609977324263,193.55138,5.490204785019159e-05
5.154829931972789,191.23596,5.150649667484686e-05
5.178049886621316,190.95631,4.357667421572842e-05
5.201269841269841,190.7727,4.5384640543488786e-05
5.224489795918368,192.5714,4.665296000894159e-05
5.2477097505668935,191.7555,5.075502485851757e-05
5.27092970521542,191.0912,4.416031879372895e-05
5.294149659863946,192.6162,4.480869392864406e-05
5.317369614512471,195.63417,4.844332579523325e-05
5.340589569160998,196.25098,4.1472285374766216e-05
5.363809523809524,192.75786,3.6594272387446836e-05
5.38702947845805,186.06406,3.108239616267383e-05
5.410249433106576,168.5588,3.866291081067175e-05
5.433469387755102,145.75809,3.087944787694141e-05
5.456689342403628,141.62718,3.0929382774047554e-05
5.479909297052155,146.43703,3.369957994436845e-05
5.50312925170068,156.78,3.1356175895780325e-05
5.526349206349207,162.88615,3.38008176186122e-05
5.5495691609977325,162.69365,3.7965699448250234e-05
5.572789115646259,160.08861,3.931530227418989e-05
5.596009070294785,158.13924,3.0415183573495597e-05
5.61922902494331,158.5904,3.1956646125763655e-05
5.642448979591837,160.41362,3.558780736057088e-05
5.6656689342403626,163.09857,3.761745392694138e-05
5.688888888888889,164.17847,3.861110599245876e-05
5.712108843537415,162.49377,4.627573798643425e-05
5.735328798185941,161.17773,4.7719473514007404e-05
5.758548752834467,159.55272,4.2710329580586404e-05
5.7817687074829935,158.69963,3.228714922443032e-05
5.804988662131519,159.1504,2.9273640393512323e-05
5.828208616780046,159.35587,3.0975315894465894e-05
5.851428571428571,160.94772,3.071745959459804e-05
5.874648526077098,161.52704,3.400947025511414e-05
5.897868480725624,161.15714,3.7815589166712016e-05
5.92108843537415,162.6705,4.3793806980829686e-05
5.944308390022676,162.65742,4.238686233293265e-05
5.9675283446712015,160.1398,4.32027482020203e-05
5.990748299319728,158.04082,3.494281190796755e-05
6.013968253968254,155.64417,2.6287016225978732e-05
6.03718820861678,153.91385,2.6034400434582494e-05
6.060408163265306,154.60506,2.6738009182736278e-05
6.0836281179138325,158.88135,2.8953261789865792e-05
6.106848072562358,166.23695,3.317823575343937e-05
6.130068027210885,168.8892,3.207566260243766e-05
6.15328798185941,166.85164,3.4603937820065767e-05
6.176507936507937,162.33882,4.310462827561423e-05
6.199727891156463,158.72742,3.771673800656572e-05
6.222947845804989,157.6552,3.007464692927897e-05
6.246167800453515,158.07108,3.4073756978614256e-05
6.269387755102041,161.3755,3.545847721397877e-05
6.292607709750567,164.20245,3.471285162959248e-05
6.315827664399093,164.7117,3.553575515979901e-05
6.339047619047619,163.27446,3.9690490666544065e-05
6.362267573696145,161.1949,4.09219937864691e-05
6.3854875283446715,159.3603,3.276108327554539e-05
6.408707482993197,159.39061,2.912478885264136e-05
6.431927437641724,160.48048,3.099112291238271e-05
6.455147392290249,159.07484,2.5080440536839887e-05
6.478367346938776,150.61078,2.82524706562981e-05
6.501587301587302,135.69174,2.4206905436585657e-05
6.524807256235828,117.11839,2.1904383174842224e-05
6.548027210884354,107.78654,2.0075414795428514e-05
6.57124716553288,110.656815,2.1729350919486023e-05
6.594467120181406,119.03988,2.7107951609650627e-05
6.617687074829932,122.7968,3.5242923331679776e-05
6.640907029478458,123.65607,3.7179321225266904e-05
6.664126984126984,127.36827,3.0437606255873106e-05
6.6873469387755105,128.22258,3.148700125166215e-05
6.710566893424036,125.38198,3.033581560885068e-05
6.733786848072563,122.244545,3.175078745698556e-05
6.757006802721088,123.08237,4.6128239773679525e-05
6.780226757369615,124.17949,4.420863842824474e-05
6.8034467120181406,128.18727,3.639690112322569e-05
6.826666666666667,133.5002,4.594993879436515e-05
6.849886621315193,133.69461,4.6245149860624224e-05
6.873106575963719,130.75365,5.410018638940528e-05
6.896326530612245,127.89125,4.4473759771790355e-05
6.9195464852607715,122.979485,3.067280340474099e-05
6.942766439909297,121.941216,4.267383701517247e-05
6.965986394557823,123.44718,4.2583385948091745e-05
6.989206349206349,127.76962,3.4409633371979e-05
7.012426303854875,133.05618,4.560058732749894e-05
7.035646258503402,136.47153,4.342843021731824e-05
7.058866213151927,136.44963,3.911184467142448e-05
7.082086167800454,132.68399,4.2635725549189374e-05
7.1053061224489795,128.40196,4.452301072888076e-05
7.128526077097506,121.69601,2.8208658477524295e-05
7.151746031746032,119.65861,3.649568316177465e-05
7.174965986394558,120.70163,4.023793735541403e-05
7.198185941043084,126.00711,4.221289054839872e-05
7.2214058956916105,129.67064,3.6494526284513995e-05
7.244625850340136,131.64026,4.666782479034737e-05
7.267845804988662,132.64705,4.603015258908272e-05
7.291065759637188,132.67188,4.6272616600617766e-05
7.314285714285714,131.08453,4.5056280214339495e-05
7.337505668934241,128.60019,3.7736746890004724e-05
7.360725623582766,126.42659,2.718161340453662e-05
7.383945578231293,126.227005,2.7172818590770476e-05
7.4071655328798185,126.26685,2.911530464189127e-05
7.430385487528345,128.08965,3.338122405693866e-05
7.453605442176871,132.2917,3.959928289987147e-05
7.476825396825397,134.5324,3.8472950109280646e-05
7.500045351473923,131.92126,4.1221745050279424e-05
7.5232653061224495,128.42738,3.6828656448051333e-05
7.546485260770975,124.63017,2.4494773242622614e-05
7.569705215419502,122.78859,3.0524941394105554e-05
7.592925170068027,123.988434,2.9002283554291353e-05
7.616145124716553,126.92126,2.530383790144697e-05
7.63936507936508,129.56732,2.9024424293311313e-05
7.662585034013605,134.09851,3.22914966091048e-05
7.685804988662132,136.22289,3.326962541905232e-05
7.7090249433106575,135.11734,3.2166870369110256e-05
7.732244897959184,130.4306,3.6675206501968205e-05
7.75546485260771,126.57787,2.5149656721623614e-05
7.778684807256236,123.12183,2.2590309527004138e-05
7.801904761904762,123.52072,2.5463883503107354e-05
7.8251247165532885,125.54724,2.1188043319853023e-05
7.848344671201814,129.52444,2.2691227059112862e-05
7.871564625850341,134.04375,2.6255900593241677e-05
7.894784580498866,135.42061,2.484486685716547e-05
7.918004535147393,133.03275,2.6221274310955778e-05
7.9412244897959186,129.0401,2.4869759727152996e-05
7.964444444444444,124.9929,1.7185941032948904e-05
7.987664399092971,120.133995,2.0395726096467115e-05
8.010884353741497,120.73427,2.466751539031975e-05
8.034104308390022,125.94617,2.0609470084309578e-05
8.057324263038549,130.65074,1.8306305719306692e-05
8.080544217687075,132.6461,1.9043280190089718e-05
8.103764172335602,133.53665,1.804059138521552e-05
8.126984126984127,130.7009,1.7545778973726556e-05
8.150204081632653,126.279625,1.1088858627772424e-05
8.17342403628118,0.0,9.622948709875345e-06
8.196643990929706,123.50942,1.0602073416521307e-05
8.219863945578231,0.0,7.394126441795379e-06
8.243083900226758,0.0,5.284781764203217e-06
8.266303854875284,0.0,1.2031059668515809e-06
8.289523809523809,0.0,1.9439085008343682e-07
8.312743764172335,0.0,4.968842404196039e-08
8.335963718820862,0.0,6.310801836661994e-08
8.359183673469389,0.0,5.091260391054675e-08
8.382403628117913,0.0,9.127688826993108e-08
8.40562358276644,0.0,5.8781552070286125e-08
8.428843537414966,0.0,6.28106135991402e-08
8.452063492063493,0.0,3.1502167985308915e-08
8.475283446712018,0.0,7.609378371853381e-08
8.498503401360544,0.0,5.720175977330655e-08
8.52172335600907,0.0,5.0230482884217054e-08
8.544943310657597,0.0,2.7769601729232818e-08
8.568163265306122,0.0,2.083197614410892e-08
8.591383219954649,0.0,6.9130692281760275e-09
