0.0,0.0,1.0663643479347229e-07
0.023219954648526078,0.0,6.265872798394412e-08
0.046439909297052155,0.0,9.27948349271901e-08
0.06965986394557823,0.0,4.573212208924815e-08
0.09287981859410431,0.0,2.1687810658477247e-07
0.11609977324263039,0.0,6.350455805659294e-08
0.13931972789115646,0.0,2.0370316633488983e-07
0.16253968253968254,0.0,4.801976501767058e-06
0.18575963718820862,121.13176,4.754329347633757e-05
0.2089795918367347,120.97595,0.00010904658847721294
0.23219954648526078,121.25734,0.0001001108466880396
0.25541950113378686,129.37769,9.904117177939042e-05
0.2786394557823129,141.82402,6.633446901105344e-05
0.301859410430839,152.46129,0.00011370169522706419
0.3250793650793651,161.17906,7.915482274256647e-05
0.3482993197278912,168.83235,6.130133260739967e-05
0.37151927437641724,172.44244,5.6861055782064795e-05
0.3947392290249433,172.98988,5.566838080994785e-05
0.4179591836734694,172.44662,5.5414289818145335e-05
0.44117913832199546,172.45338,5.766221147496253e-05
0.46439909297052157,174.3965,5.2035607950529084e-05
0.4876190476190476,174.70012,5.260633770376444e-05
0.5108390022675737,173.27498,6.319583917502314e-05
0.5340589569160998,173.39143,6.852074147900566e-05
0.5572789115646258,174.1502,6.95098569849506e-05
0.5804988662131519,174.86644,6.506968929897994e-05
0.603718820861678,174.41719,6.77864154567942e-05
0.626938775510204,172.38443,7.981355884112418e-05
0.6501587301587302,172.36215,7.798090518917888e-05
0.6733786848072563,174.35153,6.179783667903394e-05
0.6965986394557824,175.29793,7.690583151997998e-05
0.7198185941043084,174.52354,0.00011431505117798224
0.7430385487528345,173.97096,0.0001436849997844547
0.7662585034013606,174.73306,0.00019246802548877895
0.7894784580498866,173.81636,0.00027710082940757275
0.8126984126984127,172.36218,0.0004144314443692565
0.8359183673469388,172.48868,0.0006049202056601644
0.8591383219954649,172.94229,0.0007663683500140905
0.8823582766439909,174.19403,0.0008553052903153002
0.905578231292517,175.09785,0.000854519777931273
0.9287981859410431,174.20459,0.0009080226300284266
0.9520181405895691,174.16582,0.0009392795618623495
0.9752380952380952,174.03952,0.0010113893076777458
0.9984580498866213,172.88629,0.001067926874384284
1.0216780045351475,172.6274,0.0008955657249316573
1.0448979591836736,173.7916,0.0008777834009379148
1.0681179138321997,175.7837,0.0008644313784316182
1.0913378684807256,176.466,0.0008614021353423595
1.1145578231292517,175.93391,0.0009202468208968639
1.1377777777777778,174.77632,0.0009611307177692652
1.1609977324263039,175.49562,0.0011439381632953882
1.18421768707483,175.32549,0.0011418592184782028
1.207437641723356,174.2372,0.0011069329921156168
1.2306575963718822,170.84679,0.0011755619198083878
1.253877551020408,165.84155,0.0009315417846664786
1.2770975056689342,164.76538,0.00102452642749995
1.3003174603174603,166.70413,0.0010497778421267867
1.3235374149659864,172.28899,0.0009584178915247321
1.3467573696145125,179.19576,0.000888432317879051
1.3699773242630386,182.92574,0.0010507197584956884
1.3931972789115648,179.27684,0.0009715651976875961
1.4164172335600906,172.39978,0.001107838237658143
1.4396371882086167,166.5174,0.0009860724676400423
1.4628571428571429,163.82726,0.001025534700602293
1.486077097505669,165.43608,0.0011574274394661188
1.509297052154195,170.47911,0.001042756950482726
1.5325170068027212,174.94011,0.000934121897444129
1.5557369614512473,178.25975,0.0009470746153965592
1.5789569160997732,177.62187,0.0010119779035449028
1.6021768707482993,175.53006,0.000996823306195438
1.6253968253968254,171.24815,0.0011998871341347694
1.6486167800453515,168.58769,0.0011218832805752754
1.6718367346938776,169.57582,0.0011593886883929372
1.6950566893424037,171.25806,0.0012217723997309804
1.7182766439909298,175.65979,0.0010728184133768082
1.7414965986394557,181.06744,0.0008742177160456777
1.7647165532879818,182.78804,0.0009266084525734186
1.787936507936508,183.64209,0.0007016874733380973
1.811156462585034,189.31744,0.0006274578627198935
1.8343764172335602,197.13887,0.0009021898731589317
1.8575963718820863,207.8444,0.0008291453123092651
1.8808163265306124,215.75969,0.0009346508886665106
1.9040362811791383,215.79744,0.0007070110877975821
1.9272562358276644,211.3454,0.0004805389908142388
1.9504761904761905,208.10023,0.0007550507434643805
1.9736961451247166,208.10258,0.0007672448409721255
1.9969160997732427,210.33498,0.0004964182153344154
2.020136054421769,214.59756,0.0006147647509351373
2.043356009070295,217.93777,0.0009682749514468014
2.066575963718821,219.51584,0.0012063393369317055
2.089795918367347,221.18298,0.0016632539918646216
2.1130158730158732,220.1092,0.0016240980476140976
2.1362358276643993,215.60275,0.001099668676033616
2.159455782312925,211.01881,0.0011350014247000217
2.182675736961451,208.38542,0.0014668430667370558
2.2058956916099772,209.07735,0.0012311385944485664
2.2291156462585033,211.48169,0.000835578131955117
2.2523356009070294,215.66948,0.00124963594134897
2.2755555555555556,217.70363,0.0016519076889380813
2.2987755102040817,218.68907,0.001699034939520061
2.3219954648526078,218.08003,0.0014771425630897284
2.345215419501134,216.1604,0.0012842644937336445
2.36843537414966,214.09528,0.0010623048292472959
2.391655328798186,211.70137,0.0009947367943823338
2.414875283446712,210.52217,0.0009746451978571713
2.4380952380952383,213.16612,0.0010399322491139174
2.4613151927437644,218.07361,0.0019464464858174324
2.48453514739229,222.46408,0.002432094421237707
2.507755102040816,223.76588,0.0027637602761387825
2.5309750566893423,221.84784,0.002606104826554656
2.5541950113378684,217.39636,0.0016753149684518576
2.5774149659863945,213.09207,0.0010263705626130104
2.6006349206349206,210.387,0.0010761106386780739
2.6238548752834467,212.51799,0.0009775904472917318
2.647074829931973,215.95544,0.001659808331169188
2.670294784580499,220.52261,0.002420572331175208
2.693514739229025,222.50656,0.0026575936935842037
2.716734693877551,221.17018,0.002683696337044239
2.7399546485260773,220.28506,0.00245643500238657
2.7631746031746034,220.00433,0.002375128213316202
2.7863945578231295,223.45293,0.0023220947477966547
2.809614512471655,229.50967,0.0014614062383770943
2.8328344671201813,238.57802,0.001149481744505465
2.8560544217687074,250.14993,0.0010001633781939745
2.8792743764172335,261.1122,0.0010661850683391094
2.9024943310657596,265.56958,0.0010444491636008024
2.9257142857142857,261.319,0.001553146867081523
2.948934240362812,256.3117,0.0017799197230488062
2.972154195011338,254.99521,0.0016378125874325633
2.995374149659864,256.55832,0.002057734876871109
3.01859410430839,260.07095,0.001979092601686716
3.0418140589569163,268.565,0.0016466521192342043
3.0650340136054424,272.0819,0.0024320799857378006
3.0882539682539685,271.01318,0.0023864672984927893
3.1114739229024946,266.55966,0.002147359075024724
3.1346938775510207,259.51978,0.0031478595919907093
3.1579138321995464,252.47276,0.0022346999030560255
3.1811337868480725,248.35098,0.0020667053759098053
3.2043537414965986,252.1267,0.0024791094474494457
3.2275736961451247,259.35226,0.0029356651939451694
3.250793650793651,268.87878,0.0024320122320204973
3.274013605442177,271.12762,0.002718667732551694
3.297233560090703,267.7276,0.002284315647557378
3.320453514739229,259.9684,0.003454124554991722
3.3436734693877552,252.9895,0.002535812556743622
3.3668934240362813,248.16629,0.0021949061192572117
3.3901133786848074,249.82625,0.0024515939876437187
3.4133333333333336,256.61667,0.003582943696528673
3.4365532879818597,263.9896,0.003033644985407591
3.4597732426303858,268.3089,0.0028086279053241014
3.4829931972789114,268.33282,0.0024883572477847338
3.5062131519274375,263.98425,0.0027184640057384968
3.5294331065759637,258.35562,0.004127779044210911
3.5526530612244898,256.15656,0.003906589467078447
3.575873015873016,256.63403,0.0038979516830295324
3.599092970521542,259.24213,0.003412018995732069
3.622312925170068,264.04858,0.0024780479725450277
3.645532879818594,266.66107,0.002401922829449177
3.6687528344671203,266.36237,0.0024275167379528284
3.6919727891156464,265.46335,0.00240658363327384
3.7151927437641725,263.6897,0.0023743058554828167
3.7384126984126986,265.21643,0.002185350749641657
3.7616326530612247,269.21136,0.0020921197719872
3.784852607709751,276.26117,0.003489569528028369
3.8080725623582765,285.79547,0.0035798801109194756
3.8312925170068026,298.64478,0.004709924571216106
3.8545124716553287,639.26404,0.004229232668876648
3.877732426303855,337.27197,0.005784138105809689
3.900952380952381,347.00998,0.006491580978035927
3.924172335600907,347.6384,0.0067384615540504456
3.947392290249433,347.49097,0.00727937463670969
3.9706122448979593,345.94147,0.008559096604585648
3.9938321995464854,342.37012,0.009387954138219357
4.017052154195011,341.55173,0.00930491928011179
4.040272108843538,343.71518,0.009394098073244095
4.063492063492063,346.52625,0.008438005112111568
4.08671201814059,352.98636,0.007896963506937027
4.1099319727891155,361.08762,0.010235711000859737
4.133151927437642,365.7576,0.012315494939684868
4.156371882086168,362.54175,0.012234373949468136
4.179591836734694,353.60147,0.011033924296498299
4.20281179138322,343.35187,0.014110365882515907
4.2260317460317465,336.01242,0.011236239224672318
4.249251700680272,333.23434,0.009937917813658714
4.272471655328799,342.0701,0.009482611902058125
4.295691609977324,354.93298,0.008516373112797737
4.31891156462585,366.31708,0.010712276212871075
4.342131519274377,366.934,0.011903947219252586
4.365351473922902,363.00406,0.01215407345443964
4.388571428571429,354.6269,0.011395360343158245
4.4117913832199545,343.33304,0.014844114892184734
4.435011337868481,339.84506,0.014287682250142097
4.458231292517007,340.10547,0.013089550659060478
4.481451247165533,344.08124,0.012669148854911327
4.504671201814059,354.0886,0.011246121488511562
4.527891156462585,360.1803,0.013331422582268715
4.551111111111111,357.84213,0.01367484126240015
4.574331065759638,354.15454,0.014018851332366467
4.597551020408163,348.38647,0.015354103408753872
4.62077097505669,343.81207,0.01433054730296135
4.6439909297052155,341.97226,0.013858277350664139
4.667210884353741,343.2528,0.012746426276862621
4.690430839002268,349.869,0.010483331978321075
4.713650793650793,356.02393,0.011626660823822021
4.73687074829932,358.9248,0.012154880911111832
4.760090702947846,354.7704,0.012841658666729927
4.783310657596372,351.10663,0.014567245729267597
4.806530612244898,346.45142,0.014678504317998886
4.829750566893424,334.0426,0.011603454127907753
4.85297052154195,609.08887,0.009438207373023033
4.876190476190477,281.86203,0.0029757549054920673
4.899410430839002,263.0474,0.0017086819279938936
4.922630385487529,261.38995,0.001800626632757485
4.9458503401360545,267.31937,0.001860275398939848
4.96907029478458,272.45877,0.0026006659027189016
4.992290249433107,272.6625,0.003258677199482918
5.015510204081632,270.75833,0.003440551459789276
5.038730158730159,267.47552,0.003150966949760914
5.061950113378685,263.0007,0.002934450749307871
5.085170068027211,257.5377,0.0030286035034805536
5.108390022675737,254.1819,0.0030175098218023777
5.131609977324263,254.48532,0.0029887461569160223
5.154829931972789,261.26703,0.004266943782567978
5.178049886621316,267.41235,0.005868987180292606
5.201269841269841,271.57025,0.006735160946846008
5.224489795918368,270.72937,0.006548239383846521
5.2477097505668935,266.52448,0.0038662832230329514
5.27092970521542,259.89166,0.002843811409547925
5.294149659863946,252.93535,0.001976103987544775
5.317369614512471,249.27332,0.0018455942627042532
5.340589569160998,252.17764,0.0020974697545170784
5.363809523809524,261.13028,0.0036372875329107046
5.38702947845805,270.0895,0.00522652268409729
5.410249433106576,275.5066,0.0062349094077944756
5.433469387755102,275.83136,0.0051247659139335155
5.456689342403628,268.61462,0.003140808083117008
5.479909297052155,258.94052,0.002503120806068182
5.50312925170068,252.66386,0.0016640290850773454
5.526349206349207,249.65988,0.001977101434022188
5.5495691609977325,254.804,0.002694697119295597
5.572789115646259,259.51935,0.003861993085592985
5.596009070294785,260.90576,0.004385295789688826
5.61922902494331,261.20496,0.004407462663948536
5.642448979591837,259.98752,0.003927011974155903
5.6656689342403626,256.9545,0.0028293223585933447
5.688888888888889,254.0382,0.0018908648053184152
5.712108843537415,249.64043,0.002097815042361617
5.735328798185941,240.72173,0.0028078551404178143
5.758548752834467,216.78441,0.0034950703848153353
5.7817687074829935,203.54764,0.0035577379167079926
5.804988662131519,201.75275,0.0034493464045226574
5.828208616780046,207.71133,0.0027438499964773655
5.851428571428571,213.62592,0.0020554549992084503
5.874648526077098,214.4803,0.0021603484638035297
5.897868480725624,213.97395,0.002085993764922023
5.92108843537415,213.81631,0.0020657761488109827
5.944308390022676,214.73897,0.0020945596043020487
5.9675283446712015,216.1637,0.0021501677110791206
5.990748299319728,216.96968,0.0021802550181746483
6.013968253968254,219.85788,0.002410606015473604
6.03718820861678,224.41446,0.0030686352401971817
6.060408163265306,225.65134,0.003057577181607485
6.0836281179138325,222.85484,0.0033886623568832874
6.106848072562358,217.6444,0.0026796027086675167
6.130068027210885,211.61462,0.002368797780945897
6.15328798185941,207.79904,0.0022534707095474005
6.176507936507937,208.67471,0.002253720536828041
6.199727891156463,215.51152,0.0022309073247015476
6.222947845804989,220.80551,0.0020667624194175005
6.246167800453515,224.58897,0.002229741308838129
6.269387755102041,224.01373,0.0023658741265535355
6.292607709750567,220.2666,0.0022409220691770315
6.315827664399093,217.42699,0.0018096890999004245
6.339047619047619,216.62228,0.0016283821314573288
6.362267573696145,217.7721,0.0015549841336905956
6.3854875283446715,218.90994,0.0015569920651614666
6.408707482993197,220.71803,0.0016808367799967527
6.431927437641724,221.76682,0.0018258817726746202
6.455147392290249,221.87383,0.001789845060557127
6.478367346938776,220.25522,0.0017118796240538359
6.501587301587302,218.06686,0.0014998032711446285
6.524807256235828,217.87907,0.0012066187337040901
6.548027210884354,216.9208,0.0010594486957415938
6.57124716553288,213.59676,0.0011545091401785612
6.594467120181406,206.02162,0.00106088409665972
6.617687074829932,601.5879,0.0005304293008521199
6.640907029478458,596.6932,0.00048029448953457177
6.664126984126984,146.03154,0.0003852826775982976
6.6873469387755105,150.67749,0.0004608107847161591
6.710566893424036,162.98402,0.0005140783614479005
6.733786848072563,169.2048,0.0007395795546472073
6.757006802721088,172.41786,0.0007548450375907123
6.780226757369615,173.14005,0.0007942698430269957
6.8034467120181406,170.51219,0.000602762564085424
6.826666666666667,168.05432,0.0006570543046109378
6.849886621315193,170.6398,0.0006879785796627402
6.873106575963719,174.63744,0.0008628800278529525
6.896326530612245,179.05128,0.0008156514959409833
6.9195464852607715,181.9015,0.0009732163744047284
6.942766439909297,179.66458,0.0010755732655525208
6.965986394557823,175.13289,0.0009096532594412565
6.989206349206349,173.0359,0.0008529633050784469
7.012426303854875,169.85748,0.000674544891808182
7.035646258503402,169.2146,0.0006868962664157152
7.058866213151927,171.00754,0.0007404794450849295
7.082086167800454,175.28331,0.0009078275761567056
7.1053061224489795,178.34906,0.0008457780932076275
7.128526077097506,177.48883,0.0007789076771587133
7.151746031746032,175.03154,0.0008847818244248629
7.174965986394558,170.95772,0.0008446441497653723
7.198185941043084,165.01137,0.0006854766397736967
7.2214058956916105,159.18422,0.0004370684619061649
7.244625850340136,159.87434,0.00047354280832223594
7.267845804988662,163.91924,0.0008049656171351671
7.291065759637188,173.26085,0.0009169533150270581
7.314285714285714,181.76903,0.0007951330626383424
7.337505668934241,182.58098,0.0010681949788704515
7.360725623582766,176.6982,0.00100809708237648
7.383945578231293,167.97899,0.0010316141415387392
7.4071655328798185,163.34137,0.0007849904941394925
7.430385487528345,163.03096,0.0007324411999434233
7.453605442176871,168.51196,0.0009672384476289153
7.476825396825397,174.88197,0.0007891168934293091
7.500045351473923,179.3039,0.0007394930580630898
7.5232653061224495,182.09201,0.0008044429705478251
7.546485260770975,177.53014,0.0006836798274889588
7.569705215419502,169.01387,0.0006480002775788307
7.592925170068027,164.2405,0.00034832488745450974
7.616145124716553,162.98624,0.0002664861094672233
7.63936507936508,167.82283,0.00038592086639255285
7.662585034013605,175.89189,0.0003123257774859667
7.685804988662132,181.69208,0.0001973560720216483
7.7090249433106575,180.83282,2.5626624847063795e-05
7.732244897959184,0.0,2.9647098926943727e-06
7.75546485260771,0.0,4.238863766659051e-07
7.778684807256236,0.0,1.9800882000708953e-07
7.801904761904762,0.0,9.591076377546415e-08
7.8251247165532885,0.0,9.688574209576473e-08
7.848344671201814,0.0,1.1304564395686612e-07
7.871564625850341,0.0,1.5204295777948573e-07
7.894784580498866,0.0,9.744053386384621e-08
7.918004535147393,0.0,2.0255447452655062e-07
7.9412244897959186,0.0,1.553635229356587e-07
7.964444444444444,0.0,7.549988367827609e-08
7.987664399092971,0.0,5.3905750974081457e-08
8.010884353741497,0.0,8.097595127765089e-08
8.034104308390022,0.0,5.7368197303730994e-08
8.057324263038549,0.0,9.705308912089095e-08
8.080544217687075,0.0,4.378671292215586e-08
8.103764172335602,0.0,6.849222700111568e-08
8.126984126984127,0.0,1.1252086551394314e-07
8.150204081632653,0.0,1.1974952940363437e-07
8.17342403628118,0.0,1.8835635273717344e-09
