0.0,0.0,1.2995769793633372e-07
0.023219954648526078,0.0,1.49118022818584e-07
0.046439909297052155,0.0,7.079506758600473e-08
0.06965986394557823,0.0,4.9687514547258615e-08
0.09287981859410431,0.0,5.199763108976185e-08
0.11609977324263039,0.0,8.310325938509777e-08
0.13931972789115646,0.0,1.9954677554778755e-07
0.16253968253968254,0.0,6.277787178987637e-08
0.18575963718820862,0.0,3.91255525755696e-08
0.2089795918367347,0.0,7.381913746939972e-08
0.23219954648526078,0.0,6.449590728152543e-08
0.25541950113378686,0.0,7.26740836398676e-08
0.2786394557823129,0.0,1.6828562365844846e-07
0.301859410430839,0.0,1.5568093658657745e-07
0.3250793650793651,0.0,1.4574798115063459e-06
0.3482993197278912,119.09485,3.7933150451863185e-05
0.37151927437641724,112.18883,9.42737387958914e-05
0.3947392290249433,109.49945,8.661230094730854e-05
0.4179591836734694,108.50696,6.748997111571953e-05
0.44117913832199546,111.88618,0.00010881207708735019
0.46439909297052157,121.32464,0.00015223879017867148
0.4876190476190476,135.64589,9.892793605104089e-05
0.5108390022675737,149.86832,0.00013975592446513474
0.5340589569160998,163.87566,0.00014331360580399632
0.5572789115646258,171.49951,0.00012995488941669464
0.5804988662131519,174.1563,9.679910726845264e-05
0.603718820861678,175.78143,8.287333184853196e-05
0.626938775510204,177.08507,0.00010605165152810514
0.6501587301587302,178.44896,0.0001335538981948048
0.6733786848072563,178.15164,0.00015664927195757627
0.6965986394557824,176.19159,0.00015958094445522875
0.7198185941043084,175.01006,0.00015933065151330084
0.7430385487528345,174.72496,0.0001492729934398085
0.7662585034013606,175.5032,0.0001334790140390396
0.7894784580498866,177.83403,0.00014801307406742126
0.8126984126984127,180.8044,0.00022513221483677626
0.8359183673469388,181.52658,0.00031966398819349706
0.8591383219954649,181.705,0.0004229485057294369
0.8823582766439909,180.1608,0.00042071123607456684
0.905578231292517,176.96878,0.0003148085961584002
0.9287981859410431,170.61281,0.0005365186370909214
0.9520181405895691,166.48984,0.0006952836993150413
0.9752380952380952,166.9456,0.0006470666266977787
0.9984580498866213,171.16801,0.0005973575171083212
1.0216780045351475,178.2962,0.00044942530803382397
1.0448979591836736,181.71083,0.0006754013593308628
1.0681179138321997,183.20094,0.0006466079503297806
1.0913378684807256,181.53218,0.0006079759914427996
1.1145578231292517,177.78403,0.0005133897648192942
1.1377777777777778,179.84406,0.0004610735340975225
1.1609977324263039,184.21939,0.00047528103459626436
1.18421768707483,187.9851,0.0003577063325792551
1.207437641723356,2153.5579,0.00024271101574413478
1.2306575963718822,2176.9795,0.0002508367761038244
1.253877551020408,210.59196,0.00025139263016171753
1.2770975056689342,210.23296,0.0002964305167552084
1.3003174603174603,205.33311,0.00017024828412104398
1.3235374149659864,199.94826,0.0002008788287639618
1.3467573696145125,197.66722,0.0002191933454014361
1.3699773242630386,198.31216,0.00021032730001024902
1.3931972789115648,201.24649,0.00017597575788386166
1.4164172335600906,204.22552,0.00019279676780570298
1.4396371882086167,203.5123,0.00022515401360578835
1.4628571428571429,202.90453,0.00024442397989332676
1.486077097505669,201.82893,0.00023875560145825148
1.509297052154195,200.5635,0.0003286466235294938
1.5325170068027212,200.00922,0.0003536585427355021
1.5557369614512473,202.32397,0.0002572647063061595
1.5789569160997732,203.2953,0.00024523327010683715
1.6021768707482993,203.36272,0.0002449448802508414
1.6253968253968254,203.8201,0.0002660973113961518
1.6486167800453515,203.67076,0.0002999240532517433
1.6718367346938776,204.47597,0.0003035209665540606
1.6950566893424037,206.19785,0.0003005094768013805
1.7182766439909298,208.84035,0.00021114008268341422
1.7414965986394557,213.27303,0.00017919880338013172
1.7647165532879818,220.88756,0.00013286145986057818
1.787936507936508,227.08333,0.000180872215423733
1.811156462585034,230.2279,0.0002154311805497855
1.8343764172335602,229.35927,0.0003068910737056285
1.8575963718820863,227.55147,0.00027136201970279217
1.8808163265306124,223.81609,0.00013132375897839665
1.9040362811791383,221.50085,0.0001316024863626808
1.9272562358276644,222.84848,0.00021283800015226007
1.9504761904761905,225.0062,0.0003622800577431917
1.9736961451247166,227.99083,0.0007334608817473054
1.9969160997732427,229.83429,0.0008242654730565846
2.020136054421769,230.52045,0.0007950144354254007
2.043356009070295,229.5463,0.0007829245296306908
2.066575963718821,227.71378,0.0005049966275691986
2.089795918367347,223.13277,0.0005551545764319599
2.1130158730158732,220.41635,0.0005739097250625491
2.1362358276643993,220.12831,0.0005866882274858654
2.159455782312925,222.8991,0.0006799628026783466
2.182675736961451,227.11748,0.0007369294762611389
2.2058956916099772,229.28319,0.0008233673870563507
2.2291156462585033,230.47221,0.0007997040520422161
2.2523356009070294,228.47394,0.0007203227141872048
2.2755555555555556,226.52176,0.0006885684560984373
2.2987755102040817,224.13188,0.0007809722446836531
2.3219954648526078,224.35765,0.0008210660889744759
2.345215419501134,225.0977,0.0008558848057873547
2.36843537414966,226.31429,0.0006785632576793432
2.391655328798186,227.97609,0.00041405617957934737
2.414875283446712,231.21208,0.00025225512217730284
2.4380952380952383,236.29399,0.0002219114248873666
2.4613151927437644,239.59601,0.0001920649956446141
2.48453514739229,240.61069,0.0002105354651575908
2.507755102040816,239.83989,0.0002981674624606967
2.5309750566893423,238.57193,0.0003904085315298289
2.5541950113378684,237.07326,0.0004910298157483339
2.5774149659863945,236.7816,0.0005076813395135105
2.6006349206349206,118.52915,0.0005722410860471427
2.6238548752834467,238.66367,0.000583015033043921
2.647074829931973,120.16051,0.0006702617974951863
2.670294784580499,239.91078,0.0007849950925447047
2.693514739229025,239.31516,0.000979841104708612
2.716734693877551,238.8955,0.0011317906901240349
2.7399546485260773,238.43417,0.0011519500985741615
2.7631746031746034,237.16132,0.001053712796419859
2.7863945578231295,237.20724,0.001107292715460062
2.809614512471655,235.11566,0.0009600393241271377
2.8328344671201813,235.79123,0.0010972259333357215
2.8560544217687074,238.98335,0.001355911372229457
2.8792743764172335,243.14925,0.0016477031167596579
2.9024943310657596,244.86589,0.002022162079811096
2.9257142857142857,244.43477,0.0022988589480519295
2.948934240362812,243.54901,0.002111727837473154
2.972154195011338,242.19844,0.0018744892440736294
2.995374149659864,241.59161,0.0017769814003258944
3.01859410430839,241.40338,0.0018677555490285158
3.0418140589569163,243.43715,0.001687398413196206
3.0650340136054424,248.31659,0.0009816052624955773
3.0882539682539685,255.94942,0.0005536430981010199
3.1114739229024946,265.4278,0.0011038172524422407
3.1346938775510207,271.617,0.001117742620408535
3.1579138321995464,274.05743,0.00115373102016747
3.1811337868480725,273.2371,0.0008679229067638516
3.2043537414965986,269.30566,0.001079856650903821
3.2275736961451247,264.0402,0.0011336235329508781
3.250793650793651,260.42593,0.0011610034853219986
3.274013605442177,259.42728,0.0010211386252194643
3.297233560090703,260.34094,0.0011475849896669388
3.320453514739229,266.138,0.0013793068937957287
3.3436734693877552,275.14096,0.002468280028551817
3.3668934240362813,278.10336,0.002860864158719778
3.3901133786848074,277.5981,0.002327513415366411
3.4133333333333336,273.25214,0.001167720416560769
3.4365532879818597,267.39758,0.0015067290514707565
3.4597732426303858,264.23795,0.0015476770931854844
3.4829931972789114,262.23016,0.0015102402539923787
3.5062131519274375,263.60785,0.001752316253259778
3.5294331065759637,267.87082,0.0014464791165664792
3.5526530612244898,274.0773,0.0015891895163804293
3.575873015873016,277.0305,0.001555978087708354
3.599092970521542,276.8515,0.00174454296939075
3.622312925170068,275.15906,0.0013884194195270538
3.645532879818594,271.8898,0.0009907801868394017
3.6687528344671203,270.1873,0.0010370140662416816
3.6919727891156464,274.26764,0.0014360630884766579
3.7151927437641725,280.42822,0.0008828897844068706
3.7384126984126986,292.13467,0.0006919021252542734
3.7616326530612247,302.30685,0.000829029711894691
3.784852607709751,308.99377,0.0007602692930959165
3.8080725623582765,308.31067,0.0009570960537530482
3.8312925170068026,304.18756,0.0014914865605533123
3.8545124716553287,299.76352,0.0014076805673539639
3.877732426303855,295.0147,0.0011287267552688718
3.900952380952381,293.96808,0.0011773451697081327
3.924172335600907,294.71255,0.0013066838728263974
3.947392290249433,299.04813,0.0017806543037295341
3.9706122448979593,303.49622,0.0015156790614128113
3.9938321995464854,305.05115,0.0013295114040374756
4.017052154195011,302.71793,0.0017637998098507524
4.040272108843538,300.50574,0.0017497559310868382
4.063492063492063,297.0853,0.001206511864438653
4.08671201814059,294.3335,0.000957500422373414
4.1099319727891155,293.9926,0.000942504673730582
4.133151927437642,296.37473,0.001268843188881874
4.156371882086168,301.03595,0.0014530750922858715
4.179591836734694,305.525,0.0010682634310796857
4.20281179138322,306.89694,0.0010334914550185204
4.2260317460317465,305.08798,0.0012402355205267668
4.249251700680272,303.079,0.0013452230487018824
4.272471655328799,300.6862,0.0013864913489669561
4.295691609977324,299.5688,0.0012656324543058872
4.31891156462585,302.1117,0.0012723214458674192
4.342131519274377,306.4687,0.0009471503435634077
4.365351473922902,313.46146,0.0010915482416749
4.388571428571429,319.67664,0.0009661658550612628
4.4117913832199545,326.2392,0.001085205702111125
4.435011337868481,331.9813,0.0012472399976104498
4.458231292517007,333.9696,0.001281830365769565
4.481451247165533,331.03354,0.0012137754820287228
4.504671201814059,327.9135,0.0012127606896683574
4.527891156462585,325.9968,0.0012202884536236525
4.551111111111111,325.8033,0.0012804137077182531
4.574331065759638,327.8137,0.001534118433482945
4.597551020408163,332.76877,0.0019374091643840075
4.62077097505669,335.68924,0.002264644019305706
4.6439909297052155,337.43613,0.002483131131157279
4.667210884353741,337.586,0.0024693715386092663
4.690430839002268,334.0749,0.0018292777240276337
4.713650793650793,326.7521,0.0015647870022803545
4.73687074829932,319.3119,0.0016575439367443323
4.760090702947846,314.73837,0.0021720235235989094
4.783310657596372,315.34628,0.0017685616621747613
4.806530612244898,321.76352,0.0016011642292141914
4.829750566893424,332.59073,0.002268624259158969
4.85297052154195,337.54556,0.002502520103007555
4.876190476190477,337.39328,0.0023075598292052746
4.899410430839002,334.72568,0.002160685835406184
4.922630385487529,330.94086,0.0021613864228129387
4.9458503401360545,329.49423,0.0023128967732191086
4.96907029478458,330.21405,0.0023213084787130356
4.992290249433107,333.64996,0.0024672742001712322
5.015510204081632,339.69556,0.0027362864930182695
5.038730158730159,346.89935,0.002499994821846485
5.061950113378685,355.3185,0.0022882164921611547
5.085170068027211,360.93454,0.0027138730511069298
5.108390022675737,358.69333,0.0029894402250647545
5.131609977324263,356.34488,0.0025903081987053156
5.154829931972789,351.55438,0.0024873081129044294
5.178049886621316,345.59268,0.0029395781457424164
5.201269841269841,342.06155,0.0038036727346479893
5.224489795918368,343.5401,0.004195480607450008
5.2477097505668935,348.01175,0.0037537161260843277
5.27092970521542,354.3874,0.0029196180403232574
5.294149659863946,360.45126,0.003060896648094058
5.317369614512471,361.24548,0.0036401839461177588
5.340589569160998,357.6742,0.003297043964266777
5.363809523809524,352.92944,0.002967961598187685
5.38702947845805,345.3158,0.003275061259046197
5.410249433106576,339.48566,0.0037455111742019653
5.433469387755102,338.87558,0.00387496966868639
5.456689342403628,341.27457,0.004759587813168764
5.479909297052155,346.8282,0.004533488303422928
5.50312925170068,351.47644,0.003159825224429369
5.526349206349207,353.3991,0.0028641032986342907
5.5495691609977325,355.84174,0.0025062866043299437
5.572789115646259,357.45197,0.0026956084184348583
5.596009070294785,358.75412,0.0028764221351593733
5.61922902494331,359.8521,0.0030120541341602802
5.642448979591837,361.2738,0.003239935263991356
5.6656689342403626,365.52255,0.0033096743281930685
5.688888888888889,375.2889,0.003558305324986577
5.712108843537415,384.63773,0.006346667185425758
5.735328798185941,392.65515,0.010964757762849331
5.758548752834467,394.35355,0.013656889088451862
5.7817687074829935,395.48853,0.013663254678249359
5.804988662131519,394.76846,0.015513594262301922
5.828208616780046,392.5553,0.016970515251159668
5.851428571428571,392.75436,0.015801232308149338
5.874648526077098,392.13644,0.015287838876247406
5.897868480725624,391.64792,0.015091827139258385
5.92108843537415,394.80756,0.014126894995570183
5.944308390022676,401.66486,0.012277709320187569
5.9675283446712015,406.0417,0.010700827464461327
5.990748299319728,409.2779,0.012524304911494255
6.013968253968254,406.35403,0.01470583863556385
6.03718820861678,400.70346,0.023099437355995178
6.060408163265306,394.30273,0.024418924003839493
6.0836281179138325,390.1355,0.016801046207547188
6.106848072562358,388.76797,0.015798091888427734
6.130068027210885,393.19623,0.016897551715373993
6.15328798185941,399.41177,0.011957119219005108
6.176507936507937,403.3792,0.012172426097095013
6.199727891156463,405.20447,0.011726530268788338
6.222947845804989,402.15533,0.016947835683822632
6.246167800453515,399.5762,0.021527817472815514
6.269387755102041,394.38043,0.022244036197662354
6.292607709750567,390.21597,0.013925612904131413
6.315827664399093,389.05493,0.007182299625128508
6.339047619047619,379.64926,0.003749242052435875
6.362267573696145,363.8992,0.004288017749786377
6.3854875283446715,351.51938,0.00400275643914938
6.408707482993197,348.0191,0.0043764375150203705
6.431927437641724,350.56137,0.004238663241267204
6.455147392290249,356.96442,0.0038509678561240435
6.478367346938776,357.6543,0.004087288863956928
6.501587301587302,356.62897,0.004236177541315556
6.524807256235828,355.64465,0.004316393285989761
6.548027210884354,352.23407,0.004059808794409037
6.57124716553288,348.96698,0.004332610405981541
6.594467120181406,348.81198,0.004078020341694355
6.617687074829932,349.80045,0.0037894619163125753
6.640907029478458,355.2593,0.0034265085123479366
6.664126984126984,358.8791,0.003377815242856741
6.6873469387755105,359.75732,0.003636692650616169
6.710566893424036,357.55798,0.003784457454457879
6.733786848072563,355.0262,0.0034837399143725634
6.757006802721088,351.7019,0.003184489905834198
6.780226757369615,345.86942,0.0034244577400386333
6.8034467120181406,344.4363,0.003969832789152861
6.826666666666667,349.04688,0.0035484102554619312
6.849886621315193,353.78064,0.003050693776458502
6.873106575963719,355.99036,0.002658349461853504
6.896326530612245,357.7272,0.0027198027819395065
6.9195464852607715,356.77,0.0024034129455685616
6.942766439909297,350.50308,0.002173903863877058
6.965986394557823,339.54355,0.002475335728377104
6.989206349206349,327.55743,0.001913335989229381
7.012426303854875,321.58066,0.0017508527962490916
7.035646258503402,323.98175,0.0019590063020586967
7.058866213151927,332.10165,0.002294040285050869
7.082086167800454,339.01773,0.002492740983143449
7.1053061224489795,341.85165,0.0024678909685462713
7.128526077097506,339.99268,0.0023543257266283035
7.151746031746032,335.6654,0.0018638642504811287
7.174965986394558,329.74112,0.0016324830939993262
7.198185941043084,327.36932,0.0018356458749622107
7.2214058956916105,327.79855,0.00196710042655468
7.244625850340136,331.05472,0.002287048613652587
7.267845804988662,335.2691,0.0020465378183871508
7.291065759637188,337.62238,0.0019431160762906075
7.314285714285714,338.1015,0.0018844789592549205
7.337505668934241,338.41855,0.0018362480914220214
7.360725623582766,334.43753,0.0017830210272222757
7.383945578231293,331.38327,0.0018437246326357126
7.4071655328798185,328.28775,0.0017741345800459385
7.430385487528345,328.76495,0.0019206239376217127
7.453605442176871,330.9024,0.002250407822430134
7.476825396825397,333.9048,0.002007476519793272
7.500045351473923,335.16776,0.001810210756957531
7.5232653061224495,335.0872,0.0018417024984955788
7.546485260770975,332.2522,0.0017500255489721894
7.569705215419502,322.75037,0.0009828144684433937
7.592925170068027,300.935,0.0013804817572236061
7.616145124716553,282.46735,0.0010553592583164573
7.63936507936508,273.24454,0.0008459567907266319
7.662585034013605,274.39102,0.0009898561984300613
7.685804988662132,281.18707,0.0011701909825205803
7.7090249433106575,289.46344,0.0008248821832239628
7.732244897959184,294.249,0.0008056268561631441
7.75546485260771,296.45737,0.0008130184141919017
7.778684807256236,297.9054,0.0008195834816433489
7.801904761904762,295.71628,0.000845583388581872
7.8251247165532885,294.85843,0.0009100391762331128
7.848344671201814,293.63605,0.0009803881403058767
7.871564625850341,295.34348,0.0010804110206663609
7.894784580498866,299.39993,0.0011358578922227025
7.918004535147393,300.44608,0.0011953315697610378
7.9412244897959186,299.95782,0.0011172634549438953
7.964444444444444,299.0502,0.0010680393315851688
7.987664399092971,294.80072,0.0011072433553636074
8.010884353741497,289.84244,0.0014837566995993257
8.034104308390022,286.65283,0.0014682713663205504
8.057324263038549,287.56326,0.0013553594471886754
8.080544217687075,292.43594,0.0010768764186650515
8.103764172335602,299.1629,0.0010912074940279126
8.126984126984127,302.54373,0.001071977661922574
8.150204081632653,300.58945,0.001098977169021964
8.17342403628118,294.74646,0.0012462837621569633
8.196643990929706,286.2707,0.0012777741067111492
8.219863945578231,275.932,0.0008256698492914438
8.243083900226758,260.034,0.0011898085940629244
8.266303854875284,253.80418,0.0009410827187821269
8.289523809523809,257.31482,0.0006811369676142931
8.312743764172335,261.5548,0.0007360066520050168
8.335963718820862,267.23846,0.0006254198378883302
8.359183673469389,269.55313,0.000584550085477531
8.382403628117913,267.96768,0.0006888934876769781
8.40562358276644,265.60788,0.0010656772647053003
8.428843537414966,261.50186,0.0013612998882308602
8.452063492063493,258.00684,0.0013050776906311512
8.475283446712018,257.37915,0.0011964389123022556
8.498503401360544,260.34116,0.0012566202785819769
8.52172335600907,264.3929,0.0008977894904091954
8.544943310657597,269.01434,0.000723961740732193
8.568163265306122,270.3903,0.0007293109665624797
8.591383219954649,268.51147,0.0010272542713209987
8.614603174603175,264.58038,0.0017558508552610874
8.6378231292517,258.56662,0.0011979350820183754
8.661043083900227,253.91032,0.0006223603850230575
8.684263038548753,253.86037,0.0005202562897466123
8.70748299319728,259.12085,0.0007691048085689545
8.730702947845804,265.7628,0.0008189505315385759
8.753922902494331,271.10266,0.0006710776360705495
8.777142857142858,270.9282,0.0006204657256603241
8.800362811791384,265.9587,0.001038581714965403
8.823582766439909,261.9592,0.0010171496542170644
8.846802721088435,254.31699,0.0007506304536946118
8.870022675736962,246.07133,0.000527000636793673
8.893242630385489,234.60867,0.0006108806701377034
8.916462585034013,233.2322,0.00039830594323575497
8.93968253968254,238.42506,0.00035841879434883595
8.962902494331066,239.80296,0.00031026965007185936
8.986122448979591,239.80664,0.00035973775084130466
9.009342403628118,238.48204,0.000409852946177125
9.032562358276644,236.1132,0.00044943304965272546
9.05578231292517,234.95216,0.0004075541510246694
9.079002267573696,237.50362,0.0005116451065987349
9.102222222222222,239.26544,0.000511073914822191
9.125442176870749,240.40965,0.0005203853943385184
9.148662131519275,239.67429,0.000516038853675127
9.1718820861678,237.68976,0.0004901823122054338
9.195102040816327,236.27568,0.00043916277354583144
9.218321995464853,235.06607,0.00039841211400926113
9.24154195011338,233.35974,0.000650211819447577
9.264761904761905,233.41669,0.000533939222805202
9.287981859410431,235.1927,0.0004036739410366863
9.311201814058958,239.21129,0.0004958121571689844
9.334421768707482,242.25754,0.0005810203729197383
9.357641723356009,241.66602,0.0005463794805109501
9.380861678004536,239.16354,0.0005887786974199116
9.404081632653062,236.39291,0.0004682995786424726
9.427301587301587,235.41798,0.00045815669000148773
9.450521541950113,233.63702,0.0007968556601554155
9.47374149659864,231.57428,0.0014746987726539373
9.496961451247167,228.15698,0.0012761431280523539
9.520181405895691,225.19641,0.001121444278396666
9.543401360544218,224.87502,0.001218331977725029
9.566621315192744,225.83368,0.0011442570248618722
9.58984126984127,226.82051,0.0010836058063432574
9.613061224489796,227.08293,0.0009496058337390423
9.636281179138322,225.34561,0.0008547516772523522
9.659501133786849,223.98486,0.0008282759226858616
9.682721088435374,223.31114,0.0008981721475720406
9.7059410430839,223.38313,0.0011179971043020487
9.729160997732427,225.0547,0.0014198804274201393
9.752380952380953,227.12802,0.0016975555336102843
9.775600907029478,229.92525,0.0022632114123553038
9.798820861678005,229.95854,0.0024660956114530563
9.822040816326531,228.33322,0.0019435262074694037
9.845260770975058,224.46376,0.0011632440146058798
9.868480725623582,220.85483,0.0007959521608427167
9.891700680272109,219.72292,0.0007503312081098557
9.914920634920636,222.10101,0.0009360392577946186
9.93814058956916,225.8912,0.0012736155185848475
9.961360544217687,228.87236,0.0015433465596288443
9.984580498866213,229.87675,0.0019340857397764921
10.00780045351474,228.8784,0.0018222914077341557
10.031020408163265,226.55794,0.0013565797125920653
10.054240362811791,223.80547,0.001041028881445527
10.077460317460318,221.32153,0.0007649551262147725
10.100680272108844,216.52068,0.0005616932176053524
10.12390022675737,1953.248,0.0005744374357163906
10.147120181405896,189.747,0.0003153998404741287
10.170340136054422,191.2873,0.00020249991212040186
10.193560090702949,194.99052,0.00035462650703266263
10.216780045351474,199.84752,0.0005965434247627854
10.24,204.396,0.000621794955804944
10.263219954648527,206.03973,0.0006965433130972087
10.286439909297052,205.54028,0.0011094545479863882
10.309659863945578,203.61197,0.0012582528870552778
10.332879818594105,200.97406,0.0006743466947227716
10.356099773242631,198.18257,0.0005020651733502746
10.379319727891156,195.24251,0.0003699531953316182
10.402539682539683,193.5528,0.00039702223148196936
10.425759637188209,195.63477,0.000498167413752526
10.448979591836736,199.77974,0.0009351300541311502
10.47219954648526,203.86075,0.0015112825203686953
10.495419501133787,205.04427,0.0017595789395272732
10.518639455782314,202.85327,0.0010257320245727897
10.54185941043084,199.50548,0.0005951548810116947
10.565079365079365,197.33513,0.0005186152993701398
10.588299319727891,197.36978,0.0005314226145856082
10.611519274376418,199.40869,0.0007759107975289226
10.634739229024943,201.38358,0.0008807870326563716
10.65795918367347,201.33432,0.0008311384590342641
10.681179138321996,201.01253,0.0007540816441178322
10.704399092970522,199.44966,0.0005742633948102593
10.727619047619047,197.19112,0.000465753284515813
10.750839002267574,2071.3123,0.0005532686482183635
10.7740589569161,2037.7849,0.0005019575473852456
10.797278911564627,2040.7853,0.0004437762254383415
10.820498866213152,2034.9708,0.0004524436080828309
10.843718820861678,2046.2908,0.0005481757689267397
10.866938775510205,2035.6151,0.0005084340227767825
10.890158730158731,2009.6329,0.000582363863941282
10.913378684807256,184.21579,0.0007016395684331656
10.936598639455783,2031.8572,0.0005679051973856986
10.95981859410431,171.10596,0.0005073455977253616
10.983038548752834,169.80399,0.0005657946458086371
11.00625850340136,170.91669,0.0005089775659143925
11.029478458049887,2043.0502,0.0005756724858656526
11.052698412698414,180.32974,0.000555346894543618
11.075918367346938,181.97707,0.0006891649682074785
11.099138321995465,182.0029,0.0007217418751679361
11.122358276643991,178.64958,0.0006504249759018421
11.145578231292518,2044.9623,0.0005268867826089263
11.168798185941043,2010.4185,0.0006022939924150705
11.19201814058957,161.62762,0.0005845362902618945
11.215238095238096,2020.7487,0.0006114427233114839
11.23845804988662,173.74,0.0006702953251078725
11.261678004535147,180.9052,0.0005845780833624303
11.284897959183674,182.91615,0.0007215791847556829
11.3081179138322,181.14987,0.0005888321902602911
11.331337868480725,176.8754,0.0003692708269227296
11.354557823129252,172.15845,0.000330495648086071
11.377777777777778,171.39273,0.00038469189894385636
11.400997732426305,174.19324,0.00041084448457695544
11.42421768707483,2023.3032,0.0004257373802829534
11.447437641723356,187.25177,0.0005857462529093027
11.470657596371883,189.41798,0.0006148208631202579
11.49387755102041,2073.3687,0.0006497899303212762
11.517097505668934,2043.7067,0.0005066960584372282
11.54031746031746,2050.05,0.00022343406453728676
11.563537414965987,169.84,0.00020730815595015883
11.586757369614512,172.57877,0.00019447652448434383
11.609977324263038,2029.1566,0.0002483857097104192
11.633197278911565,186.36375,0.0003670676960609853
11.656417233560092,189.3403,0.0003340708208270371
11.679637188208616,188.11237,0.00017157994443550706
11.702857142857143,1924.4774,2.0145052985753864e-05
11.72607709750567,0.0,3.2314692361978814e-06
11.749297052154196,0.0,4.978983270120807e-07
11.77251700680272,0.0,1.8924038158729672e-07
11.795736961451247,0.0,1.6190369933610782e-07
11.818956916099774,0.0,1.892549335025251e-07
11.8421768707483,0.0,6.138998287497088e-08
11.865396825396825,0.0,1.0546318662818521e-07
11.888616780045352,0.0,4.1804923966992646e-08
11.911836734693878,0.0,7.533344614785165e-08
11.935056689342403,0.0,7.74416548665613e-08
11.95827664399093,0.0,1.32467903313227e-07
11.981496598639456,0.0,6.446043698815629e-08
12.004716553287983,0.0,4.792127583641559e-08
12.027936507936507,0.0,2.517390385037288e-07
12.051156462585034,0.0,1.6904778021853417e-07
12.07437641723356,0.0,1.3665248843608424e-07
12.097596371882087,0.0,1.372682163491845e-07
12.120816326530612,0.0,1.0503117664484307e-07
12.144036281179138,0.0,9.713403414934874e-09
