0.0,0.0,1.2265336408745497e-06
0.023219954648526078,0.0,1.2639493434107862e-06
0.046439909297052155,0.0,1.4389361240318976e-06
0.06965986394557823,0.0,1.3916287571191788e-06
0.09287981859410431,0.0,9.275927368435077e-07
0.11609977324263039,0.0,1.3433809726848267e-06
0.13931972789115646,0.0,1.1217953215236776e-06
0.16253968253968254,0.0,1.5321438695536926e-06
0.18575963718820862,0.0,9.494660844211467e-07
0.2089795918367347,0.0,2.576789484010078e-06
0.23219954648526078,0.0,5.9020549088018015e-06
0.25541950113378686,0.0,4.718658601632342e-07
0.2786394557823129,0.0,2.6032103050965816e-07
0.301859410430839,0.0,4.7222602006513625e-07
0.3250793650793651,0.0,2.3761731426930055e-07
0.3482993197278912,0.0,1.8033733795164153e-07
0.37151927437641724,582.7496,1.0336644663766492e-05
0.3947392290249433,171.73276,9.28543449845165e-05
0.4179591836734694,159.76219,0.00013699577539227903
0.44117913832199546,163.91936,0.00015738996444270015
0.46439909297052157,172.29858,0.000159398652613163
0.4876190476190476,175.81467,9.810007031774148e-05
0.5108390022675737,176.49834,8.600365254096687e-05
0.5340589569160998,177.70665,0.00013211843906901777
0.5572789115646258,178.63823,0.00019235907529946417
0.5804988662131519,177.7475,0.0002375972253503278
0.603718820861678,177.56229,0.00030390743631869555
0.626938775510204,179.38138,0.0004039165214635432
0.6501587301587302,180.85909,0.0005201611202210188
0.6733786848072563,182.28351,0.0006345859728753567
0.6965986394557824,183.04958,0.0008986185421235859
0.7198185941043084,182.06226,0.0012519634328782558
0.7430385487528345,182.25719,0.0019881981424987316
0.7662585034013606,182.29471,0.0025127441622316837
0.7894784580498866,182.94724,0.003114371094852686
0.8126984126984127,183.91548,0.0027037314139306545
0.8359183673469388,186.6229,0.0008939679246395826
0.8591383219954649,195.14465,0.0008461480611003935
0.8823582766439909,217.34831,0.0017169963102787733
0.905578231292517,229.05728,0.0022930826526135206
0.9287981859410431,233.3383,0.002021635416895151
0.9520181405895691,230.74205,0.0022558667697012424
0.9752380952380952,227.34023,0.0020988553296774626
0.9984580498866213,226.91231,0.002087157219648361
1.0216780045351475,226.71733,0.002753657288849354
1.0448979591836736,225.25468,0.003536636009812355
1.0681179138321997,224.45195,0.005565788596868515
1.0913378684807256,223.8024,0.0069873458705842495
1.1145578231292517,223.58356,0.010005034506320953
1.1377777777777778,222.76686,0.013819724321365356
1.1609977324263039,223.63556,0.017832696437835693
1.18421768707483,226.42177,0.021573349833488464
1.207437641723356,229.62663,0.02420741319656372
1.2306575963718822,231.397,0.020953897386789322
1.253877551020408,231.98781,0.006698000244796276
1.2770975056689342,228.31517,0.0028630082961171865
1.3003174603174603,250.59067,0.0029937848448753357
1.3235374149659864,268.1797,0.0024025063030421734
1.3467573696145125,277.38425,0.001531059737317264
1.3699773242630386,273.83405,0.0012974096462130547
1.3931972789115648,266.66272,0.001630673767067492
1.4164172335600906,265.07074,0.001720105647109449
1.4396371882086167,262.86844,0.0021088612265884876
1.4628571428571429,263.20636,0.0027423175051808357
1.486077097505669,266.3398,0.004021662287414074
1.509297052154195,270.53177,0.005356204695999622
1.5325170068027212,273.71185,0.007760118693113327
1.5557369614512473,271.54388,0.008598947897553444
1.5789569160997732,262.5131,0.00836605578660965
1.6021768707482993,255.26114,0.006504840217530727
1.6253968253968254,259.57257,0.008874412626028061
1.6486167800453515,273.73737,0.014202592894434929
1.6718367346938776,284.96814,0.01691718026995659
1.6950566893424037,282.2064,0.016968846321105957
1.7182766439909298,266.99432,0.01163673959672451
1.7414965986394557,264.0567,0.011723821982741356
1.7647165532879818,272.9635,0.008699807338416576
1.787936507936508,279.88113,0.002909936010837555
1.811156462585034,274.87805,0.0016814812552183867
1.8343764172335602,295.5795,0.0010753313545137644
1.8575963718820863,327.56592,0.0019049965776503086
1.8808163265306124,341.64963,0.002124444115906954
1.9040362811791383,345.00937,0.0018670803401619196
1.9272562358276644,349.5056,0.0016144815599545836
1.9504761904761905,357.98544,0.0011775692692026496
1.9736961451247166,361.47205,0.0014358515618368983
1.9969160997732427,359.6751,0.0020089023746550083
2.020136054421769,357.93915,0.0036548839416354895
2.043356009070295,356.34772,0.005745694972574711
2.066575963718821,353.65756,0.00892910361289978
2.089795918367347,353.8529,0.012298226356506348
2.1130158730158732,354.2562,0.01619730144739151
2.1362358276643993,353.31113,0.02208724431693554
2.159455782312925,354.30032,0.03296784684062004
2.182675736961451,358.12067,0.041005343198776245
2.2058956916099772,354.9564,0.03886222839355469
2.2291156462585033,341.03806,0.013661310076713562
2.2523356009070294,306.85446,0.006786414887756109
2.2755555555555556,273.96747,0.0038212276995182037
2.2987755102040817,267.2656,0.002840189728885889
2.3219954648526078,267.92123,0.0026861997321248055
2.345215419501134,268.47784,0.0026158448308706284
2.36843537414966,265.139,0.0030256006866693497
2.391655328798186,263.40018,0.003518552053719759
2.414875283446712,262.5948,0.004039172548800707
2.4380952380952383,264.2096,0.005292036570608616
2.4613151927437644,268.17227,0.005836733616888523
2.48453514739229,269.826,0.006168341729789972
2.507755102040816,269.9635,0.006324614863842726
2.5309750566893423,270.42847,0.00676993653178215
2.5541950113378684,269.81628,0.007549462374299765
2.5774149659863945,269.7793,0.008030121214687824
2.6006349206349206,270.2429,0.008952160365879536
2.6238548752834467,269.03564,0.009913980960845947
2.647074829931973,262.10916,0.00821229349821806
2.670294784580499,230.94179,0.01283406000584364
2.693514739229025,223.53627,0.008666989393532276
2.716734693877551,222.62636,0.008428657427430153
2.7399546485260773,222.83784,0.007724324241280556
2.7631746031746034,222.01698,0.008184105157852173
2.7863945578231295,219.78154,0.009238792583346367
2.809614512471655,219.62747,0.009906084276735783
2.8328344671201813,222.41289,0.010053600184619427
2.8560544217687074,227.44623,0.009202780202031136
2.8792743764172335,233.41919,0.009359078481793404
2.9024943310657596,235.57097,0.011077727191150188
2.9257142857142857,232.96881,0.01617182232439518
2.948934240362812,228.03667,0.017437193542718887
2.972154195011338,229.03296,0.013911508023738861
2.995374149659864,236.09276,0.008319064974784851
3.01859410430839,240.54678,0.0062972367741167545
3.0418140589569163,235.16951,0.014518525451421738
3.0650340136054424,224.41992,0.014547852799296379
3.0882539682539685,219.64433,0.015357088297605515
3.1114739229024946,224.347,0.011084683239459991
3.1346938775510207,233.35114,0.006253653205931187
3.1579138321995464,237.43227,0.0054698605090379715
3.1811337868480725,229.06534,0.006880380213260651
3.2043537414965986,216.83139,0.005032951943576336
3.2275736961451247,581.57556,0.002812483813613653
3.250793650793651,181.74605,0.0017612710362300277
3.274013605442177,179.97241,0.00197642482817173
3.297233560090703,183.2339,0.0022061108611524105
3.320453514739229,186.5008,0.0023051416501402855
3.3436734693877552,185.81056,0.0020723724737763405
3.3668934240362813,184.55554,0.002161860466003418
3.3901133786848074,184.39719,0.0023747296072542667
3.4133333333333336,183.25359,0.002309012459591031
3.4365532879818597,181.3927,0.0024050623178482056
3.4597732426303858,179.32529,0.002667467575520277
3.4829931972789114,179.47273,0.0029835777822881937
3.5062131519274375,180.02844,0.0031764975283294916
3.5294331065759637,180.4509,0.0033576185815036297
3.5526530612244898,180.34769,0.0034593180753290653
3.575873015873016,179.90923,0.003644986543804407
3.599092970521542,179.96228,0.0038582999259233475
3.622312925170068,179.5714,0.003968649543821812
3.645532879818594,179.93668,0.004024396650493145
3.6687528344671203,179.73175,0.004005852621048689
3.6919727891156464,179.02129,0.004076406825333834
3.7151927437641725,179.07692,0.0043021999299526215
3.7384126984126986,180.40791,0.004325097426772118
3.7616326530612247,180.14597,0.004326770082116127
3.784852607709751,180.0758,0.004300563130527735
3.8080725623582765,180.03645,0.00430880393832922
3.8312925170068026,179.91289,0.004367620684206486
3.8545124716553287,179.64253,0.00431453064084053
3.877732426303855,178.69626,0.004380859434604645
3.900952380952381,178.88261,0.004405446350574493
3.924172335600907,178.97171,0.004410447087138891
3.947392290249433,179.79596,0.004400976933538914
3.9706122448979593,180.37923,0.004459646996110678
3.9938321995464854,179.93059,0.004515213426202536
4.017052154195011,178.99129,0.004525127820670605
4.040272108843538,178.92651,0.004549008794128895
4.063492063492063,179.12482,0.004522308707237244
4.08671201814059,179.27379,0.004362893756479025
4.1099319727891155,180.12395,0.004264683462679386
4.133151927437642,180.50005,0.0041380166076123714
4.156371882086168,179.97987,0.004070598632097244
4.179591836734694,180.5117,0.00411382969468832
4.20281179138322,180.83264,0.003931839484721422
4.2260317460317465,180.60684,0.0037830942310392857
4.249251700680272,180.24124,0.0037439153529703617
4.272471655328799,179.3832,0.003643025178462267
4.295691609977324,178.73543,0.0036014793440699577
4.31891156462585,179.39188,0.0037433751858770847
4.342131519274377,182.19276,0.003849347122013569
4.365351473922902,185.30177,0.004825462121516466
4.388571428571429,560.04285,0.00490102032199502
4.4117913832199545,553.0916,0.003724453505128622
4.435011337868481,180.1185,0.002529110526666045
4.458231292517007,176.4045,0.0026737134903669357
4.481451247165533,177.9327,0.0031950119882822037
4.504671201814059,180.76495,0.0033626798540353775
4.527891156462585,183.36592,0.0035211308859288692
4.551111111111111,182.61316,0.0029922816902399063
4.574331065759638,178.69034,0.002286038361489773
4.597551020408163,174.73204,0.0022254418581724167
4.62077097505669,175.90114,0.0026235776022076607
4.6439909297052155,546.2286,0.0028709396719932556
4.667210884353741,188.3836,0.0030193317215889692
4.690430839002268,188.78993,0.002666618674993515
4.713650793650793,554.5319,0.0022054314613342285
4.73687074829932,177.18658,0.0016054522711783648
4.760090702947846,175.2806,0.0018404050497338176
4.783310657596372,179.11888,0.0016841484466567636
4.806530612244898,183.11694,0.001107463613152504
4.829750566893424,183.39569,0.0008194902911782265
4.85297052154195,179.18779,0.0003819939447566867
4.876190476190477,177.63977,0.00011976074893027544
4.899410430839002,185.22649,5.5209002312039956e-05
4.922630385487529,191.08713,2.9792521672789007e-05
4.9458503401360545,187.47668,1.013476139632985e-05
4.96907029478458,0.0,8.198785508284345e-07
4.992290249433107,0.0,8.368215276277624e-07
5.015510204081632,0.0,3.938484951504506e-07
5.038730158730159,0.0,6.014206519466825e-07
5.061950113378685,0.0,2.5073313736356795e-07
5.085170068027211,0.0,1.9019444152945653e-07
5.108390022675737,0.0,1.22987330541946e-07
5.131609977324263,0.0,1.3941371435066685e-07
5.154829931972789,0.0,1.9947037799283862e-07
5.178049886621316,0.0,1.9381604943191633e-07
5.201269841269841,0.0,1.0021358320955187e-07
5.224489795918368,0.0,1.6348622011719272e-07
5.2477097505668935,0.0,1.4149100024951622e-07
5.27092970521542,0.0,1.0472740541445091e-07
