0.0,0.0,7.231838026200421e-07
0.023219954648526078,0.0,9.497935025137849e-07
0.046439909297052155,0.0,7.277731128851883e-07
0.06965986394557823,0.0,5.430256351246499e-07
0.09287981859410431,0.0,2.0237621356500313e-07
0.11609977324263039,0.0,3.235463736928068e-07
0.13931972789115646,0.0,3.749237293959595e-07
0.16253968253968254,0.0,2.9856619221391156e-07
0.18575963718820862,0.0,6.243280950002372e-07
0.2089795918367347,0.0,9.353425411973149e-07
0.23219954648526078,0.0,2.9058355721645057e-07
0.25541950113378686,0.0,2.880933607229963e-07
0.2786394557823129,0.0,3.598224793677218e-07
0.301859410430839,0.0,2.6928410079563037e-07
0.3250793650793651,0.0,1.6805643099360168e-07
0.3482993197278912,0.0,2.487258825567551e-07
0.37151927437641724,0.0,4.6232889872044325e-07
0.3947392290249433,0.0,4.803205229109153e-07
0.4179591836734694,0.0,2.712858986342326e-07
0.44117913832199546,0.0,3.367758836247958e-07
0.46439909297052157,0.0,3.881341399392113e-07
0.4876190476190476,0.0,4.1154180507874116e-07
0.5108390022675737,0.0,7.168009688029997e-07
0.5340589569160998,0.0,1.284814061364159e-06
0.5572789115646258,0.0,5.915271685807966e-07
0.5804988662131519,0.0,3.5412085708230734e-08
0.603718820861678,0.0,2.0303741621319205e-07
0.626938775510204,0.0,4.2693955037975684e-07
0.6501587301587302,0.0,4.4538683141581714e-07
0.6733786848072563,0.0,3.7193694879533723e-07
0.6965986394557824,0.0,5.920201147091575e-07
0.7198185941043084,0.0,1.716634869808331e-07
0.7430385487528345,0.0,1.3455701264319941e-07
0.7662585034013606,0.0,1.4289435057435185e-07
0.7894784580498866,0.0,7.382550393231213e-08
0.8126984126984127,0.0,6.389473128365353e-08
0.8359183673469388,0.0,1.478110789321363e-07
0.8591383219954649,0.0,8.058123057708144e-08
0.8823582766439909,0.0,1.1271276889601722e-07
0.905578231292517,0.0,2.2045605874154717e-07
0.9287981859410431,0.0,1.540865923743695e-07
0.9520181405895691,0.0,2.2692347556585446e-07
0.9752380952380952,0.0,1.31090018840041e-07
0.9984580498866213,0.0,3.7194367905613035e-06
1.0216780045351475,0.0,2.701039193198085e-06
1.0448979591836736,663.34155,3.164244117215276e-05
1.0681179138321997,728.3334,6.857516564195976e-05
1.0913378684807256,126.2178,5.840025551151484e-05
1.1145578231292517,126.883606,5.9586633142316714e-05
1.1377777777777778,127.155945,6.988958921283484e-05
1.1609977324263039,126.30805,7.403483323287219e-05
1.18421768707483,124.99188,8.966636232798919e-05
1.207437641723356,125.79449,0.0001164804125437513
1.2306575963718822,126.45095,0.0001015470625134185
1.253877551020408,133.91916,0.0001669892226345837
1.2770975056689342,135.70175,0.00023723958292976022
1.3003174603174603,136.71083,0.00036009156610816717
1.3235374149659864,139.84138,0.000835631275549531
1.3467573696145125,140.82903,0.001056826557032764
1.3699773242630386,140.20712,0.0012214344460517168
1.3931972789115648,140.45003,0.0014195574913173914
1.4164172335600906,140.21436,0.0013512072619050741
1.4396371882086167,139.58601,0.0012352641206234694
1.4628571428571429,138.60513,0.0011267510708421469
1.486077097505669,138.7807,0.001456966856494546
1.509297052154195,139.25441,0.0016072653234004974
1.5325170068027212,139.34468,0.0014961552806198597
1.5557369614512473,139.68985,0.0014858790673315525
1.5789569160997732,141.03996,0.0020859327632933855
1.6021768707482993,140.61436,0.0021022120490670204
1.6253968253968254,140.83331,0.0023051025345921516
1.6486167800453515,141.03346,0.0023954990319907665
1.6718367346938776,141.3074,0.0027116292621940374
1.6950566893424037,140.49255,0.0028963442891836166
1.7182766439909298,140.40771,0.002767108613625169
1.7414965986394557,139.70636,0.0026316866278648376
1.7647165532879818,139.3001,0.0031265318393707275
1.787936507936508,139.13889,0.0031799478456377983
1.811156462585034,139.4736,0.0031212836038321257
1.8343764172335602,140.519,0.003001423319801688
1.8575963718820863,140.0585,0.0031317267566919327
1.8808163265306124,139.19902,0.002636076882481575
1.9040362811791383,137.2396,0.0017065939027816057
1.9272562358276644,135.61935,0.001191707793623209
1.9504761904761905,135.98296,0.0013706670142710209
1.9736961451247166,137.19489,0.0018648733384907246
1.9969160997732427,139.4621,0.003164362395182252
2.020136054421769,140.3562,0.0031992606818675995
2.043356009070295,139.21078,0.0026170494966208935
2.066575963718821,137.8472,0.0017598235281184316
2.089795918367347,136.08414,0.0013861104380339384
2.1130158730158732,136.88315,0.001739734085276723
2.1362358276643993,138.6509,0.002727692946791649
2.159455782312925,140.33012,0.0031836002599447966
2.182675736961451,140.88554,0.00331620080396533
2.2058956916099772,140.05034,0.003204136621206999
2.2291156462585033,138.386,0.002354757860302925
2.2523356009070294,137.55537,0.0021398039534687996
2.2755555555555556,137.95647,0.002446359023451805
2.2987755102040817,139.13596,0.0029949620366096497
2.3219954648526078,141.54628,0.002540234010666609
2.345215419501134,145.6119,0.0012275530025362968
2.36843537414966,152.20293,0.0009899950819090009
2.391655328798186,155.50102,0.0011060165707021952
2.414875283446712,156.69272,0.0013184462441131473
2.4380952380952383,155.25447,0.001221728278324008
2.4613151927437644,154.02612,0.0011194429825991392
2.48453514739229,153.24622,0.0010318581480532885
2.507755102040816,155.75517,0.0015448814956471324
2.5309750566893423,159.62573,0.0014762335922569036
2.5541950113378684,162.08646,0.0014859730144962668
2.5774149659863945,160.84988,0.0015469411155208945
2.6006349206349206,157.43262,0.001482335152104497
2.6238548752834467,152.58313,0.0013599395751953125
2.647074829931973,151.01326,0.0014051059260964394
2.670294784580499,156.78462,0.0020607090555131435
2.693514739229025,162.60326,0.0018360365647822618
2.716734693877551,163.18286,0.0016407854855060577
2.7399546485260773,160.41945,0.001399265369400382
2.7631746031746034,156.44142,0.0015458089765161276
2.7863945578231295,153.24844,0.0014633426908403635
2.809614512471655,155.7627,0.001975660677999258
2.8328344671201813,159.79327,0.0018761269748210907
2.8560544217687074,160.21544,0.0015217447653412819
2.8792743764172335,157.11963,0.0015280416700989008
2.9024943310657596,151.87283,0.0011943585705012083
2.9257142857142857,147.56021,0.0012843790464103222
2.948934240362812,148.27869,0.0008506553713232279
2.972154195011338,152.40692,0.001043603289872408
2.995374149659864,158.1075,0.0013358972501009703
3.01859410430839,160.11365,0.0010135959601029754
3.0418140589569163,158.47913,0.0010243735741823912
3.0650340136054424,153.76257,0.0009787548333406448
3.0882539682539685,150.50497,0.0009036101400852203
3.1114739229024946,154.48393,0.0013121486408635974
3.1346938775510207,158.22583,0.0014313076389953494
3.1579138321995464,160.24728,0.0010395403951406479
3.1811337868480725,157.88516,0.001306617516092956
3.2043537414965986,152.83731,0.0010032677091658115
3.2275736961451247,150.62352,0.0008890929748304188
3.250793650793651,152.29292,0.0008309596450999379
3.274013605442177,154.99586,0.0008873174665495753
3.297233560090703,161.9568,0.001097999163903296
3.320453514739229,684.9216,0.001790693961083889
3.3436734693877552,180.65344,0.0012175318552181125
3.3668934240362813,184.03935,0.001147651462815702
3.3901133786848074,181.83714,0.0013969417195767164
3.4133333333333336,176.18164,0.00153227592818439
3.4365532879818597,173.39494,0.0017309230752289295
3.4597732426303858,174.77965,0.002024085260927677
3.4829931972789114,177.95535,0.0017464574193581939
3.5062131519274375,180.00061,0.0018073099199682474
3.5294331065759637,180.53717,0.0020233739633113146
3.5526530612244898,179.3287,0.002443290315568447
3.575873015873016,689.3015,0.0021566322539001703
3.599092970521542,166.82208,0.0019787615165114403
3.622312925170068,165.98497,0.001993906917050481
3.645532879818594,170.27979,0.0022455276921391487
3.6687528344671203,176.7845,0.002636262681335211
3.6919727891156464,182.90294,0.00222647562623024
3.7151927437641725,182.55095,0.002791117411106825
3.7384126984126986,177.72092,0.004409000277519226
3.7616326530612247,683.9489,0.0027867546305060387
3.784852607709751,166.43938,0.0033330523874610662
3.8080725623582765,172.15128,0.00400147121399641
3.8312925170068026,178.73773,0.0028377315029501915
3.8545124716553287,181.14314,0.0035915367770940065
3.877732426303855,704.1451,0.0052016363479197025
3.900952380952381,684.22375,0.003539261408150196
3.924172335600907,162.32237,0.0029696407727897167
3.947392290249433,164.61774,0.0032401173375546932
3.9706122448979593,687.53375,0.0035203536972403526
3.9938321995464854,180.07964,0.0025225041899830103
4.017052154195011,181.79817,0.003059549257159233
4.040272108843538,706.47644,0.005589497275650501
4.063492063492063,688.9969,0.003335180226713419
4.08671201814059,163.1233,0.0026705130003392696
4.1099319727891155,164.84465,0.0029536415822803974
4.133151927437642,693.35846,0.0036050700582563877
4.156371882086168,180.47546,0.0025892695412039757
4.179591836734694,181.41562,0.003938412293791771
4.20281179138322,703.9426,0.005465073045343161
4.2260317460317465,688.35223,0.003393975319340825
4.249251700680272,169.55685,0.0038874130696058273
4.272471655328799,172.8744,0.005703598726540804
4.295691609977324,704.2143,0.006432414520531893
4.31891156462585,178.885,0.004777443595230579
4.342131519274377,178.50537,0.005197770893573761
4.365351473922902,700.40454,0.0050972262397408485
4.388571428571429,683.35046,0.0029903328977525234
4.4117913832199545,170.8122,0.0034623495303094387
4.435011337868481,702.5407,0.0026666144840419292
4.458231292517007,186.48671,0.001368317287415266
4.481451247165533,193.05313,0.0010920013301074505
4.504671201814059,194.07979,0.0010794149711728096
4.527891156462585,187.20963,0.0019927825778722763
4.551111111111111,181.67923,0.0024089349899441004
4.574331065759638,184.79597,0.001508176326751709
4.597551020408163,191.20267,0.0012488756328821182
4.62077097505669,192.40729,0.0011953897774219513
4.6439909297052155,187.30028,0.001936841057613492
4.667210884353741,179.67938,0.004294786602258682
4.690430839002268,700.22156,0.004831552039831877
4.713650793650793,706.1459,0.002863615285605192
4.73687074829932,183.7206,0.002045151311904192
4.760090702947846,186.13551,0.0017843851819634438
4.783310657596372,182.90553,0.0034831478260457516
4.806530612244898,705.7405,0.005808301270008087
4.829750566893424,701.39734,0.005508220288902521
4.85297052154195,707.2083,0.0019722850993275642
4.876190476190477,188.7193,0.0015475437976419926
4.899410430839002,190.56491,0.0016789038199931383
4.922630385487529,186.21677,0.00309042539447546
4.9458503401360545,706.6424,0.006144292186945677
4.96907029478458,701.7344,0.006246911361813545
4.992290249433107,709.35345,0.0029978719539940357
5.015510204081632,189.21844,0.0015441662399098277
5.038730158730159,193.42285,0.0013792202807962894
5.061950113378685,190.79965,0.0020875646732747555
5.085170068027211,182.53578,0.00467184092849493
5.108390022675737,708.13495,0.005770552903413773
5.131609977324263,180.05188,0.0037061041221022606
5.154829931972789,188.36453,0.0019265678711235523
5.178049886621316,194.89125,0.0014996889512985945
5.201269841269841,192.13182,0.002147267572581768
5.224489795918368,183.1064,0.004817738197743893
5.2477097505668935,706.33136,0.00568547286093235
5.27092970521542,180.09486,0.00364346313290298
5.294149659863946,187.24309,0.0021306395065039396
5.317369614512471,191.7143,0.0017016683705151081
5.340589569160998,189.05516,0.00266302190721035
5.363809523809524,184.679,0.0034632734023034573
5.38702947845805,182.33357,0.003764750901609659
5.410249433106576,184.38158,0.002699878066778183
5.433469387755102,189.89053,0.0018159293103963137
5.456689342403628,196.63321,0.0017150761559605598
5.479909297052155,202.07607,0.002198557136580348
5.50312925170068,207.23921,0.0032578157261013985
5.526349206349207,210.87328,0.003144423943012953
5.5495691609977325,210.80417,0.0029299291782081127
5.572789115646259,207.14337,0.0030447817407548428
5.596009070294785,206.16412,0.00285300612449646
5.61922902494331,205.91138,0.002618740312755108
5.642448979591837,204.75816,0.0025696665979921818
5.6656689342403626,208.6061,0.004151270724833012
5.688888888888889,214.02151,0.002930806018412113
5.712108843537415,217.37686,0.0031633120961487293
5.735328798185941,213.2847,0.003695782972499728
5.758548752834467,204.90848,0.002980919787660241
5.7817687074829935,196.9822,0.002498929388821125
5.804988662131519,202.02055,0.00362050230614841
5.828208616780046,211.7095,0.005011868197470903
5.851428571428571,218.15096,0.004110618960112333
5.874648526077098,215.8128,0.004148181527853012
5.897868480725624,207.78918,0.004294169135391712
5.92108843537415,201.67793,0.002812584163621068
5.944308390022676,207.22417,0.005369027145206928
5.9675283446712015,215.81203,0.004576562903821468
5.990748299319728,221.04126,0.005160510540008545
6.013968253968254,218.16293,0.004671121947467327
6.03718820861678,208.89467,0.004438421688973904
6.060408163265306,203.98926,0.0036289524286985397
6.0836281179138325,207.95793,0.0055770669132471085
6.106848072562358,217.67717,0.00551228504627943
6.130068027210885,224.98969,0.006274793297052383
6.15328798185941,223.98383,0.005296939052641392
6.176507936507937,215.08241,0.004345388151705265
6.199727891156463,206.67854,0.004943063948303461
6.222947845804989,210.47932,0.006841772701591253
6.246167800453515,219.56696,0.0068332962691783905
6.269387755102041,225.67984,0.007241385988891125
6.292607709750567,223.53912,0.006026835180819035
6.315827664399093,214.911,0.005295273847877979
6.339047619047619,212.64613,0.005692583974450827
6.362267573696145,216.98547,0.007072350941598415
6.3854875283446715,225.90222,0.009025493636727333
6.408707482993197,232.98204,0.012730222195386887
6.431927437641724,236.13266,0.010809824801981449
6.455147392290249,235.93155,0.010775815695524216
6.478367346938776,235.18637,0.010308414697647095
6.501587301587302,233.89107,0.009982243180274963
6.524807256235828,234.00183,0.008771651424467564
6.548027210884354,237.97757,0.007231288123875856
6.57124716553288,240.30917,0.00814618170261383
6.594467120181406,238.58441,0.009372487664222717
6.617687074829932,231.9779,0.010117472149431705
6.640907029478458,228.43776,0.008529780432581902
6.664126984126984,231.51451,0.01109783910214901
6.6873469387755105,238.69365,0.007691630162298679
6.710566893424036,248.46411,0.005834497511386871
6.733786848072563,251.39944,0.0077324314042925835
6.757006802721088,244.59901,0.010548597201704979
6.780226757369615,233.53699,0.011640237644314766
6.8034467120181406,232.37105,0.013643608428537846
6.826666666666667,239.083,0.010764679871499538
6.849886621315193,246.7273,0.009023364633321762
6.873106575963719,249.57318,0.010525603778660297
6.896326530612245,242.36536,0.012379065155982971
6.9195464852607715,231.84816,0.011931796558201313
6.942766439909297,230.83676,0.015779873356223106
6.965986394557823,238.66846,0.011825596913695335
6.989206349206349,247.633,0.009910347871482372
7.012426303854875,249.81102,0.012833750806748867
7.035646258503402,241.7804,0.013641913421452045
7.058866213151927,233.82132,0.013941992074251175
7.082086167800454,236.64581,0.013683563098311424
7.1053061224489795,246.68552,0.009217253886163235
7.128526077097506,257.29944,0.005322793032974005
7.151746031746032,256.5046,0.008945359848439693
7.174965986394558,246.76256,0.016846805810928345
7.198185941043084,237.5957,0.013788914307951927
7.2214058956916105,237.18224,0.01406789943575859
7.244625850340136,244.98215,0.01259676180779934
7.267845804988662,253.27348,0.008486948907375336
7.291065759637188,255.01038,0.011456307023763657
7.314285714285714,247.46062,0.01764301210641861
7.337505668934241,240.08124,0.014711784198880196
7.360725623582766,241.32549,0.015795208513736725
7.383945578231293,249.54956,0.012112103402614594
7.4071655328798185,261.0685,0.00643007131293416
7.430385487528345,269.05185,0.0062582227401435375
7.453605442176871,271.00043,0.005598410032689571
7.476825396825397,268.78214,0.005108359269797802
7.500045351473923,266.0331,0.005065390840172768
7.5232653061224495,263.7953,0.0052670324221253395
7.546485260770975,265.42697,0.005870632827281952
7.569705215419502,269.81567,0.0069067711010575294
7.592925170068027,274.99207,0.007141775451600552
7.616145124716553,272.65555,0.008944369852542877
7.63936507936508,260.01926,0.012932532466948032
7.662585034013605,252.97012,0.015582447871565819
7.685804988662132,257.66055,0.0076980614103376865
7.7090249433106575,270.97873,0.007820261642336845
7.732244897959184,278.85074,0.0076068006455898285
7.75546485260771,277.31305,0.008599841967225075
7.778684807256236,264.20844,0.010097690857946873
7.801904761904762,257.64117,0.008363122120499611
7.8251247165532885,263.36682,0.00602890457957983
7.848344671201814,275.89233,0.0058757234364748
7.871564625850341,280.804,0.006549113430082798
7.894784580498866,276.2793,0.008169661276042461
7.918004535147393,260.46106,0.010727294720709324
7.9412244897959186,258.87637,0.007377387955784798
7.964444444444444,268.5677,0.005810481496155262
7.987664399092971,282.65817,0.004424270708113909
8.010884353741497,290.44168,0.004196322523057461
8.034104308390022,283.73093,0.005478720646351576
8.057324263038549,270.87277,0.008697026409208775
8.080544217687075,264.87317,0.006944816559553146
8.103764172335602,272.69806,0.005449055228382349
8.126984126984127,282.68417,0.004685090389102697
8.150204081632653,286.6759,0.004990194924175739
8.17342403628118,276.8712,0.00705400574952364
8.196643990929706,267.39386,0.006440694443881512
8.219863945578231,267.03104,0.005435808561742306
8.243083900226758,270.63147,0.004726522136479616
8.266303854875284,277.0486,0.004573288839310408
8.289523809523809,282.59445,0.003655451349914074
8.312743764172335,283.63168,0.0032485879492014647
8.335963718820862,278.0905,0.004905306734144688
8.359183673469389,274.32648,0.003656804095953703
8.382403628117913,274.68243,0.0035460260696709156
8.40562358276644,281.38458,0.0036464103031903505
8.428843537414966,290.5347,0.0030791950412094593
8.452063492063493,294.7852,0.0023120385594666004
8.475283446712018,291.04834,0.0033000416588038206
8.498503401360544,284.37997,0.0034309199545532465
8.52172335600907,280.3112,0.004175225272774696
8.544943310657597,284.14633,0.0035885749384760857
8.568163265306122,290.80017,0.0030395155772566795
8.591383219954649,295.21664,0.002490281593054533
8.614603174603175,290.67493,0.003532301401719451
8.6378231292517,281.3293,0.005193345248699188
8.661043083900227,274.67908,0.0050489590503275394
8.684263038548753,277.1583,0.00610171677544713
8.70748299319728,285.5384,0.00429491326212883
8.730702947845804,292.88513,0.0037128101103007793
8.753922902494331,290.4541,0.004805343225598335
8.777142857142858,280.15347,0.00624522939324379
8.800362811791384,274.8135,0.006686236709356308
8.823582766439909,279.56946,0.00599958561360836
8.846802721088435,289.78516,0.004704917315393686
8.870022675736962,297.11597,0.004333504009991884
8.893242630385489,293.61603,0.005002427846193314
8.916462585034013,283.62292,0.006186073645949364
8.93968253968254,273.06323,0.005854357965290546
8.962902494331066,274.38873,0.006800635252147913
8.986122448979591,284.602,0.006332001648843288
9.009342403628118,295.526,0.005756338592618704
9.032562358276644,298.0617,0.005796671845018864
9.05578231292517,289.45404,0.006297617219388485
9.079002267573696,280.15338,0.007857110351324081
9.102222222222222,280.68542,0.007044383790344
9.125442176870749,290.17505,0.006610887125134468
9.148662131519275,301.3435,0.007376957684755325
9.1718820861678,304.4908,0.006816603243350983
9.195102040816327,295.36804,0.006002952344715595
9.218321995464853,283.92673,0.005516627337783575
9.24154195011338,282.23453,0.006042727269232273
9.264761904761905,289.58972,0.005837328732013702
9.287981859410431,302.45078,0.007663002237677574
9.311201814058958,316.7755,0.008312368765473366
9.334421768707482,325.81784,0.0052102115005254745
9.357641723356009,324.4209,0.005270945839583874
9.380861678004536,318.37552,0.006986923981457949
9.404081632653062,313.83466,0.007295497693121433
9.427301587301587,310.73956,0.006821298971772194
9.450521541950113,311.80823,0.007642407901585102
9.47374149659864,315.1446,0.00911268312484026
9.496961451247167,319.36386,0.007921336218714714
9.520181405895691,322.97784,0.006863369606435299
9.543401360544218,319.48627,0.010402988642454147
9.566621315192744,313.25116,0.008552268147468567
9.58984126984127,305.71112,0.005744917318224907
9.613061224489796,307.45914,0.008518188260495663
9.636281179138322,317.92084,0.011464402079582214
9.659501133786849,327.91797,0.008587988093495369
9.682721088435374,326.9679,0.009560215286910534
9.7059410430839,316.17096,0.010447047650814056
9.729160997732427,304.11554,0.00620623305439949
9.752380952380953,303.64377,0.006587018724530935
9.775600907029478,313.14398,0.01336153969168663
9.798820861678005,322.79028,0.009307259693741798
9.822040816326531,329.41846,0.01078413613140583
9.845260770975058,321.6011,0.010566258803009987
9.868480725623582,310.89285,0.010109759867191315
9.891700680272109,308.1655,0.00935734249651432
9.914920634920636,314.37897,0.01370016299188137
9.93814058956916,324.50516,0.009736195206642151
9.961360544217687,329.01062,0.010213802568614483
9.984580498866213,321.3441,0.01039741188287735
10.00780045351474,315.5029,0.01223487127572298
10.031020408163265,315.25226,0.011597707867622375
10.054240362811791,318.4709,0.011895420029759407
10.077460317460318,319.98474,0.011164551600813866
10.100680272108844,315.2484,0.009559482336044312
10.12390022675737,302.80026,0.00391338299959898
10.147120181405896,288.6906,0.003322484204545617
10.170340136054422,287.00107,0.002943027298897505
10.193560090702949,290.60196,0.003293964546173811
10.216780045351474,294.77637,0.0025425173807889223
10.24,293.7337,0.002585257636383176
10.263219954648527,286.10135,0.0032088174484670162
10.286439909297052,276.23257,0.004651406314224005
10.309659863945578,275.67816,0.0038866447284817696
10.332879818594105,283.035,0.0029283438343554735
10.356099773242631,289.52655,0.0030447409953922033
10.379319727891156,290.10876,0.0027215471491217613
10.402539682539683,281.63635,0.005075313150882721
10.425759637188209,274.46304,0.006363054271787405
10.448979591836736,275.57086,0.004949558526277542
10.47219954648526,282.73892,0.003003580030053854
10.495419501133787,288.17996,0.002731118816882372
10.518639455782314,286.28207,0.003333517350256443
10.54185941043084,280.19247,0.007880078628659248
10.565079365079365,271.574,0.00970824807882309
10.588299319727891,269.87726,0.010016152635216713
10.611519274376418,277.31894,0.005101756192743778
10.634739229024943,289.3024,0.003217243356630206
10.65795918367347,295.3219,0.0029308185912668705
10.681179138321996,289.91418,0.0043663992546498775
10.704399092970522,277.60016,0.009295012801885605
10.727619047619047,275.51984,0.008137374185025692
10.750839002267574,281.72733,0.004574965685606003
10.7740589569161,290.9832,0.004058382008224726
10.797278911564627,293.14267,0.004390619695186615
10.820498866213152,289.8875,0.004719726741313934
10.843718820861678,280.08377,0.009372249245643616
10.866938775510205,276.04276,0.010442507453262806
10.890158730158731,277.58917,0.00750902621075511
10.913378684807256,283.73895,0.004368542227894068
10.936598639455783,288.4982,0.004027911461889744
10.95981859410431,287.48682,0.004549960605800152
10.983038548752834,278.1759,0.008622963912785053
11.00625850340136,270.06885,0.008928084746003151
11.029478458049887,264.35825,0.007131909020245075
11.052698412698414,265.84094,0.008092399686574936
11.075918367346938,268.6418,0.008809832856059074
11.099138321995465,268.86768,0.008383046835660934
11.122358276643991,265.70398,0.006698380224406719
11.145578231292518,261.06595,0.00491742417216301
11.168798185941043,260.58423,0.005245503503829241
11.19201814058957,265.492,0.00767702329903841
11.215238095238096,271.74677,0.008895152248442173
11.23845804988662,275.4605,0.009607423096895218
11.261678004535147,271.4037,0.010624874383211136
11.284897959183674,261.21332,0.00702186394482851
11.3081179138322,256.09326,0.0067337630316615105
11.331337868480725,262.2617,0.008234336040914059
11.354557823129252,269.90262,0.011210106313228607
11.377777777777778,272.40997,0.012609307654201984
11.400997732426305,267.7296,0.009691147133708
11.42421768707483,257.8173,0.007511550560593605
11.447437641723356,256.4046,0.007576173171401024
11.470657596371883,264.3297,0.010649122297763824
11.49387755102041,272.4645,0.0112528707832098
11.517097505668934,274.60886,0.012733420357108116
11.54031746031746,268.14014,0.010590722784399986
11.563537414965987,257.94254,0.008123201318085194
11.586757369614512,255.68623,0.00831293873488903
11.609977324263038,263.5629,0.010827039368450642
11.633197278911565,271.52957,0.012017978355288506
11.656417233560092,274.5117,0.012255771085619926
11.679637188208616,270.19724,0.012643644586205482
11.702857142857143,262.6188,0.008801224641501904
11.72607709750567,255.10773,0.008948606438934803
11.749297052154196,257.75958,0.008424056693911552
11.77251700680272,267.08286,0.011675991117954254
11.795736961451247,275.0873,0.010323867201805115
11.818956916099774,276.8581,0.011009066365659237
11.8421768707483,270.6485,0.011093483306467533
11.865396825396825,262.85733,0.007153850514441729
11.888616780045352,262.27106,0.0076688979752361774
11.911836734693878,267.6633,0.010031072422862053
11.935056689342403,270.49496,0.011011965572834015
11.95827664399093,267.64377,0.00807817094027996
11.981496598639456,258.067,0.006961503066122532
12.004716553287983,699.8779,0.00784672424197197
12.027936507936507,238.58592,0.006866869516670704
12.051156462585034,238.80333,0.0057676443830132484
12.07437641723356,240.58691,0.0066568898037076
12.097596371882087,240.89221,0.006490224972367287
12.120816326530612,237.24562,0.0065019987523555756
12.144036281179138,234.76576,0.006019306369125843
12.167256235827665,235.72995,0.006716274656355381
12.190476190476192,240.55884,0.006951665040105581
12.213696145124716,245.91281,0.006248075515031815
12.236916099773243,250.32549,0.006644851062446833
12.26013605442177,246.18542,0.009292307309806347
12.283356009070294,237.89406,0.009171120822429657
12.30657596371882,231.06041,0.008646432310342789
12.329795918367347,235.33421,0.011986550875008106
12.353015873015874,242.70145,0.009608160704374313
12.376235827664399,247.23967,0.008769586682319641
12.399455782312925,243.06544,0.011610656045377254
12.422675736961452,234.69516,0.009772209450602531
12.445895691609978,231.97542,0.011291482485830784
12.469115646258503,236.26694,0.01213956717401743
12.49233560090703,244.91397,0.00905105471611023
12.515555555555556,247.14151,0.009185440838336945
12.538775510204083,241.80768,0.011188823729753494
12.561995464852608,234.17232,0.009154282510280609
12.585215419501134,230.5965,0.008018226362764835
12.60843537414966,234.24365,0.011420652270317078
12.631655328798185,242.78426,0.009165892377495766
12.654875283446712,248.60982,0.007414140738546848
12.678095238095239,246.46645,0.009888777509331703
12.701315192743765,239.52783,0.00952558871358633
12.72453514739229,231.72675,0.008385539054870605
12.747755102040816,232.92137,0.009842704981565475
12.770975056689343,239.97104,0.010123495012521744
12.79419501133787,245.51157,0.007301514036953449
12.817414965986394,245.31425,0.008068270981311798
12.84063492063492,240.28604,0.00896380189806223
12.863854875283447,233.84549,0.006728325039148331
12.887074829931972,233.9338,0.007535905111581087
12.910294784580499,235.73755,0.007947069592773914
12.933514739229025,235.26074,0.00649359542876482
12.956734693877552,229.80806,0.003955109976232052
12.979954648526077,699.22925,0.0020351451821625233
13.003174603174603,200.74405,0.001885067904368043
13.02639455782313,200.2383,0.001656027277931571
13.049614512471656,206.84315,0.0017494696658104658
13.072834467120181,211.00179,0.0017477846704423428
13.096054421768708,211.19765,0.001545096281915903
13.119274376417234,209.83423,0.0019147610291838646
13.14249433106576,207.54251,0.0021971692331135273
13.165714285714285,209.58786,0.0023215962573885918
13.188934240362812,214.69527,0.0018650733400136232
13.212154195011339,222.33653,0.0025393590331077576
13.235374149659863,223.66965,0.0027184991631656885
13.25859410430839,219.29016,0.0025943093933165073
13.281814058956916,211.3946,0.0029280998278409243
13.305034013605443,202.54347,0.002495051361620426
13.328253968253968,205.09383,0.0032540697138756514
13.351473922902494,212.22969,0.003245782805606723
13.374693877551021,219.75168,0.003339338582009077
13.397913832199547,218.99449,0.0030011357739567757
13.421133786848072,211.81621,0.0034311919007450342
13.444353741496599,207.26714,0.004098128527402878
13.467573696145125,209.86476,0.004314925521612167
13.490793650793652,217.4673,0.003056406509131193
13.514013605442177,223.13014,0.003721485147252679
13.537233560090703,221.33789,0.003666472155600786
13.56045351473923,213.57631,0.0036060793790966272
13.583673469387755,208.71565,0.004688330926001072
13.606893424036281,211.26042,0.0044759297743439674
13.630113378684808,220.19492,0.004115504678338766
13.653333333333334,225.01294,0.0036512005608528852
13.676553287981859,224.17247,0.0040872544050216675
13.699773242630386,218.29114,0.004202858079224825
13.722993197278912,210.32605,0.005363427102565765
13.746213151927439,210.8027,0.005320154130458832
13.769433106575963,217.85495,0.004204522352665663
13.79265306122449,225.24559,0.0036398558877408504
13.815873015873017,225.19371,0.003826878732070327
13.839092970521543,219.07747,0.003923832438886166
13.862312925170068,211.87459,0.004128497559577227
13.885532879818594,211.99977,0.004060187842696905
13.908752834467121,219.87263,0.0038833720609545708
13.931972789115646,224.368,0.0036319082137197256
13.955192743764172,222.31213,0.0040992568247020245
13.978412698412699,214.00461,0.0033828846644610167
14.001632653061225,590.19354,0.0015777029329910874
14.02485260770975,190.05965,0.0012074413243681192
14.048072562358277,189.9046,0.0010116449557244778
14.071292517006803,191.1498,0.0008537633693777025
14.09451247165533,190.15543,0.0010452725691720843
14.117732426303855,187.2602,0.0015971309039741755
14.140952380952381,184.61148,0.0018492804374545813
14.164172335600908,183.4929,0.0016854784917086363
14.187392290249434,188.46606,0.0009362008422613144
14.210612244897959,195.18962,0.0009441646980121732
14.233832199546486,196.94507,0.0009137684246525168
14.257052154195012,192.32266,0.0010725881438702345
14.280272108843537,185.20311,0.0031090271659195423
14.303492063492063,180.36295,0.004163557663559914
14.32671201814059,184.1673,0.0015629275003448129
14.349931972789117,196.56947,0.001173440832644701
14.373151927437641,199.95782,0.0013667388120666146
14.396371882086168,196.03831,0.0011630643857643008
14.419591836734694,186.09888,0.002655354095622897
14.442811791383221,181.39426,0.004181681200861931
14.466031746031746,183.01758,0.0030400024261325598
14.489251700680272,190.87831,0.0013271772768348455
14.512471655328799,196.0104,0.0013368104118853807
14.535691609977324,192.85434,0.0018351477338001132
14.55891156462585,184.9861,0.003944733180105686
14.582131519274377,179.41943,0.004596693906933069
14.605351473922903,179.3219,0.004542897455394268
14.628571428571428,184.89128,0.002560626482591033
14.651791383219955,193.6054,0.0016092462465167046
14.675011337868481,195.24864,0.0017103396821767092
14.698231292517008,189.419,0.0032226017210632563
14.721451247165533,182.08456,0.0038499385118484497
14.744671201814059,177.71231,0.004085727035999298
14.767891156462586,180.98738,0.003471116302534938
14.791111111111112,187.2757,0.0027605807408690453
14.814331065759637,192.69223,0.0020962166599929333
14.837551020408164,190.36981,0.0029604658484458923
14.86077097505669,184.50565,0.0027694387827068567
14.883990929705215,176.9678,0.0030073272064328194
14.907210884353741,172.39328,0.003504665568470955
14.930430839002268,349.88812,0.003679891349747777
14.953650793650795,179.3071,0.002020524349063635
14.97687074829932,180.39967,0.0019816523417830467
15.000090702947846,178.2501,0.002222644630819559
15.023310657596372,700.08124,0.0029683164320886135
15.046530612244899,693.09814,0.0027657176833599806
15.069750566893424,697.97406,0.00295235775411129
15.09297052154195,709.7991,0.001614428125321865
15.116190476190477,186.72087,0.0018312996253371239
15.139410430839003,185.02412,0.001716658822260797
15.162630385487528,177.28627,0.0025417294818907976
15.185850340136055,342.54663,0.003374811727553606
15.209070294784581,339.31302,0.004025984555482864
15.232290249433106,347.87555,0.0033183698542416096
15.255510204081633,182.86644,0.0014742896892130375
15.27873015873016,184.6037,0.0014911352191120386
15.301950113378686,180.0913,0.0021941643208265305
15.32517006802721,348.33102,0.004783421754837036
15.348390022675737,341.54877,0.004891929216682911
15.371609977324264,340.25397,0.005563491024076939
15.39482993197279,350.9233,0.002550026634708047
15.418049886621315,184.37935,0.001662860857322812
15.441269841269841,184.41846,0.0019131285371258855
15.464489795918368,179.34285,0.0030475733801722527
15.487709750566895,346.7129,0.005151757039129734
15.51092970521542,339.34457,0.004502044524997473
15.534149659863946,340.08685,0.005937242414802313
15.557369614512472,352.6093,0.0022183223627507687
15.580589569160997,184.4073,0.0019392615649849176
15.603809523809524,182.61273,0.0020554442889988422
15.62702947845805,353.0082,0.0034720771946012974
15.650249433106577,344.45926,0.004446812905371189
15.673469387755102,340.973,0.004304218105971813
15.696689342403628,347.68442,0.003905392251908779
15.719909297052155,357.20642,0.0017781804781407118
15.743129251700681,178.93225,0.00206923671066761
15.766349206349206,350.504,0.0035011302679777145
15.789569160997733,341.94775,0.0024261227808892727
15.81278911564626,165.55122,0.000853157602250576
15.836009070294786,159.4888,0.0004311299999244511
15.85922902494331,158.53137,0.00047294481191784143
15.882448979591837,159.88771,0.000472797779366374
15.905668934240364,161.07959,0.0004307954804971814
15.928888888888888,159.36234,0.00044332220568321645
15.952108843537415,158.32816,0.0005362137453630567
15.975328798185942,157.64406,0.0005743153160437942
15.998548752834468,156.43742,0.0004790940147358924
16.021768707482995,156.24074,0.0005104525480419397
16.04498866213152,157.34068,0.0006268922006711364
16.068208616780044,159.51912,0.0005946869496256113
16.091428571428573,160.74547,0.000612192670814693
16.114648526077097,158.96193,0.0006823596777394414
16.137868480725626,157.59471,0.000663254177197814
16.16108843537415,155.75005,0.0005640171002596617
16.184308390022675,153.05386,0.0006403850275091827
16.207528344671204,153.59683,0.0005385714466683567
16.23074829931973,160.62672,0.0007966892444528639
16.253968253968253,163.6801,0.0010273323860019445
16.27718820861678,162.15869,0.0005340998759493232
16.300408163265306,158.1977,0.0006367724854499102
16.32362811791383,155.14612,0.0005750080454163253
16.34684807256236,153.71492,0.0005267902743071318
16.370068027210884,158.03336,0.0007886872626841068
16.393287981859412,163.63959,0.0013618743978440762
16.416507936507937,165.09996,0.0017100435215979815
16.439727891156462,163.36,0.0007172824698500335
16.46294784580499,158.41092,0.0006478560389950871
16.486167800453515,155.03256,0.0005738073377870023
16.50938775510204,154.7716,0.0005619844305329025
16.532607709750568,159.34598,0.0008196561830118299
16.555827664399093,163.90817,0.001535743591375649
16.579047619047618,165.31108,0.0019330097129568458
16.602267573696146,163.42291,0.0006572061683982611
16.62548752834467,157.95456,0.0005478673847392201
16.6487074829932,155.96317,0.0005462027620524168
16.671927437641724,155.60278,0.000532726407982409
16.69514739229025,157.12921,0.0006221874500624835
16.718367346938777,158.1105,0.0006531038088724017
16.741587301587302,158.78093,0.0006006776820868254
16.764807256235827,157.94902,0.0006199701456353068
16.788027210884355,156.09052,0.0005727017996832728
16.81124716553288,153.88718,0.0004521993105299771
16.834467120181408,150.89671,0.0006315263453871012
16.857687074829933,146.22115,0.0004604861605912447
16.880907029478458,140.2016,0.0005279634497128427
16.904126984126986,137.31349,0.0003710986056830734
16.92734693877551,136.28256,0.0002856389619410038
16.950566893424035,136.05942,0.00024046793987508863
16.973786848072564,135.22488,0.0002400560915702954
16.99700680272109,137.09209,0.0003118532767985016
17.020226757369613,138.3149,0.00041790216346271336
17.04344671201814,139.16707,0.0004701059078797698
17.066666666666666,139.39796,0.000524410861544311
17.089886621315195,140.00432,0.0005561062134802341
17.11310657596372,139.79518,0.0005478510865941644
17.136326530612244,138.87535,0.0005270979600027204
17.159546485260773,138.54755,0.0005234931013546884
17.182766439909297,139.3965,0.0005559389246627688
17.205986394557822,140.26833,0.0005613703397102654
17.22920634920635,141.63872,0.0005893466295674443
17.252426303854875,142.83629,0.0005783535307273269
17.2756462585034,142.12727,0.0005821660743094981
17.29886621315193,140.57823,0.0006710801972076297
17.322086167800453,140.05215,0.0006822411669418216
17.34530612244898,139.68224,0.0006717774085700512
17.368526077097506,139.44754,0.0006305041024461389
17.39174603174603,140.2053,0.0007663386641070247
17.41496598639456,141.34499,0.0007737249834463
17.438185941043084,141.60661,0.0007790335221216083
17.46140589569161,141.20204,0.0007669787737540901
17.484625850340137,140.01797,0.0008694104035384953
17.507845804988662,138.95468,0.0005775740719400346
17.531065759637187,136.64713,0.0002936586388386786
17.554285714285715,137.67722,0.0004080770304426551
17.57750566893424,138.67447,0.0005641575553454459
17.60072562358277,141.26073,0.0007350868545472622
17.623945578231293,142.62354,0.0007562177488580346
17.647165532879818,141.97276,0.0008294101571664214
17.670385487528346,141.1437,0.0008279640460386872
17.69360544217687,139.40697,0.0006517284782603383
17.716825396825396,138.90822,0.0005884443526156247
17.740045351473924,138.23856,0.0004697237745858729
17.76326530612245,138.14127,0.0005250041140243411
17.786485260770977,139.32385,0.0007262693834491074
17.809705215419502,141.41232,0.0008016639039851725
17.832925170068027,141.64778,0.0007490022107958794
17.856145124716555,140.72867,0.000768908008467406
17.87936507936508,138.82727,0.0005546142347157001
17.902585034013605,137.33076,0.0002924049040302634
17.925804988662133,136.31389,0.00018234354502055794
17.949024943310658,136.66913,0.00025621161330491304
17.972244897959182,139.73085,0.0005411668098531663
17.99546485260771,141.14275,0.0006358747486956418
18.018684807256236,141.05298,0.000595844816416502
18.041904761904764,139.72844,0.00043934269342571497
18.06512471655329,137.95482,0.00023087591398507357
18.088344671201813,136.58629,0.00013263823348097503
18.11156462585034,136.9969,0.00013334190589375794
18.134784580498867,138.42612,0.00013427426165435463
18.15800453514739,139.27248,7.755022670608014e-05
18.18122448979592,139.67754,3.437717168708332e-05
18.204444444444444,0.0,2.4089677026495337e-06
18.22766439909297,0.0,7.288126653293148e-07
18.250884353741498,0.0,2.978367774630897e-07
18.274104308390022,0.0,2.5717690732562914e-07
18.29732426303855,0.0,2.802453309413977e-07
18.320544217687075,0.0,6.97037648933474e-07
18.3437641723356,0.0,2.0322113414295018e-07
18.36698412698413,0.0,3.4396816772641614e-07
18.390204081632653,0.0,4.931862349621952e-07
18.413424036281178,0.0,9.269124348065816e-07
18.436643990929706,0.0,1.4354209270095453e-06
18.45986394557823,0.0,7.939452189020813e-07
18.48308390022676,0.0,6.15461431152653e-07
18.506303854875284,0.0,5.864503691555001e-07
18.52952380952381,0.0,4.899548002867959e-07
18.552743764172337,0.0,7.583666956634261e-07
18.575963718820862,0.0,6.256614142330363e-07
18.599183673469387,0.0,5.403262548497878e-07
18.622403628117915,0.0,4.6412606025114655e-07
18.64562358276644,0.0,5.617148417513818e-07
18.668843537414965,0.0,8.888773663784377e-07
18.692063492063493,0.0,7.084972821758129e-07
18.715283446712018,0.0,6.846375981695019e-07
18.738503401360546,0.0,7.126236596377566e-07
18.76172335600907,0.0,7.089665814419277e-07
18.784943310657596,0.0,4.21243385062553e-07
18.808163265306124,0.0,3.7890367821091786e-07
18.83138321995465,0.0,5.558795237448066e-07
18.854603174603174,0.0,3.671211743494496e-07
18.877823129251702,0.0,4.112507667741738e-07
18.901043083900227,0.0,4.994617484044284e-07
18.92426303854875,0.0,3.5507400752976537e-07
18.94748299319728,0.0,3.0234878067858517e-07
18.970702947845805,0.0,3.302229742985219e-07
18.993922902494333,0.0,4.3875843402929604e-07
19.017142857142858,0.0,3.8121834222692996e-07
19.040362811791383,0.0,5.82609573029913e-07
19.06358276643991,0.0,6.671607479802333e-07
19.086802721088436,0.0,4.2154351831413805e-07
19.11002267573696,0.0,4.928797352476977e-07
19.13324263038549,0.0,6.640548235736787e-07
19.156462585034014,0.0,3.3187643566634506e-07
