0.0,0.0,1.9186700228601694e-08
0.023219954648526078,0.0,2.52202880801633e-08
0.046439909297052155,0.0,1.8580976757220924e-08
0.06965986394557823,0.0,4.444973455974832e-08
0.09287981859410431,0.0,3.0135197448544204e-08
0.11609977324263039,0.0,2.8917384042870253e-08
0.13931972789115646,0.0,5.0128619477618486e-08
0.16253968253968254,0.0,1.566268110764213e-07
0.18575963718820862,0.0,4.0183294913731515e-08
0.2089795918367347,0.0,2.9758666642010212e-08
0.23219954648526078,0.0,1.2646250979742035e-07
0.25541950113378686,0.0,2.2922449716133997e-07
0.2786394557823129,0.0,7.328389983740635e-07
0.301859410430839,0.0,2.7819996830658056e-06
0.3250793650793651,0.0,9.10890412342269e-06
0.3482993197278912,154.0841,3.118547101621516e-05
0.37151927437641724,128.90164,7.54404318286106e-05
0.3947392290249433,131.03166,8.79905273905024e-05
0.4179591836734694,133.5898,0.00012286982382647693
0.44117913832199546,132.08757,0.00014420236402656883
0.46439909297052157,129.66899,0.00013258297985885292
0.4876190476190476,126.16383,0.00012123067426728085
0.5108390022675737,125.51642,0.00014884970732964575
0.5340589569160998,129.02232,0.00013833734556101263
0.5572789115646258,133.84605,0.00016668139141984284
0.5804988662131519,136.29678,0.00019809338846243918
0.603718820861678,135.52191,0.00020438956562429667
0.626938775510204,133.2758,0.00023311830591410398
0.6501587301587302,132.8943,0.00025763650774024427
0.6733786848072563,134.08417,0.0002728633407969028
0.6965986394557824,135.60492,0.00030224124202504754
0.7198185941043084,136.58948,0.00030510331271216273
0.7430385487528345,136.84688,0.00037648045690730214
0.7662585034013606,135.22102,0.00038449373096227646
0.7894784580498866,132.00014,0.00037057665758766234
0.8126984126984127,133.03528,0.0003181577194482088
0.8359183673469388,142.3679,0.00018026720499619842
0.8591383219954649,151.65048,0.00016286488971672952
0.8823582766439909,155.3769,0.00012861692812293768
0.905578231292517,154.89574,0.00015022435400169343
0.9287981859410431,151.40192,0.00021107937209308147
0.9520181405895691,149.13829,0.0002860289823729545
0.9752380952380952,147.98657,0.0003000242286361754
0.9984580498866213,150.10579,0.00028077635215595365
1.0216780045351475,152.23714,0.00020810728892683983
1.0448979591836736,152.56622,0.00021429595653899014
1.0681179138321997,151.61469,0.0002468457678332925
1.0913378684807256,151.07489,0.0002599149302113801
1.1145578231292517,151.91891,0.0002626569475978613
1.1377777777777778,151.47844,0.00029888152494095266
1.1609977324263039,150.87627,0.0003200218779966235
1.18421768707483,151.38188,0.00026632723165676
1.207437641723356,155.63594,0.0002138552808901295
1.2306575963718822,162.081,0.000345564098097384
1.253877551020408,166.92284,0.0005737327737733722
1.2770975056689342,169.65996,0.0007752176024951041
1.3003174603174603,167.70544,0.0006712097674608231
1.3235374149659864,166.63692,0.0006594244623556733
1.3467573696145125,167.94897,0.0007716445834375918
1.3699773242630386,169.23576,0.0008514327928423882
1.3931972789115648,170.12732,0.0008576661348342896
1.4164172335600906,170.0369,0.0008110803901217878
1.4396371882086167,170.29115,0.0008206275524571538
1.4628571428571429,170.36488,0.0008313594735227525
1.486077097505669,170.11552,0.0007625294383615255
1.509297052154195,169.2857,0.0007215022342279553
1.5325170068027212,170.3364,0.0008621201850473881
1.5557369614512473,172.55324,0.0008755807648412883
1.5789569160997732,172.48868,0.0008528854232281446
1.6021768707482993,172.90785,0.0009113537962548435
1.6253968253968254,175.15178,0.0009852377697825432
1.6486167800453515,177.12207,0.0010360570158809423
1.6718367346938776,179.0788,0.0008534634253010154
1.6950566893424037,179.82224,0.0006545340875163674
1.7182766439909298,182.7396,0.0005817319033667445
1.7414965986394557,180.95787,0.0008795717731118202
1.7647165532879818,178.91747,0.000989612890407443
1.787936507936508,179.04611,0.0009738191147334874
1.811156462585034,178.76427,0.001002475735731423
1.8343764172335602,179.00745,0.0010606797877699137
1.8575963718820863,179.39818,0.0009447529446333647
1.8808163265306124,180.5802,0.0008718486642464995
1.9040362811791383,180.16586,0.0009259929647669196
1.9272562358276644,180.37445,0.0008663589251227677
1.9504761904761905,181.04524,0.0008734408766031265
1.9736961451247166,180.3879,0.0010601943358778954
1.9969160997732427,180.10577,0.0011867678258568048
2.020136054421769,179.76598,0.0012783289421349764
2.043356009070295,182.12567,0.0009526362409815192
2.066575963718821,187.63759,0.0007489626295864582
2.089795918367347,194.32643,0.0006727592553943396
2.1130158730158732,201.57086,0.0007833545096218586
2.1362358276643993,208.13933,0.0009742329712025821
2.159455782312925,208.99382,0.000981606892310083
2.182675736961451,204.67265,0.000809237128123641
2.2058956916099772,202.99757,0.0008645725902169943
2.2291156462585033,201.80443,0.0009856184478849173
2.2523356009070294,199.65598,0.0009434312814846635
2.2755555555555556,200.57797,0.000998558709397912
2.2987755102040817,201.74594,0.001054549589753151
2.3219954648526078,202.04883,0.0010731483343988657
2.345215419501134,203.66022,0.001102098380215466
2.36843537414966,204.7325,0.0011737411841750145
2.391655328798186,206.23085,0.0011968333274126053
2.414875283446712,205.16626,0.0013044181978330016
2.4380952380952383,203.66385,0.0011994864325970411
2.4613151927437644,205.48398,0.0013291904469951987
2.48453514739229,210.92345,0.0018492209492251277
2.507755102040816,219.49947,0.0016907264944165945
2.5309750566893423,228.81212,0.001395667903125286
2.5541950113378684,235.12761,0.001073150779120624
2.5774149659863945,233.94304,0.0013150695012882352
2.6006349206349206,228.37003,0.0018171061528846622
2.6238548752834467,223.21408,0.002031831070780754
2.647074829931973,220.67093,0.0018853999208658934
2.670294784580499,223.6362,0.0019407778745517135
2.693514739229025,227.8262,0.0021253619343042374
2.716734693877551,230.24092,0.0020183809101581573
2.7399546485260773,230.20447,0.0025464710779488087
2.7631746031746034,229.80339,0.0031208740547299385
2.7863945578231295,228.84402,0.0032668982166796923
2.809614512471655,227.71977,0.0035058031789958477
2.8328344671201813,227.8889,0.003988875076174736
2.8560544217687074,229.09245,0.004074276424944401
2.8792743764172335,231.02295,0.004353133030235767
2.9024943310657596,238.37135,0.0038800397887825966
2.9257142857142857,247.63136,0.003996007610112429
2.948934240362812,257.20602,0.0046170903369784355
2.972154195011338,261.22015,0.005641832947731018
2.995374149659864,260.27518,0.0065485346131026745
3.01859410430839,256.80768,0.006277844775468111
3.0418140589569163,253.3908,0.004938545636832714
3.0650340136054424,253.56847,0.0044942377135157585
3.0882539682539685,255.23166,0.004620730876922607
3.1114739229024946,257.41364,0.005346330814063549
3.1346938775510207,259.3202,0.006158752366900444
3.1579138321995464,259.72076,0.0067067621275782585
3.1811337868480725,256.3953,0.007041174918413162
3.2043537414965986,253.83136,0.00643147761002183
3.2275736961451247,252.18636,0.00687017384916544
3.250793650793651,252.22296,0.007428817451000214
3.274013605442177,255.04817,0.00882391445338726
3.297233560090703,261.0688,0.009503734298050404
3.320453514739229,266.27945,0.008150316774845123
3.3436734693877552,271.62814,0.006908147595822811
3.3668934240362813,272.85986,0.008215455338358879
3.3901133786848074,271.51022,0.008804447948932648
3.4133333333333336,267.1941,0.009103079326450825
3.4365532879818597,265.4242,0.009020045399665833
3.4597732426303858,265.03113,0.008947115391492844
3.4829931972789114,264.80743,0.008949101902544498
3.5062131519274375,267.04504,0.008353784680366516
3.5294331065759637,268.8878,0.007910540327429771
3.5526530612244898,270.10547,0.007939349859952927
3.575873015873016,267.91956,0.008282648399472237
3.599092970521542,267.03662,0.008825601078569889
3.622312925170068,266.28546,0.00960028637200594
3.645532879818594,265.5422,0.009991941042244434
3.6687528344671203,267.5487,0.007754240185022354
3.6919727891156464,271.56848,0.006041566841304302
3.7151927437641725,279.04498,0.004848972894251347
3.7384126984126986,287.86816,0.003563787555322051
3.7616326530612247,298.16907,0.003729772288352251
3.784852607709751,306.1807,0.003953536506742239
3.8080725623582765,311.2202,0.005511275492608547
3.8312925170068026,311.56335,0.0069378758780658245
3.8545124716553287,309.84576,0.008354034274816513
3.877732426303855,304.76987,0.008837688714265823
3.900952380952381,300.52768,0.008099500089883804
3.924172335600907,298.4907,0.007444626186043024
3.947392290249433,301.03735,0.007031925022602081
3.9706122448979593,302.366,0.006182919256389141
3.9938321995464854,305.5217,0.006520027294754982
4.017052154195011,305.54413,0.0063613704405725
4.040272108843538,302.23212,0.006408139131963253
4.063492063492063,300.4778,0.006840207614004612
4.08671201814059,297.66312,0.006264396943151951
4.1099319727891155,296.31918,0.005924353376030922
4.133151927437642,297.23996,0.005703427828848362
4.156371882086168,297.79782,0.0050956085324287415
4.179591836734694,293.43985,0.005149361677467823
4.20281179138322,277.72925,0.005910730920732021
4.2260317460317465,267.04324,0.005796080455183983
4.249251700680272,265.69785,0.0051064761355519295
4.272471655328799,270.62265,0.0047184475697577
4.295691609977324,272.2961,0.0048499819822609425
4.31891156462585,273.39914,0.005176051519811153
4.342131519274377,271.49597,0.005078551359474659
4.365351473922902,269.28525,0.004762309603393078
4.388571428571429,266.5158,0.005078460089862347
4.4117913832199545,265.3661,0.0053991517052054405
4.435011337868481,265.63654,0.005917672999203205
4.458231292517007,267.3815,0.005573567934334278
4.481451247165533,268.99008,0.005850757006555796
4.504671201814059,267.67886,0.006737200543284416
4.527891156462585,265.57724,0.00716479541733861
4.551111111111111,265.5607,0.007542318198829889
4.574331065759638,265.65442,0.007072929292917252
4.597551020408163,265.75208,0.006661863997578621
4.62077097505669,262.7255,0.007167493924498558
4.6439909297052155,258.83255,0.007355412468314171
4.667210884353741,256.51874,0.005954515654593706
4.690430839002268,255.71938,0.004787669517099857
4.713650793650793,255.64426,0.004214812535792589
4.73687074829932,257.5134,0.003969879820942879
4.760090702947846,258.15985,0.0038970261812210083
4.783310657596372,257.05524,0.003585620317608118
4.806530612244898,256.28827,0.0033059795387089252
4.829750566893424,254.12273,0.003214593743905425
4.85297052154195,252.9855,0.003726185532286763
4.876190476190477,252.55858,0.004152953624725342
4.899410430839002,251.56328,0.00458170473575592
4.922630385487529,251.94774,0.005276083014905453
4.9458503401360545,252.37843,0.0056828041560947895
4.96907029478458,253.73097,0.0052782827988266945
4.992290249433107,252.87325,0.004657422192394733
5.015510204081632,247.73775,0.0033136920537799597
5.038730158730159,234.34506,0.0017435516929253936
5.061950113378685,220.26717,0.0016797456191852689
5.085170068027211,220.7841,0.0018068659119307995
5.108390022675737,223.46301,0.0020624385215342045
5.131609977324263,225.97069,0.0025325866881757975
5.154829931972789,228.42682,0.002764088101685047
5.178049886621316,228.43674,0.0026592002250254154
5.201269841269841,226.79573,0.002317577600479126
5.224489795918368,226.66476,0.002153000794351101
5.2477097505668935,224.63275,0.002092477399855852
5.27092970521542,222.84863,0.002148000057786703
5.294149659863946,222.13551,0.002288914518430829
5.317369614512471,223.06404,0.002515006810426712
5.340589569160998,224.98225,0.002858618274331093
5.363809523809524,226.415,0.0033152487594634295
5.38702947845805,227.93106,0.0034679113887250423
5.410249433106576,225.69296,0.003466411028057337
5.433469387755102,218.8239,0.0028816985432058573
5.456689342403628,207.19026,0.0020164535380899906
5.479909297052155,200.2711,0.002182038500905037
5.50312925170068,200.39777,0.0023942189291119576
5.526349206349207,201.67778,0.0022935974411666393
5.5495691609977325,202.81801,0.002432472538203001
5.572789115646259,203.4358,0.002206389792263508
5.596009070294785,201.21533,0.002128543332219124
5.61922902494331,199.48947,0.0021619200706481934
5.642448979591837,200.78073,0.002179096918553114
5.6656689342403626,200.48134,0.0019413081463426352
5.688888888888889,200.33336,0.0020218228455632925
5.712108843537415,200.31381,0.00218825601041317
5.735328798185941,201.21516,0.002123258076608181
5.758548752834467,201.21693,0.0023537303786724806
5.7817687074829935,201.30751,0.0023384494706988335
5.804988662131519,200.71269,0.002018590923398733
5.828208616780046,196.87534,0.0018251845613121986
5.851428571428571,190.88705,0.0014233867404982448
5.874648526077098,180.06061,0.0020262012258172035
5.897868480725624,178.22568,0.001865543657913804
5.92108843537415,177.9724,0.001909375423565507
5.944308390022676,178.0091,0.0018682826776057482
5.9675283446712015,178.6714,0.001600534189492464
5.990748299319728,178.85307,0.001678908010944724
6.013968253968254,180.19968,0.001542475656606257
6.03718820861678,180.78954,0.0015456975670531392
6.060408163265306,180.7718,0.001740193460136652
6.0836281179138325,180.57208,0.0016468800604343414
6.106848072562358,180.05008,0.001705323695205152
6.130068027210885,179.82005,0.0017412868328392506
6.15328798185941,179.03944,0.0018206778913736343
6.176507936507937,179.1031,0.0019478006288409233
6.199727891156463,179.93134,0.0020185671746730804
6.222947845804989,179.53793,0.0019071948481723666
6.246167800453515,178.79724,0.001954461447894573
6.269387755102041,176.61452,0.0018399968976154923
6.292607709750567,174.02939,0.0015570535324513912
6.315827664399093,172.06021,0.0013014477444812655
6.339047619047619,171.63684,0.0012574103893712163
6.362267573696145,172.83762,0.0012371642515063286
6.3854875283446715,173.32745,0.001308215782046318
6.408707482993197,173.274,0.0013005868531763554
6.431927437641724,172.83873,0.0012701305095106363
6.455147392290249,172.64024,0.001234710100106895
6.478367346938776,171.72449,0.001178058097139001
6.501587301587302,170.72438,0.0011215854901820421
6.524807256235828,169.86922,0.0010613934136927128
6.548027210884354,170.3562,0.0011101209092885256
6.57124716553288,170.63931,0.0011471749749034643
6.594467120181406,171.38417,0.0011810886207967997
6.617687074829932,171.70064,0.0012392299249768257
6.640907029478458,171.00938,0.0011410461738705635
6.664126984126984,169.66278,0.0008124907617457211
6.6873469387755105,163.64034,0.0004049889976158738
6.710566893424036,152.11372,0.0005631697131320834
6.733786848072563,149.86847,0.0004692446382250637
6.757006802721088,150.9451,0.00047144375275820494
6.780226757369615,151.74683,0.0003823009319603443
6.8034467120181406,152.65205,0.00037996232276782393
6.826666666666667,152.8947,0.0003530618268996477
6.849886621315193,153.27396,0.0003952502447646111
6.873106575963719,153.96333,0.00034021507599391043
6.896326530612245,152.94844,0.0004080873623024672
6.9195464852607715,152.2088,0.00043232791358605027
6.942766439909297,151.88531,0.00042964384192600846
6.965986394557823,152.01529,0.0004757606075145304
6.989206349206349,151.37036,0.0004600214888341725
7.012426303854875,151.3372,0.0004895540187135339
7.035646258503402,152.08302,0.0004093102179467678
7.058866213151927,152.10896,0.0004300519940443337
7.082086167800454,151.22137,0.0004019924090243876
7.1053061224489795,148.64699,0.000471562088932842
7.128526077097506,143.0936,0.0004913026932626963
7.151746031746032,134.49564,0.00045197075814940035
7.174965986394558,128.17679,0.00036385771818459034
7.198185941043084,128.51712,0.0002941209531854838
7.2214058956916105,133.92651,0.0003320324467495084
7.244625850340136,133.66586,0.0003527186345309019
7.267845804988662,133.80505,0.00035825674422085285
7.291065759637188,134.19653,0.00038272421807050705
7.314285714285714,134.27153,0.00041921326192095876
7.337505668934241,135.6176,0.0003845781902782619
7.360725623582766,135.3753,0.0003907739883288741
7.383945578231293,135.34352,0.0004075488250236958
7.4071655328798185,135.45815,0.0004013374273199588
7.430385487528345,135.50829,0.00038221923750825226
7.453605442176871,135.81662,0.0003715037601068616
7.476825396825397,136.16994,0.0003974580322392285
7.500045351473923,136.6839,0.0003656193148344755
7.5232653061224495,136.55109,0.0003367949975654483
7.546485260770975,136.2584,0.00033407757291570306
7.569705215419502,135.14218,0.00036093598464503884
7.592925170068027,134.89677,0.0003850927751045674
7.616145124716553,134.51949,0.0003844804596155882
7.63936507936508,135.1631,0.0004101444501429796
7.662585034013605,134.65541,0.0003833190130535513
7.685804988662132,135.28856,0.0003467364003881812
7.7090249433106575,135.96814,0.0002919264370575547
7.732244897959184,136.60925,0.00028146133990958333
7.75546485260771,136.79164,0.0002673968265298754
7.778684807256236,135.32652,0.0003041073796339333
7.801904761904762,133.87064,0.0003182328073307872
7.8251247165532885,133.38431,0.0003205003740731627
7.848344671201814,134.06737,0.0002740723721217364
7.871564625850341,135.64233,0.00021650483540724963
7.894784580498866,137.08224,0.00017690978711470962
7.918004535147393,137.93623,0.00015663739759474993
7.9412244897959186,138.47389,0.00017113159992732108
7.964444444444444,138.01198,0.00016057031461969018
7.987664399092971,135.11682,0.00015982675540726632
8.010884353741497,131.81004,0.00013599643716588616
8.034104308390022,132.72945,0.00010098388156620786
8.057324263038549,136.90341,6.294518243521452e-05
8.080544217687075,140.66205,1.8992217519553378e-05
8.103764172335602,0.0,3.58366196451243e-06
8.126984126984127,0.0,1.8526498024584725e-07
8.150204081632653,0.0,1.0007443052018061e-07
8.17342403628118,0.0,9.404629963682964e-08
8.196643990929706,0.0,6.180289346957579e-08
8.219863945578231,0.0,3.883633326040581e-08
8.243083900226758,0.0,8.82928361534141e-08
8.266303854875284,0.0,7.655671652173623e-08
8.289523809523809,0.0,1.841881385189481e-07
8.312743764172335,0.0,1.3831959222443402e-07
8.335963718820862,0.0,4.004232323495671e-08
8.359183673469389,0.0,1.650823833188042e-07
8.382403628117913,0.0,1.309190338361077e-07
8.40562358276644,0.0,1.3112185115460306e-08
