0.0,0.0,2.0298102754168212e-08
0.023219954648526078,0.0,3.280183591414243e-08
0.046439909297052155,0.0,2.5234839995391667e-08
0.06965986394557823,0.0,5.983656592434272e-08
0.09287981859410431,0.0,6.524533091578633e-08
0.11609977324263039,0.0,3.58768375008367e-08
0.13931972789115646,0.0,6.683058018097654e-08
0.16253968253968254,0.0,1.1277188605163246e-07
0.18575963718820862,0.0,5.529545887839049e-08
0.2089795918367347,0.0,4.9531990953255445e-08
0.23219954648526078,0.0,4.046523827128112e-08
0.25541950113378686,0.0,3.037621354451403e-08
0.2786394557823129,0.0,2.0665538613684475e-08
0.301859410430839,0.0,4.7988578444346786e-08
0.3250793650793651,0.0,4.301818989915773e-08
0.3482993197278912,0.0,4.057983460370451e-08
0.37151927437641724,0.0,4.2509782360866666e-08
0.3947392290249433,0.0,4.0798113332130015e-08
0.4179591836734694,0.0,2.6623638404998928e-08
0.44117913832199546,0.0,2.306478563696146e-08
0.46439909297052157,0.0,3.1674062483944e-08
0.4876190476190476,0.0,3.0940100259613246e-08
0.5108390022675737,0.0,4.936191544402391e-08
0.5340589569160998,0.0,4.838420863961801e-08
0.5572789115646258,0.0,7.911330612841994e-08
0.5804988662131519,0.0,1.2096370483050123e-07
0.603718820861678,0.0,8.921870175981894e-08
0.626938775510204,0.0,5.021138349547982e-08
0.6501587301587302,0.0,5.347828846424818e-08
0.6733786848072563,0.0,1.1572683433769271e-07
0.6965986394557824,0.0,6.48108652967494e-07
0.7198185941043084,273.065,1.7161411960842088e-05
0.7430385487528345,268.90244,3.9342627133009955e-05
0.7662585034013606,265.08197,4.583676491165534e-05
0.7894784580498866,258.85806,3.266812564106658e-05
0.8126984126984127,253.31592,2.872759614547249e-05
0.8359183673469388,252.0,3.644916068878956e-05
0.8591383219954649,255.65218,5.94375524087809e-05
0.8823582766439909,270.55215,0.0001168471499113366
0.905578231292517,273.44983,0.00015261743101291358
0.9287981859410431,274.3778,0.00016869508544914424
0.9520181405895691,268.357,0.00017262573237530887
0.9752380952380952,251.85608,0.0001396543812006712
0.9984580498866213,248.17108,0.00018198956968262792
1.0216780045351475,350.99487,0.00024107801436912268
1.0448979591836736,264.07187,0.000327383226249367
1.0681179138321997,272.83463,0.000319190148729831
1.0913378684807256,272.83463,0.00030615518335253
1.1145578231292517,285.85742,0.00030023555154912174
1.1377777777777778,278.9668,0.0002498761168681085
1.1609977324263039,248.59076,0.00029819499468430877
1.18421768707483,258.85806,0.00028011429822072387
1.207437641723356,285.28302,0.00024477927945554256
1.2306575963718822,291.28137,0.00016260368283838034
1.253877551020408,297.13644,0.0001645535958232358
1.2770975056689342,351.30112,0.0002335276803933084
1.3003174603174603,297.6378,0.00023187996703200042
1.3235374149659864,333.36932,0.00024711451260372996
1.3467573696145125,295.64246,0.00035204505547881126
1.3699773242630386,316.21622,0.00039075553650036454
1.3931972789115648,409.67215,0.000324226391967386
1.4164172335600906,215.58936,0.000385729712434113
1.4396371882086167,285.85742,0.0004580163222271949
1.4628571428571429,294.32703,0.00045540090650320053
1.486077097505669,319.92184,0.000450463208835572
1.509297052154195,324.4351,0.0004949719295836985
1.5325170068027212,311.18954,0.00046175671741366386
1.5557369614512473,289.81378,0.00047046414692886174
1.5789569160997732,258.19672,0.0005914645153097808
1.6021768707482993,289.26654,0.0005366711411625147
1.6253968253968254,297.13644,0.0005587197374552488
1.6486167800453515,319.74344,0.0006048463983461261
1.6718367346938776,323.7546,0.0005302740028128028
1.6950566893424037,317.75604,0.00043884015758521855
1.7182766439909298,265.13028,0.0002971093636006117
1.7414965986394557,315.5635,0.00030074044479988515
1.7647165532879818,316.39075,0.00034849855001084507
1.787936507936508,332.8302,0.0004965877160429955
1.811156462585034,343.99377,0.0006891472148708999
1.8343764172335602,346.69812,0.0006852428778074682
1.8575963718820863,332.9444,0.0004811951657757163
1.8808163265306124,316.04187,0.00037275071372278035
1.9040362811791383,327.4129,0.0004667450557462871
1.9272562358276644,332.5406,0.0007514161989092827
1.9504761904761905,348.93488,0.0013212759513407946
1.9736961451247166,354.88196,0.0014195626135915518
1.9969160997732427,350.92838,0.001067719771526754
2.020136054421769,338.65186,0.0006501468596979976
2.043356009070295,302.21402,0.0005643012118525803
2.066575963718821,318.24744,0.0006696644704788923
2.089795918367347,368.18182,0.0011933171190321445
2.1130158730158732,354.12207,0.0016485457308590412
2.1362358276643993,359.1205,0.0017260141903534532
2.159455782312925,341.15524,0.0011938257375732064
2.182675736961451,321.3765,0.0006978745223022997
2.2058956916099772,324.9474,0.0006335387006402016
2.2291156462585033,345.54358,0.0012798376847058535
2.2523356009070294,384.0855,0.0020127645693719387
2.2755555555555556,390.26547,0.0023475177586078644
2.2987755102040817,361.66068,0.0021337787620723248
2.3219954648526078,341.86047,0.0009909018408507109
2.345215419501134,339.23077,0.0004743448516819626
2.36843537414966,341.047,0.0006842095172032714
2.391655328798186,342.10156,0.0012024949537590146
2.414875283446712,384.36957,0.0017819148488342762
2.4380952380952383,389.40396,0.002097349613904953
2.4613151927437644,355.07248,0.0015101749449968338
2.48453514739229,335.65573,0.0010003990028053522
2.507755102040816,336.27454,0.0009069570805877447
2.5309750566893423,376.56546,0.0015804299619048834
2.5541950113378684,389.97787,0.0028290576301515102
2.5774149659863945,397.2973,0.004042330663651228
2.6006349206349206,365.67166,0.0030586272478103638
2.6238548752834467,349.74765,0.0014782203361392021
2.647074829931973,319.56522,0.0007328687934204936
2.670294784580499,343.38153,0.0009427953045815229
2.693514739229025,379.84497,0.0022963841911405325
2.716734693877551,394.45438,0.004328317940235138
2.7399546485260773,393.5433,0.005755849182605743
2.7631746031746034,394.16403,0.0053397794254124165
2.7863945578231295,364.03302,0.002369767753407359
2.809614512471655,350.18527,0.0017690620152279735
2.8328344671201813,384.94272,0.0027251774445176125
2.8560544217687074,382.64642,0.004492570646107197
2.8792743764172335,393.75,0.003836829913780093
2.9024943310657596,411.93564,0.004218418151140213
2.9257142857142857,399.62686,0.004359232261776924
2.948934240362812,341.15524,0.0020400541834533215
2.972154195011338,372.7996,0.0022570830769836903
2.995374149659864,417.67953,0.004836540203541517
3.01859410430839,409.80896,0.004479406401515007
3.0418140589569163,421.5613,0.00420946441590786
3.0650340136054424,415.60208,0.005433148704469204
3.0882539682539685,375.63882,0.0036333517637103796
3.1114739229024946,201.25499,0.002032696967944503
3.1346938775510207,385.78458,0.0033148620277643204
3.1579138321995464,337.7462,0.006392699666321278
3.1811337868480725,413.65292,0.005052880849689245
3.2043537414965986,536.44196,0.005646341480314732
3.2275736961451247,417.26788,0.006763680838048458
3.250793650793651,355.466,0.004158567637205124
3.274013605442177,378.74396,0.003652899991720915
3.297233560090703,397.94913,0.006858949549496174
3.320453514739229,412.14954,0.004496977664530277
3.3436734693877552,334.99728,0.001998930238187313
3.3668934240362813,461.05594,0.0021685967221856117
3.3901133786848074,464.455,0.00383662898093462
3.4133333333333336,671.3386,0.006079057231545448
3.4365532879818597,779.7192,0.005181195214390755
3.4597732426303858,837.1986,0.0046617817133665085
3.4829931972789114,653.6792,0.002345053944736719
3.5062131519274375,459.14722,0.0034661199897527695
3.5294331065759637,471.15384,0.0033853971399366856
3.5526530612244898,459.375,0.0054710134863853455
3.575873015873016,422.6837,0.01068640872836113
3.599092970521542,415.3846,0.009164256975054741
3.622312925170068,431.41306,0.007482671644538641
3.645532879818594,338.1902,0.0034892484545707703
3.6687528344671203,661.16943,0.0040791230276227
3.6919727891156464,793.4033,0.005474288947880268
3.7151927437641725,459.854,0.005366102326661348
3.7384126984126986,423.63113,0.01083618588745594
3.7616326530612247,409.89612,0.008665526285767555
3.784852607709751,424.03845,0.005521431565284729
3.8080725623582765,406.12134,0.003219153033569455
3.8312925170068026,494.7476,0.0024084029719233513
3.8545124716553287,772.90936,0.0026358922477811575
3.877732426303855,338.53635,0.003893018700182438
3.900952380952381,477.7898,0.0035829609259963036
3.924172335600907,482.92682,0.0031150979921221733
3.947392290249433,472.7814,0.0025773481465876102
3.9706122448979593,426.84668,0.0021163392812013626
3.9938321995464854,534.2511,0.0038610538467764854
4.017052154195011,532.93054,0.0036832711193710566
4.040272108843538,415.34628,0.002689150394871831
4.063492063492063,668.1818,0.004430171102285385
4.08671201814059,593.2735,0.0033728433772921562
4.1099319727891155,681.71643,0.0034174358006566763
4.133151927437642,455.10834,0.0028021265752613544
4.156371882086168,486.30295,0.005273031070828438
4.179591836734694,537.23517,0.0046332115307450294
4.20281179138322,506.89655,0.002843244932591915
4.2260317460317465,433.92026,0.004158858209848404
4.249251700680272,463.7224,0.0030038286931812763
4.272471655328799,591.9463,0.0025764252059161663
4.295691609977324,358.3545,0.0035249153152108192
4.31891156462585,548.8488,0.005877441260963678
4.342131519274377,539.05707,0.0037167216651141644
4.365351473922902,346.15384,0.0023695032577961683
4.388571428571429,484.10873,0.0028001200407743454
4.4117913832199545,440.55945,0.0023115291260182858
4.435011337868481,425.32996,0.0034071116242557764
4.458231292517007,530.19806,0.006579017266631126
4.481451247165533,567.6238,0.009463578462600708
4.504671201814059,536.61505,0.005808009300380945
4.527891156462585,547.44824,0.002453944180160761
4.551111111111111,432.57617,0.0016810169909149408
4.574331065759638,404.17514,0.0015525228809565306
4.597551020408163,550.26733,0.0036734691821038723
4.62077097505669,564.27167,0.009590918198227882
4.6439909297052155,559.408,0.01561017520725727
4.667210884353741,506.57306,0.00837522279471159
4.690430839002268,548.6781,0.0024003218859434128
4.713650793650793,471.65775,0.00208028731867671
4.73687074829932,440.5363,0.0022308961488306522
4.760090702947846,247.62634,0.0049565453082323074
4.783310657596372,529.2,0.011288488283753395
4.806530612244898,575.3136,0.01473941933363676
4.829750566893424,523.64484,0.011184394359588623
4.85297052154195,514.1704,0.004077252000570297
4.876190476190477,515.7895,0.0026754799764603376
4.899410430839002,501.39536,0.0028996167238801718
4.922630385487529,546.8556,0.005930207669734955
4.9458503401360545,573.55493,0.011751595884561539
4.96907029478458,524.015,0.01595665141940117
4.992290249433107,612.5,0.01979127526283264
5.015510204081632,567.2026,0.010706409811973572
5.038730158730159,554.85657,0.009554058313369751
5.061950113378685,575.89154,0.008777400478720665
5.085170068027211,590.72644,0.008011244237422943
5.108390022675737,505.38116,0.015592919662594795
5.131609977324263,631.2884,0.014323251321911812
5.154829931972789,627.439,0.018960390239953995
5.178049886621316,605.066,0.013725902885198593
5.201269841269841,542.7692,0.008999460376799107
5.224489795918368,555.1359,0.008815813809633255
5.2477097505668935,570.8738,0.016043130308389664
5.27092970521542,605.0305,0.024586331099271774
5.294149659863946,627.64044,0.015238823369145393
5.317369614512471,523.9153,0.01601015031337738
5.340589569160998,617.96173,0.022167189046740532
5.363809523809524,565.0948,0.014252079650759697
5.38702947845805,510.09464,0.009490586817264557
5.410249433106576,552.63153,0.012660747393965721
5.433469387755102,574.21875,0.021050628274679184
5.456689342403628,620.15625,0.027961507439613342
5.479909297052155,654.372,0.02642267569899559
5.50312925170068,653.97925,0.027274344116449356
5.526349206349207,628.07733,0.02084141969680786
5.5495691609977325,595.0181,0.02097088098526001
5.572789115646259,582.91815,0.023231804370880127
5.596009070294785,600.9434,0.02355567179620266
5.61922902494331,629.6788,0.029781032353639603
5.642448979591837,646.8892,0.02962368354201317
5.6656689342403626,532.4409,0.0174463652074337
5.688888888888889,452.0501,0.004933719523251057
5.712108843537415,451.84427,0.0021598958410322666
5.735328798185941,516.90314,0.0017231854144483805
5.758548752834467,538.13306,0.002906918991357088
5.7817687074829935,545.28595,0.0034856535494327545
5.804988662131519,533.73676,0.0023573930375277996
5.828208616780046,381.1388,0.001455560326576233
5.851428571428571,570.35693,0.0017514049541205168
5.874648526077098,578.7986,0.0016332089435309172
5.897868480725624,546.89966,0.003413295838981867
5.92108843537415,532.2873,0.006189227104187012
5.944308390022676,560.4982,0.007420948240906
5.9675283446712015,535.9375,0.003934696316719055
5.990748299319728,323.4719,0.0025074277073144913
6.013968253968254,601.8897,0.0020320499315857887
6.03718820861678,491.48938,0.0019484251970425248
6.060408163265306,541.65814,0.003861191915348172
6.0836281179138325,561.9539,0.007618672214448452
6.106848072562358,570.9477,0.010151470080018044
6.130068027210885,544.44446,0.005964427720755339
6.15328798185941,514.9682,0.003001792822033167
6.176507936507937,398.98883,0.0022350559011101723
6.199727891156463,370.14386,0.002691092435270548
6.222947845804989,539.2663,0.0040496643632650375
6.246167800453515,557.0527,0.00636038463562727
6.269387755102041,551.53723,0.005006417166441679
6.292607709750567,467.161,0.0025604641996324062
6.315827664399093,494.11765,0.001794264419004321
6.339047619047619,431.90723,0.0011217719875276089
6.362267573696145,494.7476,0.001266778097487986
6.3854875283446715,501.9141,0.0013493275037035346
6.408707482993197,499.84546,0.0013052712893113494
6.431927437641724,509.02417,0.0011998815461993217
6.455147392290249,595.30237,0.0013472404098138213
6.478367346938776,526.90906,0.001258281758055091
6.501587301587302,464.455,0.001268047490157187
6.524807256235828,496.7742,0.0019821361638605595
6.548027210884354,513.3334,0.0024054881650954485
6.57124716553288,507.4268,0.0025738319382071495
6.594467120181406,483.60315,0.001938129193149507
6.617687074829932,460.81506,0.0017588473856449127
6.640907029478458,456.75815,0.0016105531249195337
6.664126984126984,362.58994,0.0020706024952232838
6.6873469387755105,461.05594,0.0032941242679953575
6.710566893424036,523.3746,0.0033827831503003836
6.733786848072563,516.6134,0.003571663983166218
6.757006802721088,428.8127,0.0024029011838138103
6.780226757369615,457.23175,0.0021781916730105877
6.8034467120181406,462.12573,0.0018992484547197819
6.826666666666667,441.9304,0.0027787047438323498
6.849886621315193,514.9682,0.0032920194789767265
6.873106575963719,522.45557,0.0032524378038942814
6.896326530612245,408.12338,0.0026901427190750837
6.9195464852607715,411.08234,0.0035199089907109737
6.942766439909297,428.8127,0.003145992523059249
6.965986394557823,426.34442,0.0019831988029181957
6.989206349206349,438.00314,0.0014042491093277931
7.012426303854875,446.88,0.0014066484291106462
7.035646258503402,442.99347,0.0020213352981954813
7.058866213151927,438.80597,0.0033284183591604233
7.082086167800454,426.34442,0.005100579001009464
7.1053061224489795,401.55328,0.00397965032607317
7.128526077097506,301.41956,0.0019844169728457928
7.151746031746032,449.51718,0.0016653473721817136
7.174965986394558,681.9588,0.0018580383621156216
7.198185941043084,459.13586,0.0027155447751283646
7.2214058956916105,259.7513,0.005344502627849579
7.244625850340136,451.89874,0.008217179216444492
7.267845804988662,435.11316,0.006285311654210091
7.291065759637188,322.06573,0.0024994369596242905
7.314285714285714,450.24182,0.0017376887844875455
7.337505668934241,467.4086,0.0016584252007305622
7.360725623582766,459.375,0.0024809925816953182
7.383945578231293,419.113,0.004983424209058285
7.4071655328798185,423.52942,0.007186774164438248
7.430385487528345,407.889,0.005681673064827919
7.453605442176871,399.09503,0.003130159806460142
7.476825396825397,412.57797,0.002100045559927821
7.500045351473923,439.68094,0.003224865533411503
7.5232653061224495,416.6929,0.006046498194336891
7.546485260770975,370.3937,0.0034912219271063805
7.569705215419502,362.21765,0.00318416440859437
7.592925170068027,397.71884,0.003433674108237028
7.616145124716553,397.92993,0.004189163446426392
7.63936507936508,403.9332,0.004371004644781351
7.662585034013605,402.1996,0.005660629831254482
7.685804988662132,374.28854,0.0037616966292262077
7.7090249433106575,356.6038,0.003226884175091982
7.732244897959184,368.65204,0.003383997827768326
7.75546485260771,396.40448,0.004154680762439966
7.778684807256236,413.05783,0.004079829435795546
7.801904761904762,411.47092,0.004019823856651783
7.8251247165532885,417.87744,0.006167641840875149
7.848344671201814,368.65204,0.003813134040683508
7.871564625850341,362.58994,0.0035188922192901373
7.894784580498866,382.43903,0.004019970074295998
7.918004535147393,404.15094,0.00501409312710166
7.9412244897959186,400.05338,0.0029602237045764923
7.964444444444444,420.89078,0.003104334231466055
7.987664399092971,422.4138,0.006460570730268955
8.010884353741497,383.0619,0.004184063524007797
8.034104308390022,369.03766,0.0035616671666502953
8.057324263038549,391.28394,0.004158418625593185
8.080544217687075,401.76846,0.0040232278406620026
8.103764172335602,404.17514,0.0025312593206763268
8.126984126984127,404.58716,0.004909645300358534
8.150204081632653,390.26547,0.00416097417473793
8.17342403628118,340.1028,0.001669456367380917
8.196643990929706,324.60568,0.0012959623709321022
8.219863945578231,343.45795,0.0011586338514462113
8.243083900226758,369.75964,0.0018876807298511267
8.266303854875284,365.8739,0.0019750637002289295
8.289523809523809,358.73102,0.0018551554530858994
8.312743764172335,320.81702,0.0010139953810721636
8.335963718820862,334.59787,0.0011120929848402739
8.359183673469389,337.32788,0.001187316607683897
8.382403628117913,362.26727,0.0015150937251746655
8.40562358276644,364.86487,0.0026417765766382217
8.428843537414966,356.41165,0.002254150342196226
8.452063492063493,344.32434,0.0018754363991320133
8.475283446712018,338.30136,0.0011944598518311977
8.498503401360544,328.05527,0.0011600959114730358
8.52172335600907,331.22318,0.001281276228837669
8.544943310657597,360.49045,0.0019244144205003977
8.568163265306122,385.3632,0.002695346251130104
8.591383219954649,374.3633,0.0024659871123731136
8.614603174603175,343.19067,0.0015943741891533136
8.6378231292517,318.24744,0.0010497109033167362
8.661043083900227,302.69272,0.0010127872228622437
8.684263038548753,319.3999,0.0010051751742139459
8.70748299319728,351.7949,0.0013681678101420403
8.730702947845804,374.3236,0.0021321428939700127
8.753922902494331,368.65204,0.0018576204311102629
8.777142857142858,340.43942,0.0013423871714621782
8.800362811791384,324.09448,0.0009834666270762682
8.823582766439909,326.8396,0.000776322151068598
8.846802721088435,323.7546,0.0008006504504010081
8.870022675736962,325.0,0.0009275564225390553
8.893242630385489,329.1045,0.0009260581573471427
8.916462585034013,327.707,0.0008131014183163643
8.93968253968254,318.90494,0.0007093906169757247
8.962902494331066,310.05948,0.0007887333049438894
8.986122448979591,311.57608,0.0009609388071112335
9.009342403628118,321.5625,0.0009901563171297312
9.032562358276644,353.0017,0.0012896740809082985
9.05578231292517,345.6887,0.001082150381989777
9.079002267573696,319.3999,0.0009521476458758116
9.102222222222222,326.149,0.0007773915422149003
9.125442176870749,305.27158,0.0008723766659386456
9.148662131519275,310.7317,0.0010295273968949914
9.1718820861678,324.77643,0.00113212363794446
9.195102040816327,356.6038,0.001367198652587831
9.218321995464853,351.99545,0.0013366302009671926
9.24154195011338,326.66666,0.0010453618597239256
9.264761904761905,323.7546,0.0008250509272329509
9.287981859410431,315.86777,0.000984697137027979
9.311201814058958,318.41156,0.0009149983525276184
9.334421768707482,327.707,0.0011453158222138882
9.357641723356009,334.81564,0.0012815049849450588
9.380861678004536,332.92685,0.0009391781641170382
9.404081632653062,318.60324,0.0006379554979503155
9.427301587301587,283.29764,0.0004335333942435682
9.450521541950113,336.64124,0.00041292866808362305
9.47374149659864,397.6954,0.0004052715958096087
9.496961451247167,364.06165,0.0005053853965364397
9.520181405895691,285.8995,0.0005816435441374779
9.543401360544218,275.48154,0.00047224786248989403
9.566621315192744,268.60464,0.00046228518476709723
9.58984126984127,328.754,0.00042755110189318657
9.613061224489796,406.4516,0.0004748348437715322
9.636281179138322,306.25,0.0006163172656670213
9.659501133786849,293.09818,0.0004657060489989817
9.682721088435374,502.43396,0.0004474796005524695
9.7059410430839,486.75497,0.0004856131272390485
9.729160997732427,395.4114,0.00043548602843657136
9.752380952380953,543.3265,0.00040249116136692464
9.775600907029478,562.5,0.00047168275341391563
9.798820861678005,405.0243,0.0006170216947793961
9.822040816326531,307.5644,0.00044877122854813933
9.845260770975058,489.74084,0.000528739532455802
9.868480725623582,460.81506,0.00044040492502972484
9.891700680272109,355.10822,0.0005438625230453908
9.914920634920636,468.1529,0.00044582856935448945
9.93814058956916,483.0986,0.0005659685120917857
9.961360544217687,356.9044,0.0005439421511255205
9.984580498866213,303.65466,0.0006340573308989406
10.00780045351474,313.96497,0.000579928164370358
10.031020408163265,313.96497,0.0005496408557519317
10.054240362811791,274.68857,0.0003757885715458542
10.077460317460318,340.27777,0.0002777972840704024
10.100680272108844,334.2718,0.00020790979033336043
10.12390022675737,321.53674,0.00018661576905287802
10.147120181405896,253.58076,0.0001917812624014914
10.170340136054422,491.56052,0.0001877861504908651
10.193560090702949,519.93567,0.00018221806385554373
10.216780045351474,516.8886,0.00015598020399920642
10.24,439.61176,0.00015717328642494977
10.263219954648527,364.06165,0.00018067166092805564
10.286439909297052,439.15094,0.00019876817532349378
10.309659863945578,495.5056,0.0002152829838450998
10.332879818594105,523.01886,0.000263491936493665
10.356099773242631,478.30804,0.0003132802085019648
10.379319727891156,337.00873,0.0002494383370503783
10.402539682539683,335.26315,0.0002225392818218097
10.425759637188209,266.685,0.00019144399266224355
10.448979591836736,237.73586,0.00023753999266773462
10.47219954648526,250.42589,0.00022440063185058534
10.495419501133787,345.109,0.000262032583123073
10.518639455782314,388.1188,0.0003137442981824279
10.54185941043084,484.10873,0.00034882407635450363
10.565079365079365,492.3445,0.0002553798840381205
10.588299319727891,372.1519,0.00019277408136986196
10.611519274376418,239.34871,0.0002271322882734239
10.634739229024943,234.7132,0.00019886065274477005
10.65795918367347,253.77238,0.00019209629681427032
10.681179138321996,428.89014,0.00021690440189559013
10.704399092970522,403.2813,0.00027482520090416074
10.727619047619047,508.75723,0.0002973100636154413
10.750839002267574,507.15002,0.00022582827659789473
10.7740589569161,341.10495,0.00017324366490356624
10.797278911564627,245.81941,0.00016272274660877883
10.820498866213152,242.01219,0.00015598344907630235
10.843718820861678,307.13873,0.0001778426521923393
10.866938775510205,321.5625,0.00019951477588620037
10.890158730158731,533.5613,0.00021835796360392123
10.913378684807256,388.64697,0.00019626389257609844
10.936598639455783,400.48077,0.00014025892596691847
10.95981859410431,376.5208,0.00010787106293719262
10.983038548752834,240.39977,9.713700274005532e-05
11.00625850340136,252.57732,0.0001128344374592416
11.029478458049887,417.4276,0.00013188175216782838
11.052698412698414,529.38416,0.00019109499407932162
11.075918367346938,555.2991,0.00021529963123612106
11.099138321995465,559.11255,0.00018502966850064695
11.122358276643991,515.7895,0.00014076985826250166
11.145578231292518,357.56757,8.942806744016707e-05
11.168798185941043,284.92462,4.7533627366647124e-05
11.19201814058957,257.70636,2.517224129405804e-05
11.215238095238096,0.0,1.4611050573876128e-06
11.23845804988662,0.0,2.412380126770586e-07
11.261678004535147,0.0,6.64622348267585e-08
11.284897959183674,0.0,1.1677457223413512e-07
11.3081179138322,0.0,4.531830199994147e-08
11.331337868480725,0.0,1.2728924048133194e-07
11.354557823129252,0.0,6.803293217672035e-08
11.377777777777778,0.0,4.316734703024849e-08
11.400997732426305,0.0,7.563994586234912e-08
11.42421768707483,0.0,1.2807231541955844e-07
11.447437641723356,0.0,1.4509896573144943e-07
11.470657596371883,0.0,5.236415745457634e-08
11.49387755102041,0.0,3.694549377541989e-08
11.517097505668934,0.0,6.564459908986464e-08
11.54031746031746,0.0,3.284912963863462e-08
11.563537414965987,0.0,4.4072294258512557e-08
11.586757369614512,0.0,4.4345142669044435e-08
11.609977324263038,0.0,4.155845090281218e-08
11.633197278911565,0.0,2.3821485228836536e-08
11.656417233560092,0.0,2.7188434614799917e-08
11.679637188208616,0.0,1.1447809811215848e-08
11.702857142857143,0.0,3.7090103433001786e-08
11.72607709750567,0.0,9.174254955723882e-08
11.749297052154196,0.0,8.532151696272194e-08
11.77251700680272,0.0,3.327477315906435e-08
11.795736961451247,0.0,7.469589036190882e-08
11.818956916099774,0.0,2.8623617254197598e-08
11.8421768707483,0.0,2.666092768777162e-08
11.865396825396825,0.0,7.162634574342519e-08
11.888616780045352,0.0,1.1048814485548064e-07
11.911836734693878,0.0,7.7578988566529e-08
11.935056689342403,0.0,4.886805982096121e-08
11.95827664399093,0.0,2.886008587665856e-08
11.981496598639456,0.0,2.435717760818079e-08
12.004716553287983,0.0,7.564813131466508e-08
12.027936507936507,0.0,9.374252840643749e-08
12.051156462585034,0.0,7.25904101273045e-08
12.07437641723356,0.0,1.0474832379259169e-07
12.097596371882087,0.0,4.4786247599404305e-08
12.120816326530612,0.0,6.21957951807417e-08
12.144036281179138,0.0,4.508638085098937e-08
