0.0,0.0,3.492004907457158e-07
0.023219954648526078,0.0,4.971261660102755e-07
0.046439909297052155,0.0,5.769325071014464e-07
0.06965986394557823,0.0,5.306746970745735e-07
0.09287981859410431,0.0,5.365827746572904e-07
0.11609977324263039,0.0,2.7889655029866844e-07
0.13931972789115646,0.0,8.101869752863422e-08
0.16253968253968254,0.0,1.4363922673510388e-07
0.18575963718820862,0.0,2.3466509446734563e-07
0.2089795918367347,0.0,3.1080253393156454e-07
0.23219954648526078,0.0,8.965362212620676e-07
0.25541950113378686,0.0,8.766483006183989e-07
0.2786394557823129,0.0,2.126034814864397e-07
0.301859410430839,0.0,1.4216129784472287e-07
0.3250793650793651,0.0,3.689874574774876e-07
0.3482993197278912,0.0,4.81507413496729e-07
0.37151927437641724,0.0,3.093855411862023e-07
0.3947392290249433,0.0,1.3852968550054356e-07
0.4179591836734694,0.0,2.478382157278247e-07
0.44117913832199546,0.0,2.604783730930649e-07
0.46439909297052157,0.0,1.643975338083692e-07
0.4876190476190476,0.0,2.832184691214934e-07
0.5108390022675737,0.0,1.2785130820702761e-07
0.5340589569160998,0.0,1.1858446669066325e-07
0.5572789115646258,0.0,2.0120387489441782e-07
0.5804988662131519,378.0,4.667126268032007e-05
0.603718820861678,361.80493,0.00020462620886974037
0.626938775510204,360.2941,0.0002618177095428109
0.6501587301587302,361.4754,0.0002809592115227133
0.6733786848072563,361.10544,0.00031021563336253166
0.6965986394557824,358.92566,0.00032479793298989534
0.7198185941043084,363.14978,0.00034639734076336026
0.7430385487528345,367.70428,0.0003846346226055175
0.7662585034013606,374.3236,0.00037499965401366353
0.7894784580498866,377.7302,0.0004441525088623166
0.8126984126984127,373.92688,0.00048700376646593213
0.8359183673469388,365.21738,0.0007745878538116813
0.8591383219954649,359.1205,0.0010681485291570425
0.8823582766439909,360.098,0.0011373810702934861
0.905578231292517,369.03766,0.0012532351538538933
0.9287981859410431,381.19934,0.0010707383044064045
0.9520181405895691,392.7187,0.0013181124813854694
0.9752380952380952,398.14127,0.001394058344885707
0.9984580498866213,393.75,0.001502084662206471
1.0216780045351475,383.47827,0.001899317605420947
1.0448979591836736,369.8113,0.0019654110074043274
1.0681179138321997,364.66373,0.002368070650845766
1.0913378684807256,367.8832,0.002441289834678173
1.1145578231292517,375.31915,0.0021344369743019342
1.1377777777777778,382.30493,0.001826620427891612
1.1609977324263039,388.24445,0.001993801211938262
1.18421768707483,390.46875,0.002073362236842513
1.207437641723356,388.4456,0.002092179376631975
1.2306575963718822,384.6588,0.0018603565404191613
1.253877551020408,380.99353,0.0016681529814377427
1.2770975056689342,380.99353,0.0015814411453902721
1.3003174603174603,386.63013,0.001470434246584773
1.3235374149659864,391.89755,0.00146246119402349
1.3467573696145125,405.90146,0.0017628029454499483
1.3699773242630386,422.9089,0.001367165707051754
1.3931972789115648,436.40622,0.0009924514451995492
1.4164172335600906,436.86133,0.0010302179725840688
1.4396371882086167,428.15533,0.0010143006220459938
1.4628571428571429,422.00958,0.0014620742294937372
1.486077097505669,418.67087,0.0015886914916336536
1.509297052154195,419.57938,0.001538915210403502
1.5325170068027212,426.84668,0.0013346057385206223
1.5557369614512473,440.07355,0.001304590841755271
1.5789569160997732,447.35718,0.002092653652653098
1.6021768707482993,441.69742,0.0020222689490765333
1.6253968253968254,431.74823,0.0022702133283019066
1.6486167800453515,420.0,0.003430283162742853
1.6718367346938776,411.0197,0.003105096984654665
1.6950566893424037,415.16736,0.0030953565146774054
1.7182766439909298,421.3376,0.0021638537291437387
1.7414965986394557,252.39333,0.0015473015373572707
1.7647165532879818,450.68985,0.00268347654491663
1.787936507936508,452.9189,0.003340634983032942
1.811156462585034,441.9304,0.002741783857345581
1.8343764172335602,430.71082,0.0030990242958068848
1.8575963718820863,422.9089,0.0032327482476830482
1.8808163265306124,419.113,0.002792014041915536
1.9040362811791383,418.67087,0.001721973530948162
1.9272562358276644,380.9451,0.0018598020542412996
1.9504761904761905,467.72726,0.0021455350797623396
1.9736961451247166,484.86914,0.0022712259087711573
1.9969160997732427,492.60638,0.0021008607000112534
2.020136054421769,486.07214,0.002167779952287674
2.043356009070295,472.16272,0.0021185423247516155
2.066575963718821,459.854,0.002073389943689108
2.089795918367347,458.897,0.002732721855863929
2.1130158730158732,465.61084,0.002238692482933402
2.1362358276643993,478.8521,0.002392506692558527
2.159455782312925,492.98782,0.0022273226641118526
2.182675736961451,498.8175,0.0023055148776620626
2.2058956916099772,351.30112,0.0032369489781558514
2.2291156462585033,472.92224,0.0033864856231957674
2.2523356009070294,458.18182,0.003545901272445917
2.2755555555555556,457.11948,0.0041053406894207
2.2987755102040817,463.55994,0.0028298613615334034
2.3219954648526078,483.85577,0.0031361128203570843
2.345215419501134,498.43918,0.002307899296283722
2.36843537414966,510.63156,0.003113062586635351
2.391655328798186,503.04184,0.005589199252426624
2.414875283446712,491.82156,0.007195214740931988
2.4380952380952383,476.49918,0.005874158348888159
2.4613151927437644,365.32544,0.003355469787493348
2.48453514739229,474.4365,0.003392556682229042
2.507755102040816,482.8467,0.0035061556845903397
2.5309750566893423,492.86856,0.0022599485237151384
2.5541950113378684,503.42465,0.001214748015627265
2.5774149659863945,379.0192,0.0021277936175465584
2.6006349206349206,542.9871,0.0028194028418511152
2.6238548752834467,538.352,0.0021449693012982607
2.647074829931973,527.8564,0.001470457878895104
2.670294784580499,401.92404,0.0011321741621941328
2.693514739229025,508.27118,0.002518485998734832
2.716734693877551,497.79373,0.0026596554089337587
2.7399546485260773,500.32413,0.0022553266026079655
2.7631746031746034,509.5588,0.0016414859564974904
2.7863945578231295,526.36224,0.0015512818936258554
2.809614512471655,535.00867,0.0031466137152165174
2.8328344671201813,531.60376,0.0024809353053569794
2.8560544217687074,514.5,0.0031015523709356785
2.8792743764172335,497.36844,0.005505055654793978
2.9024943310657596,484.6154,0.005837525241076946
2.9257142857142857,488.96515,0.004924728535115719
2.948934240362812,495.1965,0.0028723448049277067
2.972154195011338,381.4054,0.002156046684831381
2.995374149659864,536.44196,0.003951821476221085
3.01859410430839,531.88257,0.003478461178019643
3.0418140589569163,383.47827,0.0034637851640582085
3.0650340136054424,505.80646,0.0062072086147964
3.0882539682539685,492.73743,0.004667429253458977
3.1114739229024946,493.6567,0.003988222684711218
3.1346938775510207,510.63156,0.003507623914629221
3.1579138321995464,233.7043,0.006819708272814751
3.1811337868480725,569.0323,0.018289614468812943
3.2043537414965986,582.4089,0.021109994500875473
3.2275736961451247,586.49615,0.021417859941720963
3.250793650793651,579.3484,0.0226178839802742
3.274013605442177,567.5246,0.010854840278625488
3.297233560090703,544.44446,0.005801713094115257
3.320453514739229,540.6305,0.007986042648553848
3.3436734693877552,565.94275,0.018956512212753296
3.3668934240362813,571.1818,0.03214767947793007
3.3901133786848074,583.64215,0.024611912667751312
3.4133333333333336,593.4783,0.026766430586576462
3.4365532879818597,585.29865,0.03149877116084099
3.4597732426303858,562.7266,0.021459881216287613
3.4829931972789114,532.2414,0.0066282725892961025
3.5062131519274375,541.43646,0.009912528097629547
3.5294331065759637,560.76294,0.020988626405596733
3.5526530612244898,565.9893,0.04011823982000351
3.575873015873016,584.10596,0.03259953856468201
3.599092970521542,597.1414,0.0312868133187294
3.622312925170068,597.74097,0.03645459562540054
3.645532879818594,584.4037,0.03726968169212341
3.6687528344671203,564.44073,0.029415566474199295
3.6919727891156464,551.25,0.013466082513332367
3.7151927437641725,546.412,0.019490035250782967
3.7384126984126986,567.46326,0.03973031044006348
3.7616326530612247,573.02496,0.04396512359380722
3.784852607709751,589.2086,0.03722990304231644
3.8080725623582765,597.44104,0.04149479418992996
3.8312925170068026,596.84216,0.04263029992580414
3.8545124716553287,588.3017,0.037745293229818344
3.877732426303855,587.6986,0.03555234149098396
3.900952380952381,600.7568,0.03812149539589882
3.924172335600907,622.0655,0.0297092255204916
3.947392290249433,641.0526,0.021462559700012207
3.9706122448979593,658.88715,0.020161977037787437
3.9938321995464854,659.85034,0.02315877377986908
4.017052154195011,647.1698,0.022940875962376595
4.040272108843538,633.8809,0.034447669982910156
4.063492063492063,625.3677,0.03499222546815872
4.08671201814059,624.8988,0.036397241055965424
4.1099319727891155,635.1852,0.03929920122027397
4.133151927437642,651.1711,0.02790006995201111
4.156371882086168,666.16315,0.038243748247623444
4.179591836734694,668.5311,0.04614151641726494
4.20281179138322,654.83875,0.038912080228328705
4.2260317460317465,633.8809,0.06195734068751335
4.249251700680272,619.5109,0.056867875158786774
4.272471655328799,620.19086,0.057173460721969604
4.295691609977324,632.582,0.05813002586364746
4.31891156462585,649.1878,0.04051682725548744
4.342131519274377,665.05457,0.05088155344128609
4.365351473922902,671.5736,0.06719401478767395
4.388571428571429,664.709,0.06422381103038788
4.4117913832199545,650.5086,0.05873571336269379
4.435011337868481,636.4949,0.08453100919723511
4.458231292517007,632.9062,0.08551958203315735
4.481451247165533,646.2355,0.0686299204826355
4.504671201814059,670.8925,0.08850466459989548
4.527891156462585,695.7252,0.10420578718185425
4.551111111111111,717.0732,0.05711198225617409
4.574331065759638,729.1082,0.0543547198176384
4.597551020408163,720.9809,0.08797892928123474
4.62077097505669,697.856,0.13939255475997925
4.6439909297052155,674.3119,0.09737838059663773
4.667210884353741,671.3386,0.10832289606332779
4.690430839002268,686.29517,0.13114285469055176
4.713650793650793,706.7308,0.08577509224414825
4.73687074829932,718.74274,0.039828937500715256
4.760090702947846,740.61066,0.038136959075927734
4.783310657596372,728.4625,0.06402061879634857
4.806530612244898,706.8566,0.17891596257686615
4.829750566893424,691.85223,0.19184182584285736
4.85297052154195,678.46155,0.1573045253753662
4.876190476190477,686.29517,0.17598222196102142
4.899410430839002,703.9909,0.1298045963048935
4.922630385487529,716.10284,0.048331763595342636
4.9458503401360545,751.31647,0.04165646433830261
4.96907029478458,747.84174,0.056512556970119476
4.992290249433107,717.0732,0.14691556990146637
5.015510204081632,704.39246,0.25093233585357666
5.038730158730159,695.7252,0.24283067882061005
5.061950113378685,702.08954,0.21353524923324585
5.085170068027211,711.8644,0.09262715280056
5.108390022675737,735.43774,0.06934094429016113
5.131609977324263,751.9559,0.05639141798019409
5.154829931972789,759.57446,0.0624469518661499
5.178049886621316,765.78143,0.05777331441640854
5.201269841269841,772.8866,0.03884740173816681
5.224489795918368,774.0836,0.03676001727581024
5.2477097505668935,769.3176,0.045648954808712006
5.27092970521542,763.05347,0.06960991770029068
5.294149659863946,755.36523,0.08064644038677216
5.317369614512471,748.6111,0.0687216967344284
5.340589569160998,754.98486,0.06326709687709808
5.363809523809524,768.52893,0.05649973824620247
5.38702947845805,781.1235,0.03975678235292435
5.410249433106576,788.28204,0.05243075266480446
5.433469387755102,778.9091,0.059118375182151794
5.456689342403628,751.2303,0.10769597440958023
5.479909297052155,732.63666,0.1579863429069519
5.50312925170068,728.1734,0.14785563945770264
5.526349206349207,740.61066,0.10808859765529633
5.5495691609977325,759.9595,0.0844632089138031
5.572789115646259,782.3112,0.06109326332807541
5.596009070294785,801.00903,0.08842755854129791
5.61922902494331,793.57324,0.06825851649045944
5.642448979591837,443.43893,0.09834764897823334
5.6656689342403626,747.45764,0.16429749131202698
5.688888888888889,735.7432,0.19059698283672333
5.712108843537415,739.85767,0.1475629210472107
5.735328798185941,756.5086,0.12437006831169128
5.758548752834467,777.29395,0.09257572889328003
5.7817687074829935,792.35114,0.10739760100841522
5.804988662131519,791.13275,0.08615721017122269
5.828208616780046,788.28204,0.0906284749507904
5.851428571428571,795.2087,0.09860730171203613
5.874648526077098,807.93896,0.1401597261428833
5.897868480725624,820.77466,0.2106930911540985
5.92108843537415,835.3938,0.2119644284248352
5.944308390022676,842.95776,0.11398542672395706
5.9675283446712015,884.2105,0.15035533905029297
5.990748299319728,872.1603,0.13866813480854034
6.013968253968254,848.50635,0.19916407763957977
6.03718820861678,831.65137,0.21205799281597137
6.060408163265306,833.7762,0.22087156772613525
6.0836281179138325,851.52435,0.14956702291965485
6.106848072562358,874.1328,0.12354657053947449
6.130068027210885,892.261,0.15646129846572876
6.15328798185941,896.34143,0.1963845193386078
6.176507936507937,877.5,0.18720164895057678
6.199727891156463,848.9141,0.2910390794277191
6.222947845804989,828.7834,0.30555176734924316
6.246167800453515,824.92413,0.3495069444179535
6.269387755102041,840.84296,0.31819742918014526
6.292607709750567,870.83545,0.193193256855011
6.315827664399093,899.00824,0.14779460430145264
6.339047619047619,734.2583,0.14693258702754974
6.362267573696145,886.1353,0.2569739520549774
6.3854875283446715,859.95,0.2924138605594635
6.408707482993197,833.3168,0.36515945196151733
6.431927437641724,821.60126,0.34802427887916565
6.455147392290249,829.11584,0.4205576181411743
6.478367346938776,851.52435,0.27258554100990295
6.501587301587302,876.73956,0.22901906073093414
6.524807256235828,883.359,0.25712794065475464
6.548027210884354,862.1052,0.29579365253448486
6.57124716553288,826.5417,0.2665831446647644
6.594467120181406,602.8861,0.16440337896347046
6.617687074829932,770.5036,0.14133737981319427
6.640907029478458,781.519,0.10246016085147858
6.664126984126984,802.6521,0.14891432225704193
6.6873469387755105,812.9032,0.192857027053833
6.710566893424036,798.99347,0.11702064424753189
6.733786848072563,777.29395,0.12292543053627014
6.757006802721088,758.80566,0.17647457122802734
6.780226757369615,750.5415,0.15380683541297913
6.8034467120181406,760.34485,0.13395988941192627
6.826666666666667,784.29877,0.10288552194833755
6.849886621315193,809.587,0.1632533222436905
6.873106575963719,825.34143,0.22990496456623077
6.896326530612245,824.09094,0.22311878204345703
6.9195464852607715,668.1818,0.10649459064006805
6.942766439909297,773.2966,0.12880714237689972
6.965986394557823,755.6075,0.1614210158586502
6.989206349206349,755.36523,0.13263145089149475
7.012426303854875,768.9231,0.09925739467144012
7.035646258503402,791.0314,0.09708523750305176
7.058866213151927,813.00446,0.1419750452041626
7.082086167800454,822.42944,0.16926103830337524
7.1053061224489795,812.9032,0.13109543919563293
7.128526077097506,794.1971,0.0859115868806839
7.151746031746032,779.152,0.09667210280895233
7.174965986394558,770.5941,0.09213244915008545
7.198185941043084,769.7125,0.08239193260669708
7.2214058956916105,772.8866,0.06749845296144485
7.244625850340136,769.3176,0.07823481410741806
7.267845804988662,752.48193,0.11963121592998505
7.291065759637188,734.23517,0.12576605379581451
7.314285714285714,729.67944,0.12134860455989838
7.337505668934241,736.1502,0.09771326184272766
7.360725623582766,740.9878,0.08693240582942963
7.383945578231293,738.73096,0.09601625800132751
7.4071655328798185,732.4107,0.13229387998580933
7.430385487528345,721.4724,0.14476054906845093
7.453605442176871,713.44794,0.13767097890377045
7.476825396825397,720.0,0.12444384396076202
7.500045351473923,738.73096,0.10459783673286438
7.5232653061224495,758.80566,0.0776870995759964
7.546485260770975,770.2096,0.0618564635515213
7.569705215419502,630.96576,0.09006901830434799
7.592925170068027,741.17645,0.14723920822143555
7.616145124716553,722.9508,0.18675611913204193
7.63936507936508,712.3675,0.1801758110523224
7.662585034013605,717.0732,0.1439179629087448
7.685804988662132,731.6742,0.1388896256685257
7.7090249433106575,749.3821,0.09329494833946228
7.732244897959184,762.2776,0.08473474532365799
7.75546485260771,761.11676,0.10374737530946732
7.778684807256236,743.5195,0.15404942631721497
7.801904761904762,721.10376,0.17676131427288055
7.8251247165532885,708.342,0.16805849969387054
7.848344671201814,710.57404,0.12868323922157288
7.871564625850341,717.8027,0.10198840498924255
7.894784580498866,714.8936,0.11827840656042099
7.918004535147393,692.90424,0.16062933206558228
7.9412244897959186,663.3426,0.09475227445363998
7.964444444444444,656.8567,0.08189657330513
7.987664399092971,671.2329,0.1151961088180542
8.010884353741497,681.2565,0.09656810760498047
8.034104308390022,676.0348,0.08572089672088623
8.057324263038549,656.25,0.0638544037938118
8.080544217687075,639.4614,0.06791077554225922
8.103764172335602,634.53235,0.07957068830728531
8.126984126984127,643.125,0.07199802994728088
8.150204081632653,662.1622,0.07790571451187134
8.17342403628118,679.8561,0.09209808707237244
8.196643990929706,682.8672,0.08289850503206253
8.219863945578231,671.2329,0.08434335887432098
8.243083900226758,649.5175,0.06476956605911255
8.266303854875284,630.3216,0.07697801291942596
8.289523809523809,623.32153,0.07097309827804565
8.312743764172335,633.2307,0.07317977398633957
8.335963718820862,653.1665,0.06376583129167557
8.359183673469389,676.0348,0.08045201003551483
8.382403628117913,685.95087,0.07350370287895203
8.40562358276644,675.68945,0.07625710964202881
8.428843537414966,649.8476,0.062459856271743774
8.452063492063493,629.6788,0.07675231248140335
8.475283446712018,630.3216,0.07427339255809784
8.498503401360544,641.7879,0.06500108540058136
8.52172335600907,650.178,0.05097874253988266
8.544943310657597,647.1698,0.04920578375458717
8.568163265306122,627.758,0.056162651628255844
8.591383219954649,596.25586,0.0307618398219347
8.614603174603175,581.1455,0.024605536833405495
8.6378231292517,585.813,0.020901277661323547
8.661043083900227,591.0309,0.0161796472966671
8.684263038548753,592.5581,0.015236596576869488
8.70748299319728,583.8086,0.013030115514993668
8.730702947845804,583.5115,0.01972716487944126
8.753922902494331,577.2251,0.026852112263441086
8.777142857142858,573.3,0.0263426061719656
8.800362811791384,592.2521,0.02001247927546501
8.823582766439909,610.92865,0.03594397008419037
8.846802721088435,611.2423,0.0351707860827446
8.870022675736962,599.2451,0.026736874133348465
8.893242630385489,577.63226,0.02488977089524269
8.916462585034013,557.9453,0.018924647942185402
8.93968253968254,554.02014,0.016520971432328224
8.962902494331066,578.8351,0.028835508972406387
8.986122448979591,581.4402,0.02406768873333931
9.009342403628118,603.4972,0.03362882882356644
9.032562358276644,605.3381,0.03330320492386818
9.05578231292517,585.0,0.021278351545333862
9.079002267573696,570.0621,0.026201307773590088
9.102222222222222,563.57825,0.018239159137010574
9.125442176870749,561.9266,0.020646147429943085
9.148662131519275,566.2558,0.02708759531378746
9.1718820861678,570.0621,0.022528471425175667
9.195102040816327,565.0224,0.013943905010819435
9.218321995464853,549.5327,0.002894932171329856
9.24154195011338,508.35736,0.0021211132407188416
9.264761904761905,515.18695,0.0013498121406883001
9.287981859410431,366.165,0.0017405583057552576
9.311201814058958,521.7593,0.0017875407356768847
9.334421768707482,513.2881,0.0032290590461343527
9.357641723356009,498.70758,0.008067652583122253
9.380861678004536,497.0287,0.007059401832520962
9.404081632653062,500.36102,0.004252579063177109
9.427301587301587,508.27118,0.0019420960452407598
9.450521541950113,328.754,0.003933176398277283
9.47374149659864,530.5263,0.0031340215355157852
9.496961451247167,517.76416,0.002443636069074273
9.520181405895691,397.8093,0.004874760285019875
9.543401360544218,493.42657,0.009627033025026321
9.566621315192744,491.56052,0.007424955256283283
9.58984126984127,496.51996,0.004936714190989733
9.613061224489796,505.0823,0.002371246460825205
9.636281179138322,254.58626,0.003581472672522068
9.659501133786849,528.8321,0.002840374829247594
9.682721088435374,517.7161,0.0020379703491926193
9.7059410430839,506.41147,0.0063803791999816895
9.729160997732427,494.11765,0.008899116888642311
9.752380952380953,493.13098,0.006218703463673592
9.775600907029478,501.39536,0.003501422703266144
9.798820861678005,509.1474,0.0013259499100968242
9.822040816326531,354.69168,0.0015343683771789074
9.845260770975058,453.47043,0.005317110568284988
9.868480725623582,485.43607,0.009859390556812286
9.891700680272109,481.7279,0.009029572829604149
9.914920634920636,483.0986,0.010164226405322552
9.93814058956916,489.74084,0.007927061058580875
9.961360544217687,498.0493,0.005007920786738396
9.984580498866213,501.9141,0.006566178519278765
10.00780045351474,496.26596,0.008253883570432663
10.031020408163265,485.63187,0.006561622954905033
10.054240362811791,480.34232,0.008148040622472763
10.077460317460318,481.84183,0.00843329168856144
10.100680272108844,489.22345,0.007370609324425459
10.12390022675737,496.9751,0.003148025134578347
10.147120181405896,506.4488,0.0011057964293286204
10.170340136054422,202.19052,0.0022001757752150297
10.193560090702949,491.82156,0.008730994537472725
10.216780045351474,480.91605,0.00774520356208086
10.24,469.89877,0.006573553197085857
10.263219954648527,476.75674,0.008329133503139019
10.286439909297052,488.51962,0.008658887818455696
10.309659863945578,498.70758,0.004578809253871441
10.332879818594105,503.7383,0.007029633037745953
10.356099773242631,493.6567,0.009830554947257042
10.379319727891156,480.13065,0.006938162259757519
10.402539682539683,471.91013,0.0055671678856015205
10.425759637188209,473.70844,0.0050336141139268875
10.448979591836736,481.34094,0.007218067534267902
10.47219954648526,483.60315,0.008380657993257046
10.495419501133787,473.95087,0.0071590738371014595
10.518639455782314,334.99728,0.004180330317467451
10.54185941043084,436.86133,0.002945125102996826
10.565079365079365,439.68094,0.0024629675317555666
10.588299319727891,445.6915,0.002645714906975627
10.611519274376418,444.50928,0.0024504850152879953
10.634739229024943,438.6911,0.0017819181084632874
10.65795918367347,435.91434,0.0023514286149293184
10.681179138321996,434.7207,0.0032803649082779884
10.704399092970522,431.1787,0.003267360385507345
10.727619047619047,434.82098,0.0031472770497202873
10.750839002267574,442.63077,0.0033780073281377554
10.7740589569161,450.72623,0.0044744424521923065
10.797278911564627,452.53976,0.005845389328896999
10.820498866213152,444.50928,0.004681554157286882
10.843718820861678,387.84274,0.002688884735107422
10.866938775510205,427.6018,0.004544113762676716
10.890158730158731,423.36002,0.004013043828308582
10.913378684807256,428.37424,0.0033046219032257795
10.936598639455783,441.23224,0.0032464140094816685
10.95981859410431,456.40363,0.005511395633220673
10.983038548752834,456.62125,0.006560549605637789
11.00625850340136,448.17072,0.0054428353905677795
11.029478458049887,388.0435,0.0027349607553333044
11.052698412698414,381.52673,0.004200928378850222
11.075918367346938,426.08694,0.003987978212535381
11.099138321995465,428.3864,0.003357413224875927
11.122358276643991,437.0892,0.0028126840479671955
11.145578231292518,443.80295,0.003402243833988905
11.168798185941043,442.63077,0.002929250244051218
11.19201814058957,435.27274,0.0023300242610275745
11.215238095238096,427.8092,0.0038290522061288357
11.23845804988662,418.8918,0.004837957210838795
11.261678004535147,402.73972,0.004384993575513363
11.284897959183674,391.0798,0.0029365639202296734
11.3081179138322,388.4456,0.0027910606004297733
11.331337868480725,397.08685,0.0028145932592451572
11.354557823129252,399.09503,0.00296366261318326
11.377777777777778,400.05338,0.0029779011383652687
11.400997732426305,395.82892,0.0029182930011302233
11.42421768707483,392.92453,0.0027562198229134083
11.447437641723356,389.65698,0.00247764540836215
11.470657596371883,387.44186,0.002516290871426463
11.49387755102041,385.15283,0.0026079020462930202
11.517097505668934,390.06244,0.0028307423926889896
11.54031746031746,393.75,0.0032656339462846518
11.563537414965987,400.7067,0.0037447521463036537
11.586757369614512,404.8056,0.0037192897871136665
11.609977324263038,400.9091,0.0037775260861963034
11.633197278911565,388.0435,0.0026123139541596174
11.656417233560092,373.53098,0.0021395215298980474
11.679637188208616,374.12512,0.0020078574307262897
11.702857142857143,383.28223,0.0022002989426255226
11.72607709750567,395.20294,0.0031402702443301678
11.749297052154196,402.41547,0.00298042013309896
11.77251700680272,406.0358,0.00268074544146657
11.795736961451247,410.12036,0.002781165763735771
11.818956916099774,395.62006,0.00257601379416883
11.8421768707483,383.26996,0.0024280298966914415
11.865396825396825,378.13504,0.0023060680832713842
11.888616780045352,389.25232,0.0023112890776246786
11.911836734693878,396.87665,0.0026513051707297564
11.935056689342403,400.30258,0.00239844573661685
11.95827664399093,410.79453,0.0023178872652351856
11.981496598639456,416.03775,0.002488063182681799
12.004716553287983,411.2452,0.0025267975870519876
12.027936507936507,391.34775,0.0020933097694069147
12.051156462585034,377.52808,0.0016727575566619635
12.07437641723356,376.5208,0.0015505030751228333
12.097596371882087,384.85626,0.0016349770594388247
12.120816326530612,393.13058,0.0019244591239839792
12.144036281179138,407.49487,0.001673694234341383
12.167256235827665,410.86957,0.0016040619229897857
12.190476190476192,401.1236,0.001299579394981265
12.213696145124716,377.93253,0.0008088401518762112
12.236916099773243,367.28137,0.0005055314977653325
12.26013605442177,365.7583,0.00010266064782626927
12.283356009070294,367.5,1.776755198079627e-05
12.30657596371882,0.0,4.4788248487748206e-07
12.329795918367347,0.0,4.3068575905635953e-07
12.353015873015874,0.0,3.565646693459712e-07
12.376235827664399,0.0,6.080799721530639e-07
12.399455782312925,0.0,4.802868716069497e-07
12.422675736961452,0.0,1.5853856893954799e-07
12.445895691609978,0.0,3.3981541491812095e-07
12.469115646258503,0.0,4.967560016666539e-07
12.49233560090703,0.0,4.871744749834761e-07
12.515555555555556,0.0,5.848314685863443e-07
12.538775510204083,0.0,1.0392186595709063e-06
12.561995464852608,0.0,4.949242793372832e-07
12.585215419501134,0.0,1.5960722521413118e-07
12.60843537414966,0.0,1.316848283750005e-07
12.631655328798185,0.0,8.215920388465747e-08
12.654875283446712,0.0,5.238680387265049e-07
12.678095238095239,0.0,6.271238817134872e-07
12.701315192743765,0.0,6.635173122049309e-07
12.72453514739229,0.0,5.874317139387131e-07
12.747755102040816,0.0,3.580489646992646e-07
12.770975056689343,0.0,9.116320143220946e-08
12.79419501133787,0.0,6.145364750409499e-08
12.817414965986394,0.0,1.6849298845045269e-07
12.84063492063492,0.0,3.1943000067258254e-07
12.863854875283447,0.0,3.549421307980083e-07
12.887074829931972,0.0,7.67743586038705e-07
12.910294784580499,0.0,6.200079951668158e-07
12.933514739229025,0.0,6.405380190699361e-07
12.956734693877552,0.0,6.779473551432602e-07
12.979954648526077,0.0,4.3066484067821875e-07
13.003174603174603,0.0,1.0937310435110703e-07
13.02639455782313,0.0,1.5004570741439238e-07
13.049614512471656,0.0,3.275654307799414e-07
13.072834467120181,0.0,2.934821168310009e-07
13.096054421768708,0.0,1.1504926078487188e-07
13.119274376417234,0.0,2.3501434043282643e-07
13.14249433106576,0.0,2.0312836568336934e-07
13.165714285714285,0.0,1.2399596016621217e-07
13.188934240362812,0.0,2.409724402241409e-07
13.212154195011339,0.0,2.1911364456173033e-07
13.235374149659863,0.0,6.348273018375039e-08
13.25859410430839,0.0,1.0420535545563325e-07
