0.0,0.0,3.5356606531422585e-08
0.023219954648526078,0.0,4.4798980525229126e-08
0.046439909297052155,0.0,2.1081177692394704e-08
0.06965986394557823,0.0,2.6048837753478438e-08
0.09287981859410431,0.0,2.3854227038100362e-08
0.11609977324263039,0.0,3.1535819289274514e-08
0.13931972789115646,0.0,1.9754224922508e-08
0.16253968253968254,0.0,1.2080818123649806e-08
0.18575963718820862,0.0,1.8848368199542165e-08
0.2089795918367347,0.0,9.375071385875344e-09
0.23219954648526078,0.0,1.2963027984369546e-08
0.25541950113378686,0.0,2.998149284394458e-08
0.2786394557823129,0.0,2.8724571166094393e-08
0.301859410430839,0.0,1.9411345419939607e-08
0.3250793650793651,0.0,2.36614141613245e-08
0.3482993197278912,0.0,2.3317625164054334e-08
0.37151927437641724,0.0,1.4617398846894503e-08
0.3947392290249433,0.0,3.318382368888706e-08
0.4179591836734694,0.0,8.91595846042037e-08
0.44117913832199546,0.0,2.8318936529103667e-08
0.46439909297052157,0.0,2.8845533961430192e-08
0.4876190476190476,0.0,2.0264451450202614e-08
0.5108390022675737,0.0,2.1571977413259447e-06
0.5340589569160998,380.71942,3.594824011088349e-05
0.5572789115646258,434.78873,7.060123607516289e-05
0.5804988662131519,408.33334,5.171193333808333e-05
0.603718820861678,352.19623,3.085445496253669e-05
0.626938775510204,336.27454,2.4458293410134502e-05
0.6501587301587302,336.64124,2.921440318459645e-05
0.6733786848072563,341.50748,5.0101501983590424e-05
0.6965986394557824,442.39703,8.106323366519064e-05
0.7198185941043084,589.51154,9.983686322811991e-05
0.7430385487528345,689.0625,0.00010494470916455612
0.7662585034013606,544.9827,6.781009142287076e-05
0.7894784580498866,356.6038,4.388355591800064e-05
0.8126984126984127,337.56152,4.376525612315163e-05
0.8359183673469388,343.0,6.080270031816326e-05
0.8591383219954649,410.79453,9.489560034126043e-05
0.8823582766439909,370.58823,0.0001274902024306357
0.905578231292517,350.55643,9.969644452212378e-05
0.9287981859410431,405.51724,5.7293204008601606e-05
0.9520181405895691,336.81262,4.3228988943155855e-05
0.9752380952380952,340.3528,6.386018503690138e-05
0.9984580498866213,425.97867,0.00010561685485299677
1.0216780045351475,370.19937,0.00013997196219861507
1.0448979591836736,363.06256,0.00014900416135787964
1.0681179138321997,371.17307,0.00012025563773931935
1.0913378684807256,485.8867,9.41904800129123e-05
1.1145578231292517,402.41547,0.000129438703879714
1.1377777777777778,364.4628,0.0001634227519389242
1.1609977324263039,363.33676,0.00018824829021468759
1.18421768707483,365.9751,0.0001918168127303943
1.207437641723356,366.73596,0.0001910291612148285
1.2306575963718822,361.84616,0.00015644310042262077
1.253877551020408,360.16333,8.071228512562811e-05
1.2770975056689342,281.33972,6.851080252090469e-05
1.3003174603174603,423.6097,5.8561294281389564e-05
1.3235374149659864,415.16736,9.640756616136059e-05
1.3467573696145125,435.49896,9.673256136011332e-05
1.3699773242630386,424.94647,7.182244735304266e-05
1.3931972789115648,423.13434,6.837278488092124e-05
1.4164172335600906,433.92026,9.519139712210745e-05
1.4396371882086167,448.07486,8.523184078512713e-05
1.4628571428571429,456.75815,8.334236918017268e-05
1.486077097505669,453.9003,0.00010322302114218473
1.509297052154195,348.7085,0.00016477570170536637
1.5325170068027212,423.13434,0.00015796671505086124
1.5557369614512473,417.56967,0.00014813774032518268
1.5789569160997732,429.03226,0.00012121335021220148
1.6021768707482993,453.7037,0.00011509481555549428
1.6253968253968254,447.48856,0.00010484784434083849
1.6486167800453515,463.7224,0.00011855236516566947
1.6718367346938776,440.26624,0.0002116742543876171
1.6950566893424037,430.01083,0.00014871734310872853
1.7182766439909298,428.84927,0.00014238012954592705
1.7414965986394557,444.50928,0.00015516846906393766
1.7647165532879818,462.26413,0.00013252723147161305
1.787936507936508,464.94467,0.0001257832336705178
1.811156462585034,458.65833,0.00015908479690551758
1.8343764172335602,456.04965,0.00015648467524442822
1.8575963718820863,427.0642,0.00016595762281212956
1.8808163265306124,350.46356,0.0003894679539371282
1.9040362811791383,550.33276,0.00097060133703053
1.9272562358276644,551.25,0.0012806729646399617
1.9504761904761905,380.44574,0.0004305807233322412
1.9736961451247166,514.69495,0.0003920505696441978
1.9969160997732427,418.12604,0.0006294480990618467
2.020136054421769,551.25,0.001191945979371667
2.043356009070295,561.00665,0.0020705938804894686
2.066575963718821,559.11255,0.002588250208646059
2.089795918367347,541.70856,0.0019463221542537212
2.1130158730158732,518.1462,0.0006832933286204934
2.1362358276643993,343.27972,0.000376504089217633
2.159455782312925,517.30206,0.0005990853533148766
2.182675736961451,557.2202,0.001391124096699059
2.2058956916099772,565.06964,0.0026551398914307356
2.2291156462585033,564.5161,0.00256368494592607
2.2523356009070294,546.2838,0.0024608613457530737
2.2755555555555556,520.1835,0.0007305356557480991
2.2987755102040817,507.4268,0.0005651168758049607
2.3219954648526078,529.72974,0.0011015182826668024
2.345215419501134,567.4053,0.0024051533546298742
2.36843537414966,568.7265,0.0020853127352893353
2.391655328798186,573.91986,0.0023049875162541866
2.414875283446712,562.5624,0.0029108000453561544
2.4380952380952383,551.93994,0.0009356149239465594
2.4613151927437644,524.10864,0.0012780132237821817
2.48453514739229,558.22784,0.0021363957785069942
2.507755102040816,511.89786,0.0026806332170963287
2.5309750566893423,428.15533,0.0009279013611376286
2.5541950113378684,584.10596,0.001872440567240119
2.5774149659863945,580.2632,0.0035024858079850674
2.6006349206349206,581.7942,0.002209222875535488
2.6238548752834467,466.66666,0.00122225156519562
2.647074829931973,168.50436,0.0005220604361966252
2.670294784580499,539.214,0.0018702163361012936
2.693514739229025,612.1599,0.0014437319478020072
2.716734693877551,718.10345,0.0018879062263295054
2.7399546485260773,710.2489,0.0009499653242528439
2.7631746031746034,173.81757,0.0010058311745524406
2.7863945578231295,460.1739,0.0038394848816096783
2.809614512471655,412.14954,0.0016487003304064274
2.8328344671201813,756.5086,0.0019389425870031118
2.8560544217687074,733.88806,0.0020231865346431732
2.8792743764172335,515.1346,0.0013101891381666064
2.9024943310657596,694.48816,0.0010783788748085499
2.9257142857142857,455.5785,0.001538661541417241
2.948934240362812,727.2085,0.003017204347997904
2.972154195011338,728.9256,0.0011298265308141708
2.995374149659864,735.8458,0.001693251309916377
3.01859410430839,718.6667,0.0010473867878317833
3.0418140589569163,351.04477,0.001106758019886911
3.0650340136054424,681.9588,0.0006221233634278178
3.0882539682539685,617.96173,0.0024478696286678314
3.1114739229024946,387.32748,0.0013461082708090544
3.1346938775510207,761.8902,0.001467896276153624
3.1579138321995464,748.22626,0.001442634267732501
3.1811337868480725,726.03656,0.0015265520196408033
3.2043537414965986,264.73236,0.0007245164597406983
3.2275736961451247,722.9508,0.002321606734767556
3.250793650793651,725.07336,0.002415791153907776
3.274013605442177,519.08905,0.0013628099113702774
3.297233560090703,570.5045,0.0036570029333233833
3.320453514739229,560.4448,0.002675158903002739
3.3436734693877552,407.86127,0.0020914445631206036
3.3668934240362813,535.53326,0.0014910341706126928
3.3901133786848074,538.3758,0.0010897215688601136
3.4133333333333336,539.7246,0.0010078530758619308
3.4365532879818597,533.8421,0.0015051965601742268
3.4597732426303858,523.9153,0.0017341941129416227
3.4829931972789114,514.35095,0.0015182432252913713
3.5062131519274375,522.0278,0.0016069964040070772
3.5294331065759637,522.8351,0.0017418618081137538
3.5526530612244898,535.81616,0.0018071105005219579
3.575873015873016,540.0,0.0017038718797266483
3.599092970521542,532.7206,0.002414589747786522
3.622312925170068,512.5198,0.0016993724275380373
3.645532879818594,448.5546,0.001040255301631987
3.6687528344671203,508.22418,0.0015027576591819525
3.6919727891156464,519.379,0.002108389511704445
3.7151927437641725,543.8849,0.0022439968306571245
3.7384126984126986,566.2558,0.003117535263299942
3.7616326530612247,539.17474,0.0026407637633383274
3.784852607709751,516.9725,0.0021449800115078688
3.8080725623582765,509.5588,0.001628240803256631
3.8312925170068026,503.87482,0.0018773205811157823
3.8545124716553287,521.223,0.0022049867548048496
3.877732426303855,538.3758,0.00187103939242661
3.900952380952381,510.24792,0.000774132669903338
3.924172335600907,441.0,0.0003528528905007988
3.947392290249433,420.22235,0.0003594778827391565
3.9706122448979593,428.61774,0.00024788413429632783
3.9938321995464854,444.3325,0.00021710159489884973
4.017052154195011,448.3146,0.00020181521540507674
4.040272108843538,443.3333,0.0002753913286142051
4.063492063492063,434.82098,0.00025687587913125753
4.08671201814059,425.40195,0.00021134698181413114
4.1099319727891155,427.69394,0.00021107180509716272
4.133151927437642,390.87592,0.00027718659839592874
4.156371882086168,454.3926,0.00025651679607108235
4.179591836734694,467.161,0.0003212051233276725
4.20281179138322,460.89108,0.00025238891248591244
4.2260317460317465,444.10873,0.00037244660779833794
4.249251700680272,378.94736,0.0003232857561670244
4.272471655328799,419.3344,0.0003378989058546722
4.295691609977324,429.54547,0.00026726958458311856
4.31891156462585,450.68985,0.0002562213339842856
4.342131519274377,464.94467,0.00029330936376936734
4.365351473922902,455.38046,0.0002513202780392021
4.388571428571429,441.69742,0.000388227665098384
4.4117913832199545,426.3158,0.00030196874286048114
4.435011337868481,423.82397,0.00027052301447838545
4.458231292517007,435.95212,0.0002594302350189537
4.481451247165533,454.17096,0.00024911484797485173
4.504671201814059,453.9003,0.00027595864958129823
4.527891156462585,725.329,0.000630732683930546
4.551111111111111,272.01233,0.0007135295309126377
4.574331065759638,284.66916,0.0006191242136992514
4.597551020408163,342.5686,0.0004318903083913028
4.62077097505669,329.28,0.00032151586492545903
4.6439909297052155,504.78665,0.00035024905810132623
4.667210884353741,359.44983,0.000294609839329496
4.690430839002268,493.92,0.00026274973060935736
4.713650793650793,474.67966,0.00023008653079159558
4.73687074829932,340.8037,0.00026512338081374764
4.760090702947846,339.23077,0.00027347751893103123
4.783310657596372,340.7285,0.0002637881552800536
4.806530612244898,369.8113,0.00023392366711050272
4.829750566893424,564.7812,0.0002836930798366666
4.85297052154195,359.3156,0.00036837131483480334
4.876190476190477,401.31448,0.0003219591162633151
4.899410430839002,557.9336,0.0002516377717256546
4.922630385487529,378.8277,0.00018849701154977083
4.9458503401360545,329.98398,0.00016850477550178766
4.96907029478458,342.5686,0.00021986615320201963
4.992290249433107,441.23224,0.0002692327543627471
5.015510204081632,377.7302,0.000426987127866596
5.038730158730159,366.54544,0.0004791378160007298
5.061950113378685,327.3595,0.00031338640837930143
5.085170068027211,426.84668,0.00022566731786355376
5.108390022675737,373.1359,0.00015870732022449374
5.131609977324263,341.50748,0.0001885329547803849
5.154829931972789,440.768,0.00023056092322804034
5.178049886621316,372.9387,0.00038105176645331085
5.201269841269841,571.5396,0.0003743011620827019
5.224489795918368,511.49774,0.0004970062291249633
5.2477097505668935,405.08267,0.00023644758039154112
5.27092970521542,404.8056,0.00020971133199054748
5.294149659863946,337.37708,0.00019665961735881865
5.317369614512471,400.26697,0.0001946011179825291
5.340589569160998,488.64267,0.0002600094594527036
5.363809523809524,390.06244,0.0003847340412903577
5.38702947845805,350.37076,0.0003275363123975694
5.410249433106576,268.2482,0.00023581073037348688
5.433469387755102,521.491,0.0001593279157532379
5.456689342403628,380.9451,0.00014378628111444414
5.479909297052155,417.56967,0.00014040149108041078
5.50312925170068,549.24756,0.0001788951485650614
5.526349206349207,387.84274,0.00020361770293675363
5.5495691609977325,383.47827,0.000178218208020553
5.572789115646259,433.4713,0.0001386229123454541
5.596009070294785,383.47827,0.00010042804933618754
5.61922902494331,338.30136,9.82238125288859e-05
5.642448979591837,342.96826,4.641305349650793e-05
5.6656689342403626,0.0,3.46874185197521e-06
5.688888888888889,0.0,1.6679314285283908e-07
5.712108843537415,0.0,3.004151949426159e-08
5.735328798185941,0.0,4.027242539450526e-08
5.758548752834467,0.0,5.514084477908909e-08
5.7817687074829935,0.0,2.2556378098670393e-08
5.804988662131519,0.0,3.0405317374970764e-08
5.828208616780046,0.0,3.1462150218430907e-08
5.851428571428571,0.0,2.5866938813123852e-08
5.874648526077098,0.0,1.7854290490504354e-08
5.897868480725624,0.0,1.9398612494114786e-08
5.92108843537415,0.0,3.21342668030411e-08
5.944308390022676,0.0,5.258152668830007e-08
5.9675283446712015,0.0,3.31456249114126e-08
5.990748299319728,0.0,8.438291843049228e-09
6.013968253968254,0.0,1.6260855772998184e-08
6.03718820861678,0.0,1.6118065104819834e-08
6.060408163265306,0.0,1.8503669707570225e-08
6.0836281179138325,0.0,4.388311936054379e-08
6.106848072562358,0.0,7.997823558980599e-08
6.130068027210885,0.0,2.6221641746815294e-08
6.15328798185941,0.0,1.5344085113611072e-08
6.176507936507937,0.0,7.593371265102178e-09
6.199727891156463,0.0,2.7343958208803087e-08
6.222947845804989,0.0,2.2409949451684952e-08
6.246167800453515,0.0,4.900630301563069e-08
6.269387755102041,0.0,3.0756382329855114e-08
6.292607709750567,0.0,1.7677848518360406e-08
6.315827664399093,0.0,1.738681021379307e-08
6.339047619047619,0.0,2.2460881154984236e-08
6.362267573696145,0.0,1.7286765796598047e-08
6.3854875283446715,0.0,1.5488694771192968e-08
6.408707482993197,0.0,3.69318513548933e-08
6.431927437641724,0.0,1.6432750271633267e-08
6.455147392290249,0.0,1.2395503290463239e-08
6.478367346938776,0.0,1.9233993953093886e-08
6.501587301587302,0.0,3.571585693862289e-08
6.524807256235828,0.0,6.634854798903689e-08
6.548027210884354,0.0,4.454250301932916e-08
6.57124716553288,0.0,3.274635673733428e-08
6.594467120181406,0.0,1.610169420018792e-08
6.617687074829932,0.0,1.2070813681930304e-08
6.640907029478458,0.0,4.106159394723363e-07
6.664126984126984,0.0,9.173136277240701e-07
6.6873469387755105,0.0,1.2722030078293756e-06
6.710566893424036,0.0,1.7433421817258932e-06
6.733786848072563,0.0,1.7535176084493287e-06
6.757006802721088,0.0,1.4382403605850413e-06
6.780226757369615,0.0,1.02818103187019e-06
6.8034467120181406,0.0,8.872239050106145e-07
6.826666666666667,0.0,8.396964403800666e-07
6.849886621315193,0.0,8.253527994384058e-07
6.873106575963719,0.0,7.662838470423594e-07
6.896326530612245,0.0,6.346017471514642e-07
6.9195464852607715,0.0,5.08402990817558e-07
6.942766439909297,0.0,3.9595397538505495e-07
6.965986394557823,0.0,4.1020575736183673e-07
6.989206349206349,0.0,4.982630343874916e-07
7.012426303854875,0.0,6.834088708274066e-07
7.035646258503402,0.0,1.313183929596562e-06
7.058866213151927,0.0,1.389913450111635e-06
7.082086167800454,0.0,5.901520125917159e-07
7.1053061224489795,0.0,2.0986772142350674e-07
7.128526077097506,0.0,1.0281655704602599e-07
7.151746031746032,0.0,1.1029260349459946e-07
7.174965986394558,0.0,5.952188075752929e-08
