0.0,0.0,3.0501996661769226e-07
0.023219954648526078,0.0,3.874920366797596e-07
0.046439909297052155,0.0,4.33431523561012e-07
0.06965986394557823,0.0,2.719807525863871e-07
0.09287981859410431,0.0,2.4803557607810944e-07
0.11609977324263039,0.0,1.4979104889789596e-07
0.13931972789115646,0.0,1.7263573681702837e-07
0.16253968253968254,0.0,1.4066245057620108e-07
0.18575963718820862,0.0,1.0280746209900826e-07
0.2089795918367347,0.0,9.747236617840827e-08
0.23219954648526078,0.0,1.1605243344092742e-07
0.25541950113378686,0.0,7.666731107747182e-07
0.2786394557823129,0.0,2.0020979718538e-06
0.301859410430839,0.0,2.2601721866521984e-05
0.3250793650793651,291.0891,0.00021789930178783834
0.3482993197278912,256.76855,0.0005695042200386524
0.37151927437641724,257.89474,0.000702270888723433
0.3947392290249433,260.10724,0.0008024874259717762
0.4179591836734694,264.9372,0.0009000692516565323
0.44117913832199546,260.38647,0.0008819414651952684
0.46439909297052157,259.82858,0.0009442645823583007
0.4876190476190476,265.37198,0.0010555770713835955
0.5108390022675737,268.75345,0.001288444735109806
0.5340589569160998,268.45602,0.0015827456954866648
0.5572789115646258,270.10022,0.0014800375793129206
0.5804988662131519,266.3921,0.0015642140060663223
0.603718820861678,269.5,0.00160208810120821
0.626938775510204,270.69052,0.0017556652892380953
0.6501587301587302,269.35034,0.0016746555920690298
0.6733786848072563,269.79977,0.0017770424019545317
0.6965986394557824,271.10654,0.0017743611242622137
0.7198185941043084,272.37506,0.0019627143628895283
0.7430385487528345,272.83463,0.001926309079863131
0.7662585034013606,273.3471,0.0017084963619709015
0.7894784580498866,272.83463,0.001689255703240633
0.8126984126984127,278.47302,0.0017766014207154512
0.8359183673469388,290.45007,0.0017887693829834461
0.8591383219954649,306.0865,0.0022097690962255
0.8823582766439909,318.67706,0.0024882564321160316
0.905578231292517,320.63757,0.002607787726446986
0.9287981859410431,318.24744,0.002805340336635709
0.9520181405895691,316.04187,0.0029239794239401817
0.9752380952380952,313.62143,0.0028083855286240578
0.9984580498866213,310.71967,0.002670669462531805
1.0216780045351475,307.8947,0.0025474303402006626
1.0448979591836736,306.25,0.0025501784402877092
1.0681179138321997,305.9232,0.0025401576422154903
1.0913378684807256,306.25,0.002504861680790782
1.1145578231292517,305.27158,0.0024620993062853813
1.1377777777777778,304.13794,0.0024914981331676245
1.1609977324263039,304.62274,0.0024346241261810064
1.18421768707483,307.07016,0.002434395719319582
1.207437641723356,308.5576,0.0025608274154365063
1.2306575963718822,308.72372,0.002737963106483221
1.253877551020408,310.05948,0.002669945126399398
1.2770975056689342,310.7317,0.002738249022513628
1.3003174603174603,310.9002,0.002529981080442667
1.3235374149659864,312.4494,0.002688290551304817
1.3467573696145125,316.91544,0.0031167687848210335
1.3699773242630386,324.9474,0.003813091665506363
1.3931972789115648,333.75378,0.00419045053422451
1.4164172335600906,340.45288,0.004955979064106941
1.4396371882086167,339.60394,0.004945008549839258
1.4628571428571429,335.90857,0.004498763009905815
1.486077097505669,333.0097,0.004230034537613392
1.509297052154195,333.41736,0.00427878275513649
1.5325170068027212,336.45776,0.004701009951531887
1.5557369614512473,341.10495,0.005416061729192734
1.5789569160997732,345.109,0.006239120848476887
1.6021768707482993,344.7236,0.006123776081949472
1.6253968253968254,340.1653,0.005447385832667351
1.6486167800453515,333.0097,0.004219535272568464
1.6718367346938776,328.22964,0.004157979506999254
1.6950566893424037,330.16043,0.004602095112204552
1.7182766439909298,337.56152,0.005480023100972176
1.7414965986394557,344.3391,0.006530690938234329
1.7647165532879818,347.24408,0.006946763023734093
1.787936507936508,343.5726,0.00614421721547842
1.811156462585034,338.48682,0.005057323724031448
1.8343764172335602,339.79083,0.0052007767371833324
1.8575963718820863,346.51648,0.006715147756040096
1.8808163265306124,353.9326,0.008097345009446144
1.9040362811791383,359.2668,0.009568234905600548
1.9272562358276644,360.098,0.009560205042362213
1.9504761904761905,355.83646,0.008444361388683319
1.9736961451247166,352.44754,0.008164708502590656
1.9969160997732427,352.98825,0.009105457924306393
2.020136054421769,356.41165,0.009134734980762005
2.043356009070295,360.687,0.010237417183816433
2.066575963718821,364.83972,0.011734496802091599
2.089795918367347,365.06622,0.012005932629108429
2.1130158730158732,360.0,0.01024184562265873
2.1362358276643993,352.98825,0.007789212744683027
2.159455782312925,349.63004,0.007391779683530331
2.182675736961451,350.92838,0.008269824087619781
2.2058956916099772,354.31174,0.008591361343860626
2.2291156462585033,358.5366,0.009360640309751034
2.2523356009070294,362.06897,0.010259514674544334
2.2755555555555556,362.4037,0.01003795675933361
2.2987755102040817,359.51086,0.00915791466832161
2.3219954648526078,358.14835,0.008748512715101242
2.345215419501134,359.08398,0.008301022462546825
2.36843537414966,364.4628,0.0095413438975811
2.391655328798186,375.31915,0.010476281866431236
2.414875283446712,387.84274,0.0088766198605299
2.4380952380952383,396.03802,0.010296115651726723
2.4613151927437644,394.99475,0.010194066911935806
2.48453514739229,393.75,0.010814160108566284
2.507755102040816,393.9569,0.010916129685938358
2.5309750566893423,394.57895,0.011463348753750324
2.5541950113378684,394.99475,0.012466874904930592
2.5774149659863945,395.20294,0.012378853745758533
2.6006349206349206,395.5157,0.01296875812113285
2.6238548752834467,397.2973,0.01451234333217144
2.647074829931973,399.62686,0.015896117314696312
2.670294784580499,401.55328,0.01704622618854046
2.693514739229025,402.33145,0.01815088465809822
2.716734693877551,401.76846,0.017894994467496872
2.7399546485260773,400.69482,0.017429905012249947
2.7631746031746034,400.9091,0.018200121819972992
2.7863945578231295,403.0645,0.01749364659190178
2.809614512471655,406.2436,0.015821319073438644
2.8328344671201813,414.517,0.01643318124115467
2.8560544217687074,427.46365,0.01879800297319889
2.8792743764172335,443.56802,0.017197541892528534
2.9024943310657596,451.69812,0.019670842215418816
2.9257142857142857,446.80853,0.02409186027944088
2.948934240362812,437.31735,0.029160495847463608
2.972154195011338,433.92026,0.029355570673942566
2.995374149659864,439.61176,0.02691526710987091
3.01859410430839,450.45966,0.02693518064916134
3.0418140589569163,457.23175,0.02571577951312065
3.0650340136054424,454.17096,0.02666335366666317
3.0882539682539685,442.39703,0.03232526034116745
3.1114739229024946,431.24033,0.03678305819630623
3.1346938775510207,431.4624,0.03749372065067291
3.1579138321995464,441.69742,0.0317300483584404
3.1811337868480725,456.04965,0.03093310073018074
3.2043537414965986,464.21054,0.030169691890478134
3.2275736961451247,459.854,0.029675081372261047
3.250793650793651,447.26166,0.031573571264743805
3.274013605442177,437.0892,0.03653179854154587
3.297233560090703,438.46152,0.032061558216810226
3.320453514739229,453.2374,0.031005384400486946
3.3436734693877552,472.98264,0.03604024648666382
3.3668934240362813,494.49542,0.04477240890264511
3.3901133786848074,503.4769,0.05028209462761879
3.4133333333333336,496.26596,0.048983171582221985
3.4365532879818597,484.86914,0.04344114661216736
3.4597732426303858,482.8467,0.050043873488903046
3.4829931972789114,490.99188,0.055517710745334625
3.5062131519274375,504.12524,0.061550289392471313
3.5294331065759637,513.30975,0.06500124931335449
3.5526530612244898,510.36298,0.06625518202781677
3.575873015873016,495.5056,0.05487850308418274
3.599092970521542,479.34784,0.0474279411137104
3.622312925170068,477.37115,0.05480103939771652
3.645532879818594,487.93466,0.06382569670677185
3.6687528344671203,507.6923,0.07130002975463867
3.6919727891156464,523.8661,0.06995547562837601
3.7151927437641725,519.379,0.07961850613355637
3.7384126984126986,500.87762,0.06020134314894676
3.7616326530612247,485.1231,0.04933338984847069
3.784852607709751,484.10873,0.058566875755786896
3.8080725623582765,498.56116,0.07577924430370331
3.8312925170068026,522.45557,0.0930434912443161
3.8545124716553287,543.8849,0.07209311425685883
3.877732426303855,549.8182,0.0815659612417221
3.900952380952381,531.88257,0.09266471117734909
3.924172335600907,507.91187,0.07501647621393204
3.947392290249433,499.58804,0.07262510061264038
3.9706122448979593,506.89655,0.08400940895080566
3.9938321995464854,521.3326,0.0966004729270935
4.017052154195011,538.07825,0.09679248929023743
4.040272108843538,546.6942,0.09764410555362701
4.063492063492063,540.5516,0.10207061469554901
4.08671201814059,523.9153,0.09798533469438553
4.1099319727891155,508.49057,0.0796755850315094
4.133151927437642,505.38116,0.08193069696426392
4.156371882086168,515.1346,0.09194675087928772
4.179591836734694,531.60376,0.10708281397819519
4.20281179138322,543.8849,0.10211987793445587
4.2260317460317465,542.1165,0.1042695865035057
4.249251700680272,529.995,0.10241156816482544
4.272471655328799,519.35486,0.0993080735206604
4.295691609977324,519.35486,0.10034501552581787
4.31891156462585,532.4409,0.10595673322677612
4.342131519274377,557.38116,0.0888533964753151
4.365351473922902,584.8806,0.08140396326780319
4.388571428571429,596.87665,0.10874396562576294
4.4117913832199545,590.72644,0.11038471758365631
4.435011337868481,585.1911,0.11107160896062851
4.458231292517007,591.9463,0.15070071816444397
4.481451247165533,602.8391,0.18357285857200623
4.504671201814059,607.5,0.1863655149936676
4.527891156462585,602.52234,0.1872144639492035
4.551111111111111,585.29865,0.14073914289474487
4.574331065759638,572.7273,0.12377945333719254
4.597551020408163,573.91986,0.12297265231609344
4.62077097505669,587.3735,0.1706947386264801
4.6439909297052155,607.8101,0.19277186691761017
4.667210884353741,622.7511,0.15437588095664978
4.690430839002268,620.8029,0.18038532137870789
4.713650793650793,601.25854,0.1865411102771759
4.73687074829932,583.21466,0.13052457571029663
4.760090702947846,579.65295,0.13101550936698914
4.783310657596372,587.3976,0.14173820614814758
4.806530612244898,592.2521,0.14972878992557526
4.829750566893424,583.5115,0.1053914725780487
4.85297052154195,562.21313,0.0896252766251564
4.876190476190477,534.81555,0.07953876256942749
4.899410430839002,515.39636,0.07527328282594681
4.922630385487529,518.0286,0.08048459887504578
4.9458503401360545,528.0063,0.09610657393932343
4.96907029478458,533.73676,0.09379588067531586
4.992290249433107,529.9373,0.08940090239048004
5.015510204081632,520.4207,0.08618941158056259
5.038730158730159,511.7558,0.07876989245414734
5.061950113378685,509.29132,0.081464484333992
5.085170068027211,515.92065,0.08889370411634445
5.108390022675737,528.8321,0.10260272771120071
5.131609977324263,542.491,0.09677840769290924
5.154829931972789,547.2595,0.09962490946054459
5.178049886621316,540.5516,0.10145549476146698
5.201269841269841,529.38416,0.10156019032001495
5.224489795918368,522.8351,0.10477878153324127
5.2477097505668935,525.0,0.10369007289409637
5.27092970521542,532.1267,0.1030060350894928
5.294149659863946,535.2507,0.09394475817680359
5.317369614512471,529.108,0.08378228545188904
5.340589569160998,513.0619,0.06759284436702728
5.363809523809524,498.8175,0.05652247741818428
5.38702947845805,495.5056,0.05584494024515152
5.410249433106576,498.8175,0.05800160765647888
5.433469387755102,502.43396,0.05932635813951492
5.456689342403628,502.95493,0.05953782796859741
5.479909297052155,499.84546,0.05621633678674698
5.50312925170068,495.2527,0.05423904210329056
5.526349206349207,492.23743,0.053513459861278534
5.5495691609977325,494.49542,0.05837385356426239
5.572789115646259,500.36102,0.06334403902292252
5.596009070294785,506.89655,0.06945586949586868
5.61922902494331,510.7251,0.07206834852695465
5.642448979591837,507.16153,0.07170592248439789
5.6656689342403626,497.28345,0.06412471830844879
5.688888888888889,487.16464,0.055725760757923126
5.712108843537415,485.37738,0.05390198528766632
5.735328798185941,490.0,0.05352627858519554
5.758548752834467,494.97595,0.05597732961177826
5.7817687074829935,492.73743,0.04926320165395737
5.804988662131519,480.5916,0.03552243858575821
5.828208616780046,457.9439,0.023317420855164528
5.851428571428571,443.3333,0.025435753166675568
5.874648526077098,440.07355,0.025444811210036278
5.897868480725624,441.0,0.02490089274942875
5.92108843537415,442.39703,0.02515307068824768
5.944308390022676,441.9304,0.026517314836382866
5.9675283446712015,439.8425,0.02667006105184555
5.990748299319728,439.46188,0.026767555624246597
6.013968253968254,442.39703,0.026981588453054428
6.03718820861678,447.11847,0.02669568546116352
6.060408163265306,450.92023,0.025737643241882324
6.0836281179138325,451.69812,0.025541717186570168
6.106848072562358,450.22974,0.02749834768474102
6.130068027210885,448.3146,0.02968602627515793
6.15328798185941,446.88,0.03137030452489853
6.176507936507937,447.71573,0.0318799763917923
6.199727891156463,450.48386,0.029824107885360718
6.222947845804989,453.00464,0.027290523052215576
6.246167800453515,451.45474,0.024763576686382294
6.269387755102041,443.56802,0.024591729044914246
6.292607709750567,425.40195,0.02052539773285389
6.315827664399093,406.34146,0.01268827822059393
6.339047619047619,398.89447,0.01013253629207611
6.362267573696145,398.98883,0.010238663293421268
6.3854875283446715,400.26697,0.010997883975505829
6.408707482993197,398.5646,0.009976555593311787
6.431927437641724,395.62006,0.010074874386191368
6.455147392290249,394.16403,0.009784076362848282
6.478367346938776,394.78674,0.010560189373791218
6.501587301587302,396.87665,0.012233625166118145
6.524807256235828,400.1008,0.013335307128727436
6.548027210884354,403.2813,0.015240570530295372
6.57124716553288,403.7157,0.015701230615377426
6.594467120181406,401.51746,0.014655185863375664
6.617687074829932,395.82892,0.012635841965675354
6.640907029478458,389.8596,0.011192955076694489
6.664126984126984,388.24445,0.01112761814147234
6.6873469387755105,391.69278,0.011567872948944569
6.710566893424036,397.92993,0.013933589681982994
6.733786848072563,400.69482,0.013354158028960228
6.757006802721088,393.5433,0.010150167159736156
6.780226757369615,375.919,0.008335159160196781
6.8034467120181406,363.26193,0.007830905728042126
6.826666666666667,358.71887,0.006792441010475159
6.849886621315193,359.51086,0.006906528491526842
6.873106575963719,361.4754,0.00706160394474864
6.896326530612245,360.7362,0.006894908845424652
6.9195464852607715,357.95456,0.006372682750225067
6.942766439909297,355.83646,0.005838155280798674
6.965986394557823,354.69168,0.006093412637710571
6.989206349206349,354.69168,0.006140451412647963
7.012426303854875,356.41165,0.006737395189702511
7.035646258503402,358.17258,0.006935209967195988
7.058866213151927,359.1205,0.007453932426869869
7.082086167800454,359.51086,0.007773991674184799
7.1053061224489795,359.44983,0.007698481436818838
7.128526077097506,358.34238,0.007555065676569939
7.151746031746032,357.56757,0.00730452686548233
7.174965986394558,357.56757,0.006943457294255495
7.198185941043084,356.9044,0.006841291207820177
7.2214058956916105,356.41165,0.006333855912089348
7.244625850340136,355.26315,0.005801062565296888
7.267845804988662,351.8617,0.004658058285713196
7.291065759637188,342.04987,0.003363966941833496
7.314285714285714,334.63412,0.0024663438089191914
7.337505668934241,334.81564,0.0024427638854831457
7.360725623582766,337.15594,0.002551235258579254
7.383945578231293,339.92804,0.002611324191093445
7.4071655328798185,340.62823,0.0025051492266356945
7.430385487528345,339.0445,0.0023471598979085684
7.453605442176871,337.7462,0.0022377860732376575
7.476825396825397,336.82486,0.0021692938171327114
7.500045351473923,336.64124,0.0022178846411406994
7.5232653061224495,336.29895,0.0022563457023352385
7.546485260770975,336.82486,0.0022858630400151014
7.569705215419502,337.19278,0.002399880439043045
7.592925170068027,337.19278,0.002328866394236684
7.616145124716553,336.09146,0.0022236662916839123
7.63936507936508,335.44626,0.0023854083847254515
7.662585034013605,335.95734,0.002400424098595977
7.685804988662132,337.00873,0.0025639180094003677
7.7090249433106575,336.45776,0.0024215765297412872
7.732244897959184,332.8302,0.0020553304348140955
7.75546485260771,327.186,0.001627336023375392
7.778684807256236,315.96725,0.001255951588973403
7.801904761904762,304.13794,0.0010225919540971518
7.8251247165532885,301.26117,0.0009632410947233438
7.848344671201814,303.17294,0.001099509303458035
7.871564625850341,304.9468,0.0011059577809646726
7.894784580498866,306.41367,0.0011439879890531301
7.918004535147393,306.74158,0.0012051472440361977
7.9412244897959186,304.7847,0.0011971511412411928
7.964444444444444,303.17294,0.0012407938484102488
7.987664399092971,302.8526,0.0013005293440073729
8.010884353741497,300.94485,0.0012668210547417402
8.034104308390022,298.28302,0.0013156693894416094
8.057324263038549,297.20062,0.0014557982794940472
8.080544217687075,297.35477,0.00154864601790905
8.103764172335602,299.5298,0.0016510130371898413
8.126984126984127,300.787,0.001609219703823328
8.150204081632653,300.15707,0.001569375628605485
8.17342403628118,300.4717,0.0015762295806780457
8.196643990929706,301.73685,0.0015242542140185833
8.219863945578231,302.21402,0.001523688668385148
8.243083900226758,302.533,0.0015017400728538632
8.266303854875284,301.73685,0.0014123222790658474
8.289523809523809,296.43228,0.0012025858741253614
8.312743764172335,284.97577,0.0010036025196313858
8.335963718820862,273.29578,0.0008088608738034964
8.359183673469389,272.08228,0.0008787564584054053
8.382403628117913,272.68127,0.0009371442720293999
8.40562358276644,271.7647,0.0009987695375457406
8.428843537414966,270.40134,0.0009482046589255333
8.452063492063493,266.53845,0.0008987701730802655
8.475283446712018,262.35803,0.0007189310854300857
8.498503401360544,259.82858,0.0006125513464212418
8.52172335600907,259.2731,0.0006140492623671889
8.544943310657597,261.93304,0.000724192475900054
8.568163265306122,266.685,0.0009250352741219103
8.591383219954649,269.94992,0.001071387086994946
8.614603174603175,270.69052,0.0011233529075980186
8.6378231292517,266.53845,0.0010512100998312235
8.661043083900227,262.07455,0.0008026310242712498
8.684263038548753,257.62082,0.0006172809517011046
8.70748299319728,257.7577,0.000636832439340651
8.730702947845804,263.0694,0.0007344074547290802
8.753922902494331,269.6498,0.0009906202321872115
8.777142857142858,273.48837,0.001139477826654911
8.800362811791384,273.29578,0.0010662875138223171
8.823582766439909,270.55215,0.0009555339929647744
8.846802721088435,264.6481,0.0007151305908337235
8.870022675736962,257.744,0.0005490296753123403
8.893242630385489,256.39536,0.0005731639103032649
8.916462585034013,260.79242,0.000626583700068295
8.93968253968254,267.56757,0.0008190007065422833
8.962902494331066,272.68127,0.0009652459993958473
8.986122448979591,273.91306,0.0009566053049638867
9.009342403628118,271.80276,0.0008501522825099528
9.032562358276644,266.97852,0.0006979809841141105
9.05578231292517,264.2157,0.0006233177846297622
9.079002267573696,265.95395,0.0006926191272214055
9.102222222222222,269.2009,0.0007484754314646125
9.125442176870749,272.37506,0.0007888053078204393
9.148662131519275,270.40134,0.0006036469130776823
9.1718820861678,262.3265,0.0003163660876452923
9.195102040816327,252.82555,0.00017832349112723023
9.218321995464853,260.6383,0.00014082547568250448
9.24154195011338,263.54584,7.059219933580607e-05
9.264761904761905,263.44086,1.1359904419805389e-05
9.287981859410431,0.0,9.274772310163826e-07
9.311201814058958,0.0,2.461956682964228e-07
9.334421768707482,0.0,5.354731911211275e-07
9.357641723356009,0.0,9.747873264132068e-08
9.380861678004536,0.0,1.8389891920378432e-07
9.404081632653062,0.0,1.2524378689704463e-07
9.427301587301587,0.0,5.388483259594068e-08
9.450521541950113,0.0,2.260821929667145e-08
9.47374149659864,0.0,2.9615875973831862e-08
9.496961451247167,0.0,4.268895281711593e-08
9.520181405895691,0.0,5.647871148539707e-08
9.543401360544218,0.0,4.3341970012988895e-08
9.566621315192744,0.0,3.4502591006457806e-08
9.58984126984127,0.0,2.6759153115563095e-08
