0.0,0.0,1.2208511179778725e-07
0.023219954648526078,0.0,6.327991286525503e-08
0.046439909297052155,0.0,5.389392754295841e-08
0.06965986394557823,0.0,5.209949449636042e-08
0.09287981859410431,0.0,4.208959580864757e-08
0.11609977324263039,0.0,8.840470400173217e-08
0.13931972789115646,0.0,4.22533048549667e-08
0.16253968253968254,0.0,5.248421075521037e-08
0.18575963718820862,0.0,8.90959199750796e-08
0.2089795918367347,0.0,4.5372871682047844e-08
0.23219954648526078,0.0,7.323342288145795e-08
0.25541950113378686,0.0,8.912502380553633e-08
0.2786394557823129,0.0,1.0776693670777604e-07
0.301859410430839,0.0,8.600000001024455e-08
0.3250793650793651,0.0,1.2968484952580184e-07
0.3482993197278912,352.8,2.477540692780167e-05
0.37151927437641724,358.90134,0.00012076269194949418
0.3947392290249433,359.51086,0.00017439881048630923
0.4179591836734694,357.18143,0.00018550403183326125
0.44117913832199546,353.17673,0.00018521520541980863
0.46439909297052157,353.55426,0.00018608033133205026
0.4876190476190476,354.75113,0.00020201646839268506
0.5108390022675737,351.48776,0.00021391286281868815
0.5340589569160998,354.31174,0.00023033362231217325
0.5572789115646258,356.7961,0.0002504204458091408
0.5804988662131519,358.92566,0.0002660346799530089
0.603718820861678,359.90207,0.0003252585302107036
0.626938775510204,357.3744,0.0003660623333416879
0.6501587301587302,354.69168,0.00032674887916073203
0.6733786848072563,348.7085,0.0003142803907394409
0.6965986394557824,342.04987,0.0002624660555738956
0.7198185941043084,339.23077,0.00021349389862734824
0.7430385487528345,343.19067,0.0002531029749661684
0.7662585034013606,354.69168,0.0003882169257849455
0.7894784580498866,362.4037,0.000504534225910902
0.8126984126984127,364.86487,0.000558221829123795
0.8359183673469388,356.2197,0.00033990287920460105
0.8591383219954649,335.3612,0.0002533884544391185
0.8823582766439909,323.168,0.000241603993345052
0.905578231292517,323.24606,0.00023773868451826274
0.9287981859410431,329.98398,0.00021990484674461186
0.9520181405895691,325.46124,0.00036010853364132345
0.9752380952380952,366.73596,0.0004561363602988422
0.9984580498866213,372.1519,0.0005812441231682897
1.0216780045351475,365.67166,0.0005963140865787864
1.0448979591836736,354.82758,0.0002763281518127769
1.0681179138321997,329.6316,0.0002286566887050867
1.0913378684807256,323.89832,0.00023938683443702757
1.1145578231292517,329.28,0.0002095536474371329
1.1377777777777778,342.61932,0.0002964788000099361
1.1609977324263039,420.0,0.0005013612098991871
1.18421768707483,481.44107,0.0005623344331979752
1.207437641723356,613.4467,0.0006127408123575151
1.2306575963718822,473.22433,0.00044999440433457494
1.253877551020408,357.4468,0.00044812809210270643
1.2770975056689342,353.3654,0.0005219548474997282
1.3003174603174603,354.69168,0.000536393781658262
1.3235374149659864,355.45407,0.0005719562759622931
1.3467573696145125,354.50162,0.0005326751270331442
1.3699773242630386,356.98868,0.0003991289995610714
1.3931972789115648,389.05032,0.0003866970364470035
1.4164172335600906,433.89984,0.0008945844019763172
1.4396371882086167,445.90494,0.001068048644810915
1.4628571428571429,452.77206,0.001301281270571053
1.486077097505669,442.63077,0.0010095499455928802
1.509297052154195,430.13348,0.0006523947231471539
1.5325170068027212,425.17407,0.0008224330376833677
1.5557369614512473,425.85837,0.0010429216781631112
1.5789569160997732,428.37424,0.001243217964656651
1.6021768707482993,435.27274,0.0010580196976661682
1.6253968253968254,447.26166,0.0009222249500453472
1.6486167800453515,459.627,0.0010546287521719933
1.6718367346938776,464.69968,0.0010110700968652964
1.6950566893424037,360.42032,0.0014253065455704927
1.7182766439909298,448.79483,0.0020561099518090487
1.7414965986394557,430.35437,0.001636892557144165
1.7647165532879818,424.03845,0.0012176713207736611
1.787936507936508,423.6097,0.0012671754229813814
1.811156462585034,430.13348,0.0015722322277724743
1.8343764172335602,443.56802,0.0014367755502462387
1.8575963718820863,460.5744,0.0015399092808365822
1.8808163265306124,468.6504,0.0012766453437507153
1.9040362811791383,415.60208,0.0015527474461123347
1.9272562358276644,438.16483,0.002236130414530635
1.9504761904761905,423.02158,0.0012245035031810403
1.9736961451247166,414.30063,0.0007653962820768356
1.9969160997732427,418.0095,0.000644837855361402
2.020136054421769,427.282,0.001010727253742516
2.043356009070295,439.8425,0.0010952271986752748
2.066575963718821,458.65833,0.0011184688191860914
2.089795918367347,467.4086,0.001001425669528544
2.1130158730158732,466.91373,0.0012185527011752129
2.1362358276643993,454.32693,0.0020832414738833904
2.159455782312925,441.69742,0.002226009499281645
2.182675736961451,437.5457,0.0020119205582886934
2.2058956916099772,439.61176,0.001732582226395607
2.2291156462585033,444.2736,0.0015381874982267618
2.2523356009070294,447.11847,0.001490768976509571
2.2755555555555556,452.77206,0.0013112500309944153
2.2987755102040817,333.91022,0.0013466873206198215
2.3219954648526078,544.44446,0.004774725530296564
2.345215419501134,561.0687,0.01116916909813881
2.36843537414966,552.68933,0.014810952357947826
2.391655328798186,528.71936,0.006415892858058214
2.414875283446712,342.88278,0.003081266302615404
2.4380952380952383,487.16464,0.0036518732085824013
2.4613151927437644,486.90854,0.0035904748365283012
2.48453514739229,503.4769,0.003785909852012992
2.507755102040816,526.9962,0.007401076145470142
2.5309750566893423,549.24756,0.011250495910644531
2.5541950113378684,551.8248,0.011800114065408707
2.5774149659863945,540.0958,0.008907552808523178
2.6006349206349206,523.64484,0.005252995528280735
2.6238548752834467,484.86914,0.002753916196525097
2.647074829931973,496.7742,0.002046440728008747
2.670294784580499,496.83478,0.002101006917655468
2.693514739229025,510.63156,0.0028679221868515015
2.716734693877551,555.8823,0.008655408397316933
2.7399546485260773,564.02875,0.020711060613393784
2.7631746031746034,562.21313,0.032904040068387985
2.7863945578231295,545.79205,0.019834455102682114
2.809614512471655,528.14374,0.006597112864255905
2.8328344671201813,499.84546,0.00318347429856658
2.8560544217687074,490.24762,0.0028498955070972443
2.8792743764172335,492.3445,0.0026770150288939476
2.9024943310657596,443.56802,0.0036696477327495813
2.9257142857142857,556.602,0.010652270168066025
2.948934240362812,560.0,0.01584828644990921
2.972154195011338,555.2991,0.015519351698458195
2.995374149659864,401.11166,0.006596825551241636
3.01859410430839,517.5417,0.003956381697207689
3.0418140589569163,508.49057,0.003397274063900113
3.0650340136054424,513.3334,0.00386295048519969
3.0882539682539685,524.4571,0.0061472621746361256
3.1114739229024946,534.5455,0.00778928492218256
3.1346938775510207,538.9002,0.006641076877713203
3.1579138321995464,535.2507,0.005098876543343067
3.1811337868480725,533.73676,0.0049763331189751625
3.2043537414965986,549.8182,0.005555439740419388
3.2275736961451247,578.7986,0.006770825944840908
3.250793650793651,474.9231,0.009537950158119202
3.274013605442177,700.0,0.021942168474197388
3.297233560090703,712.4023,0.02888624742627144
3.320453514739229,712.3675,0.04136437922716141
3.3436734693877552,691.50226,0.03182694688439369
3.3668934240362813,675.34454,0.01922190561890602
3.3901133786848074,680.55554,0.03205825015902519
3.4133333333333336,688.7154,0.04480716586112976
3.4365532879818597,698.9264,0.06065211445093155
3.4597732426303858,712.3675,0.04562516137957573
3.4829931972789114,727.79785,0.05092720687389374
3.5062131519274375,738.73096,0.05593504756689072
3.5294331065759637,734.6174,0.076621875166893
3.5526530612244898,707.6087,0.06917273998260498
3.575873015873016,686.38135,0.01627061888575554
3.599092970521542,391.28394,0.013599790632724762
3.622312925170068,652.5,0.015131370164453983
3.645532879818594,693.578,0.03693491220474243
3.6687528344671203,712.6697,0.08826734125614166
3.6919727891156464,727.42267,0.07814252376556396
3.7151927437641725,732.04224,0.07995374500751495
3.7384126984126986,714.2633,0.07573269307613373
3.7616326530612247,693.8811,0.019409293308854103
3.784852607709751,655.7621,0.012594584375619888
3.8080725623582765,636.16693,0.011389382183551788
3.8312925170068026,671.1728,0.017962846904993057
3.8545124716553287,716.34515,0.0669025257229805
3.877732426303855,731.6742,0.06283199787139893
3.900952380952381,740.61066,0.058179765939712524
3.924172335600907,719.26605,0.05787409842014313
3.947392290249433,691.1194,0.02158408984541893
3.9706122448979593,663.871,0.014393994584679604
3.9938321995464854,649.55286,0.015529260039329529
4.017052154195011,695.9828,0.04401231184601784
4.040272108843538,713.5034,0.09927107393741608
4.063492063492063,731.57074,0.0711042508482933
4.08671201814059,731.6742,0.04642082378268242
4.1099319727891155,702.47784,0.022796912118792534
4.133151927437642,677.4194,0.008801443502306938
4.156371882086168,597.74097,0.01245969906449318
4.179591836734694,704.47284,0.02906973287463188
4.20281179138322,707.6087,0.046088311821222305
4.2260317460317465,706.66,0.042345982044935226
4.249251700680272,694.7761,0.012053215876221657
4.272471655328799,660.67413,0.004705748520791531
4.295691609977324,458.41998,0.0018284253310412169
4.31891156462585,327.79977,0.0018812671769410372
4.342131519274377,557.1429,0.003546985797584057
4.365351473922902,567.3684,0.00537080829963088
4.388571428571429,558.8173,0.004071690142154694
4.4117913832199545,409.4484,0.001813222304917872
4.435011337868481,504.5242,0.00182635139208287
4.458231292517007,486.65265,0.0010352813405916095
4.481451247165533,494.18356,0.0012065385235473514
4.504671201814059,508.49057,0.0019044321961700916
4.527891156462585,531.60376,0.0022879289463162422
4.551111111111111,566.19116,0.0047836825251579285
4.574331065759638,564.8053,0.0051749227568507195
4.597551020408163,560.4982,0.0041288756765425205
4.62077097505669,531.0471,0.0026298777665942907
4.6439909297052155,563.6503,0.0019778083078563213
4.667210884353741,607.63116,0.0016860307659953833
4.690430839002268,499.07407,0.002285109832882881
4.713650793650793,516.6134,0.002312879543751478
4.73687074829932,534.81555,0.002536938525736332
4.760090702947846,562.3805,0.0040866476483643055
4.783310657596372,561.9266,0.004602567292749882
4.806530612244898,549.8753,0.0032406689133495092
4.829750566893424,557.09955,0.0033347122371196747
4.85297052154195,769.0141,0.0021249335259199142
4.876190476190477,741.36523,0.0018121219472959638
4.899410430839002,713.1455,0.002545613329857588
4.922630385487529,733.4227,0.0027038510888814926
4.9458503401360545,531.8593,0.0030298137571662664
4.96907029478458,559.408,0.005144537426531315
4.992290249433107,558.7937,0.005782424006611109
5.015510204081632,547.6782,0.003350671147927642
5.038730158730159,528.28125,0.003286242950707674
5.061950113378685,751.2024,0.0032748510129749775
5.085170068027211,1002.7682,0.00320198992267251
5.108390022675737,792.2156,0.003297181334346533
5.131609977324263,544.16455,0.00309901125729084
5.154829931972789,544.16455,0.0038512181490659714
5.178049886621316,551.52576,0.004622113890945911
5.201269841269841,546.412,0.0035456358455121517
5.224489795918368,534.00604,0.003526299726217985
5.2477097505668935,526.90906,0.003387515665963292
5.27092970521542,525.54407,0.0032165825832635164
5.294149659863946,535.89874,0.0036971336230635643
5.317369614512471,534.5455,0.0039224145002663136
5.340589569160998,515.6584,0.003315528854727745
5.363809523809524,491.51703,0.0015725410776212811
5.38702947845805,460.5744,0.0014642452588304877
5.410249433106576,452.53976,0.001432901481166482
5.433469387755102,454.63916,0.0012555478606373072
5.456689342403628,457.9439,0.0009153175633400679
5.479909297052155,457.11948,0.0008908821037039161
5.50312925170068,450.0,0.0009585279040038586
5.526349206349207,442.8647,0.0008468729211017489
5.5495691609977325,441.69742,0.0008194977417588234
5.572789115646259,443.88525,0.0007283977465704083
5.596009070294785,445.6915,0.0007225265144370496
5.61922902494331,448.07486,0.0007525926339440048
5.642448979591837,451.1509,0.0008062396664172411
5.6656689342403626,452.9189,0.0008208116050809622
5.688888888888889,450.92023,0.0008522862335667014
5.712108843537415,443.56802,0.0008383196545764804
5.735328798185941,434.37015,0.0008058256935328245
5.758548752834467,427.282,0.000833013909868896
5.7817687074829935,425.11417,0.0007804645574651659
5.804988662131519,430.57556,0.0007669535698369145
5.828208616780046,444.2736,0.0006137258606031537
5.851428571428571,462.26413,0.0006352093769237399
5.874648526077098,476.2419,0.0005809772410430014
5.897868480725624,462.26413,0.0005693149287253618
5.92108843537415,444.55646,0.000926955952309072
5.944308390022676,517.2361,0.0009039340075105429
5.9675283446712015,684.8585,0.0009591246489435434
5.990748299319728,565.38464,0.0008181072771549225
6.013968253968254,436.40622,0.0006455270340666175
6.03718820861678,450.48386,0.0006526547949761152
6.060408163265306,470.14923,0.0005668296944350004
6.0836281179138325,462.7492,0.000598178303334862
6.106848072562358,439.90024,0.0009561325423419476
6.130068027210885,429.69232,0.0009119365131482482
6.15328798185941,419.7779,0.0009016733965836465
6.176507936507937,419.556,0.0006377375684678555
6.199727891156463,426.41223,0.0005458394880406559
6.222947845804989,448.3146,0.0005290203262120485
6.246167800453515,462.022,0.0005057059461250901
6.269387755102041,462.26413,0.0004558710497803986
6.292607709750567,453.16388,0.0006785495206713676
6.315827664399093,432.12994,0.0006421887082979083
6.339047619047619,421.26697,0.0006990511901676655
6.362267573696145,431.6847,0.0006193448789417744
6.3854875283446715,443.80295,0.0004804446652997285
6.408707482993197,450.0,0.0006531276740133762
6.431927437641724,447.11847,0.0007335039554163814
6.455147392290249,481.0909,0.0008525020675733685
6.478367346938776,478.30804,0.000531983794644475
6.501587301587302,289.94083,0.00041348024387843907
6.524807256235828,359.37137,0.0001755316334310919
6.548027210884354,340.1653,0.00016322461306117475
6.57124716553288,345.79196,0.0001863099168986082
6.594467120181406,351.99545,0.0001933171006385237
6.617687074829932,355.64517,0.00018639043264556676
6.640907029478458,357.18143,0.00016248278552666306
6.664126984126984,356.02798,0.00015887393965385854
6.6873469387755105,352.04895,0.0001571716129546985
6.710566893424036,348.6166,0.00016860217147041112
6.733786848072563,348.6166,0.0001724201865727082
6.757006802721088,352.42407,0.00018210310372523963
6.780226757369615,357.18143,0.00018084891780745238
6.8034467120181406,359.51086,0.00017316071898676455
6.826666666666667,356.72397,0.00018017939873971045
6.849886621315193,349.63004,0.00018228121916763484
6.873106575963719,338.1161,0.00013248143659438938
6.896326530612245,328.05527,0.00013556587509810925
6.9195464852607715,328.92914,0.00011917205119971186
6.942766439909297,341.50748,0.00011134636588394642
6.965986394557823,357.3744,0.0001346191274933517
6.989206349206349,367.11758,0.00014711165567860007
7.012426303854875,371.8381,0.0001969565055333078
7.035646258503402,358.14835,0.0001747288042679429
7.058866213151927,347.831,0.0001320526353083551
7.082086167800454,341.4823,0.00012664400856010616
7.1053061224489795,338.1161,0.00010008022945839912
7.128526077097506,341.86047,9.224740642821416e-05
7.151746031746032,354.88196,9.659674833528697e-05
7.174965986394558,336.24634,8.05948511697352e-05
7.198185941043084,373.1359,7.543895480921492e-05
7.2214058956916105,373.33334,8.156968397088349e-05
7.244625850340136,359.2668,8.38149426272139e-05
7.267845804988662,317.09073,5.5893546232255176e-05
7.291065759637188,330.86816,4.6103697968646884e-05
7.314285714285714,332.114,3.4157968912040815e-05
7.337505668934241,338.7097,2.453942761349026e-05
7.360725623582766,352.98825,2.5105840904871002e-05
7.383945578231293,367.3087,2.9820341296726838e-05
7.4071655328798185,368.93475,4.183901910437271e-05
7.430385487528345,356.87863,2.9582497518276796e-05
7.453605442176871,285.85742,2.313035656698048e-05
7.476825396825397,337.19278,2.104166560457088e-05
7.500045351473923,354.39478,3.2886462577153e-05
7.5232653061224495,369.8113,5.0145332352258265e-05
7.546485260770975,365.9751,2.447935003146995e-05
7.569705215419502,0.0,1.0505173122510314e-06
7.592925170068027,0.0,2.979022610816173e-07
7.616145124716553,0.0,2.2457606974057853e-07
7.63936507936508,0.0,1.4349552657222375e-07
7.662585034013605,0.0,8.928964234655723e-08
7.685804988662132,0.0,1.164662535302341e-07
7.7090249433106575,0.0,1.8009905033977702e-07
7.732244897959184,0.0,1.1677639122353867e-07
7.75546485260771,0.0,1.266998879145831e-07
7.778684807256236,0.0,1.5230398275889456e-07
7.801904761904762,0.0,1.807411535992287e-07
7.8251247165532885,0.0,1.2588770914589986e-07
7.848344671201814,0.0,8.01292117103003e-08
7.871564625850341,0.0,4.583853296935558e-08
7.894784580498866,0.0,3.8779035094194114e-08
7.918004535147393,0.0,7.701873983023688e-08
7.9412244897959186,0.0,5.4865267884451896e-08
7.964444444444444,0.0,7.573271432192996e-08
7.987664399092971,0.0,6.165282684378326e-08
8.010884353741497,0.0,3.078639565501362e-09
