0.0,0.0,7.088601705618203e-08
0.023219954648526078,0.0,9.397899702889845e-08
0.046439909297052155,0.0,9.493032848695293e-08
0.06965986394557823,0.0,1.7712773114908487e-07
0.09287981859410431,0.0,1.7470392776886e-07
0.11609977324263039,0.0,9.492941899225116e-08
0.13931972789115646,0.0,6.897698767716065e-08
0.16253968253968254,0.0,2.9241164156701416e-08
0.18575963718820862,0.0,6.813115760451183e-08
0.2089795918367347,0.0,1.7111233319155872e-08
0.23219954648526078,0.0,1.673470251262188e-08
0.25541950113378686,0.0,2.0627339836210012e-08
0.2786394557823129,0.0,9.498216968495399e-08
0.301859410430839,0.0,6.822901923442259e-07
0.3250793650793651,364.4628,0.00011772912694141269
0.3482993197278912,361.14648,0.0004854612343478948
0.37151927437641724,357.99088,0.0005852525355294347
0.3947392290249433,357.3744,0.0005676813889294863
0.4179591836734694,359.3156,0.0005643200129270554
0.44117913832199546,359.44983,0.0005908634047955275
0.46439909297052157,356.41165,0.0005924591096118093
0.4876190476190476,354.50162,0.0007110924343578517
0.5108390022675737,352.04895,0.0007593585760332644
0.5340589569160998,350.0,0.0007870039553381503
0.5572789115646258,352.23642,0.0008362322114408016
0.5804988662131519,355.83646,0.0008616322302259505
0.603718820861678,361.08078,0.0009025829494930804
0.626938775510204,369.8113,0.0012496871640905738
0.6501587301587302,375.31915,0.0016408683732151985
0.6733786848072563,373.92688,0.001592663349583745
0.6965986394557824,365.9751,0.0016419757157564163
0.7198185941043084,255.71956,0.0007919894997030497
0.7430385487528345,338.1161,0.0007627664599567652
0.7662585034013606,335.3612,0.0005897649098187685
0.7894784580498866,342.61932,0.0007337396964430809
0.8126984126984127,355.83646,0.0010160859674215317
0.8359183673469388,368.31848,0.0010613224003463984
0.8591383219954649,374.52228,0.0014788060216233134
0.8823582766439909,369.03766,0.0016111315926536918
0.905578231292517,353.86157,0.0009968787198886275
0.9287981859410431,342.21417,0.0008922737324610353
0.9520181405895691,336.45776,0.0006236531771719456
0.9752380952380952,336.27454,0.0006575221195816994
0.9984580498866213,343.5726,0.0008104423177428544
1.0216780045351475,353.55426,0.000992689747363329
1.0448979591836736,362.46576,0.001039172988384962
1.0681179138321997,366.35513,0.001138448715209961
1.0913378684807256,361.4754,0.0011082638520747423
1.1145578231292517,352.23642,0.0008152960799634457
1.1377777777777778,347.42645,0.001083816634491086
1.1609977324263039,346.69812,0.0010678123217076063
1.18421768707483,350.7423,0.0012080507585778832
1.207437641723356,357.628,0.001175243640318513
1.2306575963718822,363.66135,0.0010792287066578865
1.253877551020408,366.35513,0.0012990781106054783
1.2770975056689342,364.83972,0.0014213330578058958
1.3003174603174603,363.14978,0.0012622561771422625
1.3235374149659864,362.0318,0.0011405427940189838
1.3467573696145125,367.11758,0.0012502922909334302
1.3699773242630386,379.97974,0.0014591292710974813
1.3931972789115648,332.65088,0.0018953868420794606
1.4164172335600906,437.14285,0.0026304442435503006
1.4396371882086167,455.62805,0.0031917961314320564
1.4628571428571429,461.53845,0.003139990149065852
1.486077097505669,457.46887,0.0038440916687250137
1.509297052154195,450.68985,0.004049322567880154
1.5325170068027212,444.9814,0.003447257913649082
1.5557369614512473,442.8647,0.003045237623155117
1.5789569160997732,443.0989,0.0030412913765758276
1.6021768707482993,445.92868,0.003352764528244734
1.6253968253968254,450.92023,0.0039732009172439575
1.6486167800453515,455.38046,0.00406375527381897
1.6718367346938776,459.6144,0.003643585368990898
1.6950566893424037,459.854,0.003421969711780548
1.7182766439909298,452.67422,0.003901770804077387
1.7414965986394557,441.0,0.0031348171178251505
1.7647165532879818,431.1787,0.0024851937778294086
1.787936507936508,427.00375,0.002966188360005617
1.811156462585034,428.3864,0.0032290699891746044
1.8343764172335602,436.86133,0.003315354697406292
1.8575963718820863,451.3818,0.004782864823937416
1.8808163265306124,465.68112,0.003894910216331482
1.9040362811791383,471.29773,0.004190581385046244
1.9272562358276644,465.8451,0.003477827413007617
1.9504761904761905,453.9372,0.004892080090939999
1.9736961451247166,439.38123,0.004012703895568848
1.9969160997732427,431.24033,0.0032418640330433846
2.020136054421769,433.4713,0.0036392302718013525
2.043356009070295,444.50928,0.0041312891989946365
2.066575963718821,457.369,0.005459069274365902
2.089795918367347,468.6504,0.005105534568428993
2.1130158730158732,473.93872,0.005791333504021168
2.1362358276643993,468.8995,0.0042878990061581135
2.159455782312925,460.0939,0.004732940346002579
2.182675736961451,451.21164,0.005922125652432442
2.2058956916099772,445.45456,0.005594656802713871
2.2291156462585033,444.9814,0.0058985608629882336
2.2523356009070294,448.79483,0.006800164468586445
2.2755555555555556,454.40494,0.007061221171170473
2.2987755102040817,459.375,0.0057924361899495125
2.3219954648526078,460.5744,0.005031638778746128
2.345215419501134,459.13586,0.0034278095699846745
2.36843537414966,286.36365,0.0041711414232850075
2.391655328798186,543.10345,0.014421438798308372
2.414875283446712,547.6782,0.015858832746744156
2.4380952380952383,556.5371,0.017693448811769485
2.4613151927437644,569.88074,0.022967755794525146
2.48453514739229,561.4854,0.027450723573565483
2.507755102040816,535.08594,0.027648143470287323
2.5309750566893423,528.93555,0.025564294308423996
2.5541950113378684,531.3253,0.02681376039981842
2.5774149659863945,538.07825,0.025595953688025475
2.6006349206349206,546.333,0.02062910422682762
2.6238548752834467,553.2671,0.022939829155802727
2.647074829931973,555.8823,0.027602482587099075
2.670294784580499,548.6781,0.025864306837320328
2.693514739229025,533.8421,0.028171472251415253
2.716734693877551,509.69852,0.019989319145679474
2.7399546485260773,500.10312,0.014002875424921513
2.7631746031746034,510.21127,0.01497500017285347
2.7863945578231295,519.08905,0.01885165274143219
2.809614512471655,531.60376,0.018780849874019623
2.8328344671201813,548.3938,0.01767604798078537
2.8560544217687074,558.22784,0.022602546960115433
2.8792743764172335,552.4008,0.020632479339838028
2.9024943310657596,537.8049,0.021366668865084648
2.9257142857142857,522.0278,0.0184842087328434
2.948934240362812,502.43396,0.012331381440162659
2.972154195011338,510.9824,0.01117614097893238
2.995374149659864,519.6209,0.014993973076343536
3.01859410430839,531.8593,0.019969113171100616
3.0418140589569163,543.63904,0.020290646702051163
3.0650340136054424,553.2671,0.02432991936802864
3.0882539682539685,553.8461,0.02623344212770462
3.1114739229024946,545.567,0.02567559853196144
3.1346938775510207,533.199,0.021720485761761665
3.1579138321995464,511.2399,0.013684017583727837
3.1811337868480725,516.44604,0.013164195232093334
3.2043537414965986,519.35486,0.014713108539581299
3.2275736961451247,525.81647,0.018584826961159706
3.250793650793651,535.6275,0.022595098242163658
3.274013605442177,546.13,0.023616695776581764
3.297233560090703,551.52576,0.026569746434688568
3.320453514739229,550.6764,0.029934633523225784
3.3436734693877552,549.24756,0.02714558318257332
3.3668934240362813,555.97577,0.03684718906879425
3.3901133786848074,579.67645,0.049411699175834656
3.4133333333333336,596.5217,0.019436396658420563
3.4365532879818597,578.5066,0.03167864307761192
3.4597732426303858,728.1734,0.026541640982031822
3.4829931972789114,742.5,0.021672120317816734
3.5062131519274375,736.8608,0.033361662179231644
3.5294331065759637,723.6923,0.04916777461767197
3.5526530612244898,712.77374,0.04983428865671158
3.575873015873016,704.5432,0.055455468595027924
3.599092970521542,700.7176,0.06337769329547882
3.622312925170068,702.15717,0.05964292585849762
3.645532879818594,710.57404,0.049859754741191864
3.6687528344671203,725.8354,0.049510207027196884
3.6919727891156464,740.9878,0.03477662056684494
3.7151927437641725,743.3813,0.03899312764406204
3.7384126984126986,731.1917,0.05500636249780655
3.7616326530612247,709.50226,0.06168026104569435
3.784852607709751,684.07446,0.05367414653301239
3.8080725623582765,671.2329,0.05158907175064087
3.8312925170068026,677.7888,0.0490909144282341
3.8545124716553287,697.856,0.061712734401226044
3.877732426303855,718.89966,0.04882890731096268
3.900952380952381,732.04224,0.04383780434727669
3.924172335600907,732.04224,0.051507703959941864
3.947392290249433,717.8027,0.06407220661640167
3.9706122448979593,690.8034,0.056782931089401245
3.9938321995464854,665.40063,0.06000104174017906
4.017052154195011,659.5214,0.060763053596019745
4.040272108843538,564.82764,0.04319988936185837
4.063492063492063,697.856,0.061392642557621
4.08671201814059,720.0,0.05112084746360779
4.1099319727891155,731.3065,0.05237894132733345
4.133151927437642,726.5602,0.06474181264638901
4.156371882086168,709.50226,0.0637875571846962
4.179591836734694,687.676,0.05346349626779556
4.20281179138322,677.0727,0.03935735672712326
4.2260317460317465,683.3678,0.04642825573682785
4.249251700680272,700.0,0.06208353489637375
4.272471655328799,719.6328,0.05322127789258957
4.295691609977324,733.88806,0.0491986982524395
4.31891156462585,735.7432,0.047861307859420776
4.342131519274377,725.4736,0.057062581181526184
4.365351473922902,709.14575,0.051574528217315674
4.388571428571429,698.21246,0.058091968297958374
4.4117913832199545,697.856,0.06079687550663948
4.435011337868481,703.8404,0.05451466143131256
4.458231292517007,705.41797,0.0516863614320755
4.481451247165533,693.6073,0.06477546691894531
4.504671201814059,652.5,0.07734513282775879
4.527891156462585,617.5453,0.024001345038414
4.551111111111111,588.0,0.008195233531296253
4.574331065759638,539.7246,0.009912203997373581
4.597551020408163,549.8182,0.014269660227000713
4.62077097505669,565.9893,0.022752633318305016
4.6439909297052155,567.12964,0.02409522980451584
4.667210884353741,549.3274,0.013777263462543488
4.690430839002268,525.26056,0.00830462109297514
4.713650793650793,513.5696,0.006138810887932777
4.73687074829932,522.2966,0.0067280069924890995
4.760090702947846,529.995,0.009450143203139305
4.783310657596372,540.27563,0.01014041155576706
4.806530612244898,551.25,0.010649852454662323
4.829750566893424,556.2563,0.01323913224041462
4.85297052154195,551.8018,0.011510008946061134
4.876190476190477,539.7246,0.00915569718927145
4.899410430839002,512.7907,0.005532521288841963
4.922630385487529,496.6216,0.002896873978897929
4.9458503401360545,517.76416,0.003563426900655031
4.96907029478458,534.0344,0.006988437380641699
4.992290249433107,545.8484,0.011893280781805515
5.015510204081632,549.8182,0.014461086131632328
5.038730158730159,556.46686,0.01751125603914261
5.061950113378685,552.978,0.014672799967229366
5.085170068027211,531.3253,0.009244224056601524
5.108390022675737,515.1346,0.005463588982820511
5.131609977324263,502.1739,0.003173207864165306
5.154829931972789,521.8935,0.0038691931404173374
5.178049886621316,535.2507,0.006833849474787712
5.201269841269841,552.1502,0.010234476998448372
5.224489795918368,555.5906,0.016406182199716568
5.2477097505668935,562.21313,0.020482975989580154
5.27092970521542,548.27026,0.014969827607274055
5.294149659863946,551.93994,0.0053370650857687
5.317369614512471,522.0278,0.004592916928231716
5.340589569160998,537.23517,0.004565488081425428
5.363809523809524,542.2131,0.005815468728542328
5.38702947845805,542.491,0.007452493999153376
5.410249433106576,547.2595,0.008499130606651306
5.433469387755102,535.81616,0.006471140310168266
5.456689342403628,526.08923,0.004530554637312889
5.479909297052155,523.44214,0.0022864248603582382
5.50312925170068,507.9581,0.0014382328372448683
5.526349206349207,397.92993,0.0009717163629829884
5.5495691609977325,369.03766,0.000997542985714972
5.572789115646259,429.778,0.0010824899654835463
5.596009070294785,443.3333,0.0014805258251726627
5.61922902494331,455.87598,0.0017559935804456472
5.642448979591837,459.854,0.00134372862521559
5.6656689342403626,455.34332,0.0015431955689564347
5.688888888888889,444.50928,0.0016211912734434009
5.712108843537415,435.27274,0.0012001609429717064
5.735328798185941,434.82098,0.0012386728776618838
5.758548752834467,441.9304,0.0014592501102015376
5.7817687074829935,452.67422,0.0020309248939156532
5.804988662131519,462.022,0.0015987553633749485
5.828208616780046,466.0795,0.0015689218416810036
5.851428571428571,460.81506,0.0016670997720211744
5.874648526077098,445.92868,0.0020163331646472216
5.897868480725624,428.15533,0.0013272528303787112
5.92108843537415,420.22235,0.0015319408848881721
5.944308390022676,422.6837,0.0016373137477785349
5.9675283446712015,432.35294,0.0016171889146789908
5.990748299319728,449.08353,0.001927325502038002
6.013968253968254,466.3142,0.0020352655556052923
6.03718820861678,473.46625,0.002354619326069951
6.060408163265306,466.17337,0.001560982083901763
6.0836281179138325,451.94174,0.0018072276143357158
6.106848072562358,436.39362,0.0015410907799378037
6.130068027210885,428.84927,0.0013921366771683097
6.15328798185941,431.01852,0.0014704130589962006
6.176507936507937,440.07355,0.0014631706289947033
6.199727891156463,451.45474,0.0017275814898312092
6.222947845804989,462.7492,0.0012591136619448662
6.246167800453515,468.8995,0.0011558745754882693
6.269387755102041,462.50656,0.0008786865510046482
6.292607709750567,450.72623,0.0012576087610796094
6.315827664399093,437.7743,0.001064475392922759
6.339047619047619,431.64764,0.0009523540502414107
6.362267573696145,435.91434,0.001060466980561614
6.3854875283446715,443.80295,0.0012809971813112497
6.408707482993197,451.94174,0.0015586267691105604
6.431927437641724,455.5785,0.0014147036708891392
6.455147392290249,452.4298,0.0013768419157713652
6.478367346938776,443.2161,0.0013915697345510125
6.501587301587302,436.40622,0.0009728747536428273
6.524807256235828,435.04672,0.0007991530001163483
6.548027210884354,432.7996,0.0007793515687808394
6.57124716553288,423.6097,0.0007399037713184953
6.594467120181406,406.32678,0.00047355054994113743
6.617687074829932,303.33334,0.00036754191387444735
6.640907029478458,354.31174,0.0002654799318406731
6.664126984126984,354.12207,0.0003363183350302279
6.6873469387755105,361.66068,0.0004194300272502005
6.710566893424036,366.27905,0.0005116232205182314
6.733786848072563,364.4628,0.0005606956547126174
6.757006802721088,355.83646,0.00036582350730895996
6.780226757369615,351.11465,0.00033925031311810017
6.8034467120181406,349.0765,0.0003744157438632101
6.826666666666667,349.2608,0.0003718773368746042
6.849886621315193,353.74332,0.0004000237968284637
6.873106575963719,360.49045,0.00043423305032774806
6.896326530612245,367.8832,0.0005318397306837142
6.9195464852607715,370.3937,0.0006971769616939127
6.942766439909297,365.9751,0.0006874697282910347
6.965986394557823,351.67465,0.000383824750315398
6.989206349206349,339.75345,0.00034088644315488636
7.012426303854875,337.19278,0.00025324965827167034
7.035646258503402,340.54053,0.0002837663050740957
7.058866213151927,351.67465,0.0003524799831211567
7.082086167800454,362.26727,0.0003956948930863291
7.1053061224489795,371.564,0.00046961766202002764
7.128526077097506,371.6292,0.0005472057382576168
7.151746031746032,356.9044,0.00041041741496883333
7.174965986394558,315.86777,0.00023606271133758128
7.198185941043084,332.114,0.00017938006203621626
7.2214058956916105,336.09146,0.00020356124150566757
7.244625850340136,345.43082,0.00023754977155476809
7.267845804988662,353.55426,0.0002892264164984226
7.291065759637188,360.7362,0.0002897410886362195
7.314285714285714,367.09213,0.0003018018906004727
7.337505668934241,368.45953,0.00032864772947505116
7.360725623582766,354.76486,0.0001814188144635409
7.383945578231293,311.57608,0.00010757707786979154
7.4071655328798185,329.8077,9.459504508413374e-05
7.430385487528345,330.33707,0.00010091021249536425
7.453605442176871,335.90857,0.00010653358913259581
7.476825396825397,346.51648,0.00011934649228351191
7.500045351473923,354.88196,0.00014905756688676775
7.5232653061224495,358.3545,0.00014804293459746987
7.546485260770975,353.9326,0.00011370192078175023
7.569705215419502,345.79196,0.0001133298865170218
7.592925170068027,345.6113,0.00011599817662499845
7.616145124716553,352.61194,0.00011550784984137863
7.63936507936508,362.0318,9.923147445078939e-05
7.662585034013605,369.34674,3.504516280372627e-05
7.685804988662132,0.0,2.6580510166240856e-06
7.7090249433106575,0.0,5.522942956304178e-07
7.732244897959184,0.0,5.180081643629819e-07
7.75546485260771,0.0,1.7788806871976703e-07
7.778684807256236,0.0,1.6499780031153932e-07
7.801904761904762,0.0,3.2411571737611666e-07
7.8251247165532885,0.0,2.576653059804812e-07
7.848344671201814,0.0,4.886560418526642e-07
7.871564625850341,0.0,3.5009179555345327e-07
7.894784580498866,0.0,1.168651579064317e-06
7.918004535147393,0.0,7.834705684217624e-07
7.9412244897959186,0.0,4.929843271384016e-07
7.964444444444444,0.0,8.243696356657892e-07
7.987664399092971,0.0,3.284285412519239e-07
8.010884353741497,0.0,6.924528861418366e-08
8.034104308390022,0.0,2.5691133487271145e-07
8.057324263038549,0.0,2.430851964163594e-07
8.080544217687075,0.0,2.2007770894560963e-07
8.103764172335602,0.0,6.048321665730327e-08
8.126984126984127,0.0,8.414281182922423e-08
8.150204081632653,0.0,7.074049790389836e-08
