0.0,0.0,1.2427244655555114e-07
0.023219954648526078,0.0,1.6005469660740346e-07
0.046439909297052155,0.0,1.7414913600077853e-07
0.06965986394557823,0.0,2.3484517441829666e-07
0.09287981859410431,0.0,6.323898560367525e-08
0.11609977324263039,0.0,2.376527845626697e-07
0.13931972789115646,0.0,1.942671588039957e-07
0.16253968253968254,0.0,1.7679121810942888e-07
0.18575963718820862,0.0,1.5677505871281028e-07
0.2089795918367347,0.0,1.0530766303418204e-07
0.23219954648526078,0.0,3.944933268940076e-08
0.25541950113378686,0.0,1.7376078176312149e-07
0.2786394557823129,0.0,1.6685771697666496e-07
0.301859410430839,0.0,9.509403753327206e-08
0.3250793650793651,0.0,1.7586626199772581e-07
0.3482993197278912,0.0,2.1328014554455876e-07
0.37151927437641724,0.0,2.045010660367552e-06
0.3947392290249433,283.29764,0.00021999928867444396
0.4179591836734694,282.69232,0.00044315584818832576
0.44117913832199546,285.0176,0.0004797723377123475
0.46439909297052157,286.51868,0.000534003833308816
0.4876190476190476,287.29642,0.0005267751985229552
0.5108390022675737,287.21136,0.0005502096610143781
0.5340589569160998,284.36325,0.0007378680165857077
0.5572789115646258,278.15366,0.0007589270826429129
0.5804988662131519,269.2009,0.000615158467553556
0.603718820861678,264.79257,0.0006028075003996491
0.626938775510204,265.08197,0.0005909649189561605
0.6501587301587302,268.01105,0.0006876221741549671
0.6733786848072563,271.46054,0.0007444835500791669
0.6965986394557824,274.0678,0.0009046160848811269
0.7198185941043084,274.68857,0.0009908108040690422
0.7430385487528345,273.48837,0.0009373577777296305
0.7662585034013606,270.10022,0.0007844122592359781
0.7894784580498866,267.86304,0.0007156931096687913
0.8126984126984127,266.3921,0.0006263438845053315
0.8359183673469388,268.41144,0.0007245392771437764
0.8591383219954649,275.625,0.001037410693243146
0.8823582766439909,280.72916,0.0012206819374114275
0.905578231292517,282.69232,0.0014559886185452342
0.9287981859410431,281.2174,0.001382726477459073
0.9520181405895691,277.64954,0.0013496587052941322
0.9752380952380952,276.88358,0.001048741745762527
0.9984580498866213,285.1293,0.0008270246908068657
1.0216780045351475,304.13794,0.000571233918890357
1.0448979591836736,322.6224,0.0006739014061167836
1.0681179138321997,332.8302,0.0008680357132107019
1.0913378684807256,329.48273,0.0009216626640409231
1.1145578231292517,316.04187,0.00109087023884058
1.1377777777777778,302.40002,0.001231954898685217
1.1609977324263039,293.18558,0.0010704107116907835
1.18421768707483,295.1478,0.000959907949436456
1.207437641723356,306.78262,0.0009662816300988197
1.2306575963718822,322.80405,0.0010521826334297657
1.253877551020408,331.57895,0.001094380160793662
1.2770975056689342,327.97485,0.0012079644948244095
1.3003174603174603,317.45648,0.001642361981794238
1.3235374149659864,305.75998,0.0017473087646067142
1.3467573696145125,294.81894,0.0011081565171480179
1.3699773242630386,289.81378,0.0010699017439037561
1.3931972789115648,293.5108,0.0009726259158924222
1.4164172335600906,304.83868,0.0011025809217244387
1.4396371882086167,317.7938,0.0008917152881622314
1.4628571428571429,324.8159,0.0010520231444388628
1.486077097505669,321.5625,0.0011827123817056417
1.509297052154195,315.34653,0.0011273326817899942
1.5325170068027212,310.5634,0.0010597298387438059
1.5557369614512473,305.3664,0.0009522017207928002
1.5789569160997732,305.01443,0.0007555452175438404
1.6021768707482993,318.67706,0.0006894607795402408
1.6253968253968254,347.24408,0.0007771995151415467
1.6486167800453515,373.72882,0.0011899844976142049
1.6718367346938776,371.564,0.0014760995982214808
1.6950566893424037,357.56757,0.0016866144724190235
1.7182766439909298,343.76392,0.001820452744141221
1.7414965986394557,329.6316,0.001589165534824133
1.7647165532879818,324.77643,0.0013926259707659483
1.787936507936508,331.3873,0.0013832947006449103
1.811156462585034,345.9728,0.001488002948462963
1.8343764172335602,361.27798,0.0014748787507414818
1.8575963718820863,366.35513,0.001795498188585043
1.8808163265306124,371.0039,0.001964754890650511
1.9040362811791383,361.4754,0.0024186307564377785
1.9272562358276644,332.8302,0.0024596876464784145
1.9504761904761905,308.3916,0.0018032194348052144
1.9736961451247166,316.91544,0.0013832389377057552
1.9969160997732427,323.07693,0.0012181850615888834
2.020136054421769,333.8099,0.0012322613038122654
2.043356009070295,345.25052,0.0011143432930111885
2.066575963718821,368.45953,0.0013567977584898472
2.089795918367347,372.9387,0.001648645382374525
2.1130158730158732,363.89893,0.0018847932806238532
2.1362358276643993,327.3595,0.001747056026943028
2.159455782312925,324.4351,0.0012714671902358532
2.182675736961451,321.663,0.001006642240099609
2.2058956916099772,345.9728,0.0007027089595794678
2.2291156462585033,388.76035,0.0007602181285619736
2.2523356009070294,401.98392,0.000987671548500657
2.2755555555555556,390.04974,0.001197410048916936
2.2987755102040817,364.83972,0.0015809435863047838
2.3219954648526078,368.11353,0.0018959807930514216
2.345215419501134,341.86047,0.0018093811813741922
2.36843537414966,324.2647,0.0013886458473280072
2.391655328798186,331.41284,0.001119010616093874
2.414875283446712,348.52475,0.0009246563422493637
2.4380952380952383,392.30768,0.0010680025443434715
2.4613151927437644,402.6316,0.0015337546356022358
2.48453514739229,377.12454,0.0015190803678706288
2.507755102040816,372.1519,0.0020268375519663095
2.5309750566893423,367.5,0.002575493650510907
2.5541950113378684,341.33127,0.0020892168395221233
2.5774149659863945,338.57965,0.0016550670843571424
2.6006349206349206,248.25998,0.001265686354599893
2.6238548752834467,358.90134,0.0012978945160284638
2.647074829931973,394.18994,0.0012925973860546947
2.670294784580499,383.0619,0.0013412311673164368
2.693514739229025,364.83972,0.0016969337593764067
2.716734693877551,362.58994,0.0016705648740753531
2.7399546485260773,543.83405,0.0015433419030159712
2.7631746031746034,510.46805,0.0011651802342385054
2.7863945578231295,375.97794,0.0009410642087459564
2.809614512471655,394.99475,0.001105811446905136
2.8328344671201813,366.165,0.001431802287697792
2.8560544217687074,420.70706,0.0021445946767926216
2.8792743764172335,413.4375,0.002522455295547843
2.9024943310657596,392.1025,0.002608673647046089
2.9257142857142857,421.26697,0.0025495868176221848
2.948934240362812,594.40125,0.0024498626589775085
2.972154195011338,475.16675,0.001657221931964159
2.995374149659864,393.75,0.0013754284009337425
3.01859410430839,395.82892,0.00219943025149405
3.0418140589569163,437.5457,0.003635090310126543
3.0650340136054424,443.3333,0.0052623450756073
3.0882539682539685,416.6929,0.004682081751525402
3.1114739229024946,407.00323,0.0033850036561489105
3.1346938775510207,402.73972,0.0019259724067524076
3.1579138321995464,383.08636,0.0018480520229786634
3.1811337868480725,418.94998,0.0016066269017755985
3.2043537414965986,411.6686,0.0032136584632098675
3.2275736961451247,435.96957,0.005290571600198746
3.250793650793651,437.0892,0.0063067832961678505
3.274013605442177,413.0073,0.005188638344407082
3.297233560090703,397.2973,0.00365053815767169
3.320453514739229,396.87665,0.002858211286365986
3.3436734693877552,634.2065,0.0019929264672100544
3.3668934240362813,679.1356,0.002076819771900773
3.3901133786848074,423.5859,0.0027834295760840178
3.4133333333333336,443.56802,0.00377200567163527
3.4365532879818597,454.17096,0.004427654668688774
3.4597732426303858,451.94174,0.004679680336266756
3.4829931972789114,452.30768,0.0047295475378632545
3.5062131519274375,433.29694,0.003959322348237038
3.5294331065759637,416.25592,0.0026218905113637447
3.5526530612244898,424.94647,0.0020358460023999214
3.575873015873016,424.2651,0.0019745242316275835
3.599092970521542,478.54758,0.003939635120332241
3.622312925170068,493.28857,0.007681211456656456
3.645532879818594,466.91373,0.008128797635436058
3.6687528344671203,454.63916,0.005597395822405815
3.6919727891156464,444.7452,0.004376024007797241
3.7151927437641725,425.32996,0.002952219219878316
3.7384126984126986,420.84378,0.002522445982322097
3.7616326530612247,429.69232,0.0026748499367386103
3.784852607709751,469.14893,0.004228084813803434
3.8080725623582765,499.51456,0.009104318916797638
3.8312925170068026,494.97595,0.012817763723433018
3.8545124716553287,464.90967,0.0069341398775577545
3.877732426303855,452.30768,0.003947265911847353
3.900952380952381,447.21124,0.0023249834775924683
3.924172335600907,443.80295,0.0019495019223541021
3.947392290249433,528.5959,0.0045827459543943405
3.9706122448979593,564.5803,0.02557634562253952
3.9938321995464854,555.7656,0.04228764399886131
4.017052154195011,546.13,0.05092453211545944
4.040272108843538,535.53326,0.050252825021743774
4.063492063492063,526.1388,0.008531078696250916
4.08671201814059,464.69968,0.0045372601598501205
4.1099319727891155,461.7801,0.0032658586278557777
4.133151927437642,517.1642,0.006334506906569004
4.156371882086168,560.59326,0.03069360926747322
4.179591836734694,549.9406,0.04705572873353958
4.20281179138322,542.2131,0.04621580243110657
4.2260317460317465,538.352,0.06917798519134521
4.249251700680272,529.0755,0.03044576570391655
4.272471655328799,515.7895,0.006442559417337179
4.295691609977324,474.19354,0.003924451768398285
4.31891156462585,528.93555,0.007672187872231007
4.342131519274377,534.1857,0.039599597454071045
4.365351473922902,549.0662,0.036954253911972046
4.388571428571429,569.0323,0.03780487924814224
4.4117913832199545,567.12964,0.05713901296257973
4.435011337868481,531.0345,0.04250573366880417
4.458231292517007,499.87405,0.005236680619418621
4.481451247165533,487.42105,0.004214470274746418
4.504671201814059,589.57214,0.012063266709446907
4.527891156462585,549.4186,0.03430221229791641
4.551111111111111,564.8053,0.04023751616477966
4.574331065759638,578.2148,0.03736354038119316
4.597551020408163,571.5396,0.0596693679690361
4.62077097505669,536.44196,0.047346532344818115
4.6439909297052155,510.09464,0.007314111106097698
4.667210884353741,344.53125,0.0045185936614871025
4.690430839002268,509.29132,0.006023061461746693
4.713650793650793,539.2663,0.024147825315594673
4.73687074829932,547.66406,0.029701542109251022
4.760090702947846,560.7833,0.032686151564121246
4.783310657596372,563.93866,0.04132705554366112
4.806530612244898,553.8461,0.04442891478538513
4.829750566893424,521.50775,0.015801265835762024
4.85297052154195,472.16272,0.0039923363365232944
4.876190476190477,489.75266,0.003999313339591026
4.899410430839002,570.61,0.012103856541216373
4.922630385487529,567.2026,0.030962446704506874
4.9458503401360545,562.5,0.02829323150217533
4.96907029478458,572.7273,0.033264704048633575
4.992290249433107,565.6747,0.048715997487306595
5.015510204081632,546.875,0.03985965996980667
5.038730158730159,515.0943,0.011708294972777367
5.061950113378685,271.66324,0.013362935744225979
5.085170068027211,556.0284,0.033257562667131424
5.108390022675737,516.44604,0.026604438200592995
5.131609977324263,472.01834,0.021061759442090988
5.154829931972789,650.178,0.03034510463476181
5.178049886621316,636.5853,0.03391384333372116
5.201269841269841,596.5217,0.08690523356199265
5.224489795918368,585.96185,0.06461048126220703
5.2477097505668935,297.50906,0.04201815649867058
5.27092970521542,580.851,0.05130571871995926
5.294149659863946,591.9463,0.028388656675815582
5.317369614512471,612.5,0.0223185233771801
5.340589569160998,655.27484,0.037246331572532654
5.363809523809524,646.1539,0.03058619424700737
5.38702947845805,601.6371,0.07144546508789062
5.410249433106576,587.31903,0.08162058144807816
5.433469387755102,577.00934,0.04089035093784332
5.456689342403628,574.51794,0.04743674024939537
5.479909297052155,585.2459,0.030058765783905983
5.50312925170068,612.97296,0.013467900454998016
5.526349206349207,646.2355,0.018488632515072823
5.5495691609977325,641.7879,0.0165523961186409
5.572789115646259,610.3806,0.03903774172067642
5.596009070294785,600.6452,0.0747966319322586
5.61922902494331,592.2113,0.030187610536813736
5.642448979591837,208.01888,0.02573477290570736
5.6656689342403626,606.88074,0.04500356316566467
5.688888888888889,618.5455,0.04351806640625
5.712108843537415,429.91278,0.02948140539228916
5.735328798185941,611.8464,0.07042639702558517
5.758548752834467,603.62317,0.030278565362095833
5.7817687074829935,569.76746,0.015366164967417717
5.804988662131519,538.9002,0.020314622670412064
5.828208616780046,568.6987,0.055926233530044556
5.851428571428571,570.2586,0.07537194341421127
5.874648526077098,567.12964,0.0564015693962574
5.897868480725624,555.2158,0.031391292810440063
5.92108843537415,543.10345,0.011032553389668465
5.944308390022676,498.0237,0.00584159092977643
5.9675283446712015,452.07584,0.008825341239571571
5.990748299319728,560.76294,0.02394734136760235
6.013968253968254,555.0079,0.028115015476942062
6.03718820861678,569.5976,0.021451201289892197
6.060408163265306,571.5396,0.027701595798134804
6.0836281179138325,559.9289,0.03839808329939842
6.106848072562358,526.7918,0.018452171236276627
6.130068027210885,493.0435,0.007167111616581678
6.15328798185941,515.24164,0.008973651565611362
6.176507936507937,548.96265,0.02541167661547661
6.199727891156463,545.28595,0.03267614543437958
6.222947845804989,558.7937,0.03370533138513565
6.246167800453515,560.2134,0.03473149240016937
6.269387755102041,551.25,0.03840341046452522
6.292607709750567,533.8421,0.034542106091976166
6.315827664399093,522.4087,0.013507951982319355
6.339047619047619,513.87714,0.01652662269771099
6.362267573696145,535.08594,0.027854636311531067
6.3854875283446715,532.39435,0.043250761926174164
6.408707482993197,535.53326,0.04833062365651131
6.431927437641724,534.81555,0.04453802853822708
6.455147392290249,529.2,0.03172895312309265
6.478367346938776,506.1693,0.013767577707767487
6.501587301587302,492.73743,0.00739275524392724
6.524807256235828,500.36102,0.0068872603587806225
6.548027210884354,516.6134,0.01091479416936636
6.57124716553288,545.8886,0.028128109872341156
6.594467120181406,534.00604,0.036052245646715164
6.617687074829932,540.8278,0.031940214335918427
6.640907029478458,538.9002,0.04233875125646591
6.664126984126984,529.8055,0.03298623114824295
6.6873469387755105,520.354,0.005858017131686211
6.710566893424036,466.17337,0.004520310088992119
6.733786848072563,488.19186,0.005593664012849331
6.757006802721088,519.69696,0.011798055842518806
6.780226757369615,539.0374,0.03132612258195877
6.8034467120181406,529.38416,0.03846098482608795
6.826666666666667,531.59216,0.04200120270252228
6.849886621315193,513.8298,0.031505607068538666
6.873106575963719,498.13953,0.012477327138185501
6.896326530612245,506.63184,0.012444942258298397
6.9195464852607715,525.5688,0.024393750354647636
6.942766439909297,517.76416,0.03127127140760422
6.965986394557823,497.05698,0.01467855367809534
6.989206349206349,473.85388,0.00728426082059741
7.012426303854875,450.0,0.004996167495846748
7.035646258503402,452.4298,0.00452948734164238
7.058866213151927,456.28555,0.004909017123281956
7.082086167800454,475.72818,0.00542694516479969
7.1053061224489795,469.62476,0.00481804646551609
7.128526077097506,453.9372,0.0039596399292349815
7.151746031746032,441.44144,0.002754504792392254
7.174965986394558,440.30478,0.002197102177888155
7.198185941043084,439.38123,0.0021622779313474894
7.2214058956916105,448.3986,0.002628506626933813
7.244625850340136,474.70398,0.0045415181666612625
7.267845804988662,487.93466,0.007786025758832693
7.291065759637188,478.11047,0.0070983292534947395
7.314285714285714,456.52176,0.00401491392403841
7.337505668934241,438.58777,0.002149114618077874
7.360725623582766,429.0811,0.0014351767022162676
7.383945578231293,412.57797,0.0012864409945905209
7.4071655328798185,427.00375,0.0011459942907094955
7.430385487528345,442.63077,0.0013768782373517752
7.453605442176871,469.39862,0.0023872824385762215
7.476825396825397,475.9849,0.0027423130813986063
7.500045351473923,447.03497,0.0016254634829238057
7.5232653061224495,427.282,0.0010310534853488207
7.546485260770975,412.57797,0.0007192464545369148
7.569705215419502,398.98883,0.0006595893646590412
7.592925170068027,403.55872,0.0007648186292499304
7.616145124716553,413.8686,0.0007450620760209858
7.63936507936508,423.36002,0.0007912622531875968
7.662585034013605,420.89078,0.0007854130817577243
7.685804988662132,409.00162,0.0005173360696062446
7.7090249433106575,396.24734,0.00037645938573405147
7.732244897959184,389.05032,0.0002573056844994426
7.75546485260771,392.30768,0.0003267730353400111
7.778684807256236,405.82822,0.000555985199753195
7.801904761904762,419.3344,0.0007074138848111033
7.8251247165532885,427.69394,0.000788829056546092
7.848344671201814,422.45877,0.0007680593989789486
7.871564625850341,410.56955,0.0005818044883199036
7.894784580498866,399.62686,0.0004928986309096217
7.918004535147393,394.57895,0.0004585688002407551
7.9412244897959186,397.09854,0.0005593312671408057
7.964444444444444,404.58716,0.0006504461634904146
7.987664399092971,414.517,0.0007954408065415919
8.010884353741497,420.66772,0.0008806266123428941
8.034104308390022,418.0095,0.0008677996229380369
8.057324263038549,409.80896,0.0007626929436810315
8.080544217687075,404.17514,0.0007108955760486424
8.103764172335602,405.62085,0.0007744761533103883
8.126984126984127,411.08234,0.0008403376559726894
8.150204081632653,415.3846,0.0009492455283179879
8.17342403628118,412.57797,0.0008817170164547861
8.196643990929706,401.76846,0.000712082430254668
8.219863945578231,382.30493,0.00041296123526990414
8.243083900226758,365.26782,0.00045460526598617435
8.266303854875284,357.4468,0.00032697629649192095
8.289523809523809,360.88382,0.0002817149506881833
8.312743764172335,370.00525,0.000278750027064234
8.335963718820862,376.32,0.0003236319462303072
8.359183673469389,377.93253,0.0003109350800514221
8.382403628117913,373.33334,0.00039362962706945837
8.40562358276644,362.6645,0.00039510353235527873
8.428843537414966,352.98825,0.0003072803665418178
8.452063492063493,354.31174,0.00033956902916543186
8.475283446712018,360.88382,0.0003249385626986623
8.498503401360544,371.564,0.0003650747530627996
8.52172335600907,381.4054,0.0004110623267479241
8.544943310657597,382.30493,0.0003823883307632059
8.568163265306122,376.11942,0.00044679734855890274
8.591383219954649,363.33676,0.0005459958920255303
8.614603174603175,350.37076,0.0004749622312374413
8.6378231292517,348.8924,0.0004598491359502077
8.661043083900227,353.17673,0.0003828437183983624
8.684263038548753,364.0867,0.00037455151323229074
8.70748299319728,375.03754,0.0003999911714345217
8.730702947845804,378.13504,0.0004124502884224057
8.753922902494331,369.03766,0.0005059816176071763
8.777142857142858,352.42407,0.0004755781264975667
8.800362811791384,345.25052,0.0005612362292595208
8.823582766439909,348.52475,0.0004992687609046698
8.846802721088435,353.74332,0.0004404290812090039
8.870022675736962,360.7362,0.0004243298899382353
8.893242630385489,362.21765,0.0003950848476961255
8.916462585034013,358.73102,0.00037851292290724814
8.93968253968254,353.20367,0.00043605384416878223
8.962902494331066,346.46466,0.0004906471585854888
8.986122448979591,341.10495,0.0003883335448335856
9.009342403628118,341.6713,0.00032013014424592257
9.032562358276644,349.82648,0.00030866896850056946
9.05578231292517,362.46576,0.0003703549737110734
9.079002267573696,370.00525,0.0004411728587001562
9.102222222222222,366.68512,0.0004963531973771751
9.125442176870749,349.8149,0.0004317341954447329
9.148662131519275,335.17917,0.0005118489498272538
9.1718820861678,334.0909,0.00040737006929703057
9.195102040816327,334.25974,0.00030566047644242644
9.218321995464853,343.10165,0.00026650974177755415
9.24154195011338,351.11465,0.00027577084256336093
9.264761904761905,354.88196,0.00028287596069276333
9.287981859410431,349.44534,0.00028308798209764063
9.311201814058958,334.2718,0.0002953949442598969
9.334421768707482,319.56522,0.0005604316247627139
9.357641723356009,315.1876,0.000729872437659651
9.380861678004536,307.39948,0.0006829279009252787
9.404081632653062,306.74158,0.0006517142755910754
9.427301587301587,310.2273,0.0006500602466985583
9.450521541950113,314.3092,0.0005960200796835124
9.47374149659864,314.137,0.0005721118068322539
9.496961451247167,310.5634,0.0004997086944058537
9.520181405895691,307.07016,0.0004692912916652858
9.543401360544218,305.59702,0.0003879093856085092
9.566621315192744,305.4342,0.00034532963763922453
9.58984126984127,308.3916,0.0003757368540391326
9.613061224489796,314.82703,0.0004739972355309874
9.636281179138322,322.2338,0.000528554548509419
9.659501133786849,323.89832,0.0005876524373888969
9.682721088435374,318.08347,0.0007523383246734738
9.7059410430839,306.96054,0.0005136750405654311
9.729160997732427,298.43832,0.00041245410102419555
9.752380952380953,299.21713,0.0004037236503791064
9.775600907029478,305.59702,0.0004338597063906491
9.798820861678005,313.96497,0.0005217386060394347
9.822040816326531,319.89636,0.0006145499646663666
9.845260770975058,318.32315,0.0006602264475077391
9.868480725623582,309.0566,0.0005906516453251243
9.891700680272109,299.68637,0.0005467056762427092
9.914920634920636,297.66357,0.0006775833899155259
9.93814058956916,299.37335,0.0007166903233155608
9.961360544217687,304.13794,0.0006206271355040371
9.984580498866213,306.74158,0.0006332392804324627
10.00780045351474,300.94485,0.0007098838686943054
10.031020408163265,288.54962,0.0007745637558400631
10.054240362811791,271.10654,0.0006594147998839617
10.077460317460318,262.21622,0.0004445176455192268
10.100680272108844,264.5038,0.00038729188963770866
10.12390022675737,268.1592,0.00041293364483863115
10.147120181405896,271.52386,0.00041220057755708694
10.170340136054422,272.68127,0.0004222852294333279
10.193560090702949,270.70312,0.0004005729570053518
10.216780045351474,267.56757,0.00036054308293387294
10.24,265.02405,0.0003372255596332252
10.263219954648527,264.79257,0.00033734628232195973
10.286439909297052,267.42007,0.00036634845309890807
10.309659863945578,272.68127,0.00039186252979561687
10.332879818594105,277.7953,0.0004304274916648865
10.356099773242631,281.871,0.0003925452765543014
10.379319727891156,283.75336,0.000378290715161711
10.402539682539683,277.99426,0.00035822484642267227
10.425759637188209,265.08197,0.00031409747316502035
10.448979591836736,252.57732,0.00022267534222919494
10.47219954648526,253.15729,0.00022684241412207484
10.495419501133787,258.19672,0.00018916395492851734
10.518639455782314,265.9831,0.00018500920850783587
10.54185941043084,274.3778,0.00026010104920715094
10.565079365079365,280.24265,0.00027415715157985687
10.588299319727891,281.78912,0.0002844218979589641
10.611519274376418,271.7647,0.00023623245942872018
10.634739229024943,258.9041,0.00013958381896372885
10.65795918367347,258.4443,0.00010567970457486808
10.681179138321996,241.80946,0.0002101945865433663
10.704399092970522,284.34937,0.0004126627463847399
10.727619047619047,292.6991,0.0004962884122505784
10.750839002267574,291.9043,0.000628901063464582
10.7740589569161,281.6392,0.0005449459422379732
10.797278911564627,268.90244,0.000299511244520545
10.820498866213152,263.4802,0.00016426034562755376
10.843718820861678,257.89474,3.8341408071573824e-05
10.866938775510205,265.2269,3.19592327286955e-05
10.890158730158731,269.607,1.2324816452746745e-05
10.913378684807256,0.0,4.4391435949364677e-07
10.936598639455783,0.0,3.383283910807222e-07
10.95981859410431,0.0,2.533779479563236e-07
10.983038548752834,0.0,1.3919088814873248e-07
11.00625850340136,0.0,1.1497832019813359e-07
11.029478458049887,0.0,9.261111699743196e-08
11.052698412698414,0.0,1.624248398002237e-07
11.075918367346938,0.0,1.0146413842448965e-07
11.099138321995465,0.0,1.1895826901309192e-07
11.122358276643991,0.0,9.545783541398123e-08
11.145578231292518,0.0,5.6847056839615107e-08
11.168798185941043,0.0,8.678398444317281e-08
11.19201814058957,0.0,1.0074927558889613e-07
11.215238095238096,0.0,1.2744476407533512e-07
11.23845804988662,0.0,2.7331589080858976e-07
11.261678004535147,0.0,2.7497299015522003e-07
11.284897959183674,0.0,1.5283785614883527e-07
11.3081179138322,0.0,8.498136594425887e-08
11.331337868480725,0.0,4.770663508679718e-08
11.354557823129252,0.0,6.290247256401926e-08
11.377777777777778,0.0,1.4617398846894503e-08
