0.0,0.0,5.5100827012211084e-08
0.023219954648526078,0.0,9.32550392462872e-08
0.046439909297052155,0.0,6.52898961561732e-08
0.06965986394557823,0.0,5.660331225953996e-08
0.09287981859410431,0.0,7.37527443561703e-08
0.11609977324263039,0.0,2.4069777282420546e-08
0.13931972789115646,0.0,3.941204340662807e-08
0.16253968253968254,0.0,1.3072167348582298e-07
0.18575963718820862,0.0,1.1660176824079826e-07
0.2089795918367347,0.0,5.360288923839107e-08
0.23219954648526078,0.0,3.6474375519901514e-08
0.25541950113378686,0.0,8.245842764154077e-08
0.2786394557823129,0.0,1.1017073120456189e-07
0.301859410430839,0.0,7.971630111569539e-08
0.3250793650793651,0.0,4.05534592573531e-08
0.3482993197278912,0.0,3.6707206163555384e-08
0.37151927437641724,0.0,5.3085386753082275e-08
0.3947392290249433,0.0,5.6284079619217664e-08
0.4179591836734694,0.0,9.116320143220946e-08
0.44117913832199546,0.0,3.7027348298579454e-08
0.46439909297052157,0.0,5.993024387862533e-08
0.4876190476190476,0.0,6.206028047017753e-08
0.5108390022675737,0.0,6.25450411462225e-08
0.5340589569160998,0.0,5.344463716028258e-08
0.5572789115646258,0.0,8.847655408317223e-08
0.5804988662131519,0.0,8.778715709922835e-08
0.603718820861678,0.0,3.2415300665888935e-08
0.626938775510204,0.0,2.8529029805213213e-08
0.6501587301587302,0.0,3.127024683635682e-08
0.6733786848072563,0.0,3.414606908336282e-08
0.6965986394557824,0.0,1.2153668649261817e-07
0.7198185941043084,0.0,9.7313204605598e-08
0.7430385487528345,0.0,9.319501259597018e-08
0.7662585034013606,0.0,9.997347660828382e-08
0.7894784580498866,0.0,7.911603461252525e-08
0.8126984126984127,0.0,8.151346264639869e-08
0.8359183673469388,0.0,2.9600414563901722e-08
0.8591383219954649,0.0,4.8317815526388586e-08
0.8823582766439909,0.0,7.058952178340405e-08
0.905578231292517,0.0,5.989022611174732e-08
0.9287981859410431,0.0,4.791218088939786e-08
0.9520181405895691,0.0,1.2089003575965762e-07
0.9752380952380952,0.0,2.1343112166505307e-07
0.9984580498866213,0.0,1.0208077583229169e-07
1.0216780045351475,0.0,6.328355084406212e-08
1.0448979591836736,0.0,3.410877980059013e-08
1.0681179138321997,0.0,6.672689778497443e-08
1.0913378684807256,0.0,9.24856067285873e-08
1.1145578231292517,0.0,5.278798198560253e-08
1.1377777777777778,0.0,4.896264726994559e-08
1.1609977324263039,0.0,5.708807293558493e-08
1.18421768707483,0.0,1.1124939192086458e-07
1.207437641723356,0.0,8.734241419006139e-08
1.2306575963718822,0.0,9.967334335669875e-08
1.253877551020408,0.0,7.786002242937684e-08
1.2770975056689342,0.0,4.267349140718579e-08
1.3003174603174603,0.0,3.072727849939838e-08
1.3235374149659864,0.0,4.9917616706807166e-08
1.3467573696145125,0.0,5.206220521358773e-08
1.3699773242630386,0.0,2.1124833438079804e-08
1.3931972789115648,0.0,2.315209712833166e-08
1.4164172335600906,0.0,4.4435182644519955e-08
1.4396371882086167,0.0,1.1513475328683853e-07
1.4628571428571429,0.0,5.104084266349673e-08
1.486077097505669,0.0,5.584115569945425e-08
1.509297052154195,0.0,5.349738785298541e-08
1.5325170068027212,0.0,1.7499587556812912e-08
1.5557369614512473,0.0,2.8948306862730533e-08
1.5789569160997732,0.0,5.853689799550921e-08
1.6021768707482993,0.0,7.004655344644561e-08
1.6253968253968254,0.0,6.412119546439499e-08
1.6486167800453515,0.0,1.9944895029766485e-05
1.6718367346938776,252.72206,8.588260971009731e-05
1.6950566893424037,255.50404,0.00010520731302676722
1.7182766439909298,256.54453,0.00010842557821888477
1.7414965986394557,255.80048,0.00011554203229025006
1.7647165532879818,253.88602,0.000130579894175753
1.787936507936508,253.44827,0.00013479104381985962
1.811156462585034,252.72206,0.00014219590229913592
1.8343764172335602,254.9133,0.0001303119061049074
1.8575963718820863,261.10126,0.00014137013931758702
1.8808163265306124,265.37198,0.00019500107737258077
1.9040362811791383,263.0694,0.0001903680240502581
1.9272562358276644,257.4841,0.00019014997815247625
1.9504761904761905,251.71233,0.0001775979035301134
1.9736961451247166,250.99602,0.00017012335592880845
1.9969160997732427,257.59348,0.00014923961134627461
2.020136054421769,266.97852,0.00020063281408511102
2.043356009070295,269.79977,0.000185652359505184
2.066575963718821,266.53845,0.00018077684217132628
2.089795918367347,258.19672,0.00020441063679754734
2.1130158730158732,250.56818,0.00015841046115383506
2.1362358276643993,251.71233,0.00014758713950868696
2.159455782312925,257.34747,0.00013446016237139702
2.182675736961451,263.4981,0.0001854885631473735
2.2058956916099772,264.79257,0.00017542802379466593
2.2291156462585033,260.0236,0.000176347341039218
2.2523356009070294,253.59402,0.0001388820237480104
2.2755555555555556,251.85608,0.00012257527851033956
2.2987755102040817,259.6895,0.00012818029790651053
2.3219954648526078,249.01186,0.00016482763749081641
2.345215419501134,287.55188,0.0002250496472697705
2.36843537414966,292.05298,0.00023499205417465419
2.391655328798186,287.21136,0.00027653848519548774
2.414875283446712,278.47302,0.000280338543234393
2.4380952380952383,273.1419,0.00021145888604223728
2.4613151927437644,275.46848,0.00023039821826387197
2.48453514739229,282.3632,0.00028302124701440334
2.507755102040816,292.93478,0.00023096551012713462
2.5309750566893423,378.86597,0.0002703091304283589
2.5541950113378684,298.81424,0.00025037210434675217
2.5774149659863945,290.2907,0.00034137649345211685
2.6006349206349206,281.2174,0.00032854831079021096
2.6238548752834467,277.3585,0.0003107706434093416
2.647074829931973,282.03488,0.0003224048705305904
2.670294784580499,290.76923,0.000261452398262918
2.693514739229025,301.71036,0.00027100081206299365
2.716734693877551,585.3982,0.0002821682137437165
2.7399546485260773,405.68182,0.00025694631040096283
2.7631746031746034,294.16342,0.0002904038701672107
2.7863945578231295,290.1316,0.0002968048211187124
2.809614512471655,288.40668,0.000296976650133729
2.8328344671201813,290.76923,0.00024430753546766937
2.8560544217687074,301.19522,0.0001924996031448245
2.8792743764172335,313.75494,0.00019873522978741676
2.9024943310657596,329.6316,0.00028291597845964134
2.9257142857142857,332.29282,0.0002962527796626091
2.948934240362812,312.92447,0.00020158212282694876
2.972154195011338,310.7317,0.00019231141777709126
2.995374149659864,311.91513,0.00015923657338134944
3.01859410430839,314.82703,0.00016473178402520716
3.0418140589569163,339.0445,0.00026630127103999257
3.0650340136054424,349.0765,0.0004585447604767978
3.0882539682539685,337.19278,0.0004952580202370882
3.1114739229024946,182.51422,0.0002575414255261421
3.1346938775510207,305.9232,0.00021371319598983973
3.1579138321995464,314.65424,0.00018865428864955902
3.1811337868480725,315.75177,0.0001830147230066359
3.2043537414965986,338.67255,0.00025547100813128054
3.2275736961451247,348.34125,0.0004930260474793613
3.250793650793651,343.85965,0.0006769044557586312
3.274013605442177,344.53125,0.0006987637025304139
3.297233560090703,341.86047,0.0005490135517902672
3.320453514739229,335.90857,0.0002816714986693114
3.3436734693877552,307.72946,0.00018524876213632524
3.3668934240362813,316.39075,0.00017479453526902944
3.3901133786848074,316.74033,0.00018135241407435387
3.4133333333333336,337.37708,0.00024773692712187767
3.4365532879818597,276.77826,0.0005044674617238343
3.4597732426303858,334.99728,0.0005034260684624314
3.4829931972789114,314.65424,0.00025644892593845725
3.5062131519274375,321.5625,0.00019271257042419165
3.5294331065759637,334.0909,0.000174862943822518
3.5526530612244898,325.97675,0.00029992914642207325
3.575873015873016,343.63638,0.0005732369027100503
3.599092970521542,346.46466,0.0005968133918941021
3.622312925170068,348.81357,0.0006070057861506939
3.645532879818594,346.65918,0.0007324781036004424
3.6687528344671203,343.76392,0.0007808038499206305
3.6919727891156464,342.03723,0.0007294599781744182
3.7151927437641725,341.6839,0.0007013952126726508
3.7384126984126986,341.86047,0.0006741596153005958
3.7616326530612247,343.0,0.0007113420870155096
3.784852607709751,346.46466,0.0006789509207010269
3.8080725623582765,351.19455,0.0004836354055441916
3.8312925170068026,352.8,0.0004747464554384351
3.8545124716553287,349.01074,0.0006452610832639039
3.877732426303855,292.53732,0.0005857456708326936
3.900952380952381,337.37708,0.00047071423614397645
3.924172335600907,333.36932,0.00042279213084839284
3.947392290249433,341.19922,0.0005073869833722711
3.9706122448979593,346.69812,0.000596818164922297
3.9938321995464854,352.98825,0.0005616382695734501
4.017052154195011,365.40652,0.0005798233905807137
4.040272108843538,345.6887,0.0006690935115329921
4.063492063492063,338.1161,0.0005522156716324389
4.08671201814059,343.45795,0.0005648341029882431
4.1099319727891155,345.302,0.0007055155001580715
4.133151927437642,351.67465,0.000606360612437129
4.156371882086168,352.04895,0.0005830363370478153
4.179591836734694,347.831,0.0007222304120659828
4.20281179138322,346.27032,0.0006479051662608981
4.2260317460317465,349.69162,0.00034287612652406096
4.249251700680272,251.10321,0.00032258284045383334
4.272471655328799,298.28302,0.0003973980201408267
4.295691609977324,393.75,0.0003963466442655772
4.31891156462585,387.4794,0.00034017988946288824
4.342131519274377,388.0578,0.000509325007442385
4.365351473922902,370.783,0.0005196783458814025
4.388571428571429,369.8113,0.0005808312562294304
4.4117913832199545,401.76846,0.0005306771490722895
4.435011337868481,438.9209,0.0006395979435183108
4.458231292517007,405.0,0.0008404218824580312
4.481451247165533,405.0243,0.0008971597999334335
4.504671201814059,396.6667,0.0008252597181126475
4.527891156462585,392.30768,0.0007914633024483919
4.551111111111111,376.11942,0.0008600490400567651
4.574331065759638,376.1666,0.0008149417117238045
4.597551020408163,384.85626,0.0006157456082291901
4.62077097505669,394.99475,0.0007816897705197334
4.6439909297052155,398.98883,0.0008638536091893911
4.667210884353741,394.99475,0.0008517153328284621
4.690430839002268,385.84662,0.0007007892709225416
4.713650793650793,379.2109,0.0008143761078827083
4.73687074829932,379.2109,0.0007876841118559241
4.760090702947846,385.05392,0.0006306247087195516
4.783310657596372,396.24734,0.000716019538231194
4.806530612244898,406.0358,0.000876527396030724
4.829750566893424,438.46152,0.0009070473024621606
4.85297052154195,448.07486,0.0009464339818805456
4.876190476190477,441.2206,0.00098922208417207
4.899410430839002,435.72543,0.00108480011112988
4.922630385487529,430.01083,0.0012070636730641127
4.9458503401360545,423.36002,0.0012371212942525744
4.96907029478458,423.13434,0.0012972366530448198
4.992290249433107,440.30478,0.0012975510908290744
5.015510204081632,430.57556,0.001181908301077783
5.038730158730159,453.16388,0.0014892639592289925
5.061950113378685,451.3818,0.0014433336909860373
5.085170068027211,441.23224,0.00139648059848696
5.108390022675737,418.4502,0.0012628406984731555
5.131609977324263,410.02066,0.0013082197401672602
5.154829931972789,421.3376,0.0012207316467538476
5.178049886621316,441.9304,0.0010852239793166518
5.201269841269841,459.13586,0.001259596087038517
5.224489795918368,461.05594,0.001287307939492166
5.2477097505668935,458.65833,0.0014206035993993282
5.27092970521542,446.58228,0.0012943751644343138
5.294149659863946,423.81207,0.0011453870683908463
5.317369614512471,418.67087,0.0012317519867792726
5.340589569160998,441.23224,0.0012310962192714214
5.363809523809524,439.38123,0.0011474366765469313
5.38702947845805,446.16614,0.001227006083354354
5.410249433106576,450.68985,0.001107322284951806
5.433469387755102,469.4427,0.0006504722405225039
5.456689342403628,506.3674,0.0006348046008497477
5.479909297052155,509.02417,0.0008337970357388258
5.50312925170068,492.0829,0.0008276163134723902
5.526349206349207,451.61288,0.001248767483048141
5.5495691609977325,461.90738,0.001465499633923173
5.572789115646259,460.5744,0.0015491432277485728
5.596009070294785,479.84454,0.0014145825989544392
5.61922902494331,505.3125,0.0014504918362945318
5.642448979591837,497.53848,0.0022869077511131763
5.6656689342403626,521.491,0.002086196793243289
5.688888888888889,478.60464,0.0015075586270540953
5.712108843537415,477.6173,0.0017083561979234219
5.735328798185941,463.23532,0.0019378941506147385
5.758548752834467,460.0939,0.0019999926444143057
5.7817687074829935,484.10873,0.0019059439655393362
5.804988662131519,511.43912,0.0024526873603463173
5.828208616780046,522.1744,0.002967983018606901
5.851428571428571,516.3385,0.0020867730490863323
5.874648526077098,446.40384,0.001380806090310216
5.897868480725624,469.89877,0.001883330405689776
5.92108843537415,467.9045,0.002065085805952549
5.944308390022676,473.6842,0.0020088735036551952
5.9675283446712015,491.56052,0.0015668622218072414
5.990748299319728,440.768,0.0015637277392670512
6.013968253968254,405.0243,0.0023017688654363155
6.03718820861678,544.16455,0.0030685868114233017
6.060408163265306,539.5213,0.003461095504462719
6.0836281179138325,523.53357,0.0027205483056604862
6.106848072562358,309.55725,0.0016781633021309972
6.130068027210885,474.4365,0.001970356795936823
6.15328798185941,476.3889,0.0020738111343234777
6.176507936507937,491.03925,0.001771623152308166
6.199727891156463,431.74823,0.003568919375538826
6.222947845804989,556.0053,0.006114192306995392
6.246167800453515,553.7418,0.006317022256553173
6.269387755102041,552.4008,0.006533912383019924
6.292607709750567,529.2962,0.004989936947822571
6.315827664399093,459.854,0.0019819887820631266
6.339047619047619,459.375,0.0019521062495186925
6.362267573696145,491.29974,0.0022585541009902954
6.3854875283446715,351.3944,0.0032469495199620724
6.408707482993197,551.681,0.007404868490993977
6.431927437641724,550.10394,0.007577531039714813
6.455147392290249,526.7101,0.00617149518802762
6.478367346938776,508.1946,0.0024341726675629616
6.501587301587302,507.38257,0.0016150899464264512
6.524807256235828,502.1739,0.001980923116207123
6.548027210884354,515.7895,0.002797186840325594
6.57124716553288,522.2966,0.0031696800142526627
6.594467120181406,523.30096,0.003145025111734867
6.617687074829932,540.96,0.004835270345211029
6.640907029478458,560.0,0.004722550045698881
6.664126984126984,555.97577,0.003507277462631464
6.6873469387755105,605.066,0.004735271446406841
6.710566893424036,605.0305,0.0049069225788116455
6.733786848072563,591.21155,0.003909326624125242
6.757006802721088,575.89154,0.005444293841719627
6.780226757369615,558.54926,0.007633195258677006
6.8034467120181406,552.63153,0.006737669929862022
6.826666666666667,560.7833,0.007300414144992828
6.849886621315193,580.55695,0.005246479995548725
6.873106575963719,602.58093,0.0060885073617100716
6.896326530612245,605.646,0.007093385793268681
6.9195464852607715,600.31415,0.005262861028313637
6.942766439909297,584.4037,0.0049047102220356464
6.965986394557823,568.8855,0.008634112775325775
6.989206349206349,558.22784,0.009644300676882267
7.012426303854875,561.0687,0.009860262274742126
7.035646258503402,575.718,0.0069421990774571896
7.058866213151927,591.0309,0.0060571893118321896
7.082086167800454,594.09326,0.005658718757331371
7.1053061224489795,586.19635,0.004977045580744743
7.128526077097506,580.851,0.005513647571206093
7.151746031746032,578.7402,0.006442109122872353
7.174965986394558,507.91187,0.00868750549852848
7.198185941043084,350.50577,0.0036087369080632925
7.2214058956916105,119.83696,0.0021043180022388697
7.244625850340136,488.27377,0.002160822506994009
7.267845804988662,495.7709,0.001871709362603724
7.291065759637188,503.2158,0.0021344968117773533
7.314285714285714,507.9581,0.0023170888889580965
7.337505668934241,507.16153,0.0024876222014427185
7.360725623582766,502.43396,0.0023521706461906433
7.383945578231293,491.2405,0.00190275302156806
7.4071655328798185,487.6777,0.0017917674267664552
7.430385487528345,501.65463,0.0016555115580558777
7.453605442176871,520.2145,0.00244580814614892
7.476825396825397,532.93054,0.00253299786709249
7.500045351473923,540.3836,0.0023060599341988564
7.5232653061224495,538.7007,0.0016870248364284635
7.546485260770975,518.2692,0.001580901793204248
7.569705215419502,490.25943,0.0018087844364345074
7.592925170068027,484.3619,0.0022969795390963554
7.616145124716553,482.34375,0.0020081542897969484
7.63936507936508,484.6154,0.0019004179630428553
7.662585034013605,503.4769,0.0025837961584329605
7.685804988662132,525.28424,0.0022115823812782764
7.7090249433106575,515.7895,0.001569915795698762
7.732244897959184,510.90045,0.001260907854884863
7.75546485260771,515.5154,0.001831527566537261
7.778684807256236,520.2145,0.002190727973356843
7.801904761904762,517.44,0.0019203154370188713
7.8251247165532885,498.9763,0.0014007601421326399
7.848344671201814,485.1231,0.0018803132697939873
7.871564625850341,480.34232,0.0019828202202916145
7.894784580498866,485.63187,0.001583305886015296
7.918004535147393,489.50552,0.001444781431928277
7.9412244897959186,487.16464,0.001714969170279801
7.964444444444444,484.10873,0.001966413576155901
7.987664399092971,473.46625,0.001892486703582108
8.010884353741497,467.9636,0.0017763737123459578
8.034104308390022,470.3403,0.0017883721739053726
8.057324263038549,479.84454,0.001704619498923421
8.080544217687075,494.7476,0.0013032102724537253
8.103764172335602,503.4769,0.001401291461661458
8.126984126984127,501.9141,0.0012918212451040745
8.150204081632653,493.3937,0.0012405471643432975
8.17342403628118,481.59128,0.0015789428725838661
8.196643990929706,463.4787,0.001514989067800343
8.219863945578231,457.23175,0.0016663444694131613
8.243083900226758,468.2002,0.0018775343196466565
8.266303854875284,482.59512,0.0016955267637968063
8.289523809523809,492.86856,0.00127991393674165
8.312743764172335,493.23846,0.0013797165593132377
8.335963718820862,483.85577,0.0017020073719322681
8.359183673469389,481.34094,0.0015220673521980643
8.382403628117913,476.63406,0.0014321792405098677
8.40562358276644,483.8903,0.0012163827195763588
8.428843537414966,490.77902,0.0014178308192640543
8.452063492063493,465.68112,0.001555602764710784
8.475283446712018,442.327,0.0015433768276125193
8.498503401360544,420.44492,0.001638269517570734
8.52172335600907,413.65292,0.0014981557615101337
8.544943310657597,428.61774,0.0013346687192097306
8.568163265306122,430.7969,0.0013217255473136902
8.591383219954649,429.03226,0.0013318615965545177
8.614603174603175,423.82397,0.001289414707571268
8.6378231292517,425.32996,0.0014487963635474443
8.661043083900227,421.78534,0.0014578336849808693
8.684263038548753,409.59753,0.0013594951014965773
8.70748299319728,432.35294,0.0011451153550297022
8.730702947845804,444.9814,0.0013514357851818204
8.753922902494331,444.78064,0.0013950602151453495
8.777142857142858,443.95972,0.0011813234305009246
8.800362811791384,429.31314,0.0014069357421249151
8.823582766439909,416.6929,0.001199341844767332
8.846802721088435,407.00323,0.0013461423804983497
8.870022675736962,410.44467,0.0013797852443531156
8.893242630385489,432.35294,0.0010288497433066368
8.916462585034013,443.0989,0.0011554514057934284
8.93968253968254,427.46365,0.0012172586284577847
8.962902494331066,420.94327,0.001187042100355029
8.986122448979591,419.556,0.0013205773429945111
9.009342403628118,423.13434,0.0014020006638020277
9.032562358276644,426.08694,0.001366800395771861
9.05578231292517,429.0811,0.001561333891004324
9.079002267573696,510.24792,0.0016779133584350348
9.102222222222222,400.45404,0.0015277958009392023
9.125442176870749,376.70844,0.0014450738672167063
9.148662131519275,364.89362,0.0008358999039046466
9.1718820861678,429.47205,0.0007957153720781207
9.195102040816327,383.47827,0.0006840230198577046
9.218321995464853,380.17242,0.0007864892832003534
9.24154195011338,382.5,0.001015610178001225
9.264761904761905,374.52228,0.0009466102346777916
9.287981859410431,366.3897,0.0006013000966049731
9.311201814058958,415.625,0.0007278814446181059
9.334421768707482,444.9814,0.0008909780881367624
9.357641723356009,460.0939,0.0009557608864270151
9.380861678004536,493.3937,0.0006494782865047455
9.404081632653062,372.9387,0.0009393664076924324
9.427301587301587,379.35483,0.0008373702294193208
9.450521541950113,393.16495,0.0007579405792057514
9.47374149659864,338.7097,0.0005679609021171927
9.496961451247167,411.1249,0.0008818696951493621
9.520181405895691,400.1008,0.0009278313373215497
9.543401360544218,394.99475,0.000825272873044014
9.566621315192744,377.12454,0.0004522044910117984
9.58984126984127,333.36932,0.0004613484488800168
9.613061224489796,380.40665,0.0003568418323993683
9.636281179138322,361.27798,0.0004111990565434098
9.659501133786849,400.26697,0.00046759992255829275
9.682721088435374,379.0831,0.0003896994167007506
9.7059410430839,368.11353,0.0006878345157019794
9.729160997732427,356.4291,0.0005155672552064061
9.752380952380953,242.70776,0.0005601734155789018
9.775600907029478,341.4823,0.0006625246605835855
9.798820861678005,348.8924,0.0006507423822768033
9.822040816326531,350.39728,0.0006294258055277169
9.845260770975058,348.6166,0.0005680161993950605
9.868480725623582,345.49524,0.0005156404804438353
9.891700680272109,320.27933,0.0005721820052713156
9.914920634920636,338.48682,0.0003995135775767267
9.93814058956916,329.43225,0.0004104033869225532
9.961360544217687,300.4717,0.000548852258361876
9.984580498866213,354.12207,0.000580307561904192
10.00780045351474,353.17673,0.000545538670849055
10.031020408163265,347.45453,0.0004736271221190691
10.054240362811791,263.35504,0.0005156919360160828
10.077460317460318,321.0457,0.00030710146529600024
10.100680272108844,326.49393,0.0003310175670776516
10.12390022675737,288.86462,0.0004493340675253421
10.147120181405896,292.58142,0.0005604848847724497
10.170340136054422,358.7449,0.0006285241688601673
10.193560090702949,357.3744,0.0006617782637476921
10.216780045351474,349.76868,0.00043553131399676204
10.24,202.91411,0.0004490480641834438
10.263219954648527,335.3612,0.00041037987102754414
10.286439909297052,289.81378,0.000525695679243654
10.309659863945578,345.6887,0.0006130880792625248
10.332879818594105,337.93103,0.0005259661702439189
10.356099773242631,248.73096,0.0002722171484492719
10.379319727891156,317.7938,0.00027065607719123363
10.402539682539683,321.8978,0.0003198079066351056
10.425759637188209,339.23077,0.00041669420897960663
10.448979591836736,381.4054,0.0004874562146142125
10.47219954648526,323.92447,0.0003845086903311312
10.495419501133787,314.19846,0.0003122332855127752
10.518639455782314,312.42508,0.00020432767632883042
10.54185941043084,304.46094,0.00018244923558086157
10.565079365079365,317.26617,0.0002491408376954496
10.588299319727891,334.99728,0.0003185335372108966
10.611519274376418,343.95544,0.0004443362704478204
10.634739229024943,334.99728,0.0005307906540110707
10.65795918367347,319.7307,0.0003520251775626093
10.681179138321996,308.5576,0.000251102726906538
10.704399092970522,308.3916,0.00018192501738667488
10.727619047619047,310.74573,0.0001777104043867439
10.750839002267574,320.45834,0.00026248436188325286
10.7740589569161,340.3528,0.0004173438355792314
10.797278911564627,331.16394,0.00048037205124273896
10.820498866213152,330.16043,0.0004525101976469159
10.843718820861678,316.12903,0.00025056477170437574
10.866938775510205,317.44186,0.00021402194397524
10.890158730158731,322.90796,0.000245002971496433
10.913378684807256,322.80405,0.0002711564884521067
10.936598639455783,320.27933,0.00021645816741511226
10.95981859410431,307.67444,0.00024007976753637195
10.983038548752834,290.2907,0.00033553660614416003
11.00625850340136,284.51614,0.00032431044382974505
11.029478458049887,288.92197,0.0002592112869024277
11.052698412698414,292.6991,0.0002676884760148823
11.075918367346938,291.2493,0.0003034460241906345
11.099138321995465,287.21136,0.00028973250300623477
11.122358276643991,282.03488,0.0003472071257419884
11.145578231292518,278.31326,0.00032918478245846927
11.168798185941043,278.47302,0.00038381217746064067
11.19201814058957,279.4355,0.0003262832760810852
11.215238095238096,284.85028,0.0002819449291564524
11.23845804988662,289.0224,0.00024395178479608148
11.261678004535147,288.75,0.00024172969278879464
11.284897959183674,285.8995,0.00026688238722272217
11.3081179138322,283.90558,0.00023417595366481692
11.331337868480725,282.03488,0.0002402239915682003
11.354557823129252,281.6392,0.0002502730640117079
11.377777777777778,286.02594,0.0002009353192988783
11.400997732426305,295.64246,0.00019911903655156493
11.42421768707483,299.3213,0.0002200176240876317
11.447437641723356,294.0,0.00020348792895674706
11.470657596371883,286.6739,0.00024000029952730983
11.49387755102041,280.24265,0.00024104102340061218
11.517097505668934,282.08957,0.00025016392464749515
11.54031746031746,286.53278,0.00020369872800074518
11.563537414965987,286.20877,0.00023409724235534668
11.586757369614512,278.95343,0.000217249064007774
11.609977324263038,262.34384,0.00020098024106118828
11.633197278911565,254.76602,0.00018561129400040954
11.656417233560092,256.39536,0.0002039292303379625
11.679637188208616,259.10693,0.00021434645168483257
11.702857142857143,264.70587,0.0002337238984182477
11.72607709750567,263.1265,0.00024384890275541693
11.749297052154196,257.72726,0.00022239433019421995
11.77251700680272,148.73524,0.0001582972618052736
11.795736961451247,234.82428,0.00015189200348686427
11.818956916099774,245.68245,0.00016801082529127598
11.8421768707483,249.71687,0.00019822610192932189
11.865396825396825,254.47202,0.0002206107892561704
11.888616780045352,256.24637,0.00021429148910101503
11.911836734693878,256.993,0.00021702153026126325
11.935056689342403,254.9133,0.00020252366084605455
11.95827664399093,250.99602,0.00018168246606364846
11.981496598639456,249.85835,0.00014732290583197027
12.004716553287983,252.43274,0.00018067940254695714
12.027936507936507,254.37862,0.0002140997676178813
12.051156462585034,260.94675,0.00020875978225376457
12.07437641723356,266.53845,0.00021107643260620534
12.097596371882087,264.2157,0.00019904485088773072
12.120816326530612,260.0236,0.0002276491140946746
12.144036281179138,253.44827,0.0001805971551220864
12.167256235827665,248.73096,0.00013799474982079118
12.190476190476192,252.57732,0.00018492594244889915
12.213696145124716,256.54453,0.00018913466192316264
12.236916099773243,269.2009,0.00016383547335863113
12.26013605442177,273.1419,0.0001468982663936913
12.283356009070294,266.8317,0.00013842173211742193
12.30657596371882,261.56583,0.00018985572387464345
12.329795918367347,254.07408,0.00014864184777252376
12.353015873015874,246.09375,0.00010165390267502517
12.376235827664399,253.73993,0.0001463933876948431
12.399455782312925,257.14285,0.00019045498629566282
12.422675736961452,263.21216,0.00016877449525054544
12.445895691609978,270.10022,0.00016628664161544293
12.469115646258503,261.50943,0.00018203732906840742
12.49233560090703,229.02481,0.0001650803751545027
12.515555555555556,249.43439,0.0001284998725168407
12.538775510204083,253.05165,0.0001638243702473119
12.561995464852608,254.76602,0.00019293351215310395
12.585215419501134,257.14285,0.0001880899362731725
12.60843537414966,264.5038,0.00018840791017282754
12.631655328798185,264.5038,0.00018205592641606927
12.654875283446712,258.85806,0.00016465388762298971
12.678095238095239,252.28833,0.0001309734070673585
12.701315192743765,251.42532,0.00013983435928821564
12.72453514739229,254.32527,0.00016556773334741592
12.747755102040816,258.19672,0.00015097472351044416
12.770975056689343,261.8765,0.0001478262711316347
12.79419501133787,258.95477,0.0001222518039867282
12.817414965986394,254.17868,7.516873301938176e-05
12.84063492063492,245.34074,3.098470187978819e-05
12.863854875283447,0.0,5.589745342149399e-06
12.887074829931972,0.0,8.206952770706266e-07
12.910294784580499,0.0,2.9516377253457904e-07
12.933514739229025,0.0,1.0632811608957127e-07
12.956734693877552,0.0,6.603386282222345e-08
12.979954648526077,0.0,3.2464413379784673e-08
13.003174603174603,0.0,2.8451722755562514e-08
13.02639455782313,0.0,3.607874532463029e-08
13.049614512471656,0.0,2.1907908376306295e-08
13.072834467120181,0.0,3.032073436770588e-08
13.096054421768708,0.0,9.277300705434754e-08
13.119274376417234,0.0,3.964760253438726e-08
13.14249433106576,0.0,8.240931492764503e-08
13.165714285714285,0.0,2.622982719913125e-08
13.188934240362812,0.0,3.611057763919234e-08
13.212154195011339,0.0,2.3590473574586213e-08
13.235374149659863,0.0,1.2246346159372479e-08
13.25859410430839,0.0,6.253958417801186e-08
13.281814058956916,0.0,6.00521161686629e-08
13.305034013605443,0.0,3.981858753832057e-08
13.328253968253968,0.0,4.6180502977222204e-08
13.351473922902494,0.0,8.975166565505788e-08
13.374693877551021,0.0,1.6409285308327526e-07
13.397913832199547,0.0,8.194183465093374e-08
13.421133786848072,0.0,3.904551704181358e-08
13.444353741496599,0.0,5.269794201012701e-08
13.467573696145125,0.0,9.56906660576351e-08
13.490793650793652,0.0,5.888250598218292e-08
13.514013605442177,0.0,7.875587471062317e-08
13.537233560090703,0.0,2.6765519578475505e-08
13.56045351473923,0.0,3.994773578597233e-08
13.583673469387755,0.0,2.7640453481581062e-08
13.606893424036281,0.0,4.4835360313300043e-08
13.630113378684808,0.0,5.839228833792731e-08
13.653333333333334,0.0,5.661513569066301e-08
13.676553287981859,0.0,8.223378245020285e-08
13.699773242630386,0.0,5.3774783737026155e-08
13.722993197278912,0.0,8.368442649953067e-08
13.746213151927439,0.0,2.0197148842271417e-08
13.769433106575963,0.0,3.5242010198999196e-08
13.79265306122449,0.0,2.3133907234296203e-08
13.815873015873017,0.0,2.343131200177595e-08
13.839092970521543,0.0,4.6379682316910475e-08
13.862312925170068,0.0,6.92743924446404e-08
13.885532879818594,0.0,4.3854015530087054e-08
13.908752834467121,0.0,2.0811057765968144e-08
13.931972789115646,0.0,2.0062543626409024e-08
13.955192743764172,0.0,3.4561708162073046e-08
13.978412698412699,0.0,7.881317287683487e-08
14.001632653061225,0.0,4.2994543036911637e-08
14.02485260770975,0.0,7.30406100046821e-08
14.048072562358277,0.0,6.91334207658656e-08
14.071292517006803,0.0,4.5677552407141775e-08
14.09451247165533,0.0,2.5218469090759754e-08
14.117732426303855,0.0,3.454442776273936e-08
14.140952380952381,0.0,4.9441950977779925e-08
14.164172335600908,0.0,5.820220394525677e-08
14.187392290249434,0.0,6.354548531817272e-08
