0.0,0.0,2.2975564206717536e-07
0.023219954648526078,0.0,9.828727343119681e-08
0.046439909297052155,0.0,1.524140316178091e-07
0.06965986394557823,0.0,3.118293534498662e-07
0.09287981859410431,0.0,2.3307075025513768e-07
0.11609977324263039,0.0,1.2149121175752953e-07
0.13931972789115646,0.0,1.9493472791509703e-07
0.16253968253968254,0.0,6.291020326898433e-07
0.18575963718820862,0.0,9.373779903398827e-07
0.2089795918367347,0.0,7.517787707911339e-06
0.23219954648526078,146.51163,0.0001169911993201822
0.25541950113378686,206.79953,0.00037657812936231494
0.2786394557823129,226.02505,0.0004928814596496522
0.301859410430839,174.76883,0.0005220102611929178
0.3250793650793651,169.9422,0.001228113193064928
0.3482993197278912,175.49744,0.0011234126286581159
0.37151927437641724,177.72021,0.0012765626888722181
0.3947392290249433,169.33627,0.0012809286126866937
0.4179591836734694,188.69194,0.0017063700361177325
0.44117913832199546,219.24716,0.0017526389565318823
0.46439909297052157,130.7054,0.0008498397655785084
0.4876190476190476,184.51883,0.0009616896277293563
0.5108390022675737,266.46527,0.001831598929129541
0.5340589569160998,379.62698,0.0031601900700479746
0.5572789115646258,291.16302,0.002518503926694393
0.5804988662131519,280.53436,0.003083449322730303
0.603718820861678,226.15384,0.0023133547510951757
0.626938775510204,250.95705,0.002782112918794155
0.6501587301587302,287.29642,0.0014740212354809046
0.6733786848072563,199.88669,0.00076801743125543
0.6965986394557824,210.78065,0.0011046708095818758
0.7198185941043084,252.39333,0.0020487159490585327
0.7430385487528345,315.96725,0.0038225892931222916
0.7662585034013606,289.0224,0.0031161713413894176
0.7894784580498866,311.34647,0.003148521762341261
0.8126984126984127,323.89832,0.003671955084428191
0.8359183673469388,236.53159,0.0022055786103010178
0.8591383219954649,222.27823,0.0009338289964944124
0.8823582766439909,365.9751,0.0009209694107994437
0.905578231292517,323.5327,0.0015803007408976555
0.9287981859410431,384.31372,0.0030910680070519447
0.9520181405895691,400.69482,0.003962351940572262
0.9752380952380952,419.29532,0.00360979326069355
0.9984580498866213,306.74158,0.0036679976619780064
1.0216780045351475,355.03162,0.002911855699494481
1.0448979591836736,229.02481,0.0017068518791347742
1.0681179138321997,413.4375,0.0020816419273614883
1.0913378684807256,410.23254,0.00506469514220953
1.1145578231292517,221.05263,0.008834403939545155
1.1377777777777778,116.604965,0.0029521046672016382
1.1609977324263039,133.83916,0.00761434156447649
1.18421768707483,170.93024,0.0028729611076414585
1.207437641723356,251.52092,0.0035429871641099453
1.2306575963718822,287.14053,0.00359569163993001
1.253877551020408,289.49673,0.002400381024926901
1.2770975056689342,277.7078,0.004854616709053516
1.3003174603174603,277.7078,0.002771492814645171
1.3235374149659864,294.30185,0.0024852699134498835
1.3467573696145125,271.10654,0.002445781137794256
1.3699773242630386,317.7938,0.002703141886740923
1.3931972789115648,254.37862,0.0036620073951780796
1.4164172335600906,346.5,0.00475800596177578
1.4396371882086167,252.78792,0.004369721747934818
1.4628571428571429,239.02438,0.0035268315114080906
1.486077097505669,298.30893,0.005279296077787876
1.509297052154195,270.55215,0.00300254812464118
1.5325170068027212,314.48163,0.003337185364216566
1.5557369614512473,360.49045,0.003081077244132757
1.5789569160997732,314.3092,0.0024906008038669825
1.6021768707482993,259.71732,0.0028384041506797075
1.6253968253968254,227.71083,0.004124308470636606
1.6486167800453515,249.79402,0.004704689607024193
1.6718367346938776,288.67072,0.00491060595959425
1.6950566893424037,278.633,0.0029641359578818083
1.7182766439909298,319.89636,0.0026980338152498007
1.7414965986394557,339.40482,0.003601927775889635
1.7647165532879818,348.34125,0.003217182355001569
1.787936507936508,390.04974,0.0031043512281030416
1.811156462585034,314.7956,0.005768882110714912
1.8343764172335602,418.12604,0.007165158167481422
1.8575963718820863,456.37256,0.006483487784862518
1.8808163265306124,330.16043,0.004119760822504759
1.9040362811791383,330.69095,0.0038979698438197374
1.9272562358276644,184.8088,0.004240956157445908
1.9504761904761905,212.70097,0.007325108628720045
1.9736961451247166,244.18604,0.007273177150636911
1.9969160997732427,246.50644,0.007693513762205839
2.020136054421769,213.96227,0.007071458734571934
2.043356009070295,208.4121,0.004428737331181765
2.066575963718821,203.32993,0.006079102400690317
2.089795918367347,221.11421,0.009705601260066032
2.1130158730158732,282.69232,0.012527549639344215
2.1362358276643993,352.2716,0.009258595295250416
2.159455782312925,334.4287,0.013360005803406239
2.182675736961451,443.0851,0.011415471322834492
2.2058956916099772,258.85806,0.009876638650894165
2.2291156462585033,242.9752,0.008069625124335289
2.2523356009070294,238.50731,0.008795225992798805
2.2755555555555556,274.05487,0.010928010568022728
2.2987755102040817,338.67255,0.014581622555851936
2.3219954648526078,356.02798,0.015653621405363083
2.345215419501134,484.86914,0.016902999952435493
2.36843537414966,417.19534,0.009879164397716522
2.391655328798186,275.48154,0.00893422868102789
2.414875283446712,234.94939,0.007282256614416838
2.4380952380952383,224.87251,0.006905021145939827
2.4613151927437644,260.80646,0.010105676017701626
2.48453514739229,322.40207,0.012928023003041744
2.507755102040816,315.69385,0.014069851487874985
2.5309750566893423,275.76862,0.014655478298664093
2.5541950113378684,269.8623,0.01203341968357563
2.5774149659863945,306.9058,0.012703385204076767
2.6006349206349206,295.1478,0.009131692349910736
2.6238548752834467,231.15901,0.011217700317502022
2.647074829931973,233.7043,0.011448994278907776
2.670294784580499,247.6137,0.012277603149414062
2.693514739229025,237.99245,0.01889817975461483
2.716734693877551,273.065,0.01284677442163229
2.7399546485260773,269.72476,0.010860664770007133
2.7631746031746034,356.98868,0.012731289491057396
2.7863945578231295,354.21686,0.009307362139225006
2.809614512471655,263.35504,0.013485569506883621
2.8328344671201813,237.35199,0.013429585844278336
2.8560544217687074,244.45677,0.011491330340504646
2.8792743764172335,305.34125,0.014975696802139282
2.9024943310657596,424.492,0.01742582768201828
2.9257142857142857,413.0073,0.01725934073328972
2.948934240362812,479.34784,0.01973114348948002
2.972154195011338,471.79053,0.015570537187159061
2.995374149659864,346.33508,0.01500607654452324
3.01859410430839,409.67215,0.02519659325480461
3.0418140589569163,412.14954,0.023995477706193924
3.0650340136054424,320.72726,0.009187527000904083
3.0882539682539685,382.36993,0.00482570007443428
3.1114739229024946,342.5686,0.005552926100790501
3.1346938775510207,345.0704,0.008027778938412666
3.1579138321995464,353.6842,0.008885235525667667
3.1811337868480725,333.72974,0.006919753737747669
3.2043537414965986,529.38416,0.012530537322163582
3.2275736961451247,568.11597,0.008177672512829304
3.250793650793651,314.6789,0.005394506733864546
3.274013605442177,222.91492,0.004583632107824087
3.297233560090703,641.1955,0.011697689071297646
3.320453514739229,1163.5282,0.014971951022744179
3.3436734693877552,817.1395,0.004410833120346069
3.3668934240362813,286.36365,0.006364455446600914
3.3901133786848074,520.9687,0.017071649432182312
3.4133333333333336,495.2274,0.011430187150835991
3.4365532879818597,558.5106,0.012203823775053024
3.4597732426303858,340.66013,0.01404664572328329
3.4829931972789114,582.8194,0.004366264678537846
3.5062131519274375,445.00507,0.004153875634074211
3.5294331065759637,733.1486,0.004318496212363243
3.5526530612244898,619.5109,0.003945985808968544
3.575873015873016,303.567,0.007037509698420763
3.599092970521542,721.5592,0.025177523493766785
3.622312925170068,492.73743,0.013453081250190735
3.645532879818594,758.0384,0.01853591576218605
3.6687528344671203,769.18604,0.00865907408297062
3.6919727891156464,469.14893,0.0036837703082710505
3.7151927437641725,400.9091,0.003509900067001581
3.7384126984126986,571.5396,0.003684051800519228
3.7616326530612247,364.26212,0.004589185118675232
3.784852607709751,590.625,0.01194844301789999
3.8080725623582765,689.8917,0.01820458099246025
3.8312925170068026,410.23254,0.011362357065081596
3.8545124716553287,499.07407,0.01907423511147499
3.877732426303855,641.7879,0.007857327349483967
3.900952380952381,299.5924,0.003747357055544853
3.924172335600907,403.2813,0.004468949977308512
3.947392290249433,611.2871,0.008780978620052338
3.9706122448979593,428.4753,0.010027420707046986
3.9938321995464854,331.2469,0.026993073523044586
4.017052154195011,412.7925,0.016387496143579483
4.040272108843538,388.24445,0.014666233211755753
4.063492063492063,513.87714,0.020034343004226685
4.08671201814059,527.0917,0.009092561900615692
4.1099319727891155,210.33386,0.005356810055673122
4.133151927437642,475.32935,0.013906391337513924
4.156371882086168,339.0445,0.008125743828713894
4.179591836734694,205.75429,0.006372168194502592
4.20281179138322,254.9133,0.006503240205347538
4.2260317460317465,329.1045,0.007984492927789688
4.249251700680272,466.91373,0.012293603271245956
4.272471655328799,527.1829,0.009140035137534142
4.295691609977324,534.5455,0.006077564787119627
4.31891156462585,410.56955,0.011911041103303432
4.342131519274377,430.5439,0.012765750288963318
4.365351473922902,223.74428,0.005975726060569286
4.388571428571429,208.7574,0.006374211981892586
4.4117913832199545,236.46112,0.005368660669773817
4.435011337868481,306.0865,0.00835511926561594
4.458231292517007,498.17105,0.009849979542195797
4.481451247165533,448.07486,0.005648475140333176
4.504671201814059,543.6055,0.005982916336506605
4.527891156462585,529.38416,0.006688497960567474
4.551111111111111,444.23077,0.011203482747077942
4.574331065759638,258.85806,0.006118155550211668
4.597551020408163,187.06256,0.006441952660679817
4.62077097505669,236.46112,0.00703061930835247
4.6439909297052155,317.26617,0.009128321893513203
4.667210884353741,478.60464,0.009381241165101528
4.690430839002268,463.28165,0.007096055895090103
4.713650793650793,483.3507,0.009018690325319767
4.73687074829932,533.28076,0.0079511608928442
4.760090702947846,335.65573,0.009177261963486671
4.783310657596372,290.2907,0.008983815088868141
4.806530612244898,331.0456,0.00985812395811081
4.829750566893424,317.10324,0.012962440960109234
4.85297052154195,477.53113,0.013429095037281513
4.876190476190477,531.0471,0.01175641268491745
4.899410430839002,466.39246,0.011835524812340736
4.922630385487529,338.1161,0.006936138030141592
4.9458503401360545,335.70935,0.004272735211998224
4.96907029478458,456.28555,0.0036870406474918127
4.992290249433107,451.61288,0.0034691249020397663
5.015510204081632,224.42747,0.005739690735936165
5.038730158730159,226.67047,0.007917208597064018
5.061950113378685,220.62257,0.007328524719923735
5.085170068027211,188.8651,0.0026527182199060917
5.108390022675737,434.82098,0.0030293576419353485
5.131609977324263,414.80197,0.0028517283499240875
5.154829931972789,393.9569,0.003249483648687601
5.178049886621316,324.09448,0.0030142117757350206
5.201269841269841,283.6013,0.003201188985258341
5.224489795918368,226.6187,0.006247865967452526
5.2477097505668935,229.28943,0.004016875755041838
5.27092970521542,282.87366,0.004768734332174063
5.294149659863946,257.34747,0.003152137156575918
5.317369614512471,360.7362,0.002587932860478759
5.340589569160998,390.26547,0.0025242201518267393
5.363809523809524,418.4502,0.002370182191953063
5.38702947845805,370.00525,0.0023948908783495426
5.410249433106576,246.21588,0.003478904953226447
5.433469387755102,347.929,0.004133771173655987
5.456689342403628,273.91306,0.003671970684081316
5.479909297052155,331.3873,0.003874761750921607
5.50312925170068,321.31146,0.002420104807242751
5.526349206349207,329.8619,0.0022282388526946306
5.5495691609977325,248.17108,0.002047231886535883
5.572789115646259,197.09497,0.0018009021878242493
5.596009070294785,273.48837,0.002307931426912546
5.61922902494331,361.67303,0.002406061626970768
5.642448979591837,378.54077,0.003933607134968042
5.6656689342403626,458.41998,0.0037582311779260635
5.688888888888889,326.66666,0.0021038330160081387
5.712108843537415,299.15204,0.0019000074826180935
5.735328798185941,267.42007,0.0017819382483139634
5.758548752834467,200.45454,0.0019439656753093004
5.7817687074829935,296.43228,0.0022195305209606886
5.804988662131519,411.2452,0.0028013396076858044
5.828208616780046,417.35016,0.00242421543225646
5.851428571428571,375.63882,0.0017276189755648375
5.874648526077098,276.14276,0.0011157025583088398
5.897868480725624,255.65218,0.004284609109163284
5.92108843537415,424.51868,0.005663199815899134
5.944308390022676,475.65485,0.006126054096966982
5.9675283446712015,460.68378,0.0013973522000014782
5.990748299319728,0.0,0.0008031316101551056
6.013968253968254,253.01204,0.000933822535444051
6.03718820861678,303.24164,0.002176222624257207
6.060408163265306,434.97723,0.004820963833481073
6.0836281179138325,489.01212,0.001575712114572525
6.106848072562358,320.0622,0.001723503926768899
6.130068027210885,349.2608,0.0023283164482563734
6.15328798185941,318.3071,0.004003257490694523
6.176507936507937,368.33713,0.0013907417887821794
6.199727891156463,151.98163,0.0009970185346901417
6.222947845804989,388.54626,0.002359409350901842
6.246167800453515,355.88434,0.004827758762985468
6.269387755102041,385.71426,0.004034839570522308
6.292607709750567,373.72882,0.0020721573382616043
6.315827664399093,435.95212,0.0021040807478129864
6.339047619047619,238.52164,0.0035589297767728567
6.362267573696145,334.72485,0.0024785776622593403
6.3854875283446715,294.4908,0.0007564637926407158
6.408707482993197,234.82428,0.0007301142322830856
6.431927437641724,516.39343,0.0017315277364104986
6.455147392290249,319.56522,0.004230967722833157
6.478367346938776,384.0855,0.002274176338687539
6.501587301587302,152.77136,0.0016763401217758656
6.524807256235828,271.00558,0.002614275086671114
6.548027210884354,370.19937,0.0030626803636550903
6.57124716553288,305.71924,0.0008368506096303463
6.594467120181406,196.32721,0.0005252326373010874
6.617687074829932,268.30753,0.0006105332286097109
6.640907029478458,507.54477,0.00201907055452466
6.664126984126984,371.28156,0.002773080952465534
6.6873469387755105,403.84616,0.0013834580313414335
6.710566893424036,315.69385,0.0018942705355584621
6.733786848072563,402.37225,0.0025766966864466667
6.757006802721088,371.6292,0.0009603395592421293
6.780226757369615,167.40782,0.0005569849163293839
6.8034467120181406,260.2623,0.001198016805574298
6.826666666666667,340.66013,0.0012728959554806352
6.849886621315193,321.31146,0.00014275456487666816
6.873106575963719,160.9489,1.7642545572016388e-05
6.896326530612245,0.0,2.7896730898646638e-06
6.9195464852607715,0.0,8.093174983514473e-07
6.942766439909297,0.0,3.622999429353513e-07
6.965986394557823,0.0,1.5842306311242282e-07
6.989206349206349,0.0,1.5107434592209756e-07
7.012426303854875,0.0,3.7135487218620256e-07
7.035646258503402,0.0,6.38719939161092e-07
7.058866213151927,0.0,5.766432877862826e-07
7.082086167800454,0.0,1.624821379664354e-07
7.1053061224489795,0.0,1.2791770132025704e-07
7.128526077097506,0.0,4.735102265840396e-08
7.151746031746032,0.0,4.597495717462152e-08
7.174965986394558,0.0,1.6822195902932435e-07
7.198185941043084,0.0,2.4946712073870003e-07
7.2214058956916105,0.0,6.18545527686365e-07
7.244625850340136,0.0,7.091293809935451e-07
7.267845804988662,0.0,2.0546940504573286e-07
