0.0,0.0,5.228230293141678e-08
0.023219954648526078,0.0,3.048535290872678e-08
0.046439909297052155,0.0,3.483637556200847e-08
0.06965986394557823,0.0,3.377408575033769e-08
0.09287981859410431,0.0,2.965589374070987e-08
0.11609977324263039,0.0,2.2827407519798726e-08
0.13931972789115646,0.0,5.805395630886778e-08
0.16253968253968254,0.0,2.23781171371229e-08
0.18575963718820862,0.0,2.13904058909975e-08
0.2089795918367347,0.0,1.2876625987701118e-08
0.23219954648526078,0.0,1.0530129657126963e-08
0.25541950113378686,0.0,4.2257852328475565e-08
0.2786394557823129,0.0,3.644163371063769e-08
0.301859410430839,0.0,1.518043973192107e-06
0.3250793650793651,0.0,5.208725269767456e-06
0.3482993197278912,0.0,7.625506441399921e-06
0.37151927437641724,0.0,8.681748113303911e-06
0.3947392290249433,0.0,8.652833457745146e-06
0.4179591836734694,0.0,9.078245966520626e-06
0.44117913832199546,210.42944,1.2389627954689786e-05
0.46439909297052157,216.29428,1.7154592569568194e-05
0.4876190476190476,245.27252,1.7731583284330554e-05
0.5108390022675737,253.30269,1.8826536688720807e-05
0.5340589569160998,182.33904,2.2671585611533374e-05
0.5572789115646258,239.09639,2.5014094717334956e-05
0.5804988662131519,238.66507,2.5791305233724415e-05
0.603718820861678,202.75862,2.969484012282919e-05
0.626938775510204,205.79999,3.899911098415032e-05
0.6501587301587302,233.48776,3.9703299989923835e-05
0.6733786848072563,257.56003,4.7231183998519555e-05
0.6965986394557824,226.28279,4.457089744391851e-05
0.7198185941043084,185.8519,5.2092211262788624e-05
0.7430385487528345,136.7018,6.987969391047955e-05
0.7662585034013606,157.90282,6.117764860391617e-05
0.7894784580498866,155.19063,4.717761476058513e-05
0.8126984126984127,150.10211,5.790444265585393e-05
0.8359183673469388,145.73694,6.396626849891618e-05
0.8591383219954649,150.59761,5.361317744245753e-05
0.8823582766439909,173.52446,8.797331247478724e-05
0.905578231292517,203.69514,7.33165506972e-05
0.9287981859410431,314.51862,8.889119635568932e-05
0.9520181405895691,303.01266,9.429699275642633e-05
0.9752380952380952,201.48486,9.5798444817774e-05
0.9984580498866213,143.88254,6.542872870340943e-05
1.0216780045351475,140.35646,7.50374238123186e-05
1.0448979591836736,143.25934,9.905072511173785e-05
1.0681179138321997,171.88196,9.111314284382388e-05
1.0913378684807256,315.34653,0.00010810204548761249
1.1145578231292517,298.43832,8.905294816941023e-05
1.1377777777777778,306.4273,9.619073534850031e-05
1.1609977324263039,148.73524,9.512792166788131e-05
1.18421768707483,140.71474,7.948816346470267e-05
1.207437641723356,136.603,7.55878136260435e-05
1.2306575963718822,139.29248,9.173733997158706e-05
1.253877551020408,144.21191,0.00011419210932217538
1.2770975056689342,248.73096,0.00014247643412090838
1.3003174603174603,292.64932,0.00013198531814850867
1.3235374149659864,148.65169,0.00016018457245081663
1.3467573696145125,145.14536,0.00013090591528452933
1.3699773242630386,140.53539,9.591808338882402e-05
1.3931972789115648,140.96964,0.00012285140110179782
1.4164172335600906,148.56822,0.00011259207531111315
1.4396371882086167,331.7708,9.161263733403757e-05
1.4628571428571429,311.40683,7.934491441119462e-05
1.486077097505669,291.57025,0.0001006392267299816
1.509297052154195,329.98398,0.00011156708205817267
1.5325170068027212,315.37546,0.0001171176481875591
1.5557369614512473,316.39075,0.00010939800267806277
1.5789569160997732,297.97296,0.00011920125689357519
1.6021768707482993,327.4129,0.00013547384878620505
1.6253968253968254,305.75998,0.00011119647388113663
1.6486167800453515,246.09375,0.00012717259232886136
1.6718367346938776,200.91116,0.00014013436157256365
1.6950566893424037,173.42696,0.0001248671906068921
1.7182766439909298,234.20074,0.00015340208483394235
1.7414965986394557,254.32527,0.00011624319449765608
1.7647165532879818,146.51163,0.0001399194443365559
1.787936507936508,198.98477,0.0001519963552709669
1.811156462585034,313.879,0.00017183762975037098
1.8343764172335602,303.97668,0.000124243029858917
1.8575963718820863,267.27274,0.00013606480206362903
1.8808163265306124,267.86304,0.0001480162754887715
1.9040362811791383,241.77632,0.00018402950081508607
1.9272562358276644,200.91116,0.00019803171744570136
1.9504761904761905,150.25554,0.00017427961574867368
1.9736961451247166,259.87036,0.00012691158917732537
1.9969160997732427,248.3108,0.00015218232874758542
2.020136054421769,203.2258,0.00011997893307125196
2.043356009070295,229.4485,0.00012010196223855019
2.066575963718821,180.10501,0.00015600162441842258
2.089795918367347,194.48732,0.00014075971557758749
2.1130158730158732,324.60568,0.00016372997197322547
2.1362358276643993,313.62143,0.0001579559175297618
2.159455782312925,331.0456,0.00013276032404974103
2.182675736961451,172.651,0.00017938815290108323
2.2058956916099772,180.55272,0.0001377591397613287
2.2291156462585033,207.36676,0.00013794994447380304
2.2523356009070294,199.80583,0.0001847143576014787
2.2755555555555556,172.84435,0.00017692605615593493
2.2987755102040817,236.71497,0.00019195841741748154
2.3219954648526078,322.73917,0.0002084229636238888
2.345215419501134,311.2378,0.00019250305194873363
2.36843537414966,264.07187,0.0001768602814991027
2.391655328798186,199.54752,0.0001803541526896879
2.414875283446712,201.98474,0.00016045915253926069
2.4380952380952383,250.28377,0.0001654425577726215
2.4613151927437644,182.33904,0.00022955320309847593
2.48453514739229,174.90085,0.00020082293485756963
2.507755102040816,202.81042,0.00017756572924554348
2.5309750566893423,213.04347,0.00016451918054372072
2.5541950113378684,347.04892,0.00017458635556977242
2.5774149659863945,342.03723,0.0001743830507621169
2.6006349206349206,255.20833,0.0001626146986382082
2.6238548752834467,342.04987,0.00016049918485805392
2.647074829931973,302.0548,0.0001529329747427255
2.670294784580499,291.87726,0.00016754772514104843
2.693514739229025,331.40097,0.0001922855299199
2.716734693877551,351.04477,0.00018474902026355267
2.7399546485260773,474.73087,0.00017951003974303603
2.7631746031746034,275.48154,0.00022565120889339596
2.7863945578231295,205.64767,0.00022399972658604383
2.809614512471655,323.35025,0.00017048270092345774
2.8328344671201813,349.63004,0.00020907414727844298
2.8560544217687074,271.10654,0.00016690936172381043
2.8792743764172335,207.65157,0.000175046399817802
2.9024943310657596,212.246,0.00022180756786838174
2.9257142857142857,313.62143,0.00021811308397445828
2.948934240362812,448.3986,0.00024231968563981354
2.972154195011338,354.57288,0.000280569598544389
2.995374149659864,350.79544,0.00024746678536757827
3.01859410430839,401.76846,0.0002898569218814373
3.0418140589569163,357.18143,0.0002606885973364115
3.0650340136054424,318.85428,0.0002456971269566566
3.0882539682539685,296.12604,0.0002649244852364063
3.1114739229024946,213.84697,0.00032960280077531934
3.1346938775510207,222.22844,0.000361535552656278
3.1579138321995464,223.60562,0.00040162052027881145
3.1811337868480725,216.53027,0.0002835881896317005
3.2043537414965986,207.9099,0.0002469949540682137
3.2275736961451247,293.8493,0.0002005229180213064
3.250793650793651,327.4129,0.0002171050728065893
3.274013605442177,206.3158,0.0003277474024798721
3.297233560090703,213.38708,0.0004563855763990432
3.320453514739229,222.97754,0.0005127401673234999
3.3436734693877552,226.26988,0.0005325487582013011
3.3668934240362813,220.99109,0.0004779383889399469
3.3901133786848074,213.1579,0.0003486575442366302
3.4133333333333336,435.11316,0.0002860185340978205
3.4365532879818597,277.19998,0.0003340009425301105
3.4597732426303858,206.07477,0.0004564505652524531
3.4829931972789114,236.46112,0.0005825948901474476
3.5062131519274375,247.6137,0.0006711439345963299
3.5294331065759637,295.82043,0.000680444180034101
3.5526530612244898,264.5038,0.0008598515996709466
3.575873015873016,242.9752,0.0007183804991655052
3.599092970521542,266.685,0.0005915240617468953
3.622312925170068,303.3771,0.0004937248304486275
3.645532879818594,230.2872,0.00040375604294240475
3.6687528344671203,251.56874,0.0005283040227368474
3.6919727891156464,319.95163,0.0006088533555157483
3.7151927437641725,391.34775,0.000598782324232161
3.7384126984126986,346.51648,0.000593647186178714
3.7616326530612247,369.92212,0.0007293451344594359
3.784852607709751,389.40396,0.0007968235295265913
3.8080725623582765,536.91205,0.0007406910881400108
3.8312925170068026,298.9051,0.000638851779513061
3.8545124716553287,351.11465,0.0008828730788081884
3.877732426303855,371.3684,0.0009483984904363751
3.900952380952381,506.61923,0.0010143863037228584
3.924172335600907,549.45825,0.0008404888212680817
3.947392290249433,392.7187,0.00081077148206532
3.9706122448979593,649.72375,0.001162799191661179
3.9938321995464854,705.79474,0.0011825649999082088
4.017052154195011,508.22418,0.0008395744953304529
4.040272108843538,234.57446,0.0008961205021478236
4.063492063492063,241.71742,0.001061554765328765
4.08671201814059,251.13895,0.0007505157263949513
4.1099319727891155,250.00002,0.0010057887993752956
4.133151927437642,240.54546,0.0007441445486620069
4.156371882086168,282.24,0.0007871673442423344
4.179591836734694,491.82156,0.0008663155604153872
4.20281179138322,285.5909,0.0005697517190128565
4.2260317460317465,247.55414,0.0009108901722356677
4.249251700680272,269.79977,0.0007533946773037314
4.272471655328799,254.24529,0.0006297786021605134
4.295691609977324,479.62222,0.0009383524302393198
4.31891156462585,482.23074,0.001030639512464404
4.342131519274377,533.4678,0.0009655641624704003
4.365351473922902,376.72183,0.0007844996871426702
4.388571428571429,338.48682,0.0012140899198129773
4.4117913832199545,325.46124,0.001215045340359211
4.435011337868481,301.73685,0.0008878496009856462
4.458231292517007,264.35968,0.0008263203781098127
4.481451247165533,276.05634,0.0005867147701792419
4.504671201814059,292.40506,0.0008477465016767383
4.527891156462585,249.43439,0.0009919870644807816
4.551111111111111,242.01219,0.0007728732889518142
4.574331065759638,235.2,0.0007292726077139378
4.597551020408163,263.75598,0.0011376957409083843
4.62077097505669,241.5703,0.0016327452613040805
4.6439909297052155,249.30905,0.0010188299929723144
4.667210884353741,265.1834,0.0009307697764597833
4.690430839002268,444.66193,0.0009725008858367801
4.713650793650793,403.2813,0.0008393410826101899
4.73687074829932,345.6887,0.0014322937931865454
4.760090702947846,612.5,0.0014658209402114153
4.783310657596372,466.27713,0.0012058602878823876
4.806530612244898,261.46243,0.0007948320126160979
4.829750566893424,275.93857,0.0006681210361421108
4.85297052154195,346.6143,0.0007191032636910677
4.876190476190477,303.61447,0.00043313339119777083
4.899410430839002,466.66666,0.0008718410972505808
4.922630385487529,390.91412,0.0011374835157766938
4.9458503401360545,415.1163,0.0010786394122987986
4.96907029478458,345.6887,0.00128246343228966
4.992290249433107,282.3906,0.0009691909654065967
5.015510204081632,282.84338,0.0011536289239302278
5.038730158730159,350.0,0.0009399537229910493
5.061950113378685,493.42657,0.0004551867605186999
5.085170068027211,511.43912,0.00042168411891907454
5.108390022675737,580.2632,0.0005973196821287274
5.131609977324263,462.8186,0.001227786997333169
5.154829931972789,578.4365,0.001554305898025632
5.178049886621316,714.36285,0.0017908094450831413
5.201269841269841,415.8198,0.0012443400919437408
5.224489795918368,264.73236,0.001088037621229887
5.2477097505668935,387.26675,0.0012100936146453023
5.27092970521542,394.16403,0.0007372737163677812
5.294149659863946,461.7801,0.0009832869982346892
5.317369614512471,524.4571,0.0014591419603675604
5.340589569160998,410.56955,0.0013120202347636223
5.363809523809524,282.24,0.0012224982492625713
5.38702947845805,282.03488,0.0011262049665674567
5.410249433106576,283.14606,0.0011826744303107262
5.433469387755102,285.1293,0.001078421832062304
5.456689342403628,283.5184,0.0010426774388179183
5.479909297052155,294.98328,0.001297813723795116
5.50312925170068,261.0872,0.0014344904338940978
5.526349206349207,319.20938,0.0013409177772700787
5.5495691609977325,249.93703,0.0010468519758433104
5.572789115646259,258.4994,0.0009188239928334951
5.596009070294785,570.56604,0.001083215232938528
5.61922902494331,329.98398,0.001096649095416069
5.642448979591837,343.81497,0.0012561057228595018
5.6656689342403626,344.7236,0.001399716711603105
5.688888888888889,257.14285,0.0013312085065990686
5.712108843537415,241.13002,0.0016648147720843554
5.735328798185941,246.50644,0.0016093624290078878
5.758548752834467,254.47202,0.0010409837123006582
5.7817687074829935,262.07455,0.0010663585271686316
5.804988662131519,265.1834,0.0011197593994438648
5.828208616780046,275.46848,0.001155329286120832
5.851428571428571,347.63513,0.001403704984113574
5.874648526077098,318.85428,0.0013358785072341561
5.897868480725624,286.65,0.0011363705853000283
5.92108843537415,357.91306,0.0016136385966092348
5.944308390022676,242.57425,0.001889040577225387
5.9675283446712015,248.4507,0.0011509701143950224
5.990748299319728,251.42532,0.0010350001975893974
6.013968253968254,304.13794,0.0013200936373323202
6.03718820861678,259.96783,0.0010854691499844193
6.060408163265306,342.04987,0.001170136034488678
6.0836281179138325,329.6316,0.0007938765338622034
6.106848072562358,354.62378,0.001269181608222425
6.130068027210885,240.69131,0.0013733913656324148
6.15328798185941,242.3077,0.00150302704423666
6.176507936507937,240.19608,0.0012810458429157734
6.199727891156463,236.81383,0.0011030895402655005
6.222947845804989,233.95226,0.0008307866519317031
6.246167800453515,232.24107,0.0009319395758211613
6.269387755102041,232.92255,0.0008482023840770125
6.292607709750567,235.82887,0.0013161986134946346
6.315827664399093,241.11537,0.0016023507341742516
6.339047619047619,272.39038,0.0017383764497935772
6.362267573696145,269.79977,0.0016033756546676159
6.3854875283446715,239.96373,0.0011835284531116486
6.408707482993197,277.99426,0.0011023926781490445
6.431927437641724,365.46964,0.001346819568425417
6.455147392290249,258.16925,0.0011290238471701741
6.478367346938776,215.23862,0.0010156978387385607
6.501587301587302,236.95522,0.0015500104054808617
6.524807256235828,241.11537,0.0017838571220636368
6.548027210884354,239.52927,0.0013270603958517313
6.57124716553288,278.76108,0.001103118760511279
6.594467120181406,338.1161,0.0010799742303788662
6.617687074829932,539.8084,0.0010981016093865037
6.640907029478458,461.2971,0.0009641683427616954
6.664126984126984,422.00958,0.0009769289754331112
6.6873469387755105,520.77295,0.000900584040209651
6.710566893424036,511.16965,0.0008944505825638771
6.733786848072563,387.0418,0.0006486211786977947
6.757006802721088,467.57812,0.00042059196857735515
6.780226757369615,804.83093,0.0004964754916727543
6.8034467120181406,754.98486,0.0005215200362727046
6.826666666666667,474.46207,0.0006308478186838329
6.849886621315193,411.1888,0.0007827039225958288
6.873106575963719,301.10297,0.0007129989680834115
6.896326530612245,431.1787,0.0007401738548651338
6.9195464852607715,425.97867,0.0005332072032615542
6.942766439909297,412.37622,0.0005427348660305142
6.965986394557823,444.05286,0.0006996286101639271
6.989206349206349,314.3092,0.0004928314592689276
7.012426303854875,505.44412,0.0007604428101330996
7.035646258503402,408.12338,0.0008537889225408435
7.058866213151927,230.52797,0.0007107916753739119
7.082086167800454,339.60394,0.0007859374745748937
7.1053061224489795,469.14893,0.0006416830001398921
7.128526077097506,316.74033,0.000606792513281107
7.151746031746032,302.243,0.000915831420570612
7.174965986394558,263.9282,0.0006983433850109577
7.198185941043084,258.27234,0.0004993110778741539
7.2214058956916105,645.01624,0.0004291513469070196
7.244625850340136,494.18356,0.0004822225891984999
7.267845804988662,224.23729,0.0006460549775511026
7.291065759637188,214.65657,0.0007480456843040884
7.314285714285714,190.18867,0.0006200209027156234
7.337505668934241,190.08621,0.0006603562505915761
7.360725623582766,190.7027,0.0006425160681828856
7.383945578231293,191.01245,0.0006566891097463667
7.4071655328798185,189.77945,0.0006478908471763134
7.430385487528345,210.2503,0.0005562797887250781
7.453605442176871,401.88336,0.0006215189350768924
7.476825396825397,333.91022,0.0005399053916335106
7.500045351473923,363.60425,0.0005165372276678681
7.5232653061224495,563.57825,0.0006220859941095114
7.546485260770975,517.99255,0.0005314841982908547
7.569705215419502,347.87622,0.0004633236676454544
7.592925170068027,252.43274,0.0004673273069784045
7.616145124716553,250.82732,0.00048037455417215824
7.63936507936508,249.79402,0.00043072979315184057
7.662585034013605,220.74529,0.0004930595168843865
7.685804988662132,271.55173,0.0005706665106117725
7.7090249433106575,218.67767,0.0005570659413933754
7.732244897959184,239.41368,0.0005900661926716566
7.75546485260771,209.11487,0.0004046536050736904
7.778684807256236,179.06032,0.00044917865307070315
7.801904761904762,186.46935,0.0004933279706165195
7.8251247165532885,213.04347,0.00047656992683187127
7.848344671201814,180.3681,0.00040611327858641744
7.871564625850341,181.10883,0.00035504717379808426
7.894784580498866,175.49744,0.0003244459512643516
7.918004535147393,194.27313,0.00034426781348884106
7.9412244897959186,170.55247,0.0003390330239199102
7.964444444444444,211.00479,0.00045309850247576833
7.987664399092971,227.67166,0.0004436546587385237
8.010884353741497,192.6816,0.0003882434975821525
8.034104308390022,236.25,0.0003507588407956064
8.057324263038549,190.08621,0.00037185667315497994
8.080544217687075,173.62204,0.00036281277425587177
8.103764172335602,169.1816,0.0003471021191217005
8.126984126984127,189.27039,0.0004006109375040978
8.150204081632653,227.20247,0.0004930720315314829
8.17342403628118,265.34296,0.0003996389568783343
8.196643990929706,254.47202,0.0003371890925336629
8.219863945578231,262.5,0.00033434643410146236
8.243083900226758,188.16,0.00034832084202207625
8.266303854875284,168.41243,0.000366679101716727
8.289523809523809,164.377,0.00037528935354202986
8.312743764172335,167.95428,0.0004188366001471877
8.335963718820862,155.0633,0.0002920948318205774
8.359183673469389,178.99544,0.0003674015461001545
8.382403628117913,267.27274,0.0003598570474423468
8.40562358276644,227.84155,0.00030378016526810825
8.428843537414966,298.74933,0.0003249603614676744
8.452063492063493,240.72054,0.0004049089038744569
8.475283446712018,193.66374,0.0002698310127016157
8.498503401360544,169.80197,0.00028238361119292676
8.52172335600907,154.1958,0.0002692188136279583
8.544943310657597,234.26295,0.0002842112153302878
8.568163265306122,295.2526,0.00026523772976361215
8.591383219954649,273.60406,0.00025129877030849457
8.614603174603175,300.55762,0.0002558207488618791
8.6378231292517,257.89474,0.00032924074912443757
8.661043083900227,213.04347,0.00028882306651212275
8.684263038548753,142.71844,0.0002717546885833144
8.70748299319728,147.59036,0.00030370071181096137
8.730702947845804,180.4208,0.00023427969426847994
8.753922902494331,303.78873,0.0002655517018865794
8.777142857142858,327.53317,0.0002489930484443903
8.800362811791384,160.85107,0.0003603326913435012
8.823582766439909,134.94493,0.0002700622717384249
8.846802721088435,147.7387,0.00023470169981010258
8.870022675736962,160.55826,0.00019059295300394297
8.893242630385489,167.31706,0.00017790809215512127
8.916462585034013,169.22487,0.00013130366278346628
8.93968253968254,308.8901,0.0001330422965111211
8.962902494331066,300.0,0.00012552100815810263
8.986122448979591,316.88623,0.00011620628356467932
9.009342403628118,207.16383,0.0001184747670777142
9.032562358276644,145.73694,0.0001499470672570169
9.05578231292517,173.32959,0.00014777734759263694
9.079002267573696,108.1545,0.00010200298856943846
9.102222222222222,107.6266,0.00012211147986818105
9.125442176870749,141.42169,0.00018651240679901093
9.148662131519275,144.0392,0.00019558244093786925
9.1718820861678,167.8934,0.00014585527242161334
9.195102040816327,179.16425,0.0001293080858886242
9.218321995464853,164.64,0.0001896409667097032
9.24154195011338,160.21799,0.00012487628555390984
9.264761904761905,139.11671,9.22776380321011e-05
9.287981859410431,226.98529,0.00014258414739742875
9.311201814058958,261.11844,0.00020623017917387187
9.334421768707482,239.83685,0.00019741315918508917
9.357641723356009,223.29114,0.00020590235362760723
9.380861678004536,196.875,0.00011153800005558878
9.404081632653062,221.92668,0.00013377072173170745
9.427301587301587,221.1318,0.00011006955901393667
9.450521541950113,104.3787,9.352830238640308e-05
9.47374149659864,346.19565,0.00010434591968078166
9.496961451247167,334.0909,8.504205470671877e-05
9.520181405895691,300.0,8.641784370411187e-05
9.543401360544218,154.73685,9.353768837172538e-05
9.566621315192744,142.87257,0.00012476529809646308
9.58984126984127,148.23529,0.00016236273222602904
9.613061224489796,144.87517,0.0001356113498331979
9.636281179138322,144.59016,0.00010494388698134571
9.659501133786849,151.23456,7.068386184982955e-05
9.682721088435374,230.76923,5.402430906542577e-05
9.7059410430839,144.0392,6.0748592659365386e-05
9.729160997732427,164.85982,9.762626723386347e-05
9.752380952380953,182.98755,0.00012049301585648209
9.775600907029478,209.5565,0.00010823998309206218
9.798820861678005,207.6923,9.763889102032408e-05
9.822040816326531,146.22015,9.663598029874265e-05
9.845260770975058,223.10286,7.087103585945442e-05
9.868480725623582,205.01033,6.539370224345475e-05
9.891700680272109,269.313,6.29955466138199e-05
9.914920634920636,228.89273,5.234923810348846e-05
9.93814058956916,165.78947,7.469012052752078e-05
9.961360544217687,180.14705,0.00010619324166327715
9.984580498866213,228.4974,0.00010422047489555553
10.00780045351474,227.6129,9.839369886321947e-05
10.031020408163265,181.48148,7.706999167567119e-05
10.054240362811791,177.10843,5.4412452300312e-05
10.077460317460318,245.0,6.188891711644828e-05
10.100680272108844,211.38406,4.910882125841454e-05
10.12390022675737,152.70084,7.17276125214994e-05
10.147120181405896,173.73605,0.00010050045239040628
10.170340136054422,208.38748,8.971791248768568e-05
10.193560090702949,227.17322,0.00010734735406003892
10.216780045351474,187.1618,6.741019024048e-05
10.24,227.44986,4.422002530191094e-05
10.263219954648527,295.97314,4.755272311740555e-05
10.286439909297052,232.92255,3.624513192335144e-05
10.309659863945578,125.56947,4.751950109493919e-05
10.332879818594105,220.36227,6.810711056459695e-05
10.356099773242631,232.24107,6.644548557233065e-05
10.379319727891156,238.80865,8.55697289807722e-05
10.402539682539683,208.89473,5.344072269508615e-05
10.425759637188209,241.24725,3.921641473425552e-05
10.448979591836736,245.68245,4.364694905234501e-05
10.47219954648526,292.3757,3.081228715018369e-05
10.495419501133787,150.42638,5.432813486550003e-05
10.518639455782314,245.0,7.352956890827045e-05
10.54185941043084,226.73521,5.1778719353023916e-05
10.565079365079365,231.42857,3.332995038363151e-05
10.588299319727891,0.0,9.75046532403212e-06
10.611519274376418,0.0,1.1890297173522413e-06
10.634739229024943,0.0,1.6243393474724144e-07
10.65795918367347,0.0,7.101152732502669e-08
10.681179138321996,0.0,8.421829988947138e-08
10.704399092970522,0.0,3.1309355108533055e-08
10.727619047619047,0.0,2.0440893422346562e-08
10.750839002267574,0.0,6.018581188982353e-08
10.7740589569161,0.0,4.5622073230333626e-08
10.797278911564627,0.0,2.909291652031243e-08
10.820498866213152,0.0,1.594889909029007e-08
10.843718820861678,0.0,2.749675331870094e-08
10.866938775510205,0.0,3.399509296286851e-08
10.890158730158731,0.0,3.7397512642201036e-08
10.913378684807256,0.0,3.7378413253463805e-08
10.936598639455783,0.0,2.8351678338367492e-08
10.95981859410431,0.0,1.643093128222972e-08
10.983038548752834,0.0,2.071010385407135e-08
11.00625850340136,0.0,1.5208570403046906e-08
11.029478458049887,0.0,7.889866537880152e-09
11.052698412698414,0.0,3.297554940218106e-08
11.075918367346938,0.0,2.5102963263634592e-08
11.099138321995465,0.0,3.324385033920407e-08
11.122358276643991,0.0,3.636978362919763e-08
11.145578231292518,0.0,4.926550900563598e-08
11.168798185941043,0.0,1.6625563148409128e-08
11.19201814058957,0.0,1.7951606423594058e-08
11.215238095238096,0.0,1.8892933439929038e-08
11.23845804988662,0.0,2.0425432012416422e-08
11.261678004535147,0.0,2.408069121884182e-08
11.284897959183674,0.0,2.4125256459228694e-08
11.3081179138322,0.0,2.696560841286555e-08
11.331337868480725,0.0,5.2777977543883026e-08
11.354557823129252,0.0,4.467801772989333e-08
11.377777777777778,0.0,5.937909008935094e-08
11.400997732426305,0.0,7.357357389992103e-08
11.42421768707483,0.0,6.255413609324023e-08
11.447437641723356,0.0,3.0740920919924974e-08
11.470657596371883,0.0,2.860906533896923e-08
11.49387755102041,0.0,3.992590791312978e-08
11.517097505668934,0.0,2.882843546103686e-07
11.54031746031746,0.0,1.028710357786622e-06
11.563537414965987,0.0,1.925696778926067e-06
11.586757369614512,0.0,1.8303335309610702e-06
11.609977324263038,0.0,7.268145054695196e-07
