0.0,0.0,1.1747852113330737e-07
0.023219954648526078,0.0,1.1666543286992237e-07
0.046439909297052155,0.0,9.646555554354563e-08
0.06965986394557823,0.0,1.0911026038229465e-07
0.09287981859410431,0.0,2.885935828089714e-07
0.11609977324263039,0.0,1.7625461623538285e-07
0.13931972789115646,0.0,1.4090255717746913e-07
0.16253968253968254,0.0,6.54545146971941e-08
0.18575963718820862,0.0,9.3167727754917e-08
0.2089795918367347,0.0,2.457190930726938e-07
0.23219954648526078,0.0,3.418126652832143e-07
0.25541950113378686,0.0,2.236029104096815e-07
0.2786394557823129,0.0,2.7179339667782187e-08
0.301859410430839,0.0,3.861532604787499e-08
0.3250793650793651,0.0,5.968377081444487e-08
0.3482993197278912,0.0,5.492256605066359e-08
0.37151927437641724,0.0,1.5123987395782024e-07
0.3947392290249433,0.0,1.4632405509473756e-07
0.4179591836734694,0.0,1.6703870642231777e-07
0.44117913832199546,0.0,1.5298337530111894e-07
0.46439909297052157,0.0,4.7509820433333516e-07
0.4876190476190476,0.0,3.089786332566291e-05
0.5108390022675737,222.05437,8.272330887848511e-05
0.5340589569160998,221.97986,0.00011542594438651577
0.5572789115646258,266.06335,0.00016421754844486713
0.5804988662131519,299.0957,0.00026087567675858736
0.603718820861678,224.14232,0.0003384217561688274
0.626938775510204,309.3531,0.0005393634783104062
0.6501587301587302,343.76392,0.0006581841153092682
0.6733786848072563,195.89117,0.0009434473467990756
0.6965986394557824,314.7956,0.0016016404842957854
0.7198185941043084,253.88602,0.001666017808020115
0.7430385487528345,203.10881,0.002505469135940075
0.7662585034013606,201.77936,0.002437255345284939
0.7894784580498866,271.15707,0.0024893232621252537
0.8126984126984127,323.89832,0.0023194747045636177
0.8359183673469388,344.9162,0.0019501163624227047
0.8591383219954649,295.4774,0.0020924462005496025
0.8823582766439909,299.49066,0.002653476782143116
0.905578231292517,228.89273,0.002282567322254181
0.9287981859410431,179.79033,0.0022265263833105564
0.9520181405895691,180.31543,0.00223376601934433
0.9752380952380952,203.32993,0.00197286787442863
0.9984580498866213,270.13782,0.0015579852042719722
1.0216780045351475,365.54172,0.0012853073421865702
1.0448979591836736,377.52808,0.0015032789669930935
1.0681179138321997,386.2069,0.0016067629912868142
1.0913378684807256,200.45454,0.0022026640363037586
1.1145578231292517,227.46616,0.001935267704539001
1.1377777777777778,328.16257,0.0018312493339180946
1.1609977324263039,381.72098,0.0018992112018167973
1.18421768707483,358.90134,0.0019486431265249848
1.207437641723356,200.91116,0.002335679717361927
1.2306575963718822,199.43471,0.003147703595459461
1.253877551020408,198.98477,0.0031578149646520615
1.2770975056689342,199.66045,0.003728606039658189
1.3003174603174603,246.24365,0.003973863087594509
1.3235374149659864,295.51544,0.004532622639089823
1.3467573696145125,404.12372,0.004714453127235174
1.3699773242630386,274.8442,0.005373981781303883
1.3931972789115648,198.76056,0.004739251919090748
1.4164172335600906,199.20949,0.005417913664132357
1.4396371882086167,245.37177,0.005618683528155088
1.4628571428571429,362.96295,0.005173008888959885
1.486077097505669,364.2478,0.004946879111230373
1.509297052154195,418.0095,0.00539602804929018
1.5325170068027212,426.5449,0.005492016673088074
1.5557369614512473,384.94272,0.006830486934632063
1.5789569160997732,310.71967,0.00642102537676692
1.6021768707482993,292.64932,0.005678411573171616
1.6253968253968254,376.92307,0.005981413647532463
1.6486167800453515,428.15533,0.006080648861825466
1.6718367346938776,406.2436,0.00679789250716567
1.6950566893424037,425.76218,0.006505269557237625
1.7182766439909298,247.6137,0.007229279726743698
1.7414965986394557,273.1419,0.0063531529158353806
1.7647165532879818,401.13702,0.005801120772957802
1.787936507936508,273.48837,0.006894392892718315
1.811156462585034,228.4974,0.006243075709789991
1.8343764172335602,302.2273,0.0066133951768279076
1.8575963718820863,223.47974,0.00868525542318821
1.8808163265306124,222.61484,0.008901452645659447
1.9040362811791383,224.42747,0.006308160722255707
1.9272562358276644,253.30269,0.006549287587404251
1.9504761904761905,299.68637,0.008416671305894852
1.9736961451247166,392.1025,0.0076219988986849785
1.9969160997732427,328.53867,0.006303822621703148
2.020136054421769,300.3143,0.008213606663048267
2.043356009070295,352.42407,0.006330756936222315
2.066575963718821,460.63773,0.008474563248455524
2.089795918367347,452.53976,0.00709939282387495
2.1130158730158732,436.63367,0.006991639733314514
2.1362358276643993,504.13718,0.008688529953360558
2.159455782312925,499.78412,0.008591093122959137
2.182675736961451,476.75674,0.00635657599195838
2.2058956916099772,479.6085,0.009934607893228531
2.2291156462585033,495.5056,0.010711174458265305
2.2523356009070294,488.10184,0.009490760043263435
2.2755555555555556,500.14795,0.008975658565759659
2.2987755102040817,485.41553,0.010919495485723019
2.3219954648526078,482.23074,0.013278689235448837
2.345215419501134,483.16733,0.013929839245975018
2.36843537414966,481.96722,0.01310395635664463
2.391655328798186,501.4077,0.01360848918557167
2.414875283446712,468.91138,0.011390702798962593
2.4380952380952383,489.7279,0.010591242462396622
2.4613151927437644,510.52924,0.011056631803512573
2.48453514739229,473.70844,0.010399704799056053
2.507755102040816,416.03775,0.01010349951684475
2.5309750566893423,360.687,0.0092606907710433
2.5541950113378684,364.86487,0.007198506500571966
2.5774149659863945,540.20044,0.007920803502202034
2.6006349206349206,534.5455,0.008064577355980873
2.6238548752834467,373.17075,0.01053539477288723
2.647074829931973,522.45557,0.00857129693031311
2.670294784580499,525.0,0.00893978402018547
2.693514739229025,474.95963,0.008473379537463188
2.716734693877551,457.9439,0.010689417831599712
2.7399546485260773,419.113,0.006290916353464127
2.7631746031746034,280.44516,0.008755935356020927
2.7863945578231295,405.4137,0.014275755733251572
2.809614512471655,540.8027,0.010720095597207546
2.8328344671201813,481.70398,0.009905845858156681
2.8560544217687074,335.44626,0.006297118030488491
2.8792743764172335,429.91278,0.01088239811360836
2.9024943310657596,492.12646,0.006687971763312817
2.9257142857142857,327.0127,0.005277578718960285
2.948934240362812,280.89172,0.0050714872777462006
2.972154195011338,301.53845,0.007289095316082239
2.995374149659864,300.0,0.00965021550655365
3.01859410430839,305.75998,0.006008864380419254
3.0418140589569163,358.71887,0.007068035192787647
3.0650340136054424,325.6329,0.005483538378030062
3.0882539682539685,724.86743,0.007434780243784189
3.1114739229024946,937.82275,0.0076644946821033955
3.1346938775510207,749.3254,0.005103410221636295
3.1579138321995464,279.55627,0.007147802039980888
3.1811337868480725,321.53674,0.009130884893238544
3.2043537414965986,300.15707,0.008458239026367664
3.2275736961451247,301.73685,0.00681364256888628
3.250793650793651,303.65466,0.0057241953909397125
3.274013605442177,327.88104,0.006588960997760296
3.297233560090703,350.19852,0.008213723078370094
3.320453514739229,454.30466,0.013693784363567829
3.3436734693877552,411.47092,0.011908277869224548
3.3668934240362813,385.15283,0.012030649930238724
3.3901133786848074,291.16302,0.012083299458026886
3.4133333333333336,383.28223,0.012719742953777313
3.4365532879818597,440.5363,0.011449146084487438
3.4597732426303858,350.0,0.010928738862276077
3.4829931972789114,552.5057,0.013969856314361095
3.5062131519274375,628.07733,0.013336083851754665
3.5294331065759637,561.0687,0.01066549215465784
3.5526530612244898,503.4769,0.008829033933579922
3.575873015873016,534.5455,0.008796689100563526
3.599092970521542,349.44534,0.006501354277133942
3.622312925170068,380.58252,0.007004639133810997
3.645532879818594,407.70416,0.007541259750723839
3.6687528344671203,342.92377,0.008192955516278744
3.6919727891156464,366.35513,0.00894932821393013
3.7151927437641725,385.99564,0.008365659043192863
3.7384126984126986,336.27454,0.0074441577307879925
3.7616326530612247,331.9355,0.006961563136428595
3.784852607709751,331.0811,0.0075995116494596004
3.8080725623582765,330.69095,0.007357106544077396
3.8312925170068026,333.18942,0.00878819078207016
3.8545124716553287,337.93103,0.009769588708877563
3.877732426303855,411.93564,0.012180001474916935
3.900952380952381,516.50867,0.012806489132344723
3.924172335600907,426.6293,0.011284536682069302
3.947392290249433,355.45407,0.011684384196996689
3.9706122448979593,331.9355,0.009386604651808739
3.9938321995464854,330.69095,0.009072605520486832
4.017052154195011,333.75378,0.010914474725723267
4.040272108843538,339.40482,0.010022749193012714
4.063492063492063,326.8396,0.010427807457745075
4.08671201814059,374.52228,0.009325801394879818
4.1099319727891155,374.85,0.009357744827866554
4.133151927437642,372.98508,0.010579179972410202
4.156371882086168,348.1579,0.010490212589502335
4.179591836734694,370.1735,0.012140167877078056
4.20281179138322,344.7108,0.012998426333069801
4.2260317460317465,345.9728,0.012655011378228664
4.249251700680272,347.42645,0.012031041085720062
4.272471655328799,367.11758,0.013208223506808281
4.295691609977324,392.43604,0.01298084668815136
4.31891156462585,373.72882,0.012685642577707767
4.342131519274377,347.42645,0.012472715228796005
4.365351473922902,347.60904,0.012155648320913315
4.388571428571429,368.52368,0.012447512708604336
4.4117913832199545,372.46622,0.012688472867012024
4.435011337868481,374.12512,0.010154064744710922
4.458231292517007,354.39478,0.007551154121756554
4.481451247165533,378.54077,0.00990312173962593
4.504671201814059,363.06256,0.010781092569231987
4.527891156462585,391.0798,0.009713312610983849
4.551111111111111,427.92453,0.009993687272071838
4.574331065759638,479.84454,0.008996841497719288
4.597551020408163,390.26547,0.006713369861245155
4.62077097505669,394.729,0.006373132579028606
4.6439909297052155,502.3774,0.008623721078038216
4.667210884353741,565.38464,0.00961233675479889
4.690430839002268,390.46875,0.010003700852394104
4.713650793650793,548.86365,0.010528347454965115
4.73687074829932,483.55264,0.011097252368927002
4.760090702947846,614.7135,0.011434103362262249
4.783310657596372,707.6087,0.011712564155459404
4.806530612244898,778.10065,0.011797527782619
4.829750566893424,765.625,0.012310291640460491
4.85297052154195,767.5286,0.011688532307744026
4.876190476190477,477.4606,0.013656440190970898
4.899410430839002,480.09332,0.01639913022518158
4.922630385487529,570.0621,0.017020365223288536
4.9458503401360545,411.0197,0.017286676913499832
4.96907029478458,387.64218,0.016369370743632317
4.992290249433107,457.23175,0.015920907258987427
5.015510204081632,387.69232,0.019584307447075844
5.038730158730159,383.89554,0.01921198144555092
5.061950113378685,376.92307,0.018420590087771416
5.085170068027211,360.2941,0.011590497568249702
5.108390022675737,374.57532,0.009625667706131935
5.131609977324263,346.46466,0.010534564964473248
5.154829931972789,344.53125,0.0095671396702528
5.178049886621316,365.06622,0.009766609407961369
5.201269841269841,364.66373,0.011748790740966797
5.224489795918368,346.07623,0.012892850674688816
5.2477097505668935,329.7607,0.01275850459933281
5.27092970521542,348.52475,0.012875978834927082
5.294149659863946,367.11758,0.013003703206777573
5.317369614512471,367.09213,0.013466902077198029
5.340589569160998,327.186,0.012333468534052372
5.363809523809524,328.40424,0.012794166803359985
5.38702947845805,348.7085,0.012976758182048798
5.410249433106576,348.7085,0.012876337394118309
5.433469387755102,348.7085,0.013334473595023155
5.456689342403628,348.8924,0.012322320602834225
5.479909297052155,348.7085,0.012010954320430756
5.50312925170068,366.92667,0.012281266041100025
5.526349206349207,343.76392,0.010222049430012703
5.5495691609977325,320.3944,0.007714764680713415
5.572789115646259,334.0909,0.012693283148109913
5.596009070294785,331.7571,0.012555054388940334
5.61922902494331,332.47174,0.011653849855065346
5.642448979591837,334.2718,0.00880263838917017
5.6656689342403626,335.44626,0.0077828108333051205
5.688888888888889,334.63412,0.010382741689682007
5.712108843537415,332.15527,0.010877148248255253
5.735328798185941,332.8302,0.010605813935399055
5.758548752834467,334.0909,0.012747464701533318
5.7817687074829935,333.41736,0.012115329504013062
5.804988662131519,333.72974,0.011073021218180656
5.828208616780046,334.99728,0.009296179749071598
5.851428571428571,334.9367,0.011107154190540314
5.874648526077098,334.81564,0.01069173589348793
5.897868480725624,333.702,0.011779389344155788
5.92108843537415,332.65088,0.01193297654390335
5.944308390022676,331.0456,0.010611003264784813
5.9675283446712015,328.754,0.010731718502938747
5.990748299319728,319.92184,0.011860320344567299
6.013968253968254,270.96774,0.006287228316068649
6.03718820861678,305.9232,0.0053023770451545715
6.060408163265306,299.37335,0.0044830613769590855
6.0836281179138325,318.08347,0.004989020526409149
6.106848072562358,338.3632,0.00553009333088994
6.130068027210885,412.14954,0.004650563932955265
6.15328798185941,509.68628,0.004588541574776173
6.176507936507937,361.84616,0.005543133243918419
6.199727891156463,448.3986,0.00550103560090065
6.222947845804989,496.0123,0.00486343028023839
6.246167800453515,565.9651,0.004951294045895338
6.269387755102041,566.2558,0.005270013120025396
6.292607709750567,490.0,0.005243771709501743
6.315827664399093,439.53488,0.004528341349214315
6.339047619047619,568.29895,0.004502567462623119
6.362267573696145,382.5,0.004904245026409626
6.3854875283446715,392.65442,0.005267735570669174
6.408707482993197,363.33676,0.004785099998116493
6.431927437641724,388.4456,0.005408247001469135
6.455147392290249,346.6143,0.005261184647679329
6.478367346938776,337.56152,0.0060677435249090195
6.501587301587302,286.20877,0.00709298113361001
6.524807256235828,348.1579,0.007443505339324474
6.548027210884354,465.5,0.005332500673830509
6.57124716553288,512.53156,0.006037961691617966
6.594467120181406,525.52136,0.004997223615646362
6.617687074829932,524.4797,0.0048095472157001495
6.640907029478458,543.56915,0.004629178903996944
6.664126984126984,525.5688,0.004815331660211086
6.6873469387755105,530.74396,0.004910189658403397
6.710566893424036,533.6634,0.004881373606622219
6.733786848072563,533.37,0.004738106392323971
6.757006802721088,531.3253,0.0059760320000350475
6.780226757369615,529.72974,0.005330790299922228
6.8034467120181406,473.6842,0.004355703946202993
6.826666666666667,499.78412,0.004182206466794014
6.849886621315193,475.4717,0.004638983868062496
6.873106575963719,475.4717,0.004796339198946953
6.896326530612245,452.9189,0.004837307613343
6.9195464852607715,380.99353,0.004997466690838337
6.942766439909297,425.17407,0.005740002728998661
6.965986394557823,371.75974,0.004878956824541092
6.989206349206349,276.6625,0.004046164453029633
7.012426303854875,250.43881,0.0027926480397582054
7.035646258503402,350.64218,0.0031848009675741196
7.058866213151927,371.6292,0.0025838548317551613
7.082086167800454,347.42645,0.0029917489737272263
7.1053061224489795,419.3344,0.0028553218580782413
7.128526077097506,469.89877,0.0028547190595418215
7.151746031746032,467.4086,0.0029538790695369244
7.174965986394558,441.0,0.0027257606852799654
7.198185941043084,327.186,0.0031817471608519554
7.2214058956916105,301.5781,0.0031211324967443943
7.244625850340136,441.25955,0.002717365976423025
7.267845804988662,424.03845,0.0035651694051921368
7.291065759637188,449.03537,0.0033256644383072853
7.314285714285714,471.65775,0.0035961787216365337
7.337505668934241,420.22235,0.00300782173871994
7.360725623582766,304.83868,0.0027050855569541454
7.383945578231293,358.71887,0.003278805175796151
7.4071655328798185,425.97867,0.0028823402244597673
7.430385487528345,227.97243,0.0032966751605272293
7.453605442176871,347.79178,0.003821833059191704
7.476825396825397,395.82892,0.0033475575037300587
7.500045351473923,385.9393,0.003866183338686824
7.5232653061224495,340.62823,0.003825234714895487
7.546485260770975,353.6842,0.003563765436410904
7.569705215419502,453.16388,0.0037611641455441713
7.592925170068027,434.95892,0.004009060561656952
7.616145124716553,342.04987,0.0032069766893982887
7.63936507936508,345.49524,0.00283175241202116
7.662585034013605,419.06094,0.003028225153684616
7.685804988662132,366.07635,0.003247013781219721
7.7090249433106575,338.67255,0.0035861304495483637
7.732244897959184,433.7705,0.003503922140225768
7.75546485260771,364.4628,0.003287677187472582
7.778684807256236,377.49243,0.003624439937993884
7.801904761904762,449.5413,0.0028601540252566338
7.8251247165532885,450.0,0.003161440137773752
7.848344671201814,444.20816,0.0034069116227328777
7.871564625850341,339.0445,0.0032995357178151608
7.894784580498866,285.8995,0.00267063919454813
7.918004535147393,426.3158,0.002565148286521435
7.9412244897959186,335.72592,0.003318671602755785
7.964444444444444,392.0,0.002956475829705596
7.987664399092971,448.3986,0.003045307472348213
8.010884353741497,449.08353,0.0028289114125072956
8.034104308390022,388.97464,0.00293447682633996
8.057324263038549,285.4369,0.0025816878769546747
8.080544217687075,310.92834,0.0022198976948857307
8.103764172335602,361.4754,0.0026556923985481262
8.126984126984127,377.3262,0.0022872888948768377
8.150204081632653,382.43903,0.0022427875082939863
8.17342403628118,365.26782,0.002270500175654888
8.196643990929706,368.52368,0.0029540215618908405
8.219863945578231,372.25662,0.0024325428530573845
8.243083900226758,395.5157,0.0027625025250017643
8.266303854875284,329.5964,0.002319557126611471
8.289523809523809,340.1653,0.002716622781008482
8.312743764172335,387.26675,0.0022159223444759846
8.335963718820862,382.43903,0.0024344734847545624
8.359183673469389,379.76318,0.0021958209108561277
8.382403628117913,382.85403,0.0030832504853606224
8.40562358276644,244.18604,0.0028156146872788668
8.428843537414966,326.48065,0.003580996301025152
8.452063492063493,407.2858,0.0033084468450397253
8.475283446712018,388.24445,0.0030937944538891315
8.498503401360544,348.22333,0.0026846372056752443
8.52172335600907,311.40683,0.0023798136971890926
8.544943310657597,375.919,0.0028685745783150196
8.568163265306122,376.5208,0.002450251253321767
8.591383219954649,313.62143,0.0030171743128448725
8.614603174603175,268.22098,0.003005704376846552
8.6378231292517,405.9839,0.0031288466416299343
8.661043083900227,404.12372,0.0033764000982046127
8.684263038548753,271.00558,0.0026563196443021297
8.70748299319728,241.42336,0.00301050441339612
8.730702947845804,206.28899,0.0020923542324453592
8.753922902494331,250.85324,0.0021079136058688164
8.777142857142858,347.831,0.0021389443427324295
8.800362811791384,336.82486,0.0021781576797366142
8.823582766439909,279.91922,0.0021133124828338623
8.846802721088435,283.35278,0.0023152255453169346
8.870022675736962,360.18378,0.002774542896077037
8.893242630385489,267.94937,0.002158015500754118
8.916462585034013,250.71063,0.0024376262445002794
8.93968253968254,346.8539,0.0022273946087807417
8.962902494331066,347.43948,0.0023874458856880665
8.986122448979591,325.18433,0.002763710916042328
9.009342403628118,176.50085,0.002981129102408886
9.032562358276644,178.74928,0.0022048344835639
9.05578231292517,282.69232,0.002330897841602564
9.079002267573696,201.83066,0.0026449314318597317
9.102222222222222,219.88919,0.0018646449316293001
9.125442176870749,216.05879,0.0011707821395248175
9.148662131519275,169.33627,0.0014456770149990916
9.1718820861678,173.42696,0.0024665077216923237
9.195102040816327,177.51581,0.0024163455236703157
9.218321995464853,226.38603,0.002693450078368187
9.24154195011338,250.05156,0.002316356636583805
9.264761904761905,177.92506,0.0020806160755455494
9.287981859410431,172.84435,0.0014852583408355713
9.311201814058958,193.10345,0.0014113503275439143
9.334421768707482,168.13727,0.0013296096585690975
9.357641723356009,172.84435,0.0017747895326465368
9.380861678004536,178.90466,0.0015779166715219617
9.404081632653062,161.04686,0.0012292417231947184
9.427301587301587,152.46327,0.00045658490853384137
9.450521541950113,177.82259,3.084248601226136e-05
9.47374149659864,0.0,2.5562885639374144e-06
9.496961451247167,0.0,4.410012479638681e-07
9.520181405895691,0.0,9.100222086999565e-08
9.543401360544218,0.0,5.708079697797075e-08
9.566621315192744,0.0,5.9374542615842074e-08
9.58984126984127,0.0,3.4263393899891526e-08
9.613061224489796,0.0,4.9292793846689165e-08
9.636281179138322,0.0,8.513234206475317e-08
9.659501133786849,0.0,1.6735248209442943e-07
9.682721088435374,0.0,3.963123162975535e-08
9.7059410430839,0.0,3.5378434404265136e-08
9.729160997732427,0.0,1.1327847460051998e-07
9.752380952380953,0.0,6.888330972287804e-08
9.775600907029478,0.0,4.0978193283081055e-08
9.798820861678005,0.0,4.717549018096179e-08
9.822040816326531,0.0,1.1448446457507089e-07
9.845260770975058,0.0,1.2877990229753777e-07
9.868480725623582,0.0,1.1229803931200877e-07
9.891700680272109,0.0,1.1543761502252892e-07
9.914920634920636,0.0,2.0436345948837698e-09
