0.0,0.0,1.1081283446401358e-08
0.023219954648526078,0.0,1.2753844202961773e-08
0.046439909297052155,0.0,8.79936123965308e-09
0.06965986394557823,0.0,1.2015334505122155e-08
0.09287981859410431,0.0,1.049829734256491e-08
0.11609977324263039,0.0,1.2129930837545544e-08
0.13931972789115646,0.0,1.0873009159695357e-08
0.16253968253968254,0.0,1.677199179539457e-08
0.18575963718820862,0.0,1.5606110537191853e-07
0.2089795918367347,0.0,3.589393600123003e-07
0.23219954648526078,0.0,3.6667825042968616e-07
0.25541950113378686,0.0,1.3531916920328513e-07
0.2786394557823129,0.0,2.40378449234413e-06
0.301859410430839,191.73914,1.097535187000176e-05
0.3250793650793651,184.1336,1.8299739167559892e-05
0.3482993197278912,134.45122,2.258431413793005e-05
0.37151927437641724,129.32552,2.3187589249573648e-05
0.3947392290249433,178.0619,2.7552056053536944e-05
0.4179591836734694,237.41588,3.4722688724286854e-05
0.44117913832199546,260.79242,4.3082196498289704e-05
0.46439909297052157,259.71732,4.825061114388518e-05
0.4876190476190476,255.35611,5.094247535453178e-05
0.5108390022675737,201.36986,5.802439773106016e-05
0.5340589569160998,229.98697,6.533994746860117e-05
0.5572789115646258,261.6348,6.858905544504523e-05
0.5804988662131519,266.97852,7.689985795877874e-05
0.603718820861678,274.3778,9.91450942819938e-05
0.626938775510204,277.0417,0.00010661827400326729
0.6501587301587302,241.42336,0.00012279697693884373
0.6733786848072563,155.92221,0.00011611345689743757
0.6965986394557824,175.99773,0.00010131402086699381
0.7198185941043084,174.4232,0.00011544449080247432
0.7430385487528345,148.88588,0.00012625858653336763
0.7662585034013606,132.99155,0.00014891583123244345
0.7894784580498866,133.9611,0.00017305622168350965
0.8126984126984127,132.35294,0.00017334612493868917
0.8359183673469388,129.32552,0.00012288021389394999
0.8591383219954649,123.598656,0.00012523704208433628
0.8823582766439909,123.598656,0.0001377454900648445
0.905578231292517,143.46129,0.00014289451064541936
0.9287981859410431,129.40141,0.00014744327927473933
0.9520181405895691,132.35294,0.00018470062059350312
0.9752380952380952,132.35294,0.00021174855646677315
0.9984580498866213,131.32817,0.00020676059648394585
1.0216780045351475,129.2497,0.00016688100004103035
1.0448979591836736,128.94737,0.00016105757094919682
1.0681179138321997,129.70589,0.0001775590644683689
1.0913378684807256,129.78223,0.00018094960250891745
1.1145578231292517,156.19835,0.00019037640595342964
1.1377777777777778,130.86053,0.00021377790835686028
1.1609977324263039,182.98755,0.00022553079179488122
1.18421768707483,184.61539,0.00022907252423465252
1.207437641723356,253.58076,0.00023024549591355026
1.2306575963718822,253.84615,0.00023875337501522154
1.253877551020408,232.47234,0.0002651888062246144
1.2770975056689342,211.38406,0.0003104245406575501
1.3003174603174603,132.43243,0.0003252424648962915
1.3235374149659864,132.89804,0.00033868246828205884
1.3467573696145125,133.79854,0.0003531425027176738
1.3699773242630386,133.31319,0.0003338849637657404
1.3931972789115648,133.07182,0.00028097553877159953
1.4164172335600906,133.55542,0.00025344081223011017
1.4396371882086167,121.4876,0.00018132998957298696
1.4628571428571429,125.28409,9.031881927512586e-05
1.486077097505669,234.1593,7.385309436358511e-05
1.509297052154195,226.67047,6.634421151829883e-05
1.5325170068027212,193.66374,4.947407796862535e-05
1.5557369614512473,214.1932,6.928664515726268e-05
1.5789569160997732,227.31958,8.357630576938391e-05
1.6021768707482993,255.20833,8.153384260367602e-05
1.6253968253968254,191.53094,8.79075814737007e-05
1.6486167800453515,235.82887,0.00012504110054578632
1.6718367346938776,316.39075,0.0001759295118972659
1.6950566893424037,331.7571,0.00016984774265438318
1.7182766439909298,197.64706,0.00012498484284151345
1.7414965986394557,173.85019,0.00012088211224181578
1.7647165532879818,239.93471,0.0001304179895669222
1.787936507936508,260.38647,0.00013199748354963958
1.811156462585034,170.64677,0.00015280469960998744
1.8343764172335602,305.59702,0.00017995602684095502
1.8575963718820863,327.88104,0.00018615348380990326
1.8808163265306124,189.7357,0.00015905831241980195
1.9040362811791383,158.91891,0.00014698364248033613
1.9272562358276644,219.40298,0.00015116433496586978
1.9504761904761905,311.03275,0.00014999060658738017
1.9736961451247166,262.81287,0.00016057085304055363
1.9969160997732427,215.77982,0.00016946063260547817
2.020136054421769,304.9468,0.00019939453341066837
2.043356009070295,327.53317,0.0001937136403284967
2.066575963718821,295.79266,0.00017262740584556013
2.089795918367347,197.12645,0.00014316537999548018
2.1130158730158732,316.04187,0.00016111972217913717
2.1362358276643993,308.2258,0.00015528613585047424
2.159455782312925,322.44095,0.00015781421097926795
2.182675736961451,278.47302,0.00020598455739673227
2.2058956916099772,325.97675,0.00019578952924348414
2.2291156462585033,324.06616,0.00018230549176223576
2.2523356009070294,301.19522,0.00015772265032865107
2.2755555555555556,320.89395,0.00017095076327677816
2.2987755102040817,323.07693,0.00016697170212864876
2.3219954648526078,244.05092,0.0001777457509888336
2.345215419501134,323.27426,0.00018080879817716777
2.36843537414966,323.5849,0.000197092245798558
2.391655328798186,323.5849,0.00019166246056556702
2.414875283446712,188.69194,0.00018943610484711826
2.4380952380952383,269.88986,0.00018356501823291183
2.4613151927437644,324.4351,0.00019686282030306756
2.48453514739229,325.2898,0.00018508225912228227
2.507755102040816,320.63757,0.0001905552635435015
2.5309750566893423,329.98398,0.00020204400061629713
2.5541950113378684,342.04987,0.0002472102059982717
2.5774149659863945,350.37076,0.0003262647078372538
2.6006349206349206,366.73596,0.00030262916698120534
2.6238548752834467,377.3262,0.00033352183527313173
2.647074829931973,374.3236,0.00024301173107232898
2.670294784580499,371.95572,0.0002815357001964003
2.693514739229025,372.5449,0.0002822314854711294
2.716734693877551,375.31915,0.0003058207221329212
2.7399546485260773,382.5,0.00040747039020061493
2.7631746031746034,396.6667,0.0006486806669272482
2.7863945578231295,394.16403,0.0007834631251171231
2.809614512471655,390.6722,0.0007244801963679492
2.8328344671201813,384.31372,0.0004815850406885147
2.8560544217687074,380.55838,0.0004167899605818093
2.8792743764172335,380.17242,0.00044540129601955414
2.9024943310657596,316.04187,0.0006712181493639946
2.9257142857142857,348.51065,0.0013039266923442483
2.948934240362812,409.22488,0.0016497548203915358
2.972154195011338,402.12766,0.001368323341012001
2.995374149659864,342.42926,0.0007623411947861314
3.01859410430839,281.3805,0.0004035176825709641
3.0418140589569163,370.58823,0.000453986634965986
3.0650340136054424,371.95572,0.00045771035365760326
3.0882539682539685,313.62143,0.0006146985106170177
3.1114739229024946,347.87622,0.0012283577816560864
3.1346938775510207,414.19888,0.0016300486167892814
3.1579138321995464,403.35364,0.0012366974260658026
3.1811337868480725,362.16043,0.0005579506978392601
3.2043537414965986,273.91306,0.00045944080920889974
3.2275736961451247,369.6176,0.00047849040129221976
3.250793650793651,373.53098,0.000495012616738677
3.274013605442177,291.4097,0.0006315158098004758
3.297233560090703,352.8,0.0011297372402623296
3.320453514739229,409.89612,0.0013027421664446592
3.3436734693877552,386.4433,0.00076948048081249
3.3668934240362813,333.0097,0.0004162222321610898
3.3901133786848074,280.24265,0.0004174988716840744
3.4133333333333336,272.06955,0.00045665004290640354
3.4365532879818597,284.36325,0.0005115621024742723
3.4597732426303858,384.94272,0.0005769013077951968
3.4829931972789114,387.26675,0.0005424126866273582
3.5062131519274375,386.2069,0.0005138702690601349
3.5294331065759637,386.4184,0.0005199073348194361
3.5526530612244898,387.4794,0.0005454184138216078
3.575873015873016,389.18918,0.0005783452652394772
3.599092970521542,396.18192,0.0006192500004544854
3.622312925170068,393.13058,0.0006741989636793733
3.645532879818594,400.48077,0.0008054934442043304
3.6687528344671203,393.13058,0.0008546848548576236
3.6919727891156464,402.1996,0.0012164564104750752
3.7151927437641725,411.1888,0.001850344706326723
3.7384126984126986,387.26675,0.0015791697660461068
3.7616326530612247,363.60425,0.0006164241349324584
3.784852607709751,438.9209,0.0005565473693422973
3.8080725623582765,424.51868,0.0003886958584189415
3.8312925170068026,295.82043,0.0002460675314068794
3.8545124716553287,370.1735,0.0001725569600239396
3.877732426303855,274.1969,0.00013917902833782136
3.900952380952381,246.36871,0.00019663749844767153
3.924172335600907,254.37862,0.0002441925462335348
3.947392290249433,260.2468,0.0003734161437023431
3.9706122448979593,257.62082,0.0003538122109603137
3.9938321995464854,249.01186,0.00020740674517583102
4.017052154195011,239.67392,0.00022711665951646864
4.040272108843538,238.09238,0.00019217086082790047
4.063492063492063,243.51186,0.0002637168799992651
4.08671201814059,252.28833,0.000329394853906706
4.1099319727891155,260.0236,0.000508163939230144
4.133151927437642,261.7917,0.0006034651887603104
4.156371882086168,257.89474,0.00044752657413482666
4.179591836734694,275.76862,0.000308526330627501
4.20281179138322,250.69768,0.0002637674333527684
4.2260317460317465,253.44827,0.00028657386428676546
4.249251700680272,258.85806,0.00044321734458208084
4.272471655328799,265.26315,0.0006470838561654091
4.295691609977324,267.12555,0.0006438761483877897
4.31891156462585,264.2157,0.0006497367285192013
4.342131519274377,253.73993,0.000368795677786693
4.365351473922902,247.62634,0.00028434867272153497
4.388571428571429,246.92049,0.0003349457401782274
4.4117913832199545,250.56818,0.00035235279938206077
4.435011337868481,258.04565,0.00045135090476833284
4.458231292517007,266.06335,0.0006811069324612617
4.481451247165533,266.3921,0.0007060570642352104
4.504671201814059,259.82858,0.0005552643560804427
4.527891156462585,250.99602,0.00028089413535781205
4.551111111111111,245.9565,0.0003327429876662791
4.574331065759638,246.36871,0.00036968651693314314
4.597551020408163,251.6079,0.0003624748787842691
4.62077097505669,258.16925,0.0004455507732927799
4.6439909297052155,261.93304,0.0006181179778650403
4.667210884353741,261.22778,0.0005890509346500039
4.690430839002268,257.21103,0.00037938228342682123
4.713650793650793,256.1246,0.00031406403286382556
4.73687074829932,257.0747,0.0003198613412678242
4.760090702947846,258.72,0.00035864749224856496
4.783310657596372,259.1346,0.00035896964254789054
4.806530612244898,256.53094,0.00029729490051977336
4.829750566893424,265.52936,0.0002081158454529941
4.85297052154195,239.80424,0.00023015259648673236
4.876190476190477,294.16342,0.0005650190287269652
4.899410430839002,298.52307,0.0011016370262950659
4.922630385487529,390.49585,0.0010653811041265726
4.9458503401360545,384.94272,0.0008979503763839602
4.96907029478458,385.3632,0.0009387576719745994
4.992290249433107,382.23184,0.0007871118723414838
5.015510204081632,380.99353,0.0008094372460618615
5.038730158730159,382.89072,0.0008939605322666466
5.061950113378685,386.8421,0.0010327608324587345
5.085170068027211,389.65698,0.001161309890449047
5.108390022675737,394.57895,0.0014660817105323076
5.131609977324263,390.87592,0.0012461869046092033
5.154829931972789,380.99353,0.0006459863507188857
5.178049886621316,364.27466,0.0005124501185491681
5.201269841269841,363.89893,0.0005165758775547147
5.224489795918368,372.46622,0.0006882392335683107
5.2477097505668935,359.43573,0.0010901755886152387
5.27092970521542,398.86942,0.001841199118643999
5.294149659863946,403.0645,0.0024637156166136265
5.317369614512471,398.3528,0.002298105973750353
5.340589569160998,390.26547,0.0010276209795847535
5.363809523809524,379.62698,0.0005343672819435596
5.38702947845805,368.0751,0.0005426394054666162
5.410249433106576,371.17307,0.0006716782227158546
5.433469387755102,385.78458,0.0009858164703473449
5.456689342403628,373.05136,0.0018844783771783113
5.479909297052155,404.58716,0.0026042594108730555
5.50312925170068,402.41547,0.002543029375374317
5.526349206349207,394.0206,0.0016744586173444986
5.5495691609977325,384.73282,0.0006133170099928975
5.572789115646259,373.1359,0.0006023049936629832
5.596009070294785,378.54077,0.0007441477500833571
5.61922902494331,368.11353,0.0013431075494736433
5.642448979591837,401.76846,0.002214689739048481
5.6656689342403626,400.50452,0.0025144126266241074
5.688888888888889,393.96985,0.0018933238461613655
5.712108843537415,285.28302,0.0008238296722993255
5.735328798185941,378.94736,0.0006924564368091524
5.758548752834467,384.73282,0.0008586192270740867
5.7817687074829935,387.26675,0.0011259655002504587
5.804988662131519,391.78235,0.0013745934702455997
5.828208616780046,394.37137,0.001485488610342145
5.851428571428571,393.33682,0.00151887908577919
5.874648526077098,391.48825,0.001350164646282792
5.897868480725624,388.0435,0.0010960905347019434
5.92108843537415,384.26447,0.0008435447234660387
5.944308390022676,374.12512,0.0006251707673072815
5.9675283446712015,331.9355,0.00038835013401694596
5.990748299319728,257.59348,0.00020894510089419782
6.013968253968254,212.9149,0.00014694203855469823
6.03718820861678,158.63309,0.0001470614515710622
6.060408163265306,160.26651,0.00014339742483571172
6.0836281179138325,201.63292,0.00012142552441218868
6.106848072562358,194.8095,0.00012065545888617635
6.130068027210885,239.96373,0.0001144119305536151
6.15328798185941,213.68867,0.00012186980166006833
6.176507936507937,188.46153,0.00013890257105231285
6.199727891156463,280.14822,0.00016623950796201825
6.222947845804989,328.754,0.00016811766545288265
6.246167800453515,297.24265,0.0001637621026020497
6.269387755102041,213.04347,0.0001332192769041285
6.292607709750567,155.55556,0.00013616899377666414
6.315827664399093,305.27158,0.00013095451868139207
6.339047619047619,245.68245,0.0001370429527014494
6.362267573696145,184.05676,0.00018105970229953527
6.3854875283446715,223.47974,0.00018553499830886722
6.408707482993197,328.05527,0.00018685884424485266
6.431927437641724,270.38626,0.00015732902102172375
6.455147392290249,192.36641,0.00014864862896502018
6.478367346938776,154.55608,0.00013229917385615408
6.501587301587302,313.44998,0.0001304498000536114
6.524807256235828,283.6013,0.00013313250383362174
6.548027210884354,189.47368,0.00017237331485375762
6.57124716553288,192.33644,0.00020976419909857213
6.594467120181406,337.32788,0.0002305570087628439
6.617687074829932,281.6392,0.0001834151044022292
6.640907029478458,267.59708,0.00015261757653206587
6.664126984126984,168.53503,0.0001280473661608994
6.6873469387755105,315.34653,0.00013184137060306966
6.710566893424036,261.22778,0.00013750609650742263
6.733786848072563,189.88159,0.00016417365986853838
6.757006802721088,219.81308,0.00021340392413549125
6.780226757369615,332.8302,0.00022701405396219343
6.8034467120181406,329.8077,0.00018765428103506565
6.826666666666667,296.33478,0.00016579395742155612
6.849886621315193,211.51079,0.00012611562851816416
6.873106575963719,260.48434,0.00013196268992032856
6.896326530612245,158.2536,0.00015407908358611166
6.9195464852607715,208.44025,0.00016278261318802834
6.942766439909297,233.95226,0.0001999792584683746
6.965986394557823,328.57904,0.00019331691146362573
6.989206349206349,298.15613,0.00017179764108732343
7.012426303854875,300.4717,0.00016639323439449072
7.035646258503402,327.7873,0.0001593512570252642
7.058866213151927,323.5849,0.0001696470135357231
7.082086167800454,147.98657,0.00016851889085955918
7.1053061224489795,163.23257,0.00017232424579560757
7.128526077097506,330.62283,0.00015072515816427767
7.151746031746032,161.43991,0.0001549044973216951
7.174965986394558,157.68773,0.0001326561177847907
7.198185941043084,166.94006,0.00014632265083491802
7.2214058956916105,160.26651,0.00020047900034114718
7.244625850340136,154.51997,0.0003194106393493712
7.267845804988662,130.62796,0.0002702182100620121
7.291065759637188,127.90024,0.0001834780996432528
7.314285714285714,127.678055,0.0001911383878905326
7.337505668934241,256.993,0.00019091970170848072
7.360725623582766,256.54453,0.00018609504331834614
7.383945578231293,205.5944,0.00018641253700479865
7.4071655328798185,129.62962,0.0001986282877624035
7.430385487528345,130.86053,0.00023141485871747136
7.453605442176871,132.03593,0.000312183634378016
7.476825396825397,133.23264,0.0003489522496238351
7.500045351473923,132.43243,0.00034879654413089156
7.5232653061224495,129.93518,0.0002547338081058115
7.546485260770975,244.38287,0.00017917438526637852
7.569705215419502,246.09375,0.00017796439351513982
7.592925170068027,248.17108,0.00020851384033448994
7.616145124716553,228.36594,0.00022449446259997785
7.63936507936508,151.65062,0.00029037942294962704
7.662585034013605,190.7027,0.00036899850238114595
7.685804988662132,236.8421,0.000415666465414688
7.7090249433106575,237.09677,0.0003312951885163784
7.732244897959184,159.436,0.00017835822654888034
7.75546485260771,248.17108,0.00018675366300158203
7.778684807256236,250.28377,0.00021286835544742644
7.801904761904762,204.9971,0.00023050737217999995
7.8251247165532885,183.62248,0.0003270343295298517
7.848344671201814,238.37837,0.000410345644922927
7.871564625850341,260.38647,0.0004054497694596648
7.894784580498866,211.38406,0.00034242006950080395
7.918004535147393,128.19768,0.00021366534929256886
7.9412244897959186,152.77136,0.00019009684910997748
7.964444444444444,248.00615,0.00019481786875985563
7.987664399092971,182.87915,0.000246766721829772
8.010884353741497,187.65958,0.0003547993255779147
8.034104308390022,238.24959,0.0003774514771066606
8.057324263038549,267.27274,0.00038327023503370583
8.080544217687075,210.57298,0.00027734338073059916
8.103764172335602,124.71719,0.00014320065383799374
8.126984126984127,224.49095,0.0001502865634392947
8.150204081632653,258.73532,0.0001494593743700534
8.17342403628118,146.12326,0.00017024170665536076
8.196643990929706,185.18297,0.0002535462554078549
8.219863945578231,246.36871,0.00030539248837158084
8.243083900226758,274.8442,0.00029562634881585836
8.266303854875284,242.14139,0.00023025478003546596
8.289523809523809,125.78437,0.00012182117643533275
8.312743764172335,143.9295,0.00012037325359415263
8.335963718820862,151.54639,0.00013992692402098328
8.359183673469389,129.0417,0.00014488038141280413
8.382403628117913,186.30055,0.00021400203695520759
8.40562358276644,268.0851,0.0002408357395324856
8.428843537414966,273.60406,0.00022657567751593888
8.452063492063493,209.00475,0.00016689213225618005
8.475283446712018,109.09091,9.593211143510416e-05
8.498503401360544,126.869965,8.929046452976763e-05
8.52172335600907,130.0885,0.00011040285608032718
8.544943310657597,158.53806,0.0001418085303157568
8.568163265306122,158.3483,0.0001487911504227668
8.591383219954649,130.0118,0.00011238914885325357
8.614603174603175,128.57143,7.729353092145175e-05
8.6378231292517,128.872,6.93058900651522e-05
8.661043083900227,155.19063,6.08280606684275e-05
8.684263038548753,128.19768,4.483035809244029e-05
8.70748299319728,128.42166,3.924978955183178e-05
8.730702947845804,193.13869,3.191223368048668e-05
8.753922902494331,137.2122,2.511026650608983e-05
8.777142857142858,164.55225,2.1772524632979184e-05
8.800362811791384,192.45636,1.6760785001679324e-05
8.823582766439909,0.0,8.91229046828812e-06
8.846802721088435,0.0,3.823588485829532e-06
8.870022675736962,0.0,1.554552000015974e-06
8.893242630385489,0.0,5.501715349964797e-07
8.916462585034013,0.0,1.4679153537144884e-07
8.93968253968254,0.0,2.860542736016214e-08
8.962902494331066,0.0,1.710759534034878e-08
8.986122448979591,0.0,1.327771315118298e-08
9.009342403628118,0.0,1.792795956134796e-08
9.032562358276644,0.0,1.4007127902004868e-08
9.05578231292517,0.0,1.1405973054934293e-08
9.079002267573696,0.0,6.681148079223931e-08
9.102222222222222,0.0,4.3823092710226774e-08
9.125442176870749,0.0,3.725017450051382e-08
9.148662131519275,0.0,2.1245796233415604e-08
9.1718820861678,0.0,1.1590600479394197e-08
9.195102040816327,0.0,1.0969415598083287e-08
