0.0,0.0,7.868038665037602e-08
0.023219954648526078,0.0,1.0282474249834195e-07
0.046439909297052155,0.0,5.019774107495323e-08
0.06965986394557823,0.0,3.679906512843445e-08
0.09287981859410431,0.0,3.5912307794205844e-08
0.11609977324263039,0.0,9.043014870258048e-08
0.13931972789115646,0.0,6.361733539961278e-08
0.16253968253968254,0.0,4.8760739446152e-08
0.18575963718820862,0.0,2.1516825654543936e-08
0.2089795918367347,0.0,4.6146851673256606e-08
0.23219954648526078,0.0,2.8778231353498995e-08
0.25541950113378686,0.0,3.0259798222687095e-08
0.2786394557823129,0.0,5.632045940728858e-08
0.301859410430839,0.0,2.0902007236145437e-08
0.3250793650793651,0.0,3.115019353572279e-08
0.3482993197278912,0.0,3.067998477490619e-08
0.37151927437641724,0.0,8.937845450418536e-06
0.3947392290249433,132.56514,3.366905730217695e-05
0.4179591836734694,175.0,6.220689101610333e-05
0.44117913832199546,219.40298,8.144830644596368e-05
0.46439909297052157,326.86844,8.662277832627296e-05
0.4876190476190476,291.8919,7.859396282583475e-05
0.5108390022675737,169.24341,7.610235479660332e-05
0.5340589569160998,170.55247,9.235958714270964e-05
0.5572789115646258,193.29994,0.00018453283701092005
0.5804988662131519,225.14359,0.0002634830598253757
0.603718820861678,255.71956,0.00031515141017735004
0.626938775510204,253.44827,0.0005176147678866982
0.6501587301587302,220.99109,0.0005713217542506754
0.6733786848072563,202.39674,0.0004119757213629782
0.6965986394557824,200.56851,0.0005185144254937768
0.7198185941043084,151.37299,0.0004627623129636049
0.7430385487528345,164.2458,0.0004261179710738361
0.7662585034013606,149.89803,0.000593772332649678
0.7894784580498866,207.6923,0.0004353708936832845
0.8126984126984127,184.29851,0.0004920578212477267
0.8359183673469388,220.5,0.0007434834260493517
0.8591383219954649,235.0433,0.00045380659867078066
0.8823582766439909,127.678055,0.000685139384586364
0.905578231292517,163.94052,0.0005629393272101879
0.9287981859410431,112.64368,0.00030428144964389503
0.9520181405895691,323.61575,0.000646447588223964
0.9752380952380952,255.58482,0.0004028853727504611
0.9984580498866213,154.55608,0.0004886419046670198
1.0216780045351475,298.98306,0.0006656753830611706
1.0448979591836736,283.25098,0.00035105179995298386
1.0681179138321997,200.25226,0.0006054904661141336
1.0913378684807256,201.63292,0.0005238245939835906
1.1145578231292517,153.39131,0.0003718967782333493
1.1377777777777778,222.72728,0.0003495600540190935
1.1609977324263039,322.1591,0.00044964696280658245
1.18421768707483,174.8018,0.00026053001056425273
1.207437641723356,178.90466,0.00045382752432487905
1.2306575963718822,272.68127,0.0006261919625103474
1.253877551020408,251.42532,0.000318443460855633
1.2770975056689342,171.69077,0.00022458634339272976
1.3003174603174603,189.7357,0.00021404863218776882
1.3235374149659864,166.3105,0.0006308327428996563
1.3467573696145125,209.75029,0.0006359522812999785
1.3699773242630386,210.89267,0.0004798612790182233
1.3931972789115648,248.87134,0.0005266537191346288
1.4164172335600906,179.38983,0.0007384708733297884
1.4396371882086167,224.0,0.0009438187116757035
1.4628571428571429,288.0784,0.0010161279933527112
1.486077097505669,285.74515,0.0006458870484493673
1.509297052154195,214.42464,0.0005742870271205902
1.5325170068027212,149.87256,0.00030343071557581425
1.5557369614512473,246.36871,0.00028605462284758687
1.5789569160997732,273.70053,0.00042357767233625054
1.6021768707482993,380.17242,0.0005851068417541683
1.6253968253968254,366.88852,0.0005372306331992149
1.6486167800453515,298.47714,0.0006628351402468979
1.6718367346938776,413.84164,0.0008540438138879836
1.6950566893424037,401.1236,0.0008509556064382195
1.7182766439909298,322.2338,0.0004678710247389972
1.7414965986394557,317.44186,0.00047655479284003377
1.7647165532879818,227.90698,0.000556139275431633
1.787936507936508,271.2455,0.0006279343506321311
1.811156462585034,294.4908,0.0007621744880452752
1.8343764172335602,328.40424,0.0007790254894644022
1.8575963718820863,391.13083,0.0008206567727029324
1.8808163265306124,406.21762,0.0006439947173930705
1.9040362811791383,331.57895,0.0007208976894617081
1.9272562358276644,298.70688,0.0006203235243447125
1.9504761904761905,247.33595,0.0007705507450737059
1.9736961451247166,250.43881,0.0008287529926747084
1.9969160997732427,313.7931,0.0009629850392229855
2.020136054421769,285.28302,0.0007279918063431978
2.043356009070295,328.35052,0.0008650811505503953
2.066575963718821,358.90134,0.000698155490681529
2.089795918367347,332.65088,0.0005655671702697873
2.1130158730158732,305.27158,0.0008787316037341952
2.1362358276643993,301.19522,0.0006882949382998049
2.159455782312925,228.62904,0.0007603883859701455
2.182675736961451,297.97296,0.0009845707099884748
2.2058956916099772,305.03952,0.0007084050448611379
2.2291156462585033,310.5634,0.0008561053546145558
2.2523356009070294,327.97485,0.0007422466296702623
2.2755555555555556,363.66135,0.0005943094147369266
2.2987755102040817,325.2898,0.0007675932720303535
2.3219954648526078,326.06284,0.0006756185321137309
2.345215419501134,226.8,0.0006887694471515715
2.36843537414966,275.48154,0.0009267566492781043
2.391655328798186,313.10757,0.0008366378606297076
2.414875283446712,240.19608,0.0006088657537475228
2.4380952380952383,207.58368,0.000541808782145381
2.4613151927437644,192.47136,0.000494021107442677
2.48453514739229,316.318,0.0009684718679636717
2.507755102040816,301.71036,0.0009863965678960085
2.5309750566893423,235.45114,0.0018698468338698149
2.5541950113378684,238.8949,0.0021143904887139797
2.5774149659863945,237.47981,0.0018595996079966426
2.6006349206349206,234.99112,0.0014810940483585
2.6238548752834467,235.2,0.001232858165167272
2.647074829931973,226.15384,0.0008337391773238778
2.670294784580499,209.2251,0.0010384133784100413
2.693514739229025,282.46597,0.002943140221759677
2.716734693877551,264.2157,0.003241515951231122
2.7399546485260773,261.65048,0.0025858795270323753
2.7631746031746034,242.15985,0.001327193807810545
2.7863945578231295,288.5254,0.0008166538318619132
2.809614512471655,343.76392,0.001615577144548297
2.8328344671201813,439.53488,0.00375243928283453
2.8560544217687074,359.2668,0.00394020788371563
2.8792743764172335,293.8493,0.0036131106317043304
2.9024943310657596,365.06622,0.004429440945386887
2.9257142857142857,439.46188,0.0039015677757561207
2.948934240362812,352.8,0.0016879814211279154
2.972154195011338,271.80276,0.0008837048662826419
2.995374149659864,311.66077,0.0018224195810034871
3.01859410430839,298.6456,0.004197318572551012
3.0418140589569163,298.28302,0.004257287364453077
3.0650340136054424,269.6498,0.003643812844529748
3.0882539682539685,266.94916,0.004375801887363195
3.1114739229024946,458.6924,0.002474247943609953
3.1346938775510207,172.49022,0.0009169758995994925
3.1579138321995464,246.78232,0.0013652559136971831
3.1811337868480725,248.73096,0.0011196110863238573
3.2043537414965986,259.82858,0.002212519058957696
3.2275736961451247,193.42105,0.004510779865086079
3.250793650793651,269.05157,0.003291365224868059
3.274013605442177,268.01105,0.003520151600241661
3.297233560090703,264.3885,0.0032879244536161423
3.320453514739229,391.0345,0.000862432993017137
3.3436734693877552,267.13782,0.000773491570726037
3.3668934240362813,248.84012,0.0008180057629942894
3.3901133786848074,279.40866,0.0010439632460474968
3.4133333333333336,377.89203,0.0028896471485495567
3.4365532879818597,440.7062,0.004473576322197914
3.4597732426303858,457.9439,0.004537859931588173
3.4829931972789114,426.41223,0.003471788251772523
3.5062131519274375,395.3793,0.0015196837484836578
3.5294331065759637,296.2572,0.0006553762359544635
3.5526530612244898,247.6137,0.0006220103241503239
3.575873015873016,385.57376,0.0012011773651465774
3.599092970521542,381.9685,0.002653158502653241
3.622312925170068,467.97754,0.004169354680925608
3.645532879818594,337.19278,0.004829506855458021
3.6687528344671203,265.37198,0.004575531464070082
3.6919727891156464,277.51718,0.004313025623559952
3.7151927437641725,264.20367,0.0040149809792637825
3.7384126984126986,261.7917,0.0038762702606618404
3.7616326530612247,261.0872,0.003592628985643387
3.784852607709751,250.56818,0.0028527346439659595
3.8080725623582765,247.52104,0.0013343838509172201
3.8312925170068026,227.18947,0.0008446890860795975
3.8545124716553287,303.20856,0.0015099589945748448
3.877732426303855,323.5849,0.002027604728937149
3.900952380952381,343.5726,0.002724451245740056
3.924172335600907,302.0548,0.0015059863217175007
3.947392290249433,321.8978,0.0011840827064588666
3.9706122448979593,323.24606,0.0013354455586522818
3.9938321995464854,340.54053,0.00301625719293952
4.017052154195011,353.4283,0.00392042426392436
4.040272108843538,312.76596,0.0021925331093370914
4.063492063492063,363.26193,0.00342867081053555
4.08671201814059,355.07248,0.005705771967768669
4.1099319727891155,342.96826,0.004805305972695351
4.133151927437642,336.12805,0.00136971240863204
4.156371882086168,319.89636,0.0015442321309819818
4.179591836734694,256.80252,0.0019075338495895267
4.20281179138322,347.70038,0.00611991947516799
4.2260317460317465,354.69168,0.003648458980023861
4.249251700680272,359.51086,0.004421809688210487
4.272471655328799,355.26315,0.005459330510348082
4.295691609977324,346.46466,0.0068206703290343285
4.31891156462585,339.23077,0.003121676854789257
4.342131519274377,331.57895,0.001643269439227879
4.365351473922902,327.0127,0.0021084528416395187
4.388571428571429,345.0704,0.004953349474817514
4.4117913832199545,352.8,0.0031325239688158035
4.435011337868481,363.71133,0.0027205147780478
4.458231292517007,364.26212,0.0029434161260724068
4.481451247165533,356.26083,0.0047032758593559265
4.504671201814059,347.24408,0.0065430887043476105
4.527891156462585,339.49194,0.0036024278961122036
4.551111111111111,332.2034,0.0018296288326382637
4.574331065759638,329.28,0.002310667186975479
4.597551020408163,345.302,0.005586017854511738
4.62077097505669,352.61194,0.0032883051317185163
4.6439909297052155,360.098,0.0029137658420950174
4.667210884353741,358.73102,0.003816040465608239
4.690430839002268,350.99487,0.005812000948935747
4.713650793650793,340.64172,0.004759813193231821
4.73687074829932,334.9367,0.0019230070756748319
4.760090702947846,326.8396,0.0018040887080132961
4.783310657596372,337.5,0.0036798659712076187
4.806530612244898,345.1535,0.005177529528737068
4.829750566893424,350.92838,0.0036473048385232687
4.85297052154195,349.20816,0.00461460230872035
4.876190476190477,341.59564,0.0023538642562925816
4.899410430839002,332.8302,0.000981234130449593
4.922630385487529,73.910614,0.0015952831599861383
4.9458503401360545,268.69763,0.002398010343313217
4.96907029478458,287.6087,0.0024207509122788906
4.992290249433107,479.59607,0.0024758041836321354
5.015510204081632,525.0,0.0025971070863306522
5.038730158730159,524.7284,0.0027192062698304653
5.061950113378685,525.54407,0.002534442115575075
5.085170068027211,508.9613,0.0015360243851318955
5.108390022675737,312.2124,0.000593949225731194
5.131609977324263,258.03192,0.0006777655798941851
5.154829931972789,252.0,0.0007501377258449793
5.178049886621316,287.0414,0.0016995449550449848
5.201269841269841,370.8108,0.0033413623459637165
5.224489795918368,266.53845,0.0037072929553687572
5.2477097505668935,266.8317,0.0036254050210118294
5.27092970521542,261.7917,0.0034815678372979164
5.294149659863946,521.8935,0.0018159245373681188
5.317369614512471,305.75998,0.000777360110078007
5.340589569160998,257.89474,0.0008461353718303144
5.363809523809524,278.31326,0.0010546202538534999
5.38702947845805,462.12573,0.0024757259525358677
5.410249433106576,289.49673,0.0035547856241464615
5.433469387755102,266.97852,0.0034683956764638424
5.456689342403628,263.78467,0.0036351471208035946
5.479909297052155,415.77625,0.002308715833351016
5.50312925170068,257.21103,0.001097383676096797
5.526349206349207,246.64429,0.001443853136152029
5.5495691609977325,247.33595,0.0011859602527692914
5.572789115646259,269.94992,0.0011389165883883834
5.596009070294785,429.54547,0.0025821225717663765
5.61922902494331,262.67374,0.003642945783212781
5.642448979591837,264.79257,0.003787781111896038
5.6656689342403626,259.82858,0.0033904453739523888
5.688888888888889,484.6154,0.001640003640204668
5.712108843537415,326.66666,0.0006726052379235625
5.735328798185941,280.59384,0.0007116898777894676
5.758548752834467,235.45114,0.0005783390952274203
5.7817687074829935,321.7172,0.001052703009918332
5.804988662131519,470.14923,0.0025141295045614243
5.828208616780046,263.28357,0.003493158146739006
5.851428571428571,262.64212,0.0035917460918426514
5.874648526077098,262.07455,0.0031555849127471447
5.897868480725624,317.77423,0.0020999861881136894
5.92108843537415,365.06622,0.0008883848204277456
5.944308390022676,284.36325,0.0005525124142877758
5.9675283446712015,299.8431,0.0006509004160761833
5.990748299319728,372.67606,0.0013643016573041677
6.013968253968254,447.8354,0.00225547282025218
6.03718820861678,520.1539,0.0022269263863563538
6.060408163265306,341.15524,0.0008649983210489154
6.0836281179138325,89.03095,0.0006921353051438928
6.106848072562358,219.40298,0.0002500156406313181
6.130068027210885,240.45802,0.00028106640093028545
6.15328798185941,289.95816,0.0003160592168569565
6.176507936507937,250.28377,0.0003946033539250493
6.199727891156463,259.2731,0.0002931252238340676
6.222947845804989,302.0548,0.0003226513508707285
6.246167800453515,263.9282,0.0002903949352912605
6.269387755102041,275.76862,0.00031735526863485575
6.292607709750567,415.5765,0.0003179136256221682
6.315827664399093,322.90796,0.00028845592169091105
6.339047619047619,261.36853,0.000416943512391299
6.362267573696145,283.14606,0.0007331357337534428
6.3854875283446715,376.234,0.0009458663407713175
6.408707482993197,248.3108,0.00041287706699222326
6.431927437641724,262.64212,0.0004081884981133044
6.455147392290249,328.92914,0.0003757303347811103
6.478367346938776,403.2813,0.0003451394150033593
6.501587301587302,321.17645,0.0002869556483346969
6.524807256235828,262.34384,0.0004946229746565223
6.548027210884354,324.2647,0.000779102323576808
6.57124716553288,388.1188,0.0007347000064328313
6.594467120181406,285.74515,0.0004123850667383522
6.617687074829932,335.5435,0.0004184622084721923
6.640907029478458,381.81818,0.00041636181413196027
6.664126984126984,411.50858,0.0003474909462966025
6.6873469387755105,366.40952,0.0003225702093914151
6.710566893424036,276.34467,0.0003388864279258996
6.733786848072563,297.68564,0.0007206639857031405
6.757006802721088,307.67444,0.0008980623679235578
6.780226757369615,383.95523,0.0006861569127067924
6.8034467120181406,281.33972,0.0004478322225622833
6.826666666666667,327.88104,0.00040073058335110545
6.849886621315193,375.919,0.0003687989665195346
6.873106575963719,365.46964,0.0003029668878298253
6.896326530612245,259.2731,0.00027190634864382446
6.9195464852607715,242.57425,0.0004679372359532863
6.942766439909297,251.86916,0.000564439978916198
6.965986394557823,225.12762,0.0005334095330908895
6.989206349206349,310.9002,0.0004060117935296148
7.012426303854875,351.11465,0.0003712099278345704
7.035646258503402,288.75,0.0003403274167794734
7.058866213151927,205.71428,0.0003191606665495783
7.082086167800454,255.94893,0.00026836388860829175
7.1053061224489795,267.27274,0.0004784556804224849
7.128526077097506,247.23195,0.0008552445797249675
7.151746031746032,255.06075,0.0007718178094364703
7.174965986394558,212.83784,0.0003859552671201527
7.198185941043084,264.35968,0.00030431151390075684
7.2214058956916105,183.241,0.00043199362698942423
7.244625850340136,174.76883,0.00031807483173906803
7.267845804988662,138.50504,0.0001855593000072986
7.291065759637188,168.13727,0.0002050258917734027
7.314285714285714,168.78076,0.00022038843599148095
7.337505668934241,168.41243,0.00022891668777447194
7.360725623582766,166.03915,0.00028704144642688334
7.383945578231293,174.3083,0.0004402987251523882
7.4071655328798185,160.46088,0.00041864480590447783
7.430385487528345,151.89436,0.0004251424106769264
7.453605442176871,166.3105,0.00031762468279339373
7.476825396825397,190.55556,0.0004249509365763515
7.500045351473923,192.33644,0.0007858704775571823
7.5232653061224495,295.7526,0.0008000871748663485
7.546485260770975,167.86296,0.00036270543932914734
7.569705215419502,153.48027,0.00044062494998797774
7.592925170068027,173.62204,0.00048719748156145215
7.616145124716553,152.6832,0.0004575031343847513
7.63936507936508,166.51982,0.0003094572457484901
7.662585034013605,137.98499,0.0005306159728206694
7.685804988662132,302.809,0.0008108306210488081
7.7090249433106575,286.87167,0.000719119911082089
7.732244897959184,191.21951,0.0003292693290859461
7.75546485260771,152.6832,0.0004837944870814681
7.778684807256236,168.13727,0.00041345678619109094
7.801904761904762,323.89832,0.000484105315990746
7.8251247165532885,154.106,0.00038284529000520706
7.848344671201814,187.43169,0.0003381418064236641
7.871564625850341,294.0,0.0006663427921012044
7.894784580498866,349.40576,0.0006751352339051664
7.918004535147393,276.27252,0.00042450526962056756
7.9412244897959186,187.26114,0.0003663475508801639
7.964444444444444,170.3799,0.0003866321058012545
7.987664399092971,308.72372,0.00038725382182747126
8.010884353741497,175.79726,0.0004598966334015131
8.034104308390022,157.17921,0.00027772385510616004
8.057324263038549,202.55907,0.00040253973565995693
8.080544217687075,321.0457,0.0005201284075155854
8.103764172335602,271.15707,0.0004264029557816684
8.126984126984127,166.14641,0.0002554264501668513
8.150204081632653,171.92982,0.00038763636257499456
8.17342403628118,262.35803,0.00033588154474273324
8.196643990929706,150.59761,0.0004284983151592314
8.219863945578231,157.09923,0.00026254451950080693
8.243083900226758,197.09497,0.0003656581393443048
8.266303854875284,298.47714,0.00045317591866478324
8.289523809523809,217.59868,0.0002958645927719772
8.312743764172335,164.65463,0.0003102219197899103
8.335963718820862,152.1564,0.0003666296834126115
8.359183673469389,287.0414,0.00030782094108872116
8.382403628117913,203.69514,0.00040836643893271685
8.40562358276644,153.98045,0.00022851023823022842
8.428843537414966,249.71687,0.0003601020434871316
8.452063492063493,355.44043,0.00040703662671148777
8.475283446712018,345.9728,0.00039706946699880064
8.498503401360544,256.69382,0.0002350321738049388
8.52172335600907,180.3681,0.0003404398448765278
8.544943310657597,170.3799,0.000331682589603588
8.568163265306122,150.08508,0.0003800269332714379
8.591383219954649,155.59477,0.00026016656192950904
8.614603174603175,220.74529,0.00024880957789719105
8.6378231292517,301.8825,0.00038785976357758045
8.661043083900227,344.17273,0.00036174862179905176
8.684263038548753,241.11537,0.00022905987862031907
8.70748299319728,172.94118,0.00031184114050120115
8.730702947845804,171.70668,0.0003934809938073158
8.753922902494331,152.41934,0.0003345502191223204
8.777142857142858,168.53503,0.00020727099035866559
8.800362811791384,334.30194,0.0003308196028228849
8.823582766439909,371.03366,0.00012710271403193474
8.846802721088435,364.9655,1.280957894778112e-05
8.870022675736962,0.0,1.1815600373665802e-06
8.893242630385489,0.0,2.4553901312174276e-07
8.916462585034013,0.0,1.2663167581195012e-07
8.93968253968254,0.0,6.665140972472727e-08
8.962902494331066,0.0,9.583345672581345e-08
8.986122448979591,0.0,1.0667463357094675e-07
9.009342403628118,0.0,1.2530745152616873e-07
9.032562358276644,0.0,1.2764121493091807e-07
9.05578231292517,0.0,1.0762505553429946e-07
9.079002267573696,0.0,2.82707333099097e-08
9.102222222222222,0.0,5.076435627415776e-08
9.125442176870749,0.0,5.4898919188417494e-08
9.148662131519275,0.0,4.133653419557959e-09
