0.0,0.0,1.2265336408745497e-06
0.023219954648526078,0.0,1.2639493434107862e-06
0.046439909297052155,0.0,1.4389361240318976e-06
0.06965986394557823,0.0,1.3916287571191788e-06
0.09287981859410431,0.0,9.275927368435077e-07
0.11609977324263039,0.0,1.3433809726848267e-06
0.13931972789115646,0.0,1.1217953215236776e-06
0.16253968253968254,0.0,1.5321438695536926e-06
0.18575963718820862,0.0,9.494660844211467e-07
0.2089795918367347,0.0,2.576789484010078e-06
0.23219954648526078,0.0,5.9020549088018015e-06
0.25541950113378686,0.0,4.718658601632342e-07
0.2786394557823129,0.0,2.6032103050965816e-07
0.301859410430839,0.0,4.7222602006513625e-07
0.3250793650793651,0.0,2.3761731426930055e-07
0.3482993197278912,0.0,1.8033733795164153e-07
0.37151927437641724,612.5,1.0336644663766492e-05
0.3947392290249433,160.65573,9.28543449845165e-05
0.4179591836734694,161.53847,0.00013699577539227903
0.44117913832199546,167.6806,0.00015738996444270015
0.46439909297052157,170.83565,0.000159398652613163
0.4876190476190476,173.13516,9.810007031774148e-05
0.5108390022675737,178.02768,8.600365254096687e-05
0.5340589569160998,177.51581,0.00013211843906901777
0.5572789115646258,178.23326,0.00019235907529946417
0.5804988662131519,262.21622,0.0002375972253503278
0.603718820861678,356.26083,0.00030390743631869555
0.626938775510204,355.64517,0.0004039165214635432
0.6501587301587302,358.34238,0.0005201611202210188
0.6733786848072563,318.7403,0.0006345859728753567
0.6965986394557824,313.69296,0.0008986185421235859
0.7198185941043084,312.59543,0.0012519634328782558
0.7430385487528345,323.89832,0.0019881981424987316
0.7662585034013606,367.3087,0.0025127441622316837
0.7894784580498866,376.1666,0.003114371094852686
0.8126984126984127,312.76596,0.0027037314139306545
0.8359183673469388,318.12445,0.0008939679246395826
0.8591383219954649,183.75,0.0008461480611003935
0.8823582766439909,345.34064,0.0017169963102787733
0.905578231292517,341.86047,0.0022930826526135206
0.9287981859410431,279.11392,0.002021635416895151
0.9520181405895691,383.47827,0.0022558667697012424
0.9752380952380952,460.74628,0.0020988553296774626
0.9984580498866213,453.7037,0.002087157219648361
1.0216780045351475,362.46576,0.002753657288849354
1.0448979591836736,338.1902,0.003536636009812355
1.0681179138321997,359.90207,0.005565788596868515
1.0913378684807256,448.62665,0.0069873458705842495
1.1145578231292517,429.31314,0.010005034506320953
1.1377777777777778,452.18567,0.013819724321365356
1.1609977324263039,448.17072,0.017832696437835693
1.18421768707483,452.53976,0.021573349833488464
1.207437641723356,472.6688,0.02420741319656372
1.2306575963718822,439.61176,0.020953897386789322
1.253877551020408,462.5874,0.006698000244796276
1.2770975056689342,300.6818,0.0028630082961171865
1.3003174603174603,254.47202,0.0029937848448753357
1.3235374149659864,296.63675,0.0024025063030421734
1.3467573696145125,350.55643,0.001531059737317264
1.3699773242630386,306.9058,0.0012974096462130547
1.3931972789115648,416.91177,0.001630673767067492
1.4164172335600906,535.2507,0.001720105647109449
1.4396371882086167,533.7752,0.0021088612265884876
1.4628571428571429,343.19067,0.0027423175051808357
1.486077097505669,267.96875,0.004021662287414074
1.509297052154195,271.00558,0.005356204695999622
1.5325170068027212,273.44983,0.007760118693113327
1.5557369614512473,270.85428,0.008598947897553444
1.5789569160997732,262.7844,0.00836605578660965
1.6021768707482993,256.80252,0.006504840217530727
1.6253968253968254,236.71497,0.008874412626028061
1.6486167800453515,281.6092,0.014202592894434929
1.6718367346938776,283.85022,0.01691718026995659
1.6950566893424037,303.01266,0.016968846321105957
1.7182766439909298,267.56757,0.01163673959672451
1.7414965986394557,265.08197,0.011723821982741356
1.7647165532879818,271.10654,0.008699807338416576
1.787936507936508,276.77826,0.002909936010837555
1.811156462585034,120.821915,0.0016814812552183867
1.8343764172335602,234.88681,0.0010753313545137644
1.8575963718820863,217.00381,0.0019049965776503086
1.8808163265306124,343.70505,0.002124444115906954
1.9040362811791383,334.45285,0.0018670803401619196
1.9272562358276644,348.34125,0.0016144815599545836
1.9504761904761905,357.2658,0.0011775692692026496
1.9736961451247166,361.4754,0.0014358515618368983
1.9969160997732427,371.6292,0.0020089023746550083
2.020136054421769,372.51462,0.0036548839416354895
2.043356009070295,384.19415,0.005745694972574711
2.066575963718821,367.09213,0.00892910361289978
2.089795918367347,367.29596,0.012298226356506348
2.1130158730158732,392.0,0.01619730144739151
2.1362358276643993,353.9326,0.02208724431693554
2.159455782312925,399.49673,0.03296784684062004
2.182675736961451,548.27026,0.041005343198776245
2.2058956916099772,636.16693,0.03886222839355469
2.2291156462585033,517.8082,0.013661310076713562
2.2523356009070294,237.52243,0.006786414887756109
2.2755555555555556,438.80597,0.0038212276995182037
2.2987755102040817,436.17908,0.002840189728885889
2.3219954648526078,543.278,0.0026861997321248055
2.345215419501134,496.56836,0.0026158448308706284
2.36843537414966,397.7751,0.0030256006866693497
2.391655328798186,263.4981,0.003518552053719759
2.414875283446712,275.05197,0.004039172548800707
2.4380952380952383,299.8431,0.005292036570608616
2.4613151927437644,462.92816,0.005836733616888523
2.48453514739229,538.9002,0.006168341729789972
2.507755102040816,517.76416,0.006324614863842726
2.5309750566893423,270.2758,0.00676993653178215
2.5541950113378684,270.0,0.007549462374299765
2.5774149659863945,269.94992,0.008030121214687824
2.6006349206349206,270.2507,0.008952160365879536
2.6238548752834467,268.49316,0.009913980960845947
2.647074829931973,284.94037,0.00821229349821806
2.670294784580499,387.4794,0.01283406000584364
2.693514739229025,358.17258,0.008666989393532276
2.716734693877551,440.30478,0.008428657427430153
2.7399546485260773,445.45456,0.007724324241280556
2.7631746031746034,449.51718,0.008184105157852173
2.7863945578231295,445.92868,0.009238792583346367
2.809614512471655,445.45456,0.009906084276735783
2.8328344671201813,446.1305,0.010053600184619427
2.8560544217687074,455.34332,0.009202780202031136
2.8792743764172335,465.18985,0.009359078481793404
2.9024943310657596,470.4,0.011077727191150188
2.9257142857142857,466.17337,0.01617182232439518
2.948934240362812,447.59616,0.017437193542718887
2.972154195011338,458.897,0.013911508023738861
2.995374149659864,487.6777,0.008319064974784851
3.01859410430839,390.26547,0.0062972367741167545
3.0418140589569163,437.78955,0.014518525451421738
3.0650340136054424,392.92453,0.014547852799296379
3.0882539682539685,397.09854,0.015357088297605515
3.1114739229024946,423.55933,0.011084683239459991
3.1346938775510207,347.9914,0.006253653205931187
3.1579138321995464,400.9091,0.0054698605090379715
3.1811337868480725,405.4624,0.006880380213260651
3.2043537414965986,379.35483,0.005032951943576336
3.2275736961451247,281.78912,0.002812483813613653
3.250793650793651,274.68857,0.0017612710362300277
3.274013605442177,518.5462,0.00197642482817173
3.297233560090703,526.90906,0.0022061108611524105
3.320453514739229,535.6275,0.0023051416501402855
3.3436734693877552,557.38116,0.0020723724737763405
3.3668934240362813,553.8461,0.002161860466003418
3.3901133786848074,553.18616,0.0023747296072542667
3.4133333333333336,549.8182,0.002309012459591031
3.4365532879818597,448.5546,0.0024050623178482056
3.4597732426303858,365.46964,0.002667467575520277
3.4829931972789114,357.628,0.0029835777822881937
3.5062131519274375,352.61194,0.0031764975283294916
3.5294331065759637,360.92072,0.0033576185815036297
3.5526530612244898,368.52368,0.0034593180753290653
3.575873015873016,368.11353,0.003644986543804407
3.599092970521542,367.90878,0.0038582999259233475
3.622312925170068,359.44983,0.003968649543821812
3.645532879818594,359.8164,0.004024396650493145
3.6687528344671203,358.90134,0.004005852621048689
3.6919727891156464,366.07635,0.004076406825333834
3.7151927437641725,366.482,0.0043021999299526215
3.7384126984126986,368.11353,0.004325097426772118
3.7616326530612247,360.18378,0.004326770082116127
3.784852607709751,359.44983,0.004300563130527735
3.8080725623582765,359.63303,0.00430880393832922
3.8312925170068026,367.70428,0.004367620684206486
3.8545124716553287,366.68512,0.00431453064084053
3.877732426303855,357.628,0.004380859434604645
3.900952380952381,357.2658,0.004405446350574493
3.924172335600907,358.17258,0.004410447087138891
3.947392290249433,359.63303,0.004400976933538914
3.9706122448979593,366.88852,0.004459646996110678
3.9938321995464854,365.67166,0.004515213426202536
4.017052154195011,358.17258,0.004525127820670605
4.040272108843538,357.99088,0.004549008794128895
4.063492063492063,351.8617,0.004522308707237244
4.08671201814059,358.71887,0.004362893756479025
4.1099319727891155,366.27905,0.004264683462679386
4.133151927437642,366.88852,0.0041380166076123714
4.156371882086168,359.8164,0.004070598632097244
4.179591836734694,360.7362,0.00411382969468832
4.20281179138322,361.10544,0.003931839484721422
4.2260317460317465,367.29596,0.0037830942310392857
4.249251700680272,366.482,0.0037439153529703617
4.272471655328799,365.46964,0.003643025178462267
4.295691609977324,357.628,0.0036014793440699577
4.31891156462585,352.61194,0.0037433751858770847
4.342131519274377,363.71133,0.003849347122013569
4.365351473922902,435.19736,0.004825462121516466
4.388571428571429,533.8421,0.00490102032199502
4.4117913832199545,528.6713,0.003724453505128622
4.435011337868481,538.9002,0.002529110526666045
4.458231292517007,530.79236,0.0026737134903669357
4.481451247165533,535.81616,0.0031950119882822037
4.504671201814059,475.16675,0.0033626798540353775
4.527891156462585,457.23175,0.0035211308859288692
4.551111111111111,522.0278,0.0029922816902399063
4.574331065759638,533.00055,0.002286038361489773
4.597551020408163,527.4571,0.0022254418581724167
4.62077097505669,531.3253,0.0026235776022076607
4.6439909297052155,455.10834,0.0028709396719932556
4.667210884353741,380.55838,0.0030193317215889692
4.690430839002268,376.11942,0.002666618674993515
4.713650793650793,365.40652,0.0022054314613342285
4.73687074829932,354.57288,0.0016054522711783648
4.760090702947846,481.84183,0.0018404050497338176
4.783310657596372,467.2553,0.0016841484466567636
4.806530612244898,373.35657,0.001107463613152504
4.829750566893424,357.95456,0.0008194902911782265
4.85297052154195,281.19025,0.0003819939447566867
4.876190476190477,315.67645,0.00011976074893027544
4.899410430839002,111.08312,5.5209002312039956e-05
4.922630385487529,128.57143,2.9792521672789007e-05
4.9458503401360545,183.241,1.013476139632985e-05
4.96907029478458,0.0,8.198785508284345e-07
4.992290249433107,0.0,8.368215276277624e-07
5.015510204081632,0.0,3.938484951504506e-07
5.038730158730159,0.0,6.014206519466825e-07
5.061950113378685,0.0,2.5073313736356795e-07
5.085170068027211,0.0,1.9019444152945653e-07
5.108390022675737,0.0,1.22987330541946e-07
5.131609977324263,0.0,1.3941371435066685e-07
5.154829931972789,0.0,1.9947037799283862e-07
5.178049886621316,0.0,1.9381604943191633e-07
5.201269841269841,0.0,1.0021358320955187e-07
5.224489795918368,0.0,1.6348622011719272e-07
5.2477097505668935,0.0,1.4149100024951622e-07
5.27092970521542,0.0,1.0472740541445091e-07
