0.0,0.0,2.1290452423272654e-07
0.023219954648526078,0.0,1.3297085388330743e-07
0.046439909297052155,0.0,1.2306918506510556e-07
0.06965986394557823,0.0,1.3875614968128502e-07
0.09287981859410431,0.0,2.527167453081347e-07
0.11609977324263039,0.0,1.919288479257375e-07
0.13931972789115646,0.0,8.630195225123316e-08
0.16253968253968254,0.0,7.249309419421479e-08
0.18575963718820862,0.0,7.092421583365649e-08
0.2089795918367347,0.0,8.327242539962754e-08
0.23219954648526078,0.0,6.688878784189001e-08
0.25541950113378686,0.0,3.463183020357974e-07
0.2786394557823129,0.0,7.101289520505816e-05
0.301859410430839,172.26562,0.00024099231814034283
0.3250793650793651,176.51768,0.000235771804000251
0.3482993197278912,182.86108,0.00023430443252436817
0.37151927437641724,179.6334,0.00042294978629797697
0.3947392290249433,169.07347,0.000622953288257122
0.4179591836734694,161.14496,0.0004558300133794546
0.44117913832199546,159.61739,0.0003432059893384576
0.46439909297052157,119.189186,0.0004177764931228012
0.4876190476190476,175.19864,0.00034760666312649846
0.5108390022675737,180.0,0.0002911837073042989
0.5340589569160998,154.0163,0.00042587186908349395
0.5572789115646258,170.81989,0.0006053533870726824
0.5804988662131519,165.54054,0.0005363420932553709
0.603718820861678,113.36761,0.0002111056965077296
0.626938775510204,155.46417,0.0002788683050312102
0.6501587301587302,173.9645,0.0004195243527647108
0.6733786848072563,175.13899,0.000549601623788476
0.6965986394557824,155.37286,0.00039004688733257353
0.7198185941043084,146.63342,0.0007483146036975086
0.7430385487528345,178.0619,0.0008840025402605534
0.7662585034013606,172.651,0.0008204104378819466
0.7894784580498866,233.68661,0.0006699363002553582
0.8126984126984127,229.20999,0.00047030430869199336
0.8359183673469388,172.71541,0.0008621809538453817
0.8591383219954649,180.0,0.0007383938645943999
0.8823582766439909,185.07193,0.0007208445458672941
0.905578231292517,182.98755,0.0008705138461664319
0.9287981859410431,176.87166,0.0008513604407198727
0.9520181405895691,317.44186,0.000832646619528532
0.9752380952380952,335.5435,0.0009257999481633306
0.9984580498866213,318.85428,0.0008051123004406691
1.0216780045351475,338.30136,0.0007624169811606407
1.0448979591836736,370.38074,0.0009139278554357588
1.0681179138321997,310.7317,0.0007656652596779168
1.0913378684807256,150.94125,0.00043918139999732375
1.1145578231292517,160.36363,0.0004672564973589033
1.1377777777777778,201.67682,0.00037878123112022877
1.1609977324263039,173.03812,0.00030782510293647647
1.18421768707483,241.5703,0.00041017303010448813
1.207437641723356,246.52174,0.0004762047901749611
1.2306575963718822,212.87209,0.0006864238530397415
1.253877551020408,206.43651,0.0007182382396422327
1.2770975056689342,203.4602,0.0007486527902074158
1.3003174603174603,213.43013,0.0005122763104736805
1.3235374149659864,196.62419,0.00037344935117289424
1.3467573696145125,234.02122,0.0005095560336485505
1.3699773242630386,235.40926,0.000514783023390919
1.3931972789115648,227.18947,0.0004525095864664763
1.4164172335600906,218.19681,0.0004785539931617677
1.4396371882086167,211.38406,0.00046370516065508127
1.4628571428571429,208.38748,0.0004614554636646062
1.486077097505669,212.40216,0.0003465755144134164
1.509297052154195,220.08734,0.0003148358082398772
1.5325170068027212,228.2346,0.00043802603613585234
1.5557369614512473,225.89641,0.0004594233469106257
1.5789569160997732,221.73184,0.00040212523890659213
1.6021768707482993,214.72916,0.00037751204217784107
1.6253968253968254,208.01888,0.00047951057786121964
1.6486167800453515,206.92082,0.00043606769759207964
1.6718367346938776,214.54054,0.0003357129171490669
1.6950566893424037,204.16667,0.0005625940393656492
1.7182766439909298,237.94965,0.0008664694614708424
1.7414965986394557,235.54895,0.0007004408398643136
1.7647165532879818,227.18947,0.00047182152047753334
1.787936507936508,214.72916,0.000388902029953897
1.811156462585034,208.14159,0.0004329794319346547
1.8343764172335602,212.01923,0.0003645943943411112
1.8575963718820863,227.02702,0.000387055886676535
1.8808163265306124,237.94965,0.0005573325324803591
1.9040362811791383,239.52927,0.0004787022480741143
1.9272562358276644,231.5636,0.00041757174767553806
1.9504761904761905,224.36404,0.0004610921023413539
1.9736961451247166,220.74529,0.0004478198825381696
1.9969160997732427,233.95226,0.00042360281804576516
2.020136054421769,260.94675,0.0006569543620571494
2.043356009070295,277.67603,0.0008691577822901309
2.066575963718821,275.625,0.0007071817526593804
2.089795918367347,264.2157,0.0007107695564627647
2.1130158730158732,246.09375,0.0004975025658495724
2.1362358276643993,232.71768,0.0005546211614273489
2.159455782312925,234.57446,0.0005087723257020116
2.182675736961451,250.56818,0.0006085710483603179
2.2058956916099772,270.85428,0.0009664024692028761
2.2291156462585033,274.0678,0.001021847128868103
2.2523356009070294,268.90244,0.0009046251652762294
2.2755555555555556,262.9696,0.0009390663472004235
2.2987755102040817,246.92049,0.0007008203538134694
2.3219954648526078,239.3848,0.0009275624761357903
2.345215419501134,242.45572,0.0008678743033669889
2.36843537414966,259.87036,0.0011198993306607008
2.391655328798186,275.625,0.001204882049933076
2.414875283446712,273.75845,0.0009090207749977708
2.4380952380952383,268.90244,0.0011941748671233654
2.4613151927437644,227.44986,0.0008867034921422601
2.48453514739229,239.3848,0.0007739434950053692
2.507755102040816,234.43591,0.0009013563394546509
2.5309750566893423,249.15254,0.0009093411499634385
2.5541950113378684,270.38626,0.0013159399386495352
2.5774149659863945,277.3585,0.0014627240598201752
2.6006349206349206,268.45602,0.001095321262255311
2.6238548752834467,256.80252,0.0010574553161859512
2.647074829931973,240.19608,0.0008923892746679485
2.670294784580499,236.46112,0.0011188662610948086
2.693514739229025,249.01186,0.001018597511574626
2.716734693877551,263.64133,0.001132704084739089
2.7399546485260773,271.7647,0.0011684366036206484
2.7631746031746034,271.30872,0.0010526319965720177
2.7863945578231295,268.1592,0.0010382216423749924
2.809614512471655,265.51724,0.0011305507505312562
2.8328344671201813,269.05157,0.0010037574684247375
2.8560544217687074,274.1259,0.000534369028173387
2.8792743764172335,289.0224,0.0005739929620176554
2.9024943310657596,288.86462,0.0005994777311570942
2.9257142857142857,279.2612,0.0004861406923737377
2.948934240362812,298.6456,0.00039991980884224176
2.972154195011338,341.33127,0.0007804265478625894
2.995374149659864,358.92566,0.0009281298844143748
3.01859410430839,366.482,0.001160874031484127
3.0418140589569163,357.18143,0.0015080493176355958
3.0650340136054424,341.6713,0.0013998982030898333
3.0882539682539685,333.18942,0.0015148541424423456
3.1114739229024946,334.0909,0.001262299483641982
3.1346938775510207,340.27777,0.001365294330753386
3.1579138321995464,352.23642,0.0011944097932428122
3.1811337868480725,362.6645,0.001021909643895924
3.2043537414965986,368.84476,0.0014881680253893137
3.2275736961451247,334.8715,0.0013253706274554133
3.250793650793651,353.97992,0.0013343628961592913
3.274013605442177,254.26009,0.0011945554288104177
3.297233560090703,328.57904,0.0008775230380706489
3.320453514739229,336.27454,0.0014728275127708912
3.3436734693877552,347.97476,0.0014812640147283673
3.3668934240362813,363.26193,0.0011142485309392214
3.3901133786848074,372.74167,0.0015076507115736604
3.4133333333333336,372.3483,0.0010859566973522305
3.4365532879818597,348.96143,0.0015124429482966661
3.4597732426303858,283.78378,0.001186324399895966
3.4829931972789114,564.7812,0.001147858565673232
3.5062131519274375,583.1405,0.0011057034134864807
3.5294331065759637,305.1903,0.0016360320150852203
3.5526530612244898,363.46152,0.0012700810329988599
3.575873015873016,369.03766,0.0014073951169848442
3.599092970521542,366.40952,0.0015557456063106656
3.622312925170068,352.42407,0.0018134114798158407
3.645532879818594,302.28485,0.001949911005795002
3.6687528344671203,226.41188,0.0017076521180570126
3.6919727891156464,345.20547,0.0022457477170974016
3.7151927437641725,349.6036,0.0012943510664626956
3.7384126984126986,352.42407,0.0009672041051089764
3.7616326530612247,343.0,0.0009679115028120577
3.784852607709751,256.80252,0.0007648117607459426
3.8080725623582765,261.6348,0.0008185190381482244
3.8312925170068026,234.44975,0.0008252901025116444
3.8545124716553287,238.76556,0.000592262833379209
3.877732426303855,257.393,0.0006212608423084021
3.900952380952381,260.38647,0.0006382697029039264
3.924172335600907,265.80823,0.0009012705413624644
3.947392290249433,263.4981,0.0009573330753482878
3.9706122448979593,258.85806,0.0008962793508544564
3.9938321995464854,251.73845,0.0005605537444353104
4.017052154195011,250.99602,0.0003778473474085331
4.040272108843538,253.44827,0.00041455304017290473
4.063492063492063,260.94675,0.0006195877213031054
4.08671201814059,274.8442,0.0009810230694711208
4.1099319727891155,282.08957,0.0008485587313771248
4.133151927437642,273.91306,0.0007728911004960537
4.156371882086168,262.35803,0.0007352611282840371
4.179591836734694,245.68245,0.0005539953126572073
4.20281179138322,240.32698,0.0006879426073282957
4.2260317460317465,247.6137,0.0006729548331350088
4.249251700680272,263.59833,0.0007601138204336166
4.272471655328799,280.08084,0.0011024789419025183
4.295691609977324,278.47302,0.000941033533308655
4.31891156462585,275.0,0.0008699102327227592
4.342131519274377,262.81287,0.0008932285709306598
4.365351473922902,250.33112,0.0006350466865114868
4.388571428571429,248.0315,0.0004966064589098096
4.4117913832199545,262.5,0.0007963653188198805
4.435011337868481,274.59525,0.0012061037123203278
4.458231292517007,278.47302,0.0009009389905259013
4.481451247165533,285.35294,0.0010818042792379856
4.504671201814059,242.04172,0.0009776733350008726
4.527891156462585,229.15704,0.0008989570196717978
4.551111111111111,250.56818,0.0006826950702816248
4.574331065759638,258.19672,0.0008460103417746723
4.597551020408163,276.25284,0.0010842152405530214
4.62077097505669,268.60464,0.0007379399612545967
4.6439909297052155,258.23032,0.0005864183185622096
4.667210884353741,173.23233,0.00040667204302735627
4.690430839002268,181.48148,0.0005644485354423523
4.713650793650793,201.2386,0.0005050518084317446
4.73687074829932,132.35294,0.0003126266528852284
4.760090702947846,226.2989,0.0003456774284131825
4.783310657596372,225.12762,0.00037584989331662655
4.806530612244898,223.85786,0.0003497115394566208
4.829750566893424,218.43698,0.00033193337731063366
4.85297052154195,212.70097,0.00028150263824500144
4.876190476190477,210.57298,0.0003385390737093985
4.899410430839002,208.26447,0.0003158773761242628
4.922630385487529,218.07692,0.00030768392025493085
4.9458503401360545,226.92969,0.0003052814572583884
4.96907029478458,229.15704,0.00028306012973189354
4.992290249433107,226.54109,0.0003033661050722003
5.015510204081632,220.5,0.00030681423959322274
5.038730158730159,214.33778,0.00027580076130107045
5.061950113378685,210.62686,0.00032020692015066743
5.085170068027211,212.40216,0.0003634283202700317
5.108390022675737,221.11421,0.0003273403272032738
5.131609977324263,229.95366,0.0003491674142424017
5.154829931972789,237.09677,0.0003412616497371346
5.178049886621316,231.8341,0.0003397436812520027
5.201269841269841,229.98697,0.00035501556703820825
5.224489795918368,216.0441,0.0003997746971435845
5.2477097505668935,212.01923,0.00035365967778488994
5.27092970521542,217.64343,0.0003729590680450201
5.294149659863946,226.5896,0.00038524033152498305
5.317369614512471,233.74557,0.00042987981578335166
5.340589569160998,241.77632,0.0004124484839849174
5.363809523809524,237.66467,0.0004778630973305553
5.38702947845805,226.67047,0.0003958718734793365
5.410249433106576,212.27437,0.000332179683027789
5.433469387755102,218.31683,0.00034380570286884904
5.456689342403628,233.60802,0.00038940657395869493
5.479909297052155,235.13033,0.0003893427783623338
5.50312925170068,225.51137,0.0002769569109659642
5.526349206349207,204.16667,0.0003091395483352244
5.5495691609977325,178.10985,0.0003913042601197958
5.572789115646259,154.1958,0.0001503134990343824
5.596009070294785,109.90654,0.00016546303231734782
5.61922902494331,176.93079,0.0004032356955576688
5.642448979591837,177.82259,0.00028946588281542063
5.6656689342403626,177.72021,0.00021217879839241505
5.688888888888889,176.50085,0.00024197937455028296
5.712108843537415,172.15355,0.0004289480857551098
5.735328798185941,169.33627,0.000445082871010527
5.758548752834467,169.05804,0.0003952897386625409
5.7817687074829935,172.07358,0.0003535961441230029
5.804988662131519,175.39772,0.000270219607045874
5.828208616780046,175.89745,0.00025630072923377156
5.851428571428571,177.72021,0.00022031985281500965
5.874648526077098,176.90544,0.0002785110264085233
5.897868480725624,172.94118,0.00047609463217668235
5.92108843537415,167.46835,0.0004425854131113738
5.944308390022676,169.33627,0.00047200731933116913
5.9675283446712015,174.8018,0.00030820269603282213
5.990748299319728,180.7377,0.0002080723352264613
6.013968253968254,183.75,0.00021442478464450687
6.03718820861678,182.98755,0.00021440439741127193
6.060408163265306,177.41379,0.00024287427368108183
6.0836281179138325,170.70967,0.00039368547732010484
6.106848072562358,168.96552,0.00037643758696503937
6.130068027210885,171.7863,0.0003240699879825115
6.15328798185941,176.22377,0.0001443821529392153
6.176507936507937,188.16,0.00015092114335857332
6.199727891156463,191.73914,0.00014310343249235302
6.222947845804989,184.96106,0.00015128645463846624
6.246167800453515,178.66307,0.000212314203963615
6.269387755102041,171.37305,0.00030883675208315253
6.292607709750567,169.9422,0.00032909546280279756
6.315827664399093,171.88196,0.000220348039874807
6.339047619047619,113.13494,9.63839192991145e-05
6.362267573696145,191.73914,0.00012933621474076062
6.3854875283446715,185.18297,0.00010789811494760215
6.408707482993197,179.75543,0.00017310238035861403
6.431927437641724,170.16078,0.00023563180002383888
6.455147392290249,164.65463,0.00019254360813647509
6.478367346938776,169.989,0.00015157274901866913
6.501587301587302,174.07895,3.563383870641701e-05
6.524807256235828,0.0,6.374150871124584e-06
6.548027210884354,0.0,1.6166923160199076e-06
6.57124716553288,0.0,5.635174602502957e-07
6.594467120181406,0.0,1.690941644483246e-07
6.617687074829932,0.0,8.440747478744015e-08
6.640907029478458,0.0,3.3538071875227615e-07
6.664126984126984,0.0,2.5262124836444855e-07
6.6873469387755105,0.0,2.2757649276172742e-07
6.710566893424036,0.0,6.818845577072352e-08
6.733786848072563,0.0,8.281858754344285e-09
