0.0,0.0,3.299737727502361e-08
0.023219954648526078,0.0,2.4967448553070426e-08
0.046439909297052155,0.0,2.6113411877304316e-08
0.06965986394557823,0.0,3.142376954201609e-07
0.09287981859410431,0.0,1.6116091501316987e-06
0.11609977324263039,0.0,5.221168066782411e-06
0.13931972789115646,0.0,8.254731255874503e-06
0.16253968253968254,90.74074,1.0109436516358983e-05
0.18575963718820862,88.67292,1.4090865988691803e-05
0.2089795918367347,87.5,1.9164293917128816e-05
0.23219954648526078,87.32674,2.5046572773135267e-05
0.25541950113378686,107.758095,3.097291482845321e-05
0.2786394557823129,135.52551,3.4765394957503304e-05
0.301859410430839,192.69662,3.351742634549737e-05
0.3250793650793651,192.57642,3.17874328175094e-05
0.3482993197278912,178.66307,3.6126035411143675e-05
0.37151927437641724,179.38983,3.790455957641825e-05
0.3947392290249433,179.38983,3.864102836814709e-05
0.4179591836734694,149.28911,4.26418446295429e-05
0.44117913832199546,89.39189,4.679853009292856e-05
0.46439909297052157,118.94808,4.8765177780296654e-05
0.4876190476190476,89.75577,4.826208169106394e-05
0.5108390022675737,89.8167,5.622545359074138e-05
0.5340589569160998,89.03095,5.307808896759525e-05
0.5572789115646258,112.557434,5.263676939648576e-05
0.5804988662131519,90.55441,5.413258259068243e-05
0.603718820861678,151.13092,5.7870445743901655e-05
0.626938775510204,229.53806,5.8424557209946215e-05
0.6501587301587302,286.36365,6.324410060187802e-05
0.6733786848072563,316.8517,6.462966848630458e-05
0.6965986394557824,317.47382,6.282437243498862e-05
0.7198185941043084,317.26617,6.15039753029123e-05
0.7430385487528345,319.1447,6.285132985794917e-05
0.7662585034013606,261.6348,6.171593122417107e-05
0.7894784580498866,222.83983,6.821696297265589e-05
0.8126984126984127,286.65,6.60359364701435e-05
0.8359183673469388,178.27185,6.246592238312587e-05
0.8591383219954649,91.68399,5.581649384112097e-05
0.8823582766439909,136.32149,5.7719713367987424e-05
0.905578231292517,139.55696,0.00010077237675432116
0.9287981859410431,187.9595,0.0001356197171844542
0.9520181405895691,196.98492,0.00012142761988798156
0.9752380952380952,222.16624,8.873362094163895e-05
0.9984580498866213,221.94263,7.415697473334149e-05
1.0216780045351475,226.67047,6.428428605431691e-05
1.0448979591836736,230.7175,9.581163612892851e-05
1.0681179138321997,137.8125,0.00011762674694182351
1.0913378684807256,205.66289,0.00016669862088747323
1.1145578231292517,234.82428,0.00015970712411217391
1.1377777777777778,124.50593,0.00016312679508700967
1.1609977324263039,114.84375,0.0001692022051429376
1.18421768707483,114.18954,0.00015208525292109698
1.207437641723356,112.4283,9.981292532756925e-05
1.2306575963718822,112.0,0.000128087485791184
1.253877551020408,112.64368,0.00012948700168635696
1.2770975056689342,113.07692,0.00011644156620604917
1.3003174603174603,112.5,0.00013008719542995095
1.3235374149659864,113.80645,0.0001294196117669344
1.3467573696145125,116.35884,0.00014079584798309952
1.3699773242630386,113.95349,0.00014071782061364502
1.3931972789115648,112.21374,0.00010083938832394779
1.4164172335600906,112.64368,0.00011964650911977515
1.4396371882086167,113.65979,0.0001320284209214151
1.4628571428571429,113.58661,0.00011257212463533506
1.486077097505669,113.07692,0.00012648836127482355
1.509297052154195,113.22208,0.00012929373770020902
1.5325170068027212,114.2487,0.00011971977073699236
1.5557369614512473,114.993484,0.00014513054338749498
1.5789569160997732,116.82119,0.0001706018520053476
1.6021768707482993,153.125,0.00017650483641773462
1.6253968253968254,160.16948,0.0001328962971456349
1.6486167800453515,139.0071,0.00013853023119736463
1.6718367346938776,139.33649,0.0001197632955154404
1.6950566893424037,137.72641,0.00014254740381147712
1.7182766439909298,135.02756,0.0001512278540758416
1.7414965986394557,151.23456,0.00015975761925801635
1.7647165532879818,131.25,0.0001691843062872067
1.787936507936508,133.87979,0.00018641397764440626
1.811156462585034,118.548386,0.0001817556330934167
1.8343764172335602,139.55696,0.00016401030006818473
1.8575963718820863,160.01451,0.00018803590501192957
1.8808163265306124,154.106,0.00021441401622723788
1.9040362811791383,150.51195,0.00021755581838078797
1.9272562358276644,151.33836,0.0002059755497612059
1.9504761904761905,134.1241,0.0002103266742778942
1.9736961451247166,119.35047,0.00019291826174594462
1.9969160997732427,141.5276,0.00019401247845962644
2.020136054421769,158.159,0.00017934280913323164
2.043356009070295,155.83038,0.00019549713761080056
2.066575963718821,136.32149,0.000225382624194026
2.089795918367347,152.17392,0.00024272740120068192
2.1130158730158732,153.125,0.00027427097666077316
2.1362358276643993,121.62162,0.00025855351123027503
2.159455782312925,154.82738,0.00023187100305221975
2.182675736961451,160.01451,0.00023845524992793798
2.2058956916099772,157.72531,0.0002745675446931273
2.2291156462585033,136.7866,0.0003503444022499025
2.2523356009070294,136.95653,0.0003397444961592555
2.2755555555555556,156.29062,0.0003239138750359416
2.2987755102040817,183.36798,0.00026469494332559407
2.3219954648526078,158.82353,0.00046027667121961713
2.345215419501134,308.3916,0.0006051110103726387
2.36843537414966,285.305,0.0004301722510717809
2.391655328798186,197.53639,0.0006609542178921402
2.414875283446712,183.75,0.0009569271933287382
2.4380952380952383,180.10501,0.0009877205593511462
2.4613151927437644,180.4208,0.0009164901566691697
2.48453514739229,181.26834,0.0008725965744815767
2.507755102040816,181.69511,0.0008762091165408492
2.5309750566893423,182.13733,0.0007548743742518127
2.5541950113378684,183.09608,0.0007174232741817832
2.5774149659863945,366.73596,0.0007688652840442955
2.6006349206349206,363.52396,0.0008672591065987945
2.6238548752834467,181.48148,0.0008986784378066659
2.647074829931973,180.31543,0.0008745209197513759
2.670294784580499,180.5263,0.0007660656701773405
2.693514739229025,195.34883,0.0006483534234575927
2.716734693877551,369.55307,0.0006860763533040881
2.7399546485260773,376.92307,0.0006312652840279043
2.7631746031746034,246.36871,0.0007291585206985474
2.7863945578231295,183.13953,0.0010779505828395486
2.809614512471655,179.6334,0.0011586453765630722
2.8328344671201813,180.0,0.000914427568204701
2.8560544217687074,180.0,0.0006832854705862701
2.8792743764172335,372.74167,0.0007468498079106212
2.9024943310657596,372.5449,0.000685550388880074
2.9257142857142857,374.52228,0.0006036412669345737
2.948934240362812,244.45677,0.0007956381887197495
2.972154195011338,183.62248,0.0009182869107462466
2.995374149659864,180.0,0.001123688998632133
3.01859410430839,179.47675,0.0009773392230272293
3.0418140589569163,181.05573,0.0007046855753287673
3.0650340136054424,182.98755,0.0006430632784031332
3.0882539682539685,182.2314,0.0006962320767343044
3.1114739229024946,205.25266,0.0004831811529584229
3.1346938775510207,149.15446,0.0004389273817650974
3.1579138321995464,136.44801,0.0004095431067980826
3.1811337868480725,136.95653,0.00033048627665266395
3.2043537414965986,138.89764,0.00029652309603989124
3.2275736961451247,139.02899,0.00029950228054076433
3.250793650793651,138.41808,0.0002889480965677649
3.274013605442177,136.7866,0.00029205327155068517
3.297233560090703,134.55377,0.0002856043865904212
3.320453514739229,152.279,0.0002821334928739816
3.3436734693877552,133.23264,0.00029651582008227706
3.3668934240362813,133.23264,0.0003125099465250969
3.3901133786848074,120.09804,0.00035265821497887373
3.4133333333333336,122.5681,0.00031020090682432055
3.4365532879818597,166.6247,0.0002720264019444585
3.4597732426303858,189.0,0.0003262477112002671
3.4829931972789114,154.1958,0.000308522314298898
3.5062131519274375,131.95691,0.0002819957444444299
3.5294331065759637,132.35294,0.000279310712357983
3.5526530612244898,119.641884,0.00029833416920155287
3.575873015873016,148.48485,0.0002638377482071519
3.599092970521542,261.56583,0.00023764348588883877
3.622312925170068,286.53278,0.00023550975311081856
3.645532879818594,178.3019,0.0002799701178446412
3.6687528344671203,153.23141,0.00030206155497580767
3.6919727891156464,130.78291,0.00027227122336626053
3.7151927437641725,130.55063,0.00026231014635413885
3.7384126984126986,132.67148,0.000297833961667493
3.7616326530612247,121.02086,0.00025659374659880996
3.784852607709751,140.0,0.00020848491112701595
3.8080725623582765,137.16953,0.00023865631374064833
3.8312925170068026,145.83334,0.00019787470228038728
3.8545124716553287,117.13148,0.0001478948979638517
3.877732426303855,138.33125,0.00010246240708511323
3.900952380952381,111.29337,0.00013585411943495274
3.924172335600907,166.94006,0.00011244471534155309
3.947392290249433,187.31796,0.00013043242506682873
3.9706122448979593,188.46153,0.0001273338421015069
3.9938321995464854,245.15134,0.0001449060218874365
4.017052154195011,242.67133,0.00015824835281819105
4.040272108843538,247.13574,0.00014382120571099222
4.063492063492063,275.625,0.0001824476639740169
4.08671201814059,332.57916,0.00019975648319814354
4.1099319727891155,330.5434,0.00015280593652278185
4.133151927437642,246.98195,0.00017180082795675844
4.156371882086168,226.38603,0.00016358550055883825
4.179591836734694,245.30286,0.00012592339771799743
4.20281179138322,246.52174,0.00017909181769937277
4.2260317460317465,229.09091,0.0001873138826340437
4.249251700680272,251.04364,0.00017110454791691154
4.272471655328799,252.48091,0.00020455109188333154
4.295691609977324,196.0,0.00018225194071419537
4.31891156462585,115.1436,0.00015744104166515172
4.342131519274377,172.71541,0.000185293989488855
4.365351473922902,179.2683,0.00019034405704587698
4.388571428571429,230.137,0.00016315156244672835
4.4117913832199545,221.60805,0.0001926403201650828
4.435011337868481,200.96202,0.00017732582637108862
4.458231292517007,221.32999,0.00016707112081348896
4.481451247165533,248.68422,0.0001985802809940651
4.504671201814059,228.97195,0.00019134150352329016
4.527891156462585,248.68422,0.00016936103929765522
4.551111111111111,249.46576,0.00020782146020792425
4.574331065759638,194.88635,0.0001858735631685704
4.597551020408163,115.21881,0.00014694209676235914
4.62077097505669,110.80402,0.00011841986997751519
4.6439909297052155,105.502396,8.98500147741288e-05
4.667210884353741,70.0,4.6544300857931376e-05
4.690430839002268,0.0,2.3432785383192822e-05
4.713650793650793,88.43583,2.500073424016591e-05
4.73687074829932,88.02395,3.356849629199132e-05
4.760090702947846,87.8486,4.982978862244636e-05
4.783310657596372,88.554214,5.1852814067387953e-05
4.806530612244898,88.02395,4.401009573484771e-05
4.829750566893424,88.971085,5.386255361372605e-05
4.85297052154195,88.85158,5.4628009820589796e-05
4.876190476190477,89.09091,5.9317349951015785e-05
4.899410430839002,89.8167,5.921119009144604e-05
4.922630385487529,90.74074,6.124145147623494e-05
4.9458503401360545,91.1785,6.631460564676672e-05
4.96907029478458,90.55441,6.249055149964988e-05
4.992290249433107,90.430626,6.031323573552072e-05
5.015510204081632,89.877716,5.997871994622983e-05
5.038730158730159,118.86793,6.0706763179041445e-05
5.061950113378685,90.06127,6.947231304366142e-05
5.085170068027211,113.36761,6.407735054381192e-05
5.108390022675737,175.23178,6.568331446032971e-05
5.131609977324263,203.0921,6.231067527551204e-05
5.154829931972789,174.19354,6.006898183841258e-05
5.178049886621316,181.85567,6.090755050536245e-05
5.201269841269841,203.62798,6.071602911106311e-05
5.224489795918368,144.21191,5.406261334428564e-05
5.2477097505668935,151.13092,6.591621786355972e-05
5.27092970521542,182.04335,7.394466229015961e-05
5.294149659863946,175.87238,6.0945210861973464e-05
5.317369614512471,113.36761,6.128761742729694e-05
5.340589569160998,121.070694,5.777240585302934e-05
5.363809523809524,90.74074,5.434580089058727e-05
5.38702947845805,121.320496,6.251727609196678e-05
5.410249433106576,121.40399,5.7571982324589044e-05
5.433469387755102,90.36885,5.2468341891653836e-05
5.456689342403628,90.0,5.327640610630624e-05
5.479909297052155,90.06127,5.82437714911066e-05
5.50312925170068,90.24557,6.140202458482236e-05
5.526349206349207,89.90826,5.2165974921081215e-05
5.5495691609977325,89.694916,5.151915684109554e-05
5.572789115646259,90.30717,5.5684897233732045e-05
5.596009070294785,90.0,5.1153860113117844e-05
5.61922902494331,89.8167,5.156016050023027e-05
5.642448979591837,148.23529,5.7403871323913336e-05
5.6656689342403626,65.14033,5.5506920034531504e-05
5.688888888888889,91.1157,5.593057721853256e-05
5.712108843537415,90.27636,5.6010354455793276e-05
5.735328798185941,91.68399,1.1839374565170147e-05
5.758548752834467,0.0,1.2892887752968818e-06
5.7817687074829935,0.0,6.57849341223482e-07
5.804988662131519,0.0,2.439410309307277e-07
5.828208616780046,0.0,9.159612091025338e-08
5.851428571428571,0.0,7.972721505211666e-08
5.874648526077098,0.0,4.75984052172862e-08
5.897868480725624,0.0,4.0126906242221594e-08
5.92108843537415,0.0,4.9169102567248046e-08
