0.0,0.0,9.653467714088038e-07
0.023219954648526078,0.0,8.903452908270992e-07
0.046439909297052155,0.0,8.678816811880097e-07
0.06965986394557823,0.0,7.945336619741283e-07
0.09287981859410431,0.0,1.3476237654685974e-06
0.11609977324263039,0.0,7.041526259854436e-07
0.13931972789115646,0.0,6.663722160737962e-07
0.16253968253968254,0.0,1.0750591172836721e-07
0.18575963718820862,0.0,8.81182131706737e-08
0.2089795918367347,0.0,6.424806997529231e-07
0.23219954648526078,0.0,5.042757038609125e-07
0.25541950113378686,0.0,7.170292519731447e-07
0.2786394557823129,0.0,5.547963155549951e-07
0.301859410430839,0.0,6.812688297941349e-07
0.3250793650793651,0.0,8.286006050184369e-07
0.3482993197278912,0.0,2.2310359781840816e-07
0.37151927437641724,0.0,8.898787200450897e-07
0.3947392290249433,360.0,7.339038711506873e-05
0.4179591836734694,356.92447,0.0002846122079063207
0.44117913832199546,353.55426,0.0004220454429741949
0.46439909297052157,352.42407,0.0005088009056635201
0.4876190476190476,350.7423,0.0005510159535333514
0.5108390022675737,351.11465,0.0005762415821664035
0.5340589569160998,353.17673,0.0006783560384064913
0.5572789115646258,352.8,0.0008159131393767893
0.5804988662131519,351.67465,0.0009456527186557651
0.603718820861678,353.9326,0.0010794969275593758
0.626938775510204,355.45407,0.0011884821578860283
0.6501587301587302,354.88196,0.0012527815997600555
0.6733786848072563,352.61194,0.0013570087030529976
0.6965986394557824,351.67465,0.0015485039912164211
0.7198185941043084,350.55643,0.001633483450859785
0.7430385487528345,348.8924,0.0016349516808986664
0.7662585034013606,348.52475,0.001642695046029985
0.7894784580498866,347.79178,0.0016176574863493443
0.8126984126984127,347.42645,0.0016228839522227645
0.8359183673469388,347.06192,0.0016053629806265235
0.8591383219954649,348.7085,0.0017549340846017003
0.8823582766439909,353.17673,0.002024724381044507
0.905578231292517,353.3654,0.002142578363418579
0.9287981859410431,346.69812,0.0017819456988945603
0.9520181405895691,339.978,0.0015237150946632028
0.9752380952380952,337.56152,0.0014153006486594677
0.9984580498866213,335.3612,0.0015559445600956678
1.0216780045351475,340.1653,0.0015897350385785103
1.0448979591836736,352.04895,0.0014195155818015337
1.0681179138321997,362.46576,0.0018261207733303308
1.0913378684807256,362.8634,0.0018419352127239108
1.1145578231292517,356.7961,0.0022450140677392483
1.1377777777777778,340.3528,0.0015866223257035017
1.1609977324263039,329.98398,0.001315878122113645
1.18421768707483,330.91547,0.0013793325051665306
1.207437641723356,336.45776,0.0015795007348060608
1.2306575963718822,348.1579,0.001369298086501658
1.253877551020408,357.18143,0.0017479765228927135
1.2770975056689342,357.3744,0.0019970512948930264
1.3003174603174603,350.18527,0.0016790817026048899
1.3235374149659864,338.67255,0.0014729795511811972
1.3467573696145125,340.54053,0.0015506685012951493
1.3699773242630386,342.3913,0.0015771129401400685
1.3931972789115648,350.92838,0.0016873572021722794
1.4164172335600906,364.27466,0.001935372594743967
1.4396371882086167,374.7212,0.0011937734670937061
1.4628571428571429,386.4433,0.001430971547961235
1.486077097505669,405.4624,0.0012944411719217896
1.509297052154195,419.7779,0.0012922778259962797
1.5325170068027212,425.85837,0.000859243213199079
1.5557369614512473,430.9446,0.0010043620131909847
1.5789569160997732,426.3158,0.0013155853375792503
1.6021768707482993,423.13434,0.0014651239616796374
1.6253968253968254,427.93665,0.0012385232839733362
1.6486167800453515,439.8425,0.0013509131968021393
1.6718367346938776,444.03815,0.0018362205009907484
1.6950566893424037,445.92868,0.0022202651016414165
1.7182766439909298,444.03815,0.002485088538378477
1.7414965986394557,436.63367,0.0020278869196772575
1.7647165532879818,430.9446,0.001582686323672533
1.787936507936508,432.35294,0.00179295486304909
1.811156462585034,438.46152,0.0017633456736803055
1.8343764172335602,444.50928,0.0024065845645964146
1.8575963718820863,452.53976,0.0032099797390401363
1.8808163265306124,453.47043,0.0032940544188022614
1.9040362811791383,450.22974,0.003253777977079153
1.9272562358276644,444.78064,0.003112947568297386
1.9504761904761905,434.37015,0.0020452826283872128
1.9736961451247166,436.17908,0.0017723081400617957
1.9969160997732427,441.69742,0.002084479434415698
2.020136054421769,444.50928,0.002706680679693818
2.043356009070295,447.59616,0.003693831618875265
2.066575963718821,451.1509,0.004562195390462875
2.089795918367347,452.07584,0.0045429072342813015
2.1130158730158732,448.5546,0.004232030361890793
2.1362358276643993,442.1636,0.0035336893051862717
2.159455782312925,441.23224,0.0027559902518987656
2.182675736961451,445.6915,0.0031207664869725704
2.2058956916099772,450.92023,0.003739616135135293
2.2291156462585033,454.14633,0.0039040057454258204
2.2523356009070294,455.34332,0.003915985114872456
2.2755555555555556,453.7037,0.0037945385556668043
2.2987755102040817,450.0,0.004230095539242029
2.3219954648526078,450.0,0.004425630904734135
2.345215419501134,457.23175,0.0048791225999593735
2.36843537414966,476.2419,0.006349057890474796
2.391655328798186,487.93466,0.004482162185013294
2.414875283446712,503.42465,0.0025367424823343754
2.4380952380952383,523.3746,0.0022574651520699263
2.4613151927437644,530.79236,0.0024795089848339558
2.48453514739229,529.108,0.002908597933128476
2.507755102040816,526.90906,0.0034366496838629246
2.5309750566893423,525.2719,0.0037322903517633677
2.5541950113378684,527.8564,0.004285129718482494
2.5774149659863945,528.28125,0.004972632508724928
2.6006349206349206,529.108,0.005776208825409412
2.6238548752834467,533.8421,0.006428620778024197
2.647074829931973,527.4571,0.0070574358105659485
2.670294784580499,525.0,0.007647976744920015
2.693514739229025,524.18604,0.00841484870761633
2.716734693877551,519.6209,0.009871582500636578
2.7399546485260773,523.7011,0.010439148172736168
2.7631746031746034,522.2966,0.010573266074061394
2.7863945578231295,528.5565,0.011190509423613548
2.809614512471655,537.51984,0.013752497732639313
2.8328344671201813,532.1267,0.015100972726941109
2.8560544217687074,518.0286,0.014230050146579742
2.8792743764172335,517.76416,0.014047744683921337
2.9024943310657596,520.9553,0.014318080618977547
2.9257142857142857,516.9725,0.010593194514513016
2.948934240362812,522.8351,0.009020581841468811
2.972154195011338,534.40466,0.008849811740219593
2.995374149659864,535.2507,0.01114107109606266
3.01859410430839,530.49164,0.011406725272536278
3.0418140589569163,526.63556,0.011341491714119911
3.0650340136054424,538.3758,0.0135243721306324
3.0882539682539685,536.9508,0.014121461659669876
3.1114739229024946,526.08923,0.013833590783178806
3.1346938775510207,525.26056,0.01325109414756298
3.1579138321995464,515.5154,0.012142399325966835
3.1811337868480725,525.81647,0.01291573978960514
3.2043537414965986,532.7206,0.01575101912021637
3.2275736961451247,531.88257,0.015362979844212532
3.250793650793651,529.9373,0.014920854941010475
3.274013605442177,527.4571,0.014070024713873863
3.297233560090703,530.21436,0.013871736824512482
3.320453514739229,524.43243,0.01315517071634531
3.3436734693877552,523.10474,0.01268932968378067
3.3668934240362813,533.8421,0.014637302607297897
3.3901133786848074,539.17474,0.01238221861422062
3.4133333333333336,547.5427,0.011201167479157448
3.4365532879818597,566.5468,0.01045982725918293
3.4597732426303858,571.98444,0.00689797243103385
3.4829931972789114,222.39032,0.0046478379517793655
3.5062131519274375,653.7736,0.007898906245827675
3.5294331065759637,670.5524,0.009754583239555359
3.5526530612244898,681.32025,0.00628386065363884
3.575873015873016,693.39624,0.0033781323581933975
3.599092970521542,698.6139,0.0025754105299711227
3.622312925170068,700.6951,0.0024485562462359667
3.645532879818594,698.5692,0.0027332226745784283
3.6687528344671203,695.37134,0.0033859843388199806
3.6919727891156464,692.2025,0.00411578081548214
3.7151927437641725,690.4545,0.004828851670026779
3.7384126984126986,689.7578,0.005127312615513802
3.7616326530612247,694.3118,0.0037227580323815346
3.784852607709751,700.0,0.003178593935444951
3.8080725623582765,702.15717,0.0038146390579640865
3.8312925170068026,703.96497,0.004583699628710747
3.8545124716553287,705.6,0.005660064518451691
3.877732426303855,705.7821,0.006563167087733746
3.900952380952381,703.2407,0.006651603616774082
3.924172335600907,699.2839,0.007147736847400665
3.947392290249433,697.1443,0.007967481389641762
3.9706122448979593,696.789,0.008015794679522514
3.9938321995464854,699.2839,0.007403758354485035
4.017052154195011,701.39166,0.008253802545368671
4.040272108843538,701.7967,0.008773066103458405
4.063492063492063,700.3586,0.008745372295379639
4.08671201814059,700.3586,0.008373651653528214
4.1099319727891155,702.87915,0.00878734141588211
4.133151927437642,705.41797,0.011258802376687527
4.156371882086168,710.21643,0.016475563868880272
4.179591836734694,712.77374,0.021734539419412613
4.20281179138322,713.44794,0.02407006174325943
4.2260317460317465,710.5509,0.02141202986240387
4.249251700680272,701.7967,0.013919967226684093
4.272471655328799,694.6646,0.013558724895119667
4.295691609977324,691.50226,0.016032231971621513
4.31891156462585,689.7578,0.01763935387134552
4.342131519274377,693.9594,0.015835313126444817
4.365351473922902,703.6027,0.016307614743709564
4.388571428571429,708.78955,0.02020968124270439
4.4117913832199545,703.2407,0.016085082665085793
4.435011337868481,695.7252,0.014335248619318008
4.458231292517007,689.0625,0.018471181392669678
4.481451247165533,684.2342,0.018273411318659782
4.504671201814059,683.89197,0.017758455127477646
4.527891156462585,689.7578,0.01481256540864706
4.551111111111111,698.9264,0.01261722669005394
4.574331065759638,697.856,0.018175436183810234
4.597551020408163,674.47064,0.025303175672888756
4.62077097505669,550.14966,0.016571510583162308
4.6439909297052155,588.46155,0.014984825626015663
4.667210884353741,266.8107,0.010279800742864609
4.690430839002268,526.7101,0.006739811971783638
4.713650793650793,532.4409,0.005872616544365883
4.73687074829932,535.08594,0.004092639312148094
4.760090702947846,536.3829,0.005026502534747124
4.783310657596372,532.4409,0.00648110406473279
4.806530612244898,527.1829,0.006740518845617771
4.829750566893424,527.4571,0.007664513308554888
4.85297052154195,528.28125,0.0076759252697229385
4.876190476190477,526.63556,0.006028038449585438
4.899410430839002,524.18604,0.005189737305045128
4.922630385487529,523.9153,0.0049673146568238735
4.9458503401360545,524.7284,0.005264521576464176
4.96907029478458,526.36224,0.006234569009393454
4.992290249433107,528.28125,0.007485782727599144
5.015510204081632,529.72974,0.008508110418915749
5.038730158730159,528.8321,0.008032380603253841
5.061950113378685,525.0,0.007145396899431944
5.085170068027211,521.223,0.006314755883067846
5.108390022675737,519.8872,0.005917305126786232
5.131609977324263,521.8935,0.006005086936056614
5.154829931972789,525.54407,0.007097289431840181
5.178049886621316,528.0063,0.008153722621500492
5.201269841269841,530.21436,0.009333797730505466
5.224489795918368,531.59216,0.009136701934039593
5.2477097505668935,531.88257,0.010026236064732075
5.27092970521542,532.7206,0.011203370057046413
5.294149659863946,526.08923,0.010503193363547325
5.317369614512471,518.5583,0.008259305730462074
5.340589569160998,519.08905,0.007410659920424223
5.363809523809524,518.2933,0.0068282438442111015
5.38702947845805,516.1832,0.0065763890743255615
5.410249433106576,526.63556,0.008556267246603966
5.433469387755102,530.79236,0.010508278384804726
5.456689342403628,533.28076,0.011362618766725063
5.479909297052155,531.60376,0.01160600408911705
5.50312925170068,526.63556,0.009900497272610664
5.526349206349207,525.81647,0.008980907499790192
5.5495691609977325,523.3746,0.009027980268001556
5.572789115646259,518.2933,0.009269697591662407
5.596009070294785,521.223,0.009499573148787022
5.61922902494331,525.81647,0.010975280776619911
5.642448979591837,525.54407,0.012844925746321678
5.6656689342403626,533.73676,0.011868996545672417
5.688888888888889,526.08923,0.011203577741980553
5.712108843537415,591.7875,0.010053452104330063
5.735328798185941,532.75165,0.004871050827205181
5.758548752834467,459.13586,0.00377707090228796
5.7817687074829935,450.0,0.004272762686014175
5.804988662131519,447.11847,0.004059120547026396
5.828208616780046,446.40384,0.003444565925747156
5.851428571428571,446.1305,0.003222328843548894
5.874648526077098,444.7452,0.0030597690492868423
5.897868480725624,440.768,0.002771328669041395
5.92108843537415,435.95212,0.0030131773091852665
5.944308390022676,434.48276,0.0032118987292051315
5.9675283446712015,437.31735,0.0027857301756739616
5.990748299319728,439.8425,0.002513106679543853
6.013968253968254,439.61176,0.002649424597620964
6.03718820861678,438.00314,0.002712522866204381
6.060408163265306,436.86133,0.002866049762815237
6.0836281179138325,438.07947,0.002888218965381384
6.106848072562358,439.8425,0.0029346139635890722
6.130068027210885,438.9209,0.003027067519724369
6.15328798185941,437.31735,0.003021116368472576
6.176507936507937,438.46152,0.002828509546816349
6.199727891156463,440.07355,0.0026113323401659727
6.222947845804989,439.8425,0.002651900751516223
6.246167800453515,439.15094,0.0027454099617898464
6.269387755102041,438.23224,0.0029451516456902027
6.292607709750567,437.31735,0.0030769105069339275
6.315827664399093,437.0892,0.0029390451963990927
6.339047619047619,436.87396,0.002731901593506336
6.362267573696145,437.7743,0.0025070272386074066
6.3854875283446715,439.15094,0.002304388675838709
6.408707482993197,440.07355,0.002293347381055355
6.431927437641724,441.23224,0.002275045495480299
6.455147392290249,442.1636,0.002557676751166582
6.478367346938776,442.1636,0.0026766457594931126
6.501587301587302,440.07355,0.00250362791121006
6.524807256235828,437.7743,0.0022190199233591557
6.548027210884354,437.11456,0.002115739043802023
6.57124716553288,438.46152,0.0020811508875340223
6.594467120181406,441.4647,0.002090626861900091
6.617687074829932,442.63077,0.002203715965151787
6.640907029478458,441.23224,0.0022124785464257
6.664126984126984,439.15094,0.002227333141490817
6.6873469387755105,438.46152,0.00199885293841362
6.710566893424036,438.6911,0.0018251409055665135
6.733786848072563,438.23224,0.0016536801122128963
6.757006802721088,437.5457,0.0015936719719320536
6.780226757369615,438.56354,0.0016597522189840674
6.8034467120181406,437.31735,0.001522875507362187
6.826666666666667,430.9446,0.0014548259787261486
6.849886621315193,416.26874,0.0016433929558843374
6.873106575963719,274.33905,0.0011567368637770414
6.896326530612245,274.1969,0.001449905103072524
6.9195464852607715,351.48776,0.001566804712638259
6.942766439909297,347.42645,0.001212728675454855
6.965986394557823,347.97476,0.0011164969764649868
6.989206349206349,350.18527,0.0008457751828245819
7.012426303854875,352.39725,0.000863080786075443
7.035646258503402,352.42407,0.0008786168182268739
7.058866213151927,354.50162,0.0008971326751634479
7.082086167800454,355.07248,0.0009732072940096259
7.1053061224489795,352.04895,0.0008404412656091154
7.128526077097506,347.43948,0.0006786966696381569
7.151746031746032,344.53125,0.0006041842279955745
7.174965986394558,348.02707,0.0005649668164551258
7.198185941043084,352.04895,0.0006220656214281917
7.2214058956916105,351.67465,0.0006489825900644064
7.244625850340136,346.8799,0.000581995234824717
7.267845804988662,340.9794,0.0005634817644022405
7.291065759637188,341.33127,0.0005872589536011219
7.314285714285714,343.27972,0.0005705658113583922
7.337505668934241,347.97476,0.0005001460667699575
7.360725623582766,354.31174,0.0005969738122075796
7.383945578231293,356.02798,0.0006571102421730757
7.4071655328798185,352.42407,0.000616595905739814
7.430385487528345,347.43948,0.0005610284279100597
7.453605442176871,342.61932,0.0005250258254818618
7.476825396825397,340.1653,0.0005307511892169714
7.500045351473923,341.29355,0.0005302494391798973
7.5232653061224495,347.43948,0.0004637528909370303
7.546485260770975,354.12207,0.0005483911372721195
7.569705215419502,352.98825,0.0006386439781636
7.592925170068027,346.8799,0.0005270963301882148
7.616145124716553,340.9794,0.00047708480269648135
7.63936507936508,338.48682,0.0005138103733770549
7.662585034013605,338.8584,0.000535561062861234
7.685804988662132,339.978,0.00046388464397750795
7.7090249433106575,347.63513,0.0003688526339828968
7.732244897959184,352.23642,0.000451928935945034
7.75546485260771,350.92838,0.0004911110736429691
7.778684807256236,345.9728,0.00040897566941566765
7.801904761904762,342.92377,0.0003546543885022402
7.8251247165532885,340.9794,0.0003385861637070775
7.848344671201814,341.33127,0.00036475551314651966
7.871564625850341,342.7461,0.000361898448318243
7.894784580498866,348.1579,0.0003355593071319163
7.918004535147393,352.61194,0.000372003938537091
7.9412244897959186,351.30112,0.0004049713897984475
7.964444444444444,346.8799,0.0003369593759998679
7.987664399092971,342.92377,0.0002886571455746889
8.010884353741497,341.33127,0.0002761670621111989
8.034104308390022,342.92377,0.00027541123563423753
8.057324263038549,347.79178,0.0002519212430343032
8.080544217687075,354.69168,0.0003024896141141653
8.103764172335602,357.99088,0.0003710434539243579
8.126984126984127,352.98825,0.000339023070409894
8.150204081632653,343.63638,0.00023547213640995324
8.17342403628118,339.75345,0.00020672750542871654
8.196643990929706,341.6839,0.00019066731329075992
8.219863945578231,347.97476,0.00016698174295015633
8.243083900226758,354.88196,0.00020765243971254677
8.266303854875284,357.95456,0.00024147602380253375
8.289523809523809,356.00403,0.000216238375287503
8.312743764172335,349.76868,0.0001277683477383107
8.335963718820862,341.41934,6.294275226537138e-05
8.359183673469389,335.04272,2.9584634830825962e-05
8.382403628117913,333.14447,1.1630906556092668e-05
8.40562358276644,0.0,1.0106314221047796e-06
8.428843537414966,0.0,7.376447683782317e-07
8.452063492063493,0.0,6.890259101055562e-07
8.475283446712018,0.0,3.636941983131692e-07
8.498503401360544,0.0,2.8392514650477096e-07
8.52172335600907,0.0,2.465185389155522e-07
8.544943310657597,0.0,2.0255720301065594e-07
8.568163265306122,0.0,1.9349590729689226e-07
8.591383219954649,0.0,2.750048224697821e-07
8.614603174603175,0.0,3.780414772336371e-07
8.6378231292517,0.0,4.970243026036769e-07
8.661043083900227,0.0,3.265531631768681e-07
