0.0,0.0,1.1575029930099845e-06
0.023219954648526078,0.0,4.6449258661596105e-07
0.046439909297052155,0.0,3.948835001210682e-07
0.06965986394557823,0.0,3.7633435567840934e-07
0.09287981859410431,0.0,5.631700332742184e-07
0.11609977324263039,0.0,5.554420567932539e-07
0.13931972789115646,0.0,5.340889401850291e-07
0.16253968253968254,0.0,7.433891369146295e-07
0.18575963718820862,0.0,1.2186683306936175e-07
0.2089795918367347,0.0,3.0613427952630445e-06
0.23219954648526078,357.08502,0.00018258628551848233
0.25541950113378686,351.23892,0.0005687607917934656
0.2786394557823129,348.52475,0.0005922777345404029
0.301859410430839,346.15384,0.0008387665147893131
0.3250793650793651,344.7108,0.0009455536492168903
0.3482993197278912,347.79178,0.0008708792738616467
0.37151927437641724,351.11465,0.0008887480944395065
0.3947392290249433,351.30112,0.0009705648990347981
0.4179591836734694,350.18527,0.001187387271784246
0.44117913832199546,349.63004,0.0015659031923860312
0.46439909297052157,350.92838,0.002147597260773182
0.4876190476190476,353.50702,0.002634597010910511
0.5108390022675737,355.07248,0.0031643942929804325
0.5340589569160998,356.98868,0.00486532598733902
0.5572789115646258,360.0,0.008286151103675365
0.5804988662131519,360.18378,0.008850863203406334
0.603718820861678,355.64517,0.006362671032547951
0.626938775510204,277.3585,0.003696420229971409
0.6501587301587302,340.8037,0.0043317093513906
0.6733786848072563,340.9794,0.004893655423074961
0.6965986394557824,349.0765,0.0045774513855576515
0.7198185941043084,357.56757,0.0054739248007535934
0.7430385487528345,359.44983,0.006947589106857777
0.7662585034013606,356.6038,0.006265102885663509
0.7894784580498866,352.61194,0.004515566863119602
0.8126984126984127,347.42645,0.004365882836282253
0.8359183673469388,345.25052,0.0055788373574614525
0.8591383219954649,347.42645,0.004946566186845303
0.8823582766439909,352.8,0.004636802710592747
0.905578231292517,355.28702,0.00546460784971714
0.9287981859410431,352.61194,0.004828706383705139
0.9520181405895691,347.24408,0.00461350055411458
0.9752380952380952,342.7461,0.0055475966073572636
0.9984580498866213,343.45795,0.005099167115986347
1.0216780045351475,352.98825,0.004507666453719139
1.0448979591836736,362.4037,0.007006707601249218
1.0681179138321997,365.78537,0.004902660846710205
1.0913378684807256,366.73596,0.0053546070121228695
1.1145578231292517,362.58994,0.007087106816470623
1.1377777777777778,355.45407,0.005172996316105127
1.1609977324263039,355.466,0.0037952400743961334
1.18421768707483,361.66068,0.0055904388427734375
1.207437641723356,372.1519,0.0032524592243134975
1.2306575963718822,385.05392,0.0030877399258315563
1.253877551020408,397.92993,0.002455916255712509
1.2770975056689342,405.7038,0.0014265563804656267
1.3003174603174603,383.6868,0.0018043160671368241
1.3235374149659864,433.4713,0.002426078077405691
1.3467573696145125,427.69394,0.00265504140406847
1.3699773242630386,426.08694,0.002883981680497527
1.3931972789115648,426.84668,0.0030389472376555204
1.4164172335600906,431.24033,0.0038785720244050026
1.4396371882086167,448.07486,0.005588768050074577
1.4628571428571429,439.46188,0.0067524597980082035
1.486077097505669,436.86133,0.008113621734082699
1.509297052154195,431.6847,0.009679722599685192
1.5325170068027212,425.85837,0.009226510301232338
1.5557369614512473,426.3158,0.00945635512471199
1.5789569160997732,433.24716,0.012187214568257332
1.6021768707482993,440.07355,0.015419865027070045
1.6253968253968254,444.9814,0.020341986790299416
1.6486167800453515,446.80853,0.028350550681352615
1.6718367346938776,445.45456,0.032429419457912445
1.6950566893424037,442.1636,0.030240118503570557
1.7182766439909298,437.31735,0.02334224060177803
1.7414965986394557,425.11417,0.01939440332353115
1.7647165532879818,434.59543,0.020002365112304688
1.787936507936508,438.80597,0.020875606685876846
1.811156462585034,442.39703,0.022600354626774788
1.8343764172335602,445.45456,0.026169486343860626
1.8575963718820863,446.58228,0.028430894017219543
1.8808163265306124,443.2161,0.025936193764209747
1.9040362811791383,435.49896,0.018932335078716278
1.9272562358276644,432.57617,0.01793808490037918
1.9504761904761905,433.69565,0.016472753137350082
1.9736961451247166,436.86133,0.015789661556482315
1.9969160997732427,441.2206,0.016400624066591263
2.020136054421769,443.66196,0.020062342286109924
2.043356009070295,444.50928,0.02578936330974102
2.066575963718821,446.58228,0.030803080648183823
2.089795918367347,450.22974,0.027049977332353592
2.1130158730158732,457.23175,0.01576729491353035
2.1362358276643993,467.72726,0.014145556837320328
2.159455782312925,470.10153,0.008799063041806221
2.182675736961451,498.0493,0.005025920458137989
2.2058956916099772,659.90717,0.008022284135222435
2.2291156462585033,746.3077,0.006496953312307596
2.2523356009070294,554.29865,0.007741656620055437
2.2755555555555556,531.59216,0.010581542737782001
2.2987755102040817,518.82355,0.014151036739349365
2.3219954648526078,514.8731,0.015259836800396442
2.345215419501134,509.4425,0.014936650171875954
2.36843537414966,530.26056,0.014761620201170444
2.391655328798186,679.8561,0.021432049572467804
2.414875283446712,944.0367,0.024646025151014328
2.4380952380952383,909.04974,0.0236550010740757
2.4613151927437644,556.5371,0.02691533789038658
2.48453514739229,623.63635,0.03366062417626381
2.507755102040816,862.5376,0.03756805509328842
2.5309750566893423,807.3726,0.02796357497572899
2.5541950113378684,587.09674,0.017870379611849785
2.5774149659863945,506.1033,0.017551224678754807
2.6006349206349206,709.9163,0.03179983049631119
2.6238548752834467,851.1737,0.03351597860455513
2.647074829931973,669.8734,0.025280311703681946
2.670294784580499,528.8321,0.022829920053482056
2.693514739229025,526.90906,0.03309737890958786
2.716734693877551,508.16635,0.029924973845481873
2.7399546485260773,499.15112,0.02007504552602768
2.7631746031746034,506.89655,0.014747893437743187
2.7863945578231295,520.4207,0.022292502224445343
2.809614512471655,527.1829,0.025149965658783913
2.8328344671201813,524.4571,0.02574973925948143
2.8560544217687074,528.28125,0.03348347544670105
2.8792743764172335,524.7284,0.042259685695171356
2.9024943310657596,507.15002,0.029055658727884293
2.9257142857142857,497.2516,0.02054854854941368
2.948934240362812,510.21127,0.01999744027853012
2.972154195011338,532.1267,0.03249398618936539
2.995374149659864,533.8421,0.04515187814831734
3.01859410430839,527.8803,0.0522763729095459
3.0418140589569163,527.0917,0.05170862749218941
3.0650340136054424,511.30435,0.02980317920446396
3.0882539682539685,300.0,0.017901036888360977
3.1114739229024946,535.9892,0.03141649439930916
3.1346938775510207,538.0902,0.04898616299033165
3.1579138321995464,526.08923,0.04610332101583481
3.1811337868480725,554.5775,0.058496154844760895
3.2043537414965986,569.17914,0.04175888001918793
3.2275736961451247,569.31476,0.012495766393840313
3.250793650793651,142.94975,0.007411213591694832
3.274013605442177,625.3677,0.006845921743661165
3.297233560090703,618.86694,0.00922427512705326
3.320453514739229,670.2127,0.007535222917795181
3.3436734693877552,670.5524,0.006191164720803499
3.3668934240362813,671.2329,0.005074935033917427
3.3901133786848074,675.34454,0.004330188035964966
3.4133333333333336,681.1659,0.00342115992680192
3.4365532879818597,685.6069,0.0033815018832683563
3.4597732426303858,684.2342,0.004304306581616402
3.4829931972789114,682.66254,0.00529388478025794
3.5062131519274375,681.6074,0.007682410534471273
3.5294331065759637,681.6074,0.010167337954044342
3.5526530612244898,686.29517,0.00931935478001833
3.575873015873016,691.7647,0.005964722950011492
3.599092970521542,698.2682,0.005182795226573944
3.622312925170068,702.87915,0.005661601200699806
3.645532879818594,707.2426,0.00768258748576045
3.6687528344671203,707.3684,0.008796236477792263
3.6919727891156464,705.05414,0.009045365266501904
3.7151927437641725,701.0769,0.009298218414187431
3.7384126984126986,691.60516,0.017842929810285568
3.7616326530612247,685.73724,0.023341722786426544
3.784852607709751,681.5055,0.020447559654712677
3.8080725623582765,684.9198,0.01628326065838337
3.8312925170068026,693.25555,0.011522024869918823
3.8545124716553287,699.2839,0.008601309731602669
3.877732426303855,702.439,0.010347338393330574
3.900952380952381,705.05414,0.012683427892625332
3.924172335600907,706.66,0.015478022396564484
3.947392290249433,704.5432,0.013642414472997189
3.9706122448979593,701.7967,0.011240281164646149
3.9938321995464854,698.5692,0.01151096448302269
4.017052154195011,695.01776,0.015656959265470505
4.040272108843538,693.6073,0.01739988476037979
4.063492063492063,693.25555,0.02022843062877655
4.08671201814059,695.7252,0.016447173431515694
4.1099319727891155,702.518,0.0141588244587183
4.133151927437642,706.30634,0.020116321742534637
4.156371882086168,703.8404,0.01754016987979412
4.179591836734694,698.9264,0.01632252335548401
4.20281179138322,690.5338,0.031163301318883896
4.2260317460317465,686.6399,0.03645359352231026
4.249251700680272,686.29517,0.03138451278209686
4.272471655328799,690.8034,0.025538431480526924
4.295691609977324,676.0348,0.0151996910572052
4.31891156462585,703.13904,0.017086852341890335
4.342131519274377,699.2839,0.015371417626738548
4.365351473922902,686.9159,0.02902945503592491
4.388571428571429,683.55,0.03219117969274521
4.4117913832199545,680.90576,0.025758344680070877
4.435011337868481,681.9588,0.02177051268517971
4.458231292517007,684.07446,0.019779270514845848
4.481451247165533,679.1356,0.02642488107085228
4.504671201814059,659.85034,0.026222407817840576
4.527891156462585,628.07733,0.032377637922763824
4.551111111111111,488.2867,0.06090027466416359
4.574331065759638,579.7183,0.02443959191441536
4.597551020408163,552.63153,0.010984357446432114
4.62077097505669,470.3403,0.01814141497015953
4.6439909297052155,522.0752,0.0086981151252985
4.667210884353741,431.24033,0.006788893602788448
4.690430839002268,526.90906,0.008868061006069183
4.713650793650793,529.4647,0.009570309892296791
4.73687074829932,530.5263,0.009735440835356712
4.760090702947846,531.3253,0.010612443089485168
4.783310657596372,531.3253,0.01125437580049038
4.806530612244898,528.6713,0.010888872668147087
4.829750566893424,524.18604,0.008574293926358223
4.85297052154195,522.2966,0.007297729142010212
4.876190476190477,522.0278,0.007686039432883263
4.899410430839002,521.491,0.007889878004789352
4.922630385487529,521.223,0.00742895994335413
4.9458503401360545,523.1834,0.00769810751080513
4.96907029478458,524.4571,0.008043359965085983
4.992290249433107,526.08923,0.008501247502863407
5.015510204081632,527.73157,0.010218515992164612
5.038730158730159,527.0917,0.011108959093689919
5.061950113378685,525.0,0.011900204233825207
5.085170068027211,522.2966,0.011239483952522278
5.108390022675737,520.4207,0.010779243893921375
5.131609977324263,518.2933,0.00992877222597599
5.154829931972789,518.5583,0.009949409402906895
5.178049886621316,519.6209,0.010672345757484436
5.201269841269841,519.6209,0.011299674399197102
5.224489795918368,520.68787,0.0119345523416996
5.2477097505668935,523.3746,0.013775108382105827
5.27092970521542,524.73975,0.015941739082336426
5.294149659863946,523.9604,0.01938140019774437
5.317369614512471,520.68787,0.0210198312997818
5.340589569160998,516.9725,0.022503800690174103
5.363809523809524,515.6584,0.023101015016436577
5.38702947845805,518.2933,0.02076532319188118
5.410249433106576,522.8351,0.02059541642665863
5.433469387755102,525.54407,0.02307349443435669
5.456689342403628,525.2719,0.02831946313381195
5.479909297052155,520.4207,0.028055768460035324
5.50312925170068,515.6584,0.021696656942367554
5.526349206349207,512.7907,0.017525039613246918
5.5495691609977325,507.15002,0.014085441827774048
5.572789115646259,497.79373,0.01306186057627201
5.596009070294785,481.21588,0.02904919534921646
5.61922902494331,465.61084,0.026724742725491524
5.642448979591837,450.68985,0.031971994787454605
5.6656689342403626,444.2736,0.02578648179769516
5.688888888888889,443.43893,0.01909400336444378
5.712108843537415,444.03815,0.01782817579805851
5.735328798185941,441.9304,0.015918001532554626
5.758548752834467,439.68094,0.013604252599179745
5.7817687074829935,439.0244,0.012624917551875114
5.804988662131519,439.8425,0.012797314673662186
5.828208616780046,440.5363,0.013131688348948956
5.851428571428571,439.61176,0.013221444562077522
5.874648526077098,436.84995,0.010770704597234726
5.897868480725624,435.27274,0.010186896659433842
5.92108843537415,436.17908,0.011412485502660275
5.944308390022676,438.46152,0.012471562251448631
5.9675283446712015,440.30478,0.01239212416112423
5.990748299319728,441.4647,0.012580777518451214
6.013968253968254,442.10526,0.012558380141854286
6.03718820861678,441.69742,0.012931248173117638
6.060408163265306,440.30478,0.014832671731710434
6.0836281179138325,436.17908,0.015453338623046875
6.106848072562358,430.7969,0.013387005776166916
6.130068027210885,430.35437,0.013384680263698101
6.15328798185941,433.24716,0.013585973531007767
6.176507936507937,435.49896,0.012581679970026016
6.199727891156463,438.36978,0.012731034308671951
6.222947845804989,442.1636,0.012927498668432236
6.246167800453515,444.9814,0.01332763396203518
6.269387755102041,447.03497,0.013318791054189205
6.292607709750567,446.35626,0.015819760039448738
6.315827664399093,443.0989,0.019294176250696182
6.339047619047619,438.9209,0.01961384154856205
6.362267573696145,436.20178,0.017150375992059708
6.3854875283446715,435.95212,0.015786094591021538
6.408707482993197,438.9209,0.015304597094655037
6.431927437641724,443.56802,0.014700192958116531
6.455147392290249,447.03497,0.014273240230977535
6.478367346938776,447.26166,0.01546178013086319
6.501587301587302,443.3333,0.01771559938788414
6.524807256235828,439.61176,0.015369268134236336
6.548027210884354,438.80597,0.014130668714642525
6.57124716553288,439.61176,0.013665542006492615
6.594467120181406,440.768,0.014440384693443775
6.617687074829932,443.3333,0.015612917020916939
6.640907029478458,444.55646,0.015101339668035507
6.664126984126984,442.8647,0.01281757652759552
6.6873469387755105,439.07904,0.007288171909749508
6.710566893424036,434.17722,0.001057094195857644
6.733786848072563,267.6783,0.0014480467652902007
6.757006802721088,481.38263,0.002630113624036312
6.780226757369615,649.8948,0.004917243495583534
6.8034467120181406,698.5692,0.006474948488175869
6.826666666666667,694.3118,0.0051678819581866264
6.849886621315193,700.0,0.004152626730501652
6.873106575963719,704.32764,0.004758537746965885
6.896326530612245,697.2332,0.005138513166457415
6.9195464852607715,689.0625,0.005679449066519737
6.942766439909297,683.89197,0.005960463546216488
6.965986394557823,684.42834,0.006113947834819555
6.989206349206349,681.6074,0.006191683001816273
7.012426303854875,685.1372,0.005190867464989424
7.035646258503402,695.1724,0.0034161731600761414
7.058866213151927,702.439,0.0028430696111172438
7.082086167800454,704.8951,0.002596482867375016
7.1053061224489795,609.45276,0.003993012476712465
7.128526077097506,699.2839,0.004450596868991852
7.151746031746032,696.0794,0.004293573554605246
7.174965986394558,695.37134,0.003971748054027557
7.198185941043084,668.88074,0.0026138254906982183
7.2214058956916105,618.09875,0.001682179979979992
7.244625850340136,709.8131,0.0014400987420231104
7.267845804988662,703.8404,0.0014512051129713655
7.291065759637188,704.5432,0.0016800768207758665
7.314285714285714,693.9594,0.0021585056092590094
7.337505668934241,684.57684,0.0028073997236788273
7.360725623582766,683.3678,0.002806716598570347
7.383945578231293,683.01495,0.0021552550606429577
7.4071655328798185,678.7984,0.001593892928212881
7.430385487528345,684.57684,0.0010715419193729758
7.453605442176871,689.7578,0.0010224753059446812
7.476825396825397,698.6139,0.0011140680871903896
7.500045351473923,704.69073,0.0012638824991881847
7.5232653061224495,701.0769,0.0012526977807283401
7.546485260770975,699.2839,0.001000446849502623
7.569705215419502,698.9264,0.0007843947387300432
7.592925170068027,699.2839,0.0006584598449990153
7.616145124716553,703.2407,0.0006057785940356553
7.63936507936508,706.87695,0.0006030339282006025
7.662585034013605,700.3474,0.000621249433606863
7.685804988662132,691.50226,0.0006475481786765158
7.7090249433106575,688.02216,0.0006304990965873003
7.732244897959184,682.1856,0.0006411272333934903
7.75546485260771,677.45294,0.0006266675773076713
7.778684807256236,662.2994,0.0005116875981912017
7.801904761904762,554.4264,0.00035695030237548053
7.8251247165532885,419.15958,0.0003515766584314406
7.848344671201814,357.3744,0.0004869578406214714
7.871564625850341,353.3654,0.00041813234565779567
7.894784580498866,414.73352,0.000392191723221913
7.918004535147393,520.4936,0.00035178184043616056
7.9412244897959186,437.71713,0.00026024371618404984
7.964444444444444,337.19278,0.00025633617769926786
7.987664399092971,343.81497,0.00021763742552138865
8.010884353741497,344.53125,0.0001697608968243003
8.034104308390022,357.56757,0.00024002796271815896
8.057324263038549,354.69168,0.00023132983187679201
8.080544217687075,355.07248,0.00021051624207757413
8.103764172335602,341.10495,0.00020147480245213956
8.126984126984127,330.51392,0.00016812195826787502
8.150204081632653,332.29282,0.0001253152295248583
8.17342403628118,343.5726,8.115434320643544e-05
8.196643990929706,359.2668,8.604888716945425e-05
8.219863945578231,357.56757,0.00014071787882130593
8.243083900226758,357.56757,0.00017538887914270163
8.266303854875284,352.42407,0.00014026799181010574
8.289523809523809,345.0704,0.00010019895853474736
8.312743764172335,333.08157,8.397630881518126e-05
8.335963718820862,338.0174,6.653506716247648e-05
8.359183673469389,340.45288,4.905354217044078e-05
8.382403628117913,323.92447,3.7235760828480124e-05
8.40562358276644,356.02798,4.7173241910059005e-05
8.428843537414966,347.9914,2.8717739041894674e-05
8.452063492063493,0.0,3.4008617149083875e-06
8.475283446712018,0.0,1.6429730749223381e-06
8.498503401360544,0.0,1.2700811566901393e-06
8.52172335600907,0.0,1.562791112519335e-06
8.544943310657597,0.0,1.369357960356865e-06
8.568163265306122,0.0,4.934399839839898e-07
8.591383219954649,0.0,3.642353476607241e-07
8.614603174603175,0.0,1.0806525096995756e-07
8.6378231292517,0.0,5.2668838179670274e-08
8.661043083900227,0.0,3.1533090805169195e-07
8.684263038548753,0.0,2.7723308448912576e-07
8.70748299319728,0.0,8.603610694990493e-07
8.730702947845804,0.0,3.867171471938491e-07
8.753922902494331,0.0,1.8953414837596938e-07
8.777142857142858,0.0,3.1976196623872966e-07
8.800362811791384,0.0,2.8067006496712565e-07
