0.0,0.0,9.485574992140755e-08
0.023219954648526078,0.0,1.481466824770905e-07
0.046439909297052155,0.0,6.959726306376979e-08
0.06965986394557823,0.0,8.136339602060616e-08
0.09287981859410431,0.0,5.1467395678628236e-08
0.11609977324263039,0.0,9.297764336224645e-08
0.13931972789115646,0.0,1.7597631085664034e-07
0.16253968253968254,256.2914,0.0001315818662988022
0.18575963718820862,260.44922,0.0005253530689515173
0.2089795918367347,264.70035,0.0006954281125217676
0.23219954648526078,267.72058,0.0006730278837494552
0.25541950113378686,262.14645,0.000649143592454493
0.2786394557823129,255.87666,0.0008259143796749413
0.301859410430839,256.868,0.0014101548586040735
0.3250793650793651,261.6912,0.001987606519833207
0.3482993197278912,267.92505,0.0017098300158977509
0.37151927437641724,273.43906,0.0007757346611469984
0.3947392290249433,270.8066,0.0004112005699425936
0.4179591836734694,261.555,0.0004268425109330565
0.44117913832199546,270.93637,0.0007588208536617458
0.46439909297052157,316.47034,0.0016851932741701603
0.4876190476190476,351.97992,0.004088591784238815
0.5108390022675737,364.2062,0.004436668939888477
0.5340589569160998,367.9615,0.004041947424411774
0.5572789115646258,356.2209,0.00248992582783103
0.5804988662131519,348.21988,0.003539753844961524
0.603718820861678,355.09552,0.0074723875150084496
0.626938775510204,377.91312,0.010906783863902092
0.6501587301587302,404.3251,0.011985799297690392
0.6733786848072563,415.73526,0.009766523726284504
0.6965986394557824,417.18872,0.01194898970425129
0.7198185941043084,411.50153,0.011323817074298859
0.7430385487528345,412.8036,0.00763576989993453
0.7662585034013606,437.86063,0.00600240845233202
0.7894784580498866,484.40372,0.007848886772990227
0.8126984126984127,526.6842,0.015832209959626198
0.8359183673469388,550.47876,0.017850495874881744
0.8591383219954649,552.1419,0.019957322627305984
0.8823582766439909,528.92883,0.013134094886481762
0.905578231292517,508.9026,0.011175796389579773
0.9287981859410431,506.72278,0.018784917891025543
0.9520181405895691,518.4774,0.02820206806063652
0.9752380952380952,533.9383,0.030332375317811966
0.9984580498866213,536.07196,0.015451833605766296
1.0216780045351475,506.42966,0.007621181197464466
1.0448979591836736,436.77982,0.007470344193279743
1.0681179138321997,409.6775,0.009126018732786179
1.0913378684807256,402.26453,0.009155092760920525
1.1145578231292517,410.9738,0.008486364036798477
1.1377777777777778,422.5713,0.007512940093874931
1.1609977324263039,424.57364,0.008727287873625755
1.18421768707483,411.38904,0.007179812993854284
1.207437641723356,368.8078,0.0024847001768648624
1.2306575963718822,313.1696,0.001819099998101592
1.253877551020408,304.63046,0.0020558787509799004
1.2770975056689342,312.81308,0.0020940136164426804
1.3003174603174603,328.36456,0.002104987856000662
1.3235374149659864,336.81308,0.001781175029464066
1.3467573696145125,320.82425,0.0013625422725453973
1.3699773242630386,287.60254,0.001193559030070901
1.3931972789115648,263.0528,0.0008345769019797444
1.4164172335600906,248.65186,0.0008818236528895795
1.4396371882086167,253.99586,0.001177132478915155
1.4628571428571429,267.65015,0.0012262959498912096
1.486077097505669,273.93436,0.001098791602998972
1.509297052154195,271.15247,0.0008926184382289648
1.5325170068027212,253.45674,0.0006612750003114343
1.5557369614512473,238.69676,0.000517645210493356
1.5789569160997732,229.98007,0.0005661436589434743
1.6021768707482993,236.95914,0.000744999444577843
1.6253968253968254,252.80327,0.0010466675739735365
1.6486167800453515,264.8532,0.0009837906109169126
1.6718367346938776,264.37228,0.000664451508782804
1.6950566893424037,251.75487,0.0006080695893615484
1.7182766439909298,240.18724,0.0006078954902477562
1.7414965986394557,236.56857,0.0006229638820514083
1.7647165532879818,244.83022,0.0009814717341214418
1.787936507936508,265.61624,0.0011342577636241913
1.811156462585034,278.27786,0.0009924096520990133
1.8343764172335602,279.45135,0.0009096084395423532
1.8575963718820863,265.21005,0.0005336090689525008
1.8808163265306124,245.11015,0.0005517331883311272
1.9040362811791383,238.91698,0.0006216356414370239
1.9272562358276644,246.17484,0.0008685998036526144
1.9504761904761905,264.22174,0.0008784370729699731
1.9736961451247166,274.84967,0.0008159185526892543
1.9969160997732427,274.07486,0.0006924516055732965
2.020136054421769,262.55597,0.00047670589992776513
2.043356009070295,244.854,0.0004906837712042034
2.066575963718821,241.95174,0.0006258507492020726
2.089795918367347,252.21117,0.0007430657278746367
2.1130158730158732,272.09872,0.000745499855838716
2.1362358276643993,282.32034,0.0006705269915983081
2.159455782312925,280.7142,0.0005834155017510056
2.182675736961451,263.36935,0.00041538936784490943
2.2058956916099772,240.07242,0.00033069172059185803
2.2291156462585033,240.12119,0.00048280408373102546
2.2523356009070294,264.52637,0.00043366121826693416
2.2755555555555556,278.1253,0.0001341413299087435
2.2987755102040817,0.0,3.603328877943568e-06
2.3219954648526078,0.0,1.0225248843198642e-06
2.345215419501134,0.0,3.4852746466640383e-07
2.36843537414966,0.0,1.0484654922038317e-07
2.391655328798186,0.0,8.533243089914322e-08
2.414875283446712,0.0,1.718253770377487e-07
2.4380952380952383,0.0,2.2495623852591962e-07
2.4613151927437644,0.0,1.0307394404662773e-07
2.48453514739229,0.0,4.011235432699323e-08
2.507755102040816,0.0,7.471953722415492e-08
2.5309750566893423,0.0,5.787842383142561e-08
2.5541950113378684,0.0,4.6487912186421454e-08
