0.0,0.0,6.628579285461456e-08
0.023219954648526078,0.0,1.8216815078631043e-07
0.046439909297052155,0.0,5.146011972101405e-08
0.06965986394557823,0.0,1.2555483408505097e-07
0.09287981859410431,0.0,1.3093722373014316e-07
0.11609977324263039,0.0,1.8538958101999015e-07
0.13931972789115646,0.0,1.9355320546310395e-07
0.16253968253968254,0.0,1.1286920198472217e-07
0.18575963718820862,0.0,1.2385135050863028e-07
0.2089795918367347,0.0,5.24456481798552e-07
0.23219954648526078,256.70126,0.0001248515909537673
0.25541950113378686,260.50894,0.0002580092113930732
0.2786394557823129,261.11963,0.0003046563651878387
0.301859410430839,258.64874,0.0002590622170828283
0.3250793650793651,252.23355,0.00031520493212156
0.3482993197278912,252.84181,0.00047931636800058186
0.37151927437641724,264.38565,0.0008343384834006429
0.3947392290249433,566.4372,0.0006613994482904673
0.4179591836734694,594.4001,0.0005149765056557953
0.44117913832199546,607.47076,0.0005247953813523054
0.46439909297052157,603.5155,0.0005293470458127558
0.4876190476190476,597.44836,0.0005327035905793309
0.5108390022675737,309.76944,0.0006370326736941934
0.5340589569160998,333.1698,0.0010212836787104607
0.5572789115646258,347.04575,0.0012146029621362686
0.5804988662131519,350.38797,0.0012055931147187948
0.603718820861678,342.67346,0.0011140978895127773
0.626938775510204,333.28165,0.0009994609281420708
0.6501587301587302,334.59845,0.0013714407104998827
0.6733786848072563,351.6491,0.0017431044252589345
0.6965986394557824,367.29794,0.0017972210189327598
0.7198185941043084,376.05246,0.0018256081966683269
0.7430385487528345,370.49765,0.0016973724123090506
0.7662585034013606,361.42374,0.0016842897748574615
0.7894784580498866,360.84302,0.00193413021042943
0.8126984126984127,372.7523,0.0016108114505186677
0.8359183673469388,395.754,0.0027297865599393845
0.8591383219954649,408.2051,0.0027225539088249207
0.8823582766439909,403.52573,0.001985791604965925
0.905578231292517,390.0819,0.0023614983074367046
0.9287981859410431,385.092,0.0018971821991726756
0.9520181405895691,395.0284,0.0034092217683792114
0.9752380952380952,419.75354,0.006202857010066509
0.9984580498866213,444.55548,0.010065475478768349
1.0216780045351475,454.79654,0.011148142628371716
1.0448979591836736,455.00558,0.009806684218347073
1.0681179138321997,447.1028,0.008089638315141201
1.0913378684807256,442.96594,0.009536189958453178
1.1145578231292517,452.8243,0.008458821102976799
1.1377777777777778,482.45062,0.01269247755408287
1.1609977324263039,999.6393,0.018318137153983116
1.18421768707483,499.78455,0.012903112918138504
1.207437641723356,978.77673,0.010165002197027206
1.2306575963718822,966.67255,0.012375850230455399
1.253877551020408,490.78143,0.01938764378428459
1.2770975056689342,510.67685,0.041205164045095444
1.3003174603174603,536.5788,0.07456609606742859
1.3235374149659864,557.40955,0.09467791765928268
1.3467573696145125,561.2473,0.0834292322397232
1.3699773242630386,549.9994,0.0578790158033371
1.3931972789115648,544.2645,0.06141427904367447
1.4164172335600906,555.2163,0.07127875089645386
1.4396371882086167,592.4361,0.07448557019233704
1.4628571428571429,633.166,0.09010477364063263
1.486077097505669,644.76825,0.08584749698638916
1.509297052154195,619.4441,0.08532951772212982
1.5325170068027212,590.8901,0.08131416141986847
1.5557369614512473,580.92065,0.0813663974404335
1.5789569160997732,588.2639,0.086168572306633
1.6021768707482993,609.9779,0.11787011474370956
1.6253968253968254,622.9641,0.10324354469776154
1.6486167800453515,622.5548,0.08825668692588806
1.6718367346938776,574.87476,0.0820918083190918
1.6950566893424037,542.98114,0.06300146132707596
1.7182766439909298,530.3951,0.07255017757415771
1.7414965986394557,540.0577,0.0849408209323883
1.7647165532879818,555.9999,0.1079617440700531
1.787936507936508,561.3239,0.10302933305501938
1.811156462585034,549.6851,0.04541647806763649
1.8343764172335602,521.2353,0.019328009337186813
1.8575963718820863,500.672,0.02058849297463894
1.8808163265306124,502.09067,0.03219012916088104
1.9040362811791383,511.2525,0.03990855813026428
1.9272562358276644,518.12854,0.034101907163858414
1.9504761904761905,514.439,0.021844549104571342
1.9736961451247166,487.23325,0.014948615804314613
1.9969160997732427,444.1273,0.01208365336060524
2.020136054421769,437.15778,0.011424949392676353
2.043356009070295,441.11966,0.014063887298107147
2.066575963718821,454.05374,0.0112050361931324
2.089795918367347,465.61768,0.011071540415287018
2.1130158730158732,456.64725,0.009320019744336605
2.1362358276643993,421.76517,0.004601174499839544
2.159455782312925,393.70117,0.003315773094072938
2.182675736961451,384.51804,0.0028683654963970184
2.2058956916099772,391.8275,0.0036167772486805916
2.2291156462585033,403.563,0.004102836363017559
2.2523356009070294,406.96783,0.0032587808091193438
2.2755555555555556,392.88586,0.0030305041000247
2.2987755102040817,368.5416,0.002625100314617157
2.3219954648526078,344.99847,0.0021444479934871197
2.345215419501134,339.24036,0.0019978713244199753
2.36843537414966,347.31082,0.002634607022628188
2.391655328798186,359.98355,0.00265525933355093
2.414875283446712,364.01138,0.0023665446788072586
2.4380952380952383,353.7681,0.0019241616828367114
2.4613151927437644,336.2032,0.0015892672818154097
2.48453514739229,326.0481,0.0014681564643979073
2.507755102040816,328.58282,0.0013158927904441953
2.5309750566893423,335.81784,0.00127485953271389
2.5541950113378684,337.88455,0.0013960250653326511
2.5774149659863945,328.14267,0.0011796203907579184
2.6006349206349206,304.68555,0.0012824727455154061
2.6238548752834467,563.2159,0.0012806678423658013
2.647074829931973,552.7335,0.0012000203132629395
2.670294784580499,565.681,0.0007928177947178483
2.693514739229025,296.6002,0.0006895394762977958
2.716734693877551,606.19275,0.000734309374820441
2.7399546485260773,298.27237,0.0010132966563105583
2.7631746031746034,283.79883,0.0010754384566098452
2.7863945578231295,266.76718,0.0010866294614970684
2.809614512471655,260.33484,0.0009345000726170838
2.8328344671201813,261.74402,0.0009554186835885048
2.8560544217687074,533.43335,0.0009956024587154388
2.8792743764172335,268.19443,0.0009538010926917195
2.9024943310657596,265.74362,0.0009574322612024844
2.9257142857142857,258.47955,0.0007254748488776386
2.948934240362812,252.86554,0.0007724362658336759
2.972154195011338,256.67294,0.0008686922956258059
2.995374149659864,544.07635,0.0009902153396978974
3.01859410430839,561.41254,0.0009591670823283494
3.0418140589569163,566.8478,0.000963713857345283
3.0650340136054424,274.5417,0.0008614307153038681
3.0882539682539685,258.38876,0.0004967073327861726
3.1114739229024946,244.69617,0.0005472162156365812
3.1346938775510207,247.53273,0.0009404360316693783
3.1579138321995464,259.35645,0.0008678402518853545
3.1811337868480725,550.46906,0.0009184210211969912
3.2043537414965986,562.2408,0.0009986337972804904
3.2275736961451247,276.60907,0.0007776496931910515
3.250793650793651,262.35022,0.0004570084856823087
3.274013605442177,244.73386,0.0004001359920948744
3.297233560090703,243.06897,0.0007198538514785469
3.320453514739229,254.37296,0.0007557714125141501
3.3436734693877552,553.0335,0.0008197561837732792
3.3668934240362813,573.46313,0.0006369995535351336
3.3901133786848074,288.1429,0.0006408753106370568
3.4133333333333336,269.82254,0.0005685361102223396
3.4365532879818597,249.97034,0.00037805293686687946
3.4597732426303858,244.7744,0.0006105836946517229
3.4829931972789114,252.80943,0.0006798225222155452
3.5062131519274375,269.98517,0.0006276908097788692
3.5294331065759637,561.3126,0.0006000874564051628
3.5526530612244898,565.29,0.000505134288687259
3.575873015873016,271.46268,0.0004438438336364925
3.599092970521542,251.11842,0.0002700853510759771
3.622312925170068,244.10172,0.0004072661977261305
3.645532879818594,251.35158,0.0004812828847207129
3.6687528344671203,270.31012,0.00034795189276337624
3.6919727891156464,277.52304,9.872608643490821e-05
3.7151927437641725,0.0,3.094189196417574e-06
3.7384126984126986,0.0,7.536082193837501e-07
3.7616326530612247,0.0,2.3116990632843226e-07
3.784852607709751,0.0,2.3254142433870584e-07
3.8080725623582765,0.0,1.2001328286714852e-07
3.8312925170068026,0.0,1.674479790381156e-07
3.8545124716553287,0.0,9.694849723018706e-08
3.877732426303855,0.0,3.7104655348230153e-08
3.900952380952381,0.0,1.5954083210090175e-07
3.924172335600907,0.0,1.745802364894189e-07
3.947392290249433,0.0,1.3803037290927023e-07
3.9706122448979593,0.0,5.617766873911023e-08
3.9938321995464854,0.0,1.0641269909683615e-07
4.017052154195011,0.0,1.5209934645099565e-07
4.040272108843538,0.0,4.075536708114669e-08
4.063492063492063,0.0,1.0506755643291399e-07
4.08671201814059,0.0,7.242670108098537e-08
4.1099319727891155,0.0,4.019148036604747e-08
4.133151927437642,0.0,8.917595550883561e-08
4.156371882086168,0.0,1.5108798834262416e-07
