0.0,0.0,2.3158463591244072e-08
0.023219954648526078,0.0,3.343029675306752e-08
0.046439909297052155,0.0,2.9601324058603495e-08
0.06965986394557823,0.0,2.7839632821269333e-08
0.09287981859410431,0.0,6.400932761607692e-08
0.11609977324263039,0.0,3.1533090805169195e-08
0.13931972789115646,0.0,4.126923158764839e-08
0.16253968253968254,0.0,5.641959432978183e-08
0.18575963718820862,0.0,4.626053851097822e-08
0.2089795918367347,0.0,4.370303940959275e-08
0.23219954648526078,0.0,8.061388143687509e-07
0.25541950113378686,241.92397,5.5165921367006376e-05
0.2786394557823129,250.9001,0.00019415593123994768
0.301859410430839,259.6188,0.0003573488211259246
0.3250793650793651,271.7872,0.0005179033614695072
0.3482993197278912,274.33826,0.0004911230062134564
0.37151927437641724,272.0712,0.0004147144209127873
0.3947392290249433,271.1094,0.00044064916437491775
0.4179591836734694,285.53592,0.0007183194393292069
0.44117913832199546,312.47162,0.0010367152281105518
0.46439909297052157,24.385176,0.0008365893736481667
0.4876190476190476,336.89142,0.0006876293336972594
0.5108390022675737,336.345,0.0005990537465550005
0.5340589569160998,336.96866,0.0009507035138085485
0.5572789115646258,350.70328,0.0018611719133332372
0.5804988662131519,372.67053,0.002895422512665391
0.603718820861678,394.18637,0.005308077670633793
0.626938775510204,401.45187,0.006294913589954376
0.6501587301587302,396.5278,0.0053378138691186905
0.6733786848072563,387.92346,0.004661543294787407
0.6965986394557824,387.07544,0.006354380398988724
0.7198185941043084,398.4594,0.009377308189868927
0.7430385487528345,419.11502,0.010367728769779205
0.7662585034013606,456.92194,0.012182435020804405
0.7894784580498866,507.72083,0.021970614790916443
0.8126984126984127,538.4319,0.0308714397251606
0.8359183673469388,541.2261,0.02995012328028679
0.8591383219954649,520.44025,0.03462003916501999
0.8823582766439909,511.84265,0.040938954800367355
0.905578231292517,514.3789,0.048383697867393494
0.9287981859410431,521.2022,0.04758945852518082
0.9520181405895691,520.5579,0.03578108549118042
0.9752380952380952,502.36682,0.01805119216442108
0.9984580498866213,442.81104,0.013288350775837898
1.0216780045351475,413.3768,0.008390362374484539
1.0448979591836736,399.0102,0.009204951114952564
1.0681179138321997,399.7198,0.0076668113470077515
1.0913378684807256,393.72028,0.004766401834785938
1.1145578231292517,374.62024,0.003576135728508234
1.1377777777777778,348.29126,0.0019337334670126438
1.1609977324263039,330.037,0.0015272637829184532
1.18421768707483,328.6298,0.0015405418816953897
1.207437641723356,331.3062,0.0013211403274908662
1.2306575963718822,327.76773,0.0012302076211199164
1.253877551020408,323.19815,0.0011382473167032003
1.2770975056689342,323.7461,0.0012017758563160896
1.3003174603174603,324.04285,0.0011641705641523004
1.3235374149659864,308.4763,0.0013197442749515176
1.3467573696145125,273.6984,0.0009094541310332716
1.3699773242630386,259.36514,0.0006816076929681003
1.3931972789115648,259.1216,0.0006324691930785775
1.4164172335600906,266.32556,0.0006149327964521945
1.4396371882086167,268.68414,0.0005715086590498686
1.4628571428571429,265.97357,0.0004768007493112236
1.486077097505669,258.25327,0.00041380280163139105
1.509297052154195,250.65512,0.0003960157046094537
1.5325170068027212,245.78458,0.0004026441602036357
1.5557369614512473,246.20363,0.0003859527059830725
1.5789569160997732,250.82388,0.0003591067506931722
1.6021768707482993,259.67316,0.0003168309049215168
1.6253968253968254,267.42657,0.00034061531187035143
1.6486167800453515,266.7864,0.00028421866591088474
1.6718367346938776,260.67752,0.0002319631166756153
1.6950566893424037,247.98665,0.00021825556177645922
1.7182766439909298,243.00322,0.00025077679310925305
1.7414965986394557,247.30351,0.00019856131984852254
1.7647165532879818,257.56613,8.018908556550741e-05
1.787936507936508,268.6451,2.1908097551204264e-05
1.811156462585034,0.0,1.158081431640312e-06
1.8343764172335602,0.0,6.254031177377328e-07
1.8575963718820863,0.0,2.0771431081811897e-06
1.8808163265306124,0.0,1.3188682714826427e-06
1.9040362811791383,0.0,3.758041202672757e-07
1.9272562358276644,0.0,3.0421051633311436e-07
1.9504761904761905,0.0,2.3370375856757164e-08
1.9736961451247166,0.0,4.462253855308518e-08
1.9969160997732427,0.0,4.92209437652491e-08
2.020136054421769,0.0,5.7190845836885273e-08
2.043356009070295,0.0,6.705795385641977e-08
2.066575963718821,0.0,6.511436367873102e-08
2.089795918367347,0.0,9.170526027446613e-08
2.1130158730158732,0.0,8.837105269776657e-08
2.1362358276643993,0.0,6.621939974138513e-08
2.159455782312925,0.0,3.9009137253742665e-08
2.182675736961451,0.0,5.793845048174262e-08
