0.0,0.0,1.7077582015190274e-08
0.023219954648526078,0.0,1.871649146778509e-08
0.046439909297052155,0.0,1.5456862456630915e-08
0.06965986394557823,0.0,1.8008904589805752e-08
0.09287981859410431,0.0,2.6811903808265924e-08
0.11609977324263039,0.0,1.4773831935599446e-08
0.13931972789115646,0.0,1.4979377738200128e-08
0.16253968253968254,0.0,2.2809217625763267e-08
0.18575963718820862,0.0,1.409807737218216e-08
0.2089795918367347,0.0,1.1134034139104187e-08
0.23219954648526078,0.0,1.2702003004960716e-08
0.25541950113378686,0.0,1.5337718650698662e-08
0.2786394557823129,0.0,4.017874744022265e-08
0.301859410430839,0.0,4.274352249922231e-08
0.3250793650793651,0.0,7.015023584244773e-08
0.3482993197278912,0.0,3.027435013791546e-08
0.37151927437641724,0.0,3.472541720839217e-08
0.3947392290249433,0.0,2.533215592848137e-08
0.4179591836734694,0.0,2.0525476429611444e-08
0.44117913832199546,0.0,1.7932507034856826e-08
0.46439909297052157,0.0,1.627813617233187e-08
0.4876190476190476,0.0,2.622346073621884e-08
0.5108390022675737,0.0,1.4496436051558703e-08
0.5340589569160998,0.0,2.2432686819229275e-08
0.5572789115646258,0.0,1.5779733075760305e-08
0.5804988662131519,0.0,1.3689714251086116e-08
0.603718820861678,0.0,2.1451342036016285e-08
0.626938775510204,0.0,2.5638655642978847e-08
0.6501587301587302,0.0,2.7293936000205576e-08
0.6733786848072563,0.0,2.3969732865225524e-08
0.6965986394557824,0.0,2.7594978746492416e-08
0.7198185941043084,0.0,1.7767888493835926e-08
0.7430385487528345,0.0,4.033972800243646e-08
0.7662585034013606,0.0,5.321879143593833e-06
0.7894784580498866,360.53677,0.00011048039596062154
0.8126984126984127,358.78577,0.00022179003281053156
0.8359183673469388,361.703,0.0003031982050742954
0.8591383219954649,362.48563,0.0003807642497122288
0.8823582766439909,358.14972,0.00038428811240009964
0.905578231292517,356.92883,0.0003755463403649628
0.9287981859410431,362.8379,0.0003183875815011561
0.9520181405895691,369.5808,0.000146210499224253
0.9752380952380952,374.7304,0.00021666931570507586
0.9984580498866213,403.5327,0.0006084970664232969
1.0216780045351475,438.53354,0.0008932917844504118
1.0448979591836736,449.06207,0.0011806422844529152
1.0681179138321997,453.11615,0.0011800129432231188
1.0913378684807256,449.2952,0.0009572070557624102
1.1145578231292517,447.28293,0.0007336469716392457
1.1377777777777778,452.00952,0.0008701363112777472
1.1609977324263039,477.6485,0.0015940311131998897
1.18421768707483,512.2221,0.0018415710655972362
1.207437641723356,539.0999,0.001777850789949298
1.2306575963718822,551.2103,0.002134117763489485
1.253877551020408,542.2713,0.0027087698690593243
1.2770975056689342,530.6049,0.003561310935765505
1.3003174603174603,531.99066,0.002857235260307789
1.3235374149659864,545.2608,0.002759895520284772
1.3467573696145125,569.6769,0.001798631390556693
1.3699773242630386,633.97314,0.0016046548262238503
1.3931972789115648,697.4548,0.0019171306630596519
1.4164172335600906,723.112,0.00402916269376874
1.4396371882086167,729.23816,0.0055502792820334435
1.4628571428571429,724.9173,0.00551358237862587
1.486077097505669,717.09845,0.004204971715807915
1.509297052154195,713.9989,0.003945712465792894
1.5325170068027212,712.91034,0.002647983841598034
1.5557369614512473,680.4224,0.0048213619738817215
1.5789569160997732,590.0603,0.004202825948596001
1.6021768707482993,550.06714,0.0036621415056288242
1.6253968253968254,540.8878,0.0031262245029211044
1.6486167800453515,536.8427,0.0028895526193082333
1.6718367346938776,539.9015,0.002464710269123316
1.6950566893424037,546.27716,0.0022920090705156326
1.7182766439909298,544.5348,0.002216360066086054
1.7414965986394557,524.9424,0.002245262498036027
1.7647165532879818,463.1825,0.0009885653853416443
1.787936507936508,437.68692,0.0010978931095451117
1.811156462585034,440.32346,0.0014647226780653
1.8343764172335602,452.50674,0.0017018690705299377
1.8575963718820863,457.49026,0.001434171455912292
1.8808163265306124,453.15176,0.001177599304355681
1.9040362811791383,443.75925,0.0008752051508054137
1.9272562358276644,431.66116,0.0010097177000716329
1.9504761904761905,417.2128,0.0011479611275717616
1.9736961451247166,379.97092,0.0004918565391562879
1.9969160997732427,355.04474,0.0007298514246940613
2.020136054421769,353.86768,0.0008610405493527651
2.043356009070295,362.55194,0.0008876520441845059
2.066575963718821,367.6244,0.0008298609172925353
2.089795918367347,366.59286,0.000787431257776916
2.1130158730158732,360.35068,0.0006891334778629243
2.1362358276643993,350.9314,0.0005595724796876311
2.159455782312925,345.43246,0.0006222149240784347
2.182675736961451,347.59583,0.0006314925849437714
2.2058956916099772,355.42245,0.0005841926904395223
2.2291156462585033,362.925,0.000546723254956305
2.2523356009070294,363.71912,0.0005441387766040862
2.2755555555555556,355.87033,0.0004472307628020644
2.2987755102040817,346.57327,0.0004359434242360294
2.3219954648526078,343.8353,0.0005212185205891728
2.345215419501134,353.11307,0.0004060248320456594
2.36843537414966,367.51968,0.00032886394183151424
2.391655328798186,371.61975,0.0002967920736409724
2.414875283446712,360.82697,0.00028189743170514703
2.4380952380952383,347.69608,0.0002503343566786498
2.4613151927437644,344.23044,0.0003093050036113709
2.48453514739229,362.01013,0.0001488745620008558
2.507755102040816,371.25134,2.6463541871635243e-05
2.5309750566893423,0.0,5.717929525417276e-07
2.5541950113378684,0.0,8.111510396702215e-08
2.5774149659863945,0.0,4.9672053137328476e-08
2.6006349206349206,0.0,3.367404133314267e-08
2.6238548752834467,0.0,5.6750650401227176e-08
2.647074829931973,0.0,3.0679075280204415e-08
2.670294784580499,0.0,2.762135409284383e-08
2.693514739229025,0.0,1.6623744159005582e-08
2.716734693877551,0.0,8.273673302028328e-09
2.7399546485260773,0.0,1.591797627042979e-08
2.7631746031746034,0.0,2.18069544644095e-08
2.7863945578231295,0.0,1.241733116330579e-08
2.809614512471655,0.0,1.4195393305271864e-08
2.8328344671201813,0.0,1.7585080058779567e-08
2.8560544217687074,0.0,3.482364263618365e-08
2.8792743764172335,0.0,2.1985215425956994e-08
2.9024943310657596,0.0,2.4037944967858493e-08
2.9257142857142857,0.0,1.69457052834332e-08
2.948934240362812,0.0,2.4955625121947378e-08
2.972154195011338,0.0,4.06607796321623e-08
2.995374149659864,0.0,3.364584699738771e-08
3.01859410430839,0.0,2.2993845050223172e-08
3.0418140589569163,0.0,1.683110895100981e-08
3.0650340136054424,0.0,1.8845639715436846e-08
3.0882539682539685,0.0,2.4566361389588565e-08
3.1114739229024946,0.0,1.8426362657919526e-08
3.1346938775510207,0.0,1.1912561603821814e-08
3.1579138321995464,0.0,2.893830242101103e-08
3.1811337868480725,0.0,9.714312909636647e-09
3.2043537414965986,0.0,1.980060915229842e-08
3.2275736961451247,0.0,3.114291757810861e-08
3.250793650793651,0.0,4.6873537939973176e-08
3.274013605442177,0.0,4.9401933210901916e-08
3.297233560090703,0.0,4.6608874981757253e-08
3.320453514739229,0.0,3.780496626859531e-08
3.3436734693877552,0.0,2.3278516891878098e-08
3.3668934240362813,0.0,3.3337528293486685e-08
3.3901133786848074,0.0,5.2097675506956875e-08
3.4133333333333336,0.0,2.1867890609428287e-08
3.4365532879818597,0.0,3.991772246081382e-08
3.4597732426303858,0.0,2.890374162234366e-08
3.4829931972789114,0.0,9.726136340759695e-09
3.5062131519274375,0.0,1.4681063476018608e-08
3.5294331065759637,0.0,3.1461240723729134e-08
3.5526530612244898,0.0,2.5029294192790985e-09
