0.0,0.0,2.248725650133565e-08
0.023219954648526078,0.0,3.3424839784856886e-08
0.046439909297052155,0.0,1.9762410374823958e-08
0.06965986394557823,0.0,1.948956196429208e-08
0.09287981859410431,0.0,2.3792381398379803e-08
0.11609977324263039,0.0,3.78086042474024e-08
0.13931972789115646,0.0,2.2220774553716183e-08
0.16253968253968254,0.0,2.6404450181871653e-08
0.18575963718820862,0.0,2.666092768777162e-08
0.2089795918367347,0.0,5.00340320286341e-08
0.23219954648526078,244.64227,1.3937606127001345e-05
0.25541950113378686,256.75906,4.7818168241064996e-05
0.2786394557823129,261.02463,9.319708624389023e-05
0.301859410430839,267.17697,0.00010607232979964465
0.3250793650793651,269.11084,0.00010824303171830252
0.3482993197278912,264.36472,0.00010622759873513132
0.37151927437641724,257.81274,0.00010106674744747579
0.3947392290249433,258.38287,0.00012193887960165739
0.4179591836734694,270.28058,8.442171383649111e-05
0.44117913832199546,293.73245,5.857556243427098e-05
0.46439909297052157,310.68826,6.86229977873154e-05
0.4876190476190476,314.63443,5.322883589542471e-05
0.5108390022675737,304.53912,5.6216067605419084e-05
0.5340589569160998,297.31152,5.9233025240246207e-05
0.5572789115646258,304.91226,8.128451008815318e-05
0.5804988662131519,322.70395,0.00026344560319557786
0.603718820861678,338.54382,0.0005289033288136125
0.626938775510204,344.64838,0.0005264687351882458
0.6501587301587302,342.1565,0.0003400405985303223
0.6733786848072563,332.02286,0.00013878423487767577
0.6965986394557824,326.41022,0.0002186250640079379
0.7198185941043084,335.16833,0.0005790380528196692
0.7430385487528345,351.0055,0.0006246351404115558
0.7662585034013606,362.8622,0.0005925828590989113
0.7894784580498866,367.6014,0.0006397021934390068
0.8126984126984127,362.31073,0.0006661267252638936
0.8359183673469388,355.83493,0.0005833734758198261
0.8591383219954649,361.5327,0.0004947804263792932
0.8823582766439909,383.3393,0.0005505493609234691
0.905578231292517,405.2297,0.0007801284082233906
0.9287981859410431,415.6347,0.0007727335905656219
0.9520181405895691,415.51953,0.0008418445941060781
0.9752380952380952,406.8789,0.0009111608378589153
0.9984580498866213,406.38834,0.0009427330223843455
1.0216780045351475,424.5744,0.000704890233464539
1.0448979591836736,450.99527,0.0009534979471936822
1.0681179138321997,466.11218,0.0009181008208543062
1.0913378684807256,465.14468,0.0008285049116238952
1.1145578231292517,451.30832,0.0009760648827068508
1.1377777777777778,450.24066,0.001173025812022388
1.1609977324263039,469.59207,0.0015814023790881038
1.18421768707483,502.43475,0.002390171866863966
1.207437641723356,516.4631,0.0033564120531082153
1.2306575963718822,517.0108,0.0023359032347798347
1.253877551020408,503.25418,0.0014532783534377813
1.2770975056689342,496.9802,0.00229935091920197
1.3003174603174603,522.8173,0.003201195504516363
1.3235374149659864,548.47974,0.004135402850806713
1.3467573696145125,558.3715,0.004405678249895573
1.3699773242630386,548.1391,0.002790349069982767
1.3931972789115648,532.2376,0.002652930561453104
1.4164172335600906,540.3904,0.004116225056350231
1.4396371882086167,572.7686,0.0017740821931511164
1.4628571428571429,618.69073,0.0010213954374194145
1.486077097505669,638.902,0.0013414103304967284
1.509297052154195,629.4661,0.00322678592056036
1.5325170068027212,609.27673,0.004297272302210331
1.5557369614512473,605.0746,0.0035262363962829113
1.5789569160997732,609.55347,0.002954488852992654
1.6021768707482993,612.029,0.0028742030262947083
1.6253968253968254,590.95715,0.005414973013103008
1.6486167800453515,551.58057,0.0036128871142864227
1.6718367346938776,544.01825,0.004304044414311647
1.6950566893424037,554.2062,0.0044748736545443535
1.7182766439909298,563.288,0.004568999633193016
1.7414965986394557,559.5991,0.003357017645612359
1.7647165532879818,527.3843,0.003382736351341009
1.787936507936508,512.1692,0.0035710677038878202
1.811156462585034,514.9316,0.004167512990534306
1.8343764172335602,526.2379,0.003030594438314438
1.8575963718820863,531.3499,0.003130760043859482
1.8808163265306124,521.7114,0.0027192155830562115
1.9040362811791383,486.94604,0.0020910468883812428
1.9272562358276644,464.458,0.0015573217533528805
1.9504761904761905,461.2682,0.001967840362340212
1.9736961451247166,472.50494,0.0026571128983050585
1.9969160997732427,480.94913,0.003122318536043167
2.020136054421769,478.3405,0.0019792960956692696
2.043356009070295,444.11188,0.00126354256644845
2.066575963718821,410.0836,0.001403099624440074
2.089795918367347,401.20505,0.0016243689460679889
2.1130158730158732,407.8523,0.0018568873638287187
2.1362358276643993,419.11044,0.0012299325317144394
2.159455782312925,424.1264,0.0012389207258820534
2.182675736961451,412.52307,0.0012314605992287397
2.2058956916099772,392.65033,0.0007527285488322377
2.2291156462585033,374.30844,0.0010040347697213292
2.2523356009070294,368.40732,0.0010732532246038318
2.2755555555555556,367.7909,0.0010157092474400997
2.2987755102040817,370.24695,0.0009349853498861194
2.3219954648526078,370.54562,0.0009577592136338353
2.345215419501134,366.20825,0.0011103851720690727
2.36843537414966,356.86414,0.001004380057565868
2.391655328798186,349.23364,0.0009977009613066912
2.414875283446712,347.26514,0.0010811442043632269
2.4380952380952383,348.5048,0.0010600328678265214
2.4613151927437644,349.9834,0.0009894573595374823
2.48453514739229,350.56735,0.0008442855323664844
2.507755102040816,344.524,0.0003650598810054362
2.5309750566893423,314.93567,0.00010753503738669679
2.5541950113378684,294.68823,0.00014351983554661274
2.5774149659863945,293.97995,0.00010505867248866707
2.6006349206349206,299.9284,8.680624887347221e-05
2.6238548752834467,306.2634,8.573909144615754e-05
2.647074829931973,308.57144,7.592748443130404e-05
2.670294784580499,301.32062,0.00012078777217539027
2.693514739229025,284.95685,0.00016753449745010585
2.716734693877551,262.91342,0.00014697914593853056
2.7399546485260773,255.44766,0.00015274842735379934
2.7631746031746034,260.0254,0.00020071043400093913
2.7863945578231295,264.14075,0.0002051336196018383
2.809614512471655,269.08484,0.00017417286289855838
2.8328344671201813,270.9571,0.00016362428141292185
2.8560544217687074,268.91095,0.0001647092867642641
2.8792743764172335,265.62048,0.0001808273373171687
2.9024943310657596,265.017,0.0001927580451592803
2.9257142857142857,266.48962,0.00018398670363239944
2.948934240362812,269.2263,0.00017229310469701886
2.972154195011338,270.40375,0.00015523766342084855
2.995374149659864,267.91635,0.00016236898954957724
3.01859410430839,263.97995,0.0001789831294445321
3.0418140589569163,263.1434,0.00019594987679738551
3.0650340136054424,268.10834,0.00017067913722712547
3.0882539682539685,276.47525,0.00014460664533544332
3.1114739229024946,283.39468,0.00015218250337056816
3.1346938775510207,283.22354,0.00015066882770042866
3.1579138321995464,274.89883,0.00014964473666623235
3.1811337868480725,265.40942,0.00015176337910816073
3.2043537414965986,262.65808,0.0001657091488596052
3.2275736961451247,269.2809,0.00013408645463641733
3.250793650793651,278.33276,0.00012206212704768404
3.274013605442177,281.29004,0.000126006081700325
3.297233560090703,276.24786,0.00011146753240609542
3.320453514739229,270.5394,8.736587915336713e-05
3.3436734693877552,267.89816,5.011299072066322e-05
3.3668934240362813,260.46222,1.2395362318784464e-05
3.3901133786848074,0.0,7.854014256736264e-07
3.4133333333333336,0.0,3.071982064284384e-07
3.4365532879818597,0.0,5.490073817782104e-08
3.4597732426303858,0.0,2.8330759960226715e-08
3.4829931972789114,0.0,4.649518814403564e-08
3.5062131519274375,0.0,2.233173290733248e-08
3.5294331065759637,0.0,2.2792846721131355e-08
3.5526530612244898,0.0,1.379976311000064e-08
3.575873015873016,0.0,1.6103513189591467e-08
3.599092970521542,0.0,1.3454155123326927e-08
3.622312925170068,0.0,3.4834556572604924e-08
3.645532879818594,0.0,3.896457201335579e-08
3.6687528344671203,0.0,2.7903297450393438e-08
3.6919727891156464,0.0,5.123547452967614e-08
3.7151927437641725,0.0,5.167748895473778e-08
3.7384126984126986,0.0,2.8971044230274856e-08
3.7616326530612247,0.0,1.9056642486248165e-08
3.784852607709751,0.0,1.2931195669807494e-08
3.8080725623582765,0.0,8.350070856977254e-09
