0.0,0.0,4.647063178708777e-08
0.023219954648526078,0.0,5.984838935546577e-08
0.046439909297052155,0.0,6.919890438439324e-08
0.06965986394557823,0.0,3.51310518453829e-08
0.09287981859410431,0.0,5.0181370170321316e-08
0.11609977324263039,0.0,2.279739419464022e-08
0.13931972789115646,0.0,2.7753230824600905e-08
0.16253968253968254,0.0,2.1069354261271656e-08
0.18575963718820862,0.0,4.2276951717212796e-08
0.2089795918367347,0.0,5.294441507430747e-08
0.23219954648526078,0.0,5.78147592023015e-08
0.25541950113378686,0.0,3.5433913581073284e-08
0.2786394557823129,0.0,2.0687366486527026e-08
0.301859410430839,0.0,2.4190740077756345e-08
0.3250793650793651,0.0,3.868808562401682e-08
0.3482993197278912,0.0,4.225421434966847e-08
0.37151927437641724,0.0,2.5101144274231046e-08
0.3947392290249433,0.0,2.904107532231137e-08
0.4179591836734694,0.0,7.627750164829195e-08
0.44117913832199546,0.0,2.4077144189504907e-07
0.46439909297052157,0.0,4.130379238631576e-08
0.4876190476190476,0.0,1.3351655070437118e-07
0.5108390022675737,0.0,1.3276257959660143e-07
0.5340589569160998,0.0,2.106216925312765e-07
0.5572789115646258,0.0,6.237951311049983e-08
0.5804988662131519,0.0,2.4837390810716897e-08
0.603718820861678,0.0,6.322170520434156e-08
0.626938775510204,0.0,1.2342843547230586e-07
0.6501587301587302,0.0,1.6806643543532118e-07
0.6733786848072563,0.0,1.0986605047946796e-07
0.6965986394557824,0.0,8.065126166911796e-08
0.7198185941043084,0.0,7.023754733381793e-08
0.7430385487528345,0.0,1.595562935108319e-07
0.7662585034013606,21.39853,3.977170854341239e-05
0.7894784580498866,272.747,0.0004392824193928391
0.8126984126984127,276.6875,0.0005563756567426026
0.8359183673469388,279.58487,0.0005310431006364524
0.8591383219954649,275.86572,0.00047763538896106184
0.8823582766439909,270.2277,0.0004303947207517922
0.905578231292517,271.183,0.00046402844600379467
0.9287981859410431,278.14282,0.0005407122662290931
0.9520181405895691,290.3187,0.0005760715575888753
0.9752380952380952,303.5909,0.0006382284918799996
0.9984580498866213,313.47772,0.0007557907374575734
1.0216780045351475,304.82944,0.0008516052039340138
1.0448979591836736,295.53217,0.0008212564280256629
1.0681179138321997,299.38306,0.000806071562692523
1.0913378684807256,317.8613,0.0010271260980516672
1.1145578231292517,335.94357,0.0013788621872663498
1.1377777777777778,339.98544,0.001295635593123734
1.1609977324263039,329.4215,0.0013989643193781376
1.18421768707483,318.5251,0.0013006814988330007
1.207437641723356,321.87198,0.0020196978002786636
1.2306575963718822,338.81046,0.00414296705275774
1.253877551020408,357.83212,0.005417884327471256
1.2770975056689342,365.59665,0.004672296345233917
1.3003174603174603,358.58905,0.003367322962731123
1.3235374149659864,349.9776,0.0035064222756773233
1.3467573696145125,354.14523,0.006578921806067228
1.3699773242630386,376.9916,0.00817029643803835
1.3931972789115648,393.18927,0.00742361880838871
1.4164172335600906,395.77936,0.00784110464155674
1.4396371882086167,388.8981,0.007188607007265091
1.4628571428571429,376.1143,0.007131798192858696
1.486077097505669,390.77625,0.0038796907756477594
1.509297052154195,423.51804,0.004117126576602459
1.5325170068027212,448.56454,0.006836787797510624
1.5557369614512473,461.0412,0.006469874642789364
1.5789569160997732,446.1977,0.004112039227038622
1.6021768707482993,430.09058,0.003730763914063573
1.6253968253968254,434.58835,0.006418448872864246
1.6486167800453515,469.07397,0.006624150555580854
1.6718367346938776,502.0852,0.009497096762061119
1.6950566893424037,512.34674,0.006855661049485207
1.7182766439909298,488.1696,0.006983201019465923
1.7414965986394557,469.9234,0.007224530912935734
1.7647165532879818,485.93295,0.01576549932360649
1.787936507936508,523.0628,0.02764248102903366
1.811156462585034,548.1379,0.024875478819012642
1.8343764172335602,554.0201,0.02135675773024559
1.8575963718820863,526.3127,0.009442657232284546
1.8808163265306124,499.69806,0.01002110168337822
1.9040362811791383,511.78473,0.019610140472650528
1.9272562358276644,552.8394,0.027917977422475815
1.9504761904761905,593.277,0.02761571854352951
1.9736961451247166,605.61914,0.02122880145907402
1.9969160997732427,589.16644,0.015453929081559181
2.020136054421769,525.38464,0.010924852453172207
2.043356009070295,510.37943,0.012376111000776291
2.066575963718821,510.54318,0.024827640503644943
2.089795918367347,529.67206,0.03063412941992283
2.1130158730158732,549.2369,0.028039783239364624
2.1362358276643993,549.6872,0.018932191655039787
2.159455782312925,524.1821,0.006100239232182503
2.182675736961451,483.0767,0.005119113251566887
2.2058956916099772,479.49872,0.006352852564305067
2.2291156462585033,500.30685,0.010906776413321495
2.2523356009070294,511.68887,0.009932072833180428
2.2755555555555556,508.1199,0.004959043115377426
2.2987755102040817,462.24326,0.005885731428861618
2.3219954648526078,436.01672,0.004205323290079832
2.345215419501134,430.23108,0.003552610520273447
2.36843537414966,444.6202,0.005550972186028957
2.391655328798186,468.59763,0.004337501712143421
2.414875283446712,467.09418,0.004247600212693214
2.4380952380952383,424.82126,0.00521412119269371
2.4613151927437644,392.67084,0.004749101586639881
2.48453514739229,374.59808,0.004597292747348547
2.507755102040816,380.21008,0.004642759449779987
2.5309750566893423,395.4951,0.0045906295999884605
2.5541950113378684,396.68933,0.00615803012624383
2.5774149659863945,378.72363,0.004815123975276947
2.6006349206349206,355.47104,0.002935779746621847
2.6238548752834467,343.6537,0.002855086699128151
2.647074829931973,344.9833,0.004534879699349403
2.670294784580499,356.78006,0.006367539055645466
2.693514739229025,369.1149,0.005436275154352188
2.716734693877551,362.5697,0.002961629070341587
2.7399546485260773,337.2014,0.0017942991107702255
2.7631746031746034,321.32495,0.0015296625206246972
2.7863945578231295,318.15765,0.0018745926208794117
2.809614512471655,330.6791,0.002554810605943203
2.8328344671201813,341.75143,0.001978380372747779
2.8560544217687074,335.1521,0.00152962829452008
2.8792743764172335,309.5807,0.0015394857618957758
2.9024943310657596,285.86737,0.0014137388207018375
2.9257142857142857,280.84692,0.0014961421256884933
2.948934240362812,287.33975,0.0015116116264835
2.972154195011338,299.75647,0.0013629973400384188
2.995374149659864,306.91388,0.0010347841307520866
3.01859410430839,294.93796,0.000972175388596952
3.0418140589569163,271.68954,0.000900265877135098
3.0650340136054424,254.87694,0.0007405572105199099
3.0882539682539685,250.07295,0.0008010077872313559
3.1114739229024946,257.16296,0.0011571056675165892
3.1346938775510207,266.98956,0.001461774343624711
3.1579138321995464,271.2931,0.0016737611731514335
3.1811337868480725,266.5418,0.0013316962867975235
3.2043537414965986,254.41983,0.0015200532507151365
3.2275736961451247,247.19754,0.0012295469641685486
3.250793650793651,249.37654,0.0007728919154033065
3.274013605442177,257.83978,0.0004407604574225843
3.297233560090703,269.94608,0.00010730807844083756
3.320453514739229,0.0,5.675150532624684e-06
3.3436734693877552,0.0,1.8034552340395749e-07
3.3668934240362813,0.0,9.85664883046411e-08
3.3901133786848074,0.0,8.815368346404284e-08
3.4133333333333336,0.0,3.8984580896794796e-08
3.4365532879818597,0.0,3.824607119895518e-08
3.4597732426303858,0.0,4.0568011172581464e-08
3.4829931972789114,0.0,6.36773620499298e-08
3.5062131519274375,0.0,3.6816345527768135e-08
3.5294331065759637,0.0,3.253717295592651e-08
3.5526530612244898,0.0,6.315895006991923e-08
3.575873015873016,0.0,8.697406883584335e-08
3.599092970521542,0.0,1.9920116756111383e-07
3.622312925170068,0.0,3.4600998333189636e-07
3.645532879818594,0.0,1.0780186130432412e-06
3.6687528344671203,0.0,1.0239809853374027e-06
3.6919727891156464,0.0,6.38083292869851e-08
3.7151927437641725,0.0,4.769362931256182e-07
3.7384126984126986,0.0,4.737867129733786e-07
3.7616326530612247,0.0,3.3109699870692566e-07
3.784852607709751,0.0,1.4261240721680224e-07
3.8080725623582765,0.0,7.205017027445138e-08
3.8312925170068026,0.0,7.628659659530967e-08
3.8545124716553287,0.0,9.501673048362136e-08
3.877732426303855,0.0,6.372283678501844e-08
3.900952380952381,0.0,8.272581908386201e-08
3.924172335600907,0.0,1.2780947145074606e-07
3.947392290249433,0.0,1.0474013834027573e-07
3.9706122448979593,0.0,1.3106728147249669e-08
