0.0,0.0,8.711958798812702e-08
0.023219954648526078,0.0,9.25192580325529e-08
0.046439909297052155,0.0,5.5035343393683434e-08
0.06965986394557823,0.0,4.503572199610062e-07
0.09287981859410431,0.0,4.471985448617488e-07
0.11609977324263039,295.0879,0.00041733073885552585
0.13931972789115646,326.8023,0.0019190346356481314
0.16253968253968254,335.77768,0.003818611614406109
0.18575963718820862,338.39172,0.004891266115009785
0.2089795918367347,339.75427,0.00616211723536253
0.23219954648526078,343.47482,0.0071138618513941765
0.25541950113378686,345.50916,0.007656572852283716
0.2786394557823129,347.72632,0.008945989422500134
0.301859410430839,354.16806,0.009698276408016682
0.3250793650793651,358.17303,0.005967354867607355
0.3482993197278912,351.86847,0.005512835457921028
0.37151927437641724,356.06308,0.008238958194851875
0.3947392290249433,392.73267,0.012349961325526237
0.4179591836734694,442.10104,0.01431954000145197
0.44117913832199546,451.2013,0.01594255119562149
0.46439909297052157,447.63162,0.020034871995449066
0.4876190476190476,441.63586,0.023697204887866974
0.5108390022675737,442.66287,0.021540138870477676
0.5340589569160998,450.36377,0.017294269055128098
0.5572789115646258,459.1884,0.01483546569943428
0.5804988662131519,464.07797,0.013562183827161789
0.603718820861678,471.2723,0.016779182478785515
0.626938775510204,499.54404,0.04164350777864456
0.6501587301587302,528.3343,0.058485373854637146
0.6733786848072563,548.56946,0.05848078429698944
0.6965986394557824,549.10205,0.0651269257068634
0.7198185941043084,536.9288,0.06679436564445496
0.7430385487528345,531.10266,0.07259893417358398
0.7662585034013606,537.8123,0.06441807001829147
0.7894784580498866,552.1594,0.06858330965042114
0.8126984126984127,563.76416,0.06623552739620209
0.8359183673469388,583.2219,0.14432626962661743
0.8591383219954649,630.9007,0.21121202409267426
0.8823582766439909,664.3268,0.20751622319221497
0.905578231292517,690.7349,0.22043561935424805
0.9287981859410431,695.0672,0.25594550371170044
0.9520181405895691,676.03046,0.29238778352737427
0.9752380952380952,666.95526,0.2958438992500305
0.9984580498866213,668.28,0.2866118550300598
1.0216780045351475,673.93475,0.25610437989234924
1.0448979591836736,668.9616,0.21235324442386627
1.0681179138321997,635.8508,0.10932523757219315
1.0913378684807256,569.9985,0.07464442402124405
1.1145578231292517,546.0638,0.07765810191631317
1.1377777777777778,537.97363,0.07086615264415741
1.1609977324263039,536.47125,0.06838217377662659
1.18421768707483,535.48474,0.06692329049110413
1.207437641723356,534.3239,0.06036706268787384
1.2306575963718822,529.91235,0.052716419100761414
1.253877551020408,511.8701,0.02290331944823265
1.2770975056689342,463.10986,0.01917622610926628
1.3003174603174603,437.30685,0.02401447668671608
1.3235374149659864,431.53772,0.02058105170726776
1.3467573696145125,437.5445,0.018126308917999268
1.3699773242630386,446.23236,0.01714099384844303
1.3931972789115648,449.27936,0.016410430893301964
1.4164172335600906,447.23938,0.017736339941620827
1.4396371882086167,441.9639,0.01847025379538536
1.4628571428571429,433.80203,0.015892328694462776
1.486077097505669,418.00366,0.009420834481716156
1.509297052154195,382.47418,0.006143578328192234
1.5325170068027212,364.93005,0.005306987091898918
1.5557369614512473,353.464,0.004822379909455776
1.5789569160997732,353.02274,0.005375680513679981
1.6021768707482993,356.76883,0.005325768608599901
1.6253968253968254,358.22498,0.004761126358062029
1.6486167800453515,352.93292,0.003359404159709811
1.6718367346938776,343.2661,0.002699878066778183
1.6950566893424037,337.49182,0.0025702326092869043
1.7182766439909298,338.7041,0.003006323240697384
1.7414965986394557,344.22162,0.003701557405292988
1.7647165532879818,352.20236,0.004687328822910786
1.787936507936508,358.58618,0.004643530584871769
1.811156462585034,359.60565,0.003419499844312668
1.8343764172335602,350.88968,0.0027398178353905678
1.8575963718820863,343.82672,0.0028329873457551003
1.8808163265306124,347.45438,0.00343239214271307
1.9040362811791383,359.06323,0.003326318459585309
1.9272562358276644,368.58096,0.001034812186844647
1.9504761904761905,364.5974,0.0002986962499562651
1.9736961451247166,24.796068,0.0023230707738548517
1.9969160997732427,26.76085,0.0016130991280078888
2.020136054421769,20.827484,0.00019807915668934584
2.043356009070295,12.503982,0.00011945034930249676
2.066575963718821,18.978693,3.236520933569409e-05
2.089795918367347,18.924904,1.4450948583544232e-05
2.1130158730158732,89.38438,1.9129332940792665e-05
2.1362358276643993,18.903862,1.7723996279528365e-05
2.159455782312925,0.0,1.3041162674198858e-06
2.182675736961451,0.0,6.081663741497323e-07
