0.0,0.0,3.1653326004743576e-07
0.023219954648526078,0.0,2.816723281284794e-07
0.046439909297052155,0.0,2.4720611691009253e-07
0.06965986394557823,0.0,1.639473339309916e-07
0.09287981859410431,0.0,4.9398295232094824e-08
0.11609977324263039,0.0,8.784354577073827e-08
0.13931972789115646,0.0,6.491427484434098e-08
0.16253968253968254,0.0,6.202299118740484e-08
0.18575963718820862,0.0,4.186131263850257e-08
0.2089795918367347,0.0,9.032464731717482e-08
0.23219954648526078,0.0,4.2624378693290055e-08
0.25541950113378686,0.0,6.302798283286393e-08
0.2786394557823129,0.0,1.5098066796781495e-07
0.301859410430839,0.0,2.1106916392454877e-07
0.3250793650793651,0.0,1.866947059170343e-07
0.3482993197278912,0.0,2.6563975552562624e-07
0.37151927437641724,228.43945,3.4063763450831175e-05
0.3947392290249433,245.0058,0.00028062230558134615
0.4179591836734694,258.39694,0.0003660544170998037
0.44117913832199546,263.77933,0.00039492096402682364
0.46439909297052157,265.2467,0.0003808941110037267
0.4876190476190476,261.74606,0.0002745029341895133
0.5108390022675737,257.36963,0.00023227355268318206
0.5340589569160998,254.60997,0.00026369100669398904
0.5572789115646258,261.3764,0.00045291249989531934
0.5804988662131519,287.75626,0.0006266409764066339
0.603718820861678,304.7172,0.0006144343642517924
0.626938775510204,306.5891,0.0005483991699293256
0.6501587301587302,298.91876,0.0004282763693481684
0.6733786848072563,305.78238,0.0007912576547823846
0.6965986394557824,338.46375,0.0027105645276606083
0.7198185941043084,355.91724,0.0025958865880966187
0.7430385487528345,352.3586,0.0009704218246042728
0.7662585034013606,335.42224,0.00045652739936485887
0.7894784580498866,327.58627,0.000809913850389421
0.8126984126984127,342.51437,0.0016774407122284174
0.8359183673469388,357.79413,0.00146588496863842
0.8591383219954649,368.0087,0.0013880989281460643
0.8823582766439909,373.01398,0.0013165853451937437
0.905578231292517,370.7868,0.0016314595704898238
0.9287981859410431,364.47922,0.0015925526386126876
0.9520181405895691,361.31152,0.0012942731846123934
0.9752380952380952,359.33994,0.0009974637068808079
0.9984580498866213,370.35303,0.0020993007346987724
1.0216780045351475,405.08606,0.004206466488540173
1.0448979591836736,431.84003,0.004048487637192011
1.0681179138321997,440.54874,0.004975916817784309
1.0913378684807256,421.3265,0.003967790398746729
1.1145578231292517,390.8185,0.001524497289210558
1.1377777777777778,379.7086,0.0023943460546433926
1.1609977324263039,405.8897,0.0027466719038784504
1.18421768707483,460.85425,0.0030368114821612835
1.207437641723356,484.7332,0.0033235829323530197
1.2306575963718822,475.84555,0.0024022299330681562
1.253877551020408,440.12723,0.0022466976661235094
1.2770975056689342,416.04312,0.002000269014388323
1.3003174603174603,423.16876,0.0016838816227391362
1.3235374149659864,482.13544,0.003384337294846773
1.3467573696145125,528.85144,0.007569232489913702
1.3699773242630386,536.6061,0.006079158745706081
1.3931972789115648,502.97104,0.002820544643327594
1.4164172335600906,476.54086,0.0018155346624553204
1.4396371882086167,466.9885,0.0016067741671577096
1.4628571428571429,502.02026,0.004423199221491814
1.486077097505669,564.70593,0.017465829849243164
1.509297052154195,582.3444,0.013972034677863121
1.5325170068027212,570.13605,0.006404408253729343
1.5557369614512473,528.10626,0.005271476693451405
1.5789569160997732,524.93933,0.005598969757556915
1.6021768707482993,566.40717,0.020760295912623405
1.6253968253968254,615.76245,0.04497542977333069
1.6486167800453515,647.56226,0.0627489686012268
1.6718367346938776,645.72797,0.024342944845557213
1.6950566893424037,592.7238,0.013498617336153984
1.7182766439909298,580.55273,0.014958381652832031
1.7414965986394557,585.1297,0.020755989477038383
1.7647165532879818,612.20337,0.04405231773853302
1.787936507936508,636.5794,0.05704893171787262
1.811156462585034,607.8734,0.024333249777555466
1.8343764172335602,545.61316,0.01531979814171791
1.8575963718820863,524.06836,0.01576855406165123
1.8808163265306124,533.81757,0.015626613050699234
1.9040362811791383,554.2893,0.01802363432943821
1.9272562358276644,550.5423,0.014918118715286255
1.9504761904761905,507.0826,0.007292300928384066
1.9736961451247166,489.34586,0.00783584639430046
1.9969160997732427,490.68866,0.007276061922311783
2.020136054421769,500.2444,0.006359773688018322
2.043356009070295,501.3598,0.00641249492764473
2.066575963718821,485.79468,0.008064167574048042
2.089795918367347,458.913,0.01512337476015091
2.1130158730158732,439.8819,0.011725138872861862
2.1362358276643993,436.2059,0.009003115817904472
2.159455782312925,435.033,0.012341909110546112
2.182675736961451,431.89813,0.013515743426978588
2.2058956916099772,426.63058,0.014881700277328491
2.2291156462585033,416.54373,0.015622111037373543
2.2523356009070294,404.1204,0.013739524409174919
2.2755555555555556,394.03247,0.009641015902161598
2.2987755102040817,386.64902,0.008835673332214355
2.3219954648526078,383.03525,0.009039154276251793
2.345215419501134,384.67,0.007444148883223534
2.36843537414966,384.02316,0.005758690647780895
2.391655328798186,373.66092,0.0048514604568481445
2.414875283446712,362.29724,0.004909412935376167
2.4380952380952383,356.2699,0.004342701286077499
2.4613151927437644,360.40692,0.003952495753765106
2.48453514739229,363.12305,0.0040193963795900345
2.507755102040816,355.4522,0.0030168029479682446
2.5309750566893423,337.10526,0.0010612583719193935
2.5541950113378684,319.68625,0.0009183879592455924
2.5774149659863945,315.18506,0.0009376938687637448
2.6006349206349206,321.37714,0.0012935447739437222
2.6238548752834467,331.89102,0.0011245312634855509
2.647074829931973,331.68762,0.0009535312419757247
2.670294784580499,319.74075,0.0010274330852553248
2.693514739229025,304.5635,0.0010226861340925097
2.716734693877551,294.91995,0.0009410866186954081
2.7399546485260773,294.24817,0.0009004465537145734
2.7631746031746034,295.78723,0.0008713897550478578
2.7863945578231295,294.08093,0.000847451388835907
2.809614512471655,283.72946,0.000712890294380486
2.8328344671201813,267.77356,0.0005320351338014007
2.8560544217687074,256.1344,0.0005154379177838564
2.8792743764172335,253.40546,0.0005479601677507162
2.9024943310657596,258.3286,0.00048703051288612187
2.9257142857142857,267.8845,0.0005055826622992754
2.948934240362812,269.50977,0.00046422332525253296
2.972154195011338,267.52048,0.00046463205944746733
2.995374149659864,261.7939,0.0003027058846782893
3.01859410430839,251.50647,0.00024230287817772478
3.0418140589569163,244.1589,0.0001754837721819058
3.0650340136054424,241.08388,0.00013866570952814072
3.0882539682539685,246.63008,0.00019416653958614916
3.1114739229024946,270.03366,0.00024006413877941668
3.1346938775510207,282.71527,0.00021473265951499343
3.1579138321995464,281.55286,0.00019160805095452815
3.1811337868480725,264.75247,0.00011678550072247162
3.2043537414965986,244.3251,7.595159695483744e-05
3.2275736961451247,234.80951,4.264846575097181e-05
3.250793650793651,232.205,6.262202077778056e-05
3.274013605442177,252.67685,7.058300252538174e-05
3.297233560090703,270.18375,6.854090315755457e-05
3.320453514739229,272.55814,4.744952457258478e-05
3.3436734693877552,0.0,5.123922164784744e-06
3.3668934240362813,0.0,8.59733518154826e-07
3.3901133786848074,0.0,2.16611624637153e-07
3.4133333333333336,0.0,6.438585842261091e-08
3.4365532879818597,0.0,4.773755790665746e-08
3.4597732426303858,0.0,3.2036041375249624e-08
3.4829931972789114,0.0,2.8000613383483142e-08
3.5062131519274375,0.0,7.53989297663793e-08
3.5294331065759637,0.0,3.273999027442187e-08
3.5526530612244898,0.0,4.744106263387948e-08
3.575873015873016,0.0,3.715376806212589e-08
3.599092970521542,0.0,2.8667272999882698e-08
