0.0,0.0,8.605693437857553e-07
0.023219954648526078,0.0,1.4291890693129972e-06
0.046439909297052155,0.0,2.122846126439981e-06
0.06965986394557823,0.0,2.3922702894196846e-06
0.09287981859410431,0.0,1.2160535334260203e-06
0.11609977324263039,0.0,9.018167475005612e-07
0.13931972789115646,0.0,7.777398423058912e-07
0.16253968253968254,0.0,5.961537681287155e-07
0.18575963718820862,0.0,3.8755206333007663e-07
0.2089795918367347,0.0,3.8240523281274363e-07
0.23219954648526078,0.0,4.900812200503424e-07
0.25541950113378686,0.0,2.9533839551731944e-07
0.2786394557823129,0.0,2.2581298253498971e-07
0.301859410430839,0.0,2.6295492716599256e-07
0.3250793650793651,0.0,2.831911842804402e-07
0.3482993197278912,0.0,1.215730662806891e-07
0.37151927437641724,0.0,5.0249582272954285e-08
0.3947392290249433,0.0,1.0124313121195883e-07
0.4179591836734694,0.0,1.1975771485595033e-07
0.44117913832199546,0.0,1.5707246348029003e-07
0.46439909297052157,354.86374,0.0008453265763819218
0.4876190476190476,367.25327,0.0030955751426517963
0.5108390022675737,367.89008,0.004800515249371529
0.5340589569160998,366.6017,0.004988712724298239
0.5572789115646258,363.57224,0.00492751644924283
0.5804988662131519,362.8783,0.0065264394506812096
0.603718820861678,364.00024,0.005686323624104261
0.626938775510204,358.3717,0.0023949379101395607
0.6501587301587302,345.91867,0.002136301016435027
0.6733786848072563,352.91394,0.012083427980542183
0.6965986394557824,390.0279,0.006829441525042057
0.7198185941043084,437.00452,0.004099217243492603
0.7430385487528345,446.42184,0.005245787091553211
0.7662585034013606,448.15353,0.004636675585061312
0.7894784580498866,450.39194,0.004142312332987785
0.8126984126984127,465.3756,0.0077621531672775745
0.8359183673469388,504.9539,0.023089338093996048
0.8591383219954649,529.7348,0.03897248953580856
0.8823582766439909,539.1098,0.04204694181680679
0.905578231292517,534.4228,0.0336243212223053
0.9287981859410431,523.0307,0.03379365801811218
0.9520181405895691,522.98486,0.04713864624500275
0.9752380952380952,531.8511,0.047250136733055115
0.9984580498866213,544.0341,0.0934256836771965
1.0216780045351475,610.56,0.18734750151634216
1.0448979591836736,661.0342,0.09079072624444962
1.0681179138321997,708.5931,0.13257457315921783
1.0913378684807256,718.52893,0.1687832623720169
1.1145578231292517,718.35767,0.20878419280052185
1.1377777777777778,709.64844,0.2468309849500656
1.1609977324263039,701.6775,0.26692554354667664
1.18421768707483,692.14636,0.2421463131904602
1.207437641723356,656.52094,0.12784826755523682
1.2306575963718822,570.4928,0.07163810729980469
1.253877551020408,548.6123,0.06671525537967682
1.2770975056689342,546.90375,0.06321550160646439
1.3003174603174603,548.47546,0.04929009824991226
1.3235374149659864,542.45874,0.04098252207040787
1.3467573696145125,531.10834,0.02638019248843193
1.3699773242630386,483.24127,0.016697749495506287
1.3931972789115648,414.85355,0.025664927437901497
1.4164172335600906,403.62408,0.022247223183512688
1.4396371882086167,414.7429,0.012489019893109798
1.4628571428571429,431.29803,0.008146598003804684
1.486077097505669,438.38058,0.008319386281073093
1.509297052154195,441.6427,0.00914257112890482
1.5325170068027212,447.89487,0.010005829855799675
1.5557369614512473,437.7448,0.007847921922802925
1.5789569160997732,374.1095,0.003957806155085564
1.6021768707482993,323.00836,0.006342040374875069
1.6253968253968254,317.92902,0.0066138398833572865
1.6486167800453515,332.13916,0.006307659205049276
1.6718367346938776,334.21875,0.006579789333045483
1.6950566893424037,329.435,0.006374077871441841
1.7182766439909298,329.8505,0.005091147962957621
1.7414965986394557,334.41373,0.004352083429694176
1.7647165532879818,331.93912,0.004498512018471956
1.787936507936508,330.1828,0.003970886580646038
1.811156462585034,337.61734,0.004715289454907179
1.8343764172335602,352.1632,0.0063573638908565044
1.8575963718820863,355.76648,0.005641508381813765
1.8808163265306124,349.88962,0.004310061223804951
1.9040362811791383,343.51776,0.0034473109990358353
1.9272562358276644,334.30792,0.0039812121540308
1.9504761904761905,325.58215,0.0035305924247950315
1.9736961451247166,326.47464,0.0030355120543390512
1.9969160997732427,340.69095,0.005351738538593054
2.020136054421769,358.4339,0.006078456528484821
2.043356009070295,359.55777,0.0040105911903083324
2.066575963718821,345.814,0.0031596017070114613
2.089795918367347,338.59113,0.0021047163754701614
2.1130158730158732,344.54868,0.0036683552898466587
2.1362358276643993,375.72214,0.003984455950558186
2.159455782312925,361.41406,0.0006896749837324023
2.182675736961451,340.28265,9.251109440810978e-05
2.2058956916099772,0.0,4.891161552222911e-06
2.2291156462585033,0.0,9.230734576703981e-07
2.2523356009070294,0.0,3.3641481422819197e-07
2.2755555555555556,0.0,2.8912018024129793e-07
2.2987755102040817,0.0,1.4782017387915403e-07
2.3219954648526078,0.0,2.0904371922370046e-07
2.345215419501134,0.0,2.050073817372322e-07
2.36843537414966,0.0,3.4505319490563124e-07
2.391655328798186,0.0,1.8773334886645898e-07
2.414875283446712,0.0,8.500683179590851e-08
2.4380952380952383,0.0,2.1285995899233967e-07
2.4613151927437644,0.0,1.943244569702074e-07
2.48453514739229,0.0,1.0820713214343414e-07
2.507755102040816,0.0,2.5330609787488356e-07
2.5309750566893423,0.0,2.523438524804078e-07
2.5541950113378684,0.0,1.9917297322535887e-07
2.5774149659863945,0.0,8.889583114068955e-08
2.6006349206349206,0.0,1.0372241376899183e-07
2.6238548752834467,0.0,2.460819814587012e-08
