0.0,0.0,8.709430403541774e-07
0.023219954648526078,0.0,1.9163417164236307e-07
0.046439909297052155,0.0,5.847277861903422e-07
0.06965986394557823,0.0,3.3071964935516007e-06
0.09287981859410431,338.29855,0.0012638792395591736
0.11609977324263039,347.71194,0.004113604314625263
0.13931972789115646,351.3846,0.006510223262012005
0.16253968253968254,356.77548,0.008750209584832191
0.18575963718820862,359.9578,0.009158766828477383
0.2089795918367347,359.0985,0.007727647200226784
0.23219954648526078,355.58185,0.006257881410419941
0.25541950113378686,354.53223,0.007516689598560333
0.2786394557823129,365.18878,0.006118226796388626
0.301859410430839,397.3757,0.0065146032720804214
0.3250793650793651,436.87357,0.008930993266403675
0.3482993197278912,448.7155,0.012877359054982662
0.37151927437641724,451.0822,0.01202749740332365
0.3947392290249433,452.63565,0.013691170141100883
0.4179591836734694,460.255,0.013255447149276733
0.44117913832199546,482.45483,0.03640259802341461
0.46439909297052157,524.33606,0.09828653931617737
0.4876190476190476,539.60767,0.11740828305482864
0.5108390022675737,544.53296,0.10099267959594727
0.5340589569160998,532.1868,0.07853487879037857
0.5572789115646258,522.1741,0.08755463361740112
0.5804988662131519,524.3199,0.1210087239742279
0.603718820861678,544.5767,0.14019814133644104
0.626938775510204,586.93317,0.24307557940483093
0.6501587301587302,632.64954,0.19701993465423584
0.6733786848072563,660.8566,0.11525541543960571
0.6965986394557824,683.98364,0.11033660173416138
0.7198185941043084,695.2622,0.15077227354049683
0.7430385487528345,703.85425,0.19020862877368927
0.7662585034013606,712.84326,0.19262433052062988
0.7894784580498866,710.01904,0.1636706292629242
0.8126984126984127,680.8736,0.2543356418609619
0.8359183673469388,612.87354,0.14394111931324005
0.8591383219954649,569.827,0.1465376615524292
0.8823582766439909,567.58344,0.16555365920066833
0.905578231292517,570.33374,0.13596221804618835
0.9287981859410431,561.99097,0.11888019740581512
0.9520181405895691,543.8939,0.032741885632276535
0.9752380952380952,441.92853,0.012025998905301094
0.9984580498866213,435.02136,0.010898623615503311
1.0216780045351475,439.90408,0.015298765152692795
1.0448979591836736,435.43158,0.019452307373285294
1.0681179138321997,443.83157,0.015514055266976357
1.0913378684807256,435.35687,0.00944339670240879
1.1145578231292517,432.99982,0.010477258823812008
1.1377777777777778,442.44894,0.014751076698303223
1.1609977324263039,446.5191,0.011051934212446213
1.18421768707483,423.4099,0.007287109736353159
1.207437641723356,357.0254,0.0031995000317692757
1.2306575963718822,332.6661,0.002904786728322506
1.253877551020408,332.1144,0.006494209170341492
1.2770975056689342,345.98898,0.00795060396194458
1.3003174603174603,351.0125,0.006995172239840031
1.3235374149659864,347.95068,0.006682197563350201
1.3467573696145125,347.13574,0.006145193241536617
1.3699773242630386,345.7692,0.004747418686747551
1.3931972789115648,343.04633,0.004771137610077858
1.4164172335600906,345.6247,0.007653044071048498
1.4396371882086167,355.86078,0.00860597100108862
1.4628571428571429,365.5806,0.008885570801794529
1.486077097505669,366.47427,0.011229618452489376
1.509297052154195,352.39587,0.004262480419129133
1.5325170068027212,332.1242,0.003001492703333497
1.5557369614512473,326.06818,0.003688640194013715
1.5789569160997732,338.75992,0.0054749310947954655
1.6021768707482993,360.8322,0.003630508668720722
1.6253968253968254,375.27707,0.004130781628191471
1.6486167800453515,369.58624,0.005254759453237057
1.6718367346938776,355.73703,0.0035907309502363205
1.6950566893424037,349.20752,0.0024019931443035603
1.7182766439909298,364.23648,0.0008603138267062604
1.7414965986394557,370.19812,0.0001636657543713227
1.7647165532879818,0.0,9.753532140166499e-06
1.787936507936508,0.0,1.4699935491080396e-06
1.811156462585034,0.0,2.8558224585140124e-07
1.8343764172335602,0.0,1.2009240890620276e-07
1.8575963718820863,0.0,6.521167961182073e-08
1.8808163265306124,0.0,3.888999344781041e-08
1.9040362811791383,0.0,9.220730134984478e-08
1.9272562358276644,0.0,1.4581291907234117e-07
