0.0,0.0,1.2609416444320232e-07
0.023219954648526078,0.0,5.501806299434975e-08
0.046439909297052155,0.0,9.304949344368652e-08
0.06965986394557823,0.0,1.4591478247893974e-07
0.09287981859410431,0.0,1.568851075717248e-07
0.11609977324263039,0.0,1.6825651982799172e-07
0.13931972789115646,0.0,2.2704898583469912e-07
0.16253968253968254,0.0,2.059787220787257e-07
0.18575963718820862,0.0,3.2453317544423044e-07
0.2089795918367347,0.0,4.789580998476595e-08
0.23219954648526078,0.0,3.043000106117688e-06
0.25541950113378686,91.569016,0.00010381900210632011
0.2786394557823129,107.63136,0.0004491691943258047
0.301859410430839,119.245674,0.0003461184387560934
0.3250793650793651,131.34088,0.00034945906372740865
0.3482993197278912,132.2451,0.0004472089640330523
0.37151927437641724,129.90643,0.0011233770055696368
0.3947392290249433,125.273415,0.001473340205848217
0.4179591836734694,122.41326,0.0012827434111386538
0.44117913832199546,122.35074,0.001426012022420764
0.46439909297052157,125.410576,0.0007182693807408214
0.4876190476190476,135.78746,0.000830288277938962
0.5108390022675737,150.70328,0.0013414968270808458
0.5340589569160998,150.8478,0.0009582664933986962
0.5572789115646258,147.13756,0.0006725473213009536
0.5804988662131519,138.9469,0.00025901763001456857
0.603718820861678,132.80122,0.00035673752427101135
0.626938775510204,139.29948,0.0008446967112831771
0.6501587301587302,152.76207,0.001251871115528047
0.6733786848072563,165.49687,0.0016234321519732475
0.6965986394557824,170.395,0.0020534866489470005
0.7198185941043084,165.98627,0.001964376075193286
0.7430385487528345,155.58958,0.0012647341936826706
0.7662585034013606,149.78575,0.0017498527886345983
0.7894784580498866,155.30502,0.001993137877434492
0.8126984126984127,169.26485,0.0009017056436277926
0.8359183673469388,181.73253,0.0008632087265141308
0.8591383219954649,188.36932,0.0011272678384557366
0.8823582766439909,173.9152,0.0023148551117628813
0.905578231292517,169.10251,0.0033721120562404394
0.9287981859410431,168.80418,0.0021821947302669287
0.9520181405895691,173.87231,0.0011792187578976154
0.9752380952380952,190.9577,0.0014284709468483925
0.9984580498866213,197.72429,0.0013289363123476505
1.0216780045351475,196.15096,0.0010567731224000454
1.0448979591836736,188.51854,0.000793071580119431
1.0681179138321997,182.09552,0.0008499578107148409
1.0913378684807256,183.92442,0.0011179307475686073
1.1145578231292517,195.99054,0.0015527820214629173
1.1377777777777778,210.34267,0.004154565278440714
1.1609977324263039,229.8562,0.005521408282220364
1.18421768707483,232.86624,0.0037926104851067066
1.207437641723356,220.57167,0.002548279706388712
1.2306575963718822,206.70476,0.0019664564169943333
1.253877551020408,205.85744,0.0024257178883999586
1.2770975056689342,215.70605,0.004679203033447266
1.3003174603174603,236.04195,0.0089771943166852
1.3235374149659864,497.76956,0.0155632384121418
1.3467573696145125,509.16907,0.013654222711920738
1.3699773242630386,506.87613,0.006656578741967678
1.3931972789115648,237.41914,0.005098968744277954
1.4164172335600906,231.40388,0.006228980608284473
1.4396371882086167,233.67188,0.006816134322434664
1.4628571428571429,253.45988,0.00882483460009098
1.486077097505669,532.25494,0.005952020641416311
1.509297052154195,537.1203,0.006658260710537434
1.5325170068027212,527.6397,0.008805129677057266
1.5557369614512473,517.6372,0.006838174536824226
1.5789569160997732,510.09296,0.009215371683239937
1.6021768707482993,519.02783,0.007037568371742964
1.6253968253968254,271.40262,0.005335117224603891
1.6486167800453515,298.27692,0.009532032534480095
1.6718367346938776,307.6795,0.010158080607652664
1.6950566893424037,301.76807,0.005595094058662653
1.7182766439909298,291.95135,0.005181403830647469
1.7414965986394557,286.12473,0.00484849838539958
1.7647165532879818,284.2196,0.004019693471491337
1.787936507936508,278.92078,0.0031354303937405348
1.811156462585034,269.28247,0.012043382972478867
1.8343764172335602,259.54727,0.019042592495679855
1.8575963718820863,246.2125,0.008434721268713474
1.8808163265306124,243.4749,0.010844141244888306
1.9040362811791383,252.88277,0.013206064701080322
1.9272562358276644,518.0315,0.00847912859171629
1.9504761904761905,261.89005,0.011908269487321377
1.9736961451247166,255.89609,0.006528587080538273
1.9969160997732427,237.33487,0.0018858864204958081
2.020136054421769,218.8834,0.0018912998493760824
2.043356009070295,228.83867,0.0033960463479161263
2.066575963718821,235.60042,0.005315147340297699
2.089795918367347,493.75204,0.009048296138644218
2.1130158730158732,247.10384,0.006036232225596905
2.1362358276643993,240.68906,0.0026502772234380245
2.159455782312925,219.6321,0.0013976080808788538
2.182675736961451,204.24802,0.0008680052123963833
2.2058956916099772,202.97212,0.0012125249486416578
2.2291156462585033,207.7355,0.0021883202716708183
2.2523356009070294,214.79272,0.0032881773076951504
2.2755555555555556,224.09955,0.002437539165839553
2.2987755102040817,213.33894,0.0011397551279515028
2.3219954648526078,195.25789,0.0010375778656452894
2.345215419501134,175.47858,0.00274904677644372
2.36843537414966,168.27219,0.003051354084163904
2.391655328798186,172.3117,0.000759473885409534
2.414875283446712,192.39934,0.0008650153176859021
2.4380952380952383,196.33504,0.0007198386592790484
2.4613151927437644,191.15428,0.0007385993376374245
2.48453514739229,177.95813,0.0016397730214521289
2.507755102040816,165.6984,0.0018073649844154716
2.5309750566893423,157.97932,0.002133639995008707
2.5541950113378684,155.96829,0.0020228468347340822
2.5774149659863945,161.22926,0.0015875648241490126
2.6006349206349206,169.0621,0.0010704650776460767
2.6238548752834467,172.73169,0.0008325196686200798
2.647074829931973,174.6635,0.0011155774118378758
2.670294784580499,170.6108,0.001351672108285129
2.693514739229025,162.95477,0.0008116537355817854
2.716734693877551,156.61852,0.0010375212877988815
2.7399546485260773,153.90454,0.0012142774648964405
2.7631746031746034,160.30814,0.0014695452991873026
2.7863945578231295,165.54085,0.0017266771756112576
2.809614512471655,165.97171,0.0014322882052510977
2.8328344671201813,160.99257,0.0010601877002045512
2.8560544217687074,148.9006,0.0010312816593796015
2.8792743764172335,140.64801,0.0008445032872259617
2.9024943310657596,416.9489,0.0009020316647365689
2.9257142857142857,140.9515,0.0010177060030400753
2.948934240362812,144.60657,0.0013610064052045345
2.972154195011338,147.63739,0.001320414710789919
2.995374149659864,147.50433,0.0011300697224214673
3.01859410430839,144.73357,0.0005258451565168798
3.0418140589569163,418.29883,0.0002481859701219946
3.0650340136054424,126.841705,0.00028755850507877767
3.0882539682539685,121.88265,0.00031908650998957455
3.1114739229024946,119.41638,0.0005108475452288985
3.1346938775510207,122.780876,0.00034598459023982286
3.1579138321995464,128.43149,0.0002733715227805078
3.1811337868480725,129.68242,0.0003204501117579639
3.2043537414965986,127.810585,0.0003898518916685134
3.2275736961451247,124.298035,0.0004367819055914879
3.250793650793651,119.02926,0.0004204425495117903
3.274013605442177,117.23321,0.0005611117230728269
3.297233560090703,119.33142,0.0005241658072918653
3.320453514739229,124.45504,0.00035832461435347795
3.3436734693877552,129.51965,0.00025762402219697833
3.3668934240362813,135.2735,0.00019505052478052676
3.3901133786848074,134.40903,0.00027143501210957766
3.4133333333333336,127.0937,0.0004195979272481054
3.4365532879818597,120.93393,0.0004738578572869301
3.4597732426303858,232.79213,0.0003772583440877497
3.4829931972789114,491.37122,0.00047137882211245596
3.5062131519274375,117.100044,0.0004976408090442419
3.5294331065759637,125.74104,0.00031843650504015386
3.5526530612244898,133.60258,0.00042106473119929433
3.575873015873016,140.37967,0.0003223587991669774
3.599092970521542,809.17206,0.0002742903307080269
3.622312925170068,126.975815,0.0002817311033140868
3.645532879818594,121.05576,0.00036606565117836
3.6687528344671203,116.84488,0.0003293999470770359
3.6919727891156464,117.77951,0.00034594605676829815
3.7151927437641725,122.99036,0.00026880623772740364
3.7384126984126986,131.6358,0.0001480762439314276
3.7616326530612247,217.27077,2.616872916405555e-05
3.784852607709751,0.0,2.4034015950746834e-06
3.8080725623582765,0.0,6.079999366193078e-07
3.8312925170068026,0.0,3.439090505708009e-07
3.8545124716553287,0.0,1.0038093023467809e-07
3.877732426303855,0.0,5.180027073947713e-08
3.900952380952381,0.0,2.476344889146276e-07
3.924172335600907,0.0,1.0162784747080877e-07
3.947392290249433,0.0,8.062852430157363e-08
3.9706122448979593,0.0,1.0544772521825507e-07
3.9938321995464854,0.0,7.749622454866767e-08
4.017052154195011,0.0,1.0258645488647744e-07
4.040272108843538,0.0,1.6114609024953097e-07
4.063492063492063,0.0,1.23463905765675e-07
