0.0,0.0,4.046369213028811e-07
0.023219954648526078,0.0,6.87537067278754e-07
0.046439909297052155,0.0,2.6066663849633187e-07
0.06965986394557823,0.0,3.733621269930154e-07
0.09287981859410431,0.0,2.58995896729175e-07
0.11609977324263039,0.0,1.70498424267862e-07
0.13931972789115646,0.0,5.161553417565301e-06
0.16253968253968254,154.24635,0.00023048982257023454
0.18575963718820862,154.67445,0.001577556598931551
0.2089795918367347,320.66223,0.002843110356479883
0.23219954648526078,163.77522,0.003692046971991658
0.25541950113378686,164.84293,0.0038334690034389496
0.2786394557823129,167.15707,0.003955020569264889
0.301859410430839,172.42413,0.0036729290150105953
0.3250793650793651,360.6411,0.00552838621661067
0.3482993197278912,177.12738,0.002917100675404072
0.37151927437641724,169.822,0.0041117179207503796
0.3947392290249433,172.54276,0.006142966914921999
0.4179591836734694,188.91542,0.01786661148071289
0.44117913832199546,205.85994,0.024889178574085236
0.46439909297052157,224.19876,0.00649607740342617
0.4876190476190476,224.95424,0.02494603767991066
0.5108390022675737,211.8451,0.04619066044688225
0.5340589569160998,211.45631,0.013879409991204739
0.5572789115646258,233.85376,0.005343954544514418
0.5804988662131519,253.20107,0.010891465470194817
0.603718820861678,272.60773,0.006947485730051994
0.626938775510204,288.9075,0.007267066743224859
0.6501587301587302,278.05872,0.013917336240410805
0.6733786848072563,270.31155,0.013128180056810379
0.6965986394557824,272.58707,0.015291216783225536
0.7198185941043084,289.04846,0.07466088235378265
0.7430385487528345,617.85986,0.05934657156467438
0.7662585034013606,361.43704,0.029345661401748657
0.7894784580498866,382.69666,0.015453792177140713
0.8126984126984127,390.50607,0.02095867320895195
0.8359183673469388,386.04984,0.03335501626133919
0.8591383219954649,374.70328,0.11700525134801865
0.8823582766439909,362.61856,0.07851709425449371
0.905578231292517,359.5871,0.06689900159835815
0.9287981859410431,359.48676,0.05299513787031174
0.9520181405895691,340.74625,0.0909915640950203
0.9752380952380952,307.1007,0.11875041574239731
0.9984580498866213,586.58057,0.017791543155908585
1.0216780045351475,226.04588,0.012199779972434044
1.0448979591836736,221.49661,0.00565546378493309
1.0681179138321997,236.5956,0.007009148132055998
1.0913378684807256,254.69615,0.015773175284266472
1.1145578231292517,266.0129,0.011673531495034695
1.1377777777777778,250.26854,0.005854515824466944
1.1609977324263039,225.7714,0.024573560804128647
1.18421768707483,202.97894,0.03142745420336723
1.207437641723356,202.05263,0.04275456815958023
1.2306575963718822,209.48817,0.020484937354922295
1.253877551020408,212.0019,0.015816517174243927
1.2770975056689342,211.52507,0.021899960935115814
1.3003174603174603,205.51146,0.00850835070014
1.3235374149659864,611.0818,0.0011525354348123074
1.3467573696145125,156.54907,0.0004617789527401328
1.3699773242630386,132.11688,0.003102830145508051
1.3931972789115648,126.78438,0.003614342538639903
1.4164172335600906,144.8557,0.010769970715045929
1.4396371882086167,154.95302,0.004744971636682749
1.4628571428571429,165.67961,0.003796914592385292
1.486077097505669,167.22739,0.0032271710224449635
1.509297052154195,164.08957,0.005917059723287821
1.5325170068027212,155.30934,0.006304939277470112
1.5557369614512473,144.88545,0.003870224580168724
1.5789569160997732,151.20454,0.005734950769692659
1.6021768707482993,163.38405,0.002851430093869567
1.6253968253968254,182.9773,0.004507492762058973
1.6486167800453515,195.1333,0.003201210405677557
1.6718367346938776,544.70166,0.002363325096666813
1.6950566893424037,162.71553,0.003356981324031949
1.7182766439909298,145.84836,0.002199279610067606
1.7414965986394557,299.12198,0.002483977470546961
1.7647165532879818,513.7734,0.000737203168682754
1.787936507936508,206.12926,5.329417763277888e-05
1.811156462585034,0.0,1.5219557099044323e-06
1.8343764172335602,0.0,3.871384251397103e-06
1.8575963718820863,0.0,7.368389560724609e-07
1.8808163265306124,0.0,2.831338861142285e-07
1.9040362811791383,0.0,1.552625690237619e-07
1.9272562358276644,0.0,8.919960237108171e-08
1.9504761904761905,0.0,8.661390893394127e-08
1.9736961451247166,0.0,3.3764808904379606e-07
