0.0,0.0,1.6559260984649882e-07
0.023219954648526078,0.0,2.3791653802618384e-07
0.046439909297052155,0.0,3.642817318905145e-07
0.06965986394557823,0.0,2.0668539946200326e-07
0.09287981859410431,87.60072,1.1729236575774848e-05
0.11609977324263039,103.07866,5.867821164429188e-05
0.13931972789115646,834.9707,0.00029277801513671875
0.16253968253968254,123.54888,0.0005573623348027468
0.18575963718820862,490.7831,0.0012508871732279658
0.2089795918367347,866.2146,0.0015836055390536785
0.23219954648526078,520.9735,0.0015590996481478214
0.25541950113378686,514.76086,0.001310907886363566
0.2786394557823129,496.52576,0.0011084630386903882
0.301859410430839,502.63333,0.0006906071212142706
0.3250793650793651,487.53537,0.0005772903095930815
0.3482993197278912,624.1873,0.000810996862128377
0.37151927437641724,228.23637,0.0008623418398201466
0.3947392290249433,242.15941,0.0011784275993704796
0.4179591836734694,243.98737,0.0012277665082365274
0.44117913832199546,809.78723,0.0011234718840569258
0.46439909297052157,815.20544,0.0009996365988627076
0.4876190476190476,236.9773,0.001045634038746357
0.5108390022675737,255.91171,0.0025725134182721376
0.5340589569160998,275.51743,0.0024753701873123646
0.5572789115646258,567.3174,0.002967728301882744
0.5804988662131519,560.3278,0.00210416316986084
0.603718820861678,556.8067,0.0011474500643089414
0.626938775510204,560.22406,0.0005919670220464468
0.6501587301587302,308.46667,0.0015316670760512352
0.6733786848072563,335.2195,0.00403074873611331
0.6965986394557824,353.17047,0.009751968085765839
0.7198185941043084,363.6517,0.016899187117815018
0.7430385487528345,364.4718,0.010687711648643017
0.7662585034013606,356.6891,0.0033163719344884157
0.7894784580498866,336.7214,0.003927468787878752
0.8126984126984127,297.2725,0.0029650023207068443
0.8359183673469388,266.53445,0.002047086600214243
0.8591383219954649,702.9682,0.001306223450228572
0.8823582766439909,236.48732,0.001521407626569271
0.905578231292517,254.47568,0.0023304696660488844
0.9287981859410431,272.10312,0.0018440878484398127
0.9520181405895691,269.91495,0.0016292777145281434
0.9752380952380952,565.3167,0.0014548365725204349
0.9984580498866213,905.91296,0.0014289688551798463
1.0216780045351475,581.58527,0.0012043488677591085
1.0448979591836736,911.99896,0.0010238529648631811
1.0681179138321997,870.7718,0.0013717918191105127
1.0913378684807256,893.5013,0.0011154526146128774
1.1145578231292517,575.2288,0.0009174118749797344
1.1377777777777778,812.14795,0.0005109082558192313
1.1609977324263039,163.8817,0.00024910506908781826
1.18421768707483,147.72493,0.00044817719026468694
1.207437641723356,142.39609,0.0005094197695143521
1.2306575963718822,516.68256,0.0006794178625568748
1.253877551020408,494.97617,0.0005305138183757663
1.2770975056689342,629.82904,0.0005672096740454435
1.3003174603174603,609.4649,0.000601714476943016
1.3235374149659864,586.7647,0.000450965017080307
1.3467573696145125,504.2049,0.0005682347691617906
1.3699773242630386,632.05237,0.0005410914309322834
1.3931972789115648,505.362,0.0004775995621457696
1.4164172335600906,480.0964,0.000539424829185009
1.4396371882086167,502.15118,0.0006019158754497766
1.4628571428571429,504.07007,0.0004260757123120129
1.486077097505669,516.60944,0.00039616593858227134
1.509297052154195,488.58237,0.00040038517909124494
1.5325170068027212,502.31714,0.0005563345039263368
1.5557369614512473,625.6253,0.0006067281356081367
1.5789569160997732,477.81723,0.000747436482924968
1.6021768707482993,608.2099,0.00034332345239818096
1.6253968253968254,182.94803,0.00010383600601926446
1.6486167800453515,192.00914,2.033919736277312e-05
1.6718367346938776,0.0,5.6695862440392375e-06
1.6950566893424037,0.0,4.806151082448196e-06
1.7182766439909298,0.0,5.834408511873335e-07
1.7414965986394557,0.0,4.3015825212933123e-07
1.7647165532879818,0.0,2.3880693333921954e-07
1.787936507936508,0.0,2.689093889784999e-07
1.811156462585034,0.0,6.65583684167359e-07
1.8343764172335602,0.0,2.1981941245030612e-07
1.8575963718820863,0.0,1.4780198398511857e-07
1.8808163265306124,0.0,3.64379957318306e-08
