0.0,0.0,1.1767770047299564e-07
0.023219954648526078,0.0,1.7579804989509284e-07
0.046439909297052155,0.0,1.084235918824561e-07
0.06965986394557823,0.0,1.9649360183393583e-07
0.09287981859410431,0.0,5.190295269130729e-07
0.11609977324263039,0.0,1.0241228665108792e-06
0.13931972789115646,95.9758,0.0002908480819314718
0.16253968253968254,110.07531,0.0010274479864165187
0.18575963718820862,120.07736,0.001899818191304803
0.2089795918367347,128.1086,0.0009310810710303485
0.23219954648526078,129.37872,0.0008653294062241912
0.25541950113378686,130.34676,0.00133418885525316
0.2786394557823129,127.866806,0.0015798115637153387
0.301859410430839,127.38139,0.0008974650409072638
0.3250793650793651,138.5853,0.0009756744839251041
0.3482993197278912,147.42749,0.0019502080976963043
0.37151927437641724,151.2274,0.002991710091009736
0.3947392290249433,158.31161,0.003006919287145138
0.4179591836734694,163.163,0.0030951700173318386
0.44117913832199546,160.88072,0.0011619850993156433
0.46439909297052157,157.42035,0.0017986592138186097
0.4876190476190476,165.74847,0.0018215221352875233
0.5108390022675737,180.11214,0.0027280219364911318
0.5340589569160998,198.14352,0.002145482925698161
0.5572789115646258,204.28146,0.0018516540294513106
0.5804988662131519,202.96407,0.001973141450434923
0.603718820861678,564.3747,0.002106684260070324
0.626938775510204,187.913,0.002528803190216422
0.6501587301587302,436.27682,0.005882711615413427
0.6733786848072563,502.23602,0.029820848256349564
0.6965986394557824,528.8192,0.029688635841012
0.7198185941043084,530.6484,0.015354887582361698
0.7430385487528345,246.8205,0.003823921550065279
0.7662585034013606,221.41617,0.0018339387606829405
0.7894784580498866,199.7224,0.001231422065757215
0.8126984126984127,190.09468,0.0014287165831774473
0.8359183673469388,182.7878,0.001666180556640029
0.8591383219954649,185.01082,0.002385471947491169
0.8823582766439909,193.83368,0.00271223159506917
0.905578231292517,195.02412,0.0018266320694237947
0.9287981859410431,571.8445,0.001697306870482862
0.9520181405895691,177.05055,0.004060630686581135
0.9752380952380952,156.48169,0.002120744902640581
0.9984580498866213,143.91795,0.0023946482688188553
1.0216780045351475,152.50531,0.004407149739563465
1.0448979591836736,489.357,0.005798171274363995
1.0681179138321997,166.48073,0.005845898762345314
1.0913378684807256,155.19656,0.0012905163457617164
1.1145578231292517,134.6083,0.0004075467004440725
1.1377777777777778,114.915375,0.00014904807903803885
1.1609977324263039,109.44394,0.0002856547653209418
1.18421768707483,107.80176,0.0007474997546523809
1.207437641723356,114.119194,0.0014234889531508088
1.2306575963718822,123.10841,0.001210352056659758
1.253877551020408,132.08127,0.0007154775667004287
1.2770975056689342,136.6258,0.0007201987318694592
1.3003174603174603,129.74896,0.0011661853641271591
1.3235374149659864,122.440994,0.0007258803816512227
1.3467573696145125,116.994896,0.0007556814816780388
1.3699773242630386,112.86074,0.0009453793754801154
1.3931972789115648,115.54269,0.0007126748096197844
1.4164172335600906,127.96688,0.0006005361210554838
1.4396371882086167,139.21814,0.0013970127329230309
1.4628571428571429,143.64655,0.0009838833939284086
1.486077097505669,728.3031,0.0011074678041040897
1.509297052154195,118.24204,0.0007832948467694223
1.5325170068027212,117.897766,0.00039612711407244205
1.5557369614512473,130.3662,0.00021697631746064872
1.5789569160997732,150.99873,3.5925189877161756e-05
1.6021768707482993,0.0,3.360902155691292e-06
1.6253968253968254,0.0,1.158919076260645e-06
1.6486167800453515,0.0,4.7578669182257727e-07
1.6718367346938776,0.0,2.617407517391257e-07
1.6950566893424037,0.0,2.777751433313824e-07
1.7182766439909298,0.0,3.702843969222158e-07
1.7414965986394557,0.0,3.375216692802496e-07
