0.0,0.0,2.335536919417791e-07
0.023219954648526078,0.0,2.1464347810251638e-07
0.046439909297052155,0.0,2.0639708964154124e-07
0.06965986394557823,0.0,1.3931003195466474e-07
0.09287981859410431,0.0,1.6645572031848133e-07
0.11609977324263039,0.0,1.0759413271443918e-07
0.13931972789115646,0.0,1.4432862371904776e-07
0.16253968253968254,0.0,1.2502368917921558e-07
0.18575963718820862,0.0,2.0767192836501636e-06
0.2089795918367347,0.0,3.805757842201274e-06
0.23219954648526078,89.06175,1.294672711082967e-05
0.25541950113378686,197.11382,5.658231384586543e-05
0.2786394557823129,218.56209,0.0002249273529741913
0.301859410430839,116.05748,0.00032926606945693493
0.3250793650793651,124.60585,0.0006206858670338988
0.3482993197278912,124.65899,0.0008121492573991418
0.37151927437641724,120.341446,0.000795783125795424
0.3947392290249433,238.16324,0.0006130497204139829
0.4179591836734694,119.48358,0.0009547474328428507
0.44117913832199546,126.36354,0.0009070199448615313
0.46439909297052157,138.45326,0.0017499414971098304
0.4876190476190476,147.66048,0.0021729895379394293
0.5108390022675737,148.43166,0.002941093873232603
0.5340589569160998,150.09584,0.0020663714967668056
0.5572789115646258,144.69618,0.0014491986948996782
0.5804988662131519,140.49733,0.0017980497796088457
0.603718820861678,146.1356,0.0031071966513991356
0.626938775510204,154.35849,0.001706820446997881
0.6501587301587302,167.15721,0.0017585157183930278
0.6733786848072563,167.7721,0.0017289046663790941
0.6965986394557824,158.57584,0.0021224110387265682
0.7198185941043084,145.10805,0.001805000239983201
0.7430385487528345,151.55684,0.0024201017804443836
0.7662585034013606,156.60083,0.001468945643864572
0.7894784580498866,167.53085,0.002415369264781475
0.8126984126984127,172.6111,0.002092776820063591
0.8359183673469388,176.55688,0.0025685331784188747
0.8591383219954649,174.6701,0.002454213798046112
0.8823582766439909,169.01457,0.0024159448221325874
0.905578231292517,165.09692,0.002299289917573333
0.9287981859410431,168.95078,0.0021902229636907578
0.9520181405895691,185.0161,0.002366445492953062
0.9752380952380952,198.67906,0.003597345668822527
0.9984580498866213,194.36919,0.0017694965936243534
1.0216780045351475,185.21404,0.0019398262957111
1.0448979591836736,174.07405,0.002295435406267643
1.0681179138321997,173.57642,0.002131494926288724
1.0913378684807256,198.99197,0.004906469956040382
1.1145578231292517,213.66544,0.0016442236956208944
1.1377777777777778,226.86888,0.0019125122344121337
1.1609977324263039,228.03206,0.0018253203015774488
1.18421768707483,219.22801,0.0024427406024187803
1.207437641723356,216.81079,0.0014920723624527454
1.2306575963718822,222.78987,0.0017518600216135383
1.253877551020408,234.81123,0.001326901139691472
1.2770975056689342,248.68608,0.0027232146821916103
1.3003174603174603,260.08395,0.0032647675834596157
1.3235374149659864,260.77414,0.0023956643417477608
1.3467573696145125,241.12932,0.003933801781386137
1.3699773242630386,231.4899,0.003169020637869835
1.3931972789115648,231.08937,0.0024200102780014277
1.4164172335600906,252.44687,0.0037828253116458654
1.4396371882086167,269.62704,0.0038851217832416296
1.4628571428571429,276.3279,0.004194724839180708
1.486077097505669,274.12088,0.003989895340055227
1.509297052154195,249.86917,0.003515284974128008
1.5325170068027212,243.55421,0.002686609048396349
1.5557369614512473,267.4476,0.007357983849942684
1.5789569160997732,294.2994,0.027525976300239563
1.6021768707482993,314.46463,0.03112957254052162
1.6253968253968254,321.5122,0.02962580695748329
1.6486167800453515,308.65753,0.017070062458515167
1.6718367346938776,604.51215,0.006666152738034725
1.6950566893424037,242.37955,0.007194358855485916
1.7182766439909298,230.70558,0.00555597385391593
1.7414965986394557,233.45784,0.003535414347425103
1.7647165532879818,249.42694,0.004113402683287859
1.787936507936508,517.6423,0.0038727254141122103
1.811156462585034,260.66168,0.004089902155101299
1.8343764172335602,240.45107,0.0058677890338003635
1.8575963718820863,225.96423,0.005076012574136257
1.8808163265306124,220.05376,0.0040633720345795155
1.9040362811791383,228.4482,0.004200831986963749
1.9272562358276644,236.29326,0.005422242917120457
1.9504761904761905,239.2453,0.005197408143430948
1.9736961451247166,233.93619,0.004470390733331442
1.9969160997732427,221.79395,0.005810103379189968
2.020136054421769,213.19418,0.007229188922792673
2.043356009070295,210.8331,0.005108078476041555
2.066575963718821,215.83844,0.0034503061324357986
2.089795918367347,222.32042,0.004490222781896591
2.1130158730158732,214.91911,0.007109583355486393
2.1362358276643993,197.20699,0.001696770079433918
2.159455782312925,179.0796,0.0011848444119095802
2.182675736961451,172.21112,0.0018001405987888575
2.2058956916099772,175.67271,0.0017776077147573233
2.2291156462585033,191.86203,0.0022395511623471975
2.2523356009070294,194.8776,0.002834017388522625
2.2755555555555556,192.59155,0.001896784408017993
2.2987755102040817,189.0072,0.00133019988425076
2.3219954648526078,179.52701,0.0013024520594626665
2.345215419501134,168.63264,0.0012210806598886847
2.36843537414966,170.14616,0.0011830704752355814
2.391655328798186,168.15959,0.0016352381790056825
2.414875283446712,169.98288,0.0019253959180787206
2.4380952380952383,171.59618,0.0018529118970036507
2.4613151927437644,170.68181,0.001490631839260459
2.48453514739229,166.24722,0.0019699682015925646
2.507755102040816,155.71138,0.0023845869582146406
2.5309750566893423,149.8443,0.0029735269490629435
2.5541950113378684,154.39508,0.002112671500071883
2.5774149659863945,162.45828,0.0016717568505555391
2.6006349206349206,165.51674,0.0017746294615790248
2.6238548752834467,161.90154,0.0022368549834936857
2.647074829931973,150.48523,0.0018198237521573901
2.670294784580499,139.9678,0.0017185689648613334
2.693514739229025,138.19601,0.002911549061536789
2.716734693877551,141.48363,0.002498130314052105
2.7399546485260773,143.56313,0.0021174077410250902
2.7631746031746034,143.15514,0.0016410802491009235
2.7863945578231295,142.3576,0.001283321063965559
2.809614512471655,134.59161,0.0010530068539083004
2.8328344671201813,123.05963,0.0006031222292222083
2.8560544217687074,232.08353,0.0011205695336684585
2.8792743764172335,116.58683,0.0015389432664960623
2.9024943310657596,122.9812,0.0014766869135200977
2.9257142857142857,129.5258,0.0008972465293481946
2.948934240362812,134.00827,0.0008922058623284101
2.972154195011338,133.26929,0.0011998541885986924
2.995374149659864,125.25996,0.0012110136449337006
3.01859410430839,603.8523,0.0009652536828070879
3.0418140589569163,588.6443,0.0009592044516466558
3.0650340136054424,587.6965,0.0011212392710149288
3.0882539682539685,118.6542,0.0013208362506702542
3.1114739229024946,124.61528,0.0011484578717499971
3.1346938775510207,130.41039,0.000909665075596422
3.1579138321995464,130.9249,0.001347095356322825
3.1811337868480725,126.80926,0.0013170487945899367
3.2043537414965986,120.20943,0.00072131009073928
3.2275736961451247,224.20767,0.0006598153850063682
3.250793650793651,220.3637,0.0007120087393559515
3.274013605442177,225.82388,0.0010785677004605532
3.297233560090703,117.077286,0.0011955969966948032
3.320453514739229,124.784615,0.0008726796950213611
3.3436734693877552,130.76778,0.0006352148484438658
3.3668934240362813,131.85727,0.0008717085001990199
3.3901133786848074,126.841095,0.0009450187208130956
3.4133333333333336,120.0146,0.0005634792614728212
3.4365532879818597,221.71817,0.0004892621072940528
3.4597732426303858,220.12787,0.0006885756738483906
3.4829931972789114,112.17113,0.0009338121744804084
3.5062131519274375,121.60168,0.000635687552858144
3.5294331065759637,131.45288,0.000518843880854547
3.5526530612244898,132.22772,0.0006507576908916235
3.575873015873016,124.72859,0.00045033328933641315
3.599092970521542,222.83983,0.00012486716150306165
3.622312925170068,110.365326,3.6835583159700036e-05
3.645532879818594,120.01944,1.1081988304795232e-05
3.6687528344671203,0.0,6.344110261125024e-06
3.6919727891156464,0.0,5.783776941825636e-07
3.7151927437641725,0.0,1.9738035916816443e-07
3.7384126984126986,0.0,1.2059263099217787e-07
3.7616326530612247,0.0,1.7730053514242172e-07
3.784852607709751,0.0,1.5602381608914584e-07
3.8080725623582765,0.0,7.505423127440736e-08
3.8312925170068026,0.0,3.260938683524728e-07
3.8545124716553287,0.0,2.4117889552144334e-07
3.877732426303855,0.0,9.849463822320104e-08
3.900952380952381,0.0,1.8778791854856536e-07
3.924172335600907,0.0,7.907328836154193e-08
3.947392290249433,0.0,7.169546734075993e-08
3.9706122448979593,0.0,9.065843187272549e-08
3.9938321995464854,0.0,1.437192622688599e-07
4.017052154195011,0.0,1.0851817933144048e-07
4.040272108843538,0.0,7.635208021383733e-09
