0.0,0.0,2.535261955927126e-07
0.023219954648526078,0.0,6.221307558007538e-07
0.046439909297052155,0.0,4.807507139048539e-07
0.06965986394557823,0.0,4.612493285094388e-07
0.09287981859410431,0.0,1.093303581001237e-07
0.11609977324263039,0.0,1.0263274816679768e-06
0.13931972789115646,478.93204,0.0007174378260970116
0.16253968253968254,145.15579,0.0035939477384090424
0.18575963718820862,159.32286,0.009067030623555183
0.2089795918367347,169.91747,0.007625429891049862
0.23219954648526078,169.47554,0.01573985256254673
0.25541950113378686,165.89304,0.005747878924012184
0.2786394557823129,156.30376,0.005687445867806673
0.301859410430839,153.28903,0.007197382859885693
0.3250793650793651,166.43483,0.005494743585586548
0.3482993197278912,187.32558,0.0039106616750359535
0.37151927437641724,210.85577,0.008908144198358059
0.3947392290249433,230.03291,0.009520054794847965
0.4179591836734694,223.74292,0.006215643137693405
0.44117913832199546,202.01636,0.005342843942344189
0.46439909297052157,197.58736,0.0053514475002884865
0.4876190476190476,258.31323,0.011899171397089958
0.5108390022675737,248.43921,0.028504185378551483
0.5340589569160998,269.4572,0.029070593416690826
0.5572789115646258,560.0344,0.0383121520280838
0.5804988662131519,277.91037,0.022556878626346588
0.603718820861678,259.16522,0.018419183790683746
0.626938775510204,247.64592,0.029593130573630333
0.6501587301587302,154.07974,0.015475329011678696
0.6733786848072563,302.21338,0.0091297198086977
0.6965986394557824,622.7745,0.006207474507391453
0.7198185941043084,502.99872,0.007470611948519945
0.7430385487528345,502.94833,0.013545194640755653
0.7662585034013606,507.30676,0.010955416597425938
0.7894784580498866,314.42096,0.027413073927164078
0.8126984126984127,274.15393,0.022418471053242683
0.8359183673469388,260.85645,0.04506617411971092
0.8591383219954649,253.77539,0.018135927617549896
0.8823582766439909,259.19336,0.004947822540998459
0.905578231292517,268.37897,0.00570725928992033
0.9287981859410431,269.81833,0.006360283121466637
0.9520181405895691,263.88205,0.027239574119448662
0.9752380952380952,480.77585,0.009679703041911125
0.9984580498866213,204.17766,0.004244166426360607
1.0216780045351475,192.19733,0.004255639389157295
1.0448979591836736,195.83539,0.004748367704451084
1.0681179138321997,210.60265,0.005664685275405645
1.0913378684807256,212.87387,0.004525125026702881
1.1145578231292517,206.41167,0.0029782422352582216
1.1377777777777778,184.1296,0.006312413141131401
1.1609977324263039,165.30069,0.006323311477899551
1.18421768707483,157.13852,0.008411753922700882
1.207437641723356,156.69212,0.010608960874378681
1.2306575963718822,168.49957,0.0045692939311265945
1.253877551020408,174.37831,0.001603660057298839
1.2770975056689342,187.5755,0.0014519845135509968
1.3003174603174603,183.89165,0.001830719760619104
1.3235374149659864,171.65666,0.0042866007424890995
1.3467573696145125,167.96165,0.008244605734944344
1.3699773242630386,163.8758,0.006641081999987364
1.3931972789115648,160.30614,0.006138511002063751
1.4164172335600906,158.72734,0.004674412310123444
1.4396371882086167,166.02867,0.003237196709960699
1.4628571428571429,171.86926,0.0012425126042217016
1.486077097505669,181.4642,0.0008761539356783032
1.509297052154195,191.29077,0.0012453064555302262
1.5325170068027212,171.13441,0.002366334432736039
1.5557369614512473,168.12636,0.004526493139564991
1.5789569160997732,162.68718,0.004595009610056877
1.6021768707482993,159.14537,0.002755741821601987
1.6253968253968254,168.07419,0.0014514524955302477
1.6486167800453515,189.4452,0.0013297132682055235
1.6718367346938776,195.0076,0.00021318046492524445
1.6950566893424037,0.0,6.5832191467052326e-06
1.7182766439909298,0.0,5.634212357108481e-06
1.7414965986394557,0.0,7.836479198886082e-07
1.7647165532879818,0.0,2.980805220431648e-07
1.787936507936508,0.0,1.1673637345666066e-07
1.811156462585034,0.0,1.398420863552019e-07
1.8343764172335602,0.0,6.398386176442727e-08
1.8575963718820863,0.0,2.2842868929728866e-08
