0.0,0.0,7.894777809269726e-08
0.023219954648526078,0.0,1.6856392903719097e-07
0.046439909297052155,0.0,1.9530671124812216e-07
0.06965986394557823,0.0,9.532413969282061e-08
0.09287981859410431,0.0,7.548715075245127e-08
0.11609977324263039,0.0,7.135622581699863e-08
0.13931972789115646,0.0,2.0834977476624772e-07
0.16253968253968254,0.0,8.658207661937922e-08
0.18575963718820862,0.0,7.881808414822444e-07
0.2089795918367347,352.46774,0.00010417921293992549
0.23219954648526078,355.39847,0.00024698226479813457
0.25541950113378686,162.27634,0.00033944816095754504
0.2786394557823129,163.53784,0.0005102218128740788
0.301859410430839,162.44046,0.0006114587304182351
0.3250793650793651,161.90108,0.0006885557086206973
0.3482993197278912,164.05289,0.0015231306897476315
0.37151927437641724,340.80408,0.002231074497103691
0.3947392290249433,170.93475,0.002053257543593645
0.4179591836734694,169.86502,0.002028720686212182
0.44117913832199546,167.76501,0.0018495013937354088
0.46439909297052157,165.1624,0.0018027299083769321
0.4876190476190476,165.81572,0.003444358706474304
0.5108390022675737,170.66183,0.0033754734322428703
0.5340589569160998,191.07076,0.005690043792128563
0.5572789115646258,208.20474,0.01421392522752285
0.5804988662131519,221.67267,0.009798364713788033
0.603718820861678,224.61649,0.009396001696586609
0.626938775510204,218.84808,0.005938471760600805
0.6501587301587302,219.70949,0.004370491951704025
0.6733786848072563,230.16231,0.0037854393012821674
0.6965986394557824,251.24754,0.008076831698417664
0.7198185941043084,269.15723,0.012176992371678352
0.7430385487528345,273.85342,0.014110931195318699
0.7662585034013606,272.56485,0.008812800981104374
0.7894784580498866,268.84192,0.005532341077923775
0.8126984126984127,276.11243,0.003113672137260437
0.8359183673469388,311.211,0.0056146858260035515
0.8591383219954649,353.05762,0.003963942639529705
0.8823582766439909,377.42987,0.0017223113682121038
0.905578231292517,388.05273,0.0037199188955128193
0.9287981859410431,388.44168,0.005056220106780529
0.9520181405895691,384.37714,0.00439701322466135
0.9752380952380952,380.2019,0.005191314034163952
0.9984580498866213,373.5974,0.007930496707558632
1.0216780045351475,367.9429,0.00935632735490799
1.0448979591836736,364.1315,0.00979253463447094
1.0681179138321997,360.84232,0.0124337924644351
1.0913378684807256,359.28235,0.014965391717851162
1.1145578231292517,355.0603,0.01873423159122467
1.1377777777777778,344.4675,0.015773260965943336
1.1609977324263039,330.31714,0.008779321797192097
1.18421768707483,291.60178,0.00844256579875946
1.207437641723356,268.18063,0.005921511445194483
1.2306575963718822,260.1916,0.005969351157546043
1.253877551020408,259.86337,0.008193619549274445
1.2770975056689342,262.49628,0.0096633555367589
1.3003174603174603,263.28503,0.005530251655727625
1.3235374149659864,257.34412,0.004410162568092346
1.3467573696145125,227.62605,0.006470578256994486
1.3699773242630386,202.09647,0.0029352183919399977
1.3931972789115648,193.73724,0.0037296079099178314
1.4164172335600906,193.19414,0.0034850691445171833
1.4396371882086167,195.90343,0.0033232830464839935
1.4628571428571429,198.44441,0.003341452684253454
1.486077097505669,199.8206,0.0022432953119277954
1.509297052154195,193.49852,0.0022071958519518375
1.5325170068027212,355.5968,0.0019505011150613427
1.5557369614512473,162.14833,0.0016986248083412647
1.5789569160997732,242.08691,0.0015695104375481606
1.6021768707482993,145.09813,0.002305620815604925
1.6253968253968254,155.13193,0.002923910738900304
1.6486167800453515,160.53902,0.002464144490659237
1.6718367346938776,163.72508,0.002607115311548114
1.6950566893424037,165.41624,0.0024347850121557713
1.7182766439909298,164.57582,0.001739906263537705
1.7414965986394557,161.10109,0.0018515727715566754
1.7647165532879818,157.03384,0.002463078126311302
1.787936507936508,152.8778,0.0022897853050380945
1.811156462585034,161.05336,0.001823332393541932
1.8343764172335602,167.9947,0.003050908213481307
1.8575963718820863,354.4556,0.0017134924419224262
1.8808163265306124,184.8259,0.001286434126086533
1.9040362811791383,184.26192,0.001196168945170939
1.9272562358276644,358.87943,0.0015052045928314328
1.9504761904761905,345.95523,0.001079391106031835
1.9736961451247166,166.71269,0.0011259752791374922
1.9969160997732427,166.79803,0.0014492606278508902
2.020136054421769,168.34398,0.0017285447102040052
2.043356009070295,171.9334,0.0014924799324944615
2.066575963718821,177.32808,0.0012002377770841122
2.089795918367347,178.41069,0.0008814469911158085
2.1130158730158732,168.9229,0.0006529945530928671
2.1362358276643993,387.46405,0.00041640986455604434
2.159455782312925,161.35626,0.00018794590141624212
2.182675736961451,165.66956,0.00012257799971848726
2.2058956916099772,170.19443,3.0372846595128067e-05
2.2291156462585033,167.97926,1.2740221791318618e-05
2.2523356009070294,0.0,2.748557562881615e-06
2.2755555555555556,0.0,1.0550911611062475e-06
2.2987755102040817,0.0,4.91028004034888e-07
2.3219954648526078,0.0,9.139876055996865e-08
2.345215419501134,0.0,1.9526578398654237e-07
2.36843537414966,0.0,6.37546690995805e-08
