0.0,0.0,9.40881363931112e-08
0.023219954648526078,0.0,1.9960407371399924e-07
0.046439909297052155,0.0,1.4733905118191615e-07
0.06965986394557823,0.0,5.2150426199659705e-08
0.09287981859410431,0.0,3.662171366158873e-08
0.11609977324263039,0.0,6.249410944292322e-08
0.13931972789115646,0.0,1.0381336323916912e-07
0.16253968253968254,82.06128,0.00015725895354989916
0.18575963718820862,149.03989,0.0004869974800385535
0.2089795918367347,158.32384,0.0017534077633172274
0.23219954648526078,170.28148,0.004162235651165247
0.25541950113378686,178.36192,0.004720934201031923
0.2786394557823129,174.01572,0.0046424660831689835
0.301859410430839,166.66585,0.005322027485817671
0.3250793650793651,169.79219,0.00801483727991581
0.3482993197278912,179.61076,0.00799812376499176
0.37151927437641724,193.06078,0.008099738508462906
0.3947392290249433,200.78418,0.009207738563418388
0.4179591836734694,208.97914,0.01146075688302517
0.44117913832199546,212.21332,0.012257415801286697
0.46439909297052157,213.21094,0.010872635059058666
0.4876190476190476,215.9484,0.008938921615481377
0.5108390022675737,225.94351,0.008514863438904285
0.5340589569160998,239.83893,0.007403420750051737
0.5572789115646258,255.34407,0.007808559574186802
0.5804988662131519,271.82663,0.011015931144356728
0.603718820861678,275.3355,0.012868436984717846
0.626938775510204,263.7474,0.01579134538769722
0.6501587301587302,252.58691,0.014780272729694843
0.6733786848072563,261.53714,0.009220078587532043
0.6965986394557824,288.0626,0.010000752285122871
0.7198185941043084,321.65283,0.011421846225857735
0.7430385487528345,343.4482,0.016741598024964333
0.7662585034013606,360.8657,0.018598761409521103
0.7894784580498866,366.91705,0.02431478537619114
0.8126984126984127,361.74246,0.01973104104399681
0.8359183673469388,348.25922,0.020374909043312073
0.8591383219954649,315.43686,0.017539523541927338
0.8823582766439909,288.75415,0.016525421291589737
0.905578231292517,278.74762,0.013613794930279255
0.9287981859410431,274.80167,0.011487235315144062
0.9520181405895691,275.99423,0.011547083035111427
0.9752380952380952,273.09055,0.012395324185490608
0.9984580498866213,254.73111,0.015313183888792992
1.0216780045351475,222.34163,0.017440641298890114
1.0448979591836736,204.09122,0.01789776235818863
1.0681179138321997,204.74089,0.017395149916410446
1.0913378684807256,208.5357,0.017336029559373856
1.1145578231292517,207.1363,0.014379378408193588
1.1377777777777778,202.51872,0.008235616609454155
1.1609977324263039,192.40172,0.006621368229389191
1.18421768707483,176.12946,0.005833072122186422
1.207437641723356,169.57513,0.007371267769485712
1.2306575963718822,172.00914,0.007227424532175064
1.253877551020408,175.65417,0.006046679802238941
1.2770975056689342,178.42924,0.005489290226250887
1.3003174603174603,174.99615,0.0055802431888878345
1.3235374149659864,167.8785,0.0027650909032672644
1.3467573696145125,159.13107,0.003411926096305251
1.3699773242630386,148.11943,0.002875827718526125
1.3931972789115648,154.02309,0.0027460670098662376
1.4164172335600906,166.58122,0.005749291740357876
1.4396371882086167,173.98918,0.005234903655946255
1.4628571428571429,175.92085,0.004666765220463276
1.486077097505669,173.21794,0.003823185572400689
1.509297052154195,162.73637,0.002388022607192397
1.5325170068027212,149.92621,0.0020503285340964794
1.5557369614512473,157.12852,0.0018172124400734901
1.5789569160997732,174.36668,0.0009932732209563255
1.6021768707482993,192.23026,0.00013555560144595802
1.6253968253968254,69.682045,2.070469781756401e-05
1.6486167800453515,0.0,1.6080421119113453e-06
1.6718367346938776,0.0,8.014094419195317e-07
1.6950566893424037,0.0,1.3814133126288652e-07
1.7182766439909298,0.0,1.8352602637605742e-07
1.7414965986394557,0.0,1.0652820492396131e-07
1.7647165532879818,0.0,1.4123816072242334e-07
1.787936507936508,0.0,1.200305632664822e-07
1.811156462585034,0.0,8.008919394342229e-08
1.8343764172335602,0.0,4.5391971070785075e-08
