0.0,0.0,2.960860001621768e-08
0.023219954648526078,0.0,1.6170815797522664e-08
0.046439909297052155,0.0,1.1431438906583935e-08
0.06965986394557823,0.0,1.645548763917759e-08
0.09287981859410431,0.0,9.90803528111428e-09
0.11609977324263039,0.0,2.3585016606375575e-08
0.13931972789115646,0.0,8.691131370142102e-09
0.16253968253968254,0.0,1.752323441905901e-08
0.18575963718820862,0.0,2.633532858453691e-08
0.2089795918367347,0.0,1.5217665350064635e-08
0.23219954648526078,0.0,5.7337274483870715e-08
0.25541950113378686,0.0,1.1402516975067556e-06
0.2786394557823129,0.0,4.166098733549006e-06
0.301859410430839,0.0,5.933894499321468e-06
0.3250793650793651,0.0,8.164624887285754e-06
0.3482993197278912,167.87698,1.5687031918787397e-05
0.37151927437641724,167.7012,3.563069549272768e-05
0.3947392290249433,165.39424,6.878704880364239e-05
0.4179591836734694,165.67911,8.895734936231747e-05
0.44117913832199546,168.13078,0.00013409768871497363
0.46439909297052157,170.88412,0.00022183368855621666
0.4876190476190476,173.31335,0.0003057911526411772
0.5108390022675737,173.31395,0.00041230174247175455
0.5340589569160998,171.33078,0.0004207961028441787
0.5572789115646258,168.78711,0.0003836807154584676
0.5804988662131519,170.37888,0.0003360376867931336
0.603718820861678,180.44377,0.0003533594135660678
0.626938775510204,194.82661,0.0005029966123402119
0.6501587301587302,207.31187,0.0006031063385307789
0.6733786848072563,210.60413,0.0005621057935059071
0.6965986394557824,202.72295,0.0003717095241881907
0.7198185941043084,195.76317,0.0003577175084501505
0.7430385487528345,201.13066,0.0006365866283886135
0.7662585034013606,210.61778,0.0007119642104953527
0.7894784580498866,222.78033,0.0007039763731881976
0.8126984126984127,230.81688,0.0007391105173155665
0.8359183673469388,231.79196,0.001053951564244926
0.8591383219954649,207.19159,0.0010422568302601576
0.8823582766439909,200.54887,0.0009601010824553668
0.905578231292517,209.31862,0.0008886185241863132
0.9287981859410431,223.24103,0.0008265034412033856
0.9520181405895691,236.2918,0.001082030008547008
0.9752380952380952,246.60144,0.0008076269878074527
0.9984580498866213,251.69846,0.0010462186764925718
1.0216780045351475,247.52548,0.0015637585893273354
1.0448979591836736,240.32985,0.000703063327819109
1.0681179138321997,237.03519,0.0010907374089583755
1.0913378684807256,240.67194,0.0011365704704076052
1.1145578231292517,253.82114,0.0016810214146971703
1.1377777777777778,271.56412,0.000926240929402411
1.1609977324263039,280.59015,0.0017756326124072075
1.18421768707483,274.4012,0.0022402170579880476
1.207437641723356,257.1418,0.0017315996810793877
1.2306575963718822,251.59389,0.0020222391467541456
1.253877551020408,265.87393,0.0016625942662358284
1.2770975056689342,279.2698,0.0016554506728425622
1.3003174603174603,293.34756,0.0017379206838086247
1.3235374149659864,301.43488,0.0022726007737219334
1.3467573696145125,297.26083,0.0024800426326692104
1.3699773242630386,287.66006,0.002464539371430874
1.3931972789115648,290.65823,0.0018833852373063564
1.4164172335600906,301.37088,0.0014954422367736697
1.4396371882086167,321.83893,0.0027052550576627254
1.4628571428571429,334.1006,0.003228267654776573
1.486077097505669,339.80753,0.0034069232642650604
1.509297052154195,335.3867,0.0020825564861297607
1.5325170068027212,323.75656,0.0012802918208763003
1.5557369614512473,313.33466,0.0022690598852932453
1.5789569160997732,328.91022,0.004511113278567791
1.6021768707482993,339.31192,0.005996187217533588
1.6253968253968254,349.79474,0.005327675491571426
1.6486167800453515,356.44962,0.006006539799273014
1.6718367346938776,344.09485,0.00599582539871335
1.6950566893424037,341.97647,0.006150825880467892
1.7182766439909298,356.0406,0.007751123048365116
1.7414965986394557,366.3234,0.004952844697982073
1.7647165532879818,384.54294,0.00778964813798666
1.787936507936508,396.6699,0.009759015403687954
1.811156462585034,402.1959,0.007920214906334877
1.8343764172335602,404.40836,0.007633393630385399
1.8575963718820863,399.23184,0.008056171238422394
1.8808163265306124,367.7375,0.007314929738640785
1.9040362811791383,353.99576,0.006177656818181276
1.9272562358276644,351.1347,0.006074541248381138
1.9504761904761905,353.72446,0.006802202668040991
1.9736961451247166,356.41544,0.00660767313092947
1.9969160997732427,349.5609,0.005123097449541092
2.020136054421769,335.52765,0.0029339762404561043
2.043356009070295,329.36682,0.0031220465898513794
2.066575963718821,330.29095,0.004520857706665993
2.089795918367347,332.76953,0.0038784248754382133
2.1130158730158732,336.78085,0.0039779869839549065
2.1362358276643993,333.88675,0.002531361998990178
2.159455782312925,310.19238,0.0032143997959792614
2.182675736961451,290.34085,0.0027977959252893925
2.2058956916099772,286.58328,0.003051711479201913
2.2291156462585033,289.5674,0.00261025526560843
2.2523356009070294,292.81787,0.003029237501323223
2.2755555555555556,293.8948,0.0028679240494966507
2.2987755102040817,282.65405,0.004041625652462244
2.3219954648526078,264.65405,0.0017236486310139298
2.345215419501134,258.76135,0.0035256892442703247
2.36843537414966,262.85358,0.005674528423696756
2.391655328798186,265.48853,0.005118698347359896
2.414875283446712,262.57834,0.0020492710173130035
2.4380952380952383,251.91814,0.002193546388298273
2.4613151927437644,239.6711,0.0017820666544139385
2.48453514739229,232.81857,0.0020273812115192413
2.507755102040816,227.29596,0.0018207898829132318
2.5309750566893423,231.57623,0.0014545746380463243
2.5541950113378684,235.45842,0.0013719493290409446
2.5774149659863945,234.53995,0.0015461633447557688
2.6006349206349206,223.15398,0.0017634775722399354
2.6238548752834467,204.92014,0.001700819469988346
2.647074829931973,203.70544,0.001563934376463294
2.670294784580499,209.39638,0.0019249632023274899
2.693514739229025,217.693,0.0020817993208765984
2.716734693877551,218.06235,0.0017712360713630915
2.7399546485260773,201.24202,0.0009603302460163832
2.7631746031746034,181.08124,0.001276430208235979
2.7863945578231295,175.4729,0.001416048500686884
2.809614512471655,176.52174,0.001106545445509255
2.8328344671201813,184.85423,0.0008295465377159417
2.8560544217687074,1325.8002,0.000697265553753823
2.8792743764172335,186.53479,0.001379655092023313
2.9024943310657596,177.53781,0.0009628256084397435
2.9257142857142857,162.7691,0.0005566488252952695
2.948934240362812,154.04565,0.0005057674716226757
2.972154195011338,153.74318,0.0007405373617075384
2.995374149659864,166.27434,0.0008964499575085938
3.01859410430839,177.76524,0.0007199555402621627
3.0418140589569163,184.27682,0.000982397235929966
3.0650340136054424,175.31798,0.0007113264291547239
3.0882539682539685,164.60892,0.0004276472027413547
3.1114739229024946,557.8705,0.0004445550439413637
3.1346938775510207,153.83846,0.00046757812378928065
3.1579138321995464,161.10504,0.0006121733458712697
3.1811337868480725,173.33864,0.00048792193410918117
3.2043537414965986,182.65048,0.0004529532743617892
3.2275736961451247,185.5659,0.000657097261864692
3.250793650793651,172.81735,0.0004507910052780062
3.274013605442177,155.90842,0.00034346914617344737
3.297233560090703,146.09288,0.0003546335210558027
3.320453514739229,157.3596,0.000376288837287575
3.3436734693877552,177.59915,0.00015787464508321136
3.3668934240362813,183.39105,1.1996773537248373e-05
3.3901133786848074,0.0,1.2450736903701909e-06
3.4133333333333336,0.0,1.7825277609517798e-07
3.4365532879818597,0.0,4.763660399476066e-08
3.4597732426303858,0.0,2.76459104497917e-08
3.4829931972789114,0.0,5.27988959220238e-08
3.5062131519274375,0.0,5.1675669965334237e-08
3.5294331065759637,0.0,4.872981662629172e-08
3.5526530612244898,0.0,2.5039298634510487e-08
3.575873015873016,0.0,8.578717825002968e-08
3.599092970521542,0.0,9.928498911904171e-08
3.622312925170068,0.0,7.072867447277531e-08
3.645532879818594,0.0,7.474864105461165e-08
3.6687528344671203,0.0,3.007789928233251e-08
3.6919727891156464,0.0,1.918215275509283e-08
3.7151927437641725,0.0,1.9938852346967906e-08
3.7384126984126986,0.0,2.0463630789890885e-08
3.7616326530612247,0.0,1.4962097338866442e-08
3.784852607709751,0.0,6.032496457919478e-08
3.8080725623582765,0.0,6.38719939161092e-08
3.8312925170068026,0.0,6.441223376896232e-08
3.8545124716553287,0.0,2.8119757189415395e-08
3.877732426303855,0.0,2.5381268642377108e-08
3.900952380952381,0.0,3.118111635558307e-08
3.924172335600907,0.0,3.5521225072443485e-08
3.947392290249433,0.0,3.5182893043383956e-08
3.9706122448979593,0.0,3.575496521079913e-08
3.9938321995464854,0.0,4.2391548049636185e-08
4.017052154195011,0.0,1.4390934666153044e-08
