0.0,0.0,4.4770513341063634e-07
0.023219954648526078,0.0,2.7704936655936763e-07
0.046439909297052155,0.0,1.2831696949433535e-07
0.06965986394557823,0.0,5.2684299589600414e-08
0.09287981859410431,0.0,9.716040949570015e-08
0.11609977324263039,0.0,1.7086313164327294e-07
0.13931972789115646,0.0,3.2623302104184404e-07
0.16253968253968254,0.0,7.36317815608345e-08
0.18575963718820862,0.0,1.6518151824129745e-07
0.2089795918367347,0.0,1.5912155504338443e-07
0.23219954648526078,0.0,5.169549694983289e-07
0.25541950113378686,148.38,4.387692752061412e-05
0.2786394557823129,179.82314,0.0004072090960107744
0.301859410430839,133.71791,0.0011959371622651815
0.3250793650793651,136.89893,0.0020267481449991465
0.3482993197278912,141.62283,0.0022155134938657284
0.37151927437641724,142.3586,0.0028757359832525253
0.3947392290249433,138.17961,0.0024226922541856766
0.4179591836734694,133.11783,0.0013793876860290766
0.44117913832199546,133.36415,0.0011562714353203773
0.46439909297052157,140.4209,0.0017551600467413664
0.4876190476190476,147.26888,0.0036296555772423744
0.5108390022675737,153.97978,0.004572786390781403
0.5340589569160998,162.45746,0.006652860902249813
0.5572789115646258,167.01353,0.009966863319277763
0.5804988662131519,167.34766,0.00872137863188982
0.603718820861678,167.30083,0.006170316599309444
0.626938775510204,168.72551,0.006819366477429867
0.6501587301587302,173.44647,0.005287625826895237
0.6733786848072563,194.95052,0.008364217355847359
0.6965986394557824,196.05196,0.006788104772567749
0.7198185941043084,198.23381,0.00834654550999403
0.7430385487528345,193.81642,0.007417628075927496
0.7662585034013606,195.61063,0.010696385987102985
0.7894784580498866,202.69414,0.012182626873254776
0.8126984126984127,208.43555,0.00922352634370327
0.8359183673469388,213.14864,0.008346098475158215
0.8591383219954649,228.68991,0.012370620854198933
0.8823582766439909,249.73947,0.009332546032965183
0.905578231292517,269.71423,0.009613138623535633
0.9287981859410431,272.80765,0.013843752443790436
0.9520181405895691,271.16428,0.015225276350975037
0.9752380952380952,264.3596,0.015204546973109245
0.9984580498866213,264.8697,0.014096278697252274
1.0216780045351475,265.0773,0.013660067692399025
1.0448979591836736,264.78336,0.015388202853500843
1.0681179138321997,255.13107,0.02391185238957405
1.0913378684807256,226.56177,0.022948626428842545
1.1145578231292517,200.49268,0.015474814921617508
1.1377777777777778,196.14311,0.013160217553377151
1.1609977324263039,196.78532,0.01260405220091343
1.18421768707483,199.8188,0.011717457324266434
1.207437641723356,199.61798,0.009337276220321655
1.2306575963718822,196.73567,0.007568317465484142
1.253877551020408,189.83334,0.009871275164186954
1.2770975056689342,176.10033,0.005780377890914679
1.3003174603174603,161.90007,0.004438056610524654
1.3235374149659864,158.56102,0.006014359183609486
1.3467573696145125,157.6697,0.006473533809185028
1.3699773242630386,163.21895,0.00994487851858139
1.3931972789115648,166.65186,0.012750349938869476
1.4164172335600906,167.11867,0.01220635324716568
1.4396371882086167,166.96962,0.00973860640078783
1.4628571428571429,165.77544,0.006874913815408945
1.486077097505669,161.78145,0.005589555948972702
1.509297052154195,292.86108,0.002401113510131836
1.5325170068027212,139.1181,0.0012280105147510767
1.5557369614512473,135.70676,0.0011608217610046268
1.5789569160997732,131.49747,0.0015855818055570126
1.6021768707482993,130.14026,0.0023142085410654545
1.6253968253968254,132.35518,0.0031319898553192616
1.6486167800453515,133.93399,0.0025402233004570007
1.6718367346938776,130.26642,0.00194206228479743
1.6950566893424037,124.772194,0.0019022331107407808
1.7182766439909298,123.760956,0.0020424264948815107
1.7414965986394557,123.99538,0.002356650773435831
1.7647165532879818,125.76384,0.0020421668887138367
1.787936507936508,131.735,0.0014796187169849873
1.811156462585034,141.74437,0.0018134257989004254
1.8343764172335602,136.00552,0.0016262202989310026
1.8575963718820863,129.98212,0.0015578442253172398
1.8808163265306124,126.678085,0.0017890708986669779
1.9040362811791383,124.504944,0.0013504840899258852
1.9272562358276644,123.776306,0.0012163734063506126
1.9504761904761905,126.53281,0.001550022279843688
1.9736961451247166,137.62668,0.00106317107565701
1.9969160997732427,178.77748,0.0002893861383199692
2.020136054421769,143.8631,6.303526606643572e-05
2.043356009070295,0.0,5.523329491552431e-06
2.066575963718821,0.0,1.044835698849056e-06
2.089795918367347,0.0,2.8553859010571614e-07
2.1130158730158732,0.0,2.064989530481398e-07
2.1362358276643993,0.0,1.0526400728849694e-07
2.159455782312925,0.0,5.8216755860485137e-08
2.182675736961451,0.0,2.0998049876652658e-07
2.2058956916099772,0.0,1.207599780173041e-07
