0.0,0.0,6.507721991511062e-06
0.023219954648526078,0.0,1.728234565234743e-06
0.046439909297052155,0.0,3.8713460526196286e-07
0.06965986394557823,0.0,5.000338205718435e-07
0.09287981859410431,0.0,1.2469763532862999e-06
0.11609977324263039,0.0,1.69992108567385e-06
0.13931972789115646,80.08496,2.1038471459178254e-05
0.16253968253968254,157.6585,0.0002999040298163891
0.18575963718820862,399.4055,0.0008667083457112312
0.2089795918367347,701.72455,0.0008761757053434849
0.23219954648526078,510.71872,0.0013644569553434849
0.25541950113378686,677.8744,0.0015687826089560986
0.2786394557823129,681.8839,0.0023114336654543877
0.301859410430839,684.2119,0.003101642709225416
0.3250793650793651,486.66498,0.00471911858767271
0.3482993197278912,497.13992,0.003988445736467838
0.37151927437641724,500.36768,0.00252331979572773
0.3947392290249433,167.93332,0.0017705028876662254
0.4179591836734694,170.68854,0.002054961398243904
0.44117913832199546,373.7316,0.0023476453498005867
0.46439909297052157,399.1922,0.002944405423477292
0.4876190476190476,417.99988,0.005093766376376152
0.5108390022675737,422.98907,0.008239530958235264
0.5340589569160998,679.3437,0.008823441341519356
0.5572789115646258,422.85208,0.007803166285157204
0.5804988662131519,658.6431,0.008101781830191612
0.603718820861678,680.8531,0.009680941700935364
0.626938775510204,479.92465,0.011314830742776394
0.6501587301587302,509.7655,0.010108733549714088
0.6733786848072563,528.9422,0.01038654800504446
0.6965986394557824,535.588,0.011355551891028881
0.7198185941043084,534.19586,0.012148058041930199
0.7430385487528345,528.51056,0.011887148953974247
0.7662585034013606,527.47345,0.011498844251036644
0.7894784580498866,532.0378,0.012552933767437935
0.8126984126984127,486.40564,0.011600689962506294
0.8359183673469388,521.58417,0.011746769770979881
0.8591383219954649,639.2787,0.021208561956882477
0.8823582766439909,334.11377,0.016017155721783638
0.905578231292517,697.13196,0.01650015264749527
0.9287981859410431,1244.9803,0.013474239967763424
0.9520181405895691,823.9053,0.011863280087709427
0.9752380952380952,715.5025,0.014836179092526436
0.9984580498866213,719.3662,0.015126909129321575
1.0216780045351475,358.95532,0.012728224508464336
1.0448979591836736,707.97626,0.012535717338323593
1.0681179138321997,695.302,0.013154847547411919
1.0913378684807256,672.1146,0.011598894372582436
1.1145578231292517,704.5311,0.007677590474486351
1.1377777777777778,545.0767,0.007617062423378229
1.1609977324263039,530.9688,0.009272380731999874
1.18421768707483,532.3363,0.009844757616519928
1.207437641723356,539.03784,0.00939261820167303
1.2306575963718822,537.56226,0.008461285382509232
1.253877551020408,528.56415,0.009418214671313763
1.2770975056689342,511.28284,0.010270165279507637
1.3003174603174603,717.0204,0.006280929781496525
1.3235374149659864,675.8444,0.007094468921422958
1.3467573696145125,659.37445,0.006973184645175934
1.3699773242630386,652.3038,0.007163229398429394
1.3931972789115648,648.4339,0.006617192178964615
1.4164172335600906,647.6015,0.005820226855576038
1.4396371882086167,642.20184,0.006702681537717581
1.4628571428571429,428.11993,0.006095873191952705
1.486077097505669,427.6452,0.005669999867677689
1.509297052154195,420.4615,0.004824525211006403
1.5325170068027212,402.39957,0.004668308421969414
1.5557369614512473,379.10965,0.005467808805406094
1.5789569160997732,177.0674,0.004874402657151222
1.6021768707482993,685.3443,0.004629774019122124
1.6253968253968254,681.97815,0.0038756798021495342
1.6486167800453515,170.81729,0.0034215583000332117
1.6718367346938776,170.7368,0.003498414531350136
1.6950566893424037,171.65375,0.004940359853208065
1.7182766439909298,173.42412,0.005315079819411039
1.7414965986394557,661.31476,0.0049387002363801
1.7647165532879818,523.2802,0.005087483208626509
1.787936507936508,521.2085,0.0051021333783864975
1.811156462585034,519.23627,0.004213315900415182
1.8343764172335602,171.14563,0.0038503482937812805
1.8575963718820863,503.79123,0.0035460665822029114
1.8808163265306124,560.3072,0.004531859420239925
1.9040362811791383,569.82904,0.004889965057373047
1.9272562358276644,579.0696,0.004581483080983162
1.9504761904761905,621.6384,0.004778574220836163
1.9736961451247166,667.42316,0.004964080639183521
1.9969160997732427,650.8469,0.0045743356458842754
2.020136054421769,635.93414,0.004757131915539503
2.043356009070295,172.19673,0.003900248557329178
2.066575963718821,655.2096,0.0033046756871044636
2.089795918367347,480.29877,0.0024943379685282707
2.1130158730158732,479.9119,0.0028190594166517258
2.1362358276643993,165.18587,0.0030319364741444588
2.159455782312925,174.17497,0.0014186393236741424
2.182675736961451,180.52454,0.0001729906944092363
2.2058956916099772,174.52551,8.132738003041595e-05
2.2291156462585033,160.3447,1.1102252756245434e-05
2.2523356009070294,0.0,1.0149187801289372e-06
2.2755555555555556,0.0,4.298271960578859e-07
2.2987755102040817,0.0,2.1645792003255337e-07
2.3219954648526078,0.0,3.0754290492041036e-07
2.345215419501134,0.0,1.2704822438536212e-07
2.36843537414966,0.0,8.437928045168519e-08
2.391655328798186,0.0,1.3544195098802447e-07
2.414875283446712,0.0,1.2952750694239512e-07
2.4380952380952383,0.0,1.3604858395410702e-07
2.4613151927437644,0.0,3.851164365187287e-08
