0.0,0.0,1.334792614215985e-07
0.023219954648526078,0.0,2.17612978303805e-07
0.046439909297052155,0.0,1.537573552923277e-07
0.06965986394557823,0.0,2.816368578351103e-07
0.09287981859410431,0.0,2.947394023067318e-06
0.11609977324263039,485.6764,0.0005794499302282929
0.13931972789115646,479.11804,0.0014967392198741436
0.16253968253968254,486.16818,0.0018409318290650845
0.18575963718820862,486.3934,0.0020246251951903105
0.2089795918367347,490.11334,0.0019108876585960388
0.23219954648526078,502.41147,0.002227901481091976
0.25541950113378686,417.76218,0.0027733114548027515
0.2786394557823129,442.17688,0.003352901665493846
0.301859410430839,441.98306,0.0024509169161319733
0.3250793650793651,339.15036,0.00229517905972898
0.3482993197278912,522.6388,0.002717396477237344
0.37151927437641724,373.6214,0.005213866010308266
0.3947392290249433,403.57022,0.007001107558608055
0.4179591836734694,419.6691,0.007669813930988312
0.44117913832199546,418.8485,0.009375318884849548
0.46439909297052157,414.7259,0.009872018359601498
0.4876190476190476,414.93198,0.007754115387797356
0.5108390022675737,427.89044,0.011557584628462791
0.5340589569160998,460.80438,0.014802910387516022
0.5572789115646258,487.717,0.020406872034072876
0.5804988662131519,511.23718,0.03229547664523125
0.603718820861678,519.0427,0.03683941066265106
0.626938775510204,518.58563,0.03488161414861679
0.6501587301587302,517.56415,0.03352949768304825
0.6733786848072563,517.79126,0.040291495621204376
0.6965986394557824,525.96246,0.03970228135585785
0.7198185941043084,570.6565,0.02568250149488449
0.7430385487528345,615.13477,0.024036400020122528
0.7662585034013606,653.98175,0.013264408335089684
0.7894784580498866,664.3382,0.013613040558993816
0.8126984126984127,668.5113,0.0117661003023386
0.8359183673469388,337.38498,0.011275891214609146
0.8591383219954649,344.97302,0.011307284235954285
0.8823582766439909,351.04248,0.009489543735980988
0.905578231292517,704.40674,0.008941140957176685
0.9287981859410431,344.54514,0.012502615340054035
0.9520181405895691,316.29083,0.020166102796792984
0.9752380952380952,551.23065,0.04752396419644356
0.9984580498866213,522.68365,0.03446991741657257
1.0216780045351475,512.80426,0.03728780895471573
1.0448979591836736,518.8965,0.06009092926979065
1.0681179138321997,532.3101,0.05194983631372452
1.0913378684807256,540.40753,0.053226225078105927
1.1145578231292517,530.49396,0.03428760915994644
1.1377777777777778,490.48276,0.0205460786819458
1.1609977324263039,461.5513,0.01757577806711197
1.18421768707483,433.36737,0.014737941324710846
1.207437641723356,427.98764,0.01076546497642994
1.2306575963718822,429.97333,0.00966801866889
1.253877551020408,433.27206,0.009534389711916447
1.2770975056689342,433.66202,0.008922126144170761
1.3003174603174603,430.09625,0.009477844461798668
1.3235374149659864,421.3219,0.009713739156723022
1.3467573696145125,611.4153,0.007824433967471123
1.3699773242630386,566.3142,0.01217485312372446
1.3931972789115648,526.5767,0.01024601235985756
1.4164172335600906,715.2559,0.007081660442054272
1.4396371882086167,558.76465,0.007528352085500956
1.4628571428571429,512.8518,0.007162665016949177
1.486077097505669,720.30817,0.0062830219976603985
1.509297052154195,732.31824,0.006692296825349331
1.5325170068027212,746.5371,0.006242414936423302
1.5557369614512473,728.12537,0.005260720383375883
1.5789569160997732,337.9374,0.005341232754290104
1.6021768707482993,512.29663,0.0065268222242593765
1.6253968253968254,517.8045,0.007339296862483025
1.6486167800453515,347.31064,0.006913915276527405
1.6718367346938776,527.2455,0.005885836202651262
1.6950566893424037,526.49884,0.007123707793653011
1.7182766439909298,506.35797,0.005824207793921232
1.7414965986394557,160.28157,0.0035024238750338554
1.7647165532879818,455.61612,0.003191102994605899
1.787936507936508,151.20915,0.0029411008581519127
1.811156462585034,471.4805,0.004252936225384474
1.8343764172335602,509.72833,0.004449877422302961
1.8575963718820863,535.81134,0.004872551653534174
1.8808163265306124,548.469,0.004308203235268593
1.9040362811791383,528.3686,0.0035597113892436028
1.9272562358276644,165.41321,0.0029299845919013023
1.9504761904761905,156.01859,0.0023783533833920956
1.9736961451247166,148.3242,0.0019847278017550707
1.9969160997732427,151.88084,0.003180077997967601
2.020136054421769,484.64328,0.0015912402886897326
2.043356009070295,524.8377,0.0003266622079536319
2.066575963718821,172.16359,3.647851917776279e-05
2.089795918367347,0.0,5.022514415031765e-06
2.1130158730158732,0.0,8.763900041230954e-07
2.1362358276643993,0.0,3.628001650213264e-07
2.159455782312925,0.0,3.9217775338329375e-07
2.182675736961451,0.0,2.6227007765555754e-07
2.2058956916099772,0.0,4.202684067422524e-07
2.2291156462585033,0.0,9.38462108024396e-08
2.2523356009070294,0.0,1.6538069758098572e-07
2.2755555555555556,0.0,1.553635229356587e-07
2.2987755102040817,0.0,1.1436713975854218e-07
2.3219954648526078,0.0,6.218124326551333e-08
