0.0,0.0,6.33381205261685e-08
0.023219954648526078,0.0,3.4160893847001716e-07
0.046439909297052155,0.0,2.34511389862746e-07
0.06965986394557823,0.0,2.58202817349229e-07
0.09287981859410431,0.0,1.586486177984625e-07
0.11609977324263039,0.0,1.0815529094543308e-07
0.13931972789115646,0.0,6.360114639392123e-07
0.16253968253968254,155.18369,9.82832643785514e-05
0.18575963718820862,139.36076,0.00024405837757512927
0.2089795918367347,142.16866,0.00022651506878901273
0.23219954648526078,143.15988,0.0005772297736257315
0.25541950113378686,514.0273,0.0009513749973848462
0.2786394557823129,505.31567,0.0013181855902075768
0.301859410430839,509.9223,0.0016503424849361181
0.3250793650793651,458.42947,0.001433797413483262
0.3482993197278912,604.2408,0.0016619183588773012
0.37151927437641724,625.4238,0.0023280757013708353
0.3947392290249433,640.8208,0.002503173891454935
0.4179591836734694,489.60196,0.0024711755104362965
0.44117913832199546,483.4379,0.0015582332853227854
0.46439909297052157,654.2322,0.001869547413662076
0.4876190476190476,463.07742,0.004623071290552616
0.5108390022675737,485.87088,0.006634811870753765
0.5340589569160998,497.8444,0.008532963693141937
0.5572789115646258,592.8298,0.008389783091843128
0.5804988662131519,587.667,0.007719847373664379
0.603718820861678,597.0718,0.007723825052380562
0.626938775510204,602.1869,0.006428542081266642
0.6501587301587302,635.8599,0.006105785258114338
0.6733786848072563,362.37222,0.005520254373550415
0.6965986394557824,385.5507,0.006000343710184097
0.7198185941043084,607.0025,0.00873219221830368
0.7430385487528345,406.01093,0.00964447483420372
0.7662585034013606,395.56778,0.013423316180706024
0.7894784580498866,396.38803,0.014087051153182983
0.8126984126984127,621.3839,0.016744613647460938
0.8359183673469388,645.1559,0.01914403960108757
0.8591383219954649,659.59955,0.01641203835606575
0.8823582766439909,661.80475,0.016539525240659714
0.905578231292517,668.6789,0.01425497978925705
0.9287981859410431,483.3333,0.016415152698755264
0.9520181405895691,785.5005,0.018883880227804184
0.9752380952380952,491.7491,0.02097022719681263
0.9984580498866213,479.574,0.023558685556054115
1.0216780045351475,472.46457,0.020618900656700134
1.0448979591836736,952.2226,0.020435133948922157
1.0681179138321997,978.31366,0.02431151457130909
1.0913378684807256,479.10532,0.021546106785535812
1.1145578231292517,959.14514,0.021696221083402634
1.1377777777777778,639.1697,0.013698789291083813
1.1609977324263039,507.53955,0.014176958240568638
1.18421768707483,777.0825,0.014875274151563644
1.207437641723356,632.10706,0.013086477294564247
1.2306575963718822,620.35767,0.010977611877024174
1.253877551020408,619.07275,0.009520309045910835
1.2770975056689342,624.23413,0.007513039279729128
1.3003174603174603,625.2063,0.008358810096979141
1.3235374149659864,621.45624,0.006649767979979515
1.3467573696145125,405.2861,0.007755649276077747
1.3699773242630386,516.31976,0.005146918818354607
1.3931972789115648,497.01672,0.006072567775845528
1.4164172335600906,491.41595,0.009233305230736732
1.4396371882086167,584.7437,0.009498633444309235
1.4628571428571429,591.1123,0.00914064608514309
1.486077097505669,605.10406,0.008899208158254623
1.509297052154195,592.3942,0.008394594304263592
1.5325170068027212,596.85016,0.006912114564329386
1.5557369614512473,505.21964,0.007463115267455578
1.5789569160997732,493.46698,0.007690994534641504
1.6021768707482993,474.2179,0.00270498963072896
1.6253968253968254,141.6189,0.00024186522932723165
1.6486167800453515,504.23422,0.0014872602187097073
1.6718367346938776,505.94028,0.0015932577662169933
1.6950566893424037,510.39102,0.0016898008761927485
1.7182766439909298,505.20892,0.0020086518488824368
1.7414965986394557,502.96976,0.001653976971283555
1.7647165532879818,503.3212,0.0012284417171031237
1.787936507936508,452.71066,0.0010820546885952353
1.811156462585034,502.6721,0.0011866469867527485
1.8343764172335602,500.32147,0.0017345151863992214
1.8575963718820863,515.1813,0.00170462008100003
1.8808163265306124,502.2483,0.002058778889477253
1.9040362811791383,476.6007,0.001378772547468543
1.9272562358276644,136.913,0.0008886252762749791
1.9504761904761905,133.49702,0.00040244049159809947
1.9736961451247166,394.6408,0.0004653948999475688
1.9969160997732427,394.2812,0.0007016613963060081
2.020136054421769,610.98444,0.0010556295746937394
2.043356009070295,628.3389,0.0015443393494933844
2.066575963718821,476.6218,0.0012575987493619323
2.089795918367347,637.99695,0.0005441663088276982
2.1130158730158732,407.24677,6.256615597521886e-05
2.1362358276643993,122.11304,4.615610305336304e-05
2.159455782312925,124.07462,1.2769656677846797e-05
2.182675736961451,0.0,3.3025280572474003e-06
2.2058956916099772,0.0,8.112601790344343e-07
2.2291156462585033,0.0,3.594914232962765e-07
2.2523356009070294,0.0,1.809366949601099e-07
2.2755555555555556,0.0,5.104866431793198e-07
2.2987755102040817,0.0,5.39848770131357e-07
2.3219954648526078,0.0,3.5881657822756097e-07
2.345215419501134,0.0,8.924143912736326e-08
2.36843537414966,0.0,3.6086930776946247e-08
2.391655328798186,0.0,1.0826624929904938e-08
