0.0,0.0,2.8024260245729238e-08
0.023219954648526078,0.0,1.925945980474353e-08
0.046439909297052155,0.0,1.684929884504527e-08
0.06965986394557823,0.0,3.3881406125146896e-08
0.09287981859410431,0.0,1.3693352229893208e-08
0.11609977324263039,0.0,9.586983651388437e-09
0.13931972789115646,0.0,1.1884367268066853e-08
0.16253968253968254,0.0,7.052494765957817e-08
0.18575963718820862,119.85309,1.9143290046486072e-05
0.2089795918367347,127.75239,4.745494879898615e-05
0.23219954648526078,128.97687,7.191766053438187e-05
0.25541950113378686,131.61798,9.640024654800072e-05
0.2786394557823129,132.35403,0.00012664881069213152
0.301859410430839,129.68481,0.0001877800386864692
0.3250793650793651,127.643394,0.00026575784431770444
0.3482993197278912,127.48433,0.00031290954211726785
0.37151927437641724,128.50476,0.00039188109803944826
0.3947392290249433,129.10344,0.0004754898836836219
0.4179591836734694,129.05592,0.0005014472990296781
0.44117913832199546,129.3011,0.0004894295707345009
0.46439909297052157,264.25372,0.0003890590160153806
0.4876190476190476,139.62265,0.00041688355850055814
0.5108390022675737,147.61946,0.000606520043220371
0.5340589569160998,158.08856,0.0008078020764514804
0.5572789115646258,165.39868,0.0008740469347685575
0.5804988662131519,168.77446,0.0008054840727709234
0.603718820861678,165.6062,0.0008728516986593604
0.626938775510204,163.31543,0.0011279869358986616
0.6501587301587302,164.79535,0.001344779273495078
0.6733786848072563,171.21179,0.0010297652333974838
0.6965986394557824,181.61421,0.0008663692278787494
0.7198185941043084,191.94652,0.0011914107017219067
0.7430385487528345,200.46951,0.0014454144984483719
0.7662585034013606,203.67293,0.0015230984427034855
0.7894784580498866,200.63177,0.0013930138666182756
0.8126984126984127,198.17941,0.0013664532452821732
0.8359183673469388,201.116,0.0015296477358788252
0.8591383219954649,210.30977,0.0018465929897502065
0.8823582766439909,222.95863,0.002387979533523321
0.905578231292517,233.13654,0.0026027029380202293
0.9287981859410431,241.8615,0.003736607264727354
0.9520181405895691,246.74353,0.004025903530418873
0.9752380952380952,247.66727,0.004080548416823149
0.9984580498866213,246.34909,0.004631389863789082
1.0216780045351475,247.1787,0.0044779591262340546
1.0448979591836736,249.93793,0.003968499600887299
1.0681179138321997,251.93224,0.0034064408391714096
1.0913378684807256,250.46855,0.0031529422849416733
1.1145578231292517,245.16086,0.0031488214153796434
1.1377777777777778,229.90097,0.0020398078486323357
1.1609977324263039,204.62724,0.001965965609997511
1.18421768707483,193.5937,0.001226420747116208
1.207437641723356,189.45235,0.0009909956716001034
1.2306575963718822,189.23216,0.0008891341858543456
1.253877551020408,186.47125,0.0009180225897580385
1.2770975056689342,183.88333,0.001211124355904758
1.3003174603174603,175.56343,0.0014691997785121202
1.3235374149659864,164.16481,0.0009732137550599873
1.3467573696145125,157.30466,0.000709121348336339
1.3699773242630386,154.66031,0.000681060366332531
1.3931972789115648,155.34093,0.0006388421170413494
1.4164172335600906,157.99576,0.0007104357937350869
1.4396371882086167,161.99992,0.000793144223280251
1.4628571428571429,163.15442,0.0007710343925282359
1.486077097505669,155.7587,0.00047611992340534925
1.509297052154195,138.3103,0.000431415275670588
1.5325170068027212,125.63068,0.00048660225002095103
1.5557369614512473,122.432526,0.0005499306134879589
1.5789569160997732,123.789246,0.0004022522480227053
1.6021768707482993,126.400536,0.00023973437782842666
1.6253968253968254,128.6934,0.00027048680931329727
1.6486167800453515,127.41699,0.0002464936696924269
1.6718367346938776,124.3983,0.00026523220003582537
1.6950566893424037,124.47081,0.0002547277545090765
1.7182766439909298,126.85643,0.0002008572337217629
1.7414965986394557,130.18268,0.000248865457251668
1.7647165532879818,132.15605,0.00023085158318281174
1.787936507936508,130.9817,0.00025845662457868457
1.811156462585034,127.497284,0.00024053134256973863
1.8343764172335602,123.9608,0.0003052258398383856
1.8575963718820863,122.314316,0.00034790096106007695
1.8808163265306124,123.52307,0.00026673541287891567
1.9040362811791383,127.14821,0.0002021370455622673
1.9272562358276644,131.92357,0.00017433581524528563
1.9504761904761905,135.62611,0.00018503522733226418
1.9736961451247166,132.55063,0.00019845328642986715
1.9969160997732427,127.0933,0.0002088086330331862
2.020136054421769,123.27383,0.00023781927302479744
2.043356009070295,123.57939,0.0002037231024587527
2.066575963718821,126.352615,0.0001531341695226729
2.089795918367347,129.93475,0.00016953489102888852
2.1130158730158732,132.41035,0.00015092745888978243
2.1362358276643993,131.50533,0.00014939515676815063
2.159455782312925,127.17958,0.00013201232650317252
2.182675736961451,123.273636,0.00015263832756318152
2.2058956916099772,122.92297,0.00014251709217205644
2.2291156462585033,125.799286,0.00011029583401978016
2.2523356009070294,131.65506,0.00013387613580562174
2.2755555555555556,136.68614,0.00013275747187435627
2.2987755102040817,135.30087,0.00011045433348044753
2.3219954648526078,128.7697,8.301466732518747e-05
2.345215419501134,122.70926,8.71967786224559e-05
2.36843537414966,122.51651,7.495681347791106e-05
2.391655328798186,126.294174,6.793085776735097e-05
2.414875283446712,130.46591,7.213787466753274e-05
2.4380952380952383,133.21054,4.5346263505052775e-05
2.4613151927437644,0.0,6.203778866620269e-06
2.48453514739229,0.0,7.533499228884466e-07
2.507755102040816,0.0,1.0714575182646513e-07
2.5309750566893423,0.0,2.817705535562709e-08
2.5541950113378684,0.0,3.7676727515645325e-08
2.5774149659863945,0.0,1.0550138540565968e-07
2.6006349206349206,0.0,3.658406058093533e-07
2.6238548752834467,0.0,2.722799763432704e-07
2.647074829931973,0.0,2.2633685148321092e-07
2.670294784580499,0.0,1.8189894035458565e-08
2.693514739229025,0.0,2.6013367460109293e-08
