0.0,0.0,1.6267222235910594e-08
0.023219954648526078,0.0,8.166352927219123e-09
0.046439909297052155,0.0,1.0829353414010257e-08
0.06965986394557823,0.0,2.2809108486399055e-06
0.09287981859410431,26.999699,1.3985542864247691e-05
0.11609977324263039,0.0,3.4501344998716377e-06
0.13931972789115646,0.0,8.807282938505523e-07
0.16253968253968254,0.0,3.622790245572105e-07
0.18575963718820862,0.0,5.913451786909718e-06
0.2089795918367347,128.91177,5.425543349701911e-05
0.23219954648526078,128.04385,0.00010292569641023874
0.25541950113378686,130.4652,0.00014831939188297838
0.2786394557823129,131.12798,0.00016187885194085538
0.301859410430839,131.503,0.00018413316865917295
0.3250793650793651,131.92442,0.0002692677662707865
0.3482993197278912,133.78302,0.00035541196120902896
0.37151927437641724,135.93729,0.00038121925899758935
0.3947392290249433,136.33997,0.0004044045927003026
0.4179591836734694,135.65475,0.00045306870015338063
0.44117913832199546,133.84009,0.0004921299405395985
0.46439909297052157,133.09087,0.0005130750359967351
0.4876190476190476,136.08234,0.00048515351954847574
0.5108390022675737,142.11633,0.00027039568522013724
0.5340589569160998,149.88895,0.0002139050920959562
0.5572789115646258,160.08644,0.0002747680991888046
0.5804988662131519,165.0082,0.00028406496858224273
0.603718820861678,164.7647,0.0002509254263713956
0.626938775510204,161.62375,0.00022265224833972752
0.6501587301587302,160.18028,0.0002569511125329882
0.6733786848072563,163.06313,0.00041449707350693643
0.6965986394557824,171.30905,0.0008706529042683542
0.7198185941043084,185.62459,0.0015130550600588322
0.7430385487528345,194.73889,0.0025607580319046974
0.7662585034013606,199.12372,0.003329015336930752
0.7894784580498866,198.5309,0.003140268847346306
0.8126984126984127,196.22147,0.0027156155556440353
0.8359183673469388,196.9334,0.0031335775274783373
0.8591383219954649,199.43497,0.003916724119335413
0.8823582766439909,203.22137,0.0038010647986084223
0.905578231292517,210.33488,0.0020500426180660725
0.9287981859410431,223.05896,0.0009569817339070141
0.9520181405895691,236.99939,0.0009061224991455674
0.9752380952380952,251.01628,0.0008421388920396566
0.9984580498866213,261.5332,0.0008715442381799221
1.0216780045351475,265.02386,0.0009226574329659343
1.0448979591836736,262.41455,0.0010264880256727338
1.0681179138321997,261.3934,0.001030906569212675
1.0913378684807256,262.54895,0.0009500178275629878
1.1145578231292517,265.0381,0.0009060176671482623
1.1377777777777778,266.13492,0.0008905660361051559
1.1609977324263039,262.07397,0.000835433485917747
1.18421768707483,247.82637,0.0011881263926625252
1.207437641723356,220.19421,0.0025465586222708225
1.2306575963718822,194.75986,0.0016309795901179314
1.253877551020408,188.80554,0.0016430411487817764
1.2770975056689342,193.10533,0.0016542798839509487
1.3003174603174603,197.38608,0.0015829859767109156
1.3235374149659864,194.37871,0.0011722234776243567
1.3467573696145125,181.69432,0.0007245239685289562
1.3699773242630386,168.3928,0.0003910461673513055
1.3931972789115648,164.55292,0.00040236650966107845
1.4164172335600906,165.71118,0.000496315595228225
1.4396371882086167,168.04227,0.000552101235371083
1.4628571428571429,168.96078,0.0005262555787339807
1.486077097505669,168.96231,0.00040380825521424413
1.509297052154195,165.9595,0.00023041114036459476
1.5325170068027212,157.53128,0.0002641541650518775
1.5557369614512473,142.0676,0.00033865825389511883
1.5789569160997732,134.60948,0.00035164615837857127
1.6021768707482993,131.54611,0.00031216570641845465
1.6253968253968254,132.49144,0.0003310357569716871
1.6486167800453515,134.43646,0.00032653892412781715
1.6718367346938776,134.10161,0.0003111844998784363
1.6950566893424037,131.04027,0.00024969509104266763
1.7182766439909298,128.73383,0.00020603399025276303
1.7414965986394557,128.26369,0.00021824080613441765
1.7647165532879818,130.33131,0.0002444126002956182
1.787936507936508,132.87277,0.0002724630176089704
1.811156462585034,134.35179,0.00028336176183074713
1.8343764172335602,133.89531,0.0003097248845733702
1.8575963718820863,132.3325,0.00029222096782177687
1.8808163265306124,129.48885,0.0001867650425992906
1.9040362811791383,126.99454,0.0001836637093219906
1.9272562358276644,127.88743,0.00022376849665306509
1.9504761904761905,130.30452,0.0002647408691700548
1.9736961451247166,133.53519,0.0002907004381995648
1.9969160997732427,135.27742,0.0002702368947211653
2.020136054421769,133.8354,0.0002662123879417777
2.043356009070295,130.08737,0.00017384567763656378
2.066575963718821,126.281364,0.0001432500866940245
2.089795918367347,124.877785,0.00016338778368663043
2.1130158730158732,127.02712,0.00017049603047780693
2.1362358276643993,130.53413,0.00019313034135848284
2.159455782312925,133.13297,0.00019510279526002705
2.182675736961451,133.01659,0.00018819034448824823
2.2058956916099772,130.04054,0.00014199934958014637
2.2291156462585033,127.01759,0.00012381351552903652
2.2523356009070294,126.081,0.00012659902859013528
2.2755555555555556,127.75868,0.00013338417920749635
2.2987755102040817,131.35947,0.0001535810879431665
2.3219954648526078,134.51169,0.00017704747733660042
2.345215419501134,133.86009,0.00015770571189932525
2.36843537414966,129.75772,0.00010103575186803937
2.391655328798186,125.797935,9.287861757911742e-05
2.414875283446712,124.916435,0.0001004109944915399
2.4380952380952383,127.74595,8.043673733482137e-05
2.4613151927437644,131.43158,8.936165977502242e-05
2.48453514739229,132.94983,8.94962577149272e-05
2.507755102040816,130.99817,6.103861960582435e-05
2.5309750566893423,127.10491,4.688231274485588e-05
2.5541950113378684,125.11906,5.363838863559067e-05
2.5774149659863945,126.57811,4.829472163692117e-05
2.6006349206349206,130.44919,4.078490746906027e-05
2.6238548752834467,137.66847,2.223774208687246e-05
2.647074829931973,140.39528,1.048468220687937e-05
2.670294784580499,0.0,4.5418810259434395e-06
2.693514739229025,0.0,4.1087059798883274e-07
2.716734693877551,0.0,7.805738277966157e-08
2.7399546485260773,0.0,2.7672285796143115e-08
2.7631746031746034,0.0,1.928492565639317e-08
2.7863945578231295,0.0,4.92982508148998e-08
2.809614512471655,0.0,4.310459189582616e-08
2.8328344671201813,0.0,7.183643901953474e-08
2.8560544217687074,0.0,9.67793312156573e-09
