0.0,0.0,1.305224941461347e-07
0.023219954648526078,0.0,8.663027983857319e-08
0.046439909297052155,0.0,7.707603799644858e-08
0.06965986394557823,0.0,1.3109456631354988e-07
0.09287981859410431,0.0,2.4754808691795915e-07
0.11609977324263039,0.0,2.0551942725433037e-07
0.13931972789115646,0.0,6.927893991814926e-08
0.16253968253968254,0.0,2.7721398510038853e-08
0.18575963718820862,0.0,3.947661753045395e-08
0.2089795918367347,94.92411,2.5445140636293218e-05
0.23219954648526078,85.92855,0.00013680499978363514
0.25541950113378686,86.70097,0.00025621423264965415
0.2786394557823129,181.4386,0.00037520466139540076
0.301859410430839,182.70766,0.0004851584671996534
0.3250793650793651,183.10106,0.0005902316188439727
0.3482993197278912,183.6166,0.0008102873107418418
0.37151927437641724,183.19093,0.0009808726608753204
0.3947392290249433,182.95462,0.0011882125400006771
0.4179591836734694,182.53882,0.0013221343979239464
0.44117913832199546,182.31955,0.0017272697295993567
0.46439909297052157,180.67484,0.0023675262928009033
0.4876190476190476,178.03426,0.0024744533002376556
0.5108390022675737,176.69429,0.002608665730804205
0.5340589569160998,356.19238,0.0025673862546682358
0.5572789115646258,185.27402,0.002155767288058996
0.5804988662131519,590.87683,0.002255484461784363
0.603718820861678,420.80966,0.002593287033960223
0.626938775510204,444.2613,0.0029921443201601505
0.6501587301587302,450.90686,0.0032491092570126057
0.6733786848072563,661.26025,0.0029639964923262596
0.6965986394557824,647.7473,0.0032719422597438097
0.7198185941043084,435.09427,0.00420436542481184
0.7430385487528345,440.99423,0.005027797073125839
0.7662585034013606,440.92944,0.0048543307930231094
0.7894784580498866,437.9001,0.004734193906188011
0.8126984126984127,441.3567,0.004523316863924265
0.8359183673469388,455.10556,0.0031581532675772905
0.8591383219954649,237.63724,0.007790704257786274
0.8823582766439909,876.2754,0.013248711824417114
0.905578231292517,605.1886,0.01217059139162302
0.9287981859410431,603.2391,0.011885527521371841
0.9520181405895691,593.2226,0.011510446667671204
0.9752380952380952,615.23206,0.010725168511271477
0.9984580498866213,918.1212,0.009641960263252258
1.0216780045351475,920.0041,0.009854577481746674
1.0448979591836736,910.9545,0.011663418263196945
1.0681179138321997,608.5057,0.010684743523597717
1.0913378684807256,914.40814,0.00846143439412117
1.1145578231292517,266.4341,0.007491852156817913
1.1377777777777778,273.8578,0.01273132860660553
1.1609977324263039,573.6817,0.01608601212501526
1.18421768707483,594.4488,0.009172866120934486
1.207437641723356,619.7017,0.006213360466063023
1.2306575963718822,639.14716,0.006652607582509518
1.253877551020408,324.8183,0.011796440929174423
1.2770975056689342,328.98358,0.01640709862112999
1.3003174603174603,332.28146,0.016520380973815918
1.3235374149659864,333.86258,0.01697452738881111
1.3467573696145125,333.42032,0.017574932426214218
1.3699773242630386,335.26218,0.018682079389691353
1.3931972789115648,337.8919,0.01917506754398346
1.4164172335600906,339.44226,0.021191652864217758
1.4396371882086167,336.6939,0.016027241945266724
1.4628571428571429,324.4438,0.014762310311198235
1.486077097505669,589.5525,0.020807839930057526
1.509297052154195,278.5287,0.011091923341155052
1.5325170068027212,270.3655,0.012083840556442738
1.5557369614512473,271.18976,0.011846964247524738
1.5789569160997732,272.32254,0.01072464045137167
1.6021768707482993,273.30276,0.009953098371624947
1.6253968253968254,272.5501,0.009397553279995918
1.6486167800453515,270.54846,0.010061055421829224
1.6718367346938776,265.41235,0.013685408979654312
1.6950566893424037,875.0491,0.005901101976633072
1.7182766439909298,232.24207,0.006170741748064756
1.7414965986394557,649.95184,0.005593402776867151
1.7647165532879818,644.0757,0.004567861557006836
1.787936507936508,431.7007,0.0043400125578045845
1.811156462585034,652.69183,0.004193603992462158
1.8343764172335602,433.3005,0.004197536036372185
1.8575963718820863,430.4035,0.003973239567130804
1.8808163265306124,429.54163,0.004117576405405998
1.9040362811791383,433.90906,0.004303675144910812
1.9272562358276644,435.92957,0.003984219394624233
1.9504761904761905,425.85513,0.003255612449720502
1.9736961451247166,401.56964,0.0047781323082745075
1.9969160997732427,184.80193,0.005492649972438812
2.020136054421769,175.47504,0.005065681412816048
2.043356009070295,173.03485,0.0055629052221775055
2.066575963718821,175.39687,0.00599562656134367
2.089795918367347,356.70535,0.004785407334566116
2.1130158730158732,179.69493,0.004774534143507481
2.1362358276643993,174.06502,0.0056127263233065605
2.159455782312925,169.08696,0.005114292725920677
2.182675736961451,167.27649,0.004896265454590321
2.2058956916099772,167.83125,0.005468898918479681
2.2291156462585033,170.38576,0.006405012682080269
2.2523356009070294,173.94688,0.007248457055538893
2.2755555555555556,176.9882,0.007678589317947626
2.2987755102040817,175.61664,0.007789064198732376
2.3219954648526078,171.30318,0.0071290358901023865
2.345215419501134,168.09299,0.005525076761841774
2.36843537414966,166.48466,0.0062338621355593204
2.391655328798186,168.20157,0.00720948725938797
2.414875283446712,172.50246,0.00906401313841343
2.4380952380952383,358.60696,0.007483779452741146
2.4613151927437644,366.18604,0.007622600067406893
2.48453514739229,177.68095,0.0075079225935041904
2.507755102040816,172.42476,0.007043847814202309
2.5309750566893423,169.21169,0.005707215517759323
2.5541950113378684,168.22667,0.005504103843122721
2.5774149659863945,170.0518,0.006455364637076855
2.6006349206349206,174.50159,0.007896626368165016
2.6238548752834467,355.59717,0.007208825089037418
2.647074829931973,178.24335,0.006561726797372103
2.670294784580499,172.92038,0.006096801720559597
2.693514739229025,168.70924,0.004100212827324867
2.716734693877551,166.17415,0.004055095836520195
2.7399546485260773,166.99121,0.004581538029015064
2.7631746031746034,170.27562,0.005545525811612606
2.7863945578231295,353.37875,0.005972962826490402
2.809614512471655,358.46298,0.005067174322903156
2.8328344671201813,174.50504,0.004679210018366575
2.8560544217687074,168.47432,0.0031594475731253624
2.8792743764172335,165.63336,0.002806037198752165
2.9024943310657596,166.12169,0.0030261834617704153
2.9257142857142857,169.41791,0.0033905268646776676
2.948934240362812,174.87627,0.0035613710060715675
2.972154195011338,181.39322,0.002856544218957424
2.995374149659864,175.49562,0.002158633666113019
3.01859410430839,170.64348,0.0013868823880329728
3.0418140589569163,169.36812,0.00046262796968221664
3.0650340136054424,173.72649,0.00039240700425580144
3.0882539682539685,356.77423,0.0003471262753009796
3.1114739229024946,182.4127,0.00019772539963014424
3.1346938775510207,180.43423,0.00012158488971181214
3.1579138321995464,180.5277,7.194308273028582e-05
3.1811337868480725,177.5637,4.197495218249969e-05
3.2043537414965986,172.4999,2.3819735361030325e-05
3.2275736961451247,169.39485,1.1893976989085786e-05
3.250793650793651,0.0,6.697472599626053e-06
3.274013605442177,0.0,4.85572854813654e-06
3.297233560090703,0.0,1.8935734260594472e-06
3.320453514739229,0.0,7.901926437625661e-07
3.3436734693877552,0.0,2.2867970983497798e-07
3.3668934240362813,0.0,1.3181124813854694e-07
3.3901133786848074,0.0,1.1576867109397426e-07
3.4133333333333336,0.0,8.373262971872464e-08
3.4365532879818597,0.0,2.8759131964761764e-08
