0.0,0.0,1.4004854165250435e-07
0.023219954648526078,0.0,2.1920459403190762e-07
0.046439909297052155,0.0,2.4278779164887965e-07
0.06965986394557823,0.0,3.946588549297303e-07
0.09287981859410431,0.0,4.748444553115405e-07
0.11609977324263039,0.0,6.696118362015113e-07
0.13931972789115646,0.0,7.682929208385758e-07
0.16253968253968254,0.0,8.812921805656515e-07
0.18575963718820862,0.0,9.832474461290985e-07
0.2089795918367347,0.0,7.869230103096925e-07
0.23219954648526078,0.0,8.74577381182462e-07
0.25541950113378686,0.0,6.187647159094922e-07
0.2786394557823129,0.0,6.087211659178138e-07
0.301859410430839,0.0,4.295889084460214e-07
0.3250793650793651,0.0,2.947090251836926e-07
0.3482993197278912,0.0,1.5517707652179524e-07
0.37151927437641724,0.0,6.693790055578575e-08
0.3947392290249433,0.0,7.471498975064605e-08
0.4179591836734694,0.0,1.3282806321512908e-07
0.44117913832199546,0.0,9.681207302492112e-08
0.46439909297052157,0.0,7.735889084869996e-08
0.4876190476190476,0.0,5.596848495770246e-08
0.5108390022675737,0.0,6.196381036716048e-06
0.5340589569160998,175.59335,7.226566958706826e-05
0.5572789115646258,171.58684,0.00014763657236471772
0.5804988662131519,171.32753,0.00019662652630358934
0.603718820861678,171.06146,0.00023749332467559725
0.626938775510204,170.73627,0.0003119033935945481
0.6501587301587302,170.69818,0.00045682158088311553
0.6733786848072563,170.45152,0.0005864416598342359
0.6965986394557824,169.72604,0.0007035235175862908
0.7198185941043084,170.0395,0.0009057797724381089
0.7430385487528345,171.08542,0.001164301997050643
0.7662585034013606,170.70198,0.0014217905700206757
0.7894784580498866,170.09564,0.0016119950450956821
0.8126984126984127,168.51741,0.0013997843489050865
0.8359183673469388,167.80171,0.0015100509626790881
0.8591383219954649,170.31023,0.0021730205044150352
0.8823582766439909,176.5085,0.0014051690232008696
0.905578231292517,189.94383,0.000878114253282547
0.9287981859410431,194.54953,0.0007207390735857189
0.9520181405895691,198.87167,0.000840598251670599
0.9752380952380952,196.1891,0.001456907019019127
0.9984580498866213,191.14517,0.0017275046557188034
1.0216780045351475,190.40672,0.0017399396747350693
1.0448979591836736,191.37688,0.001497868332080543
1.0681179138321997,192.69109,0.0015039177378639579
1.0913378684807256,193.01596,0.001489747315645218
1.1145578231292517,194.15514,0.0013203646522015333
1.1377777777777778,395.96204,0.0014388079289346933
1.1609977324263039,407.4603,0.0018470969516783953
1.18421768707483,419.68982,0.0012840464478358626
1.207437641723356,428.83868,0.0012110237730666995
1.2306575963718822,431.43842,0.0012957891449332237
1.253877551020408,429.64325,0.0014765766682103276
1.2770975056689342,427.38248,0.0017966193845495582
1.3003174603174603,426.2341,0.002052416792139411
1.3235374149659864,425.53537,0.0019345771288499236
1.3467573696145125,426.82407,0.001630302518606186
1.3699773242630386,429.33057,0.0014450978487730026
1.3931972789115648,434.79666,0.0015437975525856018
1.4164172335600906,442.18628,0.0017040397506207228
1.4396371882086167,446.41394,0.0019579045474529266
1.4628571428571429,444.06754,0.0020298969466239214
1.486077097505669,439.32922,0.002014281926676631
1.509297052154195,437.48895,0.001990470802411437
1.5325170068027212,439.24677,0.0019522979855537415
1.5557369614512473,442.13898,0.002054225653409958
1.5789569160997732,444.85,0.0021671107970178127
1.6021768707482993,446.10178,0.0022036281879991293
1.6253968253968254,445.08752,0.002044237684458494
1.6486167800453515,223.51973,0.0019359351135790348
1.6718367346938776,227.74144,0.0016883211210370064
1.6950566893424037,471.39233,0.0014546364545822144
1.7182766439909298,487.9672,0.0022174427285790443
1.7414965986394557,494.49554,0.0020205869805067778
1.7647165532879818,243.84625,0.001966404728591442
1.787936507936508,476.24347,0.0019465996883809566
1.811156462585034,476.04755,0.0017447758000344038
1.8343764172335602,486.74036,0.002987942425534129
1.8575963718820863,502.2614,0.004007128998637199
1.8808163265306124,898.98444,0.00403128657490015
1.9040362811791383,885.7821,0.0033148974180221558
1.9272562358276644,499.6301,0.002755582332611084
1.9504761904761905,491.93176,0.0032826459500938654
1.9736961451247166,875.68585,0.004210534505546093
1.9969160997732427,915.003,0.00391068309545517
2.020136054421769,528.8677,0.0025373410899192095
2.043356009070295,269.89807,0.0020541304256767035
2.066575963718821,273.10867,0.0016906644450500607
2.089795918367347,276.13974,0.001912264502607286
2.1130158730158732,278.87244,0.002291507553309202
2.1362358276643993,278.6009,0.002488910686224699
2.159455782312925,278.82367,0.002873338758945465
2.182675736961451,1955.8208,0.002913679461926222
2.2058956916099772,1956.9662,0.0032484133262187243
2.2291156462585033,1957.8463,0.003396189771592617
2.2523356009070294,562.53314,0.004135274328291416
2.2755555555555556,569.28235,0.006842213682830334
2.2987755102040817,581.64545,0.007743875961750746
2.3219954648526078,594.7353,0.003593812230974436
2.345215419501134,606.65875,0.0029263473115861416
2.36843537414966,2151.219,0.002933077747002244
2.391655328798186,2151.684,0.0035800309851765633
2.414875283446712,2134.4604,0.004340903367847204
2.4380952380952383,2129.6494,0.004497794900089502
2.4613151927437644,2140.8567,0.003829868510365486
2.48453514739229,2153.6387,0.003738400526344776
2.507755102040816,2162.1318,0.00341415754519403
2.5309750566893423,2172.5232,0.003079949179664254
2.5541950113378684,312.36368,0.0026246393099427223
2.5774149659863945,311.93463,0.002656299388036132
2.6006349206349206,316.59775,0.003083957592025399
2.6238548752834467,324.60764,0.007264329120516777
2.647074829931973,332.09106,0.007563252002000809
2.670294784580499,334.90726,0.007188546936959028
2.693514739229025,333.88287,0.007121037691831589
2.716734693877551,333.68814,0.00680975615978241
2.7399546485260773,333.13812,0.006507204845547676
2.7631746031746034,333.08524,0.006337839178740978
2.7863945578231295,332.51492,0.006644276436418295
2.809614512471655,332.23996,0.007138954475522041
2.8328344671201813,333.84644,0.007108884863555431
2.8560544217687074,336.1076,0.006328101269900799
2.8792743764172335,340.91516,0.006166789680719376
2.9024943310657596,345.68753,0.006773549132049084
2.9257142857142857,350.724,0.007162041962146759
2.948934240362812,353.11392,0.007282027043402195
2.972154195011338,355.4407,0.0078200101852417
2.995374149659864,357.57254,0.007958327420055866
3.01859410430839,359.87476,0.008397342637181282
3.0418140589569163,361.1848,0.009404520504176617
3.0650340136054424,362.57007,0.009673969820141792
3.0882539682539685,364.56897,0.010214734822511673
3.1114739229024946,364.59497,0.009294010698795319
3.1346938775510207,360.89337,0.00725326593965292
3.1579138321995464,351.57086,0.009667247533798218
3.1811337868480725,343.0185,0.007314589805901051
3.2043537414965986,333.07492,0.00422903336584568
3.2275736961451247,329.49588,0.006001959089189768
3.250793650793651,333.166,0.009908163920044899
3.274013605442177,336.28192,0.012239882722496986
3.297233560090703,336.79468,0.011788109317421913
3.320453514739229,335.93817,0.009667223319411278
3.3436734693877552,333.49628,0.007967596873641014
3.3668934240362813,332.13382,0.008700961247086525
3.3901133786848074,331.75403,0.006181902252137661
3.4133333333333336,329.40176,0.0057380017824471
3.4365532879818597,327.45987,0.0028859898447990417
3.4597732426303858,318.96936,0.003058441448956728
3.4829931972789114,2184.836,0.003918335307389498
3.5062131519274375,2138.6018,0.004926174879074097
3.5294331065759637,2134.3887,0.004032446071505547
3.5526530612244898,615.5186,0.0033791125752031803
3.575873015873016,618.8683,0.0035652280785143375
3.599092970521542,2164.1787,0.0037865345366299152
3.622312925170068,2169.4043,0.003628326812759042
3.645532879818594,2179.09,0.0034922349732369184
3.6687528344671203,2184.195,0.0036253524012863636
3.6919727891156464,1109.1615,0.003681994043290615
3.7151927437641725,2132.2104,0.004982946906238794
3.7384126984126986,2121.2185,0.005696528125554323
3.7616326530612247,575.17487,0.009260008111596107
3.784852607709751,555.4688,0.006662201136350632
3.8080725623582765,543.54065,0.006464727222919464
3.8312925170068026,544.12616,0.006782042793929577
3.8545124716553287,547.6255,0.006691501475870609
3.877732426303855,549.85077,0.00653507374227047
3.900952380952381,547.62256,0.006198289804160595
3.924172335600907,545.19055,0.00603653397411108
3.947392290249433,544.697,0.0065215835347771645
3.9706122448979593,546.1664,0.006510535255074501
3.9938321995464854,546.76666,0.005202645435929298
4.017052154195011,540.6878,0.006139426492154598
4.040272108843538,524.4668,0.00587766757234931
4.063492063492063,1748.0265,0.007954875938594341
4.08671201814059,1722.4618,0.008440696634352207
4.1099319727891155,1716.1542,0.008501186966896057
4.133151927437642,864.0821,0.008478157222270966
4.156371882086168,875.3589,0.008000841364264488
4.179591836734694,1741.7739,0.008966730907559395
4.20281179138322,843.3148,0.008773675188422203
4.2260317460317465,1717.8969,0.00850032176822424
4.249251700680272,1710.9575,0.008262591436505318
4.272471655328799,1711.4065,0.008081347681581974
4.295691609977324,1717.5394,0.008142500184476376
4.31891156462585,1709.8217,0.004088530782610178
4.342131519274377,239.90565,0.0028132901061326265
4.365351473922902,460.19308,0.004077542573213577
4.388571428571429,446.63632,0.006416792050004005
4.4117913832199545,439.19962,0.006012256257236004
4.435011337868481,438.4825,0.0058512091636657715
4.458231292517007,438.94397,0.006148993968963623
4.481451247165533,437.67398,0.005901041440665722
4.504671201814059,435.84995,0.005711520090699196
4.527891156462585,433.27673,0.005569363012909889
4.551111111111111,433.31375,0.005807382054626942
4.574331065759638,433.25034,0.0056329029612243176
4.597551020408163,430.09955,0.005463859066367149
4.62077097505669,424.57828,0.006189040374010801
4.6439909297052155,415.9612,0.006629038602113724
4.667210884353741,409.26755,0.006720150820910931
4.690430839002268,408.0711,0.006903309375047684
4.713650793650793,411.3748,0.0066677238792181015
4.73687074829932,413.99884,0.006429120898246765
4.760090702947846,415.33636,0.006899242755025625
4.783310657596372,413.98328,0.007124226074665785
4.806530612244898,415.00842,0.007142091169953346
4.829750566893424,415.15848,0.0067381286062300205
4.85297052154195,414.75165,0.006001945119351149
4.876190476190477,414.0264,0.005674818065017462
4.899410430839002,408.82513,0.00596728315576911
4.922630385487529,196.94055,0.0061455462127923965
4.9458503401360545,186.47632,0.006110464222729206
4.96907029478458,182.89423,0.006406627595424652
4.992290249433107,183.01698,0.006455238908529282
5.015510204081632,183.96884,0.006490941159427166
5.038730158730159,185.36629,0.006690005771815777
5.061950113378685,185.15712,0.0065981121733784676
5.085170068027211,184.63475,0.006374778691679239
5.108390022675737,183.95161,0.006351092830300331
5.131609977324263,183.31548,0.006439023185521364
5.154829931972789,184.17206,0.006623243913054466
5.178049886621316,184.29883,0.005936456378549337
5.201269841269841,182.68912,0.005121304653584957
5.224489795918368,177.74168,0.003442941000685096
5.2477097505668935,168.26608,0.0017726576188579202
5.27092970521542,160.76654,0.00125759351067245
5.294149659863946,1729.2728,0.001470761257223785
5.317369614512471,158.67952,0.0016491750720888376
5.340589569160998,164.64948,0.002412418369203806
5.363809523809524,167.32999,0.002659820718690753
5.38702947845805,167.45004,0.0021297414787113667
5.410249433106576,166.18082,0.0014542064163833857
5.433469387755102,164.27322,0.0013488015392795205
5.456689342403628,162.53922,0.0012531653046607971
5.479909297052155,162.21051,0.0015889687929302454
5.50312925170068,164.7245,0.0024625766091048717
5.526349206349207,167.71747,0.003171396441757679
5.5495691609977325,168.45424,0.002547409851104021
5.572789115646259,167.08134,0.0016062881331890821
5.596009070294785,164.66875,0.0013796021230518818
5.61922902494331,1768.3318,0.0014236952411010861
5.642448979591837,1764.7084,0.001257374999113381
5.6656689342403626,162.00499,0.0018434964586049318
5.688888888888889,166.46738,0.0030655055306851864
5.712108843537415,169.50734,0.0031921532936394215
5.735328798185941,170.78062,0.0029651119839400053
5.758548752834467,170.19713,0.0024010068736970425
5.7817687074829935,167.66823,0.0013113365275785327
5.804988662131519,901.66296,0.0011966839665547013
5.828208616780046,861.64166,0.0011198638239875436
5.851428571428571,160.10486,0.0011745665688067675
5.874648526077098,162.80594,0.0016534291207790375
5.897868480725624,166.75844,0.002411474706605077
5.92108843537415,169.14967,0.0024096874985843897
5.944308390022676,168.6479,0.0016794505063444376
5.9675283446712015,165.98026,0.000910567119717598
5.990748299319728,162.59058,0.0008427881402894855
6.013968253968254,161.37578,0.0009237744379788637
6.03718820861678,161.99538,0.001231502741575241
6.060408163265306,164.90764,0.0019126194529235363
6.0836281179138325,167.33972,0.001973954727873206
6.106848072562358,167.17348,0.00118944700807333
6.130068027210885,164.82545,0.0007254024385474622
6.15328798185941,888.8437,0.0007011095294728875
6.176507936507937,1740.8984,0.0006467680213972926
6.199727891156463,158.91243,0.0006249466096051037
6.222947845804989,163.17122,0.0011252574622631073
6.246167800453515,166.8244,0.001373783336021006
6.269387755102041,168.6797,0.001330170314759016
6.292607709750567,167.9668,0.0008964836597442627
6.315827664399093,165.5978,0.00045584695180878043
6.339047619047619,163.3314,0.0003239743527956307
6.362267573696145,162.3701,0.0003283966507297009
6.3854875283446715,163.14752,0.00034588490962050855
6.408707482993197,330.3456,0.00025555051979608834
6.431927437641724,166.02606,0.00016273619257844985
6.455147392290249,165.74205,0.00011477698717499152
6.478367346938776,165.65453,0.00011709907266777009
6.501587301587302,167.08708,0.00010652982018655166
6.524807256235828,168.60802,9.015033720061183e-05
6.548027210884354,169.48122,6.201530050020665e-05
6.57124716553288,169.45639,4.348544098320417e-05
6.594467120181406,169.91942,3.3994263503700495e-05
6.617687074829932,172.02785,2.8675627618213184e-05
6.640907029478458,174.59387,2.0279545424273238e-05
6.664126984126984,175.95905,1.2253688510099892e-05
6.6873469387755105,0.0,8.591479854658246e-06
6.710566893424036,0.0,7.5665011536329985e-06
6.733786848072563,0.0,5.372097803046927e-06
6.757006802721088,0.0,3.435200596868526e-06
6.780226757369615,0.0,1.3775579645880498e-06
6.8034467120181406,0.0,2.5115241442108527e-07
6.826666666666667,0.0,1.2066357157891616e-07
6.849886621315193,0.0,1.9726940081454813e-09
