0.0,0.0,5.0504240789450705e-08
0.023219954648526078,0.0,5.515539669431746e-08
0.046439909297052155,0.0,5.6368662626482546e-08
0.06965986394557823,0.0,4.303365130908787e-08
0.09287981859410431,0.0,6.604295776924118e-08
0.11609977324263039,0.0,3.8089638110250235e-08
0.13931972789115646,0.0,7.927064871182665e-08
0.16253968253968254,0.0,1.9957133190473542e-07
0.18575963718820862,0.0,5.384860742196906e-06
0.2089795918367347,124.61918,1.1673144399537705e-05
0.23219954648526078,123.582375,1.627008168725297e-05
0.25541950113378686,125.86968,2.1886989998165518e-05
0.2786394557823129,127.534225,4.3749074393417686e-05
0.301859410430839,130.76498,5.317618342814967e-05
0.3250793650793651,132.79456,6.012978337821551e-05
0.3482993197278912,133.71521,6.816236418671906e-05
0.37151927437641724,133.62204,7.86290765972808e-05
0.3947392290249433,134.88513,8.835732296574861e-05
0.4179591836734694,135.95927,8.473074558423832e-05
0.44117913832199546,134.31638,6.428747292375192e-05
0.46439909297052157,135.37045,4.5526579924626276e-05
0.4876190476190476,144.28856,4.985717168892734e-05
0.5108390022675737,150.31139,5.616801718133502e-05
0.5340589569160998,155.07933,6.850041245343164e-05
0.5572789115646258,160.35799,6.801873678341508e-05
0.5804988662131519,161.2311,6.002028749207966e-05
0.603718820861678,161.55121,7.119806832633913e-05
0.626938775510204,165.46501,0.00011960290430579334
0.6501587301587302,171.61847,0.000128583749756217
0.6733786848072563,178.30794,0.000131675842567347
0.6965986394557824,186.80885,0.00017649721121415496
0.7198185941043084,193.20715,0.0002567257615737617
0.7430385487528345,190.66438,0.00022160736261866987
0.7662585034013606,188.17255,0.00018167885718867183
0.7894784580498866,188.93945,0.00016601636889390647
0.8126984126984127,192.55562,0.0001981068344321102
0.8359183673469388,194.5227,0.00018882271251641214
0.8591383219954649,201.67789,0.00013948377454653382
0.8823582766439909,217.5702,0.0001935214822879061
0.905578231292517,237.90042,0.00021435992675833404
0.9287981859410431,255.04633,0.0003307967272121459
0.9520181405895691,263.8354,0.00032369306427426636
0.9752380952380952,256.5351,0.0002358306956011802
0.9984580498866213,250.66629,0.00026542480918578804
1.0216780045351475,253.99393,0.00031019648304209113
1.0448979591836736,258.40082,0.00031293509528040886
1.0681179138321997,250.75116,0.0003455280093476176
1.0913378684807256,230.14413,0.0003926244971808046
1.1145578231292517,198.66948,0.00024748698342591524
1.1377777777777778,187.70459,0.0002539870038162917
1.1609977324263039,187.55098,0.00021612195996567607
1.18421768707483,190.71439,0.0001997880171984434
1.207437641723356,189.62257,0.00017684805789031088
1.2306575963718822,185.12099,0.00014089283649809659
1.253877551020408,176.61415,0.00015341689868364483
1.2770975056689342,168.57423,0.00015693920431658626
1.3003174603174603,157.62738,0.00012170146510470659
1.3235374149659864,149.83086,0.0001581124379299581
1.3467573696145125,152.38089,0.00012019208952551708
1.3699773242630386,157.06097,0.0001383220951538533
1.3931972789115648,161.12605,0.00010411425319034606
1.4164172335600906,162.17343,8.723259816179052e-05
1.4396371882086167,160.82863,6.511360697913915e-05
1.4628571428571429,156.17088,4.268961856723763e-05
1.486077097505669,144.72583,4.380020254757255e-05
1.509297052154195,131.07819,2.6584175429889e-05
1.5325170068027212,123.18315,2.902938285842538e-05
1.5557369614512473,126.36802,4.06683175242506e-05
1.5789569160997732,127.09934,5.4831671150168404e-05
1.6021768707482993,127.29661,4.381575854495168e-05
1.6253968253968254,125.141396,3.9185426430776715e-05
1.6486167800453515,121.72296,4.088734567631036e-05
1.6718367346938776,117.31481,3.506797656882554e-05
1.6950566893424037,112.98916,4.465858364710584e-05
1.7182766439909298,111.758095,3.6229972465662286e-05
1.7414965986394557,115.21606,3.605568053899333e-05
1.7647165532879818,120.550606,3.8737693103030324e-05
1.787936507936508,125.456696,3.9578484575031325e-05
1.811156462585034,123.566315,3.9356826164294034e-05
1.8343764172335602,121.14584,4.053420707350597e-05
1.8575963718820863,115.73238,3.3170432288898155e-05
1.8808163265306124,107.72174,2.4733721147640608e-05
1.9040362811791383,108.63287,2.7143330953549594e-05
1.9272562358276644,112.91827,3.522617043927312e-05
1.9504761904761905,120.35996,3.669079524115659e-05
1.9736961451247166,127.88236,5.5598586186533794e-05
1.9969160997732427,130.58983,5.715122460969724e-05
2.020136054421769,131.08888,4.249532867106609e-05
2.043356009070295,126.32912,2.7647482056636363e-05
2.066575963718821,120.62882,2.949928784801159e-05
2.089795918367347,115.03334,2.7841619157698005e-05
2.1130158730158732,108.69587,2.6164321752730757e-05
2.1362358276643993,111.17351,3.0541850719600916e-05
2.159455782312925,117.41841,3.2981759432004765e-05
2.182675736961451,123.810005,3.824725718004629e-05
2.2058956916099772,126.14465,3.174724042764865e-05
2.2291156462585033,125.00743,2.876814869523514e-05
2.2523356009070294,122.60982,3.0183635317371227e-05
2.2755555555555556,116.50492,2.8043925340170972e-05
2.2987755102040817,109.17607,2.4400589609285817e-05
2.3219954648526078,109.6879,2.832881364156492e-05
2.345215419501134,113.497765,2.9149239708203822e-05
2.36843537414966,119.0628,3.103920607827604e-05
2.391655328798186,127.29833,4.903007356915623e-05
2.414875283446712,131.95891,4.8883997806115076e-05
2.4380952380952383,135.09456,4.87822326249443e-05
2.4613151927437644,131.50162,3.500389721011743e-05
2.48453514739229,125.24571,2.6253423129674047e-05
2.507755102040816,117.87806,2.299369589309208e-05
2.5309750566893423,111.85721,2.585172296676319e-05
2.5541950113378684,112.28153,2.544359813327901e-05
2.5774149659863945,120.792595,3.3453485229983926e-05
2.6006349206349206,129.53343,4.555184568744153e-05
2.6238548752834467,131.37659,4.5405569835565984e-05
2.647074829931973,130.66779,3.2047497370513156e-05
2.670294784580499,125.95396,2.0177176338620484e-05
2.693514739229025,118.83388,2.0845296603511088e-05
2.716734693877551,112.02446,2.4925484467530623e-05
2.7399546485260773,112.093,2.438349292788189e-05
2.7631746031746034,122.92666,2.8529411792987958e-05
2.7863945578231295,0.0,5.202459760766942e-06
2.809614512471655,0.0,6.719292287016287e-07
2.8328344671201813,0.0,9.878931450657547e-08
2.8560544217687074,0.0,6.373829819494858e-08
2.8792743764172335,0.0,4.756384441861883e-08
2.9024943310657596,0.0,3.628974809544161e-08
2.9257142857142857,0.0,1.818170858314261e-08
2.948934240362812,0.0,5.915808287682012e-08
2.972154195011338,0.0,5.066976882517338e-08
2.995374149659864,0.0,7.120979717001319e-08
3.01859410430839,0.0,6.979462341405451e-09
