0.0,0.0,3.529385139700025e-08
0.023219954648526078,0.0,1.966964191524312e-08
0.046439909297052155,0.0,3.879904397763312e-08
0.06965986394557823,0.0,2.8320755518507212e-08
0.09287981859410431,0.0,3.279910743003711e-08
0.11609977324263039,0.0,1.487114786868915e-08
0.13931972789115646,0.0,3.8598955143243074e-08
0.16253968253968254,0.0,5.4101219575386494e-06
0.18575963718820862,174.54547,4.894623998552561e-05
0.2089795918367347,172.58536,0.0001291161752305925
0.23219954648526078,174.70653,0.00018667263793759048
0.25541950113378686,177.13719,0.00020585261518135667
0.2786394557823129,178.38644,0.00026090076426044106
0.301859410430839,177.03304,0.0004211203777231276
0.3250793650793651,174.47888,0.0006345446454361081
0.3482993197278912,173.12564,0.0007917562033981085
0.37151927437641724,171.70775,0.0008891659672372043
0.3947392290249433,171.79094,0.0010111614828929305
0.4179591836734694,174.45715,0.0007968703284859657
0.44117913832199546,185.10059,0.0005291044362820685
0.46439909297052157,197.12454,0.0007814592681825161
0.4876190476190476,191.75534,0.00038849562406539917
0.5108390022675737,183.07878,0.0003812082577496767
0.5340589569160998,187.5001,0.00046715239295735955
0.5572789115646258,202.68845,0.0010284670861437917
0.5804988662131519,218.50568,0.000885364250279963
0.603718820861678,230.35059,0.0008469889871776104
0.626938775510204,233.13878,0.0010706272441893816
0.6501587301587302,226.04642,0.0016000992618501186
0.6733786848072563,220.68797,0.0018624532967805862
0.6965986394557824,226.39021,0.0015285080298781395
0.7198185941043084,234.22006,0.0012003765441477299
0.7430385487528345,241.86707,0.000816693645901978
0.7662585034013606,246.873,0.0008785754907876253
0.7894784580498866,249.9539,0.0006114314310252666
0.8126984126984127,253.56233,0.0002850080491043627
0.8359183673469388,258.00565,0.000459936389233917
0.8591383219954649,261.789,0.000705694779753685
0.8823582766439909,271.2734,0.0006120668258517981
0.905578231292517,279.70096,0.0008097017416730523
0.9287981859410431,277.99802,0.0009860454592853785
0.9520181405895691,272.11728,0.0011747885728254914
0.9752380952380952,270.77213,0.0010444101644679904
0.9984580498866213,270.5132,0.0006382015417329967
1.0216780045351475,276.86603,0.0004825213400181383
1.0448979591836736,298.01965,0.0005437477957457304
1.0681179138321997,330.34164,0.0010911719873547554
1.0913378684807256,341.95117,0.0012631183490157127
1.1145578231292517,345.34976,0.001394336810335517
1.1377777777777778,339.0967,0.0010253677610307932
1.1609977324263039,329.82184,0.000772913102991879
1.18421768707483,326.95935,0.0010535498149693012
1.207437641723356,332.16086,0.0012282091192901134
1.2306575963718822,332.74585,0.0010146426502615213
1.253877551020408,325.13135,0.0014112778007984161
1.2770975056689342,296.2233,0.0012087973300367594
1.3003174603174603,269.89005,0.0007701176218688488
1.3235374149659864,259.3527,0.0007133441977202892
1.3467573696145125,252.82397,0.0006379814585670829
1.3699773242630386,252.28304,0.0005230162059888244
1.3931972789115648,254.865,0.0006198286428116262
1.4164172335600906,252.28369,0.0011609115172177553
1.4396371882086167,244.99545,0.0017836838960647583
1.4628571428571429,238.61362,0.001887539867311716
1.486077097505669,218.54034,0.0015640428755432367
1.509297052154195,211.38115,0.0012614734005182981
1.5325170068027212,209.33142,0.0013737770495936275
1.5557369614512473,213.11086,0.0015217678155750036
1.5789569160997732,214.2318,0.001532244379632175
1.6021768707482993,214.57657,0.001352390507236123
1.6253968253968254,211.3639,0.0010066898539662361
1.6486167800453515,199.38573,0.0002988050691783428
1.6718367346938776,182.48549,0.00023411278380081058
1.6950566893424037,175.37354,0.00024816082441248
1.7182766439909298,172.907,0.0003013648674823344
1.7414965986394557,171.87868,0.0003657461784314364
1.7647165532879818,172.55432,0.00043189380085095763
1.787936507936508,174.30849,0.0004158936790190637
1.811156462585034,174.77647,0.00040192267624661326
1.8343764172335602,171.78789,0.00046018732246011496
1.8575963718820863,168.49547,0.000385001243557781
1.8808163265306124,167.52477,0.00031187955755740404
1.9040362811791383,169.15521,0.0003859149292111397
1.9272562358276644,172.62346,0.0005656362627632916
1.9504761904761905,176.1282,0.00047087622806429863
1.9736961451247166,176.83485,0.00037110887933522463
1.9969160997732427,173.09964,0.000456725392723456
2.020136054421769,168.22736,0.0003432388184592128
2.043356009070295,164.31497,0.00022312233340926468
2.066575963718821,162.4843,0.00032400345662608743
2.089795918367347,165.26746,0.00048616761341691017
2.1130158730158732,171.51637,0.0004756044363602996
2.1362358276643993,177.43701,0.0003728742303792387
2.159455782312925,180.86171,0.00038662023143842816
2.182675736961451,176.78998,0.0003968680975958705
2.2058956916099772,171.26248,0.00043413101229816675
2.2291156462585033,166.19547,0.0002075286756735295
2.2523356009070294,162.33922,0.00026772244018502533
2.2755555555555556,163.52647,0.00043968961108475924
2.2987755102040817,168.2582,0.0005247685476206243
2.3219954648526078,173.19234,0.0005476223304867744
2.345215419501134,176.36444,0.00045610283268615603
2.36843537414966,175.26584,0.0003812458598986268
2.391655328798186,171.22604,0.00040497450390830636
2.414875283446712,165.95744,0.00018305261619389057
2.4380952380952383,161.35684,0.00021557201398536563
2.4613151927437644,161.70988,0.0002700987388379872
2.48453514739229,166.61423,0.0004452279827091843
2.507755102040816,173.24942,0.0004572276375256479
2.5309750566893423,177.87202,0.00034430710365995765
2.5541950113378684,178.21907,0.0003236045886296779
2.5774149659863945,174.24707,0.00035809565451927483
2.6006349206349206,168.80075,0.00027644200599752367
2.6238548752834467,163.41808,0.00016757316188886762
2.647074829931973,162.52068,0.00029163272120058537
2.670294784580499,165.47864,0.00042507864418439567
2.693514739229025,171.27135,0.00042830497841350734
2.716734693877551,177.22203,0.00034027063520625234
2.7399546485260773,179.4169,0.00029188880580477417
2.7631746031746034,174.13525,0.00031094919540919363
2.7863945578231295,167.26999,0.00016786307969596237
2.809614512471655,160.8033,0.0001230627385666594
2.8328344671201813,159.57059,0.00013538602797780186
2.8560544217687074,163.63104,0.00028598689823411405
2.8792743764172335,170.37428,0.00036570982774719596
2.9024943310657596,176.31734,0.00032550145988352597
2.9257142857142857,178.53496,0.00025582980015315115
2.948934240362812,174.71712,0.0002596510457806289
2.972154195011338,167.77386,0.000163713819347322
2.995374149659864,160.69727,8.762125798966736e-05
3.01859410430839,158.03133,8.712264389032498e-05
3.0418140589569163,161.5264,0.0002231095713796094
3.0650340136054424,168.67763,0.00028626099810935557
3.0882539682539685,175.43816,7.54833163227886e-05
3.1114739229024946,172.71657,1.5437490219483152e-05
3.1346938775510207,0.0,2.72293618763797e-06
3.1579138321995464,0.0,5.399788278737105e-07
3.1811337868480725,0.0,1.5287605492630973e-07
3.2043537414965986,0.0,5.268884706310928e-08
3.2275736961451247,0.0,4.194316716166213e-08
3.250793650793651,0.0,6.383561412803829e-08
3.274013605442177,0.0,3.1371200748253614e-08
3.297233560090703,0.0,3.6297933547757566e-08
3.320453514739229,0.0,2.2861968318466097e-08
3.3436734693877552,0.0,7.472590368706733e-08
3.3668934240362813,0.0,2.6943780540023e-08
