0.0,0.0,1.5234036254696548e-08
0.023219954648526078,0.0,4.232515493640676e-08
0.046439909297052155,0.0,3.309287421870977e-08
0.06965986394557823,0.0,7.385369826806709e-08
0.09287981859410431,0.0,3.770310286199674e-08
0.11609977324263039,163.11705,1.9774870452238247e-05
0.13931972789115646,166.80951,5.885034624952823e-05
0.16253968253968254,166.1312,0.00011188058851985261
0.18575963718820862,166.01068,0.00017915076750796288
0.2089795918367347,166.91457,0.00024986854987218976
0.23219954648526078,166.63289,0.00036935287062078714
0.25541950113378686,165.49907,0.00047667406033724546
0.2786394557823129,509.89923,0.0006872352096252143
0.301859410430839,532.85,0.0008181215962395072
0.3250793650793651,538.4809,0.0007602775003761053
0.3482993197278912,528.424,0.000481291557662189
0.37151927437641724,516.6595,0.0004229157930240035
0.3947392290249433,530.94946,0.0005745012313127518
0.4179591836734694,570.3479,0.000533882703166455
0.44117913832199546,566.614,0.0005224609049037099
0.46439909297052157,552.6163,0.00041918782517313957
0.4876190476190476,584.2616,0.0004926491528749466
0.5108390022675737,568.3953,0.00045577905257232487
0.5340589569160998,196.16702,0.00040911638643592596
0.5572789115646258,205.197,0.0005951653001829982
0.5804988662131519,425.22598,0.0007049397099763155
0.603718820861678,657.1518,0.0008124135783873498
0.626938775510204,653.33563,0.0004763699835166335
0.6501587301587302,639.118,0.0004483867378439754
0.6733786848072563,425.25732,0.000421978416852653
0.6965986394557824,432.40402,0.0006767913000658154
0.7198185941043084,447.43613,0.0008561249705962837
0.7430385487528345,461.44058,0.0010195118375122547
0.7662585034013606,465.92236,0.0009520295425318182
0.7894784580498866,459.59903,0.0007845800719223917
0.8126984126984127,224.68248,0.0006827949546277523
0.8359183673469388,451.76355,0.0007420007605105639
0.8591383219954649,233.63474,0.0009278919314965606
0.8823582766439909,502.61136,0.0016635394422337413
0.905578231292517,523.36774,0.0027134916745126247
0.9287981859410431,532.8365,0.0027275430038571358
0.9520181405895691,533.9269,0.0028002625331282616
0.9752380952380952,526.6914,0.0025435048155486584
0.9984580498866213,522.3174,0.0026306540239602327
1.0216780045351475,531.4831,0.0026824702508747578
1.0448979591836736,569.38684,0.001401912304572761
1.0681179138321997,298.97525,0.0023141871206462383
1.0913378684807256,303.87106,0.002089457353577018
1.1145578231292517,591.58405,0.003604000899940729
1.1377777777777778,573.0535,0.004543897695839405
1.1609977324263039,570.9786,0.0032320180907845497
1.18421768707483,290.85107,0.00197277101688087
1.207437641723356,310.04828,0.0028187106363475323
1.2306575963718822,326.20456,0.0033151586540043354
1.253877551020408,329.6525,0.003900074865669012
1.2770975056689342,323.63675,0.004301093518733978
1.3003174603174603,316.24146,0.0034742874559015036
1.3235374149659864,310.6899,0.003207539441064
1.3467573696145125,319.26273,0.002634782809764147
1.3699773242630386,332.2756,0.0035363261122256517
1.3931972789115648,343.89062,0.002967115491628647
1.4164172335600906,349.2431,0.0031943931244313717
1.4396371882086167,347.72266,0.004646374844014645
1.4628571428571429,343.55008,0.005403021350502968
1.486077097505669,339.82608,0.004953961819410324
1.509297052154195,338.71378,0.004480467643588781
1.5325170068027212,345.12115,0.0030403677374124527
1.5557369614512473,361.1484,0.0027269881684333086
1.5789569160997732,378.76047,0.004354684613645077
1.6021768707482993,393.17926,0.004326150752604008
1.6253968253968254,394.52966,0.0049452874809503555
1.6486167800453515,391.46317,0.004719344433397055
1.6718367346938776,388.36642,0.0036114691756665707
1.6950566893424037,386.74005,0.0029768000822514296
1.7182766439909298,384.49033,0.0025803546886891127
1.7414965986394557,377.17004,0.003959725145250559
1.7647165532879818,364.51035,0.003922760020941496
1.787936507936508,353.5619,0.0034258710220456123
1.811156462585034,349.73312,0.0029034775216132402
1.8343764172335602,356.57867,0.003087062854319811
1.8575963718820863,360.5022,0.0030843238346278667
1.8808163265306124,354.98376,0.0023410627618432045
1.9040362811791383,346.23618,0.0027145184576511383
1.9272562358276644,340.15652,0.0024289307184517384
1.9504761904761905,333.8804,0.0018392076017335057
1.9736961451247166,327.57742,0.0013992718886584044
1.9969160997732427,326.4452,0.0012631812132894993
2.020136054421769,327.7715,0.0014155340613797307
2.043356009070295,328.59338,0.0014137967955321074
2.066575963718821,325.99988,0.0014854739420115948
2.089795918367347,315.9114,0.0014760668855160475
2.1130158730158732,300.07523,0.0017106210580095649
2.1362358276643993,578.5009,0.002247569151222706
2.159455782312925,573.86865,0.002171567641198635
2.182675736961451,577.0939,0.0011907789157703519
2.2058956916099772,293.80994,0.0009979886235669255
2.2291156462585033,294.58588,0.0014171423390507698
2.2523356009070294,574.2555,0.002331234747543931
2.2755555555555556,555.15826,0.003110606223344803
2.2987755102040817,529.7206,0.004045314621180296
2.3219954648526078,522.4175,0.0035633696243166924
2.345215419501134,519.83765,0.0033629180397838354
2.36843537414966,522.1761,0.003604134311899543
2.391655328798186,525.0021,0.0038974101189523935
2.414875283446712,525.17206,0.003685560543090105
2.4380952380952383,519.0823,0.0018255668692290783
2.4613151927437644,487.0189,0.0013763662427663803
2.48453514739229,469.4451,0.0016156637575477362
2.507755102040816,461.96686,0.001288763014599681
2.5309750566893423,462.51724,0.0013241816777735949
2.5541950113378684,468.1684,0.0015670480206608772
2.5774149659863945,471.1412,0.0014875477645546198
2.6006349206349206,469.862,0.0012499403674155474
2.6238548752834467,461.7684,0.0010414795251563191
2.647074829931973,221.85493,0.0006991364643909037
2.670294784580499,215.0559,0.000707157189026475
2.693514739229025,736.48303,0.0006474481197074056
2.716734693877551,215.98145,0.0008049714379012585
2.7399546485260773,655.79767,0.0008962864521890879
2.7631746031746034,660.2098,0.0007756088161841035
2.7863945578231295,216.29694,0.0007052450673654675
2.809614512471655,208.29506,0.0006703826948069036
2.8328344671201813,400.7788,0.0005185791524127126
2.8560544217687074,575.20667,0.0006894491380080581
2.8792743764172335,564.3649,0.0005769951967522502
2.9024943310657596,563.47626,0.0005675256252288818
2.9257142857142857,664.19165,0.0006172483554109931
2.948934240362812,682.8333,0.0005798690253868699
2.972154195011338,662.9871,0.0006601758068427444
2.995374149659864,563.5974,0.0006015667458996177
3.01859410430839,531.66705,0.0007813888951204717
3.0418140589569163,509.3054,0.0006354640354402363
3.0650340136054424,494.74493,0.0005640102899633348
3.0882539682539685,492.35278,0.0006336788646876812
3.1114739229024946,505.32437,0.0005780796054750681
3.1346938775510207,518.45703,0.0007745267357677221
3.1579138321995464,520.43945,0.00084634346421808
3.1811337868480725,514.1363,0.0007931925356388092
3.2043537414965986,495.33484,0.0006904425099492073
3.2275736961451247,483.62775,0.0006220932118594646
3.250793650793651,482.16287,0.0005891538457944989
3.274013605442177,164.97313,0.0005705212242901325
3.297233560090703,524.19824,0.0006793553475290537
3.320453514739229,533.5238,0.0005534479860216379
3.3436734693877552,538.428,0.000665895757265389
3.3668934240362813,529.2977,0.0007876238087192178
3.3901133786848074,502.00684,0.0005880803801119328
3.4133333333333336,487.258,0.000600986008066684
3.4365532879818597,483.48154,0.0006079075392335653
3.4597732426303858,489.08096,0.0005064497236162424
3.4829931972789114,512.12756,0.0005594039103016257
3.5062131519274375,528.17566,0.0005946487654000521
3.5294331065759637,533.56586,0.0006240620859898627
3.5526530612244898,530.95166,0.0006729140877723694
3.575873015873016,511.869,0.0005745046073570848
3.599092970521542,493.2339,0.0006059885490685701
3.622312925170068,487.40216,0.0005691535770893097
3.645532879818594,490.54178,0.00045094406232237816
3.6687528344671203,511.40387,0.0005586231709457934
3.6919727891156464,528.9219,0.00049818359548226
3.7151927437641725,536.27313,0.0005149051430635154
3.7384126984126986,533.62115,0.000628798094112426
3.7616326530612247,518.6557,0.000547054864000529
3.784852607709751,495.0962,0.0005427101859822869
3.8080725623582765,486.5529,0.0005028464365750551
3.8312925170068026,163.69478,0.0004275685641914606
3.8545124716553287,510.5461,0.00047890411224216223
3.877732426303855,527.21625,0.0005255913129076362
3.900952380952381,532.5294,0.0005221815663389862
3.924172335600907,531.24115,0.0006252307211980224
3.947392290249433,519.3516,0.0005070553161203861
3.9706122448979593,495.71097,0.0004886883543804288
3.9938321995464854,482.29422,0.0005100510898046196
4.017052154195011,162.26779,0.0003878014103975147
4.040272108843538,510.27606,0.00037970594712533057
4.063492063492063,529.23236,0.0002982803271152079
4.08671201814059,538.668,0.0002839692169800401
4.1099319727891155,537.6795,0.00039191325777210295
4.133151927437642,523.1453,0.0003518005250953138
4.156371882086168,167.6205,0.0003786088200286031
4.179591836734694,485.86404,0.0004335130506660789
4.20281179138322,161.5811,0.0003942514304071665
4.2260317460317465,506.5816,0.0002993572852574289
4.249251700680272,530.1293,0.0001064195967046544
4.272471655328799,181.84428,1.2215170499985106e-05
4.295691609977324,0.0,7.68123754824046e-07
4.31891156462585,0.0,1.1291467671981081e-07
4.342131519274377,0.0,3.390778147149831e-08
4.365351473922902,0.0,6.776008376618847e-08
4.388571428571429,0.0,3.9913174987304956e-08
4.4117913832199545,0.0,4.462344804778695e-08
4.435011337868481,0.0,2.5416738935746253e-08
4.458231292517007,0.0,3.480454324744642e-08
4.481451247165533,0.0,2.246815711259842e-08
