0.0,0.0,7.8788616519887e-08
0.023219954648526078,0.0,3.2194293453358114e-08
0.046439909297052155,0.0,9.733957995194942e-08
0.06965986394557823,0.0,5.3579242376144975e-08
0.09287981859410431,0.0,4.321009328123182e-08
0.11609977324263039,0.0,6.611480785068125e-08
0.13931972789115646,0.0,3.8490725273732096e-08
0.16253968253968254,0.0,2.1012965589761734e-08
0.18575963718820862,0.0,3.816876414930448e-08
0.2089795918367347,0.0,4.548655851976946e-08
0.23219954648526078,0.0,1.4150737115414813e-07
0.25541950113378686,223.82466,1.1472830919956323e-05
0.2786394557823129,120.78841,1.9167433492839336e-05
0.301859410430839,122.73695,2.3913562472444028e-05
0.3250793650793651,125.136,2.630829476402141e-05
0.3482993197278912,127.89315,4.663031722884625e-05
0.37151927437641724,130.59186,6.098482117522508e-05
0.3947392290249433,132.00262,6.569264951394871e-05
0.4179591836734694,131.80229,8.962441643234342e-05
0.44117913832199546,133.62387,0.00012825960584450513
0.46439909297052157,135.40836,0.00014380045467987657
0.4876190476190476,131.05057,0.00012502791651058942
0.5108390022675737,128.78214,7.136659405659884e-05
0.5340589569160998,129.10577,8.330376294907182e-05
0.5572789115646258,133.70573,0.00011645663471426815
0.5804988662131519,140.42303,0.0001657856337260455
0.603718820861678,145.16049,0.00024148185912054032
0.626938775510204,146.64175,0.0001917924382723868
0.6501587301587302,146.31131,0.00011255464778514579
0.6733786848072563,143.0493,0.00010024494986282662
0.6965986394557824,143.6515,0.00016222131671383977
0.7198185941043084,150.73047,0.0002727571118157357
0.7430385487528345,157.17757,0.00019578353385441005
0.7662585034013606,162.00307,0.0002087930333800614
0.7894784580498866,159.34131,0.00031343562295660377
0.8126984126984127,155.38187,0.0002952158683910966
0.8359183673469388,155.74066,0.00033855560468509793
0.8591383219954649,159.7705,0.00019229146710131317
0.8823582766439909,166.08925,0.00016284637968055904
0.905578231292517,170.53673,0.00027521225274540484
0.9287981859410431,173.84834,0.0002738524926826358
0.9520181405895691,173.83823,0.00022446828370448202
0.9752380952380952,171.11017,0.00015843313303776085
0.9984580498866213,171.26173,0.00022379604342859238
1.0216780045351475,175.86328,0.00021978214499540627
1.0448979591836736,185.45132,0.0003382193681318313
1.0681179138321997,193.92165,0.00036086642649024725
1.0913378684807256,196.64972,0.0004655426018871367
1.1145578231292517,194.65997,0.00019968085689470172
1.1377777777777778,189.13643,0.00024703284725546837
1.1609977324263039,195.53474,0.0004219095571897924
1.18421768707483,204.8764,0.0005372844752855599
1.207437641723356,213.81134,0.0005805986002087593
1.2306575963718822,220.35873,0.0007339966832660139
1.253877551020408,221.79607,0.0005960966227576137
1.2770975056689342,219.63803,0.00047645947779528797
1.3003174603174603,219.57117,0.00048048674943856895
1.3235374149659864,222.59874,0.0006966201472096145
1.3467573696145125,232.20753,0.0010632434859871864
1.3699773242630386,245.11963,0.0007491743308492005
1.3931972789115648,253.13347,0.001045347424224019
1.4164172335600906,254.26784,0.00076961365994066
1.4396371882086167,246.48106,0.0010452927090227604
1.4628571428571429,244.75267,0.0010238320101052523
1.486077097505669,247.96556,0.0009395026136189699
1.509297052154195,255.85344,0.0018599051982164383
1.5325170068027212,265.7185,0.001701656263321638
1.5557369614512473,271.70123,0.0013428488746285439
1.5789569160997732,275.6056,0.0016476879827678204
1.6021768707482993,273.16687,0.0024158067535609007
1.6253968253968254,266.24408,0.0030966319609433413
1.6486167800453515,263.23822,0.0026208385825157166
1.6718367346938776,266.325,0.0011547721223905683
1.6950566893424037,279.13852,0.001276967115700245
1.7182766439909298,299.3448,0.0018417614046484232
1.7414965986394557,305.7234,0.0019029434770345688
1.7647165532879818,299.37744,0.0015785405412316322
1.787936507936508,290.4566,0.0016547634731978178
1.811156462585034,283.09564,0.0016216509975492954
1.8343764172335602,272.5776,0.0020187473855912685
1.8575963718820863,264.28323,0.0022800154983997345
1.8808163265306124,258.7356,0.0021635303273797035
1.9040362811791383,259.26782,0.002882897388190031
1.9272562358276644,263.69174,0.002649532863870263
1.9504761904761905,265.6018,0.00284600374288857
1.9736961451247166,262.2194,0.0022395621053874493
1.9969160997732427,254.70807,0.0014450441813096404
2.020136054421769,244.83122,0.001191803952679038
2.043356009070295,244.35732,0.0011611978989094496
2.066575963718821,243.51335,0.001255044131539762
2.089795918367347,244.76424,0.0015030975919216871
2.1130158730158732,245.43245,0.0015193696599453688
2.1362358276643993,244.19328,0.001362059498205781
2.159455782312925,240.4198,0.0012836366659030318
2.182675736961451,233.0121,0.0012808330357074738
2.2058956916099772,221.7994,0.001487482339143753
2.2291156462585033,223.25667,0.0013968703569844365
2.2523356009070294,222.96324,0.0012227005790919065
2.2755555555555556,223.39912,0.0011405294062569737
2.2987755102040817,221.71498,0.0010162538383156061
2.3219954648526078,218.51321,0.0007998340297490358
2.345215419501134,211.07948,0.0005929563194513321
2.36843537414966,204.33894,0.0007306145271286368
2.391655328798186,203.12975,0.0008305320516228676
2.414875283446712,201.78828,0.0008822203963063657
2.4380952380952383,200.10207,0.0008103362051770091
2.4613151927437644,199.16194,0.0008894856437109411
2.48453514739229,198.09903,0.0008605868788436055
2.507755102040816,194.87677,0.0004604925634339452
2.5309750566893423,189.33565,0.00036543485475704074
2.5541950113378684,182.588,0.00029377778992056847
2.5774149659863945,177.95605,0.00028327415930107236
2.6006349206349206,177.42989,0.00026273506227880716
2.6238548752834467,178.1764,0.0002810228615999222
2.647074829931973,178.81317,0.0002771212311927229
2.670294784580499,179.07579,0.00025387981440871954
2.693514739229025,177.22098,0.0002790972648654133
2.716734693877551,173.76949,0.00029397866455838084
2.7399546485260773,169.58185,0.00027009507175534964
2.7631746031746034,167.00061,0.00019336507830303162
2.7863945578231295,167.29762,0.00017991973436437547
2.809614512471655,167.53722,0.0001760914019541815
2.8328344671201813,167.21844,0.00016477219469379634
2.8560544217687074,166.48494,0.00016995139594655484
2.8792743764172335,163.94809,0.00027662550564855337
2.9024943310657596,159.25084,0.0004590623138938099
2.9257142857142857,153.38008,0.00027484510792419314
2.948934240362812,148.61264,0.00021518568973988295
2.972154195011338,146.41747,0.00020224248874001205
2.995374149659864,145.31728,0.0002227399090770632
3.01859410430839,145.36487,0.00024077868147287518
3.0418140589569163,146.08723,0.0002051803603535518
3.0650340136054424,146.68532,0.00017898765509016812
3.0882539682539685,145.91443,0.00018363131675869226
3.1114739229024946,144.035,0.00015697773778811097
3.1346938775510207,140.36375,0.00012192709982628003
3.1579138321995464,132.87671,8.735398296266794e-05
3.1811337868480725,257.20236,5.7372548326384276e-05
3.2043537414965986,246.53856,6.125302752479911e-05
3.2275736961451247,249.24771,7.697984983678907e-05
3.250793650793651,126.89708,9.222982043866068e-05
3.274013605442177,128.19247,0.00012035074178129435
3.297233560090703,258.66135,9.96395610854961e-05
3.320453514739229,255.41278,7.291262591024861e-05
3.3436734693877552,247.83083,6.96697534294799e-05
3.3668934240362813,124.09129,6.99315860401839e-05
3.3901133786848074,249.16194,7.718896813457832e-05
3.4133333333333336,252.23474,7.475172606064007e-05
3.4365532879818597,257.46295,9.276392665924504e-05
3.4597732426303858,128.91243,0.00011519019608385861
3.4829931972789114,128.66919,8.996919495984912e-05
3.5062131519274375,251.19319,8.198768045986071e-05
3.5294331065759637,123.03772,0.0001102815949707292
3.5526530612244898,120.77024,0.0001332977699348703
3.575873015873016,119.71585,0.00012368886382319033
3.599092970521542,120.983894,7.552259194198996e-05
3.622312925170068,125.09691,7.409180398099124e-05
3.645532879818594,128.84517,0.00011072891356889158
3.6687528344671203,263.4557,0.00011916879884665832
3.6919727891156464,131.61536,9.71820845734328e-05
3.7151927437641725,258.11887,6.851232319604605e-05
3.7384126984126986,123.89032,0.00010161276441067457
3.7616326530612247,121.08907,0.00011253257980570197
3.784852607709751,119.9371,0.000117844610940665
3.8080725623582765,121.04818,7.835427823010832e-05
3.8312925170068026,125.1517,6.440797005780041e-05
3.8545124716553287,128.49733,0.0001035703462548554
3.877732426303855,130.65694,0.0001057281406247057
3.900952380952381,130.84407,7.45926663512364e-05
3.924172335600907,256.38156,5.729029362555593e-05
3.947392290249433,123.7121,9.695331391412765e-05
3.9706122448979593,120.40561,0.00011234367411816493
3.9938321995464854,119.219955,0.00010349962394684553
4.017052154195011,121.355934,6.254832987906411e-05
4.040272108843538,126.23934,6.530319660669193e-05
4.063492063492063,130.39021,8.885157149052247e-05
4.08671201814059,263.9112,7.999195076990873e-05
4.1099319727891155,130.83394,5.280046025291085e-05
4.133151927437642,125.866714,6.447592022595927e-05
4.156371882086168,121.20363,9.077330469153821e-05
4.179591836734694,117.598694,0.00010504604870220646
4.20281179138322,118.23951,8.130899368552491e-05
4.2260317460317465,122.55451,4.2136114643653855e-05
4.249251700680272,128.13417,3.469017974566668e-05
4.272471655328799,0.0,4.1632538341218606e-06
4.295691609977324,0.0,5.012625479139388e-07
4.31891156462585,0.0,3.660625225165859e-08
4.342131519274377,0.0,5.2650648285634816e-08
4.365351473922902,0.0,4.531648301053792e-08
4.388571428571429,0.0,2.7113856049254537e-08
4.4117913832199545,0.0,1.8205355445388705e-08
4.435011337868481,0.0,2.0205334294587374e-08
4.458231292517007,0.0,4.837602318730205e-09
