0.0,0.0,5.6138560466933995e-08
0.023219954648526078,0.0,1.6294507076963782e-08
0.046439909297052155,0.0,6.749814929207787e-08
0.06965986394557823,0.0,9.490941010881215e-08
0.09287981859410431,0.0,1.8295941117685288e-07
0.11609977324263039,0.0,1.0449366527609527e-07
0.13931972789115646,0.0,5.860874807694927e-08
0.16253968253968254,0.0,6.632217264268547e-08
0.18575963718820862,0.0,5.268611857900396e-08
0.2089795918367347,0.0,2.1102487153257243e-06
0.23219954648526078,167.20712,1.1054336027882528e-05
0.25541950113378686,165.35495,1.776953286025673e-05
0.2786394557823129,165.03528,3.450519579928368e-05
0.301859410430839,569.93115,6.413745722966269e-05
0.3250793650793651,570.7593,9.99083204078488e-05
0.3482993197278912,546.2458,0.00015561064356006682
0.37151927437641724,575.0933,0.00024899188429117203
0.3947392290249433,166.20949,0.0003609461709856987
0.4179591836734694,171.5639,0.0005304914666339755
0.44117913832199546,541.6607,0.000492300430778414
0.46439909297052157,544.3648,0.0004666378954425454
0.4876190476190476,719.70966,0.00039111869409680367
0.5108390022675737,702.60974,0.0002482868148945272
0.5340589569160998,692.2148,0.0002385301049798727
0.5572789115646258,180.12515,0.00028552705771289766
0.5804988662131519,379.99078,0.00034681614488363266
0.603718820861678,400.75568,0.0005101440474390984
0.626938775510204,409.1433,0.00044193907524459064
0.6501587301587302,401.94376,0.0004198528185952455
0.6733786848072563,391.86853,0.0003275642520748079
0.6965986394557824,384.85593,0.0003240496153011918
0.7198185941043084,396.17554,0.0004313117533456534
0.7430385487528345,417.11594,0.00033805088605731726
0.7662585034013606,435.66876,0.0004712051013484597
0.7894784580498866,666.1492,0.0005134673556312919
0.8126984126984127,442.68683,0.000393133785109967
0.8359183673469388,431.8431,0.0003611963475123048
0.8591383219954649,424.384,0.00031871249666437507
0.8823582766439909,426.6559,0.0003191980649717152
0.905578231292517,444.31995,0.0004585040733218193
0.9287981859410431,234.88112,0.0004739275318570435
0.9520181405895691,733.4923,0.0004295564431231469
0.9752380952380952,243.3947,0.0005972393555566669
0.9984580498866213,475.72272,0.0006492849788628519
1.0216780045351475,469.91064,0.0005111881764605641
1.0448979591836736,236.12566,0.0003170794225297868
1.0681179138321997,245.04192,0.0003416609251871705
1.0913378684807256,258.44467,0.00044949090806767344
1.1145578231292517,538.2746,0.0005538568366318941
1.1377777777777778,268.84317,0.0005219592712819576
1.1609977324263039,264.7517,0.0005168021889403462
1.18421768707483,772.44763,0.000474500993732363
1.207437641723356,259.4322,0.0005209987284615636
1.2306575963718822,265.3862,0.0007221752312034369
1.253877551020408,571.3032,0.0005633438122458756
1.2770975056689342,671.64453,0.0006793597713112831
1.3003174603174603,595.36456,0.0006955522112548351
1.3235374149659864,581.1532,0.0008057574741542339
1.3467573696145125,573.834,0.0007936287438496947
1.3699773242630386,574.79425,0.0005445280694402754
1.3931972789115648,526.56134,0.0006482638418674469
1.4164172335600906,314.2419,0.0015561598120257258
1.4396371882086167,327.34668,0.0025694682262837887
1.4628571428571429,329.4412,0.0021125348284840584
1.486077097505669,322.78027,0.001337831374257803
1.509297052154195,318.8059,0.0012835569214075804
1.5325170068027212,314.9227,0.00131456577219069
1.5557369614512473,319.73538,0.0019381437450647354
1.5789569160997732,328.75845,0.0017369784181937575
1.6021768707482993,342.59995,0.0010083147790282965
1.6253968253968254,352.4638,0.0011344999074935913
1.6486167800453515,354.3545,0.0012848353944718838
1.6718367346938776,345.87875,0.002044365042820573
1.6950566893424037,341.2094,0.00207357294857502
1.7182766439909298,340.7936,0.0016956001054495573
1.7414965986394557,342.5504,0.0011670762905851007
1.7647165532879818,352.179,0.0013296072138473392
1.787936507936508,372.11673,0.0034239296801388264
1.811156462585034,390.63516,0.005223995074629784
1.8343764172335602,401.383,0.0051168655045330524
1.8575963718820863,397.89716,0.005340169183909893
1.8808163265306124,387.46286,0.0019723824225366116
1.9040362811791383,380.2803,0.0015363114653155208
1.9272562358276644,378.18143,0.0014817824121564627
1.9504761904761905,374.65546,0.0015834153164178133
1.9736961451247166,366.04816,0.0015099793672561646
1.9969160997732427,354.3897,0.0014824410900473595
2.020136054421769,344.16763,0.0013831902761012316
2.043356009070295,349.19757,0.0012154197320342064
2.066575963718821,360.54544,0.0012901958543807268
2.089795918367347,362.83862,0.0011820555664598942
2.1130158730158732,352.71396,0.0010154017945751548
2.1362358276643993,339.75742,0.0020730486139655113
2.159455782312925,329.39508,0.0016915900632739067
2.182675736961451,323.43076,0.0016880723414942622
2.2058956916099772,327.9284,0.0015425907913595438
2.2291156462585033,329.05548,0.0012193520087748766
2.2523356009070294,329.59174,0.0014052941696718335
2.2755555555555556,326.86108,0.0013054682640358806
2.2987755102040817,319.8317,0.0010731206275522709
2.3219954648526078,534.7296,0.0008531120838597417
2.345215419501134,580.65,0.00106392044108361
2.36843537414966,574.17865,0.0008450123714283109
2.391655328798186,578.0834,0.0006183127406984568
2.414875283446712,529.505,0.0005403211107477546
2.4380952380952383,294.4716,0.0006483084289357066
2.4613151927437644,575.6518,0.0009832116775214672
2.48453514739229,545.19495,0.0008610304212197661
2.507755102040816,520.3706,0.000694795569870621
2.5309750566893423,905.5765,0.0008073800709098577
2.5541950113378684,518.6812,0.0009459916036576033
2.5774149659863945,526.1816,0.0008403857937082648
2.6006349206349206,529.98926,0.0008406817214563489
2.6238548752834467,523.52936,0.0005396702908910811
2.647074829931973,252.9538,0.0006836367538198829
2.670294784580499,237.468,0.0006684258696623147
2.693514739229025,452.29794,0.0006372969364747405
2.716734693877551,453.27258,0.0006411090726032853
2.7399546485260773,551.6638,0.000855721184052527
2.7631746031746034,551.91284,0.001022408832795918
2.7863945578231295,552.17346,0.0007957256166264415
2.809614512471655,460.6882,0.0005422357353381813
2.8328344671201813,447.85056,0.0007607765146531165
2.8560544217687074,435.05164,0.0008953909273259342
2.8792743764172335,430.38074,0.000836570281535387
2.9024943310657596,433.76593,0.0007275027455762029
2.9257142857142857,439.46106,0.0006219219067133963
2.948934240362812,444.34152,0.0005887537263333797
2.972154195011338,442.94727,0.0007502866210415959
2.995374149659864,434.07007,0.000988303916528821
3.01859410430839,415.63776,0.0008205613703466952
3.0418140589569163,396.91876,0.0007922249496914446
3.0650340136054424,392.77838,0.000755823974031955
3.0882539682539685,396.44266,0.0008322483627125621
3.1114739229024946,401.17047,0.0007201978587545455
3.1346938775510207,399.23816,0.0005609714426100254
3.1579138321995464,394.40598,0.0004913179436698556
3.1811337868480725,385.66684,0.0004522837698459625
3.2043537414965986,180.47139,0.00029441737569868565
3.2275736961451247,345.79523,0.0002958277182187885
3.250793650793651,338.61255,0.0003026105696335435
3.274013605442177,341.17047,0.0003187769325450063
3.297233560090703,342.84518,0.0003633402520790696
3.320453514739229,171.25212,0.0003707983414642513
3.3436734693877552,340.1642,0.00040011329110711813
3.3668934240362813,332.13922,0.00028263835702091455
3.3901133786848074,324.55627,0.0003962107002735138
3.4133333333333336,166.43814,0.000335196586092934
3.4365532879818597,172.09856,0.0004430728731676936
3.4597732426303858,352.60016,0.0004912087460979819
3.4829931972789114,709.1121,0.0004138492513448
3.5062131519274375,172.79321,0.0004121183301322162
3.5294331065759637,337.50464,0.0005220322636887431
3.5526530612244898,330.10516,0.00046791142085567117
3.575873015873016,327.27075,0.0004530379665084183
3.599092970521542,168.61613,0.00039689120603725314
3.622312925170068,174.88803,0.0004389526438899338
3.645532879818594,361.5384,0.0005985653260722756
3.6687528344671203,364.2968,0.0006634627352468669
3.6919727891156464,177.17546,0.0004076724871993065
3.7151927437641725,171.05568,0.0004937576595693827
3.7384126984126986,332.38214,0.00041487961425445974
3.7616326530612247,572.8835,0.0004484435776248574
3.784852607709751,165.64836,0.00038222118746489286
3.8080725623582765,170.76889,0.00039750587893649936
3.8312925170068026,353.68228,0.00038014957681298256
3.8545124716553287,361.72626,0.000460812880191952
3.877732426303855,360.83875,0.00048013500054366887
3.900952380952381,173.83958,0.00036721397191286087
3.924172335600907,168.33679,0.00042139188735745847
3.947392290249433,546.1575,0.00028373999521136284
3.9706122448979593,162.59819,0.00041486762347631156
3.9938321995464854,333.64294,0.00032720970921218395
4.017052154195011,172.36658,0.0003429135540500283
4.040272108843538,355.62863,0.00029695749981328845
4.063492063492063,361.79175,0.00035597445094026625
4.08671201814059,176.94257,0.00026944579440169036
4.1099319727891155,342.752,0.0004076788609381765
4.133151927437642,334.95325,0.0003355027874931693
4.156371882086168,329.7742,0.0003295195638202131
4.179591836734694,330.16635,0.00026088434970006347
4.20281179138322,170.49426,0.0002389185974607244
4.2260317460317465,174.87656,0.00027196892187930644
4.249251700680272,708.114,0.00023237749701365829
4.272471655328799,174.46066,0.0002932427159976214
4.295691609977324,168.11409,0.00026547512970864773
4.31891156462585,162.35075,0.00022810464724898338
4.342131519274377,162.29213,0.00033226789673790336
4.365351473922902,333.813,0.0002562779118306935
4.388571428571429,172.10558,0.00025096337776631117
4.4117913832199545,355.08136,0.0002058860845863819
4.435011337868481,363.34622,0.0002812333405017853
4.458231292517007,360.04303,0.00022335407265927643
4.481451247165533,172.629,0.0002752977889031172
4.504671201814059,166.67607,0.00019859486201312393
4.527891156462585,580.2682,0.0002121638972312212
4.551111111111111,162.28494,0.0002725987578742206
4.574331065759638,166.7732,0.00020670105004683137
4.597551020408163,345.92395,0.00018084833573084325
4.62077097505669,707.6817,0.00018062788876704872
4.6439909297052155,709.91846,0.00013424965436570346
4.667210884353741,348.29834,3.8957437936915085e-05
4.690430839002268,0.0,5.626811798720155e-06
4.713650793650793,0.0,8.43003363115713e-07
4.73687074829932,0.0,2.656706783454865e-07
4.760090702947846,0.0,7.05676939105615e-08
4.783310657596372,0.0,4.557296051643789e-08
4.806530612244898,0.0,2.9128386813681573e-08
4.829750566893424,0.0,5.197125574341044e-08
4.85297052154195,0.0,3.338027454447001e-08
4.876190476190477,0.0,3.856257535517216e-08
4.899410430839002,0.0,2.8028807719238102e-08
4.922630385487529,0.0,2.3305801732931286e-08
