0.0,0.0,7.293874659808353e-08
0.023219954648526078,0.0,4.104276740690693e-08
0.046439909297052155,0.0,3.864988684654236e-08
0.06965986394557823,0.0,4.1037310438696295e-08
0.09287981859410431,0.0,4.358480509836227e-08
0.11609977324263039,0.0,4.910179995931685e-08
0.13931972789115646,0.0,3.953027771785855e-08
0.16253968253968254,0.0,1.0125040716957301e-07
0.18575963718820862,0.0,7.196740625659004e-08
0.2089795918367347,0.0,8.043662091949955e-08
0.23219954648526078,0.0,2.004630005103536e-06
0.25541950113378686,117.712616,1.5934372640913352e-05
0.2786394557823129,118.44794,3.371997445356101e-05
0.301859410430839,121.27483,5.367772246245295e-05
0.3250793650793651,124.20553,6.0269761888775975e-05
0.3482993197278912,126.39002,5.602722376352176e-05
0.37151927437641724,125.49347,5.2638188208220527e-05
0.3947392290249433,122.87956,5.168448115000501e-05
0.4179591836734694,123.3107,5.081641211290844e-05
0.44117913832199546,129.69472,3.622267831815407e-05
0.46439909297052157,135.48401,1.7684538761386648e-05
0.4876190476190476,0.0,5.530868293135427e-06
0.5108390022675737,0.0,1.2009249985567294e-06
0.5340589569160998,0.0,1.8701484805205837e-07
0.5572789115646258,0.0,1.2418240658007562e-07
0.5804988662131519,0.0,2.9906004783697426e-08
0.603718820861678,0.0,1.6769081412348896e-07
0.626938775510204,151.957,1.5224576600303408e-05
0.6501587301587302,165.65836,3.1396979466080666e-05
0.6733786848072563,167.40851,4.407099186209962e-05
0.6965986394557824,169.3288,4.9546426453161985e-05
0.7198185941043084,169.34097,5.1378920034039766e-05
0.7430385487528345,167.96777,4.546524723991752e-05
0.7662585034013606,165.67369,3.7959958717692643e-05
0.7894784580498866,164.8944,3.2453554013045505e-05
0.8126984126984127,166.6796,2.7942467568209395e-05
0.8359183673469388,169.67076,2.234062230854761e-05
0.8591383219954649,170.38802,1.6150072042364627e-05
0.8823582766439909,0.0,3.2511115932720713e-06
0.905578231292517,0.0,3.3271680877078325e-07
0.9287981859410431,0.0,7.527251000283286e-08
0.9520181405895691,0.0,2.8085196390748024e-08
0.9752380952380952,0.0,2.0307670638430864e-06
0.9984580498866213,210.03802,2.9840193747077137e-05
1.0216780045351475,200.54553,3.633333835750818e-05
1.0448979591836736,197.62218,4.431908018887043e-05
1.0681179138321997,196.71375,4.4288641220191494e-05
1.0913378684807256,192.91444,4.7081812226679176e-05
1.1145578231292517,191.18857,4.241708666086197e-05
1.1377777777777778,193.88101,4.4212123611941934e-05
1.1609977324263039,197.06232,3.416149411350489e-05
1.18421768707483,198.88654,2.3129246983444318e-05
1.207437641723356,198.66273,1.7225222109118477e-05
1.2306575963718822,0.0,5.4564034144277684e-06
1.253877551020408,0.0,8.40227585285902e-07
1.2770975056689342,0.0,1.3453882274916396e-07
1.3003174603174603,0.0,4.807679943041876e-08
1.3235374149659864,0.0,5.6989847507793456e-08
1.3467573696145125,0.0,6.935897545190528e-08
1.3699773242630386,0.0,6.803184078307822e-07
1.3931972789115648,270.06424,3.955192005378194e-05
1.4164172335600906,273.54077,6.457592826336622e-05
1.4396371882086167,269.66656,7.256069511640817e-05
1.4628571428571429,270.0368,7.021515921223909e-05
1.486077097505669,268.6718,7.17430011718534e-05
1.509297052154195,263.95416,7.068866398185492e-05
1.5325170068027212,259.10696,4.1606734157539904e-05
1.5557369614512473,254.07143,2.0497693185461685e-05
1.5789569160997732,248.82043,2.0094099454581738e-05
1.6021768707482993,251.02435,1.7473990737926215e-05
1.6253968253968254,0.0,9.473103091295343e-06
1.6486167800453515,0.0,9.429313649889082e-07
1.6718367346938776,0.0,6.443788151955232e-07
1.6950566893424037,0.0,1.0373059922130778e-07
1.7182766439909298,0.0,7.678590918658301e-08
1.7414965986394557,0.0,5.153378879185766e-08
1.7647165532879818,0.0,4.746560080093332e-06
1.787936507936508,173.08401,2.818619759636931e-05
1.811156462585034,176.17804,3.7585312384180725e-05
1.8343764172335602,186.13779,3.425349132157862e-05
1.8575963718820863,192.34363,3.2788746466394514e-05
1.8808163265306124,190.76544,3.291796747362241e-05
1.9040362811791383,189.59967,2.4680799469933845e-05
1.9272562358276644,190.89352,2.2573814931092784e-05
1.9504761904761905,193.50352,2.029748611676041e-05
1.9736961451247166,199.29826,1.4810515494900756e-05
1.9969160997732427,0.0,7.086257028277032e-06
2.020136054421769,0.0,1.4368824849952944e-06
2.043356009070295,0.0,3.291806933702901e-07
2.066575963718821,0.0,2.951310307253152e-08
2.089795918367347,0.0,4.684170562541112e-08
2.1130158730158732,0.0,7.470953278243542e-08
2.1362358276643993,0.0,1.609769242350012e-07
2.159455782312925,0.0,9.92055720416829e-06
2.182675736961451,154.67494,1.991742101381533e-05
2.2058956916099772,160.5959,2.7792588298325427e-05
2.2291156462585033,165.00403,2.856996434275061e-05
2.2523356009070294,166.6809,2.5424356863368303e-05
2.2755555555555556,167.86044,2.2150074073579162e-05
2.2987755102040817,168.69948,2.3647815396543592e-05
2.3219954648526078,168.86479,2.2586133127333596e-05
2.345215419501134,168.79208,1.6986203263513744e-05
2.36843537414966,168.79376,1.1410269507905468e-05
2.391655328798186,0.0,6.782359378121328e-06
2.414875283446712,0.0,1.2448226698325016e-06
2.4380952380952383,0.0,1.111948222387582e-07
2.4613151927437644,0.0,7.891867426224053e-08
2.48453514739229,0.0,5.4476913646794856e-08
2.507755102040816,0.0,2.946035237982869e-08
2.5309750566893423,0.0,5.982201400911435e-08
2.5541950113378684,0.0,2.859360392903909e-08
2.5774149659863945,0.0,5.040274118073285e-06
2.6006349206349206,127.91397,1.718164094199892e-05
2.6238548752834467,123.259895,2.4767552531557158e-05
2.647074829931973,126.16429,2.9350856493692845e-05
2.670294784580499,128.41077,4.4085994886700064e-05
2.693514739229025,131.72289,5.332361615728587e-05
2.716734693877551,134.94792,5.117233013152145e-05
2.7399546485260773,131.0145,5.234636410023086e-05
2.7631746031746034,126.71861,3.2540065149078146e-05
2.7863945578231295,125.814545,2.592555756564252e-05
2.809614512471655,126.13053,3.0209215765353292e-05
2.8328344671201813,126.522,3.18528400384821e-05
2.8560544217687074,128.00743,3.7147110560908914e-05
2.8792743764172335,131.90443,4.692090442404151e-05
2.9024943310657596,135.27531,4.1364459320902824e-05
2.9257142857142857,132.30264,4.998574877390638e-05
2.948934240362812,128.69214,4.4731685193255544e-05
2.972154195011338,126.52834,2.2492562493425794e-05
2.995374149659864,123.602585,3.1323852454079315e-05
3.01859410430839,121.864815,3.464503970462829e-05
3.0418140589569163,121.98262,3.53007999365218e-05
3.0650340136054424,125.04069,2.393343675066717e-05
3.0882539682539685,129.5027,3.313719207653776e-05
3.1114739229024946,133.87773,3.148209725623019e-05
3.1346938775510207,134.85863,3.6493274819804356e-05
3.1579138321995464,129.50346,3.3202304621227086e-05
3.1811337868480725,124.82621,1.911312938318588e-05
3.2043537414965986,121.67346,2.9008031560806558e-05
3.2275736961451247,120.805855,2.7606351068243384e-05
3.250793650793651,122.86196,2.2726386305294e-05
3.274013605442177,127.35831,1.7583110093255527e-05
3.297233560090703,132.21126,1.843507561716251e-05
3.320453514739229,137.10437,1.4924248716852162e-05
3.3436734693877552,133.27435,1.783992411219515e-05
3.3668934240362813,126.81032,1.069289464794565e-05
3.3901133786848074,123.81989,1.0510876563785132e-05
3.4133333333333336,0.0,9.488397154200356e-06
3.4365532879818597,0.0,7.690032362006605e-06
3.4597732426303858,0.0,8.511672604072373e-06
3.4829931972789114,0.0,5.176154445507564e-06
3.5062131519274375,0.0,2.6409807105665095e-06
3.5294331065759637,0.0,4.864969014306553e-07
3.5526530612244898,0.0,2.1456071408465505e-07
3.575873015873016,0.0,1.247344698640518e-07
3.599092970521542,0.0,7.144535629777238e-08
3.622312925170068,0.0,1.0739768185885623e-07
3.645532879818594,0.0,2.0804873201996088e-07
3.6687528344671203,0.0,1.977841748157516e-07
3.6919727891156464,0.0,1.9876824808306992e-07
3.7151927437641725,0.0,2.748492988757789e-08
