0.0,0.0,1.2268264981685206e-07
0.023219954648526078,0.0,1.8988066585734487e-07
0.046439909297052155,0.0,3.977065716753714e-07
0.06965986394557823,0.0,3.04969034914393e-07
0.09287981859410431,0.0,1.437156242900528e-07
0.11609977324263039,0.0,2.951946953544393e-07
0.13931972789115646,0.0,2.7235455490881577e-07
0.16253968253968254,0.0,2.5383451429661363e-07
0.18575963718820862,0.0,4.805506250704639e-07
0.2089795918367347,0.0,6.506115823867731e-07
0.23219954648526078,0.0,1.0400272003607824e-06
0.25541950113378686,0.0,1.0635785656631924e-06
0.2786394557823129,21.229366,1.2472596608859021e-05
0.301859410430839,154.80495,0.000113543079351075
0.3250793650793651,133.06819,0.00021144472702872008
0.3482993197278912,129.78395,0.00018601218471303582
0.37151927437641724,128.99933,0.00013597858196590096
0.3947392290249433,126.8641,7.523507520090789e-05
0.4179591836734694,125.78397,2.5740435376064852e-05
0.44117913832199546,0.0,6.270826816034969e-06
0.46439909297052157,0.0,1.511891241534613e-06
0.4876190476190476,0.0,5.182637323741801e-07
0.5108390022675737,0.0,5.777455953648314e-07
0.5340589569160998,0.0,2.943352228612639e-07
0.5572789115646258,192.17598,0.000185865763342008
0.5804988662131519,168.18372,0.0005158765707165003
0.603718820861678,166.94891,0.0005729629192501307
0.626938775510204,165.41122,0.0004007801762782037
0.6501587301587302,164.73746,0.0002932515344582498
0.6733786848072563,165.27406,0.000141453230753541
0.6965986394557824,164.30861,3.611916326917708e-05
0.7198185941043084,0.0,6.860973371658474e-06
0.7430385487528345,0.0,2.2952717699809e-06
0.7662585034013606,0.0,8.777797120274045e-07
0.7894784580498866,0.0,3.1930667319102213e-06
0.8126984126984127,200.2563,0.0005498318932950497
0.8359183673469388,213.66055,0.0005810883594676852
0.8591383219954649,206.46548,0.00046734994975849986
0.8823582766439909,202.75964,0.00038084457628428936
0.905578231292517,202.3237,0.00022759070270694792
0.9287981859410431,201.64668,9.650009451434016e-05
0.9520181405895691,0.0,3.4585536923259497e-06
0.9752380952380952,0.0,5.603897079708986e-07
0.9984580498866213,0.0,5.926276571699418e-07
1.0216780045351475,0.0,5.802849045721814e-07
1.0448979591836736,0.0,7.296466719708405e-07
1.0681179138321997,289.1008,0.0025353485252708197
1.0913378684807256,264.2896,0.005555230192840099
1.1145578231292517,261.30515,0.005422379821538925
1.1377777777777778,256.97134,0.005211507901549339
1.1609977324263039,257.63287,0.0037649548612535
1.18421768707483,264.14993,0.002188194077461958
1.207437641723356,264.89963,0.00040372880175709724
1.2306575963718822,0.0,8.513570719514973e-06
1.253877551020408,0.0,5.315158887242433e-06
1.2770975056689342,0.0,1.221185812028125e-06
1.3003174603174603,0.0,7.586413630633615e-07
1.3235374149659864,81.991844,2.8743215807480738e-05
1.3467573696145125,212.07077,0.0007767541101202369
1.3699773242630386,204.1726,0.0007527784910053015
1.3931972789115648,202.23549,0.0006870636716485023
1.4164172335600906,199.84265,0.0005237006698735058
1.4396371882086167,198.83255,0.00018450646894052625
1.4628571428571429,87.24404,1.1349893611622974e-05
1.486077097505669,0.0,2.822671376634389e-06
1.509297052154195,0.0,1.3478893379215151e-06
1.5325170068027212,0.0,1.511534719611518e-07
1.5557369614512473,0.0,3.734230631380342e-07
1.5789569160997732,183.8339,0.0001709120551822707
1.6021768707482993,172.80486,0.00047652891953475773
1.6253968253968254,168.52571,0.0006519331363961101
1.6486167800453515,169.36862,0.0005835532210767269
1.6718367346938776,170.44969,0.0003303343546576798
1.6950566893424037,169.51378,0.00018521604943089187
1.7182766439909298,166.4719,0.00011325125524308532
1.7414965986394557,163.78094,3.786231900448911e-05
1.7647165532879818,163.62213,1.0264046068186872e-05
1.787936507936508,0.0,3.9845090213930234e-06
1.811156462585034,0.0,1.2191676432848908e-06
1.8343764172335602,0.0,1.3648577805724926e-06
1.8575963718820863,140.18407,5.774717647000216e-05
1.8808163265306124,149.36072,0.00012106374197173864
1.9040362811791383,137.45793,0.0001810937246773392
1.9272562358276644,137.48723,0.00020997023966629058
1.9504761904761905,135.25188,0.0001764597836881876
1.9736961451247166,133.78653,0.0001719029969535768
1.9969160997732427,134.19228,0.00018811551854014397
2.020136054421769,135.2358,0.00021927159104961902
2.043356009070295,134.42307,0.00022938469192013144
2.066575963718821,133.28441,0.00023031393357086927
2.089795918367347,133.19017,0.0002410509914625436
2.1130158730158732,132.91086,0.0002552592195570469
2.1362358276643993,132.48738,0.00023559140390716493
2.159455782312925,132.69357,0.00026296821306459606
2.182675736961451,132.6719,0.00024760590167716146
2.2058956916099772,133.13371,0.0002808851422742009
2.2291156462585033,132.87094,0.0002684979699552059
2.2523356009070294,132.53864,0.0002617274585645646
2.2755555555555556,132.90869,0.0002663810446392745
2.2987755102040817,132.7734,0.0002685511717572808
2.3219954648526078,132.76828,0.0002739068877417594
2.345215419501134,133.45087,0.00027945992769673467
2.36843537414966,133.89368,0.00029073673067614436
2.391655328798186,133.58879,0.0002925342123489827
2.414875283446712,133.42136,0.0002747239195741713
2.4380952380952383,133.33626,0.0002652951516211033
2.4613151927437644,133.7667,0.00028555263997986913
2.48453514739229,134.23491,0.00028122164076194167
2.507755102040816,134.72212,0.00010229694453300908
2.5309750566893423,0.0,8.894803613657132e-06
2.5541950113378684,0.0,6.012144694977906e-06
2.5774149659863945,0.0,3.457150342001114e-06
2.6006349206349206,0.0,4.667851499107201e-06
2.6238548752834467,0.0,2.4746350391069427e-06
2.647074829931973,0.0,2.487122401362285e-06
2.670294784580499,0.0,4.035588972328696e-06
2.693514739229025,0.0,2.666195541678462e-06
2.716734693877551,0.0,1.3633289199788123e-06
2.7399546485260773,0.0,1.035218701872509e-06
2.7631746031746034,0.0,9.160812624031678e-07
2.7863945578231295,0.0,1.3935768947703764e-06
2.809614512471655,0.0,1.105059709516354e-06
2.8328344671201813,0.0,5.86438545724377e-07
2.8560544217687074,0.0,6.17071236774791e-07
2.8792743764172335,0.0,6.964337444514968e-07
2.9024943310657596,0.0,5.582323865382932e-07
2.9257142857142857,0.0,3.2507159630768e-07
2.948934240362812,0.0,3.973136699642055e-07
2.972154195011338,0.0,1.6555350157432258e-07
2.995374149659864,0.0,6.60456862533465e-08
