0.0,0.0,6.985646905377507e-08
0.023219954648526078,0.0,3.9543010643683374e-08
0.046439909297052155,0.0,4.4121406972408295e-08
0.06965986394557823,0.0,9.858740668278188e-08
0.09287981859410431,0.0,4.407047526910901e-07
0.11609977324263039,0.0,9.364584911963902e-07
0.13931972789115646,0.0,7.081807780195959e-07
0.16253968253968254,0.0,2.807691998896189e-07
0.18575963718820862,0.0,3.1788749765837565e-07
0.2089795918367347,0.0,3.306822691229172e-07
0.23219954648526078,0.0,3.7989138945704326e-07
0.25541950113378686,0.0,1.6744616004871204e-07
0.2786394557823129,0.0,5.781093932455406e-07
0.301859410430839,98.180244,0.0001739894796628505
0.3250793650793651,136.04214,0.0003210814902558923
0.3482993197278912,130.19206,0.0001887030666694045
0.37151927437641724,126.73377,0.00014725685468874872
0.3947392290249433,127.0442,8.846221317071468e-05
0.4179591836734694,128.65617,1.7495203792350367e-05
0.44117913832199546,0.0,1.8160399122280069e-06
0.46439909297052157,0.0,7.135249688872136e-07
0.4876190476190476,0.0,6.722875696141273e-07
0.5108390022675737,0.0,1.5266505215549842e-07
0.5340589569160998,0.0,1.5553268895018846e-07
0.5572789115646258,141.82549,0.0002648359804879874
0.5804988662131519,168.2803,0.001021998468786478
0.603718820861678,160.4633,0.0010264215525239706
0.626938775510204,160.65814,0.00048748039989732206
0.6501587301587302,162.79399,0.00016660074470564723
0.6733786848072563,164.80247,2.885950743802823e-05
0.6965986394557824,0.0,4.981839992979076e-06
0.7198185941043084,0.0,1.5572213669656776e-06
0.7430385487528345,0.0,8.833685569697991e-07
0.7662585034013606,0.0,5.183410394238308e-07
0.7894784580498866,190.7385,0.0004718921845778823
0.8126984126984127,195.05473,0.0017163497395813465
0.8359183673469388,196.79564,0.002161860466003418
0.8591383219954649,200.41129,0.0012890052748844028
0.8823582766439909,200.55676,0.00039189367089420557
0.905578231292517,0.0,5.690788384526968e-06
0.9287981859410431,0.0,4.84891643282026e-07
0.9520181405895691,0.0,2.8886734071420506e-07
0.9752380952380952,0.0,1.3538647181121632e-07
0.9984580498866213,0.0,1.5482419257750735e-07
1.0216780045351475,76.24872,1.088159297069069e-05
1.0448979591836736,253.19998,0.004011640325188637
1.0681179138321997,253.56721,0.006684364750981331
1.0913378684807256,254.17995,0.005751947872340679
1.1145578231292517,256.31122,0.0037300223484635353
1.1377777777777778,257.7508,0.0008439859375357628
1.1609977324263039,254.93738,0.000126077386084944
1.18421768707483,0.0,6.523961928905919e-06
1.207437641723356,0.0,1.3023218343732879e-06
1.2306575963718822,0.0,3.717959771165624e-07
1.253877551020408,0.0,9.34604940994177e-07
1.2770975056689342,0.0,1.008174876915291e-06
1.3003174603174603,223.59256,0.001499203615821898
1.3235374149659864,196.27296,0.0038117272779345512
1.3467573696145125,197.19705,0.0038373200222849846
1.3699773242630386,198.61848,0.0022331131622195244
1.3931972789115648,199.35013,0.0007811979739926755
1.4164172335600906,195.51181,3.985638250014745e-05
1.4396371882086167,0.0,1.4844436009298079e-06
1.4628571428571429,0.0,4.5513297664001584e-07
1.486077097505669,0.0,4.791309038409963e-08
1.509297052154195,0.0,1.2028067430946976e-07
1.5325170068027212,181.98811,0.0001547473220853135
1.5557369614512473,155.08537,0.0008496811497025192
1.5789569160997732,154.97226,0.0018310282612219453
1.6021768707482993,158.09886,0.001574452267959714
1.6253968253968254,163.38217,0.0007869384135119617
1.6486167800453515,166.3862,0.0002484938595443964
1.6718367346938776,164.56943,2.809753641486168e-05
1.6950566893424037,0.0,5.754644917033147e-06
1.7182766439909298,0.0,2.0501474864431657e-06
1.7414965986394557,0.0,4.771791282109916e-07
1.7647165532879818,0.0,2.9760576580883935e-07
1.787936507936508,0.0,1.685530151007697e-07
1.811156462585034,141.89665,5.321871867636219e-05
1.8343764172335602,138.77888,0.000386788509786129
1.8575963718820863,133.22858,0.00047604410792700946
1.8808163265306124,132.98552,0.00047112174797803164
1.9040362811791383,132.87814,0.00042547800694592297
1.9272562358276644,132.70554,0.0004143879341427237
1.9504761904761905,133.0661,0.0003724374691955745
1.9736961451247166,132.07903,0.0003518717421684414
1.9969160997732427,131.11157,0.00033748141140677035
2.020136054421769,130.30623,0.0003215043107047677
2.043356009070295,129.8135,0.00033285218523815274
2.066575963718821,129.8342,0.0003331796615384519
2.089795918367347,129.8068,0.0003332704654894769
2.1130158730158732,130.43878,0.0003451634256634861
2.1362358276643993,130.76097,0.0003343503049109131
2.159455782312925,130.53964,0.000345182663295418
2.182675736961451,131.03561,0.0003620620700530708
2.2058956916099772,131.3895,0.0003560484037734568
2.2291156462585033,131.25609,0.00035615204251371324
2.2523356009070294,131.59079,0.0003729788586497307
2.2755555555555556,131.51524,0.0003687888674903661
2.2987755102040817,131.57385,0.0003941628092434257
2.3219954648526078,132.93333,0.00038341080653481185
2.345215419501134,132.75842,0.0004055525059811771
2.36843537414966,132.41647,0.0004120789235457778
2.391655328798186,133.12593,0.00039538810960948467
2.414875283446712,133.57225,0.00028931081760674715
2.4380952380952383,131.94582,3.6037308746017516e-05
2.4613151927437644,0.0,2.6113284548046067e-06
2.48453514739229,0.0,7.088328857207671e-07
2.507755102040816,0.0,4.4640091800829396e-07
2.5309750566893423,0.0,5.662013791152276e-07
2.5541950113378684,0.0,1.7726142687024549e-07
2.5774149659863945,0.0,1.800426616682671e-07
2.6006349206349206,0.0,1.690032149781473e-07
2.6238548752834467,0.0,1.462522050132975e-07
2.647074829931973,0.0,1.737234924803488e-07
2.670294784580499,0.0,4.283883754396811e-07
2.693514739229025,0.0,7.912176442914642e-07
2.716734693877551,0.0,1.3147746358299628e-07
