0.0,0.0,7.853332135709934e-07
0.023219954648526078,0.0,5.363181116990745e-07
0.046439909297052155,0.0,3.9886708691483364e-07
0.06965986394557823,0.0,4.3285945139359683e-07
0.09287981859410431,0.0,3.605364327086136e-07
0.11609977324263039,0.0,6.017426130711101e-07
0.13931972789115646,0.0,6.474247129517607e-07
0.16253968253968254,0.0,3.3638571039773524e-07
0.18575963718820862,0.0,2.9734383133472875e-07
0.2089795918367347,0.0,5.3257099352777e-07
0.23219954648526078,0.0,2.864262569346465e-07
0.25541950113378686,0.0,3.485156412352808e-07
0.2786394557823129,0.0,8.850638550939038e-07
0.301859410430839,0.0,3.2429770726594143e-06
0.3250793650793651,148.43517,4.581772373057902e-05
0.3482993197278912,151.45633,0.00012593746942002326
0.37151927437641724,161.99872,0.0001946805277839303
0.3947392290249433,169.45502,0.00011893970076926053
0.4179591836734694,179.99223,0.00017875785124488175
0.44117913832199546,187.97282,0.00020489547750912607
0.46439909297052157,187.57622,0.0002454941568430513
0.4876190476190476,188.49944,0.00037447037175297737
0.5108390022675737,186.5272,0.0004858440952375531
0.5340589569160998,186.8398,0.0005347479018382728
0.5572789115646258,185.62018,0.0006698811193928123
0.5804988662131519,185.65436,0.000934958690777421
0.603718820861678,188.69669,0.0010438919998705387
0.626938775510204,194.42113,0.0013213499914854765
0.6501587301587302,198.75066,0.0015399743570014834
0.6733786848072563,192.97974,0.00249677081592381
0.6965986394557824,184.61461,0.001787025947123766
0.7198185941043084,180.68011,0.0021681184880435467
0.7430385487528345,186.6715,0.002179458737373352
0.7662585034013606,195.52827,0.001243735896423459
0.7894784580498866,203.619,0.0014994640368968248
0.8126984126984127,193.98962,0.002704654121771455
0.8359183673469388,184.9169,0.0024755606427788734
0.8591383219954649,183.53596,0.0024964711628854275
0.8823582766439909,189.81831,0.0017277606530115008
0.905578231292517,200.80724,0.0008022059919312596
0.9287981859410431,200.84622,0.001254277303814888
0.9520181405895691,191.94058,0.0016045067459344864
0.9752380952380952,184.8145,0.0012825243175029755
0.9984580498866213,185.76091,0.0011118665570393205
1.0216780045351475,190.65367,0.0006609339034184813
1.0448979591836736,201.67633,0.00036779616493731737
1.0681179138321997,196.5454,0.0006259798537939787
1.0913378684807256,186.92293,0.0006509370286948979
1.1145578231292517,180.86087,0.00018358540546614677
1.1377777777777778,176.28471,6.646350811934099e-05
1.1609977324263039,173.39995,9.248398419003934e-05
1.18421768707483,198.53838,0.0010712051298469305
1.207437641723356,212.9049,0.004204917699098587
1.2306575963718822,227.18253,0.005756938364356756
1.253877551020408,216.18666,0.004718665964901447
1.2770975056689342,209.55603,0.0022382980678230524
1.3003174603174603,213.27744,0.005048754625022411
1.3235374149659864,226.28271,0.008500899188220501
1.3467573696145125,230.14014,0.004771634936332703
1.3699773242630386,238.95937,0.006630963645875454
1.3931972789115648,240.1237,0.008479109033942223
1.4164172335600906,235.92624,0.013003885746002197
1.4396371882086167,229.09384,0.008500607684254646
1.4628571428571429,242.3068,0.009589738212525845
1.486077097505669,258.33688,0.013643506914377213
1.509297052154195,272.4989,0.017323242500424385
1.5325170068027212,265.59494,0.012094216421246529
1.5557369614512473,252.41519,0.013561400584876537
1.5789569160997732,255.6536,0.013370797969400883
1.6021768707482993,270.97964,0.014476660639047623
1.6253968253968254,289.1089,0.013970885425806046
1.6486167800453515,295.34482,0.01831422746181488
1.6718367346938776,286.42786,0.01447046548128128
1.6950566893424037,280.54843,0.011575993150472641
1.7182766439909298,288.5134,0.009160224348306656
1.7414965986394557,311.82812,0.01280780229717493
1.7647165532879818,320.65442,0.01107776165008545
1.787936507936508,310.2951,0.013511357828974724
1.811156462585034,302.8662,0.012065257877111435
1.8343764172335602,303.31058,0.010189337655901909
1.8575963718820863,322.04434,0.025237929075956345
1.8808163265306124,339.83374,0.043970827013254166
1.9040362811791383,347.04428,0.042084768414497375
1.9272562358276644,348.50528,0.045216724276542664
1.9504761904761905,345.0558,0.041096486151218414
1.9736961451247166,346.66568,0.03568039461970329
1.9969160997732427,355.4553,0.05708010494709015
2.020136054421769,367.6151,0.05238858982920647
2.043356009070295,381.1185,0.030152970924973488
2.066575963718821,387.318,0.06702377647161484
2.089795918367347,373.41284,0.0743415430188179
2.1130158730158732,361.68018,0.06328123807907104
2.1362358276643993,363.1048,0.05954078584909439
2.159455782312925,382.4495,0.04198899865150452
2.182675736961451,408.03015,0.030421145260334015
2.2058956916099772,423.39517,0.03849504142999649
2.2291156462585033,411.36163,0.054895952343940735
2.2523356009070294,394.2232,0.037075016647577286
2.2755555555555556,381.66104,0.05128133296966553
2.2987755102040817,374.85352,0.05079609155654907
2.3219954648526078,380.53302,0.03977112099528313
2.345215419501134,389.14542,0.0411347858607769
2.36843537414966,382.82043,0.05493903160095215
2.391655328798186,354.8943,0.022205032408237457
2.414875283446712,319.53976,0.013107998296618462
2.4380952380952383,327.97775,0.02941344678401947
2.4613151927437644,348.3232,0.04890996962785721
2.48453514739229,359.69196,0.044100672006607056
2.507755102040816,350.2048,0.027493927627801895
2.5309750566893423,309.4059,0.020343491807579994
2.5541950113378684,298.8988,0.012321879155933857
2.5774149659863945,302.55286,0.014331772923469543
2.6006349206349206,327.34976,0.025456059724092484
2.6238548752834467,331.97812,0.02235148474574089
2.647074829931973,306.4382,0.02272006683051586
2.670294784580499,283.828,0.01838977262377739
2.693514739229025,268.0474,0.019732030108571053
2.716734693877551,271.27777,0.013920437544584274
2.7399546485260773,281.26437,0.016930285841226578
2.7631746031746034,285.6122,0.017928818240761757
2.7863945578231295,277.59018,0.012540657073259354
2.809614512471655,252.65663,0.01084994338452816
2.8328344671201813,244.81947,0.008152222260832787
2.8560544217687074,251.8307,0.008171155117452145
2.8792743764172335,263.45853,0.007307118270546198
2.9024943310657596,262.1434,0.007717194966971874
2.9257142857142857,246.93816,0.009396497160196304
2.948934240362812,197.19244,0.009108458645641804
2.972154195011338,218.02208,0.007474664133042097
2.995374149659864,233.4055,0.003214767435565591
3.01859410430839,237.64526,0.0033154136035591364
3.0418140589569163,238.78236,0.006371993105858564
3.0650340136054424,199.10178,0.0033509149216115475
3.0882539682539685,201.88245,0.0030943374149501324
3.1114739229024946,204.51447,0.0016491432907059789
3.1346938775510207,209.22699,0.0013944616075605154
3.1579138321995464,209.88013,0.0017562040593475103
3.1811337868480725,203.9632,0.0028093410655856133
3.2043537414965986,192.95773,0.001967551652342081
3.2275736961451247,182.21599,0.0013098556082695723
3.250793650793651,185.22191,0.0013305036118254066
3.274013605442177,186.72896,0.0010765441693365574
3.297233560090703,187.74994,0.0011583664454519749
3.320453514739229,186.74637,0.0010197128867730498
3.3436734693877552,183.1956,0.000897870515473187
3.3668934240362813,181.40352,0.0008785920217633247
3.3901133786848074,183.20236,0.0011342717334628105
3.4133333333333336,184.29886,0.0010889465920627117
3.4365532879818597,186.82533,0.0009530523675493896
3.4597732426303858,189.49872,0.0011919523822143674
3.4829931972789114,187.53934,0.0008821504889056087
3.5062131519274375,182.36652,0.000557800754904747
3.5294331065759637,175.27745,0.0006416477845050395
3.5526530612244898,174.73051,0.0007341025630012155
3.575873015873016,184.62222,0.0010203777346760035
3.599092970521542,188.7675,0.0008352764416486025
3.622312925170068,189.00412,0.0008332586148753762
3.645532879818594,184.30223,0.0005718064494431019
3.6687528344671203,178.37149,0.0005446088034659624
3.6919727891156464,181.9301,0.0007260660640895367
3.7151927437641725,188.15492,0.0007307483465410769
3.7384126984126986,190.91049,0.0007115869084373116
3.7616326530612247,188.20099,0.00039865943836048245
3.784852607709751,182.09683,0.0003318613162264228
3.8080725623582765,187.58603,0.00014100782573223114
3.8312925170068026,193.6524,1.8231630747322924e-05
3.8545124716553287,188.40898,1.1234023077122401e-05
3.877732426303855,0.0,2.9763787097181194e-06
3.900952380952381,0.0,4.910516508971341e-07
3.924172335600907,0.0,1.6048488760134205e-07
3.947392290249433,0.0,1.849002728704363e-07
3.9706122448979593,0.0,3.157556420774199e-07
3.9938321995464854,0.0,2.1514460968319327e-07
4.017052154195011,0.0,1.510861693532206e-07
4.040272108843538,0.0,1.9737763068405911e-07
4.063492063492063,0.0,8.293318387586623e-08
4.08671201814059,0.0,1.2565305951284245e-07
4.1099319727891155,0.0,1.6816829884191975e-07
4.133151927437642,0.0,2.4123164621414617e-07
4.156371882086168,0.0,2.1171945263631642e-07
4.179591836734694,0.0,3.543646016623825e-07
4.20281179138322,0.0,3.974000719608739e-07
4.2260317460317465,0.0,3.522209226503037e-07
4.249251700680272,0.0,6.716163625242189e-08
4.272471655328799,0.0,1.5160003385972232e-07
4.295691609977324,0.0,9.880295692710206e-08
4.31891156462585,0.0,1.004545993055217e-07
4.342131519274377,0.0,3.7167501432122663e-07
4.365351473922902,0.0,5.403899194789119e-07
4.388571428571429,0.0,8.149427230819128e-07
4.4117913832199545,0.0,7.852358976379037e-07
4.435011337868481,0.0,7.381186151178554e-08
4.458231292517007,0.0,1.6581543604843318e-07
4.481451247165533,0.0,3.651311999419704e-07
4.504671201814059,0.0,1.549060471006669e-07
4.527891156462585,0.0,1.1967949831159785e-07
4.551111111111111,0.0,1.0761323210317641e-07
4.574331065759638,0.0,2.233709892607294e-07
4.597551020408163,0.0,4.3739782995544374e-07
4.62077097505669,0.0,3.5937773645855486e-07
4.6439909297052155,0.0,1.6861122276168317e-07
4.667210884353741,0.0,3.0388491722987965e-07
4.690430839002268,0.0,1.815515133785084e-07
4.713650793650793,0.0,3.680306690512225e-07
4.73687074829932,0.0,3.2052867027232423e-07
4.760090702947846,0.0,6.121535989223048e-08
