0.0,0.0,1.1337670002831146e-07
0.023219954648526078,0.0,6.445043254643679e-08
0.046439909297052155,0.0,1.1781776265706867e-07
0.06965986394557823,0.0,1.7105139704653993e-07
0.09287981859410431,0.0,1.9611343304859474e-07
0.11609977324263039,0.0,1.9069739209953696e-07
0.13931972789115646,0.0,5.8406612879480235e-06
0.16253968253968254,62.655117,5.899559982935898e-05
0.18575963718820862,130.51537,0.00018784469284582883
0.2089795918367347,127.27757,0.00033016729867085814
0.23219954648526078,129.8312,0.0003770249313674867
0.25541950113378686,129.87842,0.0003885831101797521
0.2786394557823129,128.605,0.00037230929592624307
0.301859410430839,128.63264,0.00020136934472247958
0.3250793650793651,129.03929,0.0001008279068628326
0.3482993197278912,134.21225,0.00010993135947501287
0.37151927437641724,147.37332,0.00017911611939780414
0.3947392290249433,153.80006,0.0004165680438745767
0.4179591836734694,163.78426,0.0012345151044428349
0.44117913832199546,168.58087,0.002105546183884144
0.46439909297052157,168.75903,0.0014169759815558791
0.4876190476190476,167.35841,0.0008549654739908874
0.5108390022675737,166.85606,0.0008827568381093442
0.5340589569160998,169.15948,0.0009897078853100538
0.5572789115646258,174.24844,0.0009056616690941155
0.5804988662131519,189.67351,0.001128439325839281
0.603718820861678,194.19408,0.0013940033968538046
0.626938775510204,196.40567,0.0017900001257658005
0.6501587301587302,193.76027,0.0016644876450300217
0.6733786848072563,195.1509,0.0016815939452499151
0.6965986394557824,209.77426,0.000939378805924207
0.7198185941043084,245.1882,0.002553909318521619
0.7430385487528345,267.17258,0.005116458050906658
0.7662585034013606,270.31677,0.004156934097409248
0.7894784580498866,262.41397,0.0028808421920984983
0.8126984126984127,245.07076,0.002585618756711483
0.8359183673469388,238.90782,0.002665438922122121
0.8591383219954649,245.41618,0.005173245444893837
0.8823582766439909,261.50162,0.005342049524188042
0.905578231292517,265.57913,0.002741654869168997
0.9287981859410431,244.04666,0.0027390955947339535
0.9520181405895691,204.40639,0.0036429627798497677
0.9752380952380952,184.66156,0.004862932488322258
0.9984580498866213,185.9987,0.0037521785125136375
1.0216780045351475,195.54472,0.0034268577583134174
1.0448979591836736,195.82042,0.0026354952715337276
1.0681179138321997,182.7117,0.0015490464866161346
1.0913378684807256,162.66426,0.000710614025592804
1.1145578231292517,153.1492,0.0009151941630989313
1.1377777777777778,148.8689,0.0009836325189098716
1.1609977324263039,155.88979,0.0010299040004611015
1.18421768707483,161.50151,0.0016398956067860126
1.207437641723356,163.66333,0.0010616786312311888
1.2306575963718822,159.44324,0.001108797499909997
1.253877551020408,154.88863,0.0010187013540416956
1.2770975056689342,158.58118,0.001195233315229416
1.3003174603174603,164.64233,0.0009790613548830152
1.3235374149659864,161.68552,0.0009427879122085869
1.3467573696145125,282.9649,0.000323234562529251
1.3699773242630386,120.61242,0.00024195617879740894
1.3931972789115648,118.29414,0.0003782204003073275
1.4164172335600906,124.13142,0.0006218047346919775
1.4396371882086167,129.66164,0.000662440259475261
1.4628571428571429,134.95207,0.0004471899592317641
1.486077097505669,136.10005,0.0003999535401817411
1.509297052154195,128.3419,0.0003228248097002506
1.5325170068027212,122.707344,0.0003986488445661962
1.5557369614512473,120.73837,0.00039299449417740107
1.5789569160997732,123.15583,0.0004663150175474584
1.6021768707482993,128.16422,0.0004889316624030471
1.6253968253968254,132.60289,0.0005472630728036165
1.6486167800453515,137.57414,0.0006318441592156887
1.6718367346938776,137.08992,0.0006115305004641414
1.6950566893424037,131.02736,0.0002823753748089075
1.7182766439909298,123.722534,0.00011716754670487717
1.7414965986394557,120.1538,5.994976527290419e-05
1.7647165532879818,121.23952,4.304055983084254e-05
1.787936507936508,58.62254,1.528235588921234e-05
1.811156462585034,0.0,9.158493412542157e-07
1.8343764172335602,0.0,2.729238985921256e-07
1.8575963718820863,0.0,6.689606379950419e-08
1.8808163265306124,0.0,1.90460923477076e-07
