0.0,0.0,4.34661160397809e-07
0.023219954648526078,0.0,4.2622014007065445e-07
0.046439909297052155,0.0,1.0728854249464348e-07
0.06965986394557823,0.0,5.117090040585026e-08
0.09287981859410431,0.0,7.07022991264239e-08
0.11609977324263039,0.0,2.7235819288762286e-07
0.13931972789115646,0.0,4.4740590965375304e-07
0.16253968253968254,21.372597,1.1905240171472542e-05
0.18575963718820862,726.2363,7.154158083721995e-05
0.2089795918367347,114.16073,0.00017356382159050554
0.23219954648526078,123.6064,0.0004029034171253443
0.25541950113378686,128.75473,0.0005776672624051571
0.2786394557823129,131.80588,0.0008032324258238077
0.301859410430839,133.8289,0.0006096439901739359
0.3250793650793651,133.57948,0.0005566910258494318
0.3482993197278912,129.45898,0.0005353142041712999
0.37151927437641724,248.04121,0.0003459103754721582
0.3947392290249433,122.029785,0.0003778620157390833
0.4179591836734694,126.91131,0.0009665507823228836
0.44117913832199546,143.82123,0.0021676868200302124
0.46439909297052157,158.29445,0.002694906899705529
0.4876190476190476,162.96559,0.003625597106292844
0.5108390022675737,162.91245,0.002825592178851366
0.5340589569160998,159.71217,0.0025804932229220867
0.5572789115646258,156.86185,0.0026930139865726233
0.5804988662131519,159.7767,0.002961392980068922
0.603718820861678,164.31418,0.002817730884999037
0.626938775510204,170.53369,0.0030594002455472946
0.6501587301587302,184.47968,0.003390021389350295
0.6733786848072563,195.12163,0.004032141529023647
0.6965986394557824,193.52014,0.0036121767479926348
0.7198185941043084,192.17535,0.003524059895426035
0.7430385487528345,194.22633,0.004175535403192043
0.7662585034013606,200.49048,0.0034912405535578728
0.7894784580498866,212.28702,0.0015118588926270604
0.8126984126984127,219.85632,0.0011334288865327835
0.8359183673469388,230.49388,0.001884626573882997
0.8591383219954649,245.32135,0.0018826465820893645
0.8823582766439909,257.83258,0.002774633001536131
0.905578231292517,261.58182,0.0035031111910939217
0.9287981859410431,252.70544,0.0038558747619390488
0.9520181405895691,251.00119,0.0030415246728807688
0.9752380952380952,257.75815,0.002910985378548503
0.9984580498866213,260.98886,0.0030787508003413677
1.0216780045351475,257.01984,0.0046587418764829636
1.0448979591836736,238.41455,0.0036560934968292713
1.0681179138321997,202.65814,0.0018163933418691158
1.0913378684807256,189.16824,0.0019426516955718398
1.1145578231292517,188.68916,0.00441780686378479
1.1377777777777778,198.76213,0.005855013150721788
1.1609977324263039,206.0356,0.004306986927986145
1.18421768707483,193.11287,0.003040062729269266
1.207437641723356,167.40395,0.0018330223392695189
1.2306575963718822,156.22926,0.0016002694610506296
1.253877551020408,150.16927,0.002287181094288826
1.2770975056689342,156.01666,0.0029170610941946507
1.3003174603174603,164.83801,0.003587891347706318
1.3235374149659864,167.35068,0.0037256795912981033
1.3467573696145125,164.61385,0.0029789810068905354
1.3699773242630386,158.71138,0.0022054484579712152
1.3931972789115648,158.42975,0.0023997826501727104
1.4164172335600906,168.75087,0.0020912704057991505
1.4396371882086167,170.05516,0.0010853181593120098
1.4628571428571429,208.12605,0.0003291933098807931
1.486077097505669,117.54349,0.00015637726755812764
1.509297052154195,113.03741,0.0002443933335598558
1.5325170068027212,117.7834,0.0005947350291535258
1.5557369614512473,125.76906,0.0005830021109431982
1.5789569160997732,130.23224,0.0005961492424830794
1.6021768707482993,130.52547,0.0006485609337687492
1.6253968253968254,249.00563,0.0006012810044921935
1.6486167800453515,239.12743,0.000497660250402987
1.6718367346938776,235.63278,0.0003854063688777387
1.6950566893424037,121.57675,0.0005154651589691639
1.7182766439909298,129.41347,0.0006788171594962478
1.7414965986394557,135.6248,0.0008239797898568213
1.7647165532879818,140.83058,0.0007946586702018976
1.787936507936508,138.84563,0.0006095271091908216
1.811156462585034,131.92314,0.00047905807150527835
1.8343764172335602,126.93826,0.0004989002482034266
1.8575963718820863,129.77107,0.0005638471338897943
1.8808163265306124,133.0626,0.00031163686071522534
1.9040362811791383,134.44592,5.65043774258811e-05
1.9272562358276644,0.0,4.217649802740198e-06
1.9504761904761905,0.0,6.084082997404039e-07
1.9736961451247166,0.0,5.781803338322788e-07
1.9969160997732427,0.0,4.905350579065271e-07
2.020136054421769,0.0,2.3315260477829725e-07
