0.0,0.0,1.1871816241182387e-07
0.023219954648526078,0.0,2.5966983230318874e-07
0.046439909297052155,0.0,1.8561786419013515e-07
0.06965986394557823,0.0,6.677419150946662e-08
0.09287981859410431,0.0,2.0412244339240715e-07
0.11609977324263039,0.0,7.873331014707219e-06
0.13931972789115646,127.531494,3.788850881392136e-05
0.16253968253968254,115.622505,6.086329813115299e-05
0.18575963718820862,119.96139,0.00013303171726875007
0.2089795918367347,122.42986,0.0001729564683046192
0.23219954648526078,123.33852,0.00022328432532958686
0.25541950113378686,125.15685,0.00018448731862008572
0.2786394557823129,130.64098,0.0002662378246895969
0.301859410430839,136.97559,0.00013719570415560156
0.3250793650793651,279.76566,0.00021969882072880864
0.3482993197278912,139.84766,0.0002413666370557621
0.37151927437641724,141.19008,0.00025129568530246615
0.3947392290249433,142.52971,0.00035073302569799125
0.4179591836734694,146.3066,0.00048687151866033673
0.44117913832199546,151.50177,0.0007758139399811625
0.46439909297052157,158.80617,0.0006516551366075873
0.4876190476190476,161.04433,0.00031330983620136976
0.5108390022675737,156.03415,0.0001852608984336257
0.5340589569160998,154.19157,0.0002949288464151323
0.5572789115646258,161.27069,0.0006454245885834098
0.5804988662131519,172.55635,0.001002466189675033
0.603718820861678,177.49532,0.001551319845020771
0.626938775510204,178.87547,0.0013760114088654518
0.6501587301587302,171.50288,0.0013043534709140658
0.6733786848072563,165.97331,0.0009876956464722753
0.6965986394557824,164.5688,0.00149785284884274
0.7198185941043084,170.21489,0.0010047603864222765
0.7430385487528345,177.22316,0.0009689762955531478
0.7662585034013606,184.12401,0.0016424935311079025
0.7894784580498866,179.89404,0.0023767517413944006
0.8126984126984127,173.8089,0.0014260878087952733
0.8359183673469388,173.83644,0.0014085264410823584
0.8591383219954649,184.45451,0.0007192494813352823
0.8823582766439909,197.72021,0.0012702718377113342
0.905578231292517,202.10835,0.0012345125433057547
0.9287981859410431,197.4458,0.0008701408514752984
0.9520181405895691,186.32545,0.0015964119229465723
0.9752380952380952,185.33678,0.0009209463023580611
0.9984580498866213,197.56203,0.0030872421339154243
1.0216780045351475,215.90407,0.007155893836170435
1.0448979591836736,228.78125,0.005168066825717688
1.0681179138321997,227.33525,0.007030846551060677
1.0913378684807256,216.35945,0.0027048708871006966
1.1145578231292517,210.89882,0.003858276642858982
1.1377777777777778,223.08025,0.0037784164305776358
1.1609977324263039,239.1167,0.0013936236500740051
1.18421768707483,254.93344,0.0013765253825113177
1.207437641723356,258.08374,0.0017101819394156337
1.2306575963718822,242.77899,0.0037283047568053007
1.253877551020408,235.54884,0.0020674034021794796
1.2770975056689342,236.50845,0.0013501719804480672
1.3003174603174603,250.10681,0.0017201625742018223
1.3235374149659864,267.85257,0.0020602766890078783
1.3467573696145125,268.2158,0.001979139167815447
1.3699773242630386,263.99487,0.001537058618851006
1.3931972789115648,256.49042,0.0010260348208248615
1.4164172335600906,256.25635,0.0017575712408870459
1.4396371882086167,282.6315,0.0034815515391528606
1.4628571428571429,299.65897,0.007169943302869797
1.486077097505669,308.66776,0.005621315445750952
1.509297052154195,302.25177,0.0024919656571000814
1.5325170068027212,285.4212,0.001581016113050282
1.5557369614512473,273.87415,0.0014857223723083735
1.5789569160997732,273.833,0.0013899505138397217
1.6021768707482993,276.93152,0.0013829595409333706
1.6253968253968254,272.62302,0.0014579996932297945
1.6486167800453515,251.74554,0.0026397118344902992
1.6718367346938776,229.031,0.0022576618939638138
1.6950566893424037,228.26361,0.0016242451965808868
1.7182766439909298,246.15535,0.0009011041256599128
1.7414965986394557,255.66005,0.001073698978871107
1.7647165532879818,256.0785,0.0017746335361152887
1.787936507936508,237.9426,0.0027952988166362047
1.811156462585034,220.11134,0.0016605178825557232
1.8343764172335602,216.88771,0.0021295715123414993
1.8575963718820863,232.44533,0.0009524683700874448
1.8808163265306124,247.69633,0.001131226308643818
1.9040362811791383,241.99161,0.0017560130218043923
1.9272562358276644,219.8096,0.0006912010721862316
1.9504761904761905,197.62389,0.0005176861886866391
1.9736961451247166,193.2039,0.0006627881666645408
1.9969160997732427,199.04086,0.0008927163435146213
2.020136054421769,210.8578,0.0011866274289786816
2.043356009070295,213.57077,0.000598849612288177
2.066575963718821,202.14273,0.0004293999227229506
2.089795918367347,186.35616,0.000552500132471323
2.1130158730158732,181.10037,0.0006785175646655262
2.1362358276643993,187.28967,0.0005551174399442971
2.159455782312925,192.53627,0.0008003313560038805
2.182675736961451,191.08083,0.0008414647309109569
2.2058956916099772,182.95769,0.0016752916853874922
2.2291156462585033,170.58504,0.0018448014743626118
2.2523356009070294,163.1946,0.0015292961616069078
2.2755555555555556,162.97566,0.0020443762186914682
2.2987755102040817,166.82994,0.0023859012871980667
2.3219954648526078,168.37195,0.0024732460733503103
2.345215419501134,163.86082,0.0011232258984819055
2.36843537414966,154.66795,0.0006516058347187936
2.391655328798186,150.44283,0.001263981219381094
2.414875283446712,156.47455,0.0021806044969707727
2.4380952380952383,161.85318,0.002524449024349451
2.4613151927437644,160.61888,0.0015415364177897573
2.48453514739229,151.78853,0.0007315562106668949
2.507755102040816,139.10855,0.000847861054353416
2.5309750566893423,131.97658,0.0008990004425868392
2.5541950113378684,139.92352,0.0010701778810471296
2.5774149659863945,149.12543,0.001371033489704132
2.6006349206349206,150.72845,0.000736176734790206
2.6238548752834467,141.85243,0.0005128981429152191
2.647074829931973,634.8989,0.00016874686116352677
2.670294784580499,112.49879,0.00014090101467445493
2.693514739229025,111.15912,0.00014465872664004564
2.716734693877551,116.31491,0.0003925156779587269
2.7399546485260773,124.36665,0.0007940433570183814
2.7631746031746034,128.08388,0.0011833037715405226
2.7863945578231295,129.32042,0.0012999040773138404
2.809614512471655,129.69159,0.0011812581215053797
2.8328344671201813,125.78444,0.000728085869923234
2.8560544217687074,240.36115,0.000453442131401971
2.8792743764172335,239.40424,0.000599479884840548
2.9024943310657596,122.29666,0.0008371394360437989
2.9257142857142857,127.34624,0.0014450938906520605
2.948934240362812,132.66899,0.0015894850948825479
2.972154195011338,136.87338,0.0017971065826714039
2.995374149659864,132.42836,0.00105246901512146
3.01859410430839,248.86609,0.0005423947586677969
3.0418140589569163,236.36876,0.00018356344662606716
3.0650340136054424,119.19538,0.0005508061731234193
3.0882539682539685,125.566124,0.0010696505196392536
3.1114739229024946,131.56401,0.0010980984661728144
3.1346938775510207,137.9661,0.0010630122851580381
3.1579138321995464,134.77425,0.0010966171976178885
3.1811337868480725,125.51139,0.0005208811489865184
3.2043537414965986,240.9415,0.0005627104546874762
3.2275736961451247,125.76803,0.0002624832559376955
3.250793650793651,140.3395,2.3874821636127308e-05
3.274013605442177,0.0,4.293809979571961e-06
3.297233560090703,0.0,5.90392119192984e-07
3.320453514739229,0.0,4.2383544496260583e-07
3.3436734693877552,0.0,2.2717631509294733e-07
3.3668934240362813,0.0,1.5743535186629742e-07
3.3901133786848074,0.0,2.2786480258218944e-07
3.4133333333333336,0.0,1.6959256754489616e-07
3.4365532879818597,0.0,7.560083759017289e-08
3.4597732426303858,0.0,6.117261364124715e-08
3.4829931972789114,0.0,2.4283508537337184e-10
