0.0,0.0,1.0298845154466107e-07
0.023219954648526078,0.0,7.060589268803596e-08
0.046439909297052155,0.0,7.603102858411148e-08
0.06965986394557823,0.0,2.8098020266043022e-06
0.09287981859410431,136.92393,5.852002141182311e-05
0.11609977324263039,129.53723,0.00019790534861385822
0.13931972789115646,134.62506,0.00021204820950515568
0.16253968253968254,141.4272,0.00020077840599697083
0.18575963718820862,135.68944,0.0002183538454119116
0.2089795918367347,128.61507,0.00014625294716097414
0.23219954648526078,126.029396,8.148318011080846e-05
0.25541950113378686,125.061356,0.00010140414087800309
0.2786394557823129,130.48824,0.000145267928019166
0.301859410430839,141.22606,0.00017480611859355122
0.3250793650793651,146.32907,0.00015197574975900352
0.3482993197278912,146.2081,6.096695869928226e-05
0.37151927437641724,144.48717,4.124191764276475e-05
0.3947392290249433,142.87352,4.9394329835195094e-05
0.4179591836734694,144.7443,6.508079241029918e-05
0.44117913832199546,150.77489,8.651700773043558e-05
0.46439909297052157,157.94525,0.0001710863725747913
0.4876190476190476,160.39577,0.00030734791653230786
0.5108390022675737,163.71906,0.0002564991300459951
0.5340589569160998,166.3537,0.00026311399415135384
0.5572789115646258,166.32236,0.00018493055540602654
0.5804988662131519,167.00189,0.00016279832925647497
0.603718820861678,335.71646,0.00021218773326836526
0.626938775510204,170.28732,0.00038154679350554943
0.6501587301587302,175.36897,0.0005519459955394268
0.6733786848072563,182.80621,0.0005803597159683704
0.6965986394557824,184.78258,0.0005537330871447921
0.7198185941043084,178.39769,0.0004118990618735552
0.7430385487528345,174.50699,0.00047640642151236534
0.7662585034013606,182.07364,0.0004506621044129133
0.7894784580498866,197.60211,0.0006617974722757936
0.8126984126984127,206.01512,0.0008321314817294478
0.8359183673469388,412.6053,0.0008306069648824632
0.8591383219954649,193.88806,0.00080004648771137
0.8823582766439909,181.64406,0.0008382621454074979
0.905578231292517,186.59558,0.0006408118642866611
0.9287981859410431,203.78575,0.0008264879579655826
0.9520181405895691,223.08865,0.001251296722330153
0.9752380952380952,231.50838,0.0014132000505924225
0.9984580498866213,225.28354,0.0008489245665259659
1.0216780045351475,214.36548,0.0007093428284861147
1.0448979591836736,210.74088,0.0007216187659651041
1.0681179138321997,227.34457,0.0008332646684721112
1.0913378684807256,251.1404,0.0018248383421450853
1.1145578231292517,264.89343,0.0016280876006931067
1.1377777777777778,260.58334,0.000988019979558885
1.1609977324263039,246.63565,0.001217505894601345
1.18421768707483,240.68265,0.0009947442449629307
1.207437641723356,246.96642,0.0010388849768787622
1.2306575963718822,258.65878,0.001373575534671545
1.253877551020408,266.37634,0.0012980898609384894
1.2770975056689342,263.73053,0.0011302325874567032
1.3003174603174603,261.7835,0.0008439666125923395
1.3235374149659864,258.80035,0.0009386710589751601
1.3467573696145125,268.9043,0.0021243917290121317
1.3699773242630386,295.68518,0.007676463108509779
1.3931972789115648,309.48312,0.007030782755464315
1.4164172335600906,306.26416,0.002825914416462183
1.4396371882086167,287.6191,0.0011547139147296548
1.4628571428571429,273.53055,0.001286100596189499
1.486077097505669,277.31656,0.0031022485345602036
1.509297052154195,296.69522,0.007614407688379288
1.5325170068027212,300.40695,0.0031262359116226435
1.5557369614512473,285.26822,0.0013356232084333897
1.5789569160997732,248.99132,0.0014714450808241963
1.6021768707482993,234.8487,0.0012234526220709085
1.6253968253968254,248.5499,0.0016304817982017994
1.6486167800453515,271.88876,0.0029552592895925045
1.6718367346938776,276.69934,0.0019181690877303481
1.6950566893424037,265.74396,0.001141741406172514
1.7182766439909298,243.80861,0.0013210501056164503
1.7414965986394557,234.06236,0.0013431401457637548
1.7647165532879818,236.35683,0.0014016213826835155
1.787936507936508,246.86392,0.0015911542577669024
1.811156462585034,248.30006,0.001541646895930171
1.8343764172335602,241.12225,0.0025154375471174717
1.8575963718820863,231.86954,0.0030695805326104164
1.8808163265306124,224.56999,0.0030771747697144747
1.9040362811791383,233.22212,0.00315096671693027
1.9272562358276644,236.93187,0.0035573008935898542
1.9504761904761905,221.88539,0.0032448871061205864
1.9736961451247166,193.56099,0.0028457448352128267
1.9969160997732427,171.66232,0.002800390124320984
2.020136054421769,170.53027,0.0038969956804066896
2.043356009070295,184.19647,0.0020264454651623964
2.066575963718821,196.20717,0.0026963669806718826
2.089795918367347,189.87318,0.004445869009941816
2.1130158730158732,175.82834,0.0025780461728572845
2.1362358276643993,160.76846,0.0015933159738779068
2.159455782312925,157.75554,0.002595714759081602
2.182675736961451,163.46597,0.0046627093106508255
2.2058956916099772,169.05125,0.00570256169885397
2.2291156462585033,168.34912,0.0028952984139323235
2.2523356009070294,159.58318,0.0013955465983599424
2.2755555555555556,146.30002,0.0009408143814653158
2.2987755102040817,149.54257,0.0015972810797393322
2.3219954648526078,154.81598,0.0023212835658341646
2.345215419501134,161.60533,0.001931659528054297
2.36843537414966,157.91545,0.0016843415796756744
2.391655328798186,149.49939,0.0012748953886330128
2.414875283446712,144.03584,0.0008615487022325397
2.4380952380952383,142.10013,0.0010976893827319145
2.4613151927437644,143.8773,0.0014044041745364666
2.48453514739229,144.2515,0.0014973814832046628
2.507755102040816,144.3901,0.0012208825210109353
2.5309750566893423,142.12569,0.0015078065916895866
2.5541950113378684,135.44083,0.0014313264982774854
2.5774149659863945,125.89873,0.0006509594968520105
2.6006349206349206,123.67201,0.0006763515993952751
2.6238548752834467,122.64759,0.0007379305316135287
2.647074829931973,124.270134,0.0012628777185454965
2.670294784580499,128.16383,0.001642674091272056
2.693514739229025,130.72896,0.0015786970034241676
2.716734693877551,130.97005,0.0014189407229423523
2.7399546485260773,127.49891,0.0007702848524786532
2.7631746031746034,124.86145,0.0006302071269601583
2.7863945578231295,125.56675,0.0010574172483757138
2.809614512471655,129.50124,0.0014855782501399517
2.8328344671201813,135.62206,0.0012799043906852603
2.8560544217687074,561.34564,0.001185595290735364
2.8792743764172335,139.24127,0.001104580471292138
2.9024943310657596,134.9929,0.0010594259947538376
2.9257142857142857,127.31691,0.0005956573877483606
2.948934240362812,123.27656,0.00048460447578690946
2.972154195011338,124.74377,0.00043411803198978305
2.995374149659864,131.8928,0.00015801220433786511
3.01859410430839,143.75868,3.831176582025364e-05
3.0418140589569163,0.0,2.5186263883369975e-06
3.0650340136054424,0.0,1.0666390153346583e-06
3.0882539682539685,0.0,5.454285201267339e-07
3.1114739229024946,0.0,2.851402314263396e-07
3.1346938775510207,0.0,3.1096624297788367e-07
3.1579138321995464,0.0,1.7329148249700665e-07
3.1811337868480725,0.0,2.3822303774068132e-07
3.2043537414965986,0.0,1.339358277618885e-07
3.2275736961451247,0.0,1.0705844033509493e-07
