0.0,0.0,3.951299731852487e-08
0.023219954648526078,0.0,6.435766408685595e-08
0.046439909297052155,0.0,1.4619636203860864e-06
0.06965986394557823,0.0,1.0532730811974034e-06
0.09287981859410431,0.0,4.115086994715966e-06
0.11609977324263039,43.52633,2.6603302103467286e-05
0.13931972789115646,92.594315,2.4283872335217893e-05
0.16253968253968254,89.516106,4.101277590962127e-05
0.18575963718820862,88.88272,1.8689945136429742e-05
0.2089795918367347,90.60873,2.0613617380149662e-05
0.23219954648526078,650.4402,4.814832209376618e-05
0.25541950113378686,664.46185,5.0233335059601814e-05
0.2786394557823129,658.51715,5.380243237596005e-05
0.301859410430839,667.211,8.766463724896312e-05
0.3250793650793651,656.044,6.234445027075708e-05
0.3482993197278912,86.38775,5.7666962675284594e-05
0.37151927437641724,603.22406,8.331076242029667e-05
0.3947392290249433,87.540215,5.1947241445304826e-05
0.4179591836734694,89.95224,3.243071842007339e-05
0.44117913832199546,92.49636,7.160114910220727e-05
0.46439909297052157,98.132065,0.00024020939599722624
0.4876190476190476,611.4319,0.0002281416382174939
0.5108390022675737,606.3028,0.00029382249340415
0.5340589569160998,605.993,0.0002940900158137083
0.5572789115646258,585.45416,0.00041072029853239655
0.5804988662131519,605.8274,0.0003462594759184867
0.603718820861678,599.346,0.00041562653495930135
0.626938775510204,624.2023,0.0003296045761089772
0.6501587301587302,112.325005,0.0004675823147408664
0.6733786848072563,110.24534,0.00028282616403885186
0.6965986394557824,108.26057,0.00037201010854914784
0.7198185941043084,115.37263,0.0004110102017875761
0.7430385487528345,127.550285,0.0005444964044727385
0.7662585034013606,134.95703,0.0006880756700411439
0.7894784580498866,139.38263,0.000707134953700006
0.8126984126984127,135.71478,0.0007910252898000181
0.8359183673469388,133.07822,0.0008413434843532741
0.8591383219954649,129.98462,0.0007800472667440772
0.8823582766439909,129.10954,0.0007697306573390961
0.905578231292517,130.80052,0.0009269232978112996
0.9287981859410431,134.0498,0.001059922156855464
0.9520181405895691,137.29408,0.0009232048178091645
0.9752380952380952,141.7167,0.0006851123762317002
0.9984580498866213,157.81491,0.000708690145984292
1.0216780045351475,171.78362,0.0008065155707299709
1.0448979591836736,366.483,0.001241699093952775
1.0681179138321997,493.51498,0.0018118793377652764
1.0913378684807256,179.19118,0.0017115062801167369
1.1145578231292517,595.7709,0.0017802186775952578
1.1377777777777778,562.1848,0.0015738240908831358
1.1609977324263039,579.24634,0.00142967258580029
1.18421768707483,626.275,0.0015699309296905994
1.207437641723356,592.98773,0.001540814875625074
1.2306575963718822,360.0556,0.001341001596301794
1.253877551020408,174.1236,0.0014591864310204983
1.2770975056689342,160.68822,0.0012118947925046086
1.3003174603174603,135.44363,0.0011596019612625241
1.3235374149659864,609.2306,0.000990678439848125
1.3467573696145125,123.23413,0.0008082064450718462
1.3699773242630386,125.749146,0.0009791399352252483
1.3931972789115648,129.43791,0.0009479679865762591
1.4164172335600906,132.10907,0.0010334413964301348
1.4396371882086167,132.32233,0.0009967600926756859
1.4628571428571429,130.22398,0.0008437663782387972
1.486077097505669,130.27327,0.0009230769355781376
1.509297052154195,131.61853,0.0009756586514413357
1.5325170068027212,130.48355,0.000671805755700916
1.5557369614512473,124.347,0.0003917560970876366
1.5789569160997732,116.16233,0.00039174268022179604
1.6021768707482993,619.1609,0.0003146822564303875
1.6253968253968254,107.642555,0.0003412853693589568
1.6486167800453515,111.67862,0.0003754851350095123
1.6718367346938776,114.62126,0.0003118490567430854
1.6950566893424037,585.73145,0.0004418440512381494
1.7182766439909298,614.6155,0.000406543753342703
1.7414965986394557,623.124,0.0003044119803234935
1.7647165532879818,115.62951,0.0004373883712105453
1.787936507936508,112.08452,0.0003745482536032796
1.811156462585034,613.69775,0.00035200390266254544
1.8343764172335602,477.4228,0.00015571669791825116
1.8575963718820863,581.7969,0.00011226083734072745
1.8808163265306124,84.490456,8.591958612669259e-05
1.9040362811791383,84.95921,6.484197365352884e-05
1.9272562358276644,85.28478,4.808923040400259e-05
1.9504761904761905,85.05516,5.199218503548764e-05
1.9736961451247166,86.24739,5.2611747378250584e-05
1.9969160997732427,87.723946,5.449010495794937e-05
2.020136054421769,87.567375,5.6408542150165886e-05
2.043356009070295,87.45706,6.718312215525657e-05
2.066575963718821,88.83237,6.771137850591913e-05
2.089795918367347,88.69904,6.621039938181639e-05
2.1130158730158732,87.2312,8.29064883873798e-05
2.1362358276643993,87.26011,9.248279820894822e-05
2.159455782312925,88.23131,8.408490975853056e-05
2.182675736961451,88.02015,9.080517338588834e-05
2.2058956916099772,88.17426,8.849344885675237e-05
2.2291156462585033,90.21641,9.103331831283867e-05
2.2523356009070294,89.449554,0.00011101718700956553
2.2755555555555556,87.5128,0.00011335579620208591
2.2987755102040817,87.80705,0.00012826116289943457
2.3219954648526078,87.467125,0.00012948978110216558
2.345215419501134,86.613,0.00013017674791626632
2.36843537414966,87.4881,0.0001227297616424039
2.391655328798186,87.37608,0.00013483819202519953
2.414875283446712,88.77698,0.00013702113938052207
2.4380952380952383,88.53255,0.00012015483662253246
2.4613151927437644,88.264725,9.932038665283471e-05
2.48453514739229,90.77155,5.7958757679443806e-05
2.507755102040816,92.18686,1.1764132068492472e-05
2.5309750566893423,0.0,2.464585122652352e-06
2.5541950113378684,0.0,5.555966708925553e-07
2.5774149659863945,0.0,1.5550267562502995e-07
2.6006349206349206,0.0,6.926620699232444e-08
2.6238548752834467,0.0,3.7164681998547167e-08
2.647074829931973,0.0,4.888534022029489e-08
2.670294784580499,0.0,3.8794496504124254e-08
