0.0,0.0,5.1016286306548864e-08
0.023219954648526078,0.0,7.66185621614568e-08
0.046439909297052155,0.0,4.03551894123666e-08
0.06965986394557823,0.0,4.687808541348204e-08
0.09287981859410431,0.0,3.019340510945767e-08
0.11609977324263039,0.0,4.331650416133925e-08
0.13931972789115646,0.0,1.1627253115875646e-07
0.16253968253968254,0.0,6.847585609648377e-08
0.18575963718820862,0.0,9.339510143036023e-08
0.2089795918367347,660.04266,1.0684783774195239e-05
0.23219954648526078,204.75395,3.378348264959641e-05
0.25541950113378686,190.09741,4.1852821595966816e-05
0.2786394557823129,645.68146,4.938193887937814e-05
0.301859410430839,616.87714,3.348318568896502e-05
0.3250793650793651,605.69037,3.648742858786136e-05
0.3482993197278912,602.0495,5.884064012207091e-05
0.37151927437641724,224.75916,6.554953870363533e-05
0.3947392290249433,610.38696,7.413976709358394e-05
0.4179591836734694,603.8608,8.253580017480999e-05
0.44117913832199546,606.7662,0.00011672430264297873
0.46439909297052157,612.209,0.00012939260341227055
0.4876190476190476,175.836,0.00011463879491202533
0.5108390022675737,611.50885,0.00012442210572771728
0.5340589569160998,617.90424,0.00010859796020668
0.5572789115646258,630.83057,0.00012637526378966868
0.5804988662131519,630.0907,0.00012883447925560176
0.603718820861678,611.48773,9.461940499022603e-05
0.626938775510204,606.9135,9.392390347784385e-05
0.6501587301587302,622.0469,0.00012415471428539604
0.6733786848072563,184.84285,0.0001327881618635729
0.6965986394557824,189.04385,0.00015707504644524306
0.7198185941043084,192.54387,0.00019453420827630907
0.7430385487528345,197.76013,0.000255125283729285
0.7662585034013606,199.38048,0.000252456491580233
0.7894784580498866,198.6822,0.00022318414994515479
0.8126984126984127,196.62462,0.00023630555369891226
0.8359183673469388,195.38824,0.00021959713194519281
0.8591383219954649,196.48222,0.00023065316781867296
0.8823582766439909,202.41391,0.00032537910738028586
0.905578231292517,212.21854,0.0002678903110790998
0.9287981859410431,218.92442,0.0003629625425674021
0.9520181405895691,221.36792,0.00037305112346075475
0.9752380952380952,221.63148,0.000398776464862749
0.9984580498866213,222.26627,0.0002822248497977853
1.0216780045351475,111.95756,0.00029968799208290875
1.0448979591836736,222.67998,0.0002513385552447289
1.0681179138321997,222.15082,0.00026850035646930337
1.0913378684807256,113.293335,0.00047328119399026036
1.1145578231292517,118.12986,0.0004973796894773841
1.1377777777777778,121.35422,0.0005572952795773745
1.1609977324263039,122.23088,0.0005702668568119407
1.18421768707483,120.9844,0.0005968285258859396
1.207437641723356,119.69713,0.0005407349672168493
1.2306575963718822,118.72714,0.00042419665260240436
1.253877551020408,117.53384,0.00023236413835547864
1.2770975056689342,118.813995,0.00045687294914387167
1.3003174603174603,125.39092,0.000462728290585801
1.3235374149659864,132.56596,0.0004108844150323421
1.3467573696145125,138.137,0.0004941089428029954
1.3699773242630386,136.1128,0.0005807768320664763
1.3931972789115648,133.84831,0.0006864825263619423
1.4164172335600906,132.19705,0.0006662239320576191
1.4396371882086167,130.82751,0.0006173907313495874
1.4628571428571429,130.19876,0.0006759842508472502
1.486077097505669,136.1805,0.0009078933508135378
1.509297052154195,145.62207,0.0013489252887666225
1.5325170068027212,148.75471,0.0015241142828017473
1.5557369614512473,150.1802,0.0014519524993374944
1.5789569160997732,147.72401,0.0009419944253750145
1.6021768707482993,144.31155,0.0008424880215898156
1.6253968253968254,143.02429,0.0009576522279530764
1.6486167800453515,144.8798,0.001337544759735465
1.6718367346938776,153.96596,0.001113374950364232
1.6950566893424037,164.06549,0.0012222232762724161
1.7182766439909298,166.96681,0.0016239811666309834
1.7414965986394557,165.6455,0.0020658476278185844
1.7647165532879818,162.15245,0.002327087102457881
1.787936507936508,157.80304,0.0029570325277745724
1.811156462585034,153.82796,0.0029400100465863943
1.8343764172335602,156.26231,0.0019725672900676727
1.8575963718820863,164.36867,0.0013803085312247276
1.8808163265306124,172.58945,0.0016225622966885567
1.9040362811791383,178.1611,0.0017097785603255033
1.9272562358276644,179.04465,0.0016039855545386672
1.9504761904761905,173.21503,0.001422298140823841
1.9736961451247166,169.0911,0.0027060704305768013
1.9969160997732427,166.35017,0.0029178797267377377
2.020136054421769,168.34442,0.001998938387259841
2.043356009070295,178.64584,0.002565033733844757
2.066575963718821,195.0605,0.0049403333105146885
2.089795918367347,202.88184,0.006449821405112743
2.1130158730158732,204.82106,0.006649164482951164
2.1362358276643993,201.27116,0.00633616978302598
2.159455782312925,198.51526,0.005403411574661732
2.182675736961451,198.26546,0.005993622820824385
2.2058956916099772,200.36382,0.006888796575367451
2.2291156462585033,198.71202,0.005267888307571411
2.2523356009070294,190.94713,0.004948188550770283
2.2755555555555556,176.42032,0.0061835432425141335
2.2987755102040817,165.16458,0.005794365890324116
2.3219954648526078,165.63564,0.003141250694170594
2.345215419501134,170.66495,0.0031582340598106384
2.36843537414966,176.39204,0.0029561538249254227
2.391655328798186,179.495,0.0022146254777908325
2.414875283446712,171.54861,0.0021529747173190117
2.4380952380952383,167.57646,0.00242907484062016
2.4613151927437644,165.36285,0.0021561661269515753
2.48453514739229,165.59174,0.0021881486754864454
2.507755102040816,165.68642,0.002160451840609312
2.5309750566893423,166.04552,0.002039449755102396
2.5541950113378684,165.64519,0.0021741832606494427
2.5774149659863945,161.73065,0.0013021170161664486
2.6006349206349206,152.54172,0.0008390238508582115
2.6238548752834467,140.97018,0.0008552867802791297
2.647074829931973,137.81631,0.0014000625815242529
2.670294784580499,141.54198,0.002047279616817832
2.693514739229025,145.51178,0.0019951057620346546
2.716734693877551,146.79306,0.002198167610913515
2.7399546485260773,145.55516,0.0018162615597248077
2.7631746031746034,143.30836,0.0010402637999504805
2.7863945578231295,135.30441,0.0010139981750398874
2.809614512471655,126.69782,0.0010928018018603325
2.8328344671201813,126.258575,0.0010189146269112825
2.8560544217687074,131.1011,0.0009698882349766791
2.8792743764172335,763.5336,0.0009177811443805695
2.9024943310657596,136.92342,0.001019793562591076
2.9257142857142857,132.80743,0.001280573196709156
2.948934240362812,125.182686,0.0012138335732743144
2.972154195011338,350.15988,0.0006271813763305545
2.995374149659864,218.1741,0.0006130995461717248
3.01859410430839,218.9464,0.0005676830187439919
3.0418140589569163,112.90291,0.0006591061828657985
3.0650340136054424,116.907555,0.0010844941716641188
3.0882539682539685,119.26542,0.0011289981193840504
3.1114739229024946,118.616066,0.0007290699286386371
3.1346938775510207,115.182396,0.0006157883908599615
3.1579138321995464,111.964775,0.0006263747345656157
3.1811337868480725,221.00029,0.0004153804911766201
3.2043537414965986,217.95451,0.0005380571819841862
3.2275736961451247,217.75894,0.00036405210266821086
3.250793650793651,221.38148,0.0004848393436986953
3.274013605442177,112.3135,0.0004935335018672049
3.297233560090703,113.82912,0.00042925099842250347
3.320453514739229,222.42224,0.0006075551500543952
3.3436734693877552,210.79318,0.00043066893704235554
3.3668934240362813,196.62639,0.00017556350212544203
3.3901133786848074,188.70323,0.000181360577698797
3.4133333333333336,189.88571,0.00035841972567141056
3.4365532879818597,194.17966,0.0003937453730031848
3.4597732426303858,195.03143,0.0003098045417573303
3.4829931972789114,193.22336,0.0002520772104617208
3.5062131519274375,190.1911,0.00025754934176802635
3.5294331065759637,653.2795,0.00019037528545595706
3.5526530612244898,645.7578,0.00015540028107352555
3.575873015873016,630.16705,0.00015213813458103687
3.599092970521542,618.88983,0.0001423338399035856
3.622312925170068,604.82776,0.00014456963981501758
3.645532879818594,208.97723,0.00015645375242456794
3.6687528344671203,593.1864,0.00019038842583540827
3.6919727891156464,602.5832,0.00017608937923796475
3.7151927437641725,602.55725,0.00019015079305972904
3.7384126984126986,610.2542,0.0001846984523581341
3.7616326530612247,612.94116,0.00014604217722080648
3.784852607709751,620.6199,0.00014151753566693515
3.8080725623582765,623.129,0.00016184420383069664
3.8312925170068026,617.6458,0.00014667646610178053
3.8545124716553287,616.1311,0.00015012724907137454
3.877732426303855,612.9834,0.00014327089593280107
3.900952380952381,606.875,0.00013779258006252348
3.924172335600907,607.5996,0.0001554385817144066
3.947392290249433,611.0991,0.00016329516074620187
3.9706122448979593,617.5741,0.0001797141449060291
3.9938321995464854,623.4766,0.00019310273637529463
4.017052154195011,620.77026,0.00017618353012949228
4.040272108843538,618.23694,0.00017931767797563225
4.063492063492063,613.5656,0.00016609391605015844
4.08671201814059,609.18744,0.0001928794663399458
4.1099319727891155,610.6639,0.00020469259470701218
4.133151927437642,617.3273,0.00021079301950521767
4.156371882086168,620.21716,0.00019172769680153579
4.179591836734694,615.5428,0.00019818547298200428
4.20281179138322,613.0555,0.00020259697339497507
4.2260317460317465,614.54987,0.00019869372772518545
4.249251700680272,618.2291,0.00017279715393669903
4.272471655328799,622.3588,0.00014057518274057657
4.295691609977324,620.14343,0.00011614715185714886
4.31891156462585,606.4978,4.1795494325924665e-05
4.342131519274377,0.0,3.435830876696855e-06
4.365351473922902,0.0,7.622984412591904e-07
4.388571428571429,0.0,1.42573298944626e-07
4.4117913832199545,0.0,8.754250302445143e-08
4.435011337868481,0.0,1.923390300362371e-07
4.458231292517007,0.0,1.9985509425168857e-07
4.481451247165533,0.0,1.3717180991079658e-07
4.504671201814059,0.0,7.293238013517112e-08
4.527891156462585,0.0,4.0040504245553166e-08
