0.0,0.0,2.9786860977765173e-08
0.023219954648526078,0.0,6.824484444223344e-08
0.046439909297052155,0.0,4.824869392905384e-08
0.06965986394557823,0.0,6.686605047434568e-08
0.09287981859410431,0.0,7.71860868553631e-08
0.11609977324263039,0.0,5.5818418331909925e-08
0.13931972789115646,0.0,1.3499538908945397e-07
0.16253968253968254,0.0,1.343187250313349e-07
0.18575963718820862,0.0,3.383347575436346e-07
0.2089795918367347,0.0,6.030995791661553e-07
0.23219954648526078,0.0,3.763353561225813e-06
0.25541950113378686,0.0,5.802365194540471e-06
0.2786394557823129,90.93252,1.0262927389703691e-05
0.301859410430839,86.016,1.9083196093561128e-05
0.3250793650793651,87.10578,2.7237256290391088e-05
0.3482993197278912,88.21773,3.270614251960069e-05
0.37151927437641724,88.88729,3.891896631103009e-05
0.3947392290249433,88.10503,3.3286680263699964e-05
0.4179591836734694,87.133896,3.414179809624329e-05
0.44117913832199546,87.51546,4.061918662046082e-05
0.46439909297052157,88.352844,5.4496267694048584e-05
0.4876190476190476,90.36412,6.645175017183647e-05
0.5108390022675737,94.38959,4.3673935579136014e-05
0.5340589569160998,94.43609,4.216380693833344e-05
0.5572789115646258,91.530655,7.507092959713191e-05
0.5804988662131519,96.40908,7.406467193504795e-05
0.603718820861678,101.6937,7.464850932592526e-05
0.626938775510204,103.185425,7.557298522442579e-05
0.6501587301587302,102.79363,0.000130234140669927
0.6733786848072563,100.30337,0.00016707707254681736
0.6965986394557824,100.60717,0.00014001948875375092
0.7198185941043084,101.954,0.00012313801562413573
0.7430385487528345,104.71618,0.00010433303395984694
0.7662585034013606,107.568306,0.00013334047980606556
0.7894784580498866,111.08884,0.00013778952416032553
0.8126984126984127,113.33602,0.00018972695397678763
0.8359183673469388,113.68639,0.00019953471201006323
0.8591383219954649,453.3514,0.0001989415322896093
0.8823582766439909,493.63113,0.0002646399079822004
0.905578231292517,813.4834,0.0001975652703549713
0.9287981859410431,771.1887,0.00026034130132757127
0.9520181405895691,434.8316,0.00021079633734188974
0.9752380952380952,113.7486,0.0002585354377515614
0.9984580498866213,121.46582,0.00037558621261268854
1.0216780045351475,122.9403,0.0004068769048899412
1.0448979591836736,119.868996,0.00030560747836716473
1.0681179138321997,462.85007,0.00034079374745488167
1.0913378684807256,453.50934,0.00039315951289609075
1.1145578231292517,457.39255,0.0003447735798545182
1.1377777777777778,121.6419,0.00043924053898081183
1.1609977324263039,128.40305,0.00031112675787881017
1.18421768707483,132.11226,0.00036968220956623554
1.207437641723356,134.18616,0.0005157699342817068
1.2306575963718822,131.35886,0.0006385268643498421
1.253877551020408,128.28441,0.0007770198862999678
1.2770975056689342,127.26171,0.000831211858894676
1.3003174603174603,128.89798,0.0006268856232054532
1.3235374149659864,133.1588,0.0004914384917356074
1.3467573696145125,141.88396,0.0006120604230090976
1.3699773242630386,591.4154,0.0006302120164036751
1.3931972789115648,151.30429,0.0007084389799274504
1.4164172335600906,602.84216,0.0009218074847012758
1.4396371882086167,584.3564,0.0008913638303056359
1.4628571428571429,494.8245,0.0009497126447968185
1.486077097505669,150.25629,0.0006602567154914141
1.509297052154195,157.60475,0.0007129168952815235
1.5325170068027212,165.4382,0.0011225796770304441
1.5557369614512473,169.00508,0.0013930592685937881
1.5789569160997732,169.41331,0.0016386060742661357
1.6021768707482993,167.42702,0.001606316422112286
1.6253968253968254,165.78452,0.0016636254731565714
1.6486167800453515,165.84468,0.0017495827050879598
1.6718367346938776,167.78453,0.0016378972213715315
1.6950566893424037,171.46117,0.0015985225327312946
1.7182766439909298,479.0455,0.0012951964745298028
1.7414965986394557,452.89545,0.001806990709155798
1.7647165532879818,467.5924,0.0024122027680277824
1.787936507936508,180.98482,0.0026892591267824173
1.811156462585034,178.088,0.0029976596124470234
1.8343764172335602,179.03105,0.002288894960656762
1.8575963718820863,185.81377,0.0015027830377221107
1.8808163265306124,591.7921,0.0015980408061295748
1.9040362811791383,565.4096,0.0026752259582281113
1.9272562358276644,596.67224,0.0029079250525683165
1.9504761904761905,563.6003,0.0022086333483457565
1.9736961451247166,609.2961,0.002435490023344755
1.9969160997732427,598.58374,0.0023074178025126457
2.020136054421769,590.9262,0.002294702921062708
2.043356009070295,598.51685,0.0022658060770481825
2.066575963718821,565.2194,0.0031568389385938644
2.089795918367347,571.8431,0.002600655658170581
2.1130158730158732,595.6127,0.0026758103631436825
2.1362358276643993,189.93428,0.0038002552464604378
2.159455782312925,178.40959,0.0031862978357821703
2.182675736961451,174.5762,0.0030248728580772877
2.2058956916099772,177.74452,0.0021990868262946606
2.2291156462585033,491.0445,0.0022933254949748516
2.2523356009070294,182.22678,0.0027506076730787754
2.2755555555555556,178.25838,0.0026867124252021313
2.2987755102040817,171.67427,0.002369480673223734
2.3219954648526078,168.28949,0.0021073794923722744
2.345215419501134,167.60707,0.002306251786649227
2.36843537414966,168.4399,0.002288730815052986
2.391655328798186,171.03725,0.0020899155642837286
2.414875283446712,173.84157,0.0018614048603922129
2.4380952380952383,172.4079,0.0017581377178430557
2.4613151927437644,165.39487,0.0013700025156140327
2.48453514739229,597.5802,0.0012124706991016865
2.507755102040816,587.73193,0.001118773827329278
2.5309750566893423,449.3258,0.0009773862548172474
2.5541950113378684,461.21326,0.0008950290502980351
2.5774149659863945,463.7723,0.0007909148698672652
2.6006349206349206,152.18758,0.0009448808850720525
2.6238548752834467,589.2198,0.0006838532281108201
2.647074829931973,137.98055,0.0009267805144190788
2.670294784580499,131.1331,0.0009906478226184845
2.693514739229025,130.2564,0.000768690078984946
2.716734693877551,133.23077,0.0006037835264578462
2.7399546485260773,136.1337,0.0005651344545185566
2.7631746031746034,135.28223,0.0006780597032047808
2.7863945578231295,131.14339,0.0006817887770012021
2.809614512471655,127.04939,0.0005776738980785012
2.8328344671201813,123.61817,0.0004667447356041521
2.8560544217687074,120.89414,0.00039016641676425934
2.8792743764172335,120.46495,0.00044017721666023135
2.9024943310657596,121.18181,0.0004006323288194835
2.9257142857142857,120.972664,0.0003239140787627548
2.948934240362812,120.771545,0.00038538454100489616
2.972154195011338,120.96647,0.0003476989222690463
2.995374149659864,119.41438,0.00029120262479409575
3.01859410430839,115.0927,0.00018267442646902055
3.0418140589569163,109.7839,0.0001787790097296238
3.0650340136054424,107.885284,0.0001305872283410281
3.0882539682539685,110.583916,0.0002213527332060039
3.1114739229024946,113.57187,0.0002870605094358325
3.1346938775510207,116.26833,0.00022822989558335394
3.1579138321995464,114.8269,0.00019421317847445607
3.1811337868480725,109.08542,0.00012010911450488493
3.2043537414965986,103.24959,0.00013073431910015643
3.2275736961451247,98.03076,0.00013036235759500414
3.250793650793651,96.31271,9.522108302917331e-05
3.274013605442177,98.18185,9.30163951124996e-05
3.297233560090703,100.705925,0.00012729145237244666
3.320453514739229,100.61291,0.00010657080565579236
3.3436734693877552,99.339615,9.867604239843786e-05
3.3668934240362813,97.61074,0.00010332434612791985
3.3901133786848074,95.252266,0.00010314089013263583
3.4133333333333336,92.541214,7.196272781584412e-05
3.4365532879818597,180.93463,5.0269238272449e-05
3.4597732426303858,175.58463,4.0034414269030094e-05
3.4829931972789114,173.27718,3.569709951989353e-05
3.5062131519274375,87.10638,3.5760986065724865e-05
3.5294331065759637,87.84104,2.9034110411885194e-05
3.5526530612244898,88.5946,2.9246000849525444e-05
3.575873015873016,87.966606,3.7320685805752873e-05
3.599092970521542,87.912506,4.092938615940511e-05
3.622312925170068,88.685684,4.5737269829260185e-05
3.645532879818594,87.84497,4.5515371311921626e-05
3.6687528344671203,87.51341,4.148501466261223e-05
3.6919727891156464,88.95086,4.7160232497844845e-05
3.7151927437641725,89.76163,4.723439633380622e-05
3.7384126984126986,89.7409,5.345934187062085e-05
3.7616326530612247,90.2145,5.7852306781569496e-05
3.784852607709751,90.46013,4.9931943067349494e-05
3.8080725623582765,89.18235,5.197767313802615e-05
3.8312925170068026,88.78337,5.244628118816763e-05
3.8545124716553287,88.39985,4.517038178164512e-05
3.877732426303855,87.51415,4.472553700907156e-05
3.900952380952381,87.81766,4.92778854095377e-05
3.924172335600907,88.20102,4.63646138086915e-05
3.947392290249433,88.07812,4.478133632801473e-05
3.9706122448979593,87.67371,4.994126356905326e-05
3.9938321995464854,88.580025,4.9652964662527665e-05
4.017052154195011,88.796295,4.678279583458789e-05
4.040272108843538,87.75835,3.838199336314574e-05
4.063492063492063,89.16368,4.00980279664509e-05
4.08671201814059,90.095505,3.5704011679627e-05
4.1099319727891155,96.25074,1.8763654225040227e-05
4.133151927437642,0.0,1.2698001228272915e-06
4.156371882086168,0.0,6.993859642534517e-07
4.179591836734694,0.0,2.103188307955861e-07
4.20281179138322,0.0,4.21996446675621e-08
4.2260317460317465,0.0,5.981473805150017e-08
4.249251700680272,0.0,5.333822628017515e-08
4.272471655328799,0.0,1.994612830458209e-08
4.295691609977324,0.0,7.391645340248942e-08
4.31891156462585,0.0,3.201603249181062e-08
4.342131519274377,0.0,2.1211235434748232e-08
