0.0,0.0,1.1458705557743087e-06
0.023219954648526078,0.0,1.2405807865434326e-06
0.046439909297052155,0.0,7.712487786193378e-07
0.06965986394557823,0.0,2.0762499843840487e-06
0.09287981859410431,350.88596,0.00043507496593520045
0.11609977324263039,347.03226,0.001014583744108677
0.13931972789115646,347.1626,0.0010580082889646292
0.16253968253968254,346.79474,0.0008790893480181694
0.18575963718820862,346.33142,0.0004326256748754531
0.2089795918367347,342.72098,6.176554597914219e-05
0.23219954648526078,0.0,2.6820443963515572e-06
0.25541950113378686,0.0,5.937472451478243e-07
0.2786394557823129,0.0,3.4538516047177836e-07
0.301859410430839,0.0,1.0764470061985776e-06
0.3250793650793651,442.44,0.0007137770880945027
0.3482993197278912,434.767,0.0014083413407206535
0.37151927437641724,433.39642,0.0013187483418732882
0.3947392290249433,424.95633,0.0011260813334956765
0.4179591836734694,422.61307,0.0005159266293048859
0.44117913832199546,429.01123,6.846255564596504e-05
0.46439909297052157,438.09213,2.91042906610528e-05
0.4876190476190476,0.0,5.20717821927974e-06
0.5108390022675737,537.18744,0.0005386607954278588
0.5340589569160998,516.8871,0.0023981432896107435
0.5572789115646258,519.7902,0.005296066403388977
0.5804988662131519,516.9075,0.007932936772704124
0.603718820861678,512.54816,0.0077629610896110535
0.626938775510204,509.9585,0.00447711581364274
0.6501587301587302,513.165,0.0012445430038496852
0.6733786848072563,516.0579,2.380206024099607e-05
0.6965986394557824,0.0,6.260570444283076e-06
0.7198185941043084,0.0,3.293489498901181e-07
0.7430385487528345,0.0,5.81708263780456e-07
0.7662585034013606,21.18017,3.4090557164745405e-05
0.7894784580498866,691.7862,0.02212853729724884
0.8126984126984127,692.83203,0.03797667473554611
0.8359183673469388,698.4816,0.03944282978773117
0.8591383219954649,698.45166,0.036856625229120255
0.8823582766439909,690.95496,0.02917739562690258
0.905578231292517,683.27997,0.00838939007371664
0.9287981859410431,674.4467,0.000253632984822616
0.9520181405895691,0.0,2.9460461519192904e-06
0.9752380952380952,0.0,4.057892510900274e-07
0.9984580498866213,0.0,1.4450451999437064e-06
1.0216780045351475,572.6963,0.005988363176584244
1.0448979591836736,539.85376,0.012813499197363853
1.0681179138321997,536.1318,0.013327693566679955
1.0913378684807256,537.1688,0.00932132638990879
1.1145578231292517,540.5383,0.003349009435623884
1.1377777777777778,538.8703,0.0013715520035475492
1.1609977324263039,531.27075,0.0002785156248137355
1.18421768707483,0.0,6.1404953157762066e-06
1.207437641723356,0.0,1.3989911167300306e-06
1.2306575963718822,465.41553,0.0007091865409165621
1.253877551020408,452.5304,0.003054330125451088
1.2770975056689342,447.56696,0.00496431440114975
1.3003174603174603,438.8467,0.003806188004091382
1.3235374149659864,434.11826,0.0026141598355025053
1.3467573696145125,436.69055,0.0013545944821089506
1.3699773242630386,438.2692,0.0005044504650868475
1.3931972789115648,437.8921,0.00010026974632637575
1.4164172335600906,0.0,6.6782595240511e-06
1.4396371882086167,0.0,1.293974492000416e-06
1.4628571428571429,0.0,4.956273187417537e-07
1.486077097505669,0.0,3.566992745618336e-07
1.509297052154195,0.0,1.377909939037636e-06
1.5325170068027212,356.39737,0.00042775808833539486
1.5557369614512473,348.2737,0.0009394289227202535
1.5789569160997732,346.16367,0.0009280496160499752
1.6021768707482993,343.16574,0.0009423242299817502
1.6253968253968254,343.75806,0.0008726011728867888
1.6486167800453515,347.1076,0.0007975850603543222
1.6718367346938776,346.6853,0.000758837559260428
1.6950566893424037,346.58218,0.0007704922463744879
1.7182766439909298,345.659,0.0007923545781522989
1.7414965986394557,340.92657,0.0008083095890469849
1.7647165532879818,338.3146,0.0008369158604182303
1.787936507936508,339.06525,0.0007502174703404307
1.811156462585034,340.26175,0.0006232053274288774
1.8343764172335602,345.37082,0.0005749730626121163
1.8575963718820863,351.4506,0.0007361788884736598
1.8808163265306124,349.37006,0.0006877951673232019
1.9040362811791383,345.78186,0.0006564310169778764
1.9272562358276644,340.01175,0.0006551929982379079
1.9504761904761905,336.02905,0.0006929222145117819
1.9736961451247166,337.26456,0.0006463905447162688
1.9969160997732427,338.33273,0.0005763163208030164
2.020136054421769,341.7896,0.0004723162855952978
2.043356009070295,346.97864,0.0004745675250887871
2.066575963718821,345.0145,0.0005062238778918982
2.089795918367347,341.21024,0.0005067692254669964
2.1130158730158732,337.73093,0.0005208895308896899
2.1362358276643993,335.69522,0.0005843571852892637
2.159455782312925,338.0619,0.0005265846848487854
2.182675736961451,342.51498,0.0004128972068428993
2.2058956916099772,349.45596,0.00045513041550293565
2.2291156462585033,351.6577,0.0004639340622816235
2.2523356009070294,347.39322,0.0003578174510039389
2.2755555555555556,338.01923,0.00036491849459707737
2.2987755102040817,331.56995,0.0003795168886426836
2.3219954648526078,330.67316,0.0004441229102667421
2.345215419501134,336.2721,0.000316184654366225
2.36843537414966,345.898,0.00015358428936451674
2.391655328798186,352.42496,9.872062946669757e-05
2.414875283446712,346.92853,1.901643190649338e-05
2.4380952380952383,0.0,1.1383563105482608e-06
2.4613151927437644,0.0,3.506720531731844e-07
2.48453514739229,0.0,1.2633518053917214e-07
2.507755102040816,0.0,1.6313515516230837e-07
2.5309750566893423,0.0,1.133264959207736e-06
2.5541950113378684,0.0,1.1704487405950204e-06
2.5774149659863945,0.0,3.8642338040517643e-07
2.6006349206349206,0.0,1.4313263818621635e-07
2.6238548752834467,0.0,2.911174306063913e-07
