0.0,0.0,4.5901651901658624e-07
0.023219954648526078,0.0,1.996158971451223e-07
0.046439909297052155,0.0,4.0916711441241205e-07
0.06965986394557823,0.0,2.410315573797561e-07
0.09287981859410431,0.0,1.814532879507169e-07
0.11609977324263039,0.0,9.161331036011688e-07
0.13931972789115646,267.1322,5.538158438866958e-05
0.16253968253968254,264.3196,0.0001395393192069605
0.18575963718820862,264.17615,0.00014277282753027976
0.2089795918367347,265.56073,0.0001843050413299352
0.23219954648526078,266.55698,0.00019074106239713728
0.25541950113378686,266.22757,0.0001825504587031901
0.2786394557823129,265.86908,0.00011564481246750802
0.301859410430839,264.73547,0.00015845661982893944
0.3250793650793651,278.6625,0.00017186455079354346
0.3482993197278912,294.11642,0.00017322222993243486
0.37151927437641724,302.54236,0.00014138699043542147
0.3947392290249433,307.78104,0.00015799848188180476
0.4179591836734694,305.0225,0.00019383165636099875
0.44117913832199546,298.09995,0.0002251010446343571
0.46439909297052157,298.72162,0.00017909807502292097
0.4876190476190476,315.48523,0.0003360837581567466
0.5108390022675737,326.47934,0.0006752611370757222
0.5340589569160998,331.45218,0.000943251303397119
0.5572789115646258,332.827,0.001087869517505169
0.5804988662131519,331.11475,0.0011222116881981492
0.603718820861678,330.81342,0.0009213496232405305
0.626938775510204,329.0092,0.0012356708757579327
0.6501587301587302,336.92108,0.0015216825995594263
0.6733786848072563,354.757,0.0017395531758666039
0.6965986394557824,355.5813,0.0017836964689195156
0.7198185941043084,355.15448,0.0017771831480786204
0.7430385487528345,353.1398,0.0017727373633533716
0.7662585034013606,354.91544,0.0017672883113846183
0.7894784580498866,360.13214,0.0017769425176084042
0.8126984126984127,369.04803,0.0021088039502501488
0.8359183673469388,387.3203,0.0031883413903415203
0.8591383219954649,388.34457,0.0030020626727491617
0.8823582766439909,385.92496,0.0029762438498437405
0.905578231292517,384.6593,0.0033772196620702744
0.9287981859410431,387.8914,0.0031887509394437075
0.9520181405895691,390.4685,0.0032822461798787117
0.9752380952380952,403.7922,0.005665064323693514
0.9984580498866213,428.55878,0.006751763168722391
1.0216780045351475,440.96762,0.009180722758173943
1.0448979591836736,447.5548,0.01032415684312582
1.0681179138321997,450.1778,0.011434369720518589
1.0913378684807256,454.27716,0.011845430359244347
1.1145578231292517,460.9804,0.012605629861354828
1.1377777777777778,467.4325,0.019299525767564774
1.1609977324263039,482.12164,0.01274791732430458
1.18421768707483,500.67877,0.009941080585122108
1.207437641723356,507.00888,0.009498508647084236
1.2306575963718822,505.44247,0.009495371952652931
1.253877551020408,503.68152,0.011357350274920464
1.2770975056689342,501.17313,0.016318844631314278
1.3003174603174603,501.686,0.033974938094615936
1.3235374149659864,516.91626,0.040449999272823334
1.3467573696145125,533.854,0.046237774193286896
1.3699773242630386,544.7829,0.04251027852296829
1.3931972789115648,544.5565,0.03265279531478882
1.4164172335600906,536.5721,0.02224920317530632
1.4396371882086167,534.4452,0.024662557989358902
1.4628571428571429,538.083,0.03141424059867859
1.486077097505669,552.8005,0.03959880769252777
1.509297052154195,573.3722,0.019207634031772614
1.5325170068027212,598.3626,0.0351736918091774
1.5557369614512473,603.7685,0.029291464015841484
1.5789569160997732,591.8894,0.02268405258655548
1.6021768707482993,574.6045,0.039410531520843506
1.6253968253968254,554.84546,0.03483867645263672
1.6486167800453515,535.53467,0.03966255113482475
1.6718367346938776,527.2159,0.061424702405929565
1.6950566893424037,523.81525,0.06666000187397003
1.7182766439909298,518.801,0.04802462458610535
1.7414965986394557,512.63367,0.03896130248904228
1.7647165532879818,507.8414,0.020287415012717247
1.787936507936508,493.87143,0.02330627664923668
1.811156462585034,490.57843,0.02539949119091034
1.8343764172335602,491.51672,0.020521942526102066
1.8575963718820863,487.7705,0.01645495370030403
1.8808163265306124,480.58786,0.01462959311902523
1.9040362811791383,471.7793,0.009925007820129395
1.9272562358276644,458.06833,0.007361001335084438
1.9504761904761905,443.94107,0.007680992130190134
1.9736961451247166,430.22513,0.004981881007552147
1.9969160997732427,421.18298,0.005085080396384001
2.020136054421769,419.05682,0.005231453105807304
2.043356009070295,415.41666,0.004699482582509518
2.066575963718821,414.82935,0.004240403883159161
2.089795918367347,411.26407,0.004298894200474024
2.1130158730158732,405.00748,0.0032626239117234945
2.1362358276643993,394.61942,0.002155955880880356
2.159455782312925,382.91843,0.002212424296885729
2.182675736961451,384.5608,0.0021748882718384266
2.2058956916099772,385.83463,0.001964160241186619
2.2291156462585033,386.5958,0.0019341630395501852
2.2523356009070294,384.8238,0.0017349545378237963
2.2755555555555556,376.396,0.0015024245949462056
2.2987755102040817,360.44055,0.0013442060444504023
2.3219954648526078,350.36078,0.0009305970743298531
2.345215419501134,356.45636,0.000953068898525089
2.36843537414966,355.6291,0.0008038112428039312
2.391655328798186,355.94266,0.0007464901427738369
2.414875283446712,352.54,0.000778195564635098
2.4380952380952383,341.7428,0.0013727403711527586
2.4613151927437644,333.7437,0.001589386723935604
2.48453514739229,329.02994,0.0015805271686986089
2.507755102040816,329.4019,0.0013760735746473074
2.5309750566893423,330.28357,0.0012274462496861815
2.5541950113378684,329.00757,0.0010474143782630563
2.5774149659863945,324.61475,0.0007517875637859106
2.6006349206349206,311.95926,0.00044687726767733693
2.6238548752834467,298.49585,0.0005853588809259236
2.647074829931973,289.4806,0.000564158777706325
2.670294784580499,290.24738,0.0006072985706850886
2.693514739229025,297.8181,0.0004799850285053253
2.716734693877551,301.2862,0.000512098369654268
2.7399546485260773,298.7226,0.0005704697105102241
2.7631746031746034,294.84055,0.000532038975507021
2.7863945578231295,288.35556,0.0004562984686344862
2.809614512471655,282.45654,0.00034417450660839677
2.8328344671201813,277.2314,0.00026010163128376007
2.8560544217687074,265.61038,0.00018862198339775205
2.8792743764172335,254.66884,0.00018901382281910628
2.9024943310657596,254.55115,0.000155555026140064
2.9257142857142857,264.16852,0.00020860842778347433
2.948934240362812,266.5741,0.00022518043988384306
2.972154195011338,265.77655,0.00020414276514202356
2.995374149659864,263.7019,0.00018428999464958906
3.01859410430839,260.42175,0.00015368746244348586
3.0418140589569163,260.5884,0.0001711432123556733
3.0650340136054424,264.66333,0.00022731185890734196
3.0882539682539685,267.4293,0.00021599687170237303
3.1114739229024946,267.38113,0.00019125372637063265
3.1346938775510207,264.52872,0.00014557404210790992
3.1579138321995464,259.65988,0.00011280525359325111
3.1811337868480725,258.64215,0.0001176435180241242
3.2043537414965986,261.94604,0.00014220715092960745
3.2275736961451247,265.53915,0.00016901729395613074
3.250793650793651,268.06787,0.00014727030065841973
3.274013605442177,264.7491,0.00010168642620556056
3.297233560090703,257.6977,6.445292092394084e-05
3.320453514739229,253.21214,5.400805821409449e-05
3.3436734693877552,253.77003,5.148936907062307e-05
3.3668934240362813,257.32983,5.3080708312336355e-05
3.3901133786848074,262.88553,8.284131763502955e-05
3.4133333333333336,265.08777,9.566535300109535e-05
3.4365532879818597,266.1328,0.00010409398237243295
3.4597732426303858,264.24988,8.915810758480802e-05
3.4829931972789114,258.2562,4.064173481310718e-05
3.5062131519274375,247.80637,4.2841173126362264e-05
3.5294331065759637,244.96382,5.3723197197541595e-05
3.5526530612244898,248.10034,4.6685039706062526e-05
3.575873015873016,255.25298,3.6410667235031724e-05
3.599092970521542,270.30084,4.605678259395063e-05
3.622312925170068,276.04614,1.445408179279184e-05
3.645532879818594,0.0,3.048471626243554e-06
3.6687528344671203,0.0,3.5370703699300066e-07
3.6919727891156464,0.0,7.072294465615414e-07
3.7151927437641725,0.0,4.899447958450764e-07
3.7384126984126986,0.0,5.085494194645435e-07
3.7616326530612247,0.0,7.293292583199218e-07
3.784852607709751,0.0,4.401745172799565e-07
3.8080725623582765,0.0,1.1319971235934645e-06
3.8312925170068026,0.0,7.200351319625042e-07
3.8545124716553287,0.0,1.615007931832224e-07
