0.0,0.0,5.281353878672235e-07
0.023219954648526078,0.0,6.092868716223165e-07
0.046439909297052155,0.0,1.30881744553335e-07
0.06965986394557823,0.0,6.443879101425409e-07
0.09287981859410431,0.0,3.872356501233298e-06
0.11609977324263039,0.0,8.575463652960025e-06
0.13931972789115646,168.56459,1.0834142813109793e-05
0.16253968253968254,167.17859,1.56890346261207e-05
0.18575963718820862,166.8474,1.738277933327481e-05
0.2089795918367347,168.35503,2.1490159269887954e-05
0.23219954648526078,169.5694,2.230852987850085e-05
0.25541950113378686,172.58107,2.9365775844780728e-05
0.2786394557823129,172.74336,3.688559081638232e-05
0.301859410430839,172.7187,4.195734072709456e-05
0.3250793650793651,171.64757,4.958838690072298e-05
0.3482993197278912,168.921,6.164396472740918e-05
0.37151927437641724,165.38171,7.237047248054296e-05
0.3947392290249433,164.50592,7.728207856416702e-05
0.4179591836734694,167.96507,5.171226803213358e-05
0.44117913832199546,172.03197,4.5512409997172654e-05
0.46439909297052157,173.29529,5.6870212574722245e-05
0.4876190476190476,170.28502,5.7268385717179626e-05
0.5108390022675737,166.77301,5.614962356048636e-05
0.5340589569160998,166.22116,4.637023084796965e-05
0.5572789115646258,168.76404,2.7079955543740653e-05
0.5804988662131519,173.12856,2.1707273845095187e-05
0.603718820861678,177.6712,2.1495407054317184e-05
0.626938775510204,180.8024,1.49862889884389e-05
0.6501587301587302,187.37784,1.1201002052985132e-05
0.6733786848072563,195.2017,2.142320226994343e-05
0.6965986394557824,196.34102,2.6832680305233225e-05
0.7198185941043084,195.7086,4.249107223586179e-05
0.7430385487528345,191.55823,4.729810461867601e-05
0.7662585034013606,190.05612,4.349707160145044e-05
0.7894784580498866,190.90503,2.7955873520113528e-05
0.8126984126984127,192.28137,2.3531742044724524e-05
0.8359183673469388,195.31555,1.49155985127436e-05
0.8591383219954649,202.73277,2.114352901116945e-05
0.8823582766439909,208.81512,2.857493018382229e-05
0.905578231292517,212.48302,2.9061726309009828e-05
0.9287981859410431,214.23691,3.459396248217672e-05
0.9520181405895691,209.93645,3.704795381054282e-05
0.9752380952380952,206.0341,3.86185638490133e-05
0.9984580498866213,206.28867,4.1483293898636475e-05
1.0216780045351475,208.73047,3.711517638294026e-05
1.0448979591836736,213.47353,2.9175793315516785e-05
1.0681179138321997,218.77898,3.2081199606182054e-05
1.0913378684807256,224.4632,4.97772271046415e-05
1.1145578231292517,226.8364,5.62199747946579e-05
1.1377777777777778,226.02678,6.577267777174711e-05
1.1609977324263039,449.81714,7.66815064707771e-05
1.18421768707483,221.12582,6.000469875289127e-05
1.207437641723356,219.93904,4.360076491138898e-05
1.2306575963718822,220.61592,3.1545998353976756e-05
1.253877551020408,219.58917,2.6517191145103425e-05
1.2770975056689342,89.07307,0.00013281434075906873
1.3003174603174603,157.4319,0.00019588951545301825
1.3235374149659864,275.74396,0.00019194846390746534
1.3467573696145125,265.96503,0.00020271714311093092
1.3699773242630386,259.4606,0.00021623219072353095
1.3931972789115648,256.79153,0.0002390265290159732
1.4164172335600906,255.95363,0.00032624570303596556
1.4396371882086167,256.4295,0.00041390987462364137
1.4628571428571429,256.12854,0.0004579253727570176
1.486077097505669,253.28258,0.000546142109669745
1.509297052154195,251.33875,0.0006132523994892836
1.5325170068027212,252.15921,0.0005213440163061023
1.5557369614512473,256.46573,0.00032159488182514906
1.5789569160997732,266.13565,0.000661396246869117
1.6021768707482993,275.56592,0.0007200613035820425
1.6253968253968254,281.84555,0.0009955794084817171
1.6486167800453515,281.58484,0.0011917161755263805
1.6718367346938776,277.7448,0.0011078999377787113
1.6950566893424037,275.2124,0.0009187791729345918
1.7182766439909298,275.92685,0.0008487638551741838
1.7414965986394557,281.20917,0.0008132733637467027
1.7647165532879818,289.92493,0.001158986589871347
1.787936507936508,298.5534,0.0014545388985425234
1.811156462585034,309.59616,0.001703706569969654
1.8343764172335602,316.09723,0.0019002265762537718
1.8575963718820863,315.28314,0.0014576748944818974
1.8808163265306124,309.79575,0.0014571642968803644
1.9040362811791383,306.90253,0.0012580153997987509
1.9272562358276644,308.47333,0.0011554700322449207
1.9504761904761905,313.1519,0.0017032916657626629
1.9736961451247166,322.263,0.0021754084154963493
1.9969160997732427,331.92957,0.0026261205784976482
2.020136054421769,335.29233,0.002450450323522091
2.043356009070295,332.6419,0.002967545762658119
2.066575963718821,326.68182,0.0037511694245040417
2.089795918367347,323.0627,0.0031897425651550293
2.1130158730158732,322.91275,0.0031015416607260704
2.1362358276643993,326.98538,0.0031116358004510403
2.159455782312925,337.5652,0.001858794130384922
2.182675736961451,356.4982,0.003524134634062648
2.2058956916099772,366.89523,0.004043604247272015
2.2291156462585033,379.48257,0.00439882930368185
2.2523356009070294,387.26822,0.005093902349472046
2.2755555555555556,385.8935,0.004270835313946009
2.2987755102040817,383.205,0.004629899747669697
2.3219954648526078,382.07492,0.0047247824259102345
2.345215419501134,383.65808,0.0049542877823114395
2.36843537414966,385.21097,0.005058613605797291
2.391655328798186,385.04092,0.0045205969363451
2.414875283446712,380.1305,0.004079701378941536
2.4380952380952383,376.07275,0.0035401349887251854
2.4613151927437644,375.70218,0.004091641400009394
2.48453514739229,379.84122,0.004179289564490318
2.507755102040816,377.699,0.0029473528265953064
2.5309750566893423,365.67145,0.002329793758690357
2.5541950113378684,350.4881,0.0016927956603467464
2.5774149659863945,335.994,0.002459400100633502
2.6006349206349206,336.50195,0.0019237878732383251
2.6238548752834467,338.97464,0.0009215333266183734
2.647074829931973,348.4909,0.0011671046959236264
2.670294784580499,350.4206,0.001474706456065178
2.693514739229025,349.06036,0.0016401808243244886
2.716734693877551,341.41986,0.002062969608232379
2.7399546485260773,334.73627,0.0026084487326443195
2.7631746031746034,327.6777,0.0034247050061821938
2.7863945578231295,321.73087,0.002386036328971386
2.809614512471655,317.94992,0.002203318290412426
2.8328344671201813,320.3458,0.0030128005892038345
2.8560544217687074,324.72507,0.003547274973243475
2.8792743764172335,325.34924,0.004098443314433098
2.9024943310657596,321.79102,0.0027229278348386288
2.9257142857142857,311.9663,0.001471840776503086
2.948934240362812,299.4292,0.001628286438062787
2.972154195011338,290.74435,0.0016631194157525897
2.995374149659864,286.85544,0.0014412283198907971
3.01859410430839,285.58426,0.0013701647985726595
3.0418140589569163,287.38306,0.0014994614757597446
3.0650340136054424,287.15884,0.0015028505586087704
3.0882539682539685,283.44742,0.0013160211965441704
3.1114739229024946,280.10648,0.0011268735397607088
3.1346938775510207,276.68326,0.0009522180771455169
3.1579138321995464,271.0128,0.000825121474917978
3.1811337868480725,263.80353,0.0005547238979488611
3.2043537414965986,256.03027,0.0004533102619461715
3.2275736961451247,251.10416,0.0004969985457137227
3.250793650793651,253.07828,0.000463181990198791
3.274013605442177,256.0723,0.00037688546581193805
3.297233560090703,256.08966,0.0003947631048504263
3.320453514739229,254.32878,0.00042843527626246214
3.3436734693877552,251.07002,0.0005120215355418622
3.3668934240362813,248.88698,0.000560479355044663
3.3901133786848074,247.54205,0.0005735708400607109
3.4133333333333336,244.45248,0.00035321922041475773
3.4365532879818597,240.02557,0.00011188231292180717
3.4597732426303858,229.92073,7.694475789321586e-05
3.4829931972789114,227.9172,7.39457827876322e-05
3.5062131519274375,227.27855,8.040836110012606e-05
3.5294331065759637,227.9683,8.009826706256717e-05
3.5526530612244898,227.65355,7.934193854453042e-05
3.575873015873016,229.60648,0.00010532019950915128
3.599092970521542,234.09206,8.543184958398342e-05
3.622312925170068,236.40016,1.5101923963811714e-05
3.645532879818594,0.0,3.923221811419353e-06
3.6687528344671203,0.0,4.838228051085025e-06
3.6919727891156464,0.0,4.509892278292682e-06
3.7151927437641725,0.0,4.603233719535638e-06
3.7384126984126986,0.0,6.327803930616938e-06
3.7616326530612247,0.0,6.2520557548850775e-06
3.784852607709751,0.0,6.591395504074171e-06
3.8080725623582765,0.0,7.812564035702962e-06
3.8312925170068026,206.81758,1.2430459719325881e-05
3.8545124716553287,203.09935,2.1830293917446397e-05
3.877732426303855,198.06369,3.4491997212171555e-05
3.900952380952381,193.45792,5.471451368066482e-05
3.924172335600907,189.31998,7.348541839746758e-05
3.947392290249433,185.54526,7.085839752107859e-05
3.9706122448979593,182.64154,6.539648165926337e-05
3.9938321995464854,186.13553,5.574336682911962e-05
4.017052154195011,188.14969,6.653838499914855e-05
4.040272108843538,187.92606,0.00010296965047018602
4.063492063492063,188.56334,0.00012310825695749372
4.08671201814059,185.65106,0.0001485289540141821
4.1099319727891155,182.36317,0.0001864246150944382
4.133151927437642,180.38243,0.00019492249703034759
4.156371882086168,177.94678,0.00020427617710083723
4.179591836734694,173.39973,0.00024348823353648186
4.20281179138322,169.215,0.00023025041446089745
4.2260317460317465,166.37666,0.0002195322886109352
4.249251700680272,164.69348,0.00017843153909780085
4.272471655328799,167.17148,0.00014435964112635702
4.295691609977324,169.17468,0.00015005108434706926
4.31891156462585,169.79433,0.00016099736967589706
4.342131519274377,170.22792,0.0002410913584753871
4.365351473922902,168.40256,0.0002504967269487679
4.388571428571429,167.09995,0.00022392687969841063
4.4117913832199545,166.91002,0.00018566078506410122
4.435011337868481,167.64087,0.0001492665323894471
4.458231292517007,167.77647,0.00016185730055440217
4.481451247165533,168.44081,0.0001202933635795489
4.504671201814059,170.44078,0.00012306825374253094
4.527891156462585,171.84291,0.00012294409680180252
4.551111111111111,171.60696,0.00015414945664815605
4.574331065759638,169.06523,0.00017907159053720534
4.597551020408163,167.55702,0.0001649714249651879
4.62077097505669,167.41272,0.00014514446957036853
4.6439909297052155,168.71333,9.660118666943163e-05
4.667210884353741,171.9357,7.263531733769923e-05
4.690430839002268,173.90848,7.526756235165522e-05
4.713650793650793,173.8365,8.726550731807947e-05
4.73687074829932,172.77887,0.00010409887181594968
4.760090702947846,170.45744,0.00010996024502674118
4.783310657596372,168.34236,9.719467925606295e-05
4.806530612244898,166.66206,9.232778393197805e-05
4.829750566893424,165.8095,7.592753536300734e-05
4.85297052154195,168.11183,5.0644390285015106e-05
4.876190476190477,172.64073,4.6883644245099276e-05
4.899410430839002,174.29492,5.135360697750002e-05
4.922630385487529,89.07057,4.6996075980132446e-05
4.9458503401360545,87.40792,4.79673981317319e-05
4.96907029478458,168.45122,4.612112388713285e-05
4.992290249433107,0.0,9.342020348412916e-06
5.015510204081632,0.0,1.973728103621397e-06
5.038730158730159,0.0,6.165724698803388e-06
5.061950113378685,178.30896,1.007399259833619e-05
5.085170068027211,173.6372,1.4839075447525829e-05
5.108390022675737,0.0,4.159219315624796e-06
5.131609977324263,0.0,1.2515156413428485e-06
5.154829931972789,0.0,9.714949555927888e-08
