0.0,0.0,1.2208511179778725e-07
0.023219954648526078,0.0,6.327991286525503e-08
0.046439909297052155,0.0,5.389392754295841e-08
0.06965986394557823,0.0,5.209949449636042e-08
0.09287981859410431,0.0,4.208959580864757e-08
0.11609977324263039,0.0,8.840470400173217e-08
0.13931972789115646,0.0,4.22533048549667e-08
0.16253968253968254,0.0,5.248421075521037e-08
0.18575963718820862,0.0,8.90959199750796e-08
0.2089795918367347,0.0,4.5372871682047844e-08
0.23219954648526078,0.0,7.323342288145795e-08
0.25541950113378686,0.0,8.912502380553633e-08
0.2786394557823129,0.0,1.0776693670777604e-07
0.301859410430839,0.0,8.600000001024455e-08
0.3250793650793651,0.0,1.2968484952580184e-07
0.3482993197278912,360.39508,2.477540692780167e-05
0.37151927437641724,344.76163,0.00012076269194949418
0.3947392290249433,355.73102,0.00017439881048630923
0.4179591836734694,356.65253,0.00018550403183326125
0.44117913832199546,355.93216,0.00018521520541980863
0.46439909297052157,353.31845,0.00018608033133205026
0.4876190476190476,354.11572,0.00020201646839268506
0.5108390022675737,353.83398,0.00021391286281868815
0.5340589569160998,352.11496,0.00023033362231217325
0.5572789115646258,353.79562,0.0002504204458091408
0.5804988662131519,356.00638,0.0002660346799530089
0.603718820861678,357.40076,0.0003252585302107036
0.626938775510204,399.74896,0.0003660623333416879
0.6501587301587302,406.446,0.00032674887916073203
0.6733786848072563,351.63678,0.0003142803907394409
0.6965986394557824,344.833,0.0002624660555738956
0.7198185941043084,339.6975,0.00021349389862734824
0.7430385487528345,339.69662,0.0002531029749661684
0.7662585034013606,347.8348,0.0003882169257849455
0.7894784580498866,417.22433,0.000504534225910902
0.8126984126984127,431.15506,0.000558221829123795
0.8359183673469388,427.49258,0.00033990287920460105
0.8591383219954649,350.24097,0.0002533884544391185
0.8823582766439909,354.8767,0.000241603993345052
0.905578231292517,354.4767,0.00023773868451826274
0.9287981859410431,357.3577,0.00021990484674461186
0.9520181405895691,338.14508,0.00036010853364132345
0.9752380952380952,413.44333,0.0004561363602988422
0.9984580498866213,427.1935,0.0005812441231682897
1.0216780045351475,422.4246,0.0005963140865787864
1.0448979591836736,417.28223,0.0002763281518127769
1.0681179138321997,337.10007,0.0002286566887050867
1.0913378684807256,359.0724,0.00023938683443702757
1.1145578231292517,360.22235,0.0002095536474371329
1.1377777777777778,336.18793,0.0002964788000099361
1.1609977324263039,393.0902,0.0005013612098991871
1.18421768707483,431.84827,0.0005623344331979752
1.207437641723356,429.63638,0.0006127408123575151
1.2306575963718822,422.44742,0.00044999440433457494
1.253877551020408,404.50256,0.00044812809210270643
1.2770975056689342,398.13895,0.0005219548474997282
1.3003174603174603,402.66837,0.000536393781658262
1.3235374149659864,407.33478,0.0005719562759622931
1.3467573696145125,408.31448,0.0005326751270331442
1.3699773242630386,402.47086,0.0003991289995610714
1.3931972789115648,416.56052,0.0003866970364470035
1.4164172335600906,410.49246,0.0008945844019763172
1.4396371882086167,436.29184,0.001068048644810915
1.4628571428571429,455.16507,0.001301281270571053
1.486077097505669,448.33182,0.0010095499455928802
1.509297052154195,434.6918,0.0006523947231471539
1.5325170068027212,487.52557,0.0008224330376833677
1.5557369614512473,495.7183,0.0010429216781631112
1.5789569160997732,518.82526,0.001243217964656651
1.6021768707482993,2260.788,0.0010580196976661682
1.6253968253968254,547.19415,0.0009222249500453472
1.6486167800453515,454.4169,0.0010546287521719933
1.6718367346938776,464.89264,0.0010110700968652964
1.6950566893424037,527.78644,0.0014253065455704927
1.7182766439909298,453.99496,0.0020561099518090487
1.7414965986394557,540.5423,0.001636892557144165
1.7647165532879818,2274.6611,0.0012176713207736611
1.787936507936508,512.2305,0.0012671754229813814
1.811156462585034,523.7827,0.0015722322277724743
1.8343764172335602,2277.7268,0.0014367755502462387
1.8575963718820863,453.7454,0.0015399092808365822
1.8808163265306124,468.9654,0.0012766453437507153
1.9040362811791383,534.59814,0.0015527474461123347
1.9272562358276644,508.56903,0.002236130414530635
1.9504761904761905,2311.1746,0.0012245035031810403
1.9736961451247166,487.53625,0.0007653962820768356
1.9969160997732427,480.01456,0.000644837855361402
2.020136054421769,490.5293,0.001010727253742516
2.043356009070295,527.6086,0.0010952271986752748
2.066575963718821,539.10144,0.0011184688191860914
2.089795918367347,551.0849,0.001001425669528544
2.1130158730158732,553.5414,0.0012185527011752129
2.1362358276643993,520.6164,0.0020832414738833904
2.159455782312925,549.4915,0.002226009499281645
2.182675736961451,2282.7908,0.0020119205582886934
2.2058956916099772,2279.4844,0.001732582226395607
2.2291156462585033,2292.6182,0.0015381874982267618
2.2523356009070294,549.2557,0.001490768976509571
2.2755555555555556,536.12787,0.0013112500309944153
2.2987755102040817,458.3921,0.0013466873206198215
2.3219954648526078,495.31464,0.004774725530296564
2.345215419501134,536.28284,0.01116916909813881
2.36843537414966,556.32745,0.014810952357947826
2.391655328798186,544.84155,0.006415892858058214
2.414875283446712,516.6814,0.003081266302615404
2.4380952380952383,579.1495,0.0036518732085824013
2.4613151927437644,573.07245,0.0035904748365283012
2.48453514739229,571.2992,0.003785909852012992
2.507755102040816,638.1778,0.007401076145470142
2.5309750566893423,665.5674,0.011250495910644531
2.5541950113378684,552.49994,0.011800114065408707
2.5774149659863945,549.4639,0.008907552808523178
2.6006349206349206,693.0022,0.005252995528280735
2.6238548752834467,518.7392,0.002753916196525097
2.647074829931973,592.73236,0.002046440728008747
2.670294784580499,579.3088,0.002101006917655468
2.693514739229025,499.75708,0.0028679221868515015
2.716734693877551,637.9238,0.008655408397316933
2.7399546485260773,541.27527,0.020711060613393784
2.7631746031746034,558.0986,0.032904040068387985
2.7863945578231295,555.2027,0.019834455102682114
2.809614512471655,539.0324,0.006597112864255905
2.8328344671201813,509.5284,0.00318347429856658
2.8560544217687074,577.208,0.0028498955070972443
2.8792743764172335,571.4509,0.0026770150288939476
2.9024943310657596,496.8467,0.0036696477327495813
2.9257142857142857,527.6133,0.010652270168066025
2.948934240362812,551.15967,0.01584828644990921
2.972154195011338,559.0673,0.015519351698458195
2.995374149659864,549.6619,0.006596825551241636
3.01859410430839,658.42377,0.003956381697207689
3.0418140589569163,601.53906,0.003397274063900113
3.0650340136054424,598.0198,0.00386295048519969
3.0882539682539685,513.44116,0.0061472621746361256
3.1114739229024946,658.5348,0.00778928492218256
3.1346938775510207,673.79425,0.006641076877713203
3.1579138321995464,687.8779,0.005098876543343067
3.1811337868480725,684.0359,0.0049763331189751625
3.2043537414965986,678.43646,0.005555439740419388
3.2275736961451247,557.12415,0.006770825944840908
3.250793650793651,591.3521,0.009537950158119202
3.274013605442177,665.83344,0.021942168474197388
3.297233560090703,704.3576,0.02888624742627144
3.320453514739229,718.95233,0.04136437922716141
3.3436734693877552,703.4899,0.03182694688439369
3.3668934240362813,679.1619,0.01922190561890602
3.3901133786848074,675.0625,0.03205825015902519
3.4133333333333336,684.30426,0.04480716586112976
3.4365532879818597,692.2262,0.06065211445093155
3.4597732426303858,706.4223,0.04562516137957573
3.4829931972789114,720.9025,0.05092720687389374
3.5062131519274375,735.9869,0.05593504756689072
3.5294331065759637,740.80005,0.076621875166893
3.5526530612244898,724.54846,0.06917273998260498
3.575873015873016,691.002,0.01627061888575554
3.599092970521542,652.3795,0.013599790632724762
3.622312925170068,645.4722,0.015131370164453983
3.645532879818594,658.3762,0.03693491220474243
3.6687528344671203,691.4961,0.08826734125614166
3.6919727891156464,722.0139,0.07814252376556396
3.7151927437641725,734.7091,0.07995374500751495
3.7384126984126986,727.1235,0.07573269307613373
3.7616326530612247,699.29065,0.019409293308854103
3.784852607709751,651.59436,0.012594584375619888
3.8080725623582765,957.47284,0.011389382183551788
3.8312925170068026,952.27203,0.017962846904993057
3.8545124716553287,672.4201,0.0669025257229805
3.877732426303855,720.08295,0.06283199787139893
3.900952380952381,744.9741,0.058179765939712524
3.924172335600907,735.0272,0.05787409842014313
3.947392290249433,702.17474,0.02158408984541893
3.9706122448979593,659.63385,0.014393994584679604
3.9938321995464854,644.63336,0.015529260039329529
4.017052154195011,655.2533,0.04401231184601784
4.040272108843538,691.647,0.09927107393741608
4.063492063492063,725.9882,0.0711042508482933
4.08671201814059,740.79663,0.04642082378268242
4.1099319727891155,721.30817,0.022796912118792534
4.133151927437642,678.6038,0.008801443502306938
4.156371882086168,658.70294,0.01245969906449318
4.179591836734694,670.97064,0.02906973287463188
4.20281179138322,699.0574,0.046088311821222305
4.2260317460317465,716.5044,0.042345982044935226
4.249251700680272,697.75134,0.012053215876221657
4.272471655328799,642.2158,0.004705748520791531
4.295691609977324,560.4857,0.0018284253310412169
4.31891156462585,521.3123,0.0018812671769410372
4.342131519274377,531.9711,0.003546985797584057
4.365351473922902,557.3034,0.00537080829963088
4.388571428571429,564.0248,0.004071690142154694
4.4117913832199545,550.23346,0.001813222304917872
4.435011337868481,663.732,0.00182635139208287
4.458231292517007,1012.23596,0.0010352813405916095
4.481451247165533,605.9163,0.0012065385235473514
4.504671201814059,607.3247,0.0019044321961700916
4.527891156462585,2159.9194,0.0022879289463162422
4.551111111111111,538.7339,0.0047836825251579285
4.574331065759638,567.9305,0.0051749227568507195
4.597551020408163,569.08966,0.0041288756765425205
4.62077097505669,549.0689,0.0026298777665942907
4.6439909297052155,2183.7668,0.0019778083078563213
4.667210884353741,992.14514,0.0016860307659953833
4.690430839002268,593.6808,0.002285109832882881
4.713650793650793,2116.0198,0.002312879543751478
4.73687074829932,2166.85,0.002536938525736332
4.760090702947846,549.9483,0.0040866476483643055
4.783310657596372,564.20844,0.004602567292749882
4.806530612244898,558.59814,0.0032406689133495092
4.829750566893424,679.7944,0.0033347122371196747
4.85297052154195,2142.7996,0.0021249335259199142
4.876190476190477,2112.0122,0.0018121219472959638
4.899410430839002,637.9215,0.002545613329857588
4.922630385487529,2099.2214,0.0027038510888814926
4.9458503401360545,2143.8723,0.0030298137571662664
4.96907029478458,546.5939,0.005144537426531315
4.992290249433107,560.69464,0.005782424006611109
5.015510204081632,554.6658,0.003350671147927642
5.038730158730159,682.199,0.003286242950707674
5.061950113378685,2183.5488,0.0032748510129749775
5.085170068027211,2115.2153,0.00320198992267251
5.108390022675737,2127.9678,0.003297181334346533
5.131609977324263,2154.5627,0.00309901125729084
5.154829931972789,675.70526,0.0038512181490659714
5.178049886621316,551.7008,0.004622113890945911
5.201269841269841,551.36096,0.0035456358455121517
5.224489795918368,695.2462,0.003526299726217985
5.2477097505668935,694.0919,0.003387515665963292
5.27092970521542,688.03064,0.0032165825832635164
5.294149659863946,673.76495,0.0036971336230635643
5.317369614512471,538.1817,0.0039224145002663136
5.340589569160998,678.4979,0.003315528854727745
5.363809523809524,667.11,0.0015725410776212811
5.38702947845805,555.01965,0.0014642452588304877
5.410249433106576,539.6162,0.001432901481166482
5.433469387755102,527.8566,0.0012555478606373072
5.456689342403628,457.39478,0.0009153175633400679
5.479909297052155,459.5382,0.0008908821037039161
5.50312925170068,453.8492,0.0009585279040038586
5.526349206349207,541.70197,0.0008468729211017489
5.5495691609977325,542.93677,0.0008194977417588234
5.572789115646259,544.5301,0.0007283977465704083
5.596009070294785,444.8195,0.0007225265144370496
5.61922902494331,446.71872,0.0007525926339440048
5.642448979591837,449.88812,0.0008062396664172411
5.6656689342403626,452.9936,0.0008208116050809622
5.688888888888889,453.00864,0.0008522862335667014
5.712108843537415,447.91193,0.0008383196545764804
5.735328798185941,531.70703,0.0008058256935328245
5.758548752834467,2250.8948,0.000833013909868896
5.7817687074829935,2244.7903,0.0007804645574651659
5.804988662131519,527.55066,0.0007669535698369145
5.828208616780046,536.42017,0.0006137258606031537
5.851428571428571,454.17615,0.0006352093769237399
5.874648526077098,541.4541,0.0005809772410430014
5.897868480725624,559.21655,0.0005693149287253618
5.92108843537415,538.10986,0.000926955952309072
5.944308390022676,533.55676,0.0009039340075105429
5.9675283446712015,2225.8042,0.0009591246489435434
5.990748299319728,2214.9355,0.0008181072771549225
6.013968253968254,2209.638,0.0006455270340666175
6.03718820861678,540.2232,0.0006526547949761152
6.060408163265306,546.22546,0.0005668296944350004
6.0836281179138325,562.85736,0.000598178303334862
6.106848072562358,550.26324,0.0009561325423419476
6.130068027210885,539.3318,0.0009119365131482482
6.15328798185941,2171.461,0.0009016733965836465
6.176507936507937,2161.134,0.0006377375684678555
6.199727891156463,2184.6746,0.0005458394880406559
6.222947845804989,536.1943,0.0005290203262120485
6.246167800453515,458.31723,0.0005057059461250901
6.269387755102041,544.689,0.0004558710497803986
6.292607709750567,457.62918,0.0006785495206713676
6.315827664399093,537.5763,0.0006421887082979083
6.339047619047619,2192.9856,0.0006990511901676655
6.362267573696145,2228.2717,0.0006193448789417744
6.3854875283446715,538.05316,0.0004804446652997285
6.408707482993197,449.03336,0.0006531276740133762
6.431927437641724,450.30365,0.0007335039554163814
6.455147392290249,517.53595,0.0008525020675733685
6.478367346938776,2233.4683,0.000531983794644475
6.501587301587302,472.28415,0.00041348024387843907
6.524807256235828,416.32706,0.0001755316334310919
6.548027210884354,337.5165,0.00016322461306117475
6.57124716553288,343.09186,0.0001863099168986082
6.594467120181406,350.1296,0.0001933171006385237
6.617687074829932,408.26685,0.00018639043264556676
6.640907029478458,416.3433,0.00016248278552666306
6.664126984126984,416.59427,0.00015887393965385854
6.6873469387755105,414.93274,0.0001571716129546985
6.710566893424036,404.35934,0.00016860217147041112
6.733786848072563,399.2671,0.0001724201865727082
6.757006802721088,401.92096,0.00018210310372523963
6.780226757369615,407.31714,0.00018084891780745238
6.8034467120181406,413.2899,0.00017316071898676455
6.826666666666667,417.70865,0.00018017939873971045
6.849886621315193,413.792,0.00018228121916763484
6.873106575963719,397.11066,0.00013248143659438938
6.896326530612245,330.73468,0.00013556587509810925
6.9195464852607715,326.46387,0.00011917205119971186
6.942766439909297,332.67105,0.00011134636588394642
6.965986394557823,349.3222,0.0001346191274933517
6.989206349206349,362.89575,0.00014711165567860007
7.012426303854875,370.3818,0.0001969565055333078
7.035646258503402,364.61038,0.0001747288042679429
7.058866213151927,355.44986,0.0001320526353083551
7.082086167800454,344.40643,0.00012664400856010616
7.1053061224489795,338.95212,0.00010008022945839912
7.128526077097506,339.73376,9.224740642821416e-05
7.151746031746032,346.43503,9.659674833528697e-05
7.174965986394558,358.27795,8.05948511697352e-05
7.198185941043084,370.94968,7.543895480921492e-05
7.2214058956916105,374.06558,8.156968397088349e-05
7.244625850340136,368.23608,8.38149426272139e-05
7.267845804988662,354.4361,5.5893546232255176e-05
7.291065759637188,333.44485,4.6103697968646884e-05
7.314285714285714,329.37497,3.4157968912040815e-05
7.337505668934241,335.64005,2.453942761349026e-05
7.360725623582766,344.8614,2.5105840904871002e-05
7.383945578231293,361.161,2.9820341296726838e-05
7.4071655328798185,369.884,4.183901910437271e-05
7.430385487528345,365.32056,2.9582497518276796e-05
7.453605442176871,349.47882,2.313035656698048e-05
7.476825396825397,334.70715,2.104166560457088e-05
7.500045351473923,342.91687,3.2886462577153e-05
7.5232653061224495,365.31912,5.0145332352258265e-05
7.546485260770975,370.98444,2.447935003146995e-05
7.569705215419502,0.0,1.0505173122510314e-06
7.592925170068027,0.0,2.979022610816173e-07
7.616145124716553,0.0,2.2457606974057853e-07
7.63936507936508,0.0,1.4349552657222375e-07
7.662585034013605,0.0,8.928964234655723e-08
7.685804988662132,0.0,1.164662535302341e-07
7.7090249433106575,0.0,1.8009905033977702e-07
7.732244897959184,0.0,1.1677639122353867e-07
7.75546485260771,0.0,1.266998879145831e-07
7.778684807256236,0.0,1.5230398275889456e-07
7.801904761904762,0.0,1.807411535992287e-07
7.8251247165532885,0.0,1.2588770914589986e-07
7.848344671201814,0.0,8.01292117103003e-08
7.871564625850341,0.0,4.583853296935558e-08
7.894784580498866,0.0,3.8779035094194114e-08
7.918004535147393,0.0,7.701873983023688e-08
7.9412244897959186,0.0,5.4865267884451896e-08
7.964444444444444,0.0,7.573271432192996e-08
7.987664399092971,0.0,6.165282684378326e-08
8.010884353741497,0.0,3.078639565501362e-09
