0.0,0.0,1.2427244655555114e-07
0.023219954648526078,0.0,1.6005469660740346e-07
0.046439909297052155,0.0,1.7414913600077853e-07
0.06965986394557823,0.0,2.3484517441829666e-07
0.09287981859410431,0.0,6.323898560367525e-08
0.11609977324263039,0.0,2.376527845626697e-07
0.13931972789115646,0.0,1.942671588039957e-07
0.16253968253968254,0.0,1.7679121810942888e-07
0.18575963718820862,0.0,1.5677505871281028e-07
0.2089795918367347,0.0,1.0530766303418204e-07
0.23219954648526078,0.0,3.944933268940076e-08
0.25541950113378686,0.0,1.7376078176312149e-07
0.2786394557823129,0.0,1.6685771697666496e-07
0.301859410430839,0.0,9.509403753327206e-08
0.3250793650793651,0.0,1.7586626199772581e-07
0.3482993197278912,0.0,2.1328014554455876e-07
0.37151927437641724,0.0,2.045010660367552e-06
0.3947392290249433,25166.557,0.00021999928867444396
0.4179591836734694,279.14285,0.00044315584818832576
0.44117913832199546,283.11984,0.0004797723377123475
0.46439909297052157,286.33926,0.000534003833308816
0.4876190476190476,286.94855,0.0005267751985229552
0.5108390022675737,287.47913,0.0005502096610143781
0.5340589569160998,286.19943,0.0007378680165857077
0.5572789115646258,281.05725,0.0007589270826429129
0.5804988662131519,553.7531,0.000615158467553556
0.603718820861678,266.15015,0.0006028075003996491
0.626938775510204,536.39276,0.0005909649189561605
0.6501587301587302,537.69183,0.0006876221741549671
0.6733786848072563,550.66437,0.0007444835500791669
0.6965986394557824,543.1742,0.0009046160848811269
0.7198185941043084,556.9844,0.0009908108040690422
0.7430385487528345,556.9142,0.0009373577777296305
0.7662585034013606,544.84955,0.0007844122592359781
0.7894784580498866,269.16022,0.0007156931096687913
0.8126984126984127,266.99374,0.0006263438845053315
0.8359183673469388,266.24304,0.0007245392771437764
0.8591383219954649,539.5788,0.001037410693243146
0.8823582766439909,565.7432,0.0012206819374114275
0.905578231292517,569.5015,0.0014559886185452342
0.9287981859410431,575.8372,0.001382726477459073
0.9520181405895691,561.6055,0.0013496587052941322
0.9752380952380952,563.08496,0.001048741745762527
0.9984580498866213,561.0594,0.0008270246908068657
1.0216780045351475,293.95007,0.000571233918890357
1.0448979591836736,314.9278,0.0006739014061167836
1.0681179138321997,330.90112,0.0008680357132107019
1.0913378684807256,333.51938,0.0009216626640409231
1.1145578231292517,323.8141,0.00109087023884058
1.1377777777777778,308.66617,0.001231954898685217
1.1609977324263039,603.4746,0.0010704107116907835
1.18421768707483,292.05737,0.000959907949436456
1.207437641723356,300.68137,0.0009662816300988197
1.2306575963718822,315.55862,0.0010521826334297657
1.253877551020408,330.30624,0.001094380160793662
1.2770975056689342,331.4676,0.0012079644948244095
1.3003174603174603,324.01047,0.001642361981794238
1.3235374149659864,476.3776,0.0017473087646067142
1.3467573696145125,299.65976,0.0011081565171480179
1.3699773242630386,291.31873,0.0010699017439037561
1.3931972789115648,290.1339,0.0009726259158924222
1.4164172335600906,299.49725,0.0011025809217244387
1.4396371882086167,311.85883,0.0008917152881622314
1.4628571428571429,323.61,0.0010520231444388628
1.486077097505669,324.60712,0.0011827123817056417
1.509297052154195,317.81943,0.0011273326817899942
1.5325170068027212,312.72433,0.0010597298387438059
1.5557369614512473,307.9344,0.0009522017207928002
1.5789569160997732,303.34485,0.0007555452175438404
1.6021768707482993,309.4301,0.0006894607795402408
1.6253968253968254,330.84375,0.0007771995151415467
1.6486167800453515,359.34738,0.0011899844976142049
1.6718367346938776,757.08484,0.0014760995982214808
1.6950566893424037,736.3803,0.0016866144724190235
1.7182766439909298,353.05472,0.001820452744141221
1.7414965986394557,335.29083,0.001589165534824133
1.7647165532879818,952.1381,0.0013926259707659483
1.787936507936508,953.0535,0.0013832947006449103
1.811156462585034,337.67853,0.001488002948462963
1.8343764172335602,776.27997,0.0014748787507414818
1.8575963718820863,785.5885,0.001795498188585043
1.8808163265306124,742.4239,0.001964754890650511
1.9040362811791383,786.64825,0.0024186307564377785
1.9272562358276644,339.1845,0.0024596876464784145
1.9504761904761905,953.71814,0.0018032194348052144
1.9736961451247166,929.8749,0.0013832389377057552
1.9969160997732427,317.63644,0.0012181850615888834
2.020136054421769,959.26294,0.0012322613038122654
2.043356009070295,349.03644,0.0011143432930111885
2.066575963718821,802.4545,0.0013567977584898472
2.089795918367347,781.32904,0.001648645382374525
2.1130158730158732,802.04675,0.0018847932806238532
2.1362358276643993,955.00574,0.001747056026943028
2.159455782312925,946.2745,0.0012714671902358532
2.182675736961451,951.6767,0.001006642240099609
2.2058956916099772,349.5186,0.0007027089595794678
2.2291156462585033,367.37497,0.0007602181285619736
2.2523356009070294,777.4892,0.000987671548500657
2.2755555555555556,787.94543,0.001197410048916936
2.2987755102040817,771.7211,0.0015809435863047838
2.3219954648526078,364.7631,0.0018959807930514216
2.345215419501134,996.1914,0.0018093811813741922
2.36843537414966,958.5043,0.0013886458473280072
2.391655328798186,961.56006,0.001119010616093874
2.414875283446712,351.22464,0.0009246563422493637
2.4380952380952383,758.3269,0.0010680025443434715
2.4613151927437644,779.8196,0.0015337546356022358
2.48453514739229,787.696,0.0015190803678706288
2.507755102040816,768.2773,0.0020268375519663095
2.5309750566893423,360.63992,0.002575493650510907
2.5541950113378684,990.83923,0.0020892168395221233
2.5774149659863945,961.8259,0.0016550670843571424
2.6006349206349206,971.07886,0.001265686354599893
2.6238548752834467,361.41504,0.0012978945160284638
2.647074829931973,759.18054,0.0012925973860546947
2.670294784580499,775.3137,0.0013412311673164368
2.693514739229025,761.1063,0.0016969337593764067
2.716734693877551,756.8385,0.0016705648740753531
2.7399546485260773,361.3053,0.0015433419030159712
2.7631746031746034,361.37558,0.0011651802342385054
2.7863945578231295,739.26434,0.0009410642087459564
2.809614512471655,773.094,0.001105811446905136
2.8328344671201813,806.3145,0.001431802287697792
2.8560544217687074,886.3417,0.0021445946767926216
2.8792743764172335,910.58936,0.002522455295547843
2.9024943310657596,802.30774,0.002608673647046089
2.9257142857142857,773.5119,0.0025495868176221848
2.948934240362812,369.6188,0.0024498626589775085
2.972154195011338,366.12912,0.001657221931964159
2.995374149659864,375.8392,0.0013754284009337425
3.01859410430839,791.77673,0.00219943025149405
3.0418140589569163,894.7219,0.003635090310126543
3.0650340136054424,882.9931,0.0052623450756073
3.0882539682539685,884.1049,0.004682081751525402
3.1114739229024946,907.44293,0.0033850036561489105
3.1346938775510207,787.6182,0.0019259724067524076
3.1579138321995464,373.44467,0.0018480520229786634
3.1811337868480725,369.35422,0.0016066269017755985
3.2043537414965986,766.5584,0.0032136584632098675
3.2275736961451247,806.6305,0.005290571600198746
3.250793650793651,916.37067,0.0063067832961678505
3.274013605442177,929.9642,0.005188638344407082
3.297233560090703,882.6296,0.00365053815767169
3.320453514739229,803.2729,0.002858211286365986
3.3436734693877552,788.45874,0.0019929264672100544
3.3668934240362813,792.1858,0.002076819771900773
3.3901133786848074,813.25366,0.0027834295760840178
3.4133333333333336,943.9211,0.00377200567163527
3.4365532879818597,988.91223,0.004427654668688774
3.4597732426303858,925.0282,0.004679680336266756
3.4829931972789114,975.0618,0.0047295475378632545
3.5062131519274375,951.8808,0.003959322348237038
3.5294331065759637,927.9821,0.0026218905113637447
3.5526530612244898,910.0527,0.0020358460023999214
3.575873015873016,911.5579,0.0019745242316275835
3.599092970521542,938.8483,0.003939635120332241
3.622312925170068,944.06946,0.007681211456656456
3.645532879818594,964.4074,0.008128797635436058
3.6687528344671203,954.2243,0.005597395822405815
3.6919727891156464,927.0077,0.004376024007797241
3.7151927437641725,923.6451,0.002952219219878316
3.7384126984126986,886.47833,0.002522445982322097
3.7616326530612247,874.36975,0.0026748499367386103
3.784852607709751,901.3935,0.004228084813803434
3.8080725623582765,948.0553,0.009104318916797638
3.8312925170068026,971.08307,0.012817763723433018
3.8545124716553287,972.38617,0.0069341398775577545
3.877732426303855,949.415,0.003947265911847353
3.900952380952381,956.0982,0.0023249834775924683
3.924172335600907,442.26794,0.0019495019223541021
3.947392290249433,963.52856,0.0045827459543943405
3.9706122448979593,987.3101,0.02557634562253952
3.9938321995464854,1068.7327,0.04228764399886131
4.017052154195011,1097.3811,0.05092453211545944
4.040272108843538,1098.1316,0.050252825021743774
4.063492063492063,1059.6329,0.008531078696250916
4.08671201814059,985.553,0.0045372601598501205
4.1099319727891155,948.0647,0.0032658586278557777
4.133151927437642,945.6512,0.006334506906569004
4.156371882086168,995.66016,0.03069360926747322
4.179591836734694,1060.0367,0.04705572873353958
4.20281179138322,1086.7059,0.04621580243110657
4.2260317460317465,1092.1943,0.06917798519134521
4.249251700680272,1071.3053,0.03044576570391655
4.272471655328799,1036.7723,0.006442559417337179
4.295691609977324,962.8769,0.003924451768398285
4.31891156462585,949.0955,0.007672187872231007
4.342131519274377,1004.07544,0.039599597454071045
4.365351473922902,1070.2955,0.036954253911972046
4.388571428571429,1131.2124,0.03780487924814224
4.4117913832199545,1157.9058,0.05713901296257973
4.435011337868481,1118.6796,0.04250573366880417
4.458231292517007,1070.092,0.005236680619418621
4.481451247165533,984.1598,0.004214470274746418
4.504671201814059,984.15295,0.012063266709446907
4.527891156462585,1052.0814,0.03430221229791641
4.551111111111111,1113.8854,0.04023751616477966
4.574331065759638,1161.7694,0.03736354038119316
4.597551020408163,1174.1534,0.0596693679690361
4.62077097505669,1131.7129,0.047346532344818115
4.6439909297052155,1077.9731,0.007314111106097698
4.667210884353741,1009.4161,0.0045185936614871025
4.690430839002268,998.15955,0.006023061461746693
4.713650793650793,1019.4454,0.024147825315594673
4.73687074829932,1076.333,0.029701542109251022
4.760090702947846,1119.9795,0.032686151564121246
4.783310657596372,1145.3674,0.04132705554366112
4.806530612244898,1132.658,0.04442891478538513
4.829750566893424,1096.7416,0.015801265835762024
4.85297052154195,1051.2623,0.0039923363365232944
4.876190476190477,984.9478,0.003999313339591026
4.899410430839002,994.88794,0.012103856541216373
4.922630385487529,1058.7123,0.030962446704506874
4.9458503401360545,1113.7135,0.02829323150217533
4.96907029478458,573.3477,0.033264704048633575
4.992290249433107,1147.298,0.048715997487306595
5.015510204081632,1123.3573,0.03985965996980667
5.038730158730159,1088.648,0.011708294972777367
5.061950113378685,1039.8973,0.013362935744225979
5.085170068027211,1063.6908,0.033257562667131424
5.108390022675737,1132.2161,0.026604438200592995
5.131609977324263,1205.3656,0.021061759442090988
5.154829931972789,650.0086,0.03034510463476181
5.178049886621316,648.9755,0.03391384333372116
5.201269841269841,1260.2356,0.08690523356199265
5.224489795918368,1192.3519,0.06461048126220703
5.2477097505668935,1163.973,0.04201815649867058
5.27092970521542,1150.8612,0.05130571871995926
5.294149659863946,1186.5559,0.028388656675815582
5.317369614512471,615.5038,0.0223185233771801
5.340589569160998,653.02936,0.037246331572532654
5.363809523809524,656.67456,0.03058619424700737
5.38702947845805,632.48804,0.07144546508789062
5.410249433106576,1208.0884,0.08162058144807816
5.433469387755102,1175.7993,0.04089035093784332
5.456689342403628,1142.325,0.04743674024939537
5.479909297052155,1170.5599,0.030058765783905983
5.50312925170068,1210.513,0.013467900454998016
5.526349206349207,641.51874,0.018488632515072823
5.5495691609977325,648.6436,0.0165523961186409
5.572789115646259,633.1362,0.03903774172067642
5.596009070294785,1234.0103,0.0747966319322586
5.61922902494331,1204.2429,0.030187610536813736
5.642448979591837,1174.5446,0.02573477290570736
5.6656689342403626,1169.618,0.04500356316566467
5.688888888888889,1226.857,0.04351806640625
5.712108843537415,1272.1389,0.02948140539228916
5.735328798185941,1282.9653,0.07042639702558517
5.758548752834467,1231.8888,0.030278565362095833
5.7817687074829935,1147.896,0.015366164967417717
5.804988662131519,1078.6233,0.020314622670412064
5.828208616780046,1098.4904,0.055926233530044556
5.851428571428571,1145.215,0.07537194341421127
5.874648526077098,1150.9845,0.0564015693962574
5.897868480725624,1136.5746,0.031391292810440063
5.92108843537415,1106.7975,0.011032553389668465
5.944308390022676,1043.6566,0.00584159092977643
5.9675283446712015,1021.8679,0.008825341239571571
5.990748299319728,1043.3778,0.02394734136760235
6.013968253968254,1094.1655,0.028115015476942062
6.03718820861678,1141.8406,0.021451201289892197
6.060408163265306,1168.7653,0.027701595798134804
6.0836281179138325,1143.1605,0.03839808329939842
6.106848072562358,1113.4133,0.018452171236276627
6.130068027210885,1051.7776,0.007167111616581678
6.15328798185941,1009.10645,0.008973651565611362
6.176507936507937,1023.6872,0.02541167661547661
6.199727891156463,1074.761,0.03267614543437958
6.222947845804989,1115.8505,0.03370533138513565
6.246167800453515,1136.0416,0.03473149240016937
6.269387755102041,1125.0388,0.03840341046452522
6.292607709750567,1098.0122,0.034542106091976166
6.315827664399093,1056.1362,0.013507951982319355
6.339047619047619,1026.5719,0.01652662269771099
6.362267573696145,1041.4763,0.027854636311531067
6.3854875283446715,1063.9762,0.043250761926174164
6.408707482993197,1077.2831,0.04833062365651131
6.431927437641724,1075.1786,0.04453802853822708
6.455147392290249,1077.0336,0.03172895312309265
6.478367346938776,1056.9807,0.013767577707767487
6.501587301587302,1033.0433,0.00739275524392724
6.524807256235828,1007.9576,0.0068872603587806225
6.548027210884354,1007.97656,0.01091479416936636
6.57124716553288,1030.4636,0.028128109872341156
6.594467120181406,1060.2976,0.036052245646715164
6.617687074829932,1084.089,0.031940214335918427
6.640907029478458,1089.3369,0.04233875125646591
6.664126984126984,1076.9183,0.03298623114824295
6.6873469387755105,1046.29,0.005858017131686211
6.710566893424036,969.0543,0.004520310088992119
6.733786848072563,952.91406,0.005593664012849331
6.757006802721088,969.4464,0.011798055842518806
6.780226757369615,1023.27905,0.03132612258195877
6.8034467120181406,1054.0653,0.03846098482608795
6.826666666666667,1067.6523,0.04200120270252228
6.849886621315193,1066.128,0.031505607068538666
6.873106575963719,1046.6703,0.012477327138185501
6.896326530612245,1015.1126,0.012444942258298397
6.9195464852607715,1023.84863,0.024393750354647636
6.942766439909297,1039.7015,0.03127127140760422
6.965986394557823,1038.9414,0.01467855367809534
6.989206349206349,1009.9722,0.00728426082059741
7.012426303854875,949.32336,0.004996167495846748
7.035646258503402,915.47284,0.00452948734164238
7.058866213151927,931.39606,0.004909017123281956
7.082086167800454,927.9989,0.00542694516479969
7.1053061224489795,946.2663,0.00481804646551609
7.128526077097506,943.7506,0.0039596399292349815
7.151746031746032,928.52075,0.002754504792392254
7.174965986394558,895.631,0.002197102177888155
7.198185941043084,885.1767,0.0021622779313474894
7.2214058956916105,897.5807,0.002628506626933813
7.244625850340136,917.7241,0.0045415181666612625
7.267845804988662,950.0578,0.007786025758832693
7.291065759637188,967.1824,0.0070983292534947395
7.314285714285714,955.656,0.00401491392403841
7.337505668934241,928.9232,0.002149114618077874
7.360725623582766,885.47015,0.0014351767022162676
7.383945578231293,868.69934,0.0012864409945905209
7.4071655328798185,862.73065,0.0011459942907094955
7.430385487528345,874.25684,0.0013768782373517752
7.453605442176871,914.402,0.0023872824385762215
7.476825396825397,939.25195,0.0027423130813986063
7.500045351473923,936.68225,0.0016254634829238057
7.5232653061224495,908.2638,0.0010310534853488207
7.546485260770975,888.0871,0.0007192464545369148
7.569705215419502,803.8587,0.0006595893646590412
7.592925170068027,800.005,0.0007648186292499304
7.616145124716553,817.2184,0.0007450620760209858
7.63936507936508,877.9907,0.0007912622531875968
7.662585034013605,862.5204,0.0007854130817577243
7.685804988662132,833.2588,0.0005173360696062446
7.7090249433106575,806.25665,0.00037645938573405147
7.732244897959184,436.43716,0.0002573056844994426
7.75546485260771,434.2092,0.0003267730353400111
7.778684807256236,792.7536,0.000555985199753195
7.801904761904762,828.57904,0.0007074138848111033
7.8251247165532885,872.0517,0.000788829056546092
7.848344671201814,867.79126,0.0007680593989789486
7.871564625850341,841.51227,0.0005818044883199036
7.894784580498866,812.25366,0.0004928986309096217
7.918004535147393,790.92145,0.0004585688002407551
7.9412244897959186,791.2129,0.0005593312671408057
7.964444444444444,803.83435,0.0006504461634904146
7.987664399092971,824.60614,0.0007954408065415919
8.010884353741497,873.51355,0.0008806266123428941
8.034104308390022,896.5738,0.0008677996229380369
8.057324263038549,837.6923,0.0007626929436810315
8.080544217687075,813.0781,0.0007108955760486424
8.103764172335602,810.38794,0.0007744761533103883
8.126984126984127,818.4474,0.0008403376559726894
8.150204081632653,875.22406,0.0009492455283179879
8.17342403628118,879.2062,0.0008817170164547861
8.196643990929706,824.0028,0.000712082430254668
8.219863945578231,796.56604,0.00041296123526990414
8.243083900226758,374.3531,0.00045460526598617435
8.266303854875284,359.7703,0.00032697629649192095
8.289523809523809,357.58023,0.0002817149506881833
8.312743764172335,366.78552,0.000278750027064234
8.335963718820862,374.0131,0.0003236319462303072
8.359183673469389,378.46695,0.0003109350800514221
8.382403628117913,376.63086,0.00039362962706945837
8.40562358276644,368.62515,0.00039510353235527873
8.428843537414966,356.43668,0.0003072803665418178
8.452063492063493,351.94916,0.00033956902916543186
8.475283446712018,354.65182,0.0003249385626986623
8.498503401360544,366.1765,0.0003650747530627996
8.52172335600907,378.0609,0.0004110623267479241
8.544943310657597,384.10883,0.0003823883307632059
8.568163265306122,415.1803,0.00044679734855890274
8.591383219954649,370.56708,0.0005459958920255303
8.614603174603175,355.08725,0.0004749622312374413
8.6378231292517,348.3508,0.0004598491359502077
8.661043083900227,349.7703,0.0003828437183983624
8.684263038548753,358.03287,0.00037455151323229074
8.70748299319728,371.8728,0.0003999911714345217
8.730702947845804,379.50122,0.0004124502884224057
8.753922902494331,375.42798,0.0005059816176071763
8.777142857142858,363.678,0.0004755781264975667
8.800362811791384,345.49826,0.0005612362292595208
8.823582766439909,344.96655,0.0004992687609046698
8.846802721088435,349.65005,0.0004404290812090039
8.870022675736962,358.42908,0.0004243298899382353
8.893242630385489,363.52213,0.0003950848476961255
8.916462585034013,360.40503,0.00037851292290724814
8.93968253968254,355.7471,0.00043605384416878223
8.962902494331066,349.58017,0.0004906471585854888
8.986122448979591,342.2403,0.0003883335448335856
9.009342403628118,340.18097,0.00032013014424592257
9.032562358276644,344.54172,0.00030866896850056946
9.05578231292517,356.23856,0.0003703549737110734
9.079002267573696,369.1698,0.0004411728587001562
9.102222222222222,370.69876,0.0004963531973771751
9.125442176870749,362.0544,0.0004317341954447329
9.148662131519275,346.03503,0.0005118489498272538
9.1718820861678,504.13174,0.00040737006929703057
9.195102040816327,501.29086,0.00030566047644242644
9.218321995464853,338.9103,0.00026650974177755415
9.24154195011338,347.7799,0.00027577084256336093
9.264761904761905,354.6387,0.00028287596069276333
9.287981859410431,353.9871,0.00028308798209764063
9.311201814058958,345.68347,0.0002953949442598969
9.334421768707482,331.65152,0.0005604316247627139
9.357641723356009,983.66565,0.000729872437659651
9.380861678004536,459.90204,0.0006829279009252787
9.404081632653062,305.8616,0.0006517142755910754
9.427301587301587,457.56305,0.0006500602466985583
9.450521541950113,971.51196,0.0005960200796835124
9.47374149659864,980.8197,0.0005721118068322539
9.496961451247167,976.4288,0.0004997086944058537
9.520181405895691,456.6185,0.0004692912916652858
9.543401360544218,455.30423,0.0003879093856085092
9.566621315192744,305.44806,0.00034532963763922453
9.58984126984127,306.40616,0.0003757368540391326
9.613061224489796,457.61792,0.0004739972355309874
9.636281179138322,473.01773,0.000528554548509419
9.659501133786849,480.2043,0.0005876524373888969
9.682721088435374,480.09866,0.0007523383246734738
9.7059410430839,972.52277,0.0005136750405654311
9.729160997732427,300.40912,0.00041245410102419555
9.752380952380953,297.37195,0.0004037236503791064
9.775600907029478,301.9094,0.0004338597063906491
9.798820861678005,462.97852,0.0005217386060394347
9.822040816326531,988.63214,0.0006145499646663666
9.845260770975058,984.2461,0.0006602264475077391
9.868480725623582,974.85077,0.0005906516453251243
9.891700680272109,302.6393,0.0005467056762427092
9.914920634920636,297.21204,0.0006775833899155259
9.93814058956916,298.4025,0.0007166903233155608
9.961360544217687,301.0356,0.0006206271355040371
9.984580498866213,307.31503,0.0006332392804324627
10.00780045351474,305.6112,0.0007098838686943054
10.031020408163265,294.13095,0.0007745637558400631
10.054240362811791,278.60458,0.0006594147998839617
10.077460317460318,265.92908,0.0004445176455192268
10.100680272108844,263.27853,0.00038729188963770866
10.12390022675737,266.3507,0.00041293364483863115
10.147120181405896,270.13397,0.00041220057755708694
10.170340136054422,273.01328,0.0004222852294333279
10.193560090702949,271.71808,0.0004005729570053518
10.216780045351474,268.97043,0.00036054308293387294
10.24,265.96344,0.0003372255596332252
10.263219954648527,264.49582,0.00033734628232195973
10.286439909297052,265.51184,0.00036634845309890807
10.309659863945578,269.6864,0.00039186252979561687
10.332879818594105,275.921,0.0004304274916648865
10.356099773242631,280.3471,0.0003925452765543014
10.379319727891156,284.56985,0.000378290715161711
10.402539682539683,282.9916,0.00035822484642267227
10.425759637188209,271.22717,0.00031409747316502035
10.448979591836736,256.86597,0.00022267534222919494
10.47219954648526,250.56851,0.00022684241412207484
10.495419501133787,255.96216,0.00018916395492851734
10.518639455782314,262.0105,0.00018500920850783587
10.54185941043084,270.7714,0.00026010104920715094
10.565079365079365,277.37933,0.00027415715157985687
10.588299319727891,283.48837,0.0002844218979589641
10.611519274376418,279.13974,0.00023623245942872018
10.634739229024943,265.00613,0.00013958381896372885
10.65795918367347,258.63214,0.00010567970457486808
10.681179138321996,264.27728,0.0002101945865433663
10.704399092970522,275.49088,0.0004126627463847399
10.727619047619047,286.58633,0.0004962884122505784
10.750839002267574,292.16708,0.000628901063464582
10.7740589569161,288.452,0.0005449459422379732
10.797278911564627,278.10483,0.000299511244520545
10.820498866213152,266.69812,0.00016426034562755376
10.843718820861678,265.49478,3.8341408071573824e-05
10.866938775510205,261.99734,3.19592327286955e-05
10.890158730158731,270.7227,1.2324816452746745e-05
10.913378684807256,0.0,4.4391435949364677e-07
10.936598639455783,0.0,3.383283910807222e-07
10.95981859410431,0.0,2.533779479563236e-07
10.983038548752834,0.0,1.3919088814873248e-07
11.00625850340136,0.0,1.1497832019813359e-07
11.029478458049887,0.0,9.261111699743196e-08
11.052698412698414,0.0,1.624248398002237e-07
11.075918367346938,0.0,1.0146413842448965e-07
11.099138321995465,0.0,1.1895826901309192e-07
11.122358276643991,0.0,9.545783541398123e-08
11.145578231292518,0.0,5.6847056839615107e-08
11.168798185941043,0.0,8.678398444317281e-08
11.19201814058957,0.0,1.0074927558889613e-07
11.215238095238096,0.0,1.2744476407533512e-07
11.23845804988662,0.0,2.7331589080858976e-07
11.261678004535147,0.0,2.7497299015522003e-07
11.284897959183674,0.0,1.5283785614883527e-07
11.3081179138322,0.0,8.498136594425887e-08
11.331337868480725,0.0,4.770663508679718e-08
11.354557823129252,0.0,6.290247256401926e-08
11.377777777777778,0.0,1.4617398846894503e-08
