0.0,0.0,4.3862655729753897e-07
0.023219954648526078,0.0,3.563836799003184e-07
0.046439909297052155,0.0,2.1431969798868522e-07
0.06965986394557823,0.0,3.0662977223983034e-07
0.09287981859410431,0.0,1.850885382737033e-07
0.11609977324263039,0.0,1.3315184332896024e-07
0.13931972789115646,0.0,1.3212684280006215e-07
0.16253968253968254,0.0,1.2277632777113467e-07
0.18575963718820862,0.0,1.19298420031555e-07
0.2089795918367347,0.0,9.706673154141754e-08
0.23219954648526078,0.0,3.341301635373384e-07
0.25541950113378686,0.0,9.928317012963817e-08
0.2786394557823129,0.0,8.58908606460318e-08
0.301859410430839,0.0,1.0720304999267682e-07
0.3250793650793651,0.0,2.436991053400561e-07
0.3482993197278912,0.0,3.373843355802819e-07
0.37151927437641724,0.0,1.4752731658518314e-07
0.3947392290249433,0.0,1.1273550626356155e-07
0.4179591836734694,22563.379,1.9581155356718227e-05
0.44117913832199546,105.26651,4.494878521654755e-05
0.46439909297052157,156.30779,9.220532956533134e-05
0.4876190476190476,117.80521,9.96332528302446e-05
0.5108390022675737,128.94942,0.00017939237295649946
0.5340589569160998,264.6434,0.0002897768863476813
0.5572789115646258,262.74207,0.00017033118638209999
0.5804988662131519,272.28992,0.00012195639283163473
0.603718820861678,128.26303,0.000186078657861799
0.626938775510204,121.003716,0.00022000406170263886
0.6501587301587302,119.45312,0.00019992751185782254
0.6733786848072563,207.13057,0.00023622879234608263
0.6965986394557824,329.90927,0.00024336529895663261
0.7198185941043084,272.18893,0.0003104523057118058
0.7430385487528345,331.94763,0.000242151043494232
0.7662585034013606,274.4513,0.0003050952800549567
0.7894784580498866,385.75262,0.00028023330378346145
0.8126984126984127,331.27737,0.00016044615767896175
0.8359183673469388,136.45299,0.000128148531075567
0.8591383219954649,129.97112,0.00015886497567407787
0.8823582766439909,271.04114,0.00031449447851628065
0.905578231292517,384.39685,0.0004720049328170717
0.9287981859410431,392.75073,0.0003045218181796372
0.9520181405895691,876.0303,0.0003536771982908249
0.9752380952380952,876.6379,0.00023238552967086434
0.9984580498866213,297.15475,0.00018518028082326055
1.0216780045351475,299.9348,0.0003248084394726902
1.0448979591836736,275.15845,0.0002153386449208483
1.0681179138321997,339.40952,0.0002438412484480068
1.0913378684807256,375.91177,0.0002063015999738127
1.1145578231292517,356.0327,0.0002043638814939186
1.1377777777777778,304.43253,0.00027866257005371153
1.1609977324263039,339.55118,0.00026945906574837863
1.18421768707483,386.7566,0.0002483501739334315
1.207437641723356,435.02673,0.00027024393784813583
1.2306575963718822,303.41174,0.0003295142960269004
1.253877551020408,370.97302,0.00030405831057578325
1.2770975056689342,299.54343,0.00039097422268241644
1.3003174603174603,383.53433,0.00035958405351266265
1.3235374149659864,392.6886,0.00032258976716548204
1.3467573696145125,393.03323,0.00033159731538034976
1.3699773242630386,394.76114,0.0002843800466507673
1.3931972789115648,307.9383,0.0003011280787177384
1.4164172335600906,390.4688,0.00038847298128530383
1.4396371882086167,391.81937,0.00038981554098427296
1.4628571428571429,376.09903,0.00045777641935274005
1.486077097505669,396.20297,0.000504932424519211
1.509297052154195,389.6879,0.00038592214696109295
1.5325170068027212,388.4033,0.0002436530339764431
1.5557369614512473,398.24417,0.0003106767835561186
1.5789569160997732,390.66434,0.00045095750829204917
1.6021768707482993,397.1687,0.00035446169204078615
1.6253968253968254,383.23126,0.00020319137547630817
1.6486167800453515,443.80923,0.000389666180126369
1.6718367346938776,381.17752,0.0005550753558054566
1.6950566893424037,388.48752,0.0005083006690256298
1.7182766439909298,383.09518,0.00045605420018546283
1.7414965986394557,388.18665,0.0006488034268841147
1.7647165532879818,392.6825,0.0009114507702179253
1.787936507936508,390.6763,0.0007733710808679461
1.811156462585034,393.02072,0.0007847433444112539
1.8343764172335602,394.17792,0.0006774221546947956
1.8575963718820863,386.87097,0.0006665289984084666
1.8808163265306124,386.2375,0.0007636729278601706
1.9040362811791383,392.37967,0.0002451764594297856
1.9272562358276644,380.07535,0.00023668931680731475
1.9504761904761905,436.746,0.00017457635840401053
1.9736961451247166,444.96957,0.0002021771651925519
1.9969160997732427,435.63028,0.0003515297139529139
2.020136054421769,384.12378,0.0005792583106085658
2.043356009070295,390.41644,0.000698094954714179
2.066575963718821,385.70718,0.0008948813192546368
2.089795918367347,391.47913,0.0007800481980666518
2.1130158730158732,392.3491,0.00035948515869677067
2.1362358276643993,381.21664,0.0003288073348812759
2.159455782312925,379.91568,0.0003400233690626919
2.182675736961451,384.33392,0.0004829745157621801
2.2058956916099772,387.52835,0.0005990637000650167
2.2291156462585033,383.65652,0.0005278809694573283
2.2523356009070294,381.44272,0.0004873649450019002
2.2755555555555556,376.60202,0.00048068573232740164
2.2987755102040817,375.33783,0.00044152134796604514
2.3219954648526078,380.36395,0.00044184387661516666
2.345215419501134,375.0728,0.00023323026834987104
2.36843537414966,375.1058,0.00022375684056896716
2.391655328798186,387.4631,0.0003134466824121773
2.414875283446712,400.22653,0.00036051677307114005
2.4380952380952383,847.33136,0.0002647377841640264
2.4613151927437644,869.8116,0.0001813301059883088
2.48453514739229,379.47275,0.0001859884214354679
2.507755102040816,374.16476,0.00022879427706357092
2.5309750566893423,374.6784,0.00019445869838818908
2.5541950113378684,440.35788,0.0003438165585976094
2.5774149659863945,861.5926,0.00031881395261734724
2.6006349206349206,866.8497,0.0004197697853669524
2.6238548752834467,863.9892,0.00039374252082780004
2.647074829931973,891.8567,0.00029708980582654476
2.670294784580499,2853.6858,0.00036884855944663286
2.693514739229025,2773.3699,0.00034027715446427464
2.716734693877551,441.88135,0.00034544605296105146
2.7399546485260773,447.40387,0.0003867808263748884
2.7631746031746034,436.48578,0.00029098306549713016
2.7863945578231295,438.7693,0.00022883786004967988
2.809614512471655,524.1009,0.0001717246777843684
2.8328344671201813,245.64465,0.00015947433712426573
2.8560544217687074,246.24652,0.00018909413483925164
2.8792743764172335,446.12015,0.00029489301959984004
2.9024943310657596,438.64487,0.00040851131780073047
2.9257142857142857,423.5831,0.00036384304985404015
2.948934240362812,429.484,0.00031677019433118403
2.972154195011338,433.05618,0.0002791673759929836
2.995374149659864,437.58975,0.00021794807980768383
3.01859410430839,525.5841,0.0002330233110114932
3.0418140589569163,550.6252,0.0002504142466932535
3.0650340136054424,543.501,0.00029647740302607417
3.0882539682539685,436.8539,0.0003378379624336958
3.1114739229024946,437.28638,0.00029306102078408003
3.1346938775510207,544.18445,0.00024946965277194977
3.1579138321995464,546.5048,0.0002973104128614068
3.1811337868480725,550.49475,0.000280869600828737
3.2043537414965986,231.72285,0.0003161664353683591
3.2275736961451247,244.60812,0.00045178766595199704
3.250793650793651,280.81314,0.0003837596741504967
3.274013605442177,259.63858,0.00033515121322125196
3.297233560090703,279.36945,0.00022189924493432045
3.320453514739229,266.78577,0.000350165122654289
3.3436734693877552,282.72296,0.0002952201757580042
3.3668934240362813,255.38095,0.0002714555594138801
3.3901133786848074,239.79613,0.0003358537796884775
3.4133333333333336,272.87527,0.0004639079561457038
3.4365532879818597,278.94846,0.00042801181552931666
3.4597732426303858,279.52426,0.00040193164022639394
3.4829931972789114,275.11832,0.00039956363616511226
3.5062131519274375,262.31097,0.0004695910611189902
3.5294331065759637,257.94513,0.0003727761213667691
3.5526530612244898,255.43158,0.00033965229522436857
3.575873015873016,240.98312,0.0005038275266997516
3.599092970521542,280.5042,0.0005370829021558166
3.622312925170068,2562.8052,0.0005587156629189849
3.645532879818594,2494.113,0.0004929424030706286
3.6687528344671203,2599.6575,0.000442847958765924
3.6919727891156464,274.65344,0.000382514059310779
3.7151927437641725,285.71164,0.00039022817509248853
3.7384126984126986,341.50168,0.0004363379266578704
3.7616326530612247,346.9479,0.000345976441167295
3.784852607709751,322.99716,0.0004726473125629127
3.8080725623582765,279.65793,0.00033074873499572277
3.8312925170068026,260.3683,0.00045826967107132077
3.8545124716553287,260.07587,0.0004395565774757415
3.877732426303855,279.78513,0.0004023821675218642
3.900952380952381,281.31213,0.00043192406883463264
3.924172335600907,274.06934,0.0004520497750490904
3.947392290249433,273.81906,0.0003226188709959388
3.9706122448979593,263.5229,0.0005674576386809349
3.9938321995464854,280.3825,0.00046243492397479713
4.017052154195011,275.1598,0.0007117249770089984
4.040272108843538,2409.8093,0.0007334996480494738
4.063492063492063,2666.7312,0.0007374111446551979
4.08671201814059,2950.8215,0.0008159871213138103
4.1099319727891155,319.02148,0.0009134364081546664
4.133151927437642,317.76703,0.0006139762117527425
4.156371882086168,281.11694,0.0005837988574057817
4.179591836734694,263.3064,0.0013524700189009309
4.20281179138322,423.97467,0.0008714238065294921
4.2260317460317465,300.94537,0.0007347663631662726
4.249251700680272,317.49573,0.0007741351146250963
4.272471655328799,309.0074,0.0007738545536994934
4.295691609977324,433.5115,0.0015897792764008045
4.31891156462585,850.6425,0.0006488136132247746
4.342131519274377,847.76526,0.0011586194159463048
4.365351473922902,847.0105,0.0017714332789182663
4.388571428571429,890.6902,0.0007095134351402521
4.4117913832199545,303.83777,0.0005581542500294745
4.435011337868481,304.38635,0.0007624287391081452
4.458231292517007,442.96753,0.0016716166865080595
4.481451247165533,873.4057,0.0006998422322794795
4.504671201814059,897.1509,0.0008112868526950479
4.527891156462585,847.59106,0.0016211551846936345
4.551111111111111,871.58923,0.0019951702561229467
4.574331065759638,894.2848,0.0006113405106589198
4.597551020408163,303.02628,0.0007591506000608206
4.62077097505669,900.8838,0.001516142045147717
4.6439909297052155,879.189,0.00041810108814388514
4.667210884353741,275.49927,0.0004588529991451651
4.690430839002268,2806.2317,0.00035395013401284814
4.713650793650793,2803.701,0.00028138497145846486
4.73687074829932,279.86594,0.0004047694383189082
4.760090702947846,881.1102,0.0004459188785403967
4.783310657596372,385.86237,0.00035498657962307334
4.806530612244898,380.25705,0.00026972818886861205
4.829750566893424,276.49448,0.000256735656876117
4.85297052154195,2812.1187,0.00028678675880655646
4.876190476190477,2816.6335,0.00023874102043919265
4.899410430839002,2841.6418,0.00023588011390529573
4.922630385487529,389.52386,0.00045815453631803393
4.9458503401360545,868.17017,0.000462277268525213
4.96907029478458,869.71954,0.00042848376324400306
4.992290249433107,850.4837,0.0002592969685792923
5.015510204081632,256.54022,0.0001935964246513322
5.038730158730159,2911.4382,0.0001574743801029399
5.061950113378685,2891.489,0.0001226517342729494
5.085170068027211,2898.378,0.00011744534276658669
5.108390022675737,688.39014,0.00017379128257744014
5.131609977324263,459.97714,0.00016783623141236603
5.154829931972789,908.041,0.0001526689884485677
5.178049886621316,918.1404,0.00014840152289252728
5.201269841269841,699.7113,0.00012574990978464484
5.224489795918368,2881.4045,0.00013262024731375277
5.2477097505668935,2836.1736,0.0001261281140614301
5.27092970521542,683.1393,0.00017482132534496486
5.294149659863946,704.6497,0.00017809282871894538
5.317369614512471,2891.996,0.00016278171096928418
5.340589569160998,2896.031,0.00015435628301929682
5.363809523809524,2968.861,0.0001569728774484247
5.38702947845805,693.4508,0.00014982459833845496
5.410249433106576,2837.6953,0.00011683597404044122
5.433469387755102,2900.339,0.00016330720973201096
5.456689342403628,2821.4397,0.00019109496497549117
5.479909297052155,685.9651,0.0002306848473381251
5.50312925170068,457.8367,0.0004598867963068187
5.526349206349207,901.9257,0.00045157544082030654
5.5495691609977325,902.53564,0.00043865758925676346
5.572789115646259,880.2422,0.00028506998205557466
5.596009070294785,455.6175,0.00019116952898912132
5.61922902494331,532.3901,0.00017351120186503977
5.642448979591837,528.7999,0.00025161312078125775
5.6656689342403626,464.9829,0.0003345038276165724
5.688888888888889,454.26636,0.0005457269144244492
5.712108843537415,893.2294,0.000758898095227778
5.735328798185941,888.41394,0.000694418151397258
5.758548752834467,896.1439,0.00021603936329483986
5.7817687074829935,533.56555,0.00012895299005322158
5.804988662131519,453.31754,0.0001628894970053807
5.828208616780046,447.62146,0.0002399628283455968
5.851428571428571,889.80566,0.00036784805706702173
5.874648526077098,459.0884,0.0005271695554256439
5.897868480725624,912.5355,0.0005806330591440201
5.92108843537415,904.9387,0.0005829270230606198
5.944308390022676,885.1567,0.000390454544685781
5.9675283446712015,876.2174,0.00017611769726499915
5.990748299319728,444.80627,0.00017308510723523796
6.013968253968254,452.21066,0.0001561675890116021
6.03718820861678,445.6893,0.0002125031314790249
6.060408163265306,394.81003,0.00033205747604370117
6.0836281179138325,851.4195,0.00036965450271964073
6.106848072562358,851.43,0.00024948877398855984
6.130068027210885,394.31583,0.00014629578799940646
6.15328798185941,457.91193,0.00016657313972245902
6.176507936507937,2905.7598,0.0002233212726423517
6.199727891156463,447.4183,0.00026406950200907886
6.222947845804989,452.6126,0.00014728069072589278
6.246167800453515,448.33765,0.00033051794162020087
6.269387755102041,396.39456,0.00027497546398080885
6.292607709750567,398.1724,0.00025236670626327395
6.315827664399093,443.85434,0.00022226001601666212
6.339047619047619,441.0359,0.000242315509240143
6.362267573696145,2904.9026,0.00019485816301312298
6.3854875283446715,454.25485,0.0003086533979512751
6.408707482993197,446.9399,0.00026406621327623725
6.431927437641724,402.82504,0.00032270982046611607
6.455147392290249,452.451,0.0003034067922271788
6.478367346938776,453.084,0.00036535365507006645
6.501587301587302,445.60452,0.0005164735484868288
6.524807256235828,443.99118,0.0008000540547072887
6.548027210884354,389.1964,0.0005133025697432458
6.57124716553288,386.92838,0.00044480751967057586
6.594467120181406,388.5128,0.0004392325063236058
6.617687074829932,351.48468,0.0004406372900120914
6.640907029478458,348.38193,0.000609789218287915
6.664126984126984,384.98944,0.0007657737005501986
6.6873469387755105,386.28235,0.0007240216946229339
6.710566893424036,389.773,0.0007205670699477196
6.733786848072563,401.53925,0.0007200065883807838
6.757006802721088,404.1445,0.0005895918584428728
6.780226757369615,403.4484,0.0005396406631916761
6.8034467120181406,407.3718,0.0007305855397135019
6.826666666666667,408.14078,0.0008103587897494435
6.849886621315193,406.32162,0.000687418389134109
6.873106575963719,398.1196,0.0005499909166246653
6.896326530612245,378.89346,0.00035958486841991544
6.9195464852607715,339.32254,0.00014849394210614264
6.942766439909297,387.13354,0.0002499946567695588
6.965986394557823,386.24152,0.0004584173730108887
6.989206349206349,389.10034,0.0007024186197668314
7.012426303854875,385.38995,0.0006833721417933702
7.035646258503402,386.4466,0.0005150437937118113
7.058866213151927,357.437,0.0003056417917832732
7.082086167800454,382.8676,0.00023052026517689228
7.1053061224489795,389.176,0.0002496962551958859
7.128526077097506,389.15945,0.0003229691064916551
7.151746031746032,389.18872,0.0004334537370596081
7.174965986394558,391.19662,0.0006711059249937534
7.198185941043084,391.8643,0.000763364601880312
7.2214058956916105,393.54428,0.0006635814206674695
7.244625850340136,362.6224,0.0005147838965058327
7.267845804988662,345.57806,0.000507444841787219
7.291065759637188,382.09766,0.0005854514893144369
7.314285714285714,356.4472,0.0006262291572056711
7.337505668934241,351.00327,0.0004588226438499987
7.360725623582766,341.03024,0.00015862951113376766
7.383945578231293,390.08694,0.0002541723661124706
7.4071655328798185,440.118,0.0005243392079137266
7.430385487528345,880.83386,0.0005915188230574131
7.453605442176871,870.21185,0.0003862904559355229
7.476825396825397,875.5254,0.0002339066268177703
7.500045351473923,388.07117,0.000219356530578807
7.5232653061224495,308.41718,0.00022720149718225002
7.546485260770975,385.83835,0.00023866818810347468
7.569705215419502,393.38452,0.00025374972028657794
7.592925170068027,431.36862,0.00035269680665805936
7.616145124716553,428.99814,0.000415145477745682
7.63936507936508,877.7413,0.00048736127791926265
7.662585034013605,876.4377,0.00044294731924310327
7.685804988662132,877.1991,0.0003436117840465158
7.7090249433106575,435.91174,0.0002426370047032833
7.732244897959184,444.27634,0.00022556548356078565
7.75546485260771,448.76318,0.0002454073401167989
7.778684807256236,446.04303,0.00020999458502046764
7.801904761904762,451.1105,0.00020177930127829313
7.8251247165532885,445.96,0.00029051778255961835
7.848344671201814,428.44888,0.00023626297479495406
7.871564625850341,889.49585,0.00014010236191097647
7.894784580498866,387.54086,0.00010718201519921422
7.918004535147393,391.08804,0.00014962992281652987
7.9412244897959186,386.76398,0.0001370876852888614
7.964444444444444,381.13742,0.0001949625147972256
7.987664399092971,390.65964,0.00023815970052964985
8.010884353741497,391.8589,0.0002063352585537359
8.034104308390022,388.19647,0.00016243841673713177
8.057324263038549,296.30936,0.00011516280937939882
8.080544217687075,138.78711,7.42447009542957e-05
8.103764172335602,187.71925,8.493402856402099e-05
8.126984126984127,2785.952,8.035237988224253e-05
8.150204081632653,137.78113,8.326320676133037e-05
8.17342403628118,127.99,0.0001334853150183335
8.196643990929706,379.34735,0.00018543386249803007
8.219863945578231,264.19727,0.00018083053873851895
8.243083900226758,269.27454,0.00013697048416361213
8.266303854875284,337.46835,8.439658267889172e-05
8.289523809523809,385.44788,0.00012671679724007845
8.312743764172335,298.04694,0.0001365451462334022
8.335963718820862,124.819664,0.0001118892032536678
8.359183673469389,128.88528,0.0001422277418896556
8.382403628117913,270.29898,0.00022809089568909258
8.40562358276644,267.59262,0.00020948107703588903
8.428843537414966,265.50424,0.000163095974130556
8.452063492063493,331.28888,9.090763342101127e-05
8.475283446712018,128.9526,0.000104792088677641
8.498503401360544,134.10121,0.00013660610420629382
8.52172335600907,134.08266,0.0001422268251189962
8.544943310657597,130.4114,0.00017122330609709024
8.568163265306122,385.73642,0.00025188777362927794
8.591383219954649,269.4847,0.00018218799959868193
8.614603174603175,267.7695,0.00018527579959481955
8.6378231292517,328.41086,0.00013016274897381663
8.661043083900227,127.82398,0.0001217147073475644
8.684263038548753,125.66074,0.000180861447006464
8.70748299319728,207.30467,0.00017004142864607275
8.730702947845804,379.5358,0.0001351640821667388
8.753922902494331,272.44443,0.00023130813497118652
8.777142857142858,394.23566,0.0001875457528512925
8.800362811791384,873.2471,0.00014434335753321648
8.823582766439909,272.2485,0.00014484988059848547
8.846802721088435,336.88556,0.0001035405439324677
8.870022675736962,383.80148,0.00010898320033447817
8.893242630385489,375.1655,0.00014300324255600572
8.916462585034013,381.8956,0.00015866226749494672
8.93968253968254,386.1225,0.00014079244283493608
8.962902494331066,280.15723,5.0440183258615434e-05
8.986122448979591,141.26108,1.2512498869909905e-05
9.009342403628118,0.0,3.6728943086927757e-06
9.032562358276644,0.0,6.302934707491659e-07
9.05578231292517,0.0,7.635835572727956e-07
9.079002267573696,0.0,1.199437065224629e-06
9.102222222222222,0.0,6.180971467983909e-07
9.125442176870749,0.0,1.4286433724919334e-07
9.148662131519275,0.0,2.4140717869158834e-07
9.1718820861678,0.0,1.8274295143783092e-07
9.195102040816327,0.0,5.41146619070787e-07
9.218321995464853,0.0,2.045656401605811e-06
9.24154195011338,0.0,2.432894689263776e-06
9.264761904761905,0.0,1.9993685782537796e-06
9.287981859410431,0.0,8.857059583533555e-07
9.311201814058958,0.0,1.5051928130560555e-06
9.334421768707482,0.0,1.3285653039929457e-06
9.357641723356009,0.0,1.191077899420634e-06
9.380861678004536,0.0,9.385230441694148e-07
9.404081632653062,0.0,7.11248503648676e-07
9.427301587301587,0.0,9.918003343045712e-07
9.450521541950113,0.0,7.864136932766996e-07
9.47374149659864,0.0,5.607935236184858e-07
9.496961451247167,0.0,4.0140002965927124e-07
9.520181405895691,0.0,2.2052790882298723e-07
9.543401360544218,0.0,2.064525688183494e-07
9.566621315192744,0.0,3.8350663089659065e-07
9.58984126984127,0.0,3.2115258363774046e-07
9.613061224489796,0.0,1.8841183191398159e-07
9.636281179138322,0.0,3.512086550472304e-07
9.659501133786849,0.0,2.549068085500039e-07
9.682721088435374,0.0,3.0778937798459083e-07
