0.0,0.0,6.109148671384901e-07
0.023219954648526078,0.0,3.3645937946857885e-07
0.046439909297052155,0.0,1.5281148080248386e-07
0.06965986394557823,0.0,8.742972568143159e-08
0.09287981859410431,0.0,9.995983418775722e-08
0.11609977324263039,0.0,1.2896180123789236e-07
0.13931972789115646,0.0,7.083781383698806e-08
0.16253968253968254,0.0,7.658854883629829e-08
0.18575963718820862,0.0,1.038442860590294e-07
0.2089795918367347,0.0,1.813832568586804e-07
0.23219954648526078,0.0,2.0648712961701676e-07
0.25541950113378686,0.0,1.855187292676419e-07
0.2786394557823129,0.0,3.7509744288399816e-07
0.301859410430839,0.0,3.006944098160602e-07
0.3250793650793651,0.0,3.5741686588153243e-07
0.3482993197278912,0.0,3.153828401991632e-06
0.37151927437641724,138.28471,3.997059684479609e-05
0.3947392290249433,121.292,0.0001086323318304494
0.4179591836734694,157.79802,0.0001384927163599059
0.44117913832199546,160.95992,0.00016112573212012649
0.46439909297052157,481.8279,0.0001790226815501228
0.4876190476190476,481.53568,0.0002042507112491876
0.5108390022675737,163.20897,0.0002609744551591575
0.5340589569160998,165.1255,0.00032271043164655566
0.5572789115646258,126.33292,0.00032051996095106006
0.5804988662131519,186.48647,0.00037208618596196175
0.603718820861678,413.2253,0.000358235789462924
0.626938775510204,475.09262,0.0003782314888667315
0.6501587301587302,491.67642,0.00039975502295419574
0.6733786848072563,489.0714,0.00042176275746896863
0.6965986394557824,491.79807,0.0004835777508560568
0.7198185941043084,496.72534,0.00048617334687151015
0.7430385487528345,497.09113,0.0005120441201142967
0.7662585034013606,473.4404,0.0005990823265165091
0.7894784580498866,438.1524,0.0007287432090379298
0.8126984126984127,410.0597,0.0007588358130306005
0.8359183673469388,411.98157,0.0006397321121767163
0.8591383219954649,459.27237,0.0004952044109813869
0.8823582766439909,492.39923,0.0005166068440303206
0.905578231292517,486.87823,0.0005407215794548392
0.9287981859410431,483.91202,0.0006511014653369784
0.9520181405895691,433.2982,0.000639556790702045
0.9752380952380952,411.06738,0.0005086339660920203
0.9984580498866213,474.59302,0.0004732821835204959
1.0216780045351475,473.374,0.0006565218791365623
1.0448979591836736,412.30124,0.0013774577528238297
1.0681179138321997,438.72342,0.0014698600862175226
1.0913378684807256,446.86447,0.0013944513630121946
1.1145578231292517,420.39056,0.0012304089032113552
1.1377777777777778,408.39658,0.0012582519557327032
1.1609977324263039,464.49942,0.0013329993234947324
1.18421768707483,415.03064,0.0013869956601411104
1.207437641723356,421.48343,0.0013448524987325072
1.2306575963718822,429.1999,0.001494848052971065
1.253877551020408,426.85846,0.002022568369284272
1.2770975056689342,460.21243,0.0017829539719969034
1.3003174603174603,429.4163,0.001329663093201816
1.3235374149659864,475.17905,0.0010626986622810364
1.3467573696145125,426.81897,0.0009743731934577227
1.3699773242630386,430.06595,0.0011496563674882054
1.3931972789115648,406.56097,0.001478604506701231
1.4164172335600906,422.82843,0.0018205879023298621
1.4396371882086167,459.6404,0.0019908559042960405
1.4628571428571429,434.82483,0.0017094127833843231
1.486077097505669,424.53012,0.0013120719231665134
1.509297052154195,482.09204,0.0012331074103713036
1.5325170068027212,480.89587,0.0013796244747936726
1.5557369614512473,483.42966,0.001032359665259719
1.5789569160997732,432.51837,0.0012520506279543042
1.6021768707482993,478.13245,0.001887074438855052
1.6253968253968254,490.39536,0.0026715362910181284
1.6486167800453515,485.5385,0.0023012408055365086
1.6718367346938776,486.2987,0.0020331155974417925
1.6950566893424037,490.17096,0.002294085919857025
1.7182766439909298,483.1632,0.0024893740192055702
1.7414965986394557,483.27618,0.002374136820435524
1.7647165532879818,484.97192,0.0020013381727039814
1.787936507936508,491.8894,0.001894751563668251
1.811156462585034,504.23712,0.001914101536385715
1.8343764172335602,569.3738,0.002001616172492504
1.8575963718820863,568.1699,0.0021110186353325844
1.8808163265306124,499.6879,0.0023845203686505556
1.9040362811791383,490.52618,0.0026405530516058207
1.9272562358276644,485.07562,0.0025620791129767895
1.9504761904761905,482.71622,0.002956261159852147
1.9736961451247166,484.04422,0.0027535604313015938
1.9969160997732427,482.82922,0.0023294170387089252
2.020136054421769,497.16562,0.0022477414458990097
2.043356009070295,561.942,0.00220791669562459
2.066575963718821,567.171,0.0023049102164804935
2.089795918367347,496.99933,0.002582354238256812
2.1130158730158732,563.84033,0.002985770348459482
2.1362358276643993,481.58698,0.0031144116073846817
2.159455782312925,482.45438,0.002690347842872143
2.182675736961451,494.88858,0.0026031427551060915
2.2058956916099772,574.7894,0.0026536532677710056
2.2291156462585033,592.1025,0.0025245784781873226
2.2523356009070294,595.9173,0.0026245624758303165
2.2755555555555556,592.4481,0.0028367729391902685
2.2987755102040817,585.78467,0.002721244003623724
2.3219954648526078,564.2844,0.002785304794088006
2.345215419501134,566.04034,0.002951600356027484
2.36843537414966,586.06635,0.00285676633939147
2.391655328798186,592.30426,0.002154985908418894
2.414875283446712,577.1942,0.0017970590852200985
2.4380952380952383,681.4015,0.0021915631368756294
2.4613151927437644,582.7501,0.002940020989626646
2.48453514739229,590.29565,0.003205717308446765
2.507755102040816,566.5832,0.0031095920130610466
2.5309750566893423,562.7894,0.0028815744444727898
2.5541950113378684,557.6912,0.0028396849520504475
2.5774149659863945,574.99054,0.0028259241953492165
2.6006349206349206,589.4352,0.002273387974128127
2.6238548752834467,575.5353,0.002489481819793582
2.647074829931973,585.4307,0.0031115910969674587
2.670294784580499,591.1816,0.0032408060505986214
2.693514739229025,579.0803,0.0031689023599028587
2.716734693877551,570.7204,0.0032393045257776976
2.7399546485260773,577.028,0.0030893580988049507
2.7631746031746034,588.8996,0.0022218103986233473
2.7863945578231295,586.83575,0.002176214475184679
2.809614512471655,592.2216,0.0018498684512451291
2.8328344671201813,571.86206,0.0019072359427809715
2.8560544217687074,479.37256,0.0015732869505882263
2.8792743764172335,494.00058,0.002015921985730529
2.9024943310657596,601.02295,0.0027071312069892883
2.9257142857142857,599.47363,0.0024653479922562838
2.948934240362812,601.11456,0.0019318233244121075
2.972154195011338,600.09155,0.0013705152086913586
2.995374149659864,496.04562,0.0018463707529008389
3.01859410430839,480.15295,0.001690680393949151
3.0418140589569163,477.61145,0.0017992728389799595
3.0650340136054424,492.3404,0.0015530241653323174
3.0882539682539685,497.70264,0.002581982407718897
3.1114739229024946,598.3416,0.0021362185943871737
3.1346938775510207,593.25055,0.0018958617001771927
3.1579138321995464,598.73895,0.0019378017168492079
3.1811337868480725,602.7973,0.001565372571349144
3.2043537414965986,341.10355,0.0023962724953889847
3.2275736961451247,599.5969,0.001840412151068449
3.250793650793651,471.082,0.001744378125295043
3.274013605442177,610.4057,0.0023943877313286066
3.297233560090703,600.7825,0.002900576451793313
3.320453514739229,590.3048,0.0024599810130894184
3.3436734693877552,600.56854,0.002152626868337393
3.3668934240362813,597.8932,0.0035398826003074646
3.3901133786848074,614.66846,0.0035163969732820988
3.4133333333333336,621.0913,0.0030274975579231977
3.4365532879818597,473.48087,0.0029975413344800472
3.4597732426303858,508.28802,0.004171481356024742
3.4829931972789114,614.111,0.0043650660663843155
3.5062131519274375,607.8221,0.004732009023427963
3.5294331065759637,618.7892,0.004412556067109108
3.5526530612244898,643.93427,0.004404805134981871
3.575873015873016,605.8414,0.005262619350105524
3.599092970521542,617.30774,0.005682399496436119
3.622312925170068,612.25214,0.005830578971654177
3.645532879818594,606.0094,0.005253426730632782
3.6687528344671203,478.80487,0.004219472873955965
3.6919727891156464,636.7762,0.004930625669658184
3.7151927437641725,618.07776,0.005221381783485413
3.7384126984126986,633.70087,0.004131803289055824
3.7616326530612247,481.27463,0.005556035786867142
3.784852607709751,616.4553,0.005904632154852152
3.8080725623582765,613.9256,0.005611144006252289
3.8312925170068026,610.222,0.005675122141838074
3.8545124716553287,600.5634,0.004896155092865229
3.877732426303855,231.95795,0.004450526088476181
3.900952380952381,429.87088,0.00556822819635272
3.924172335600907,614.7564,0.006122153252363205
3.947392290249433,621.1478,0.005849157925695181
3.9706122448979593,606.9604,0.006280326284468174
3.9938321995464854,612.84296,0.0062437099404633045
4.017052154195011,604.22424,0.0062285372987389565
4.040272108843538,253.0638,0.0071826716884970665
4.063492063492063,643.5703,0.00705445883795619
4.08671201814059,653.4087,0.0073550185188651085
4.1099319727891155,587.69696,0.007011410314589739
4.133151927437642,610.29614,0.007573261857032776
4.156371882086168,617.2728,0.0076124221086502075
4.179591836734694,616.2673,0.008199078030884266
4.20281179138322,617.7628,0.0077247172594070435
4.2260317460317465,606.80743,0.008901884779334068
4.249251700680272,484.13144,0.008290891535580158
4.272471655328799,478.13803,0.007673394866287708
4.295691609977324,489.5708,0.00795018207281828
4.31891156462585,620.0055,0.008741013705730438
4.342131519274377,629.3111,0.00923007819801569
4.365351473922902,626.5789,0.00943170115351677
4.388571428571429,622.7304,0.00880473293364048
4.4117913832199545,607.6688,0.008853082545101643
4.435011337868481,482.603,0.009151332080364227
4.458231292517007,572.4532,0.008299533277750015
4.481451247165533,481.7184,0.00839427299797535
4.504671201814059,616.80176,0.009594336152076721
4.527891156462585,555.4838,0.011968191713094711
4.551111111111111,602.3149,0.01228398084640503
4.574331065759638,600.7733,0.010302872397005558
4.597551020408163,572.2551,0.010108547285199165
4.62077097505669,2836.9927,0.009078112430870533
4.6439909297052155,629.1337,0.00872591882944107
4.667210884353741,626.79944,0.008104121312499046
4.690430839002268,619.4636,0.007659999653697014
4.713650793650793,620.96454,0.008157629519701004
4.73687074829932,508.35678,0.008457997813820839
4.760090702947846,567.32184,0.010844836011528969
4.783310657596372,581.80273,0.010388522408902645
4.806530612244898,566.3058,0.009387201629579067
4.829750566893424,513.75446,0.008773923851549625
4.85297052154195,628.1158,0.00853022187948227
4.876190476190477,616.8526,0.008721433579921722
4.899410430839002,2762.8403,0.007962459698319435
4.922630385487529,623.79974,0.008355839177966118
4.9458503401360545,512.0375,0.010445894673466682
4.96907029478458,586.36304,0.012525617145001888
4.992290249433107,598.36035,0.010939737781882286
5.015510204081632,566.10077,0.00979796051979065
5.038730158730159,517.65704,0.008905877359211445
5.061950113378685,628.0564,0.007714420091360807
5.085170068027211,618.2637,0.008163855411112309
5.108390022675737,629.7436,0.008225517347455025
5.131609977324263,567.78986,0.012308432720601559
5.154829931972789,606.48694,0.01309269666671753
5.178049886621316,591.9308,0.008877524174749851
5.201269841269841,713.43427,0.00956946425139904
5.224489795918368,718.66974,0.008840629830956459
5.2477097505668935,707.138,0.01173713244497776
5.27092970521542,576.55927,0.013752244412899017
5.294149659863946,608.4989,0.01618850976228714
5.317369614512471,608.5629,0.014827907085418701
5.340589569160998,579.909,0.009520847350358963
5.363809523809524,588.4982,0.00940709374845028
5.38702947845805,753.7828,0.01589076779782772
5.410249433106576,611.1648,0.01992589607834816
5.433469387755102,608.09235,0.013022011145949364
5.456689342403628,744.44464,0.00826406292617321
5.479909297052155,697.49365,0.012418873608112335
5.50312925170068,596.9685,0.015162132680416107
5.526349206349207,592.631,0.016379987820982933
5.5495691609977325,573.87634,0.009489723481237888
5.572789115646259,728.49774,0.013340627774596214
5.596009070294785,610.61035,0.01722829043865204
5.61922902494331,606.88806,0.014428144320845604
5.642448979591837,735.6755,0.010011116042733192
5.6656689342403626,3010.9863,0.014578054659068584
5.688888888888889,585.31744,0.016017291694879532
5.712108843537415,602.85,0.015712667256593704
5.735328798185941,604.46655,0.014894569292664528
5.758548752834467,571.4868,0.01008756272494793
5.7817687074829935,715.82526,0.009283885359764099
5.804988662131519,733.11957,0.011180246248841286
5.828208616780046,733.898,0.010395281948149204
5.851428571428571,707.7746,0.016679562628269196
5.874648526077098,599.62756,0.01481393538415432
5.897868480725624,584.2752,0.0110672852024436
5.92108843537415,509.9438,0.009202510118484497
5.944308390022676,614.9151,0.009027095511555672
5.9675283446712015,511.9848,0.009042340330779552
5.990748299319728,518.4856,0.008784227073192596
6.013968253968254,620.568,0.008886643685400486
6.03718820861678,623.05597,0.00909142941236496
6.060408163265306,514.6429,0.009540002793073654
6.0836281179138325,520.538,0.009758190251886845
6.106848072562358,554.70764,0.01044257078319788
6.130068027210885,562.36896,0.010981723666191101
6.15328798185941,560.52814,0.0105152428150177
6.176507936507937,551.4482,0.009545639157295227
6.199727891156463,505.7395,0.00852946937084198
6.222947845804989,604.9207,0.009239546954631805
6.246167800453515,2813.449,0.008535552769899368
6.269387755102041,633.8806,0.008911585435271263
6.292607709750567,509.73276,0.00924600102007389
6.315827664399093,555.62744,0.00947210006415844
6.339047619047619,555.31665,0.009523140266537666
6.362267573696145,553.8775,0.009119223803281784
6.3854875283446715,509.4408,0.009601166471838951
6.408707482993197,498.41696,0.008800053969025612
6.431927437641724,594.98755,0.009095443412661552
6.455147392290249,483.7772,0.007896112278103828
6.478367346938776,484.85263,0.008082336746156216
6.501587301587302,598.3884,0.008071845397353172
6.524807256235828,602.32007,0.007955051958560944
6.548027210884354,603.3326,0.008165586739778519
6.57124716553288,602.76373,0.008069911040365696
6.594467120181406,600.17224,0.007395863067358732
6.617687074829932,600.92755,0.008190786466002464
6.640907029478458,599.3683,0.00806727446615696
6.664126984126984,597.1154,0.008341391570866108
6.6873469387755105,598.2044,0.007863437756896019
6.710566893424036,598.7619,0.008312021382153034
6.733786848072563,598.78467,0.008308949880301952
6.757006802721088,596.5972,0.007992561906576157
6.780226757369615,593.815,0.0083712637424469
6.8034467120181406,590.8354,0.00870249979197979
6.826666666666667,600.7948,0.008487146347761154
6.849886621315193,596.5839,0.008035099133849144
6.873106575963719,595.5891,0.007991536520421505
6.896326530612245,593.3874,0.008200900629162788
6.9195464852607715,600.6584,0.0079349335283041
6.942766439909297,482.19644,0.008337829262018204
6.965986394557823,479.69373,0.008217222057282925
6.989206349206349,474.78345,0.008934374898672104
7.012426303854875,576.4281,0.00828561745584011
7.035646258503402,569.14197,0.00840029027312994
7.058866213151927,562.1274,0.008252022787928581
7.082086167800454,250.0774,0.00817658007144928
7.1053061224489795,581.6839,0.007509057410061359
7.128526077097506,590.2807,0.005970175378024578
7.151746031746032,584.05695,0.0055342772975564
7.174965986394558,2735.36,0.00622145738452673
7.198185941043084,2638.773,0.006885095499455929
7.2214058956916105,788.5113,0.007346336729824543
7.244625850340136,592.84143,0.007315963972359896
7.267845804988662,595.46484,0.007278403267264366
7.291065759637188,797.9106,0.006628916133195162
7.314285714285714,791.99225,0.006592271849513054
7.337505668934241,787.2835,0.006636517122387886
7.360725623582766,793.0445,0.00728309340775013
7.383945578231293,800.6135,0.007503483444452286
7.4071655328798185,600.9386,0.008045313879847527
7.430385487528345,484.48813,0.007267668843269348
7.453605442176871,484.42914,0.0056532928720116615
7.476825396825397,474.21933,0.0038388490211218596
7.500045351473923,2813.743,0.004090248141437769
7.5232653061224495,576.56396,0.004861645866185427
7.546485260770975,571.7665,0.006446973420679569
7.569705215419502,2672.5881,0.007144248113036156
7.592925170068027,482.98813,0.0072240522131323814
7.616145124716553,483.10022,0.007783586159348488
7.63936507936508,478.16544,0.005943830590695143
7.662585034013605,470.01062,0.004311878699809313
7.685804988662132,563.73303,0.0042978450655937195
7.7090249433106575,585.17004,0.003093020524829626
7.732244897959184,2680.6807,0.002964444924145937
7.75546485260771,2659.4333,0.002735429210588336
7.778684807256236,2665.6182,0.002857411280274391
7.801904761904762,2656.1843,0.002673510229215026
7.8251247165532885,2704.2905,0.002719832118600607
7.848344671201814,2800.2666,0.0026719109155237675
7.871564625850341,2924.6482,0.0022297308314591646
7.894784580498866,569.867,0.0021903403103351593
7.918004535147393,2886.7405,0.002293279394507408
7.9412244897959186,573.2489,0.0027639814652502537
7.964444444444444,2761.7485,0.0034157228656113148
7.987664399092971,588.34985,0.0036038935650140047
8.010884353741497,581.5193,0.0024797189980745316
8.034104308390022,2834.9062,0.0027839653193950653
8.057324263038549,689.6588,0.0033763288520276546
8.080544217687075,579.5769,0.0038272857200354338
8.103764172335602,575.7766,0.002975884824991226
8.126984126984127,711.7728,0.0020694383420050144
8.150204081632653,582.7604,0.002463221549987793
8.17342403628118,2654.2512,0.0026485768612474203
8.196643990929706,2655.9224,0.0023278670851141214
8.219863945578231,582.7448,0.0030035185627639294
8.243083900226758,2882.6716,0.003698389045894146
8.266303854875284,583.91125,0.00420503132045269
8.289523809523809,576.66895,0.004358759615570307
8.312743764172335,569.3352,0.004044120665639639
8.335963718820862,572.7299,0.0038989121094346046
8.359183673469389,573.49603,0.0038742676842957735
8.382403628117913,576.0153,0.0037181307561695576
8.40562358276644,585.58154,0.003681835951283574
8.428843537414966,598.10144,0.0039361026138067245
8.452063492063493,602.08057,0.004576665814965963
8.475283446712018,602.8827,0.004511556122452021
8.498503401360544,605.8051,0.0041826628148555756
8.52172335600907,609.0767,0.004159224219620228
8.544943310657597,610.81384,0.0033061266876757145
8.568163265306122,491.33743,0.0026860120706260204
8.591383219954649,588.4248,0.003325680736452341
8.614603174603175,609.55566,0.00393315777182579
8.6378231292517,608.1327,0.0031841681338846684
8.661043083900227,593.56116,0.0023032650351524353
8.684263038548753,614.56525,0.0029228723142296076
8.70748299319728,595.6739,0.003952359315007925
8.730702947845804,613.31494,0.00299133756197989
8.753922902494331,490.07437,0.002688222099095583
8.777142857142858,587.5922,0.002845770912244916
8.800362811791384,490.73505,0.0031147345434874296
8.823582766439909,481.42935,0.002785413060337305
8.846802721088435,481.39594,0.0017676014686003327
8.870022675736962,2718.4187,0.0013949378626421094
8.893242630385489,2703.0884,0.0015758482040837407
8.916462585034013,2736.8127,0.0025862769689410925
8.93968253968254,481.99036,0.0036037848331034184
8.962902494331066,476.44333,0.003420637920498848
8.986122448979591,473.4244,0.0033357134088873863
9.009342403628118,478.00146,0.002584500703960657
9.032562358276644,2777.6104,0.0024431205820292234
9.05578231292517,2771.301,0.0023834267631173134
9.079002267573696,2763.937,0.002240912988781929
9.102222222222222,2770.828,0.0023452499881386757
9.125442176870749,2762.4185,0.0018802923150360584
9.148662131519275,2748.2825,0.0018629349069669843
9.1718820861678,2776.3105,0.0018599506001919508
9.195102040816327,2805.8396,0.001826299587264657
9.218321995464853,505.73572,0.0015953078400343657
9.24154195011338,479.20587,0.0017306192312389612
9.264761904761905,567.1172,0.002257782965898514
9.287981859410431,2776.7349,0.0024962928146123886
9.311201814058958,2767.1611,0.002718172734603286
9.334421768707482,2792.383,0.002454314148053527
9.357641723356009,2811.6921,0.0023140888661146164
9.380861678004536,2817.615,0.001888530794531107
9.404081632653062,2828.6665,0.00228592986240983
9.427301587301587,2814.381,0.001759234583005309
9.450521541950113,468.08664,0.0012815108057111502
9.47374149659864,539.6557,0.0014194280374795198
9.496961451247167,2865.0188,0.0009171663550660014
9.520181405895691,472.38696,0.0009311135509051383
9.543401360544218,913.5386,0.0010270467028021812
9.566621315192744,901.2445,0.00121469481382519
9.58984126984127,470.8187,0.001031970838084817
9.613061224489796,468.85266,0.0007451134151779115
9.636281179138322,463.39954,0.0010905943345278502
9.659501133786849,463.81015,0.0009238987695425749
9.682721088435374,447.8864,0.0009130121907219291
9.7059410430839,444.3917,0.0009302484104409814
9.729160997732427,465.37158,0.0008666826179251075
9.752380952380953,424.24194,0.001048192847520113
9.775600907029478,460.96396,0.0011388789862394333
9.798820861678005,464.22824,0.0011127401376143098
9.822040816326531,426.04016,0.0011219666339457035
9.845260770975058,449.1514,0.0010047093965113163
9.868480725623582,447.72363,0.0009646965190768242
9.891700680272109,454.8925,0.0009900594595819712
9.914920634920636,467.06784,0.0008884121780283749
9.93814058956916,450.51202,0.0007965332479216158
9.961360544217687,439.6649,0.0009156613377854228
9.984580498866213,441.63107,0.0008511022897437215
10.00780045351474,441.1772,0.0007073223823681474
10.031020408163265,454.71585,0.00048396651982329786
10.054240362811791,507.87933,0.0004889873671345413
10.077460317460318,499.8726,0.0004385602369438857
10.100680272108844,504.5575,0.0003901397867593914
10.12390022675737,489.53003,0.00036653768620453775
10.147120181405896,470.93015,0.00034428422804921865
10.170340136054422,460.5826,0.0003802261780947447
10.193560090702949,451.1112,0.00039515848038718104
10.216780045351474,452.0214,0.000368662120308727
10.24,457.1235,0.0003741417021956295
10.263219954648527,451.41498,0.000344816071446985
10.286439909297052,448.82858,0.00029529992025345564
10.309659863945578,447.56598,0.0003443530877120793
10.332879818594105,449.63577,0.000367351109161973
10.356099773242631,452.26328,0.00036765349796041846
10.379319727891156,450.80112,0.00033712509321048856
10.402539682539683,452.71478,0.000409791391575709
10.425759637188209,482.49536,0.000477365218102932
10.448979591836736,489.10318,0.0004400269244797528
10.47219954648526,459.37457,0.00040546825039200485
10.495419501133787,450.81088,0.0004467583494260907
10.518639455782314,448.37625,0.0004043102671857923
10.54185941043084,450.2154,0.00038706877967342734
10.565079365079365,449.0679,0.00038221845170482993
10.588299319727891,442.67978,0.00035286444472149014
10.611519274376418,436.75458,0.00033964947215281427
10.634739229024943,441.97763,0.00031597804627381265
10.65795918367347,442.19858,0.00028985500102862716
10.681179138321996,454.51514,0.00026078539667651057
10.704399092970522,451.50235,0.0003096904547419399
10.727619047619047,459.7584,0.0003017687704414129
10.750839002267574,458.15286,0.00025479888427071273
10.7740589569161,452.06,0.0002760969800874591
10.797278911564627,431.21588,0.0003153764409944415
10.820498866213152,427.5404,0.00021866447059437633
10.843718820861678,426.86874,9.196324390359223e-05
10.866938775510205,445.47833,5.7966979511547834e-05
10.890158730158731,482.51776,2.119986675097607e-05
10.913378684807256,144.36658,1.4847275451757014e-05
10.936598639455783,153.01462,2.9655884645762853e-05
10.95981859410431,131.09071,3.2572101190453395e-05
10.983038548752834,140.53226,1.0083730558108073e-05
11.00625850340136,0.0,1.7479233065387234e-06
11.029478458049887,0.0,4.814328349311836e-07
11.052698412698414,0.0,2.5962526706280187e-07
11.075918367346938,0.0,1.8345326679991558e-07
11.099138321995465,0.0,5.4986230679787695e-08
11.122358276643991,0.0,3.627528712968342e-07
11.145578231292518,0.0,2.555461833253503e-07
11.168798185941043,0.0,1.9950039131799713e-07
11.19201814058957,0.0,3.359309630468488e-07
11.215238095238096,0.0,2.387378117418848e-07
11.23845804988662,0.0,2.923670763266273e-07
11.261678004535147,0.0,3.327122612972744e-07
11.284897959183674,0.0,1.2582768249558285e-07
11.3081179138322,0.0,1.3087355910101905e-07
11.331337868480725,0.0,3.3057312975870445e-07
11.354557823129252,0.0,4.942703526467085e-07
11.377777777777778,0.0,2.6171255740337074e-07
11.400997732426305,0.0,2.658362063812092e-08
