0.0,0.0,1.652979335631244e-07
0.023219954648526078,0.0,2.4267319531645626e-07
0.046439909297052155,0.0,1.4404213288798928e-07
0.06965986394557823,0.0,1.7861202650237828e-07
0.09287981859410431,0.0,3.246386768296361e-07
0.11609977324263039,0.0,2.0506377040874213e-07
0.13931972789115646,0.0,1.4446413842961192e-07
0.16253968253968254,0.0,5.698802851838991e-08
0.18575963718820862,0.0,1.6089234122773632e-07
0.2089795918367347,0.0,7.27850419934839e-08
0.23219954648526078,0.0,3.502045728964731e-07
0.25541950113378686,0.0,3.7831814552191645e-06
0.2786394557823129,139.51797,6.460230360971764e-05
0.301859410430839,160.65028,0.00026142841670662165
0.3250793650793651,669.5518,0.0005431062309071422
0.3482993197278912,617.12115,0.0007184908608905971
0.37151927437641724,604.47687,0.0007519522914662957
0.3947392290249433,587.3737,0.0007124750409275293
0.4179591836734694,606.74475,0.0006812945939600468
0.44117913832199546,605.4346,0.0007984457770362496
0.46439909297052157,616.7468,0.0009675288456492126
0.4876190476190476,603.2743,0.0012376714730635285
0.5108390022675737,604.05707,0.0015201246133074164
0.5340589569160998,614.0606,0.0018756650388240814
0.5572789115646258,613.49805,0.002096935175359249
0.5804988662131519,620.9555,0.002613762626424432
0.603718820861678,618.1405,0.003695438150316477
0.626938775510204,635.9379,0.004243071656674147
0.6501587301587302,633.0633,0.0033526208717375994
0.6733786848072563,624.75323,0.0012066492345184088
0.6965986394557824,256.11584,0.00038825912633910775
0.7198185941043084,200.91891,0.001471453346312046
0.7430385487528345,698.9859,0.0034410320222377777
0.7662585034013606,704.9089,0.0035833390429615974
0.7894784580498866,690.843,0.0026788394898176193
0.8126984126984127,685.02094,0.0024688029661774635
0.8359183673469388,671.1049,0.0035739317536354065
0.8591383219954649,665.8107,0.005755367688834667
0.8823582766439909,668.4862,0.00797425676137209
0.905578231292517,648.83984,0.010879882611334324
0.9287981859410431,652.5642,0.01254316046833992
0.9520181405895691,655.5889,0.013610822148621082
0.9752380952380952,668.3826,0.019040828570723534
0.9984580498866213,610.87494,0.021932419389486313
1.0216780045351475,612.5877,0.031335197389125824
1.0448979591836736,626.2848,0.03593507409095764
1.0681179138321997,628.301,0.017793653532862663
1.0913378684807256,615.3437,0.004255189560353756
1.1145578231292517,235.03514,0.005283864215016365
1.1377777777777778,258.39484,0.0038048105780035257
1.1609977324263039,272.5764,0.0029927913565188646
1.18421768707483,278.36295,0.00240133423358202
1.207437641723356,272.0161,0.0022031296975910664
1.2306575963718822,406.90024,0.0020502381958067417
1.253877551020408,407.64517,0.0028597707860171795
1.2770975056689342,779.18726,0.0039296080358326435
1.3003174603174603,811.88135,0.004760339856147766
1.3235374149659864,826.74445,0.006385487504303455
1.3467573696145125,845.744,0.007940893992781639
1.3699773242630386,849.83203,0.009325820952653885
1.3931972789115648,851.63666,0.00972018949687481
1.4164172335600906,859.0847,0.011028531938791275
1.4396371882086167,864.0348,0.013579418882727623
1.4628571428571429,867.99695,0.015223931521177292
1.486077097505669,864.77563,0.015822885558009148
1.509297052154195,867.04474,0.016326166689395905
1.5325170068027212,872.22687,0.01142902672290802
1.5557369614512473,873.47833,0.0036775998305529356
1.5789569160997732,340.4205,0.0015096534043550491
1.6021768707482993,281.33124,0.0012033793609589338
1.6253968253968254,320.49072,0.0017253626137971878
1.6486167800453515,343.7375,0.0014904846902936697
1.6718367346938776,706.7086,0.0020088735036551952
1.6950566893424037,351.131,0.0016374813858419657
1.7182766439909298,713.2315,0.001318142400123179
1.7414965986394557,715.03436,0.0020131024066358805
1.7647165532879818,711.19916,0.0027939407154917717
1.787936507936508,710.0551,0.003596574766561389
1.811156462585034,352.1607,0.005459056235849857
1.8343764172335602,1102.6959,0.00700704101473093
1.8575963718820863,1101.5638,0.009036721661686897
1.8808163265306124,353.08527,0.011918526142835617
1.9040362811791383,1134.513,0.01399274356663227
1.9272562358276644,711.30536,0.016710013151168823
1.9504761904761905,716.93994,0.01982087269425392
1.9736961451247166,721.30176,0.028572218492627144
1.9969160997732427,711.2117,0.026161449030041695
2.020136054421769,1252.133,0.008949768729507923
2.043356009070295,650.7861,0.005562772508710623
2.066575963718821,756.40015,0.0045274049043655396
2.089795918367347,781.3722,0.0028183830436319113
2.1130158730158732,776.59015,0.002112189307808876
2.1362358276643993,779.71185,0.001817711046896875
2.159455782312925,806.2792,0.0017555397935211658
2.182675736961451,388.53156,0.0020759000908583403
2.2058956916099772,805.4592,0.0026632160879671574
2.2291156462585033,803.11194,0.0032657624687999487
2.2523356009070294,801.87744,0.004214750602841377
2.2755555555555556,792.6704,0.005553592462092638
2.2987755102040817,786.3481,0.006870676297694445
2.3219954648526078,778.7765,0.007920637726783752
2.345215419501134,780.957,0.008985289372503757
2.36843537414966,785.7782,0.00952666811645031
2.391655328798186,786.7713,0.011020775884389877
2.414875283446712,787.70514,0.012659371830523014
2.4380952380952383,785.6222,0.012918651103973389
2.4613151927437644,769.66254,0.009503724053502083
2.48453514739229,707.6239,0.004291658289730549
2.507755102040816,639.29504,0.0024688756093382835
2.5309750566893423,620.072,0.0022484883666038513
2.5541950113378684,629.23444,0.0018066243501380086
2.5774149659863945,636.41046,0.0014507529558613896
2.6006349206349206,640.99493,0.0016531723085790873
2.6238548752834467,637.2584,0.0021859128028154373
2.647074829931973,641.1626,0.002954430878162384
2.670294784580499,651.7703,0.003868765663355589
2.693514739229025,655.692,0.005015451926738024
2.716734693877551,651.5851,0.005767202936112881
2.7399546485260773,648.12665,0.006706086918711662
2.7631746031746034,641.8161,0.006698944605886936
2.7863945578231295,643.0453,0.00621428620070219
2.809614512471655,651.01135,0.005899081006646156
2.8328344671201813,670.6995,0.006688984576612711
2.8560544217687074,666.13715,0.007379994727671146
2.8792743764172335,660.89014,0.008102616295218468
2.9024943310657596,643.1334,0.008480150252580643
2.9257142857142857,643.2802,0.00863597821444273
2.948934240362812,675.5188,0.00858384184539318
2.972154195011338,690.3245,0.007596155628561974
2.995374149659864,670.0954,0.005671866238117218
3.01859410430839,633.8544,0.0021306462585926056
3.0418140589569163,687.0515,0.002364872954785824
3.0650340136054424,686.67444,0.0017679000739008188
3.0882539682539685,669.9101,0.0011477521620690823
3.1114739229024946,681.7915,0.0011981823481619358
3.1346938775510207,692.63165,0.000940210884436965
3.1579138321995464,684.18726,0.0008541147690266371
3.1811337868480725,680.16174,0.000790208054240793
3.2043537414965986,683.9428,0.000726104190107435
3.2275736961451247,685.89264,0.0006855942774564028
3.250793650793651,686.0549,0.0007368144579231739
3.274013605442177,683.8455,0.0008560019778087735
3.297233560090703,681.82855,0.0010006000520661473
3.320453514739229,689.6588,0.0011785442475229502
3.3436734693877552,690.60254,0.0012504272162914276
3.3668934240362813,689.01263,0.0014202245511114597
3.3901133786848074,692.718,0.0015673525631427765
3.4133333333333336,691.33105,0.0016891687409952283
3.4365532879818597,694.68396,0.002046979032456875
3.4597732426303858,687.1212,0.00224844878539443
3.4829931972789114,684.1556,0.002047595102339983
3.5062131519274375,688.94965,0.001981711946427822
3.5294331065759637,689.872,0.0020613353699445724
3.5526530612244898,685.5558,0.0022517098113894463
3.575873015873016,688.95557,0.002324790460988879
3.599092970521542,692.11676,0.002450411906465888
3.622312925170068,691.6622,0.002670097164809704
3.645532879818594,688.0012,0.002566617913544178
3.6687528344671203,686.718,0.002319861203432083
3.6919727891156464,690.8116,0.0021870986092835665
3.7151927437641725,693.77606,0.0019368312787264585
3.7384126984126986,699.0758,0.001849899534136057
3.7616326530612247,693.6828,0.0019954312592744827
3.784852607709751,692.8783,0.0022631902247667313
3.8080725623582765,687.1211,0.0021767099387943745
3.8312925170068026,687.46655,0.002069240901619196
3.8545124716553287,688.3758,0.0020992918871343136
3.877732426303855,691.4729,0.0018672295846045017
3.900952380952381,694.46936,0.00140512571670115
3.924172335600907,692.18756,0.0011747847311198711
3.947392290249433,694.22943,0.0010943642118945718
3.9706122448979593,697.84045,0.001302081160247326
3.9938321995464854,687.9362,0.0015681928489357233
4.017052154195011,677.7324,0.0014760722406208515
4.040272108843538,676.34314,0.0015110657550394535
4.063492063492063,686.20917,0.001527827000245452
4.08671201814059,696.35815,0.0013568835565820336
4.1099319727891155,688.8963,0.0013602861436083913
4.133151927437642,681.50116,0.0012040751753374934
4.156371882086168,677.00134,0.0011777664767578244
4.179591836734694,680.4459,0.0012435747776180506
4.20281179138322,692.56335,0.0008060792461037636
4.2260317460317465,677.8214,0.0007823384366929531
4.249251700680272,680.1188,0.0007168587762862444
4.272471655328799,683.9986,0.0007773435208946466
4.295691609977324,675.3257,0.0008887631120160222
4.31891156462585,671.15204,0.0008162386948242784
4.342131519274377,674.15045,0.0008160470752045512
4.365351473922902,683.3795,0.0006458616117015481
4.388571428571429,674.6242,0.00047658011317253113
4.4117913832199545,670.01605,0.0004569533630274236
4.435011337868481,674.85114,0.00036972196539863944
4.458231292517007,680.74646,0.00014007360732648522
4.481451247165533,772.33606,1.4304193427960854e-05
4.504671201814059,0.0,2.4823384592309594e-06
4.527891156462585,0.0,1.0426592780277133e-06
4.551111111111111,0.0,2.5547706172801554e-07
4.574331065759638,0.0,1.3294902601046488e-07
4.597551020408163,0.0,2.0637344277929515e-07
4.62077097505669,0.0,1.54324879986234e-07
4.6439909297052155,0.0,8.174811227945611e-08
4.667210884353741,0.0,7.113794708857313e-08
4.690430839002268,0.0,9.13569238036871e-08
4.713650793650793,0.0,1.379139575874433e-07
4.73687074829932,0.0,4.1167731978930533e-07
4.760090702947846,0.0,1.4738998288521543e-07
4.783310657596372,0.0,2.0797688193852082e-07
4.806530612244898,0.0,1.9258823158452287e-07
4.829750566893424,0.0,6.685431799269281e-07
4.85297052154195,0.0,4.696885298471898e-07
4.876190476190477,0.0,4.096018528798595e-07
4.899410430839002,0.0,1.748758222674951e-07
4.922630385487529,0.0,3.441164153628051e-08
