0.0,0.0,3.299737727502361e-08
0.023219954648526078,0.0,2.4967448553070426e-08
0.046439909297052155,0.0,2.6113411877304316e-08
0.06965986394557823,0.0,3.142376954201609e-07
0.09287981859410431,0.0,1.6116091501316987e-06
0.11609977324263039,0.0,5.221168066782411e-06
0.13931972789115646,0.0,8.254731255874503e-06
0.16253968253968254,91.80086,1.0109436516358983e-05
0.18575963718820862,357.79703,1.4090865988691803e-05
0.2089795918367347,358.88678,1.9164293917128816e-05
0.23219954648526078,351.16687,2.5046572773135267e-05
0.25541950113378686,351.85846,3.097291482845321e-05
0.2786394557823129,345.75455,3.4765394957503304e-05
0.301859410430839,380.25308,3.351742634549737e-05
0.3250793650793651,384.40756,3.17874328175094e-05
0.3482993197278912,388.31583,3.6126035411143675e-05
0.37151927437641724,388.2033,3.790455957641825e-05
0.3947392290249433,388.0646,3.864102836814709e-05
0.4179591836734694,388.04166,4.26418446295429e-05
0.44117913832199546,389.41827,4.679853009292856e-05
0.46439909297052157,2553.9556,4.8765177780296654e-05
0.4876190476190476,2564.5193,4.826208169106394e-05
0.5108390022675737,2552.2896,5.622545359074138e-05
0.5340589569160998,2561.1294,5.307808896759525e-05
0.5572789115646258,391.65945,5.263676939648576e-05
0.5804988662131519,2589.4348,5.413258259068243e-05
0.603718820861678,2583.092,5.7870445743901655e-05
0.626938775510204,2567.115,5.8424557209946215e-05
0.6501587301587302,2568.077,6.324410060187802e-05
0.6733786848072563,2578.011,6.462966848630458e-05
0.6965986394557824,2554.7837,6.282437243498862e-05
0.7198185941043084,2547.9922,6.15039753029123e-05
0.7430385487528345,2554.9065,6.285132985794917e-05
0.7662585034013606,2576.135,6.171593122417107e-05
0.7894784580498866,2584.7986,6.821696297265589e-05
0.8126984126984127,2594.8904,6.60359364701435e-05
0.8359183673469388,2563.4429,6.246592238312587e-05
0.8591383219954649,2596.6604,5.581649384112097e-05
0.8823582766439909,2643.7207,5.7719713367987424e-05
0.905578231292517,123.16878,0.00010077237675432116
0.9287981859410431,343.2081,0.0001356197171844542
0.9520181405895691,335.47275,0.00012142761988798156
0.9752380952380952,337.28632,8.873362094163895e-05
0.9984580498866213,2642.928,7.415697473334149e-05
1.0216780045351475,2610.5935,6.428428605431691e-05
1.0448979591836736,2598.541,9.581163612892851e-05
1.0681179138321997,322.58868,0.00011762674694182351
1.0913378684807256,360.02762,0.00016669862088747323
1.1145578231292517,356.89026,0.00015970712411217391
1.1377777777777778,346.67908,0.00016312679508700967
1.1609977324263039,339.9842,0.0001692022051429376
1.18421768707483,363.87976,0.00015208525292109698
1.207437641723356,356.89273,9.981292532756925e-05
1.2306575963718822,317.94757,0.000128087485791184
1.253877551020408,404.1607,0.00012948700168635696
1.2770975056689342,327.56686,0.00011644156620604917
1.3003174603174603,398.1421,0.00013008719542995095
1.3235374149659864,329.65295,0.0001294196117669344
1.3467573696145125,346.54825,0.00014079584798309952
1.3699773242630386,351.59702,0.00014071782061364502
1.3931972789115648,344.40298,0.00010083938832394779
1.4164172335600906,116.88619,0.00011964650911977515
1.4396371882086167,399.1457,0.0001320284209214151
1.4628571428571429,336.22156,0.00011257212463533506
1.486077097505669,360.72214,0.00012648836127482355
1.509297052154195,402.02975,0.00012929373770020902
1.5325170068027212,328.61768,0.00011971977073699236
1.5557369614512473,368.94406,0.00014513054338749498
1.5789569160997732,358.00034,0.0001706018520053476
1.6021768707482993,330.7896,0.00017650483641773462
1.6253968253968254,322.32724,0.0001328962971456349
1.6486167800453515,278.81424,0.00013853023119736463
1.6718367346938776,277.44278,0.0001197632955154404
1.6950566893424037,377.03864,0.00014254740381147712
1.7182766439909298,391.503,0.0001512278540758416
1.7414965986394557,374.10178,0.00015975761925801635
1.7647165532879818,379.6964,0.0001691843062872067
1.787936507936508,368.50204,0.00018641397764440626
1.811156462585034,381.05798,0.0001817556330934167
1.8343764172335602,231.2386,0.00016401030006818473
1.8575963718820863,393.2415,0.00018803590501192957
1.8808163265306124,399.09558,0.00021441401622723788
1.9040362811791383,451.19385,0.00021755581838078797
1.9272562358276644,386.68857,0.0002059755497612059
1.9504761904761905,372.54132,0.0002103266742778942
1.9736961451247166,229.17015,0.00019291826174594462
1.9969160997732427,382.87125,0.00019401247845962644
2.020136054421769,457.04642,0.00017934280913323164
2.043356009070295,386.67218,0.00019549713761080056
2.066575963718821,211.94107,0.000225382624194026
2.089795918367347,388.53787,0.00024272740120068192
2.1130158730158732,379.44125,0.00027427097666077316
2.1362358276643993,387.85626,0.00025855351123027503
2.159455782312925,388.23444,0.00023187100305221975
2.182675736961451,388.16385,0.00023845524992793798
2.2058956916099772,218.78618,0.0002745675446931273
2.2291156462585033,391.3264,0.0003503444022499025
2.2523356009070294,461.03577,0.0003397444961592555
2.2755555555555556,390.27258,0.0003239138750359416
2.2987755102040817,461.4439,0.00026469494332559407
2.3219954648526078,2545.7039,0.00046027667121961713
2.345215419501134,2529.5842,0.0006051110103726387
2.36843537414966,463.162,0.0004301722510717809
2.391655328798186,367.55505,0.0006609542178921402
2.414875283446712,455.3261,0.0009569271933287382
2.4380952380952383,2535.5215,0.0009877205593511462
2.4613151927437644,2519.39,0.0009164901566691697
2.48453514739229,2554.4153,0.0008725965744815767
2.507755102040816,2592.418,0.0008762091165408492
2.5309750566893423,2613.7783,0.0007548743742518127
2.5541950113378684,463.26532,0.0007174232741817832
2.5774149659863945,461.88998,0.0007688652840442955
2.6006349206349206,467.20325,0.0008672591065987945
2.6238548752834467,466.9673,0.0008986784378066659
2.647074829931973,2587.2878,0.0008745209197513759
2.670294784580499,2566.6711,0.0007660656701773405
2.693514739229025,465.2033,0.0006483534234575927
2.716734693877551,387.16696,0.0006860763533040881
2.7399546485260773,445.30283,0.0006312652840279043
2.7631746031746034,445.00107,0.0007291585206985474
2.7863945578231295,463.95154,0.0010779505828395486
2.809614512471655,2565.1025,0.0011586453765630722
2.8328344671201813,2543.8604,0.000914427568204701
2.8560544217687074,2584.8877,0.0006832854705862701
2.8792743764172335,460.94827,0.0007468498079106212
2.9024943310657596,434.49533,0.000685550388880074
2.9257142857142857,444.68103,0.0006036412669345737
2.948934240362812,430.39392,0.0007956381887197495
2.972154195011338,469.1376,0.0009182869107462466
2.995374149659864,2576.5508,0.001123688998632133
3.01859410430839,2510.4275,0.0009773392230272293
3.0418140589569163,2532.5159,0.0007046855753287673
3.0650340136054424,2623.3472,0.0006430632784031332
3.0882539682539685,467.68323,0.0006962320767343044
3.1114739229024946,458.6963,0.0004831811529584229
3.1346938775510207,387.27533,0.0004389273817650974
3.1579138321995464,387.2568,0.0004095431067980826
3.1811337868480725,387.78058,0.00033048627665266395
3.2043537414965986,387.38345,0.00029652309603989124
3.2275736961451247,388.41455,0.00029950228054076433
3.250793650793651,440.90512,0.0002889480965677649
3.274013605442177,454.5468,0.00029205327155068517
3.297233560090703,455.26385,0.0002856043865904212
3.320453514739229,385.14752,0.0002821334928739816
3.3436734693877552,334.215,0.00029651582008227706
3.3668934240362813,384.20312,0.0003125099465250969
3.3901133786848074,382.8574,0.00035265821497887373
3.4133333333333336,385.56396,0.00031020090682432055
3.4365532879818597,452.8594,0.0002720264019444585
3.4597732426303858,452.75385,0.0003262477112002671
3.4829931972789114,452.20752,0.000308522314298898
3.5062131519274375,384.5324,0.0002819957444444299
3.5294331065759637,383.39722,0.000279310712357983
3.5526530612244898,384.61108,0.00029833416920155287
3.575873015873016,386.54205,0.0002638377482071519
3.599092970521542,453.2629,0.00023764348588883877
3.622312925170068,455.73978,0.00023550975311081856
3.645532879818594,456.59842,0.0002799701178446412
3.6687528344671203,450.5984,0.00030206155497580767
3.6919727891156464,386.73648,0.00027227122336626053
3.7151927437641725,385.71136,0.00026231014635413885
3.7384126984126986,385.46173,0.000297833961667493
3.7616326530612247,386.83917,0.00025659374659880996
3.784852607709751,380.615,0.00020848491112701595
3.8080725623582765,454.60617,0.00023865631374064833
3.8312925170068026,449.63727,0.00019787470228038728
3.8545124716553287,387.37,0.0001478948979638517
3.877732426303855,121.881195,0.00010246240708511323
3.900952380952381,115.729576,0.00013585411943495274
3.924172335600907,2552.2542,0.00011244471534155309
3.947392290249433,2555.3848,0.00013043242506682873
3.9706122448979593,2548.5989,0.0001273338421015069
3.9938321995464854,2567.0415,0.0001449060218874365
4.017052154195011,2577.6816,0.00015824835281819105
4.040272108843538,2570.6182,0.00014382120571099222
4.063492063492063,2555.0122,0.0001824476639740169
4.08671201814059,2523.9282,0.00019975648319814354
4.1099319727891155,2548.2834,0.00015280593652278185
4.133151927437642,2538.8838,0.00017180082795675844
4.156371882086168,2532.3813,0.00016358550055883825
4.179591836734694,2550.3328,0.00012592339771799743
4.20281179138322,2526.5256,0.00017909181769937277
4.2260317460317465,2528.6729,0.0001873138826340437
4.249251700680272,2527.3914,0.00017110454791691154
4.272471655328799,2541.0398,0.00020455109188333154
4.295691609977324,2561.3582,0.00018225194071419537
4.31891156462585,2552.847,0.00015744104166515172
4.342131519274377,2543.9487,0.000185293989488855
4.365351473922902,2527.106,0.00019034405704587698
4.388571428571429,2524.5166,0.00016315156244672835
4.4117913832199545,2549.9624,0.0001926403201650828
4.435011337868481,2536.2385,0.00017732582637108862
4.458231292517007,2536.4104,0.00016707112081348896
4.481451247165533,2540.9995,0.0001985802809940651
4.504671201814059,2528.7622,0.00019134150352329016
4.527891156462585,2537.961,0.00016936103929765522
4.551111111111111,2519.6467,0.00020782146020792425
4.574331065759638,2505.3772,0.0001858735631685704
4.597551020408163,2523.958,0.00014694209676235914
4.62077097505669,393.26627,0.00011841986997751519
4.6439909297052155,464.18588,8.98500147741288e-05
4.667210884353741,462.10468,4.6544300857931376e-05
4.690430839002268,195.27444,2.3432785383192822e-05
4.713650793650793,177.82123,2.500073424016591e-05
4.73687074829932,387.9164,3.356849629199132e-05
4.760090702947846,384.54538,4.982978862244636e-05
4.783310657596372,383.3757,5.1852814067387953e-05
4.806530612244898,384.5296,4.401009573484771e-05
4.829750566893424,378.1456,5.386255361372605e-05
4.85297052154195,380.77652,5.4628009820589796e-05
4.876190476190477,381.30328,5.9317349951015785e-05
4.899410430839002,2534.8472,5.921119009144604e-05
4.922630385487529,2533.544,6.124145147623494e-05
4.9458503401360545,2539.4712,6.631460564676672e-05
4.96907029478458,2551.1797,6.249055149964988e-05
4.992290249433107,2536.272,6.031323573552072e-05
5.015510204081632,2560.9934,5.997871994622983e-05
5.038730158730159,2562.1143,6.0706763179041445e-05
5.061950113378685,2586.8481,6.947231304366142e-05
5.085170068027211,2570.663,6.407735054381192e-05
5.108390022675737,2606.2532,6.568331446032971e-05
5.131609977324263,2613.9397,6.231067527551204e-05
5.154829931972789,2605.9763,6.006898183841258e-05
5.178049886621316,2631.1675,6.090755050536245e-05
5.201269841269841,2644.3545,6.071602911106311e-05
5.224489795918368,2660.5789,5.406261334428564e-05
5.2477097505668935,2683.8467,6.591621786355972e-05
5.27092970521542,2703.216,7.394466229015961e-05
5.294149659863946,2662.025,6.0945210861973464e-05
5.317369614512471,2753.1318,6.128761742729694e-05
5.340589569160998,2730.863,5.777240585302934e-05
5.363809523809524,2722.8574,5.434580089058727e-05
5.38702947845805,402.88058,6.251727609196678e-05
5.410249433106576,2712.2915,5.7571982324589044e-05
5.433469387755102,2740.4705,5.2468341891653836e-05
5.456689342403628,344.9346,5.327640610630624e-05
5.479909297052155,396.37918,5.82437714911066e-05
5.50312925170068,398.32056,6.140202458482236e-05
5.526349206349207,2688.5151,5.2165974921081215e-05
5.5495691609977325,401.76004,5.151915684109554e-05
5.572789115646259,401.57474,5.5684897233732045e-05
5.596009070294785,401.82977,5.1153860113117844e-05
5.61922902494331,340.38544,5.156016050023027e-05
5.642448979591837,395.92523,5.7403871323913336e-05
5.6656689342403626,401.1826,5.5506920034531504e-05
5.688888888888889,404.08398,5.593057721853256e-05
5.712108843537415,340.46915,5.6010354455793276e-05
5.735328798185941,340.2155,1.1839374565170147e-05
5.758548752834467,0.0,1.2892887752968818e-06
5.7817687074829935,0.0,6.57849341223482e-07
5.804988662131519,0.0,2.439410309307277e-07
5.828208616780046,0.0,9.159612091025338e-08
5.851428571428571,0.0,7.972721505211666e-08
5.874648526077098,0.0,4.75984052172862e-08
5.897868480725624,0.0,4.0126906242221594e-08
5.92108843537415,0.0,4.9169102567248046e-08
