0.0,0.0,1.9395884010009468e-08
0.023219954648526078,0.0,3.8307007343973964e-08
0.046439909297052155,0.0,5.995752871967852e-08
0.06965986394557823,0.0,6.656227924395353e-08
0.09287981859410431,0.0,5.412402970250696e-08
0.11609977324263039,0.0,3.026161721209064e-08
0.13931972789115646,0.0,3.107288648607209e-08
0.16253968253968254,0.0,8.263759809779003e-08
0.18575963718820862,0.0,6.47523847874254e-08
0.2089795918367347,0.0,4.212870408082381e-08
0.23219954648526078,0.0,1.1711563274729997e-08
0.25541950113378686,0.0,2.8017893782816827e-08
0.2786394557823129,0.0,2.9431248549371958e-08
0.301859410430839,22627.477,9.181773930322379e-05
0.3250793650793651,514.4392,9.563162893755361e-05
0.3482993197278912,248.41968,0.0001119218286476098
0.37151927437641724,252.3719,0.00013136499910615385
0.3947392290249433,531.8325,0.00014335582091007382
0.4179591836734694,529.7248,0.0001833433489082381
0.44117913832199546,529.80334,0.0002274454600410536
0.46439909297052157,138.66907,0.00024842622224241495
0.4876190476190476,530.9004,0.00029545192955993116
0.5108390022675737,530.611,0.00034973761648871005
0.5340589569160998,532.7494,0.00041988707380369306
0.5572789115646258,527.48865,0.0004152427427470684
0.5804988662131519,522.69385,0.0004712256486527622
0.603718820861678,522.8667,0.0004888463881798089
0.626938775510204,521.92114,0.000504086259752512
0.6501587301587302,526.83484,0.000593700329773128
0.6733786848072563,524.37805,0.0007861835183575749
0.6965986394557824,527.0306,0.0009477825369685888
0.7198185941043084,525.86633,0.0007261596038006246
0.7430385487528345,522.96356,0.0005963828880339861
0.7662585034013606,520.9547,0.0004265449824742973
0.7894784580498866,514.5782,0.0004776756395585835
0.8126984126984127,518.12476,0.0005749890115112066
0.8359183673469388,517.86096,0.0008445689454674721
0.8591383219954649,516.7699,0.0008223192417062819
0.8823582766439909,517.20416,0.0009491628152318299
0.905578231292517,516.91895,0.0009086868958547711
0.9287981859410431,519.2591,0.0008784905658103526
0.9520181405895691,520.1294,0.0008072847267612815
0.9752380952380952,693.7361,0.0009407993638888001
0.9984580498866213,517.803,0.0009337803930975497
1.0216780045351475,693.0998,0.0008625847403891385
1.0448979591836736,518.5422,0.000922119477763772
1.0681179138321997,688.03723,0.0009598811739124358
1.0913378684807256,522.55524,0.0010621860856190324
1.1145578231292517,691.80945,0.0013186570722609758
1.1377777777777778,519.13245,0.0011705562938004732
1.1609977324263039,690.08655,0.0010742619633674622
1.18421768707483,522.1636,0.001189816975966096
1.207437641723356,514.807,0.001162287313491106
1.2306575963718822,520.0385,0.001072204438969493
1.253877551020408,519.4059,0.0014101380947977304
1.2770975056689342,525.2706,0.0017222869209945202
1.3003174603174603,516.4084,0.0016280622221529484
1.3235374149659864,679.8584,0.0015466422773897648
1.3467573696145125,685.6635,0.00169074023142457
1.3699773242630386,524.53986,0.0021413578651845455
1.3931972789115648,531.515,0.0023020338267087936
1.4164172335600906,532.91656,0.0023705968633294106
1.4396371882086167,533.1465,0.0025449073873460293
1.4628571428571429,532.6029,0.002359356265515089
1.486077097505669,532.7842,0.002503773896023631
1.509297052154195,530.2912,0.0026544281281530857
1.5325170068027212,529.68616,0.002509798388928175
1.5557369614512473,528.792,0.0015091856475919485
1.5789569160997732,665.49976,0.00123519916087389
1.6021768707482993,698.1038,0.0011358917690813541
1.6253968253968254,702.0843,0.0011564076412469149
1.6486167800453515,697.11566,0.0015239198692142963
1.6718367346938776,687.52576,0.0017238357104361057
1.6950566893424037,673.15533,0.0020766600500792265
1.7182766439909298,676.84143,0.002010931260883808
1.7414965986394557,681.86255,0.0016750480281189084
1.7647165532879818,685.88873,0.0015885267639532685
1.787936507936508,687.3509,0.0017130644991993904
1.811156462585034,682.8771,0.0020566503517329693
1.8343764172335602,675.76044,0.002014143392443657
1.8575963718820863,683.2573,0.0018079234287142754
1.8808163265306124,687.28345,0.0017638643039390445
1.9040362811791383,685.8701,0.0019489285768941045
1.9272562358276644,679.396,0.00248798169195652
1.9504761904761905,673.30304,0.0018833378562703729
1.9736961451247166,680.4088,0.0010631076293066144
1.9969160997732427,2347.47,0.0010279410053044558
2.020136054421769,679.0955,0.000914960925001651
2.043356009070295,676.32495,0.0009782531997188926
2.066575963718821,671.14014,0.0013827023794874549
2.089795918367347,2514.8115,0.0016203185077756643
2.1130158730158732,2419.218,0.0014711692929267883
2.1362358276643993,2422.856,0.0017580402782186866
2.159455782312925,2400.891,0.0014904371928423643
2.182675736961451,2367.5942,0.0014369257260113955
2.2058956916099772,2410.2727,0.001496240496635437
2.2291156462585033,2427.4348,0.0013975737383589149
2.2523356009070294,2422.7397,0.0015207662945613265
2.2755555555555556,2452.2827,0.0015995927387848496
2.2987755102040817,2479.9922,0.0016471820417791605
2.3219954648526078,683.6885,0.0019599166698753834
2.345215419501134,2434.5513,0.0019700764678418636
2.36843537414966,681.0271,0.0015848245238885283
2.391655328798186,2462.7427,0.0012416248209774494
2.414875283446712,2408.231,0.0014643247704952955
2.4380952380952383,2575.3027,0.0015641502104699612
2.4613151927437644,684.5512,0.0020358830224722624
2.48453514739229,682.55927,0.0026813135482370853
2.507755102040816,2592.414,0.002548160031437874
2.5309750566893423,2518.2776,0.0025670621544122696
2.5541950113378684,2452.583,0.002611523726955056
2.5774149659863945,2467.2986,0.0029062004759907722
2.6006349206349206,2479.6272,0.0030161612667143345
2.6238548752834467,2549.4883,0.0029347336385399103
2.647074829931973,2581.724,0.0028522461652755737
2.670294784580499,2547.6523,0.002849696669727564
2.693514739229025,2510.9966,0.003114184830337763
2.716734693877551,2509.0493,0.0028582802042365074
2.7399546485260773,2447.056,0.0027927241753786802
2.7631746031746034,2442.522,0.00262270774692297
2.7863945578231295,688.8137,0.0020514638163149357
2.809614512471655,690.9835,0.0022254730574786663
2.8328344671201813,653.6175,0.003454165533185005
2.8560544217687074,659.0617,0.004446071106940508
2.8792743764172335,654.24347,0.004348498769104481
2.9024943310657596,659.0737,0.004519730806350708
2.9257142857142857,684.73645,0.0046821837313473225
2.948934240362812,684.91095,0.004655681550502777
2.972154195011338,681.5154,0.005319662392139435
2.995374149659864,668.7869,0.006304370705038309
3.01859410430839,637.1086,0.007017253432422876
3.0418140589569163,646.0186,0.0063490597531199455
3.0650340136054424,655.6215,0.005681193433701992
3.0882539682539685,680.9317,0.005496432073414326
3.1114739229024946,681.5157,0.00649198517203331
3.1346938775510207,677.2605,0.007605644408613443
3.1579138321995464,658.32605,0.008586233481764793
3.1811337868480725,657.0161,0.009463200345635414
3.2043537414965986,652.28656,0.007960718125104904
3.2275736961451247,627.61,0.009671281091868877
3.250793650793651,655.8779,0.009408289566636086
3.274013605442177,670.3153,0.011161617934703827
3.297233560090703,669.4163,0.01072259247303009
3.320453514739229,667.07166,0.010514364577829838
3.3436734693877552,667.03064,0.01106208935379982
3.3668934240362813,666.28467,0.01189219206571579
3.3901133786848074,666.29834,0.011021273210644722
3.4133333333333336,665.30066,0.01166113093495369
3.4365532879818597,669.4109,0.011661120690405369
3.4597732426303858,669.7662,0.011796193197369576
3.4829931972789114,668.0744,0.011448092758655548
3.5062131519274375,667.5221,0.011476518586277962
3.5294331065759637,670.15936,0.011437168344855309
3.5526530612244898,670.675,0.011404952965676785
3.575873015873016,672.102,0.007377109955996275
3.599092970521542,673.82996,0.005535251460969448
3.622312925170068,682.33136,0.004983932711184025
3.645532879818594,659.21594,0.007078610360622406
3.6687528344671203,617.7777,0.009097576141357422
3.6919727891156464,627.6493,0.010495455004274845
3.7151927437641725,646.28534,0.011555789038538933
3.7384126984126986,648.21155,0.01196543499827385
3.7616326530612247,636.69684,0.012966064736247063
3.784852607709751,625.04584,0.016221342608332634
3.8080725623582765,612.46747,0.01862168498337269
3.8312925170068026,618.5515,0.02156999707221985
3.8545124716553287,627.8956,0.024608589708805084
3.877732426303855,621.6714,0.025681696832180023
3.900952380952381,606.42017,0.021592268720269203
3.924172335600907,595.117,0.01923747919499874
3.947392290249433,595.49817,0.01690630055963993
3.9706122448979593,594.10126,0.015787651762366295
3.9938321995464854,595.0565,0.019790425896644592
4.017052154195011,597.5579,0.02344387210905552
4.040272108843538,598.6826,0.024068884551525116
4.063492063492063,587.7732,0.012951050885021687
4.08671201814059,700.63544,0.01068834774196148
4.1099319727891155,682.7102,0.00915616750717163
4.133151927437642,679.5105,0.008132565766572952
4.156371882086168,643.46716,0.008897721767425537
4.179591836734694,645.2819,0.008417107164859772
4.20281179138322,639.01166,0.0073110004886984825
4.2260317460317465,653.8217,0.007552846800535917
4.249251700680272,655.8174,0.008505251258611679
4.272471655328799,651.00793,0.008875822648406029
4.295691609977324,649.71857,0.008690502494573593
4.31891156462585,651.52185,0.009631453081965446
4.342131519274377,653.3562,0.009722065180540085
4.365351473922902,663.81104,0.009911710396409035
4.388571428571429,662.92175,0.01057837437838316
4.4117913832199545,666.4711,0.011514702811837196
4.435011337868481,666.75006,0.012667784467339516
4.458231292517007,661.8946,0.011553702875971794
4.481451247165533,647.0871,0.009493452496826649
4.504671201814059,564.54645,0.006607723422348499
4.527891156462585,565.66504,0.0065016974695026875
4.551111111111111,561.8242,0.007080262526869774
4.574331065759638,563.5708,0.008036229759454727
4.597551020408163,542.18774,0.00805396493524313
4.62077097505669,538.4337,0.00679399399086833
4.6439909297052155,553.02136,0.005714552942663431
4.667210884353741,562.79034,0.0056080943904817104
4.690430839002268,560.2033,0.004931330215185881
4.713650793650793,559.5321,0.005490937735885382
4.73687074829932,558.13275,0.005438973195850849
4.760090702947846,688.6874,0.005913063883781433
4.783310657596372,558.40533,0.006731212139129639
4.806530612244898,557.944,0.006805972196161747
4.829750566893424,559.56244,0.007551347371190786
4.85297052154195,557.08453,0.0057534268125891685
4.876190476190477,706.1936,0.004197330679744482
4.899410430839002,1336.9352,0.004040602128952742
4.922630385487529,699.8979,0.003668941557407379
4.9458503401360545,698.23236,0.0034346156753599644
4.96907029478458,692.8402,0.0035731839016079903
4.992290249433107,693.8266,0.003464806592091918
5.015510204081632,691.7272,0.003441490465775132
5.038730158730159,695.8156,0.0033900695852935314
5.061950113378685,444.83337,0.003353480249643326
5.085170068027211,2334.6616,0.0032376833260059357
5.108390022675737,2350.7856,0.0034800111316144466
5.131609977324263,2297.6982,0.0036589151713997126
5.154829931972789,2331.5146,0.003731226082891226
5.178049886621316,2322.7004,0.003828655229881406
5.201269841269841,447.55307,0.004029924049973488
5.224489795918368,451.19656,0.0037963276263326406
5.2477097505668935,709.4174,0.0035360432229936123
5.27092970521542,2299.3713,0.002861449960619211
5.294149659863946,719.09753,0.004504730459302664
5.317369614512471,698.53656,0.002848120406270027
5.340589569160998,689.44867,0.0032600685954093933
5.363809523809524,697.5974,0.002689782064408064
5.38702947845805,695.93646,0.002237956505268812
5.410249433106576,702.162,0.002343675121665001
5.433469387755102,699.9479,0.002362968632951379
5.456689342403628,699.0756,0.0027530326042324305
5.479909297052155,700.2248,0.002724400022998452
5.50312925170068,697.89136,0.0023433170281350613
5.526349206349207,703.7454,0.0027819303795695305
5.5495691609977325,700.5547,0.0028947261162102222
5.572789115646259,698.37946,0.002640502993017435
5.596009070294785,701.62396,0.0031292526982724667
5.61922902494331,700.2561,0.003017214359715581
5.642448979591837,700.78265,0.0029333047568798065
5.6656689342403626,702.0179,0.0029421146027743816
5.688888888888889,696.13525,0.002208139281719923
5.712108843537415,697.0773,0.0028684022836387157
5.735328798185941,692.2017,0.0028410200029611588
5.758548752834467,679.16266,0.002508406527340412
5.7817687074829935,690.4671,0.0022224332205951214
5.804988662131519,686.49915,0.001926208147779107
5.828208616780046,688.45483,0.0018733900506049395
5.851428571428571,692.4219,0.0019703758880496025
5.874648526077098,693.97784,0.00196668179705739
5.897868480725624,690.92255,0.0021386398002505302
5.92108843537415,688.9993,0.0020006359554827213
5.944308390022676,696.3649,0.0018860906129702926
5.9675283446712015,696.72925,0.002207404002547264
5.990748299319728,689.45575,0.0021932891104370356
6.013968253968254,687.402,0.002353847026824951
6.03718820861678,685.0495,0.0023827520199120045
6.060408163265306,681.4705,0.0022397744469344616
6.0836281179138325,680.1498,0.002483296673744917
6.106848072562358,662.00055,0.0028739464469254017
6.130068027210885,522.5294,0.0016527239931747317
6.15328798185941,511.59384,0.0010200001997873187
6.176507936507937,509.8438,0.0010905421804636717
6.199727891156463,523.5768,0.0010281304130330682
6.222947845804989,517.7995,0.0009358165552839637
6.246167800453515,521.72186,0.0010060170898213983
6.269387755102041,519.85364,0.001025747274979949
6.292607709750567,522.197,0.0010213222121819854
6.315827664399093,520.23157,0.0009732585167512298
6.339047619047619,516.9045,0.001036772970110178
6.362267573696145,522.92737,0.001072180224582553
6.3854875283446715,519.86615,0.0012722015380859375
6.408707482993197,518.5653,0.0012853926746174693
6.431927437641724,519.238,0.0012335628271102905
6.455147392290249,521.50903,0.001562268938869238
6.478367346938776,512.631,0.0018064492614939809
6.501587301587302,499.99817,0.0015475862892344594
6.524807256235828,515.422,0.0009561631013639271
6.548027210884354,504.3364,0.0008686315268278122
6.57124716553288,688.28784,0.0008755516028031707
6.594467120181406,672.98956,0.0007129374425858259
6.617687074829932,148.91014,0.0007202118868008256
6.640907029478458,228.43452,0.000898507481906563
6.664126984126984,675.0874,0.0008307318203151226
6.6873469387755105,670.1208,0.0009694095933809876
6.710566893424036,675.9041,0.0009347102604806423
6.733786848072563,675.5559,0.0008181307348422706
6.757006802721088,674.4409,0.0007318364223465323
6.780226757369615,148.48953,0.0007693635416217148
6.8034467120181406,147.4904,0.000766092911362648
6.826666666666667,148.98311,0.0009546114597469568
6.849886621315193,687.83026,0.000793885556049645
6.873106575963719,149.8078,0.0008445372804999352
6.896326530612245,680.7563,0.0005791483563371003
6.9195464852607715,147.18591,0.0006970027461647987
6.942766439909297,694.8066,0.0006782325217500329
6.965986394557823,492.4599,0.0007478456245735288
6.989206349206349,490.82663,0.0006739918026141822
7.012426303854875,489.22348,0.0005348661215975881
7.035646258503402,487.21887,0.0004181519616395235
7.058866213151927,485.74606,0.0005040658288635314
7.082086167800454,480.69153,0.0004619547980837524
7.1053061224489795,480.48007,0.0004322113818489015
7.128526077097506,492.67862,0.0003954954445362091
7.151746031746032,497.07083,0.00046579251647926867
7.174965986394558,495.53613,0.00038199382834136486
7.198185941043084,497.358,0.0004101681406609714
7.2214058956916105,497.75436,0.00048589330981485546
7.244625850340136,495.97073,0.00048207835061475635
7.267845804988662,496.0478,0.000449280982138589
7.291065759637188,497.46506,0.00047251165960915387
7.314285714285714,492.29453,0.0004441991331987083
7.337505668934241,495.13733,0.0003903806209564209
7.360725623582766,496.31415,0.00042371638119220734
7.383945578231293,286.9243,0.00035557174123823643
7.4071655328798185,287.00958,0.000341374019626528
7.430385487528345,287.89874,0.00033669715048745275
7.453605442176871,495.86093,0.0004202931886538863
7.476825396825397,491.2106,0.0005083517753519118
7.500045351473923,493.7841,0.00039434659993276
7.5232653061224495,491.39102,0.00029467663262039423
7.546485260770975,495.20782,0.00025285111041739583
7.569705215419502,288.58304,0.0002818535431288183
7.592925170068027,145.93015,0.00029254372930154204
7.616145124716553,495.71234,0.00027238469920121133
7.63936507936508,490.51685,0.0002889116294682026
7.662585034013605,491.70438,0.00025916355662047863
7.685804988662132,495.3764,0.00022199240629561245
7.7090249433106575,491.72897,0.00017873851174954325
7.732244897959184,497.0925,0.00013580867380369455
7.75546485260771,146.37517,3.983005808549933e-05
7.778684807256236,0.0,8.126832653942984e-06
7.801904761904762,0.0,1.2811760825570673e-06
7.8251247165532885,0.0,1.1006250133505091e-07
7.848344671201814,0.0,6.502159521915019e-08
7.871564625850341,0.0,5.532001523533836e-08
7.894784580498866,0.0,1.0314943210687488e-07
7.918004535147393,0.0,3.924014890799299e-08
7.9412244897959186,0.0,3.021705197170377e-08
7.964444444444444,0.0,2.813067112583667e-08
7.987664399092971,0.0,4.857429303228855e-08
8.010884353741497,0.0,3.7773133954033256e-08
8.034104308390022,0.0,6.863137969048694e-08
8.057324263038549,0.0,8.696861186763272e-08
8.080544217687075,0.0,4.5192791731096804e-08
8.103764172335602,0.0,3.5751327231992036e-08
