0.0,0.0,5.085439624963328e-08
0.023219954648526078,0.0,1.0589064913801849e-07
0.046439909297052155,0.0,1.068274286808446e-07
0.06965986394557823,0.0,1.1578322300920263e-07
0.09287981859410431,0.0,1.0283019946655259e-07
0.11609977324263039,0.0,7.853304850868881e-08
0.13931972789115646,0.0,1.4635406841989607e-07
0.16253968253968254,0.0,2.601618689368479e-07
0.18575963718820862,11171.803,0.00018072352395392954
0.2089795918367347,394.72574,0.0006473995745182037
0.23219954648526078,416.09592,0.0008745641098357737
0.25541950113378686,407.01144,0.0008407221175730228
0.2786394557823129,373.03088,0.0005570163484662771
0.301859410430839,357.3821,0.000528872013092041
0.3250793650793651,361.57852,0.0007958761416375637
0.3482993197278912,387.97946,0.0011375390458852053
0.37151927437641724,413.51584,0.0010819996241480112
0.3947392290249433,433.2039,0.0012548178201541305
0.4179591836734694,443.31152,0.0013631574111059308
0.44117913832199546,447.86386,0.0019159731455147266
0.46439909297052157,2543.7224,0.002391584450379014
0.4876190476190476,488.04224,0.003600714961066842
0.5108390022675737,2572.043,0.00790388137102127
0.5340589569160998,2394.6316,0.01091709453612566
0.5572789115646258,2350.3489,0.010009635239839554
0.5804988662131519,2360.3174,0.009971937164664268
0.603718820861678,2351.7595,0.00640384154394269
0.626938775510204,2614.2231,0.010485608130693436
0.6501587301587302,609.0362,0.028615271672606468
0.6733786848072563,681.82965,0.044001445174217224
0.6965986394557824,2360.1296,0.03609931468963623
0.7198185941043084,2330.4836,0.04076651483774185
0.7430385487528345,2256.7437,0.03602062910795212
0.7662585034013606,735.4552,0.05995339900255203
0.7894784580498866,656.56696,0.17380914092063904
0.8126984126984127,1015.92334,0.22593800723552704
0.8359183673469388,1045.4448,0.2469216287136078
0.8591383219954649,701.2576,0.17806988954544067
0.8823582766439909,662.01324,0.15224102139472961
0.905578231292517,655.5306,0.21836130321025848
0.9287981859410431,870.6862,0.2731785178184509
0.9520181405895691,989.2606,0.24076242744922638
0.9752380952380952,1005.7431,0.16358061134815216
0.9984580498866213,682.5383,0.1066940650343895
1.0216780045351475,727.21356,0.02147914096713066
1.0448979591836736,643.19336,0.011991389095783234
1.0681179138321997,605.37115,0.03006972000002861
1.0913378684807256,684.3332,0.05922481417655945
1.1145578231292517,2339.5505,0.061014629900455475
1.1377777777777778,2408.6863,0.019041115418076515
1.1609977324263039,644.53876,0.010227540507912636
1.18421768707483,2478.0142,0.006270537618547678
1.207437641723356,527.0077,0.005520986393094063
1.2306575963718822,2508.9236,0.009457428008317947
1.253877551020408,2476.5137,0.01026073843240738
1.2770975056689342,2486.8691,0.004953072406351566
1.3003174603174603,2834.3691,0.0027803373523056507
1.3235374149659864,446.45822,0.002272541169077158
1.3467573696145125,391.8994,0.0016998227220028639
1.3699773242630386,393.74243,0.0017424614634364843
1.3931972789115648,407.05887,0.001723367953673005
1.4164172335600906,429.3046,0.0018728331197053194
1.4396371882086167,422.47214,0.0017181755974888802
1.4628571428571429,398.76263,0.0017325740773230791
1.486077097505669,2520.5164,0.0013631945475935936
1.509297052154195,2620.1758,0.001263460610061884
1.5325170068027212,2511.3242,0.0012972505064681172
1.5557369614512473,406.56082,0.001898355782032013
1.5789569160997732,430.91464,0.002282323781400919
1.6021768707482993,2710.989,0.001620362512767315
1.6253968253968254,407.681,0.0012864818563684821
1.6486167800453515,2534.2686,0.0007091478328220546
1.6718367346938776,737.91846,0.0009223584784194827
1.6950566893424037,2519.246,0.0010453087743371725
1.7182766439909298,407.60767,0.0016677483217790723
1.7414965986394557,2693.721,0.0017629179637879133
1.7647165532879818,2577.8188,0.0013079291675239801
1.787936507936508,2672.676,0.0010677047539502382
1.811156462585034,2593.1724,0.000919058860745281
1.8343764172335602,2477.5093,0.0007540517835877836
1.8575963718820863,2499.6663,0.0009899036958813667
1.8808163265306124,428.61404,0.0006046972703188658
1.9040362811791383,766.37067,4.1110375605057925e-05
1.9272562358276644,0.0,3.3702417567837983e-07
1.9504761904761905,0.0,1.106036506826058e-07
1.9736961451247166,0.0,4.906360118184239e-08
1.9969160997732427,0.0,5.937545211054385e-08
2.020136054421769,0.0,1.22442543215584e-07
2.043356009070295,0.0,4.7485627874266356e-08
2.066575963718821,0.0,1.0644180292729288e-07
2.089795918367347,0.0,8.618735591880977e-08
2.1130158730158732,0.0,8.529787010047585e-08
2.1362358276643993,0.0,1.9103299564449117e-07
2.159455782312925,0.0,8.770075510255992e-08
2.182675736961451,0.0,1.5463319869013503e-07
2.2058956916099772,0.0,1.1936481314478442e-07
2.2291156462585033,0.0,1.2944019545102492e-07
2.2523356009070294,0.0,1.2593864084919915e-07
