0.0,0.0,1.679381966823712e-08
0.023219954648526078,0.0,3.1803210731595755e-08
0.046439909297052155,0.0,5.3175426728557795e-08
0.06965986394557823,0.0,1.9500475900713354e-08
0.09287981859410431,0.0,1.7732418200466782e-08
0.11609977324263039,0.0,8.084498404059559e-09
0.13931972789115646,0.0,1.8460923456586897e-08
0.16253968253968254,0.0,3.149034455418587e-08
0.18575963718820862,0.0,1.1138490663142875e-07
0.2089795918367347,0.0,1.3569115253631026e-07
0.23219954648526078,0.0,2.9601324058603495e-08
0.25541950113378686,0.0,2.1534106053877622e-08
0.2786394557823129,0.0,1.4253600966185331e-08
0.301859410430839,0.0,3.2443495001643896e-08
0.3250793650793651,0.0,5.204862645769026e-06
0.3482993197278912,343.40686,2.122200748999603e-05
0.37151927437641724,340.89185,3.580811608117074e-05
0.3947392290249433,338.04578,5.155300095793791e-05
0.4179591836734694,338.8705,7.814820855855942e-05
0.44117913832199546,344.59454,0.00010014753206633031
0.46439909297052157,404.05328,9.16013668756932e-05
0.4876190476190476,411.3195,9.699477232061327e-05
0.5108390022675737,401.76523,0.00011350047134328634
0.5340589569160998,346.1497,0.00012195561430417001
0.5572789115646258,420.3388,0.00012603877985384315
0.5804988662131519,445.59076,0.00013948122796136886
0.603718820861678,468.32968,0.0001640375703573227
0.626938775510204,475.9782,0.00016133533790707588
0.6501587301587302,462.4165,0.0001557128707645461
0.6733786848072563,446.90628,0.00016116394544951618
0.6965986394557824,457.59424,0.00026969827013090253
0.7198185941043084,488.4093,0.0004978114739060402
0.7430385487528345,2326.8125,0.0005518569378182292
0.7662585034013606,2269.0327,0.000716343754902482
0.7894784580498866,2290.374,0.0005071352934464812
0.8126984126984127,2619.5605,0.0005730909178964794
0.8359183673469388,512.137,0.000696383009199053
0.8591383219954649,2286.0378,0.0009168838150799274
0.8823582766439909,2640.364,0.0010683999862521887
0.905578231292517,2904.499,0.0010230992920696735
0.9287981859410431,2857.6006,0.0012779629323631525
0.9520181405895691,2573.1658,0.0010924194939434528
0.9752380952380952,2512.7324,0.0012685577385127544
0.9984580498866213,2715.596,0.0013529197312891483
1.0216780045351475,2826.0078,0.0030101891607046127
1.0448979591836736,2275.0474,0.005597146227955818
1.0681179138321997,2295.058,0.0030247862450778484
1.0913378684807256,700.5437,0.0026576195377856493
1.1145578231292517,2222.7114,0.0037048880476504564
1.1377777777777778,2227.0183,0.00541134737432003
1.1609977324263039,2300.3826,0.006568478886038065
1.18421768707483,748.457,0.007413408253341913
1.207437641723356,753.14453,0.010386476293206215
1.2306575963718822,618.5642,0.010486271232366562
1.253877551020408,742.46436,0.008287318050861359
1.2770975056689342,755.8676,0.008389478549361229
1.3003174603174603,759.1351,0.013918556272983551
1.3235374149659864,644.00415,0.02748842164874077
1.3467573696145125,685.8037,0.03456517681479454
1.3699773242630386,704.7786,0.031032424420118332
1.3931972789115648,701.11993,0.03960822522640228
1.4164172335600906,676.41113,0.021266218274831772
1.4396371882086167,653.37085,0.029870830476284027
1.4628571428571429,669.8731,0.057848941534757614
1.486077097505669,699.6645,0.04204991087317467
1.509297052154195,733.0246,0.04602640122175217
1.5325170068027212,746.9166,0.04851983115077019
1.5557369614512473,734.1869,0.0541335865855217
1.5789569160997732,717.6625,0.04710840806365013
1.6021768707482993,723.1788,0.05873367190361023
1.6253968253968254,751.0926,0.08698034286499023
1.6486167800453515,789.21313,0.11420265585184097
1.6718367346938776,808.57495,0.10241839289665222
1.6950566893424037,804.00146,0.10550399124622345
1.7182766439909298,776.6175,0.06769339740276337
1.7414965986394557,758.08386,0.08271092176437378
1.7647165532879818,770.24274,0.12236714363098145
1.787936507936508,792.89014,0.1392909288406372
1.811156462585034,803.687,0.12882240116596222
1.8343764172335602,790.60895,0.07130277156829834
1.8575963718820863,748.6693,0.06872574985027313
1.8808163265306124,706.7352,0.0758759081363678
1.9040362811791383,700.9949,0.05672647804021835
1.9272562358276644,719.6202,0.06787678599357605
1.9504761904761905,739.16943,0.057224541902542114
1.9736961451247166,744.4245,0.06716471910476685
1.9969160997732427,724.48785,0.06513971090316772
2.020136054421769,693.8789,0.05623139813542366
2.043356009070295,666.13873,0.053573787212371826
2.066575963718821,668.9585,0.08336196094751358
2.089795918367347,688.30475,0.07664260268211365
2.1130158730158732,706.7896,0.06270763278007507
2.1362358276643993,705.94824,0.05999118089675903
2.159455782312925,680.65674,0.028938397765159607
2.182675736961451,619.4841,0.021610978990793228
2.2058956916099772,595.3926,0.0211784727871418
2.2291156462585033,604.88116,0.030863577499985695
2.2523356009070294,622.0688,0.02675383910536766
2.2755555555555556,632.95087,0.02478747069835663
2.2987755102040817,621.54376,0.01948501169681549
2.3219954648526078,596.7602,0.01478405948728323
2.345215419501134,733.01587,0.015226488932967186
2.36843537414966,2331.499,0.014751004055142403
2.391655328798186,2308.124,0.015069590881466866
2.414875283446712,2382.347,0.015530365519225597
2.4380952380952383,725.43756,0.01208419818431139
2.4613151927437644,2375.3933,0.0030783084221184254
2.48453514739229,602.6185,0.001607252168469131
2.507755102040816,2424.4097,0.0015215846942737699
2.5309750566893423,2354.0112,0.0016042612260207534
2.5541950113378684,2493.4077,0.0016217464581131935
2.5774149659863945,2765.4248,0.0017412040615454316
2.6006349206349206,2788.4475,0.001576014212332666
2.6238548752834467,2601.4065,0.0015867099864408374
2.647074829931973,2385.3845,0.00066161691211164
2.670294784580499,2963.7527,0.0006503249751403928
2.693514739229025,2955.0596,0.00100429798476398
2.716734693877551,2449.3704,0.0020862831734120846
2.7399546485260773,2382.4814,0.0017813066951930523
2.7631746031746034,2371.1406,0.000867404043674469
2.7863945578231295,2814.3416,0.0005216372082941234
2.809614512471655,453.3759,0.0003674782929010689
2.8328344671201813,440.73083,0.0003816843091044575
2.8560544217687074,2525.1758,0.00035570544423535466
2.8792743764172335,2570.2412,0.0003935090498998761
2.9024943310657596,2743.4465,0.0003967168740928173
2.9257142857142857,2559.242,0.00031184020917862654
2.948934240362812,2654.39,0.0002698804601095617
2.972154195011338,389.1227,0.0001841819321271032
2.995374149659864,2499.263,0.00018413922225590795
3.01859410430839,2519.501,0.00022665702272206545
3.0418140589569163,409.80222,0.0002694499562494457
3.0650340136054424,417.88937,0.0002642931940499693
3.0882539682539685,410.6508,0.00021491068764589727
3.1114739229024946,389.6443,0.000163790668011643
3.1346938775510207,2439.2961,0.00015461156726814806
3.1579138321995464,2450.303,0.00018385204020887613
3.1811337868480725,396.44055,0.0002774096792563796
3.2043537414965986,417.01962,0.00030345836421474814
3.2275736961451247,2561.8794,0.0002934710937552154
3.250793650793651,424.9754,0.0002865599817596376
3.274013605442177,398.90375,0.0001936222251970321
3.297233560090703,2458.552,0.00013598258374258876
3.320453514739229,2534.5469,0.0001608816091902554
3.3436734693877552,393.67923,0.0002676171134226024
3.3668934240362813,418.37802,0.00034816941479220986
3.3901133786848074,2481.1013,0.00035673234378919005
3.4133333333333336,2436.397,0.0002497850509826094
3.4365532879818597,2729.5413,0.0002390687877777964
3.4597732426303858,2536.7368,0.00014728520181961358
3.4829931972789114,2483.7878,0.0001218170509673655
3.5062131519274375,2489.7903,0.00016086445248220116
3.5294331065759637,2548.9895,0.0002565010217949748
3.5526530612244898,2928.8877,0.0003253786126151681
3.575873015873016,2660.9905,0.00035451463190838695
3.599092970521542,2711.9783,0.00022164962138049304
3.622312925170068,412.422,0.000195416621863842
3.645532879818594,2602.6345,0.00012098276056349277
3.6687528344671203,2537.7615,0.00014171744987834245
3.6919727891156464,2499.5344,0.00018141258624382317
3.7151927437641725,404.79465,0.0002137071278411895
3.7384126984126986,2881.1252,0.0002589645446278155
3.7616326530612247,2723.4316,0.00018141508917324245
3.784852607709751,2831.6182,0.0001899061317089945
3.8080725623582765,2610.5977,0.00015044884639792144
3.8312925170068026,2612.1992,0.00013508375559467822
3.8545124716553287,2480.1191,0.0001531626912765205
3.877732426303855,2572.801,8.743581565795466e-05
3.900952380952381,427.06247,1.1616473784670234e-05
3.924172335600907,0.0,2.6159432309214026e-07
3.947392290249433,0.0,7.699873094679788e-08
3.9706122448979593,0.0,1.5432306099683046e-08
3.9938321995464854,0.0,1.2963027984369546e-08
4.017052154195011,0.0,1.443640940124169e-08
4.040272108843538,0.0,1.9108483684249222e-08
4.063492063492063,0.0,1.8016180547419935e-08
4.08671201814059,0.0,2.6112502382602543e-08
4.1099319727891155,0.0,1.757689460646361e-08
4.133151927437642,0.0,8.1436155596748e-09
4.156371882086168,0.0,1.3024873624090105e-08
4.179591836734694,0.0,2.202159521402791e-08
4.20281179138322,0.0,2.9504008125513792e-08
4.2260317460317465,0.0,1.4835677575320005e-08
4.249251700680272,0.0,1.9708750187419355e-08
4.272471655328799,0.0,3.5815901355817914e-08
