0.0,0.0,2.0942752598784864e-07
0.023219954648526078,0.0,4.306002665543929e-08
0.046439909297052155,0.0,1.1618521966738626e-07
0.06965986394557823,0.0,1.1619704309850931e-07
0.09287981859410431,0.0,4.7686626203358173e-08
0.11609977324263039,0.0,1.3954377209302038e-07
0.13931972789115646,0.0,1.6133526514749974e-07
0.16253968253968254,0.0,1.1429165169829503e-07
0.18575963718820862,0.0,9.383229553350247e-07
0.2089795918367347,23862.574,6.161620694911107e-05
0.23219954648526078,256.23865,0.00011139849084429443
0.25541950113378686,253.16681,0.00014042349357623607
0.2786394557823129,252.81525,0.00014572282088920474
0.301859410430839,248.33946,0.0001799716701498255
0.3250793650793651,247.09494,0.00022835464915260673
0.3482993197278912,256.048,0.00021943074534647167
0.37151927437641724,273.3155,0.0003245508996769786
0.3947392290249433,290.68912,0.0002743778459262103
0.4179591836734694,380.34048,0.0002529066987335682
0.44117913832199546,379.9955,0.00030090531799942255
0.46439909297052157,374.7099,0.00039779033977538347
0.4876190476190476,367.08887,0.0003884136094711721
0.5108390022675737,383.06506,0.0004243606235831976
0.5340589569160998,2859.41,0.0008222867036238313
0.5572789115646258,3004.1128,0.001261953148059547
0.5804988662131519,443.8321,0.0012269882718101144
0.603718820861678,440.19138,0.0008946054731495678
0.626938775510204,432.33844,0.0007008714601397514
0.6501587301587302,437.91193,0.0012684958055615425
0.6733786848072563,449.82132,0.0020081475377082825
0.6965986394557824,412.2336,0.0023497575893998146
0.7198185941043084,510.48346,0.0023675253614783287
0.7430385487528345,2858.1858,0.00248691625893116
0.7662585034013606,495.08337,0.0026405584067106247
0.7894784580498866,476.8523,0.002482140902429819
0.8126984126984127,416.39536,0.002756895497441292
0.8359183673469388,435.43008,0.0030477112159132957
0.8591383219954649,2975.4158,0.00437660189345479
0.8823582766439909,3015.5686,0.004030363634228706
0.905578231292517,3032.4375,0.00340297375805676
0.9287981859410431,2965.8083,0.003290128195658326
0.9520181405895691,2951.9075,0.0037747551687061787
0.9752380952380952,2985.098,0.0050460705533623695
0.9984580498866213,2840.9436,0.007097982801496983
1.0216780045351475,2963.0464,0.010469626635313034
1.0448979591836736,3029.684,0.011986296623945236
1.0681179138321997,2981.3838,0.011557579040527344
1.0913378684807256,2971.523,0.012255501002073288
1.1145578231292517,2925.9263,0.011840900406241417
1.1377777777777778,2728.3792,0.007692532613873482
1.1609977324263039,2967.0547,0.015367808751761913
1.18421768707483,609.0094,0.017804153263568878
1.207437641723356,607.9287,0.013722386211156845
1.2306575963718822,2977.2607,0.012169869616627693
1.253877551020408,2749.6409,0.011429162696003914
1.2770975056689342,2892.8743,0.01940212771296501
1.3003174603174603,615.1993,0.03949223458766937
1.3235374149659864,654.6851,0.07296805083751678
1.3467573696145125,686.14856,0.09423917531967163
1.3699773242630386,687.4186,0.07411859929561615
1.3931972789115648,668.7114,0.055438023060560226
1.4164172335600906,670.1045,0.07185426354408264
1.4396371882086167,695.9648,0.07595214247703552
1.4628571428571429,732.4451,0.06432583928108215
1.486077097505669,618.1537,0.07410677522420883
1.509297052154195,634.6957,0.08759868144989014
1.5325170068027212,619.47064,0.097943514585495
1.5557369614512473,735.6871,0.10229001939296722
1.5789569160997732,742.5761,0.08850082755088806
1.6021768707482993,730.846,0.10302527248859406
1.6253968253968254,613.0136,0.11815356463193893
1.6486167800453515,625.3759,0.10381492972373962
1.6718367346938776,613.2032,0.12315813452005386
1.6950566893424037,734.28204,0.15046490728855133
1.7182766439909298,701.33,0.10649369657039642
1.7414965986394557,693.16266,0.14971594512462616
1.7647165532879818,720.11707,0.15869532525539398
1.787936507936508,732.0187,0.16597086191177368
1.811156462585034,720.17883,0.1202334389090538
1.8343764172335602,668.8978,0.05260492116212845
1.8575963718820863,605.1388,0.03710097819566727
1.8808163265306124,594.70844,0.04172355681657791
1.9040362811791383,602.8013,0.05530169606208801
1.9272562358276644,609.414,0.06415026634931564
1.9504761904761905,611.526,0.04505605250597
1.9736961451247166,596.7401,0.024257274344563484
1.9969160997732427,2897.9915,0.01967816799879074
2.020136054421769,2921.9443,0.013425893150269985
2.043356009070295,2879.691,0.015508042648434639
2.066575963718821,2888.422,0.022266875952482224
2.089795918367347,3025.6343,0.02843037247657776
2.1130158730158732,529.46027,0.025787733495235443
2.1362358276643993,2867.707,0.011088425293564796
2.159455782312925,2891.1724,0.007201798260211945
2.182675736961451,3007.9946,0.007418682798743248
2.2058956916099772,2970.3015,0.007040656637400389
2.2291156462585033,3068.467,0.008454673923552036
2.2523356009070294,3074.7595,0.00786564964801073
2.2755555555555556,3037.1785,0.007534983102232218
2.2987755102040817,2905.1296,0.0063869766891002655
2.3219954648526078,2958.1233,0.003969211131334305
2.345215419501134,387.3519,0.0039300862699747086
2.36843537414966,390.127,0.0047026462852954865
2.391655328798186,399.66736,0.005261453799903393
2.414875283446712,420.14276,0.005669205449521542
2.4380952380952383,2821.7075,0.0045753661543130875
2.4613151927437644,397.9988,0.0024753245525062084
2.48453514739229,438.8789,0.001356939785182476
2.507755102040816,2870.4731,0.001112630357965827
2.5309750566893423,2831.918,0.0013542327797040343
2.5541950113378684,2847.7817,0.0015704152174293995
2.5774149659863945,2957.148,0.0015591469127684832
2.6006349206349206,2922.693,0.001054275780916214
2.6238548752834467,3049.8606,0.0009696909692138433
2.647074829931973,3297.525,0.0009731316240504384
2.670294784580499,371.05374,0.0009749346063472331
2.693514739229025,323.87732,0.0008728319080546498
2.716734693877551,3121.4736,0.0007043350487947464
2.7399546485260773,3143.3003,0.0007490288699045777
2.7631746031746034,3135.8208,0.0009520257590338588
2.7863945578231295,305.81165,0.0008553003426641226
2.809614512471655,256.7205,0.0006973582785576582
2.8328344671201813,294.6627,0.000803128001280129
2.8560544217687074,267.29483,0.0008700406178832054
2.8792743764172335,277.35666,0.0005982663715258241
2.9024943310657596,285.84662,0.0006482404423877597
2.9257142857142857,281.11987,0.0005951113998889923
2.948934240362812,271.32452,0.0005591582739725709
2.972154195011338,266.62735,0.0006570328259840608
2.995374149659864,269.17163,0.0006782565033063293
3.01859410430839,288.65436,0.0007261910359375179
3.0418140589569163,299.98926,0.0007649403996765614
3.0650340136054424,304.65952,0.0008019399829208851
3.0882539682539685,294.7772,0.0006960638565942645
3.1114739229024946,254.75406,0.00046625034883618355
3.1346938775510207,255.00954,0.0004695746465586126
3.1579138321995464,255.23645,0.000658967241179198
3.1811337868480725,256.26648,0.0006946944631636143
3.2043537414965986,291.31686,0.000783577561378479
3.2275736961451247,298.15942,0.0008487458690069616
3.250793650793651,291.2752,0.0005893999477848411
3.274013605442177,253.93442,0.00045475963270291686
3.297233560090703,253.61324,0.00041125796269625425
3.320453514739229,256.4661,0.0005552230286411941
3.3436734693877552,252.46716,0.000664321007207036
3.3668934240362813,293.97098,0.0006638302002102137
3.3901133786848074,311.61047,0.0004879027255810797
3.4133333333333336,3373.8186,0.0004758323775604367
3.4365532879818597,292.34723,0.00042307167313992977
3.4597732426303858,245.87192,0.0003292878973297775
3.4829931972789114,259.39532,0.00042801914969459176
3.5062131519274375,250.30775,0.00033290425199083984
3.5294331065759637,278.22876,0.00014938073582015932
3.5526530612244898,292.3975,3.639697752078064e-05
3.575873015873016,0.0,1.8721957530942746e-06
3.599092970521542,0.0,6.358095561154187e-07
3.622312925170068,0.0,5.27888914803043e-08
3.645532879818594,0.0,4.300818545743823e-08
3.6687528344671203,0.0,5.145557224750519e-08
3.6919727891156464,0.0,6.284153641900048e-08
3.7151927437641725,0.0,1.6392459656344727e-07
3.7384126984126986,0.0,1.4195302355801687e-07
3.7616326530612247,0.0,1.0610983736114576e-07
3.784852607709751,0.0,1.584976416779682e-07
3.8080725623582765,0.0,6.507616490125656e-08
3.8312925170068026,0.0,1.1823431123048067e-07
3.8545124716553287,0.0,1.2623422662727535e-07
3.877732426303855,0.0,2.9097009246470407e-07
3.900952380952381,0.0,1.2843065633205697e-07
3.924172335600907,0.0,7.567814463982359e-08
3.947392290249433,0.0,9.630093700252473e-08
3.9706122448979593,0.0,8.004553819773719e-08
3.9938321995464854,0.0,2.1092819224577397e-07
4.017052154195011,0.0,8.55043253977783e-08
