0.0,0.0,1.5340265235863626e-07
0.023219954648526078,0.0,1.5751811588415876e-07
0.046439909297052155,0.0,1.3023236533626914e-07
0.06965986394557823,0.0,1.118905856856145e-07
0.09287981859410431,0.0,2.1042069420218468e-07
0.11609977324263039,0.0,4.0589111449662596e-07
0.13931972789115646,0.0,4.858748070546426e-07
0.16253968253968254,0.0,1.5290970623027533e-07
0.18575963718820862,0.0,3.691638994496316e-08
0.2089795918367347,0.0,1.4193392416927963e-07
0.23219954648526078,22557.271,5.801570659969002e-05
0.25541950113378686,270.287,0.00036784785334020853
0.2786394557823129,259.42325,0.0004928110865876079
0.301859410430839,261.57083,0.000403992657084018
0.3250793650793651,256.904,0.00032713112886995077
0.3482993197278912,252.99197,0.00033987261122092605
0.37151927437641724,267.34232,0.0008652150863781571
0.3947392290249433,288.44443,0.0008647342910990119
0.4179591836734694,310.49097,0.0006526871584355831
0.44117913832199546,316.54504,0.0007122990791685879
0.46439909297052157,307.83752,0.0006344997673295438
0.4876190476190476,301.5354,0.0006687002023681998
0.5108390022675737,299.47266,0.0006415637908503413
0.5340589569160998,308.16916,0.0006829029880464077
0.5572789115646258,325.45053,0.0011942838318645954
0.5804988662131519,338.2799,0.0016876030713319778
0.603718820861678,343.57852,0.0018228946719318628
0.626938775510204,341.9676,0.001945250085555017
0.6501587301587302,336.4587,0.0020953179337084293
0.6733786848072563,337.91986,0.0021766347344964743
0.6965986394557824,347.26,0.0009589489782229066
0.7198185941043084,360.9142,0.0013367969077080488
0.7430385487528345,366.41492,0.0011683034244924784
0.7662585034013606,365.5654,0.0014857710339128971
0.7894784580498866,359.3557,0.0015034574316814542
0.8126984126984127,358.79172,0.0016114565078169107
0.8359183673469388,370.83228,0.001658845809288323
0.8591383219954649,389.55573,0.0028298087418079376
0.8823582766439909,407.1374,0.0034534267615526915
0.905578231292517,419.47855,0.003477680031210184
0.9287981859410431,419.49622,0.0038181450217962265
0.9520181405895691,410.63434,0.0035785362124443054
0.9752380952380952,408.42755,0.003932127729058266
0.9984580498866213,421.73563,0.0034583548549562693
1.0216780045351475,443.61224,0.005868706852197647
1.0448979591836736,455.2305,0.00601053424179554
1.0681179138321997,459.75095,0.005236154422163963
1.0913378684807256,461.35605,0.004787606652826071
1.1145578231292517,464.90295,0.0036404167767614126
1.1377777777777778,485.46805,0.00402165949344635
1.1609977324263039,518.9549,0.014517374336719513
1.18421768707483,536.6091,0.015688307583332062
1.207437641723356,532.3032,0.006519217975437641
1.2306575963718822,512.09186,0.004109606612473726
1.253877551020408,500.64438,0.005080074071884155
1.2770975056689342,506.13467,0.006903030443936586
1.3003174603174603,525.23627,0.03453722968697548
1.3235374149659864,544.4168,0.0605354905128479
1.3467573696145125,557.58704,0.07703499495983124
1.3699773242630386,554.3377,0.04872561991214752
1.3931972789115648,544.23,0.03281122446060181
1.4164172335600906,539.8512,0.03532584011554718
1.4396371882086167,546.40405,0.06635752320289612
1.4628571428571429,566.3912,0.05407169833779335
1.486077097505669,599.882,0.05862155929207802
1.509297052154195,626.2245,0.05626364424824715
1.5325170068027212,630.5711,0.07408561557531357
1.5557369614512473,618.6771,0.07005593180656433
1.5789569160997732,605.37885,0.06635871529579163
1.6021768707482993,600.98364,0.056478969752788544
1.6253968253968254,596.2508,0.04555351659655571
1.6486167800453515,582.4247,0.07348380237817764
1.6718367346938776,561.4079,0.023556312546133995
1.6950566893424037,534.35706,0.015240762382745743
1.7182766439909298,527.8113,0.023316379636526108
1.7414965986394557,533.7238,0.02759922295808792
1.7647165532879818,534.75323,0.019679956138134003
1.787936507936508,529.27124,0.005647753365337849
1.811156462585034,510.16934,0.005553325638175011
1.8343764172335602,496.84073,0.0057783182710409164
1.8575963718820863,497.2617,0.00536300940439105
1.8808163265306124,500.87347,0.005037716589868069
1.9040362811791383,495.14612,0.0052855066023766994
1.9272562358276644,468.38608,0.0071493834257125854
1.9504761904761905,446.6281,0.007162437308579683
1.9736961451247166,443.3663,0.006292816251516342
1.9969160997732427,443.7558,0.006024370901286602
2.020136054421769,443.2039,0.00492382887750864
2.043356009070295,437.45187,0.0037657052744179964
2.066575963718821,421.90353,0.005399083718657494
2.089795918367347,407.32492,0.004601266235113144
2.1130158730158732,398.00372,0.004133438691496849
2.1362358276643993,397.35587,0.004275490064173937
2.159455782312925,397.35837,0.0034531541168689728
2.182675736961451,390.84747,0.0025110796559602022
2.2058956916099772,377.65073,0.0019909886177629232
2.2291156462585033,364.89285,0.002325700595974922
2.2523356009070294,360.55768,0.0026625851169228554
2.2755555555555556,359.86194,0.00238073174841702
2.2987755102040817,357.93845,0.0020136074163019657
2.3219954648526078,352.47986,0.001820920268073678
2.345215419501134,338.91403,0.002507438650354743
2.36843537414966,332.0869,0.0020817387849092484
2.391655328798186,329.6617,0.002050264272838831
2.414875283446712,333.563,0.0023797163739800453
2.4380952380952383,335.6145,0.0022289941553026438
2.4613151927437644,332.119,0.001242810278199613
2.48453514739229,321.8118,0.0008950928458943963
2.507755102040816,311.5126,0.0009601493366062641
2.5309750566893423,301.17728,0.0011868402361869812
2.5541950113378684,294.14017,0.00167171866632998
2.5774149659863945,287.70282,0.0015933879185467958
2.6006349206349206,282.61594,0.0013025219086557627
2.6238548752834467,283.00323,0.0011419786605983973
2.647074829931973,287.05206,0.0010799870360642672
2.670294784580499,290.29626,0.0011130942730233073
2.693514739229025,289.6135,0.00107364053837955
2.716734693877551,284.12793,0.0007916929898783565
2.7399546485260773,275.28836,0.0005794946337118745
2.7631746031746034,263.2333,0.0005600150907412171
2.7863945578231295,255.54413,0.0005206057685427368
2.809614512471655,255.23772,0.00041265602339990437
2.8328344671201813,259.16754,0.0003835249226540327
2.8560544217687074,262.52612,0.00038905785186216235
2.8792743764172335,261.11887,0.0003386497846804559
2.9024943310657596,257.05084,0.0003164733061566949
2.9257142857142857,256.56186,0.000312056508846581
2.948934240362812,256.93292,0.0003643119125626981
2.972154195011338,260.25073,0.0004636608064174652
2.995374149659864,266.2702,0.0006521644536405802
3.01859410430839,276.45593,0.0008280080510303378
3.0418140589569163,284.82104,0.001008282182738185
3.0650340136054424,282.5979,0.000674725160934031
3.0882539682539685,268.71548,0.0004322289605624974
3.1114739229024946,253.76884,0.00033916597021743655
3.1346938775510207,243.30437,0.0005025137215852737
3.1579138321995464,249.53743,0.0004939982900395989
3.1811337868480725,261.6709,0.0004240743874106556
3.2043537414965986,274.76797,0.00047063513193279505
3.2275736961451247,280.86295,0.00022166105918586254
3.250793650793651,0.0,3.978654603997711e-06
3.274013605442177,0.0,7.864900908316486e-07
3.297233560090703,0.0,2.0380957721499726e-07
3.320453514739229,0.0,1.3451881386572495e-07
3.3436734693877552,0.0,2.4614291760372e-07
3.3668934240362813,0.0,1.9243452697992325e-07
3.3901133786848074,0.0,1.6433932614745572e-07
3.4133333333333336,0.0,6.109621608629823e-08
3.4365532879818597,0.0,1.4368288248078898e-07
3.4597732426303858,0.0,2.2058702597860247e-07
3.4829931972789114,0.0,1.6950980352703482e-07
3.5062131519274375,0.0,7.123890100046992e-08
3.5294331065759637,0.0,2.146962287952192e-07
3.5526530612244898,0.0,2.0414518075995147e-07
3.575873015873016,0.0,3.3401011023670435e-07
3.599092970521542,0.0,1.3458156900014728e-07
3.622312925170068,0.0,1.7636557458899915e-07
3.645532879818594,0.0,4.4843363866675645e-07
3.6687528344671203,0.0,3.4491858968976885e-07
3.6919727891156464,0.0,1.0806252248585224e-07
3.7151927437641725,0.0,7.49787432141602e-08
3.7384126984126986,0.0,1.0244821169180796e-07
3.7616326530612247,0.0,1.0749590728664771e-07
3.784852607709751,0.0,9.702944225864485e-08
3.8080725623582765,0.0,1.3923272490501404e-07
3.8312925170068026,0.0,1.822363628889434e-07
3.8545124716553287,0.0,2.2747371986042708e-08
3.877732426303855,0.0,1.3004955690121278e-07
3.900952380952381,0.0,3.3672131394268945e-07
3.924172335600907,0.0,5.75460035179276e-07
3.947392290249433,0.0,6.707323336740956e-07
3.9706122448979593,0.0,1.619346221559681e-07
