0.0,0.0,4.300090949982405e-08
0.023219954648526078,0.0,7.64302967581898e-08
0.046439909297052155,0.0,6.235313776414841e-08
0.06965986394557823,0.0,3.3483956940472126e-08
0.09287981859410431,0.0,1.9314029486849904e-08
0.11609977324263039,0.0,8.732058631721884e-09
0.13931972789115646,0.0,2.5675035431049764e-08
0.16253968253968254,0.0,1.501121005276218e-08
0.18575963718820862,0.0,1.9801518647000194e-08
0.2089795918367347,0.0,5.338461050996557e-08
0.23219954648526078,0.0,3.8012331060599536e-08
0.25541950113378686,0.0,5.4718839237466455e-08
0.2786394557823129,0.0,3.9394763007294387e-08
0.301859410430839,0.0,2.3554093786515296e-08
0.3250793650793651,0.0,2.1520463633351028e-08
0.3482993197278912,0.0,1.564340891491156e-06
0.37151927437641724,265.3613,4.1125247662421316e-05
0.3947392290249433,260.53665,7.76468004914932e-05
0.4179591836734694,272.99197,0.0001180157923954539
0.44117913832199546,276.1434,0.00010965285036945716
0.46439909297052157,272.2945,0.00010590763122308999
0.4876190476190476,268.97876,0.00010882965580094606
0.5108390022675737,270.34607,0.00010318105341866612
0.5340589569160998,276.58182,0.00011721045302692801
0.5572789115646258,286.40402,0.00010525266407057643
0.5804988662131519,296.3691,6.586876406800002e-05
0.603718820861678,648.36224,8.399761281907558e-05
0.626938775510204,645.83936,6.832970393588766e-05
0.6501587301587302,297.06577,9.748063166625798e-05
0.6733786848072563,913.2038,5.555752795771696e-05
0.6965986394557824,302.4923,7.904549420345575e-05
0.7198185941043084,320.5908,0.00019400211749598384
0.7430385487528345,1011.72003,0.0003972057020291686
0.7662585034013606,1049.454,0.0002736503956839442
0.7894784580498866,1025.1361,0.00012938947475049645
0.8126984126984127,322.4171,0.0001241678255610168
0.8359183673469388,494.49664,0.00025976751931011677
0.8591383219954649,1049.7208,0.0006314812926575541
0.8823582766439909,1083.918,0.0008463046979159117
0.905578231292517,1091.0123,0.0008382572559639812
0.9287981859410431,1069.0665,0.0005852531176060438
0.9520181405895691,1086.5917,0.0006055740523152053
0.9752380952380952,1089.2483,0.0007358888396993279
0.9984580498866213,1125.4264,0.0006725165876559913
1.0216780045351475,1127.8453,0.0004626713343895972
1.0448979591836736,852.12964,0.0006397318793460727
1.0681179138321997,412.7198,0.0011578055564314127
1.0913378684807256,1170.2457,0.0009465022594667971
1.1145578231292517,1143.5779,0.0008312033023685217
1.1377777777777778,1172.1149,0.00044509756844490767
1.1609977324263039,438.65286,0.0002840221277438104
1.18421768707483,471.0071,0.0003071188984904438
1.207437641723356,470.84805,0.0003310292668174952
1.2306575963718822,442.95892,0.0005897700320929289
1.253877551020408,430.75272,0.00037019827868789434
1.2770975056689342,439.90536,0.0003264056867919862
1.3003174603174603,482.2732,0.0007950380095280707
1.3235374149659864,1036.8785,0.0015316777862608433
1.3467573696145125,1057.4196,0.0010292298393324018
1.3699773242630386,1035.858,0.00045485745067708194
1.3931972789115648,485.8448,0.0005964639130979776
1.4164172335600906,498.61804,0.0013339819852262735
1.4396371882086167,1069.9979,0.0028394092805683613
1.4628571428571429,1137.8154,0.004492550157010555
1.486077097505669,1150.6104,0.002205837517976761
1.509297052154195,1107.4309,0.001242555445060134
1.5325170068027212,523.90625,0.0014126012101769447
1.5557369614512473,1110.5515,0.003297115908935666
1.5789569160997732,1198.5122,0.004134171176701784
1.6021768707482993,1279.778,0.0025666996371001005
1.6253968253968254,1334.4028,0.003933358006179333
1.6486167800453515,1321.261,0.007394746877253056
1.6718367346938776,1270.2598,0.00909171812236309
1.6950566893424037,1258.5516,0.007410943042486906
1.7182766439909298,1264.587,0.00446741096675396
1.7414965986394557,1269.5594,0.007646411657333374
1.7647165532879818,1226.7886,0.005810937844216824
1.787936507936508,1142.4865,0.003922195173799992
1.811156462585034,1097.0283,0.008726323023438454
1.8343764172335602,1129.0635,0.012363268062472343
1.8575963718820863,1159.3337,0.011984916403889656
1.8808163265306124,1155.0319,0.008336972445249557
1.9040362811791383,1107.4908,0.0019190014572814107
1.9272562358276644,1024.0951,0.0014045668067410588
1.9504761904761905,1019.53046,0.003441392444074154
1.9736961451247166,1046.5288,0.005761014297604561
1.9969160997732427,1053.9467,0.0035523553378880024
2.020136054421769,1039.495,0.000845958071295172
2.043356009070295,474.20084,0.0006174339214339852
2.066575963718821,441.83484,0.0007507552509196103
2.089795918367347,445.9698,0.0005352597218006849
2.1130158730158732,457.1459,0.0005659132148139179
2.1362358276643993,458.60983,0.0006146171363070607
2.159455782312925,437.2699,0.0009516824502497911
2.182675736961451,395.30737,0.0015834685182198882
2.2058956916099772,1129.2795,0.0012445253087207675
2.2291156462585033,1144.7126,0.0008228881051763892
2.2523356009070294,404.23883,0.0008845563279464841
2.2755555555555556,413.0041,0.0009028629283420742
2.2987755102040817,403.93417,0.0009750875178724527
2.3219954648526078,1139.5762,0.0024901656433939934
2.345215419501134,1099.7549,0.0025068996474146843
2.36843537414966,1091.0906,0.002210638951510191
2.391655328798186,1094.8287,0.002394420327618718
2.414875283446712,1107.1113,0.002542902249842882
2.4380952380952383,1099.739,0.0020276643335819244
2.4613151927437644,1070.0801,0.0008301291964016855
2.48453514739229,1031.1351,0.0007721788715571165
2.507755102040816,1044.3391,0.0013613465707749128
2.5309750566893423,1055.4539,0.0016906422097235918
2.5541950113378684,1070.7134,0.0015414173249155283
2.5774149659863945,1069.0702,0.0011443833354860544
2.6006349206349206,1048.9836,0.00038378738099709153
2.6238548752834467,495.13943,0.00015013519441708922
2.647074829931973,293.47488,0.0002515987434890121
2.670294784580499,288.35803,0.00020443470566533506
2.693514739229025,292.88974,0.00011016496137017384
2.716734693877551,298.29044,9.441173460800201e-05
2.7399546485260773,614.38934,0.00011463824921520427
2.7631746031746034,603.7458,0.00021242263028398156
2.7863945578231295,279.78174,0.00016775191761553288
2.809614512471655,251.58873,0.00011284062929917127
2.8328344671201813,242.74413,0.00014109985204413533
2.8560544217687074,248.50447,0.00018411876226309687
2.8792743764172335,258.5991,0.00024041830329224467
2.9024943310657596,268.1839,0.00024315144401043653
2.9257142857142857,272.03616,0.000215734209632501
2.948934240362812,266.18213,0.00020265081548132002
2.972154195011338,256.18448,0.00013786370982415974
2.995374149659864,249.60275,0.00010286636097589508
3.01859410430839,250.65002,0.0001391058904118836
3.0418140589569163,257.5635,0.00022017298033460975
3.0650340136054424,265.27,0.00019556350889615715
3.0882539682539685,270.3949,0.00018254260066896677
3.1114739229024946,266.0907,0.00018213049042969942
3.1346938775510207,255.73686,0.00011307308886898682
3.1579138321995464,247.85298,8.957266982179135e-05
3.1811337868480725,249.70383,9.616398892831057e-05
3.2043537414965986,254.38112,0.00014481038670055568
3.2275736961451247,524.57446,0.00017389748245477676
3.250793650793651,269.81158,0.00014308540266938508
3.274013605442177,273.17242,0.00014667512732557952
3.297233560090703,269.7718,0.0001520054938737303
3.320453514739229,259.4272,0.0001168715680250898
3.3436734693877552,253.58678,0.00011759063636418432
3.3668934240362813,258.3532,0.00014765966625418514
3.3901133786848074,267.2969,0.00010151245805900544
3.4133333333333336,276.4347,2.4890890927053988e-05
3.4365532879818597,0.0,3.3756441553123295e-07
3.4597732426303858,0.0,1.851794877438806e-07
3.4829931972789114,0.0,4.1059138311538845e-08
3.5062131519274375,0.0,3.327477315906435e-08
3.5294331065759637,0.0,2.3313987185247242e-08
3.5526530612244898,0.0,1.8423634173814207e-08
3.575873015873016,0.0,2.9471266316249967e-08
3.599092970521542,0.0,2.990145731018856e-08
3.622312925170068,0.0,1.9180333765689284e-08
3.645532879818594,0.0,1.1597876437008381e-08
3.6687528344671203,0.0,2.0139850676059723e-08
3.6919727891156464,0.0,2.0799234334845096e-08
3.7151927437641725,0.0,5.881520337425172e-08
3.7384126984126986,0.0,6.445407052524388e-08
3.7616326530612247,0.0,1.772605173755437e-08
3.784852607709751,0.0,1.1375050235074013e-08
3.8080725623582765,0.0,3.276363713666797e-08
3.8312925170068026,0.0,2.235992724308744e-08
3.8545124716553287,0.0,1.3234966900199652e-08
3.877732426303855,0.0,2.7361238608136773e-08
3.900952380952381,0.0,2.356136974412948e-08
3.924172335600907,0.0,2.9349394026212394e-08
3.947392290249433,0.0,3.6300662031862885e-08
3.9706122448979593,0.0,3.6304300010669976e-08
