0.0,0.0,1.5618752513546497e-08
0.023219954648526078,0.0,1.7776983440853655e-08
0.046439909297052155,0.0,1.8158971215598285e-08
0.06965986394557823,0.0,1.492753654019907e-08
0.09287981859410431,0.0,3.251625457778573e-08
0.11609977324263039,0.0,1.9149410945829004e-08
0.13931972789115646,0.0,1.4182660379447043e-08
0.16253968253968254,0.0,1.9485923985484987e-08
0.18575963718820862,0.0,1.16006049211137e-08
0.2089795918367347,0.0,5.325728125171736e-08
0.23219954648526078,22783.773,2.7693375159287825e-05
0.25541950113378686,259.4419,8.22629954200238e-05
0.2786394557823129,264.74557,0.00012178032920928672
0.301859410430839,266.14914,0.00012838593102060258
0.3250793650793651,260.7078,0.0001057848785421811
0.3482993197278912,251.43187,6.396999378921464e-05
0.37151927437641724,249.31705,5.978758053970523e-05
0.3947392290249433,259.3839,0.00010109207505593076
0.4179591836734694,281.53125,7.709753117524087e-05
0.44117913832199546,392.89288,6.600520282518119e-05
0.46439909297052157,414.50183,5.826589767821133e-05
0.4876190476190476,411.74127,5.135805258760229e-05
0.5108390022675737,2523.2427,5.501518535311334e-05
0.5340589569160998,390.42017,4.69877923023887e-05
0.5572789115646258,403.30215,6.331325857900083e-05
0.5804988662131519,428.4339,0.00015221454668790102
0.603718820861678,370.68774,0.0002538388653192669
0.626938775510204,372.1616,0.0002368810964981094
0.6501587301587302,438.8083,0.00010338184074498713
0.6733786848072563,372.32834,8.675693243276328e-05
0.6965986394557824,375.10736,0.00022225093562155962
0.7198185941043084,376.87057,0.0004280412686057389
0.7430385487528345,359.85596,0.000419112853705883
0.7662585034013606,427.77277,0.0004808269441127777
0.7894784580498866,426.01633,0.00046598981134593487
0.8126984126984127,404.95264,0.0004246018943376839
0.8359183673469388,351.181,0.0003930371021851897
0.8591383219954649,417.9251,0.0003854741808027029
0.8823582766439909,393.99158,0.0006690026493743062
0.905578231292517,409.7491,0.0008657044963911176
0.9287981859410431,408.83688,0.0007963695679791272
0.9520181405895691,397.47775,0.0004790468083228916
0.9752380952380952,392.5734,0.0005975356325507164
0.9984580498866213,411.319,0.0006507897051051259
1.0216780045351475,507.58926,0.0006465737824328244
1.0448979591836736,456.64807,0.0007892726571299136
1.0681179138321997,460.97464,0.0007651858031749725
1.0913378684807256,450.40768,0.0007167131407186389
1.1145578231292517,516.28485,0.0007438926259055734
1.1377777777777778,460.0684,0.0009275585180148482
1.1609977324263039,490.18378,0.0010519111528992653
1.18421768707483,647.642,0.0015149782411754131
1.207437641723356,646.0609,0.0009502157336100936
1.2306575963718822,496.10284,0.001057056593708694
1.253877551020408,481.0304,0.0011620032601058483
1.2770975056689342,497.8249,0.0015051690861582756
1.3003174603174603,527.21954,0.0013417137088254094
1.3235374149659864,549.62897,0.0013181965332478285
1.3467573696145125,702.4127,0.0015596443554386497
1.3699773242630386,672.67645,0.0015216899337247014
1.3931972789115648,518.9126,0.0015309692826122046
1.4164172335600906,547.35156,0.0015083299949765205
1.4396371882086167,608.4029,0.002088182372972369
1.4628571428571429,2266.1296,0.0020767427049577236
1.486077097505669,877.27673,0.0019247487653046846
1.509297052154195,878.5613,0.001747887465171516
1.5325170068027212,802.6704,0.0014687053626403213
1.5557369614512473,834.40717,0.0015929782530292869
1.5789569160997732,825.43695,0.0013721819268539548
1.6021768707482993,800.1698,0.0016699009574949741
1.6253968253968254,559.9433,0.0014347387477755547
1.6486167800453515,537.0082,0.0015257163904607296
1.6718367346938776,545.13513,0.0014286930672824383
1.6950566893424037,557.01245,0.0015851736534386873
1.7182766439909298,555.8048,0.0011132207000628114
1.7414965986394557,530.96094,0.0010485696839168668
1.7647165532879818,497.3607,0.0010917952749878168
1.787936507936508,493.9934,0.0010304187890142202
1.811156462585034,508.03583,0.001565710175782442
1.8343764172335602,522.9708,0.0016593015752732754
1.8575963718820863,660.4035,0.000998014584183693
1.8808163265306124,494.0742,0.001023289980366826
1.9040362811791383,449.53992,0.0009596921154297888
1.9272562358276644,439.14163,0.0009633942390792072
1.9504761904761905,451.864,0.0012583411298692226
1.9736961451247166,466.17422,0.0010115744080394506
1.9969160997732427,464.79993,0.0008450602181255817
2.020136054421769,437.1785,0.0006531570106744766
2.043356009070295,397.37378,0.0005353041924536228
2.066575963718821,381.9696,0.0007210035691969097
2.089795918367347,397.43427,0.0012022352311760187
2.1130158730158732,473.16867,0.0013324592728167772
2.1362358276643993,473.70883,0.0008254509884864092
2.159455782312925,392.0493,0.0006090635433793068
2.182675736961451,420.64774,0.000889099552296102
2.2058956916099772,411.0666,0.0009347067680209875
2.2291156462585033,415.8064,0.0007425895892083645
2.2523356009070294,425.71722,0.0006689827423542738
2.2755555555555556,425.55704,0.0006110703689046204
2.2987755102040817,429.77707,0.0007291936199180782
2.3219954648526078,414.22287,0.0005566494073718786
2.345215419501134,388.54358,0.00055392284411937
2.36843537414966,379.563,0.0007276503019966185
2.391655328798186,398.124,0.0008081741980277002
2.414875283446712,413.88025,0.0006808197358623147
2.4380952380952383,412.12128,0.0004481561772990972
2.4613151927437644,380.98816,0.0001387688098475337
2.48453514739229,2327.915,0.00013603174011223018
2.507755102040816,319.28677,0.0001294516259804368
2.5309750566893423,334.5047,0.00011366479157004505
2.5541950113378684,2335.7954,9.810672781895846e-05
2.5774149659863945,2346.379,8.68283532327041e-05
2.6006349206349206,2409.1052,8.927221642807126e-05
2.6238548752834467,293.94415,0.00012363900896161795
2.647074829931973,253.79552,8.684237400302663e-05
2.670294784580499,265.60165,9.269471047446132e-05
2.693514739229025,255.31454,0.00011182601156178862
2.716734693877551,263.9728,0.00016482615319546312
2.7399546485260773,270.3507,0.00013255514204502106
2.7631746031746034,301.059,0.00011314933362882584
2.7863945578231295,268.9733,0.00012395548401400447
2.809614512471655,262.15714,0.00012987575610168278
2.8328344671201813,258.67703,0.00013737313565798104
2.8560544217687074,259.99417,0.0001521176309324801
2.8792743764172335,266.09268,0.0001494893222115934
2.9024943310657596,273.8156,0.0001130726741394028
2.9257142857142857,308.9141,0.0001200543119921349
2.948934240362812,272.61102,0.00012068123032804579
2.972154195011338,262.59933,0.00011250008537899703
2.995374149659864,255.83441,0.00011081732372986153
3.01859410430839,258.74908,0.0001301494485232979
3.0418140589569163,269.173,0.00011956736852880567
3.0650340136054424,310.6701,9.207337279804051e-05
3.0882539682539685,367.01538,0.00010066560935229063
3.1114739229024946,311.3802,8.656176214572042e-05
3.1346938775510207,267.1159,8.025631541386247e-05
3.1579138321995464,260.3683,8.41685978230089e-05
3.1811337868480725,263.9693,8.732196874916553e-05
3.2043537414965986,295.2887,5.464824062073603e-05
3.2275736961451247,300.47205,1.8263452147948556e-05
3.250793650793651,0.0,1.2798564057447948e-06
3.274013605442177,0.0,2.4615746951894835e-07
3.297233560090703,0.0,6.771915650460869e-08
3.320453514739229,0.0,1.862372300820425e-08
3.3436734693877552,0.0,2.078195393551141e-08
3.3668934240362813,0.0,2.9719558369833976e-08
3.3901133786848074,0.0,9.888026397675276e-09
3.4133333333333336,0.0,1.5295881894417107e-08
3.4365532879818597,0.0,9.731593308970332e-09
3.4597732426303858,0.0,5.5287273426074535e-08
3.4829931972789114,0.0,3.982040652772412e-08
3.5062131519274375,0.0,4.532284947345033e-08
3.5294331065759637,0.0,1.0089934221468866e-08
