0.0,0.0,1.6872945707291365e-08
0.023219954648526078,0.0,3.0330738809425384e-08
0.046439909297052155,0.0,2.6010638976003975e-08
0.06965986394557823,0.0,2.2490894480142742e-08
0.09287981859410431,0.0,2.446267899358645e-08
0.11609977324263039,0.0,1.380612957291305e-08
0.13931972789115646,0.0,1.7945239960681647e-08
0.16253968253968254,0.0,1.9661456462927163e-08
0.18575963718820862,0.0,2.7070200303569436e-08
0.2089795918367347,0.0,2.2969288693275303e-08
0.23219954648526078,0.0,1.4124452718533576e-08
0.25541950113378686,0.0,2.4128894438035786e-08
0.2786394557823129,0.0,1.502303348388523e-08
0.301859410430839,0.0,1.990338205359876e-08
0.3250793650793651,0.0,3.498462319839746e-08
0.3482993197278912,0.0,4.468802217161283e-08
0.37151927437641724,0.0,1.6842932382132858e-08
0.3947392290249433,0.0,3.119930624961853e-08
0.4179591836734694,0.0,5.1479219109751284e-08
0.44117913832199546,0.0,2.4197106540668756e-08
0.46439909297052157,0.0,1.302032615058124e-08
0.4876190476190476,0.0,1.3674252841155976e-08
0.5108390022675737,0.0,3.0750925361644477e-08
0.5340589569160998,0.0,1.2993041309528053e-08
0.5572789115646258,0.0,1.2633790902327746e-08
0.5804988662131519,0.0,3.081186150666326e-08
0.603718820861678,0.0,3.9018232200760394e-08
0.626938775510204,0.0,2.2175299818627536e-08
0.6501587301587302,0.0,6.418304110411555e-08
0.6733786848072563,0.0,2.3771463020239025e-08
0.6965986394557824,0.0,1.7624188330955803e-08
0.7198185941043084,0.0,1.9590515876188874e-08
0.7430385487528345,0.0,3.413151716813445e-08
0.7662585034013606,0.0,5.14182829647325e-08
0.7894784580498866,0.0,5.8094883570447564e-08
0.8126984126984127,0.0,3.03234628518112e-08
0.8359183673469388,0.0,2.6187080948147923e-08
0.8591383219954649,0.0,9.1749825514853e-09
0.8823582766439909,0.0,1.9060280465055257e-08
0.905578231292517,0.0,3.0470800993498415e-08
0.9287981859410431,0.0,2.0538209355436265e-08
0.9520181405895691,0.0,1.454827724955976e-08
0.9752380952380952,0.0,3.0197043088264763e-08
0.9984580498866213,0.0,6.508616934297606e-08
1.0216780045351475,0.0,3.02898115478456e-08
1.0448979591836736,23314.105,1.5189883015409578e-05
1.0681179138321997,373.85968,0.0014187287306413054
1.0913378684807256,336.51022,0.003556658746674657
1.1145578231292517,819.48114,0.004048098344355822
1.1377777777777778,349.29538,0.0035954711493104696
1.1609977324263039,348.40988,0.003934949636459351
1.18421768707483,358.90323,0.0036488662008196115
1.207437641723356,779.6399,0.0033417907543480396
1.2306575963718822,810.82184,0.00514595303684473
1.253877551020408,818.5851,0.009621920064091682
1.2770975056689342,789.2956,0.009534514509141445
1.3003174603174603,773.11224,0.007928327657282352
1.3235374149659864,815.8377,0.0048006088472902775
1.3467573696145125,867.95605,0.0062284450978040695
1.3699773242630386,944.1088,0.006650736089795828
1.3931972789115648,977.83386,0.006814539432525635
1.4164172335600906,969.9528,0.008075656369328499
1.4396371882086167,930.69385,0.007525648921728134
1.4628571428571429,930.1284,0.010078550316393375
1.486077097505669,487.51147,0.02922249585390091
1.509297052154195,1524.9554,0.05195211246609688
1.5325170068027212,1535.7086,0.03895261138677597
1.5557369614512473,529.5906,0.024667220190167427
1.5789569160997732,1488.4584,0.01116962544620037
1.6021768707482993,490.88474,0.03198809176683426
1.6253968253968254,1543.2633,0.03903777152299881
1.6486167800453515,1533.3092,0.025159623473882675
1.6718367346938776,1261.9758,0.023896876722574234
1.6950566893424037,1357.2584,0.03445300832390785
1.7182766439909298,1565.4111,0.04199537634849548
1.7414965986394557,1589.3171,0.03258069232106209
1.7647165532879818,1521.1461,0.0280251856893301
1.787936507936508,1395.199,0.03222419694066048
1.811156462585034,1317.6361,0.021695317700505257
1.8343764172335602,609.25977,0.023117095232009888
1.8575963718820863,584.45654,0.023043133318424225
1.8808163265306124,604.3189,0.03129249066114426
1.9040362811791383,651.8876,0.052634887397289276
1.9272562358276644,1376.1287,0.061046525835990906
1.9504761904761905,1401.036,0.04053947329521179
1.9736961451247166,680.0901,0.05966196954250336
1.9969160997732427,672.2388,0.08868218958377838
2.020136054421769,716.28503,0.1633194386959076
2.043356009070295,1544.2526,0.2736259698867798
2.066575963718821,1570.9604,0.13845516741275787
2.089795918367347,759.4061,0.1522068977355957
2.1130158730158732,700.78394,0.10283517837524414
2.1362358276643993,704.1106,0.21297752857208252
2.159455782312925,760.10913,0.19152343273162842
2.182675736961451,1668.8749,0.14554816484451294
2.2058956916099772,854.9974,0.15032294392585754
2.2291156462585033,800.17957,0.20208290219306946
2.2523356009070294,712.74097,0.11630795150995255
2.2755555555555556,685.09076,0.2287430465221405
2.2987755102040817,723.8188,0.1677156537771225
2.3219954648526078,755.4079,0.13079044222831726
2.345215419501134,1491.026,0.11193084716796875
2.36843537414966,721.96936,0.09592501074075699
2.391655328798186,664.8916,0.09877150505781174
2.414875283446712,661.0777,0.0710681825876236
2.4380952380952383,697.9218,0.06796719133853912
2.4613151927437644,1403.1559,0.05246797204017639
2.48453514739229,692.51276,0.058673180639743805
2.507755102040816,638.8445,0.09088025987148285
2.5309750566893423,592.33527,0.07102325558662415
2.5541950113378684,879.37524,0.03430376946926117
2.5774149659863945,604.84735,0.03167777881026268
2.6006349206349206,617.28204,0.02619907446205616
2.6238548752834467,618.10876,0.03847535699605942
2.647074829931973,862.6527,0.026658091694116592
2.670294784580499,537.56134,0.025600161403417587
2.693514739229025,534.5945,0.05435418337583542
2.716734693877551,1652.1526,0.058627694845199585
2.7399546485260773,1659.4216,0.054523684084415436
2.7631746031746034,1649.4689,0.04140111804008484
2.7863945578231295,1602.8777,0.010393423959612846
2.809614512471655,482.3125,0.008087581023573875
2.8328344671201813,473.06134,0.008864214643836021
2.8560544217687074,488.84933,0.022834857925772667
2.8792743764172335,1500.077,0.030558232218027115
2.9024943310657596,1516.5063,0.010116052813827991
2.9257142857142857,489.48224,0.006151233334094286
2.948934240362812,452.42572,0.0054733604192733765
2.972154195011338,442.0542,0.004937727935612202
2.995374149659864,906.9533,0.008197219111025333
3.01859410430839,936.4191,0.008509939536452293
3.0418140589569163,938.5371,0.00694130128249526
3.0650340136054424,893.06995,0.010285434313118458
3.0882539682539685,812.79736,0.006944811902940273
3.1114739229024946,384.68585,0.006694005336612463
3.1346938775510207,810.1786,0.011753248050808907
3.1579138321995464,798.1935,0.009144321084022522
3.1811337868480725,818.44244,0.00810917653143406
3.2043537414965986,797.4087,0.005808275658637285
3.2275736961451247,752.51215,0.004645476117730141
3.250793650793651,337.62027,0.0049507166258990765
3.274013605442177,826.1685,0.006547706667333841
3.297233560090703,729.13446,0.006661711260676384
3.320453514739229,748.69073,0.005512941163033247
3.3436734693877552,743.32947,0.0043151830323040485
3.3668934240362813,342.74634,0.004084547981619835
3.3901133786848074,775.47644,0.004543974529951811
3.4133333333333336,794.7781,0.003342809621244669
3.4365532879818597,751.6144,0.0024310974404215813
3.4597732426303858,745.3458,0.0002806393022183329
3.4829931972789114,364.06622,1.0496985851204954e-05
3.5062131519274375,0.0,3.315290086902678e-07
3.5294331065759637,0.0,3.6704204831039533e-07
3.5526530612244898,0.0,1.5486330084968358e-07
3.575873015873016,0.0,1.0643179848557338e-07
3.599092970521542,0.0,2.849719749065116e-08
3.622312925170068,0.0,2.7094756660517305e-08
3.645532879818594,0.0,6.56764314044267e-08
3.6687528344671203,0.0,2.265460352646187e-08
3.6919727891156464,0.0,1.491207513026893e-08
3.7151927437641725,0.0,2.6387169782537967e-08
3.7384126984126986,0.0,5.863967089680955e-08
3.7616326530612247,0.0,4.275352694094181e-08
3.784852607709751,0.0,6.509253580588847e-08
3.8080725623582765,0.0,4.180583346169442e-08
3.8312925170068026,0.0,8.31123543321155e-08
3.8545124716553287,0.0,6.479695002781227e-08
3.877732426303855,0.0,4.446883394848555e-08
3.900952380952381,0.0,2.0929292077198625e-08
3.924172335600907,0.0,1.804528437787667e-08
3.947392290249433,0.0,2.2621861717198044e-08
3.9706122448979593,0.0,6.708160071866587e-08
3.9938321995464854,0.0,5.881975084776059e-08
4.017052154195011,0.0,8.846382115734741e-08
4.040272108843538,0.0,2.1873438527109101e-07
4.063492063492063,0.0,7.539438229287043e-08
4.08671201814059,0.0,2.7624992071650922e-08
4.1099319727891155,0.0,4.923913365928456e-08
4.133151927437642,0.0,1.6137073544086888e-07
4.156371882086168,0.0,8.848655852489173e-08
4.179591836734694,0.0,2.1691812435165048e-07
4.20281179138322,0.0,1.4208217180566862e-07
4.2260317460317465,0.0,2.157448761863634e-07
4.249251700680272,0.0,1.8619903130456805e-07
4.272471655328799,0.0,1.914722815854475e-07
4.295691609977324,0.0,9.201812645187601e-08
4.31891156462585,0.0,1.0806161299115047e-07
4.342131519274377,0.0,1.0815165296662599e-07
4.365351473922902,0.0,2.2942367650102824e-07
4.388571428571429,0.0,3.614695742726326e-08
