0.0,0.0,1.259841155842878e-07
0.023219954648526078,0.0,1.460202838643454e-07
0.046439909297052155,0.0,1.0346866474719718e-07
0.06965986394557823,0.0,6.925802154000849e-08
0.09287981859410431,0.0,4.468256520340219e-08
0.11609977324263039,0.0,6.64658728055656e-07
0.13931972789115646,0.0,4.903904482489452e-07
0.16253968253968254,3638.9417,0.0003502563340589404
0.18575963718820862,354.9065,0.0018469931092113256
0.2089795918367347,366.9912,0.004086942411959171
0.23219954648526078,378.92944,0.00536804273724556
0.25541950113378686,377.51062,0.007265642751008272
0.2786394557823129,389.01657,0.008347146213054657
0.301859410430839,453.41605,0.008433666080236435
0.3250793650793651,454.95627,0.009447555989027023
0.3482993197278912,393.07568,0.009977610781788826
0.37151927437641724,397.03925,0.009931754320859909
0.3947392290249433,395.6816,0.009765801951289177
0.4179591836734694,408.19382,0.010716823861002922
0.44117913832199546,446.68924,0.017032600939273834
0.46439909297052157,436.5629,0.01811281405389309
0.4876190476190476,454.48093,0.018453065305948257
0.5108390022675737,504.57562,0.020507942885160446
0.5340589569160998,448.53995,0.024307500571012497
0.5572789115646258,445.4255,0.025551868602633476
0.5804988662131519,449.63687,0.021220561116933823
0.603718820861678,455.7193,0.017167601734399796
0.626938775510204,467.16788,0.02347172424197197
0.6501587301587302,489.91772,0.041019536554813385
0.6733786848072563,512.74493,0.06511174142360687
0.6965986394557824,528.98804,0.07565825432538986
0.7198185941043084,530.5295,0.0796516016125679
0.7430385487528345,523.04553,0.08365979045629501
0.7662585034013606,524.28973,0.08837641775608063
0.7894784580498866,533.8453,0.0725501999258995
0.8126984126984127,540.4846,0.056261032819747925
0.8359183673469388,544.98267,0.047537244856357574
0.8591383219954649,566.2072,0.07802217453718185
0.8823582766439909,608.82196,0.10882268100976944
0.905578231292517,643.6091,0.14540688693523407
0.9287981859410431,675.53204,0.16225002706050873
0.9520181405895691,673.7851,0.1645858883857727
0.9752380952380952,664.02234,0.18460452556610107
0.9984580498866213,669.83356,0.184112548828125
1.0216780045351475,684.81506,0.1812451332807541
1.0448979591836736,687.55194,0.1570327877998352
1.0681179138321997,665.7655,0.12969212234020233
1.0913378684807256,609.9684,0.06636068969964981
1.1145578231292517,557.52966,0.0770031064748764
1.1377777777777778,528.8862,0.06750811636447906
1.1609977324263039,520.7264,0.06441973894834518
1.18421768707483,523.5388,0.06800176203250885
1.207437641723356,528.14154,0.06513676047325134
1.2306575963718822,527.0967,0.05938512086868286
1.253877551020408,520.3605,0.039496514946222305
1.2770975056689342,507.1553,0.019671231508255005
1.3003174603174603,478.12445,0.015886425971984863
1.3235374149659864,498.27682,0.019543666392564774
1.3467573696145125,478.87537,0.017347998917102814
1.3699773242630386,428.80682,0.015328500419855118
1.3931972789115648,431.2166,0.013736238703131676
1.4164172335600906,430.22772,0.013233384117484093
1.4396371882086167,429.6182,0.01246371865272522
1.4628571428571429,434.03934,0.011091326363384724
1.486077097505669,437.0872,0.010796038433909416
1.509297052154195,423.5024,0.007935413159430027
1.5325170068027212,526.7234,0.004462155979126692
1.5557369614512473,3158.9443,0.0035896352492272854
1.5789569160997732,451.52866,0.0046959673054516315
1.6021768707482993,449.62836,0.005354671273380518
1.6253968253968254,399.6566,0.0051803444512188435
1.6486167800453515,401.32727,0.005197826772928238
1.6718367346938776,457.556,0.004219467751681805
1.6950566893424037,452.42374,0.003484045621007681
1.7182766439909298,443.62387,0.0028598643839359283
1.7414965986394557,442.91705,0.0027773436158895493
1.7647165532879818,444.733,0.0037994012236595154
1.787936507936508,389.56998,0.005178365856409073
1.811156462585034,413.60553,0.004840431734919548
1.8343764172335602,410.20197,0.0033571424428373575
1.8575963718820863,388.7171,0.001922714989632368
1.8808163265306124,2828.6953,0.001727395923808217
1.9040362811791383,2863.1687,0.002262586262077093
1.9272562358276644,386.7199,0.0026846816763281822
1.9504761904761905,368.6374,0.000900609593372792
1.9736961451247166,374.15842,5.546708052861504e-05
1.9969160997732427,0.0,3.6143101169727743e-06
2.020136054421769,0.0,1.1867232387885451e-06
2.043356009070295,0.0,3.5561879485612735e-07
2.066575963718821,0.0,6.256816050154157e-06
2.089795918367347,22600.611,1.7419060895917937e-05
2.1130158730158732,22711.836,1.3665828191733453e-05
2.1362358276643993,0.0,3.4413624234730378e-06
2.159455782312925,0.0,3.9504475353169255e-06
2.182675736961451,0.0,7.074504537740722e-08
