0.0,0.0,4.381308826850727e-08
0.023219954648526078,0.0,1.4465422282228246e-07
0.046439909297052155,0.0,3.166860551573336e-07
0.06965986394557823,0.0,1.795788193703629e-07
0.09287981859410431,23974.068,1.8302987882634625e-05
0.11609977324263039,350.3391,0.0003181311476510018
0.13931972789115646,361.04788,0.0005485620931722224
0.16253968253968254,360.1537,0.0006144542712718248
0.18575963718820862,360.6622,0.0006246794946491718
0.2089795918367347,360.44226,0.0006509398808702826
0.23219954648526078,402.97595,0.0007650523912161589
0.25541950113378686,406.67844,0.0008861410315148532
0.2786394557823129,405.4214,0.0010100860381498933
0.301859410430839,408.81873,0.001083869719877839
0.3250793650793651,410.41028,0.0011452173348516226
0.3482993197278912,369.99622,0.001013943925499916
0.37151927437641724,380.05072,0.0011274637654423714
0.3947392290249433,414.5577,0.002577084582298994
0.4179591836734694,446.46796,0.0029820024501532316
0.44117913832199546,466.50098,0.0023242777679115534
0.46439909297052157,556.04126,0.0031114662997424603
0.4876190476190476,545.9405,0.004188872873783112
0.5108390022675737,516.8413,0.003954898566007614
0.5340589569160998,517.3243,0.004133852198719978
0.5572789115646258,526.1226,0.004432789050042629
0.5804988662131519,522.8023,0.002634872682392597
0.603718820861678,444.96518,0.0019431888358667493
0.626938775510204,459.89328,0.0043195681646466255
0.6501587301587302,507.26636,0.008457956835627556
0.6733786848072563,542.0661,0.0100723747164011
0.6965986394557824,662.37775,0.008955786935985088
0.7198185941043084,542.55206,0.007407292257994413
0.7430385487528345,532.48035,0.00833773985505104
0.7662585034013606,535.23096,0.008596232160925865
0.7894784580498866,542.8148,0.00912080891430378
0.8126984126984127,542.1576,0.006301993504166603
0.8359183673469388,534.8251,0.006120926700532436
0.8591383219954649,558.6125,0.009903465397655964
0.8823582766439909,625.36066,0.030076732859015465
0.905578231292517,703.9444,0.05488928407430649
0.9287981859410431,718.47095,0.055807240307331085
0.9520181405895691,705.973,0.042795874178409576
0.9752380952380952,686.4514,0.037047479301691055
0.9984580498866213,683.8087,0.05962621048092842
1.0216780045351475,694.6708,0.08291806280612946
1.0448979591836736,704.0703,0.08861035108566284
1.0681179138321997,705.0414,0.07558836042881012
1.0913378684807256,694.27905,0.02041313238441944
1.1145578231292517,654.12427,0.021055608987808228
1.1377777777777778,570.68915,0.009417591616511345
1.1609977324263039,523.6922,0.010344674810767174
1.18421768707483,522.15186,0.011872051283717155
1.207437641723356,530.5732,0.012792453169822693
1.2306575963718822,532.80164,0.01116380374878645
1.253877551020408,524.85706,0.008040318265557289
1.2770975056689342,513.5564,0.007730918936431408
1.3003174603174603,510.16217,0.008632401935756207
1.3235374149659864,513.42114,0.009750904515385628
1.3467573696145125,519.02216,0.009862462058663368
1.3699773242630386,525.4345,0.008501654490828514
1.3931972789115648,517.0596,0.005386315286159515
1.4164172335600906,492.99542,0.002852699952200055
1.4396371882086167,452.2269,0.0025171765591949224
1.4628571428571429,428.05518,0.0023527019657194614
1.486077097505669,426.80313,0.002522299997508526
1.509297052154195,432.9079,0.002173452638089657
1.5325170068027212,435.0586,0.0017587596084922552
1.5557369614512473,436.5534,0.0014920325484126806
1.5789569160997732,493.30634,0.0013247833121567965
1.6021768707482993,493.17706,0.0013784010661765933
1.6253968253968254,488.37338,0.0014705999055877328
1.6486167800453515,434.08282,0.0015304798725992441
1.6718367346938776,433.0174,0.0015177908353507519
1.6950566893424037,428.6708,0.0009254440083168447
1.7182766439909298,412.0952,0.00039546453626826406
1.7414965986394557,375.19476,0.00039306629332713783
1.7647165532879818,345.62302,0.0003190641291439533
1.787936507936508,344.1193,0.00041845120722427964
1.811156462585034,352.12857,0.000453264539828524
1.8343764172335602,357.73453,0.0003646224504336715
1.8575963718820863,359.77185,0.00025856151478365064
1.8808163265306124,355.655,0.00024015958479139954
1.9040362811791383,347.24213,0.00022183367400430143
1.9272562358276644,341.06027,0.00011748830002034083
1.9504761904761905,337.849,7.967853161972016e-05
1.9736961451247166,341.2312,7.99948611529544e-05
1.9969160997732427,352.81708,0.00011097655806224793
2.020136054421769,367.3455,9.985935321310535e-05
2.043356009070295,368.09576,7.369029481196776e-05
2.066575963718821,354.91623,4.018855179310776e-05
2.089795918367347,333.3155,2.45752544287825e-05
2.1130158730158732,321.31558,1.826903098844923e-05
2.1362358276643993,329.24063,2.596574995550327e-05
2.159455782312925,356.4102,1.2828808394260705e-05
2.182675736961451,0.0,3.9014139474602416e-07
2.2058956916099772,0.0,3.8873440644238144e-07
2.2291156462585033,0.0,2.053102434729226e-07
2.2523356009070294,0.0,2.61166860582307e-07
2.2755555555555556,0.0,1.3357748684938997e-07
2.2987755102040817,0.0,1.3084263628115878e-07
2.3219954648526078,0.0,6.29215719527565e-08
2.345215419501134,0.0,2.8933391149621457e-07
2.36843537414966,0.0,2.158085408154875e-07
2.391655328798186,0.0,6.087066140025854e-08
2.414875283446712,0.0,3.672994353109971e-08
