0.0,0.0,4.4450371206039563e-07
0.023219954648526078,0.0,2.723900252021849e-07
0.046439909297052155,0.0,1.900007191579789e-07
0.06965986394557823,0.0,1.9851449906127527e-07
0.09287981859410431,0.0,2.371416485402733e-07
0.11609977324263039,0.0,1.621465344214812e-07
0.13931972789115646,0.0,6.167920219013467e-08
0.16253968253968254,0.0,9.711675375001505e-08
0.18575963718820862,0.0,1.0306303011020645e-07
0.2089795918367347,0.0,4.323492248659022e-07
0.23219954648526078,24388.125,0.0004241896385792643
0.25541950113378686,339.48938,0.0010753541719168425
0.2786394557823129,342.7549,0.001924789510667324
0.301859410430839,347.86646,0.002727112965658307
0.3250793650793651,350.13138,0.003316494170576334
0.3482993197278912,349.63623,0.0035081161186099052
0.37151927437641724,349.03394,0.0033825256396085024
0.3947392290249433,349.18384,0.003587063867598772
0.4179591836734694,356.38043,0.004155970178544521
0.44117913832199546,384.59613,0.009604910388588905
0.46439909297052157,419.98703,0.011728746816515923
0.4876190476190476,451.83276,0.018230006098747253
0.5108390022675737,459.3082,0.01410195417702198
0.5340589569160998,457.47397,0.015062161721289158
0.5572789115646258,454.72968,0.015344765037298203
0.5804988662131519,463.05832,0.018759572878479958
0.603718820861678,489.3647,0.051673613488674164
0.626938775510204,516.8382,0.07810255885124207
0.6501587301587302,539.63257,0.07061497867107391
0.6733786848072563,546.46576,0.07206620275974274
0.6965986394557824,537.3505,0.0763714537024498
0.7198185941043084,526.934,0.08611024916172028
0.7430385487528345,527.0865,0.09947628527879715
0.7662585034013606,544.61237,0.14271658658981323
0.7894784580498866,579.4383,0.18812397122383118
0.8126984126984127,619.4866,0.09952840954065323
0.8359183673469388,674.6767,0.08886389434337616
0.8591383219954649,707.396,0.16887126863002777
0.8823582766439909,722.0911,0.20984119176864624
0.905578231292517,722.196,0.23759807646274567
0.9287981859410431,720.7907,0.2591260075569153
0.9520181405895691,719.2962,0.2273460030555725
0.9752380952380952,706.0111,0.20319533348083496
0.9984580498866213,658.66064,0.13368681073188782
1.0216780045351475,581.72186,0.09722551703453064
1.0448979591836736,553.7466,0.12106506526470184
1.0681179138321997,559.50275,0.11802719533443451
1.0913378684807256,559.7934,0.10944288969039917
1.1145578231292517,548.70935,0.08650872111320496
1.1377777777777778,522.83154,0.028601229190826416
1.1609977324263039,485.02405,0.0184246264398098
1.18421768707483,426.33517,0.017034608870744705
1.207437641723356,426.32367,0.012947570532560349
1.2306575963718822,435.9126,0.013324125669896603
1.253877551020408,492.89062,0.014695810154080391
1.2770975056689342,494.5324,0.021798990666866302
1.3003174603174603,449.54797,0.02201838046312332
1.3235374149659864,500.12448,0.014927434735000134
1.3467573696145125,427.87732,0.013457917608320713
1.3699773242630386,384.7646,0.0036895866505801678
1.3931972789115648,334.83582,0.003941510803997517
1.4164172335600906,342.92313,0.007721439003944397
1.4396371882086167,439.3596,0.008506322279572487
1.4628571428571429,438.48206,0.007553186733275652
1.486077097505669,432.09036,0.006609339267015457
1.509297052154195,429.51932,0.004850269295275211
1.5325170068027212,426.67776,0.0032719536684453487
1.5557369614512473,419.2351,0.0031146612018346786
1.5789569160997732,422.11224,0.005537359043955803
1.6021768707482993,385.40176,0.007632974535226822
1.6253968253968254,366.45172,0.007593712769448757
1.6486167800453515,361.67877,0.005306749138981104
1.6718367346938776,434.84744,0.0031973961740732193
1.6950566893424037,413.55524,0.0024470363277941942
1.7182766439909298,415.92004,0.002988068852573633
1.7414965986394557,420.8606,0.005130816251039505
1.7647165532879818,361.7944,0.006593231577426195
1.787936507936508,370.48624,0.006720602512359619
1.811156462585034,358.63373,0.00271468423306942
1.8343764172335602,418.27896,0.0015847411705181003
1.8575963718820863,407.22214,0.0037413169629871845
1.8808163265306124,362.3221,0.002973682712763548
1.9040362811791383,366.87286,0.00017381880024913698
1.9272562358276644,346.03577,2.0787374523933977e-05
1.9504761904761905,0.0,4.4695325414068066e-06
1.9736961451247166,605.0745,1.183686799777206e-05
1.9969160997732427,0.0,3.5817092793877237e-06
2.020136054421769,25875.686,0.000279121333733201
2.043356009070295,26029.604,0.0004102434904780239
2.066575963718821,24104.078,0.00011141888535348698
2.089795918367347,23242.926,0.0001311742526013404
2.1130158730158732,23482.994,4.8210087697952986e-05
2.1362358276643993,22719.635,1.3040906196692958e-05
2.159455782312925,0.0,1.217625140270684e-06
2.182675736961451,0.0,2.273959580634255e-06
2.2058956916099772,0.0,2.4880773707991466e-06
2.2291156462585033,0.0,1.0037701940746047e-06
2.2523356009070294,0.0,7.476401151507162e-07
2.2755555555555556,0.0,6.984455467318185e-07
2.2987755102040817,0.0,1.6858120943652466e-07
2.3219954648526078,0.0,4.5214892452349886e-07
2.345215419501134,0.0,4.517378329182975e-07
2.36843537414966,0.0,2.2347285266732797e-07
2.391655328798186,0.0,4.5722208596998826e-07
2.414875283446712,0.0,1.4191755326464772e-08
