0.0,0.0,1.1334395821904764e-07
0.023219954648526078,0.0,2.5716963136801496e-07
0.046439909297052155,0.0,2.0459629013203084e-07
0.06965986394557823,0.0,8.33742888062261e-08
0.09287981859410431,0.0,1.0335952538298443e-07
0.11609977324263039,23018.08,5.164678077562712e-05
0.13931972789115646,271.5483,0.0004147097351960838
0.16253968253968254,264.98816,0.0005922795971855521
0.18575963718820862,267.91556,0.0007975258631631732
0.2089795918367347,269.93198,0.0008625647169537842
0.23219954648526078,269.8168,0.0008863270049914718
0.25541950113378686,268.15765,0.0008252811385318637
0.2786394557823129,267.79575,0.0008646423812024295
0.301859410430839,269.12265,0.0008533460786566138
0.3250793650793651,272.69037,0.0007748805219307542
0.3482993197278912,290.04907,0.0007800278253853321
0.37151927437641724,318.43198,0.0015413111541420221
0.3947392290249433,337.93423,0.002444777637720108
0.4179591836734694,349.2148,0.002491268329322338
0.44117913832199546,348.90527,0.002374189905822277
0.46439909297052157,343.76202,0.002154373796656728
0.4876190476190476,342.3722,0.0023581269197165966
0.5108390022675737,350.39352,0.0032132621854543686
0.5340589569160998,376.4652,0.0054573919624090195
0.5572789115646258,402.72913,0.01016712374985218
0.5804988662131519,412.36295,0.009842820465564728
0.603718820861678,411.08966,0.009337419643998146
0.626938775510204,405.66718,0.008880564011633396
0.6501587301587302,403.591,0.009644107893109322
0.6733786848072563,406.10892,0.010050643235445023
0.6965986394557824,413.752,0.005781682673841715
0.7198185941043084,452.77142,0.012979038059711456
0.7430385487528345,497.724,0.028264109045267105
0.7662585034013606,522.8563,0.03414539247751236
0.7894784580498866,532.7381,0.031072527170181274
0.8126984126984127,532.49347,0.03203464671969414
0.8359183673469388,527.6602,0.0338214710354805
0.8591383219954649,528.1903,0.03508760780096054
0.8823582766439909,529.44446,0.03525901958346367
0.905578231292517,524.01416,0.025324203073978424
0.9287981859410431,502.3051,0.009741729125380516
0.9520181405895691,419.8246,0.018247246742248535
0.9752380952380952,401.09744,0.016176916658878326
0.9984580498866213,401.24295,0.016440965235233307
1.0216780045351475,407.46524,0.014982365071773529
1.0448979591836736,409.05127,0.012301633134484291
1.0681179138321997,401.58853,0.004608261864632368
1.0913378684807256,376.00366,0.0024054558016359806
1.1145578231292517,319.93283,0.0014844825491309166
1.1377777777777778,375.3457,0.0016565821133553982
1.1609977324263039,322.33835,0.0019020822364836931
1.18421768707483,361.17337,0.0021353603806346655
1.207437641723356,364.44055,0.0020688637159764767
1.2306575963718822,364.55975,0.0018826203886419535
1.253877551020408,361.5896,0.0014133041258901358
1.2770975056689342,375.67792,0.0012144433567300439
1.3003174603174603,294.7988,0.0017661531455814838
1.3235374149659864,273.79092,0.0016817240975797176
1.3467573696145125,275.74548,0.0017689894884824753
1.3699773242630386,275.71802,0.0018428259063512087
1.3931972789115648,269.4764,0.001867411658167839
1.4164172335600906,259.92963,0.0016317234840244055
1.4396371882086167,252.08731,0.0013850252144038677
1.4628571428571429,249.38574,0.0015304413391277194
1.486077097505669,254.84676,0.00152003881521523
1.509297052154195,268.92462,0.0013096079928800464
1.5325170068027212,275.18817,0.0014766347594559193
1.5557369614512473,271.18402,0.0014848260907456279
1.5789569160997732,263.21304,0.0014632274396717548
1.6021768707482993,253.27594,0.0011165167670696974
1.6253968253968254,248.91661,0.001286514918319881
1.6486167800453515,254.7766,0.0012210689019411802
1.6718367346938776,271.46204,0.0012378476094454527
1.6950566893424037,280.80447,0.001205280888825655
1.7182766439909298,272.5837,0.0012002342846244574
1.7414965986394557,258.28784,0.0007942793890833855
1.7647165532879818,253.67189,0.0008191613596864045
1.787936507936508,271.99426,0.000653699622489512
1.811156462585034,279.8527,0.00014056518557481468
1.8343764172335602,0.0,2.8138665584265254e-06
1.8575963718820863,0.0,1.3444523574435152e-06
1.8808163265306124,0.0,9.075201887753792e-07
1.9040362811791383,0.0,1.1297433957224712e-06
