0.0,0.0,4.769644874613732e-07
0.023219954648526078,0.0,4.905423338641413e-07
0.046439909297052155,0.0,3.080158421653323e-07
0.06965986394557823,0.0,1.5893056115601212e-07
0.09287981859410431,0.0,9.586710802977905e-08
0.11609977324263039,0.0,1.7188449419336393e-07
0.13931972789115646,23375.902,7.051237480482087e-05
0.16253968253968254,364.54395,0.0007689455524086952
0.18575963718820862,384.2152,0.0015112074324861169
0.2089795918367347,386.78708,0.0019413596019148827
0.23219954648526078,438.42838,0.002084902487695217
0.25541950113378686,435.54984,0.00212463247589767
0.2786394557823129,379.63367,0.0022491570562124252
0.301859410430839,383.17044,0.0022358905989676714
0.3250793650793651,356.23502,0.0026523000560700893
0.3482993197278912,375.2167,0.0037637031637132168
0.37151927437641724,399.73633,0.005486459471285343
0.3947392290249433,484.03232,0.006275680847465992
0.4179591836734694,498.61478,0.008194709196686745
0.44117913832199546,498.58752,0.00566779263317585
0.46439909297052157,496.5558,0.0041501703672111034
0.4876190476190476,499.1261,0.007913419045507908
0.5108390022675737,454.22104,0.019138896837830544
0.5340589569160998,556.27515,0.04674274101853371
0.5572789115646258,515.83435,0.07220125198364258
0.5804988662131519,530.5366,0.0687870979309082
0.603718820861678,528.012,0.06183948740363121
0.626938775510204,520.66223,0.06682496517896652
0.6501587301587302,520.21124,0.09024447202682495
0.6733786848072563,531.07855,0.13085907697677612
0.6965986394557824,1103.4653,0.20900511741638184
0.7198185941043084,1167.8402,0.14190006256103516
0.7430385487528345,635.7792,0.08525179326534271
0.7662585034013606,672.5276,0.07196053862571716
0.7894784580498866,679.8393,0.08183719217777252
0.8126984126984127,677.9851,0.09491296112537384
0.8359183673469388,681.48584,0.10341023653745651
0.8591383219954649,688.663,0.11149895191192627
0.8823582766439909,693.0978,0.11853396892547607
0.905578231292517,689.62585,0.18665605783462524
0.9287981859410431,1352.9196,0.3062252998352051
0.9520181405895691,623.866,0.10317091643810272
0.9752380952380952,559.0576,0.09532752633094788
0.9984580498866213,546.7557,0.09356595575809479
1.0216780045351475,546.5849,0.08559101819992065
1.0448979591836736,545.1566,0.07133052498102188
1.0681179138321997,538.42163,0.05359980836510658
1.0913378684807256,512.1255,0.015622195787727833
1.1145578231292517,482.5482,0.01196995098143816
1.1377777777777778,415.62628,0.015421232208609581
1.1609977324263039,416.7824,0.01197645254433155
1.18421768707483,3354.9563,0.011339426040649414
1.207437641723356,512.09924,0.012993475422263145
1.2306575963718822,512.2569,0.01215994730591774
1.253877551020408,506.56952,0.008029419928789139
1.2770975056689342,490.87503,0.014071621932089329
1.3003174603174603,585.24835,0.003466411493718624
1.3235374149659864,323.50525,0.004040531814098358
1.3467573696145125,334.31342,0.00836661085486412
1.3699773242630386,3452.898,0.009586011059582233
1.3931972789115648,3467.4014,0.007275101263076067
1.4164172335600906,3355.602,0.005172163248062134
1.4396371882086167,3260.033,0.0035582645796239376
1.4628571428571429,362.85257,0.0029614954255521297
1.486077097505669,358.00394,0.003241998376324773
1.509297052154195,3325.3853,0.005145866423845291
1.5325170068027212,389.1587,0.008948156610131264
1.5557369614512473,571.4277,0.009492278099060059
1.5789569160997732,562.5828,0.0064572724513709545
1.6021768707482993,388.61322,0.0032057135831564665
1.6253968253968254,3363.364,0.0026105795986950397
1.6486167800453515,359.27847,0.0025157593190670013
1.6718367346938776,368.588,0.003970668651163578
1.6950566893424037,382.39334,0.006480791140347719
1.7182766439909298,577.11536,0.007954925298690796
1.7414965986394557,574.02747,0.004386098124086857
1.7647165532879818,381.31967,0.002015812322497368
1.787936507936508,358.15027,0.002564523834735155
1.811156462585034,342.70602,0.00593903660774231
1.8343764172335602,364.94016,0.00277002714574337
1.8575963718820863,544.14777,0.00011352727597113699
1.8808163265306124,359.90152,1.2084702575521078e-05
1.9040362811791383,0.0,2.666016371222213e-06
1.9272562358276644,0.0,2.0098104869248345e-06
1.9504761904761905,0.0,1.1506617738632485e-06
1.9736961451247166,0.0,5.281199264572933e-07
1.9969160997732427,0.0,1.2954342309967615e-06
2.020136054421769,0.0,9.804271030589007e-07
2.043356009070295,0.0,3.3834667192422785e-06
2.066575963718821,0.0,7.796706995577551e-07
