0.0,0.0,2.965225576190278e-08
0.023219954648526078,0.0,2.636625140439719e-08
0.046439909297052155,0.0,3.23525455314666e-08
0.06965986394557823,0.0,5.5153577704913914e-08
0.09287981859410431,0.0,4.278354026610032e-08
0.11609977324263039,0.0,2.589149517007172e-08
0.13931972789115646,0.0,2.5221197574865073e-08
0.16253968253968254,0.0,5.039328243583441e-08
0.18575963718820862,0.0,1.842454366851598e-08
0.2089795918367347,0.0,4.274170350981876e-08
0.23219954648526078,0.0,2.48137439484708e-08
0.25541950113378686,0.0,1.6511876310687512e-08
0.2786394557823129,0.0,4.707362677436322e-08
0.301859410430839,0.0,5.396850610850379e-08
0.3250793650793651,22810.91,4.372552939457819e-05
0.3482993197278912,378.13437,9.138543100561947e-05
0.37151927437641724,358.93158,0.00012121169856982306
0.3947392290249433,396.24243,0.000152281834743917
0.4179591836734694,395.92746,0.0001929422578541562
0.44117913832199546,395.67032,0.0002143433375749737
0.46439909297052157,3339.587,0.00018710570293478668
0.4876190476190476,3307.0615,0.00018951007223222405
0.5108390022675737,365.69946,0.0004085627442691475
0.5340589569160998,435.87903,0.0007660032715648413
0.5572789115646258,405.9669,0.0010486182291060686
0.5804988662131519,413.91516,0.001065543619915843
0.603718820861678,406.7247,0.0009449684293940663
0.626938775510204,792.9271,0.0008260096074081957
0.6501587301587302,788.9473,0.0010880654444918036
0.6733786848072563,408.85013,0.001970029901713133
0.6965986394557824,439.4252,0.0022617229260504246
0.7198185941043084,457.21017,0.0022557710763067007
0.7430385487528345,460.94366,0.0024748900905251503
0.7662585034013606,514.306,0.00264767580665648
0.7894784580498866,507.47098,0.0026299685705453157
0.8126984126984127,506.26578,0.0031191641464829445
0.8359183673469388,510.5586,0.003558263648301363
0.8591383219954649,479.85037,0.0035538969095796347
0.8823582766439909,583.6302,0.0027693817391991615
0.905578231292517,570.5715,0.004096530843526125
0.9287981859410431,478.50067,0.003806766588240862
0.9520181405895691,469.06155,0.003698927816003561
0.9752380952380952,475.14835,0.004140687175095081
0.9984580498866213,576.54724,0.003360108006745577
1.0216780045351475,3327.2988,0.0029951645992696285
1.0448979591836736,540.929,0.0024626399390399456
1.0681179138321997,550.3859,0.0022525712847709656
1.0913378684807256,627.19727,0.0019092496950179338
1.1145578231292517,629.16486,0.0024332732427865267
1.1377777777777778,632.4084,0.0037811335641890764
1.1609977324263039,628.92847,0.012865890748798847
1.18421768707483,575.98395,0.011714857071638107
1.207437641723356,601.50024,0.02516457438468933
1.2306575963718822,722.34125,0.027028363198041916
1.253877551020408,616.4984,0.03014274127781391
1.2770975056689342,614.1167,0.035774096846580505
1.3003174603174603,615.0854,0.046672724187374115
1.3235374149659864,636.6769,0.11039351671934128
1.3467573696145125,667.3374,0.08735530823469162
1.3699773242630386,707.75574,0.07770906388759613
1.3931972789115648,723.9858,0.09632088243961334
1.4164172335600906,716.2898,0.07126826792955399
1.4396371882086167,700.84375,0.11335740983486176
1.4628571428571429,698.73883,0.09722550958395004
1.486077097505669,710.4037,0.11126808822154999
1.509297052154195,728.6007,0.1375657618045807
1.5325170068027212,742.31036,0.10814417898654938
1.5557369614512473,751.3214,0.11031420528888702
1.5789569160997732,751.73834,0.11160996556282043
1.6021768707482993,752.66315,0.0977851003408432
1.6253968253968254,765.44855,0.14175927639007568
1.6486167800453515,798.32025,0.19964838027954102
1.6718367346938776,833.4037,0.1964496672153473
1.6950566893424037,854.84015,0.17879466712474823
1.7182766439909298,853.60046,0.18279889225959778
1.7414965986394557,837.83093,0.19132530689239502
1.7647165532879818,829.30536,0.21985217928886414
1.787936507936508,828.1141,0.22624021768569946
1.811156462585034,816.95776,0.16558171808719635
1.8343764172335602,772.13477,0.2093961238861084
1.8575963718820863,722.2558,0.23420962691307068
1.8808163265306124,720.4093,0.25416237115859985
1.9040362811791383,730.82227,0.16751225292682648
1.9272562358276644,742.8831,0.1370159536600113
1.9504761904761905,743.79803,0.16505905985832214
1.9736961451247166,728.5612,0.23023200035095215
1.9969160997732427,695.7955,0.30552834272384644
2.020136054421769,669.1485,0.2745007574558258
2.043356009070295,665.0325,0.26001185178756714
2.066575963718821,672.7686,0.21310138702392578
2.089795918367347,681.09924,0.18450096249580383
2.1130158730158732,674.93945,0.1520845592021942
2.1362358276643993,659.1843,0.05719155818223953
2.159455782312925,624.99286,0.025486253201961517
2.182675736961451,1207.6038,0.017745278775691986
2.2058956916099772,578.1651,0.019434811547398567
2.2291156462585033,585.0889,0.015274444594979286
2.2523356009070294,1187.6799,0.009707687422633171
2.2755555555555556,1190.0004,0.010174399241805077
2.2987755102040817,1181.754,0.015460474416613579
2.3219954648526078,570.64154,0.010206764563918114
2.345215419501134,550.5447,0.004424260929226875
2.36843537414966,529.42633,0.005588376894593239
2.391655328798186,533.54553,0.004757413640618324
2.414875283446712,539.05426,0.004774272441864014
2.4380952380952383,540.7056,0.0037988563999533653
2.4613151927437644,537.11676,0.004555612336844206
2.48453514739229,523.88477,0.006064542103558779
2.507755102040816,504.62762,0.007135692052543163
2.5309750566893423,482.4665,0.008539633825421333
2.5541950113378684,473.9933,0.007353062275797129
2.5774149659863945,477.38898,0.007224465720355511
2.6006349206349206,482.06052,0.007016880437731743
2.6238548752834467,478.16852,0.006397144868969917
2.647074829931973,467.88837,0.004926285706460476
2.670294784580499,452.3138,0.003807004075497389
2.693514739229025,439.13278,0.0035664374008774757
2.716734693877551,438.7215,0.003478306345641613
2.7399546485260773,445.4761,0.003547399304807186
2.7631746031746034,450.26843,0.003389608347788453
2.7863945578231295,447.902,0.0032045391853898764
2.809614512471655,437.49673,0.002632873598486185
2.8328344671201813,850.57697,0.002247377298772335
2.8560544217687074,402.75623,0.0017674085684120655
2.8792743764172335,396.2602,0.0018983848858624697
2.9024943310657596,400.55338,0.002024187706410885
2.9257142857142857,404.75647,0.001647435245104134
2.948934240362812,402.32092,0.0013033169088885188
2.972154195011338,393.98535,0.0009815944358706474
2.995374149659864,422.62387,0.0006600148626603186
3.01859410430839,354.6837,0.0005503984284587204
3.0418140589569163,382.89462,0.0004378923331387341
3.0650340136054424,356.2002,0.0005973975639790297
3.0882539682539685,365.1531,0.0007870432455092669
3.1114739229024946,364.18237,0.0006598372128792107
3.1346938775510207,358.23926,0.00042302889050915837
3.1579138321995464,394.08914,0.0004642488493118435
3.1811337868480725,386.29752,0.0005583062884397805
3.2043537414965986,384.30005,0.0004385262436699122
3.2275736961451247,352.51907,0.0004834095889236778
3.250793650793651,366.1299,0.0007505102548748255
3.274013605442177,419.69055,0.0006409145426005125
3.297233560090703,368.71362,0.0004992978647351265
3.320453514739229,353.98218,0.0005098762921988964
3.3436734693877552,373.3883,0.0006331881741061807
3.3668934240362813,372.3381,0.00046185130486264825
3.3901133786848074,348.6888,0.0004498089838307351
3.4133333333333336,363.40363,0.0006919129518792033
3.4365532879818597,413.33267,0.0006003961898386478
3.4597732426303858,364.0926,0.00045065535232424736
3.4829931972789114,349.41763,0.0005018183728680015
3.5062131519274375,374.40625,0.0005671720718964934
3.5294331065759637,337.57425,0.00048305437667295337
3.5526530612244898,380.33853,0.00036221774644218385
3.575873015873016,362.13516,0.000552788726054132
3.599092970521542,417.15332,0.0005269416724331677
3.622312925170068,411.41583,0.00044725657789967954
3.645532879818594,360.47894,0.00038213719381019473
3.6687528344671203,349.18198,0.00042018151725642383
3.6919727891156464,375.32495,0.0004834257415495813
3.7151927437641725,373.55887,0.000423215824412182
3.7384126984126986,346.0909,0.00040384032763540745
3.7616326530612247,361.93518,0.0005261357873678207
3.784852607709751,368.16638,0.0005429066950455308
3.8080725623582765,364.88538,0.00039472128264606
3.8312925170068026,354.65805,0.00029397051548585296
3.8545124716553287,379.58606,0.00044485105900093913
3.877732426303855,382.1624,0.0004453239089343697
3.900952380952381,383.9811,0.0002938494726549834
3.924172335600907,357.71252,0.0004692255170084536
3.947392290249433,735.68774,0.0004867477691732347
3.9706122448979593,413.47153,0.0003676961059682071
3.9938321995464854,356.39993,0.0003860155993606895
4.017052154195011,759.736,0.00040084015927277505
4.040272108843538,372.11133,0.0004408679960761219
4.063492063492063,379.37866,0.0004546581767499447
4.08671201814059,734.39087,0.0006792332860641181
4.1099319727891155,742.8807,0.000515967549290508
4.133151927437642,403.96237,0.0003216425538994372
4.156371882086168,386.09058,0.00035354902502149343
4.179591836734694,739.12244,0.00044078670907765627
4.20281179138322,370.82816,0.00011271700350334868
4.2260317460317465,0.0,6.7370037868386135e-06
4.249251700680272,0.0,1.5532250472460873e-06
4.272471655328799,0.0,1.9678464013850316e-07
4.295691609977324,0.0,1.263233571080491e-07
4.31891156462585,0.0,5.998936103424057e-08
4.342131519274377,0.0,2.950946509372443e-08
4.365351473922902,0.0,3.774948709178716e-08
4.388571428571429,0.0,3.1785020837560296e-08
4.4117913832199545,0.0,4.3630279833450913e-08
4.435011337868481,0.0,1.7423190001863986e-08
4.458231292517007,0.0,9.014547686092556e-08
4.481451247165533,0.0,9.034920367412269e-08
4.504671201814059,0.0,8.112965588225052e-08
4.527891156462585,0.0,5.521360435523093e-08
4.551111111111111,0.0,1.2011696526315063e-07
4.574331065759638,0.0,1.1307383829262108e-07
4.597551020408163,0.0,1.7739421309670433e-07
4.62077097505669,0.0,7.603830454172567e-08
4.6439909297052155,0.0,3.65253072232008e-08
4.667210884353741,0.0,2.107663021888584e-08
4.690430839002268,0.0,2.985052560688928e-08
