0.0,0.0,1.201351551571861e-07
0.023219954648526078,0.0,1.2246437108842656e-07
0.046439909297052155,0.0,1.8051741790259257e-07
0.06965986394557823,0.0,1.6549984138691798e-07
0.09287981859410431,0.0,9.965333447325975e-08
0.11609977324263039,0.0,1.2284181138966233e-07
0.13931972789115646,0.0,3.134869984933175e-06
0.16253968253968254,275.15146,2.2604082914767787e-05
0.18575963718820862,263.14444,2.9470798835973255e-05
0.2089795918367347,354.26367,4.3204483517911285e-05
0.23219954648526078,353.57175,7.195764919742942e-05
0.25541950113378686,1024.4082,0.00016291798965539783
0.2786394557823129,1011.96094,0.00029140658443793654
0.301859410430839,1020.9167,0.0005707981763407588
0.3250793650793651,991.4279,0.0007648043101653457
0.3482993197278912,995.2099,0.000608329544775188
0.37151927437641724,1002.7653,0.0006007159245200455
0.3947392290249433,984.329,0.0005179702420718968
0.4179591836734694,924.0311,0.00028018149896524847
0.44117913832199546,1002.1432,0.00036375998752191663
0.46439909297052157,983.2384,0.0004084786050952971
0.4876190476190476,967.1823,0.0003895914414897561
0.5108390022675737,954.65393,0.00034732752828858793
0.5340589569160998,946.19196,0.00048549624625593424
0.5572789115646258,951.8006,0.001425241120159626
0.5804988662131519,953.29626,0.001552266301587224
0.603718820861678,906.0986,0.001799633726477623
0.626938775510204,1008.0389,0.0015678433701395988
0.6501587301587302,985.98615,0.001095050247386098
0.6733786848072563,832.24585,0.0011152469087392092
0.6965986394557824,845.98596,0.001967069460079074
0.7198185941043084,1033.3708,0.00280738458968699
0.7430385487528345,1077.5325,0.002402952639386058
0.7662585034013606,1090.4684,0.0030797321815043688
0.7894784580498866,1084.0413,0.0029227114282548428
0.8126984126984127,1071.0492,0.002327684313058853
0.8359183673469388,1018.7116,0.002022506669163704
0.8591383219954649,1061.7961,0.0009418505360372365
0.8823582766439909,989.3998,0.003625862766057253
0.905578231292517,833.32477,0.004553833045065403
0.9287981859410431,818.7135,0.004245608113706112
0.9520181405895691,827.1109,0.0024324918631464243
0.9752380952380952,814.76495,0.0023589180782437325
0.9984580498866213,819.33124,0.003834462957456708
1.0216780045351475,857.7855,0.001803009887225926
1.0448979591836736,914.27496,0.0025371601805090904
1.0681179138321997,924.23413,0.002809485187754035
1.0913378684807256,923.5055,0.002742715645581484
1.1145578231292517,918.77094,0.0018920964794233441
1.1377777777777778,918.64136,0.0025197386275976896
1.1609977324263039,967.229,0.005596542730927467
1.18421768707483,1013.41034,0.006047056522220373
1.207437641723356,1056.561,0.008809223771095276
1.2306575963718822,1058.6592,0.007333017885684967
1.253877551020408,1041.4164,0.005712536629289389
1.2770975056689342,1016.57874,0.00675051286816597
1.3003174603174603,1015.0004,0.0058112978003919125
1.3235374149659864,1063.1014,0.008605695329606533
1.3467573696145125,1105.2186,0.008939927443861961
1.3699773242630386,1114.0068,0.010837784968316555
1.3931972789115648,1087.8832,0.01131993718445301
1.4164172335600906,1072.9897,0.00918030459433794
1.4396371882086167,1091.8691,0.00537350308150053
1.4628571428571429,1131.1904,0.002797966357320547
1.486077097505669,1214.7247,0.0056333718821406364
1.509297052154195,1245.202,0.006150929257273674
1.5325170068027212,639.83057,0.006558503955602646
1.5557369614512473,1286.9788,0.007542537059634924
1.5789569160997732,1231.6931,0.003693830920383334
1.6021768707482993,1197.5709,0.001073376857675612
1.6253968253968254,582.6122,0.0019744625315070152
1.6486167800453515,1171.7394,0.003193215001374483
1.6718367346938776,1147.6172,0.004466084763407707
1.6950566893424037,1118.6628,0.0034219282679259777
1.7182766439909298,1068.2982,0.0017784402007237077
1.7414965986394557,1034.638,0.0036267025861889124
1.7647165532879818,1049.0555,0.007340730167925358
1.787936507936508,1066.6562,0.009824980050325394
1.811156462585034,1079.7932,0.00939229130744934
1.8343764172335602,1076.3131,0.005474661476910114
1.8575963718820863,1043.1864,0.004913121461868286
1.8808163265306124,1002.0559,0.004831372760236263
1.9040362811791383,982.7229,0.005691408179700375
1.9272562358276644,1001.582,0.0045340037904679775
1.9504761904761905,1017.5749,0.003906783182173967
1.9736961451247166,1018.1809,0.005260806530714035
1.9969160997732427,1000.56,0.0035986972507089376
2.020136054421769,973.00604,0.0021620728075504303
2.043356009070295,944.2889,0.002009739400818944
2.066575963718821,932.90533,0.0021926765330135822
2.089795918367347,935.7201,0.002039708197116852
2.1130158730158732,934.9984,0.002201066818088293
2.1362358276643993,915.27246,0.003106638789176941
2.159455782312925,854.3176,0.0023272698745131493
2.182675736961451,845.14954,0.0006083500920794904
2.2058956916099772,391.2584,0.0023155980743467808
2.2291156462585033,899.5136,0.00490434467792511
2.2523356009070294,816.1174,0.0037741726264357567
2.2755555555555556,849.0713,0.001977512612938881
2.2987755102040817,1010.1748,0.001435478450730443
2.3219954648526078,1056.8805,0.0027733612805604935
2.345215419501134,1054.1969,0.002772015519440174
2.36843537414966,1027.9922,0.0029628886841237545
2.391655328798186,1040.2753,0.0026885622646659613
2.414875283446712,1060.8834,0.0028754952363669872
2.4380952380952383,1023.1165,0.0017208625795319676
2.4613151927437644,972.696,0.0018586242804303765
2.48453514739229,783.5268,0.002043411135673523
2.507755102040816,707.2558,0.001980199245736003
2.5309750566893423,767.66626,0.0018163194181397557
2.5541950113378684,774.33417,0.0018568976083770394
2.5774149659863945,765.66595,0.0017697340808808804
2.6006349206349206,793.9724,0.000850522774271667
2.6238548752834467,796.2255,0.00043622462544590235
2.647074829931973,307.38126,0.000459606118965894
2.670294784580499,441.95502,0.0005005741259083152
2.693514739229025,304.82147,0.0005066331941634417
2.716734693877551,419.68323,0.00048093684017658234
2.7399546485260773,1107.5884,0.00037218601210042834
2.7631746031746034,416.62686,0.0005689201061613858
2.7863945578231295,879.4448,0.0005732777644880116
2.809614512471655,895.06995,0.00043233094038441777
2.8328344671201813,371.49817,0.000489892961923033
2.8560544217687074,988.1822,0.0006299068918451667
2.8792743764172335,936.2309,0.0008909241296350956
2.9024943310657596,928.4347,0.0008152325171977282
2.9257142857142857,1000.27423,0.0005051718326285481
2.948934240362812,1051.3107,0.0005070104380138218
2.972154195011338,1075.8804,0.00047070422442629933
2.995374149659864,325.58176,0.00040754361543804407
3.01859410430839,247.96663,0.0005132743390277028
3.0418140589569163,250.72069,0.0003670179867185652
3.0650340136054424,803.77057,0.0005107009783387184
3.0882539682539685,802.64233,0.0010888782562687993
3.1114739229024946,826.4786,0.0008738196920603514
3.1346938775510207,823.30225,0.00044371653348207474
3.1579138321995464,1076.4822,0.0005879998789168894
3.1811337868480725,643.96893,0.0006478357245214283
3.2043537414965986,638.9066,0.0006203636294230819
3.2275736961451247,637.6676,0.00045122625306248665
3.250793650793651,252.14275,0.0002984993043355644
3.274013605442177,801.0342,0.0006048227078281343
3.297233560090703,806.29004,0.0006790727493353188
3.320453514739229,818.7268,0.0003576316521503031
3.3436734693877552,1079.1051,0.000494949403218925
3.3668934240362813,396.9626,0.0004723513557109982
3.3901133786848074,644.2356,0.00041712025995366275
3.4133333333333336,791.7578,0.00047184445429593325
3.4365532879818597,634.77545,0.00026090425672009587
3.4597732426303858,389.25012,0.00039901857962831855
3.4829931972789114,819.7648,0.0005137999542057514
3.5062131519274375,835.5076,0.00029698049183934927
3.5294331065759637,984.3655,0.00021087609638925642
3.5526530612244898,248.65373,0.00026570059708319604
3.575873015873016,641.69324,0.00024011080677155405
3.599092970521542,699.75226,0.00020692417456302792
3.622312925170068,652.9871,9.838068945100531e-05
3.645532879818594,257.8153,0.0001491745060775429
3.6687528344671203,858.0561,0.00021322572138160467
3.6919727891156464,866.32745,0.0001673696533543989
3.7151927437641725,877.99274,7.821857434464619e-05
3.7384126984126986,332.0571,0.00010154091432923451
3.7616326530612247,240.84282,7.781684689689428e-05
3.784852607709751,238.95473,7.307753548957407e-05
3.8080725623582765,248.19955,4.7649809857830405e-05
3.8312925170068026,389.99542,7.851971167838201e-05
3.8545124716553287,867.09937,1.0491368811926804e-05
3.877732426303855,0.0,4.035009624203667e-07
3.900952380952381,0.0,3.3013293432304636e-07
3.924172335600907,0.0,9.700306691229343e-08
3.947392290249433,0.0,7.898142939666286e-08
3.9706122448979593,0.0,8.37908373796381e-08
3.9938321995464854,0.0,6.595564627787098e-08
4.017052154195011,0.0,1.7477759683970362e-08
4.040272108843538,0.0,4.700541467173025e-08
4.063492063492063,0.0,5.335368769010529e-08
4.08671201814059,0.0,1.9510116544552147e-07
4.1099319727891155,0.0,2.451888576615602e-07
4.133151927437642,0.0,9.362065611639991e-08
