0.0,0.0,1.434973455616273e-07
0.023219954648526078,0.0,8.24538801680319e-08
0.046439909297052155,0.0,4.3076306610601023e-07
0.06965986394557823,0.0,3.273662514402531e-07
0.09287981859410431,0.0,3.354061846039258e-07
0.11609977324263039,0.0,2.3525262804469094e-07
0.13931972789115646,0.0,7.343533070525154e-07
0.16253968253968254,713.3112,0.0005096527165733278
0.18575963718820862,637.58154,0.001364740077406168
0.2089795918367347,661.1427,0.0021400097757577896
0.23219954648526078,694.5455,0.0024968297220766544
0.25541950113378686,794.7441,0.0014161139260977507
0.2786394557823129,746.3341,0.001638538669794798
0.301859410430839,621.1528,0.0016535997856408358
0.3250793650793651,619.06525,0.0015716149937361479
0.3482993197278912,631.50507,0.0021690893918275833
0.37151927437641724,839.3362,0.0014730204129591584
0.3947392290249433,661.28125,0.002156242961063981
0.4179591836734694,615.2764,0.0012798858806490898
0.44117913832199546,628.64453,0.0018813811475411057
0.46439909297052157,599.3058,0.0024034311063587666
0.4876190476190476,599.74084,0.001108658267185092
0.5108390022675737,699.6636,0.0015160241164267063
0.5340589569160998,802.71,0.003170076757669449
0.5572789115646258,787.3606,0.008923271670937538
0.5804988662131519,562.81006,0.012645533308386803
0.603718820861678,574.95184,0.003624647157266736
0.626938775510204,915.4293,0.0016735458048060536
0.6501587301587302,954.57025,0.0015599052421748638
0.6733786848072563,915.0706,0.003258351469412446
0.6965986394557824,572.74725,0.003956074360758066
0.7198185941043084,985.9528,0.007774394936859608
0.7430385487528345,1026.0464,0.00830200407654047
0.7662585034013606,762.2277,0.008270872756838799
0.7894784580498866,1060.9532,0.005332308821380138
0.8126984126984127,632.06683,0.002654042560607195
0.8359183673469388,552.11755,0.0014448673464357853
0.8591383219954649,789.8556,0.0016618795925751328
0.8823582766439909,688.07043,0.002936694771051407
0.905578231292517,788.6176,0.002871001372113824
0.9287981859410431,996.4235,0.0025488603860139847
0.9520181405895691,558.5219,0.001907249679788947
0.9752380952380952,992.6986,0.0026118524838238955
0.9984580498866213,915.55176,0.0031816628761589527
1.0216780045351475,571.9919,0.0029146969318389893
1.0448979591836736,1037.8984,0.001678101485595107
1.0681179138321997,631.871,0.003849254921078682
1.0913378684807256,573.82153,0.00343145988881588
1.1145578231292517,588.94855,0.0038061528466641903
1.1377777777777778,553.4833,0.0010514648165553808
1.1609977324263039,900.68463,0.00038307879003696144
1.18421768707483,590.72156,0.0001226719468832016
1.207437641723356,557.987,0.00048393948236480355
1.2306575963718822,582.99713,0.0016216648509725928
1.253877551020408,611.56335,0.0019981074146926403
1.2770975056689342,795.9952,0.00322235026396811
1.3003174603174603,600.56366,0.003984815441071987
1.3235374149659864,843.4005,0.0034406129270792007
1.3467573696145125,559.0076,0.00262280716560781
1.3699773242630386,623.9956,0.0022127823904156685
1.3931972789115648,593.3336,0.00181183114182204
1.4164172335600906,669.99115,0.0015710092848166823
1.4396371882086167,658.14044,0.0021770885214209557
1.4628571428571429,601.93677,0.002403954043984413
1.486077097505669,595.67645,0.0012976127909496427
1.509297052154195,586.05396,0.0014142931904643774
1.5325170068027212,646.24725,0.0012096965219825506
1.5557369614512473,596.4548,0.00024415316875092685
1.5789569160997732,693.5386,2.8669812309090048e-05
1.6021768707482993,136.296,1.3838255654263776e-05
1.6253968253968254,0.0,4.58846079709474e-06
1.6486167800453515,0.0,1.6857920854818076e-06
1.6718367346938776,0.0,4.834919309359975e-07
1.6950566893424037,0.0,2.355800461373292e-07
1.7182766439909298,0.0,1.1004431144101545e-07
1.7414965986394557,0.0,2.8610611479962245e-07
1.7647165532879818,0.0,1.4167926565278322e-07
1.787936507936508,0.0,8.11469362815842e-08
1.811156462585034,0.0,1.0037274478236213e-07
