0.0,0.0,2.335536919417791e-07
0.023219954648526078,0.0,2.1464347810251638e-07
0.046439909297052155,0.0,2.0639708964154124e-07
0.06965986394557823,0.0,1.3931003195466474e-07
0.09287981859410431,0.0,1.6645572031848133e-07
0.11609977324263039,0.0,1.0759413271443918e-07
0.13931972789115646,0.0,1.4432862371904776e-07
0.16253968253968254,0.0,1.2502368917921558e-07
0.18575963718820862,0.0,2.0767192836501636e-06
0.2089795918367347,0.0,3.805757842201274e-06
0.23219954648526078,95.93038,1.294672711082967e-05
0.25541950113378686,647.40576,5.658231384586543e-05
0.2786394557823129,707.11975,0.0002249273529741913
0.301859410430839,746.5958,0.00032926606945693493
0.3250793650793651,762.51807,0.0006206858670338988
0.3482993197278912,791.6408,0.0008121492573991418
0.37151927437641724,644.2046,0.000795783125795424
0.3947392290249433,675.70123,0.0006130497204139829
0.4179591836734694,669.60565,0.0009547474328428507
0.44117913832199546,628.66254,0.0009070199448615313
0.46439909297052157,708.86615,0.0017499414971098304
0.4876190476190476,651.4794,0.0021729895379394293
0.5108390022675737,602.6434,0.002941093873232603
0.5340589569160998,593.69476,0.0020663714967668056
0.5572789115646258,632.1022,0.0014491986948996782
0.5804988662131519,694.58203,0.0017980497796088457
0.603718820861678,657.74493,0.0031071966513991356
0.626938775510204,629.59216,0.001706820446997881
0.6501587301587302,666.4459,0.0017585157183930278
0.6733786848072563,656.42285,0.0017289046663790941
0.6965986394557824,624.25195,0.0021224110387265682
0.7198185941043084,599.37775,0.001805000239983201
0.7430385487528345,582.354,0.0024201017804443836
0.7662585034013606,618.0968,0.001468945643864572
0.7894784580498866,656.84924,0.002415369264781475
0.8126984126984127,780.82794,0.002092776820063591
0.8359183673469388,826.2124,0.0025685331784188747
0.8591383219954649,782.5684,0.002454213798046112
0.8823582766439909,660.6406,0.0024159448221325874
0.905578231292517,639.5678,0.002299289917573333
0.9287981859410431,673.5613,0.0021902229636907578
0.9520181405895691,763.5794,0.002366445492953062
0.9752380952380952,578.11615,0.003597345668822527
0.9984580498866213,586.2454,0.0017694965936243534
1.0216780045351475,512.486,0.0019398262957111
1.0448979591836736,779.06525,0.002295435406267643
1.0681179138321997,692.17065,0.002131494926288724
1.0913378684807256,758.3643,0.004906469956040382
1.1145578231292517,598.3343,0.0016442236956208944
1.1377777777777778,662.67255,0.0019125122344121337
1.1609977324263039,697.3505,0.0018253203015774488
1.18421768707483,637.5492,0.0024427406024187803
1.207437641723356,606.40076,0.0014920723624527454
1.2306575963718822,637.339,0.0017518600216135383
1.253877551020408,764.21686,0.001326901139691472
1.2770975056689342,864.5016,0.0027232146821916103
1.3003174603174603,1060.3181,0.0032647675834596157
1.3235374149659864,1069.0459,0.0023956643417477608
1.3467573696145125,814.3038,0.003933801781386137
1.3699773242630386,738.23596,0.003169020637869835
1.3931972789115648,723.48486,0.0024200102780014277
1.4164172335600906,842.95135,0.0037828253116458654
1.4396371882086167,1186.3145,0.0038851217832416296
1.4628571428571429,607.26215,0.004194724839180708
1.486077097505669,535.18805,0.003989895340055227
1.509297052154195,861.3227,0.003515284974128008
1.5325170068027212,811.1826,0.002686609048396349
1.5557369614512473,545.08606,0.007357983849942684
1.5789569160997732,587.4121,0.027525976300239563
1.6021768707482993,625.1501,0.03112957254052162
1.6253968253968254,642.00543,0.02962580695748329
1.6486167800453515,627.6862,0.017070062458515167
1.6718367346938776,604.4063,0.006666152738034725
1.6950566893424037,835.4582,0.007194358855485916
1.7182766439909298,670.4444,0.00555597385391593
1.7414965986394557,737.5729,0.003535414347425103
1.7647165532879818,861.5508,0.004113402683287859
1.787936507936508,1198.2787,0.0038727254141122103
1.811156462585034,1188.618,0.004089902155101299
1.8343764172335602,839.45416,0.0058677890338003635
1.8575963718820863,661.04474,0.005076012574136257
1.8808163265306124,634.34033,0.0040633720345795155
1.9040362811791383,663.2613,0.004200831986963749
1.9272562358276644,802.00995,0.005422242917120457
1.9504761904761905,801.18634,0.005197408143430948
1.9736961451247166,767.52655,0.004470390733331442
1.9969160997732427,645.31836,0.005810103379189968
2.020136054421769,627.10016,0.007229188922792673
2.043356009070295,635.1065,0.005108078476041555
2.066575963718821,629.3286,0.0034503061324357986
2.089795918367347,635.33026,0.004490222781896591
2.1130158730158732,640.63586,0.007109583355486393
2.1362358276643993,612.1143,0.001696770079433918
2.159455782312925,888.05334,0.0011848444119095802
2.182675736961451,826.273,0.0018001405987888575
2.2058956916099772,821.15063,0.0017776077147573233
2.2291156462585033,870.7157,0.0022395511623471975
2.2523356009070294,529.6158,0.002834017388522625
2.2755555555555556,626.1211,0.001896784408017993
2.2987755102040817,612.6411,0.00133019988425076
2.3219954648526078,849.7607,0.0013024520594626665
2.345215419501134,818.2442,0.0012210806598886847
2.36843537414966,826.68524,0.0011830704752355814
2.391655328798186,810.36224,0.0016352381790056825
2.414875283446712,821.37885,0.0019253959180787206
2.4380952380952383,843.079,0.0018529118970036507
2.4613151927437644,855.05646,0.001490631839260459
2.48453514739229,839.1262,0.0019699682015925646
2.507755102040816,819.81415,0.0023845869582146406
2.5309750566893423,592.53687,0.0029735269490629435
2.5541950113378684,795.16724,0.002112671500071883
2.5774149659863945,807.2824,0.0016717568505555391
2.6006349206349206,816.45764,0.0017746294615790248
2.6238548752834467,816.61597,0.0022368549834936857
2.647074829931973,815.6148,0.0018198237521573901
2.670294784580499,794.8098,0.0017185689648613334
2.693514739229025,780.8406,0.002911549061536789
2.716734693877551,807.53564,0.002498130314052105
2.7399546485260773,798.78375,0.0021174077410250902
2.7631746031746034,798.425,0.0016410802491009235
2.7863945578231295,802.74347,0.001283321063965559
2.809614512471655,757.9787,0.0010530068539083004
2.8328344671201813,781.4431,0.0006031222292222083
2.8560544217687074,779.43414,0.0011205695336684585
2.8792743764172335,829.43164,0.0015389432664960623
2.9024943310657596,782.0559,0.0014766869135200977
2.9257142857142857,835.9657,0.0008972465293481946
2.948934240362812,796.04407,0.0008922058623284101
2.972154195011338,804.5957,0.0011998541885986924
2.995374149659864,803.2199,0.0012110136449337006
3.01859410430839,605.42444,0.0009652536828070879
3.0418140589569163,752.43665,0.0009592044516466558
3.0650340136054424,741.708,0.0011212392710149288
3.0882539682539685,750.6021,0.0013208362506702542
3.1114739229024946,598.9907,0.0011484578717499971
3.1346938775510207,826.9018,0.000909665075596422
3.1579138321995464,820.0026,0.001347095356322825
3.1811337868480725,574.30615,0.0013170487945899367
3.2043537414965986,659.2549,0.00072131009073928
3.2275736961451247,846.0847,0.0006598153850063682
3.250793650793651,2792.7449,0.0007120087393559515
3.274013605442177,858.3306,0.0010785677004605532
3.297233560090703,696.6853,0.0011955969966948032
3.320453514739229,679.0635,0.0008726796950213611
3.3436734693877552,688.16626,0.0006352148484438658
3.3668934240362813,900.4238,0.0008717085001990199
3.3901133786848074,880.84424,0.0009450187208130956
3.4133333333333336,679.5824,0.0005634792614728212
3.4365532879818597,888.7267,0.0004892621072940528
3.4597732426303858,2836.2231,0.0006885756738483906
3.4829931972789114,903.87244,0.0009338121744804084
3.5062131519274375,683.7367,0.000635687552858144
3.5294331065759637,687.14496,0.000518843880854547
3.5526530612244898,919.0974,0.0006507576908916235
3.575873015873016,681.2869,0.00045033328933641315
3.599092970521542,908.3957,0.00012486716150306165
3.622312925170068,560.50916,3.6835583159700036e-05
3.645532879818594,140.53893,1.1081988304795232e-05
3.6687528344671203,0.0,6.344110261125024e-06
3.6919727891156464,0.0,5.783776941825636e-07
3.7151927437641725,0.0,1.9738035916816443e-07
3.7384126984126986,0.0,1.2059263099217787e-07
3.7616326530612247,0.0,1.7730053514242172e-07
3.784852607709751,0.0,1.5602381608914584e-07
3.8080725623582765,0.0,7.505423127440736e-08
3.8312925170068026,0.0,3.260938683524728e-07
3.8545124716553287,0.0,2.4117889552144334e-07
3.877732426303855,0.0,9.849463822320104e-08
3.900952380952381,0.0,1.8778791854856536e-07
3.924172335600907,0.0,7.907328836154193e-08
3.947392290249433,0.0,7.169546734075993e-08
3.9706122448979593,0.0,9.065843187272549e-08
3.9938321995464854,0.0,1.437192622688599e-07
4.017052154195011,0.0,1.0851817933144048e-07
4.040272108843538,0.0,7.635208021383733e-09
