0.0,0.0,1.0541953088250011e-07
0.023219954648526078,0.0,8.718052413314581e-08
0.046439909297052155,0.0,1.217940734932199e-07
0.06965986394557823,0.0,5.477613740367815e-08
0.09287981859410431,0.0,1.1350948625477031e-07
0.11609977324263039,0.0,1.3428598322207108e-07
0.13931972789115646,0.0,7.932158041512594e-08
0.16253968253968254,0.0,1.603157215868123e-07
0.18575963718820862,0.0,3.1915806175675243e-07
0.2089795918367347,0.0,1.5986961443559267e-06
0.23219954648526078,24413.914,2.1216721506789327e-05
0.25541950113378686,104.09904,6.56721240375191e-05
0.2786394557823129,114.99665,0.0001834140275605023
0.301859410430839,127.828674,0.0002546477480791509
0.3250793650793651,283.52728,0.00033426654408685863
0.3482993197278912,284.47543,0.00036803082912229
0.37151927437641724,321.24304,0.0004316764825489372
0.3947392290249433,373.3952,0.000379454402718693
0.4179591836734694,376.88196,0.00030736089684069157
0.44117913832199546,377.39206,0.0002346682158531621
0.46439909297052157,134.0461,0.0002548868942540139
0.4876190476190476,323.73032,0.0003296082722954452
0.5108390022675737,318.2801,0.00027650585980154574
0.5340589569160998,325.20013,0.00026907926076091826
0.5572789115646258,372.42258,0.0002979924320243299
0.5804988662131519,376.69775,0.00021223886869847775
0.603718820861678,139.42519,0.000328960974002257
0.626938775510204,325.32977,0.0006646813708357513
0.6501587301587302,326.91687,0.0011456647189334035
0.6733786848072563,335.9908,0.0006144638173282146
0.6965986394557824,366.17584,0.0006758061936125159
0.7198185941043084,376.1495,0.0006378900725394487
0.7430385487528345,371.16235,0.0003424392780289054
0.7662585034013606,384.86014,0.0005382134113460779
0.7894784580498866,375.1419,0.0010851334081962705
0.8126984126984127,376.02704,0.0007790453964844346
0.8359183673469388,379.79938,0.0011148451594635844
0.8591383219954649,379.69318,0.0010474645532667637
0.8823582766439909,379.04092,0.00048138797865249217
0.905578231292517,401.18637,0.0006600295309908688
0.9287981859410431,409.21817,0.0006848560879006982
0.9520181405895691,381.689,0.0008848094148561358
0.9752380952380952,378.35995,0.000761721283197403
0.9984580498866213,392.58817,0.0005906879669055343
1.0216780045351475,441.94275,0.0006487393984571099
1.0448979591836736,444.3826,0.0006558233872056007
1.0681179138321997,389.91745,0.0009738770895637572
1.0913378684807256,377.1247,0.0013261436251923442
1.1145578231292517,370.72092,0.0009111679391935468
1.1377777777777778,382.4517,0.0005873744958080351
1.1609977324263039,436.84515,0.00023103586863726377
1.18421768707483,540.15875,0.0002768760605249554
1.207437641723356,235.3239,0.00029079162050038576
1.2306575963718822,524.7386,0.0005752992583438754
1.253877551020408,444.96017,0.0008501695701852441
1.2770975056689342,438.8827,0.0008511676569469273
1.3003174603174603,441.50388,0.0003070264938287437
1.3235374149659864,237.03389,0.0003589771222323179
1.3467573696145125,271.59985,0.0003743672277778387
1.3699773242630386,277.40356,0.0003225787659175694
1.3931972789115648,273.48804,0.00044242810690775514
1.4164172335600906,535.4179,0.0007686747121624649
1.4396371882086167,256.29196,0.0006312931072898209
1.4628571428571429,243.08894,0.0006105503416620195
1.486077097505669,258.31158,0.0006897568237036467
1.509297052154195,298.80524,0.001360338181257248
1.5325170068027212,860.0211,0.0012929504737257957
1.5557369614512473,854.57025,0.0009467857889831066
1.5789569160997732,2631.5354,0.0006709882291033864
1.6021768707482993,2776.0437,0.0006154709262773395
1.6253968253968254,265.08707,0.001567027997225523
1.6486167800453515,865.6373,0.0013514875900000334
1.6718367346938776,424.32394,0.0008601050358265638
1.6950566893424037,349.35422,0.0021168882958590984
1.7182766439909298,886.827,0.005947178229689598
1.7414965986394557,881.7457,0.0024267900735139847
1.7647165532879818,861.8634,0.002337617799639702
1.787936507936508,849.89215,0.004348535090684891
1.811156462585034,886.4821,0.001727068331092596
1.8343764172335602,916.50604,0.004188612103462219
1.8575963718820863,885.2168,0.001597246970050037
1.8808163265306124,879.17175,0.0008707958622835577
1.9040362811791383,245.05052,0.0006998511962592602
1.9272562358276644,238.75754,0.0007370520615950227
1.9504761904761905,272.621,0.0006306873401626945
1.9736961451247166,288.4777,0.0008166593033820391
1.9969160997732427,266.17346,0.0007690824568271637
2.020136054421769,282.82022,0.0004361002065706998
2.043356009070295,271.04178,0.0003622271178755909
2.066575963718821,241.28188,0.0004744955513160676
2.089795918367347,242.22797,0.0005778648192062974
2.1130158730158732,241.42374,0.0005579384742304683
2.1362358276643993,237.99277,0.0004541889647953212
2.159455782312925,588.9362,0.0003773381467908621
2.182675736961451,556.70044,0.0003649428836070001
2.2058956916099772,250.94966,0.0003712903708219528
2.2291156462585033,582.2342,0.0003343512653373182
2.2523356009070294,460.54105,0.00039768643910065293
2.2755555555555556,462.80676,0.0006765480502508581
2.2987755102040817,436.82602,0.00029088067822158337
2.3219954648526078,406.21017,0.0002969666966237128
2.345215419501134,443.1451,0.000423784542363137
2.36843537414966,456.37753,0.00028542696963995695
2.391655328798186,462.25906,0.00018953521794173867
2.414875283446712,454.1251,0.000272829900495708
2.4380952380952383,449.75684,0.00026745907962322235
2.4613151927437644,389.9757,0.0005683054914698005
2.48453514739229,386.7737,0.0011335790622979403
2.507755102040816,395.09174,0.0010440587066113949
2.5309750566893423,386.94516,0.000295712350634858
2.5541950113378684,439.51007,0.00024945804034359753
2.5774149659863945,434.62347,0.00018966678180731833
2.6006349206349206,439.4062,0.0003220756771042943
2.6238548752834467,382.83008,0.00043651513988152146
2.647074829931973,377.5009,0.0005932613858021796
2.670294784580499,392.08902,0.0008077479433268309
2.693514739229025,386.45087,0.0008655516430735588
2.716734693877551,397.4522,0.0004542580572888255
2.7399546485260773,444.0204,0.0005000223754905164
2.7631746031746034,451.30884,0.0004321628366596997
2.7863945578231295,393.21146,0.0005920081166550517
2.809614512471655,388.48193,0.00037323430296964943
2.8328344671201813,382.65976,0.00043350530904717743
2.8560544217687074,379.0949,0.000475794862722978
2.8792743764172335,387.69247,0.00039254786679521203
2.9024943310657596,449.00818,0.0006401640712283552
2.9257142857142857,394.4638,0.0004902396467514336
2.948934240362812,388.16302,0.0003010680084116757
2.972154195011338,454.4761,0.0005481633124873042
2.995374149659864,448.87988,0.0005051253247074783
3.01859410430839,389.3376,0.0004671365604735911
3.0418140589569163,391.207,0.0005505717126652598
3.0650340136054424,451.39487,0.0004059051861986518
3.0882539682539685,449.83554,0.00028980738716199994
3.1114739229024946,346.5985,0.0003584868973121047
3.1346938775510207,389.83774,0.0003187300462741405
3.1579138321995464,390.38885,0.000188621343113482
3.1811337868480725,387.49298,0.00016062342911027372
3.2043537414965986,2628.9302,0.00018279612413607538
3.2275736961451247,2649.8857,0.00017268324154429138
3.250793650793651,386.4972,0.00014018334331922233
3.274013605442177,307.46936,0.00021876784740015864
3.297233560090703,319.8627,0.00023645702458452433
3.320453514739229,275.9058,0.00016157489153556526
3.3436734693877552,337.7726,0.00017363158985972404
3.3668934240362813,390.09796,0.0001710247015580535
3.3901133786848074,2686.1045,0.00017154976376332343
3.4133333333333336,2801.0623,0.00018466368783265352
3.4365532879818597,277.17712,0.00016465924272779375
3.4597732426303858,306.45844,0.000244121125433594
3.4829931972789114,338.23608,0.0002584685862530023
3.5062131519274375,273.9127,0.00022521837672684342
3.5294331065759637,304.67517,0.0001747602946124971
3.5526530612244898,307.43195,0.0001719039137242362
3.575873015873016,2744.9524,0.00014680498861707747
3.599092970521542,2661.8062,0.00017092711641453207
3.622312925170068,2788.6064,0.00018128986994270235
3.645532879818594,2752.4749,0.00019391289970371872
3.6687528344671203,334.75162,0.00025687747984193265
3.6919727891156464,334.81805,0.00021414548973552883
3.7151927437641725,302.33615,0.0001879384508356452
3.7384126984126986,337.61423,0.00018607225501909852
3.7616326530612247,2752.775,0.00016851647524163127
3.784852607709751,2726.919,0.0002094692608807236
3.8080725623582765,2753.058,0.00025349954375997186
3.8312925170068026,343.43698,0.0002146014739992097
3.8545124716553287,274.58804,3.5269345971755683e-05
3.877732426303855,137.37556,1.3258545550343115e-05
3.900952380952381,0.0,5.168541974853724e-06
3.924172335600907,0.0,1.225118467118591e-06
3.947392290249433,0.0,7.491653377655894e-07
3.9706122448979593,0.0,3.156856109853834e-07
3.9938321995464854,0.0,1.6634476196486503e-07
4.017052154195011,0.0,5.717638487112708e-07
4.040272108843538,0.0,1.588032318977639e-07
4.063492063492063,0.0,3.7680092646041885e-07
4.08671201814059,0.0,5.699557732441463e-07
4.1099319727891155,0.0,1.9446088117547333e-07
4.133151927437642,0.0,1.0920575732598081e-07
4.156371882086168,0.0,1.4096349332248792e-07
4.179591836734694,0.0,2.334090822841972e-07
4.20281179138322,0.0,8.62537490320392e-08
4.2260317460317465,0.0,4.366029315860942e-08
