0.0,0.0,4.42723830929026e-08
0.023219954648526078,0.0,1.2737564247800037e-07
0.046439909297052155,0.0,4.572484613163397e-08
0.06965986394557823,0.0,6.425216270145029e-08
0.09287981859410431,0.0,6.443406164180487e-08
0.11609977324263039,0.0,1.6749982023611665e-07
0.13931972789115646,0.0,8.067490853136405e-08
0.16253968253968254,0.0,2.8100657800678164e-08
0.18575963718820862,0.0,9.145514923147857e-08
0.2089795918367347,0.0,3.84174200007692e-07
0.23219954648526078,9143.307,2.7214791771257296e-05
0.25541950113378686,3168.3303,7.201272819656879e-05
0.2786394557823129,3212.8179,0.00010697359539335594
0.301859410430839,3133.432,0.00015964132035151124
0.3250793650793651,3085.58,0.00020594023226294667
0.3482993197278912,3153.653,0.00029179113334976137
0.37151927437641724,265.10577,0.00029186002211645246
0.3947392290249433,3070.8052,0.00023387640248984098
0.4179591836734694,3077.8193,0.0001393678248859942
0.44117913832199546,3038.7854,0.00014411407755687833
0.46439909297052157,3118.8706,0.00016742080333642662
0.4876190476190476,3162.9536,0.00020519796817097813
0.5108390022675737,3130.525,0.00024286832194775343
0.5340589569160998,3185.7964,0.00014046118303667754
0.5572789115646258,3158.4177,0.00021555661805905402
0.5804988662131519,3209.3567,0.00023646026966162026
0.603718820861678,3235.4731,0.00022895820438861847
0.626938775510204,3212.6,0.000213407285627909
0.6501587301587302,351.191,0.00020142385619692504
0.6733786848072563,3061.1484,0.00041618809336796403
0.6965986394557824,3109.837,0.0008273151470348239
0.7198185941043084,3143.3044,0.0005507230525836349
0.7430385487528345,3181.6982,0.0005721226334571838
0.7662585034013606,3131.9102,0.000623138330411166
0.7894784580498866,3040.186,0.0002738879411481321
0.8126984126984127,3030.6099,0.00015204682131297886
0.8359183673469388,2857.1523,0.00036301795626059175
0.8591383219954649,3026.341,0.0010153099428862333
0.8823582766439909,3145.8994,0.0015610517002642155
0.905578231292517,3046.2295,0.001461663981899619
0.9287981859410431,3211.6619,0.0017904004780575633
0.9520181405895691,3155.638,0.0019050607224926353
0.9752380952380952,2894.8145,0.0013290015049278736
0.9984580498866213,2701.624,0.0014386961702257395
1.0216780045351475,2778.874,0.0019930133130401373
1.0448979591836736,2803.51,0.0016304193995893002
1.0681179138321997,2692.0571,0.0016882106428965926
1.0913378684807256,2429.4294,0.0010602459078654647
1.1145578231292517,2761.173,0.0006060522864572704
1.1377777777777778,2814.07,0.00039503342122770846
1.1609977324263039,3071.1067,0.0004330528317950666
1.18421768707483,2842.5244,0.0003723629342857748
1.207437641723356,2701.701,0.0003193950979039073
1.2306575963718822,2655.8218,0.00021778640802949667
1.253877551020408,3059.3298,0.00026137937675230205
1.2770975056689342,2922.7627,0.00031716201920062304
1.3003174603174603,3088.9785,0.0002840886591002345
1.3235374149659864,3024.3586,0.0002424699196126312
1.3467573696145125,3012.1362,0.00013283763837534934
1.3699773242630386,3112.825,8.371623698621988e-05
1.3931972789115648,3254.9575,8.278777386294678e-05
1.4164172335600906,307.08292,0.00016733462689444423
1.4396371882086167,302.77606,0.00032078110962174833
1.4628571428571429,3251.5703,0.0002197499998146668
1.486077097505669,3249.1487,0.00020827032858505845
1.509297052154195,3307.3008,0.00015444259042851627
1.5325170068027212,3304.9077,0.00016526655235793442
1.5557369614512473,3267.6765,0.00017745538207236677
1.5789569160997732,3228.0286,0.00017806624236982316
1.6021768707482993,3137.3206,0.0002098669356200844
1.6253968253968254,3130.1985,0.0002330892311874777
1.6486167800453515,3167.9424,0.00027884411974810064
1.6718367346938776,3224.2646,0.0002652074908837676
1.6950566893424037,3198.468,0.00022050822735764086
1.7182766439909298,3139.3418,0.00016456881712656468
1.7414965986394557,3119.4126,0.0001520467922091484
1.7647165532879818,3096.5579,0.00017836327606346458
1.787936507936508,2902.6675,0.00011487321899039671
1.811156462585034,2743.746,6.411060894606635e-05
1.8343764172335602,2758.4878,2.230497557320632e-05
1.8575963718820863,2474.3645,1.031713964039227e-05
1.8808163265306124,0.0,8.059381798375398e-06
1.9040362811791383,0.0,8.383933163713664e-06
1.9272562358276644,0.0,5.778069862572011e-06
1.9504761904761905,0.0,2.9379107218119316e-06
1.9736961451247166,0.0,7.291137080756016e-07
1.9969160997732427,0.0,3.7954578147036955e-07
2.020136054421769,0.0,1.292828528676182e-07
2.043356009070295,0.0,1.985072231036611e-07
2.066575963718821,0.0,5.353649612516165e-08
2.089795918367347,0.0,8.371443982468918e-08
2.1130158730158732,0.0,1.2768941815011203e-07
2.1362358276643993,0.0,8.338247425854206e-09
