0.0,0.0,1.3367116480367258e-07
0.023219954648526078,0.0,1.4295073924586177e-07
0.046439909297052155,0.0,2.0415609469637275e-07
0.06965986394557823,0.0,7.671860657865182e-08
0.09287981859410431,0.0,1.358375811832957e-07
0.11609977324263039,0.0,1.8478112906450406e-07
0.13931972789115646,0.0,1.889693521661684e-07
0.16253968253968254,0.0,2.9129932954674587e-07
0.18575963718820862,0.0,9.417453838977963e-08
0.2089795918367347,0.0,6.930911695235409e-06
0.23219954648526078,171.31268,1.8644665033207275e-05
0.25541950113378686,100.55526,7.206088776001707e-05
0.2786394557823129,784.9861,0.0001560655509820208
0.301859410430839,768.5781,0.00016836990835145116
0.3250793650793651,770.3308,0.00029669207287952304
0.3482993197278912,757.9978,0.0003107754164375365
0.37151927437641724,766.2499,0.0003280017990618944
0.3947392290249433,753.326,0.0004273311351425946
0.4179591836734694,740.2408,0.0004623865243047476
0.44117913832199546,732.24915,0.0005421770620159805
0.46439909297052157,757.9795,0.000772650062572211
0.4876190476190476,851.1023,0.0007476232131011784
0.5108390022675737,868.1331,0.0006205830723047256
0.5340589569160998,752.75244,0.00028026752988807857
0.5572789115646258,733.61444,0.00040940503822639585
0.5804988662131519,727.0367,0.0005838944925926626
0.603718820861678,815.99976,0.0007785459747537971
0.626938775510204,742.5865,0.0008483006968162954
0.6501587301587302,737.03546,0.0007153947371989489
0.6733786848072563,358.4093,0.0010457370663061738
0.6965986394557824,360.09793,0.0009801625274121761
0.7198185941043084,954.42505,0.0010797956492751837
0.7430385487528345,740.22797,0.0017575857928022742
0.7662585034013606,733.4254,0.0024124893825501204
0.7894784580498866,772.5299,0.002350850496441126
0.8126984126984127,777.593,0.0028122186195105314
0.8359183673469388,761.5701,0.002388215623795986
0.8591383219954649,875.72284,0.0027083586901426315
0.8823582766439909,880.48224,0.0032130545005202293
0.905578231292517,889.3385,0.00449125561863184
0.9287981859410431,955.388,0.005669879727065563
0.9520181405895691,839.2536,0.003964720293879509
0.9752380952380952,755.7314,0.0034269564785063267
0.9984580498866213,724.0199,0.002315776189789176
1.0216780045351475,677.5705,0.0025493300054222345
1.0448979591836736,794.338,0.003615942085161805
1.0681179138321997,762.5413,0.0032792072743177414
1.0913378684807256,788.8068,0.004892321303486824
1.1145578231292517,788.7116,0.005005505867302418
1.1377777777777778,787.1026,0.004991959780454636
1.1609977324263039,752.37415,0.0031993987504392862
1.18421768707483,751.13837,0.004452296998351812
1.207437641723356,798.7483,0.005543584935367107
1.2306575963718822,974.5622,0.0072533925995230675
1.253877551020408,999.6121,0.00977516733109951
1.2770975056689342,1005.7082,0.00888144038617611
1.3003174603174603,1013.51733,0.0077042169868946075
1.3235374149659864,1012.73224,0.011575032025575638
1.3467573696145125,1043.0128,0.00826722476631403
1.3699773242630386,672.7239,0.006796254776418209
1.3931972789115648,785.14014,0.005249714478850365
1.4164172335600906,797.2443,0.008918152190744877
1.4396371882086167,720.5469,0.008484827354550362
1.4628571428571429,707.0512,0.007976268418133259
1.486077097505669,718.9689,0.006020234432071447
1.509297052154195,963.3965,0.0076968311332166195
1.5325170068027212,815.287,0.0066487789154052734
1.5557369614512473,824.0864,0.005973714403808117
1.5789569160997732,806.0143,0.008121810853481293
1.6021768707482993,1028.0543,0.013573409989476204
1.6253968253968254,1079.1827,0.013975617475807667
1.6486167800453515,1126.4028,0.008234422653913498
1.6718367346938776,1036.9912,0.009075679816305637
1.6950566893424037,598.6418,0.011730085127055645
1.7182766439909298,1091.99,0.016127511858940125
1.7414965986394557,1136.8861,0.01926569640636444
1.7647165532879818,1148.927,0.02109435573220253
1.787936507936508,1145.0734,0.01968681812286377
1.811156462585034,1150.0326,0.015251966193318367
1.8343764172335602,1132.9196,0.017641175538301468
1.8575963718820863,1127.0237,0.012984653934836388
1.8808163265306124,1097.0969,0.006511060055345297
1.9040362811791383,1030.6718,0.00580237340182066
1.9272562358276644,768.3561,0.005968371871858835
1.9504761904761905,780.0718,0.005138261243700981
1.9736961451247166,802.6139,0.004604343790560961
1.9969160997732427,780.8877,0.0053774225525557995
2.020136054421769,749.9582,0.005566979292780161
2.043356009070295,717.591,0.010521985590457916
2.066575963718821,691.5439,0.008148837834596634
2.089795918367347,710.3639,0.007947815582156181
2.1130158730158732,708.8457,0.0073576210997998714
2.1362358276643993,723.04736,0.009989077225327492
2.159455782312925,694.95123,0.011084702797234058
2.182675736961451,596.5809,0.008880620822310448
2.2058956916099772,561.68964,0.003845551749691367
2.2291156462585033,596.9714,0.003332751337438822
2.2523356009070294,593.7278,0.0039000115357339382
2.2755555555555556,593.1705,0.0042914762161672115
2.2987755102040817,598.215,0.0038199727423489094
2.3219954648526078,609.36456,0.002899488899856806
2.345215419501134,739.16437,0.0032890019938349724
2.36843537414966,1019.7368,0.003897405695170164
2.391655328798186,1036.7596,0.003800818230956793
2.414875283446712,1040.9355,0.005213952623307705
2.4380952380952383,996.88635,0.005467597395181656
2.4613151927437644,994.9765,0.004165082238614559
2.48453514739229,1023.5383,0.005439247004687786
2.507755102040816,878.80035,0.0035802386701107025
2.5309750566893423,666.2627,0.004372546449303627
2.5541950113378684,682.7827,0.004820607602596283
2.5774149659863945,695.9476,0.004911172203719616
2.6006349206349206,701.3306,0.0038921120576560497
2.6238548752834467,698.70746,0.0035338313318789005
2.647074829931973,627.9101,0.0029371348209679127
2.670294784580499,912.7483,0.0023402159567922354
2.693514739229025,611.9725,0.0024213031865656376
2.716734693877551,640.3391,0.0026213231030851603
2.7399546485260773,600.32764,0.002791112754493952
2.7631746031746034,586.17035,0.0034178984351456165
2.7863945578231295,909.20624,0.0033158082515001297
2.809614512471655,949.5055,0.005154328886419535
2.8328344671201813,983.21466,0.002966645173728466
2.8560544217687074,935.3942,0.002603183500468731
2.8792743764172335,889.6587,0.004186540842056274
2.9024943310657596,921.3285,0.003899520030245185
2.9257142857142857,945.3123,0.0032117338851094246
2.948934240362812,939.46094,0.0019546132534742355
2.972154195011338,701.78253,0.0014620756264775991
2.995374149659864,926.8888,0.0008555527310818434
3.01859410430839,902.541,0.0007459248881787062
3.0418140589569163,743.1554,0.0010471290443092585
3.0650340136054424,910.4128,0.0016259439289569855
3.0882539682539685,1015.41425,0.0015991749241948128
3.1114739229024946,829.1791,0.00133996969088912
3.1346938775510207,868.9336,0.0014336064923554659
3.1579138321995464,876.58813,0.0014454701449722052
3.1811337868480725,842.7834,0.0014706514775753021
3.2043537414965986,1027.1488,0.001440477673895657
3.2275736961451247,1050.592,0.0015579811297357082
3.250793650793651,1052.2869,0.0013838361483067274
3.274013605442177,847.94763,0.0018230262212455273
3.297233560090703,919.2633,0.0023315357975661755
3.320453514739229,990.86444,0.0015740838134661317
3.3436734693877552,869.9006,0.001081356080248952
3.3668934240362813,836.58374,0.001053870772011578
3.3901133786848074,991.0216,0.0010707597248256207
3.4133333333333336,883.3341,0.0009672506712377071
3.4365532879818597,901.4213,0.0017706985818222165
3.4597732426303858,990.28253,0.0018491430673748255
3.4829931972789114,1038.5094,0.0011306604137644172
3.5062131519274375,1010.01715,0.0006455403636209667
3.5294331065759637,925.2003,0.00038897834019735456
3.5526530612244898,1011.78864,0.00031193793984130025
3.575873015873016,1037.0538,0.00019452598644420505
3.599092970521542,1022.82294,9.691798186395317e-05
3.622312925170068,1070.2057,1.3626524378196336e-05
3.645532879818594,0.0,3.355327862664126e-06
3.6687528344671203,0.0,1.4234929039957933e-06
3.6919727891156464,0.0,6.353111530188471e-07
3.7151927437641725,0.0,1.7733054846758023e-07
3.7384126984126986,0.0,2.1673076844308525e-07
3.7616326530612247,0.0,2.3545817384729162e-07
3.784852607709751,0.0,6.001500878483057e-07
3.8080725623582765,0.0,3.606364771258086e-07
3.8312925170068026,0.0,1.4799661585129797e-07
3.8545124716553287,0.0,2.5572262529749423e-07
3.877732426303855,0.0,2.6948964659823105e-07
3.900952380952381,0.0,6.240861694095656e-08
