0.0,0.0,8.265578799182549e-08
0.023219954648526078,0.0,9.589984983904287e-08
0.046439909297052155,0.0,1.5648765838705003e-07
0.06965986394557823,0.0,1.6481317288707942e-07
0.09287981859410431,0.0,2.781389412120916e-07
0.11609977324263039,0.0,2.4200835468946025e-07
0.13931972789115646,0.0,3.0049795896047726e-07
0.16253968253968254,88200.0,5.016650175093673e-05
0.18575963718820862,134.57205,0.00017580277926754206
0.2089795918367347,406.2534,0.00030000583501532674
0.23219954648526078,412.87946,0.0003649393329396844
0.25541950113378686,416.61493,0.0006056851707398891
0.2786394557823129,494.3654,0.0006868034834042192
0.301859410430839,494.63422,0.0004869211988989264
0.3250793650793651,2248.6667,0.00040003738831728697
0.3482993197278912,2151.49,0.00032059403019957244
0.37151927437641724,2240.945,0.0001881448843050748
0.3947392290249433,2335.8525,0.0002597906277514994
0.4179591836734694,498.31732,0.00020497031800914556
0.44117913832199546,2436.941,0.00032476161140948534
0.46439909297052157,2576.986,0.0006198672926984727
0.4876190476190476,420.22333,0.0006378230173140764
0.5108390022675737,493.26602,0.0004764936165884137
0.5340589569160998,177.23627,0.0005556617979891598
0.5572789115646258,332.1055,0.00040877325227484107
0.5804988662131519,490.61588,0.00023650248476769775
0.603718820861678,177.05528,0.0004485796671360731
0.626938775510204,384.79117,0.0006513703265227377
0.6501587301587302,2485.5166,0.0014974293299019337
0.6733786848072563,2540.7283,0.0016760043799877167
0.6965986394557824,492.47668,0.0013853509444743395
0.7198185941043084,497.83755,0.0010177267249673605
0.7430385487528345,2555.654,0.0007420836482197046
0.7662585034013606,2559.6282,0.0011274911230430007
0.7894784580498866,482.98114,0.0022165928967297077
0.8126984126984127,489.47888,0.0018015053356066346
0.8359183673469388,616.9106,0.001583899836987257
0.8591383219954649,628.8158,0.0018610740080475807
0.8823582766439909,613.7012,0.0020749294199049473
0.905578231292517,499.3285,0.0015360015677288175
0.9287981859410431,481.13098,0.001771715935319662
0.9520181405895691,492.9631,0.0021100840531289577
0.9752380952380952,500.99185,0.0022040330804884434
0.9984580498866213,498.98596,0.002201490104198456
1.0216780045351475,492.02936,0.0019540777429938316
1.0448979591836736,443.9821,0.0006431462825275958
1.0681179138321997,203.45851,0.0004699940327554941
1.0913378684807256,490.35187,0.00039869005559012294
1.1145578231292517,490.5226,0.0004702900187112391
1.1377777777777778,205.74847,0.000487203651573509
1.1609977324263039,473.4002,0.0004249023040756583
1.18421768707483,177.56842,0.00041502335807308555
1.207437641723356,480.89188,0.0002841633395291865
1.2306575963718822,470.57544,0.00022828110377304256
1.253877551020408,442.58865,0.00034512425190769136
1.2770975056689342,462.6248,0.00027443570434115827
1.3003174603174603,481.26172,0.0002743556979112327
1.3235374149659864,492.66193,0.00028904600185342133
1.3467573696145125,468.78442,0.0002088309993268922
1.3699773242630386,445.58646,0.00023091565526556224
1.3931972789115648,255.38918,0.00025112784351222217
1.4164172335600906,236.98727,0.00024133232363965362
1.4396371882086167,237.68411,0.00026132893981412053
1.4628571428571429,476.4967,0.0002467469312250614
1.486077097505669,473.4306,0.00020739635510835797
1.509297052154195,237.4892,0.0001638190442463383
1.5325170068027212,258.025,0.00018255499890074134
1.5557369614512473,263.24323,0.00015634475857950747
1.5789569160997732,129.37468,0.00015357269148807973
1.6021768707482993,127.305565,0.0002161949232686311
1.6253968253968254,232.68018,0.00014729125541634858
1.6486167800453515,236.91911,0.00014365198148880154
1.6718367346938776,119.09556,0.00010721808939706534
1.6950566893424037,123.74952,6.096192009863444e-05
1.7182766439909298,2395.3445,2.0455121557461098e-05
1.7414965986394557,0.0,6.837339242338203e-06
1.7647165532879818,0.0,2.54960195888998e-06
1.787936507936508,0.0,1.0579442459857091e-06
1.811156462585034,0.0,5.349529601517133e-07
1.8343764172335602,0.0,2.547803887864575e-07
1.8575963718820863,0.0,2.3009852156974375e-07
1.8808163265306124,0.0,1.7569345800438896e-07
