0.0,0.0,2.0287643565097824e-07
0.023219954648526078,0.0,5.169295036466792e-08
0.046439909297052155,0.0,3.7325662560760975e-08
0.06965986394557823,0.0,2.9363036446738988e-08
0.09287981859410431,0.0,1.7192178347613662e-07
0.11609977324263039,0.0,2.619153747218661e-07
0.13931972789115646,0.0,2.0109837350901216e-06
0.16253968253968254,26738.947,0.0006353729986585677
0.18575963718820862,498.67722,0.0034989977721124887
0.2089795918367347,500.421,0.005414504557847977
0.23219954648526078,503.29626,0.0079430490732193
0.25541950113378686,517.7027,0.010856898501515388
0.2786394557823129,506.63474,0.013282408006489277
0.301859410430839,503.09906,0.014181351289153099
0.3250793650793651,616.94525,0.01413027010858059
0.3482993197278912,501.12234,0.010600263252854347
0.37151927437641724,600.6926,0.011989952996373177
0.3947392290249433,496.87216,0.01683812215924263
0.4179591836734694,499.76047,0.021632272750139236
0.44117913832199546,498.32507,0.017383597791194916
0.46439909297052157,513.72705,0.017739232629537582
0.4876190476190476,615.63544,0.017978481948375702
0.5108390022675737,621.8576,0.027134891599416733
0.5340589569160998,608.7745,0.026768408715724945
0.5572789115646258,626.4367,0.0260819960385561
0.5804988662131519,644.7465,0.035892851650714874
0.603718820861678,640.30615,0.03415076062083244
0.626938775510204,628.62506,0.03928980976343155
0.6501587301587302,625.8943,0.03246956691145897
0.6733786848072563,638.70056,0.04124508798122406
0.6965986394557824,849.59906,0.04471270740032196
0.7198185941043084,621.68634,0.06823692470788956
0.7430385487528345,531.9665,0.0630861297249794
0.7662585034013606,603.66235,0.060084596276283264
0.7894784580498866,526.09033,0.05552217364311218
0.8126984126984127,839.56555,0.050194427371025085
0.8359183673469388,639.87225,0.04803566262125969
0.8591383219954649,618.19855,0.05045038461685181
0.8823582766439909,619.00446,0.045401401817798615
0.905578231292517,623.3581,0.02948758751153946
0.9287981859410431,621.839,0.02522953599691391
0.9520181405895691,625.43304,0.039145488291978836
0.9752380952380952,618.75214,0.030411165207624435
0.9984580498866213,616.0368,0.031565140932798386
1.0216780045351475,518.53864,0.024180617183446884
1.0448979591836736,521.37537,0.014808746986091137
1.0681179138321997,623.45654,0.01776338368654251
1.0913378684807256,626.9972,0.014703173190355301
1.1145578231292517,627.7653,0.018569421023130417
1.1377777777777778,619.5412,0.02014763094484806
1.1609977324263039,602.6363,0.011793604120612144
1.18421768707483,619.646,0.009472046047449112
1.207437641723356,619.2686,0.012581524439156055
1.2306575963718822,612.1821,0.015177580527961254
1.253877551020408,592.72516,0.017204955220222473
1.2770975056689342,500.93137,0.01704946719110012
1.3003174603174603,600.7813,0.01360761746764183
1.3235374149659864,613.6807,0.008192754350602627
1.3467573696145125,496.98114,0.007313965354114771
1.3699773242630386,490.9849,0.012353751808404922
1.3931972789115648,605.9383,0.011563065461814404
1.4164172335600906,499.00003,0.009182791225612164
1.4396371882086167,599.8433,0.008082323707640171
1.4628571428571429,509.53842,0.008966130204498768
1.486077097505669,496.8009,0.007332766428589821
1.509297052154195,493.74075,0.00486723193898797
1.5325170068027212,492.83368,0.006672622635960579
1.5557369614512473,489.10147,0.005549462046474218
1.5789569160997732,490.32312,0.0032353089191019535
1.6021768707482993,601.2064,0.001530962996184826
1.6253968253968254,416.49548,0.00034791213693097234
1.6486167800453515,130.74533,8.004070696188137e-05
1.6718367346938776,112.16032,5.845593477715738e-05
1.6950566893424037,26681.873,0.00018006315804086626
1.7182766439909298,26229.588,0.0001066222830559127
1.7414965986394557,24443.225,2.4682416551513597e-05
1.7647165532879818,23032.729,3.117060987278819e-05
1.787936507936508,0.0,7.056592949084006e-06
1.811156462585034,22784.965,1.8822174752131104e-05
1.8343764172335602,0.0,2.1845344235771336e-06
1.8575963718820863,0.0,6.178261173772626e-07
1.8808163265306124,0.0,4.166606231592596e-06
1.9040362811791383,0.0,2.209605554526206e-06
1.9272562358276644,0.0,4.008370524388738e-07
1.9504761904761905,0.0,6.645368557656184e-07
1.9736961451247166,0.0,4.814164640265517e-07
1.9969160997732427,0.0,1.5809291653567925e-07
