0.0,0.0,5.523006620933302e-07
0.023219954648526078,0.0,2.539427441661246e-07
0.046439909297052155,0.0,1.958196662599221e-07
0.06965986394557823,0.0,1.7474849300924689e-07
0.09287981859410431,0.0,9.306131687480956e-08
0.11609977324263039,0.0,2.0152492652414367e-07
0.13931972789115646,0.0,2.855030288628768e-06
0.16253968253968254,175.60825,0.0001635692606214434
0.18575963718820862,166.73224,0.00029328931123018265
0.2089795918367347,496.05118,0.00032674631802365184
0.23219954648526078,498.3908,0.0003317385562695563
0.25541950113378686,170.15643,0.00043203021050430834
0.2786394557823129,172.57634,0.0006738179363310337
0.301859410430839,173.70488,0.0008224303601309657
0.3250793650793651,173.0382,0.0009139602188952267
0.3482993197278912,183.03,0.0008791944710537791
0.37151927437641724,175.41267,0.000879983592312783
0.3947392290249433,504.834,0.0011733813444152474
0.4179591836734694,508.95114,0.001832472044043243
0.44117913832199546,510.1917,0.002055820543318987
0.46439909297052157,509.45566,0.001920910901390016
0.4876190476190476,504.04352,0.0022955050226300955
0.5108390022675737,621.46185,0.0028077384922653437
0.5340589569160998,2737.5818,0.0022154198959469795
0.5572789115646258,505.83054,0.003146701492369175
0.5804988662131519,639.4874,0.0022103027440607548
0.603718820861678,641.33014,0.001962514128535986
0.626938775510204,2797.8193,0.0021966807544231415
0.6501587301587302,624.9192,0.0022787218913435936
0.6733786848072563,622.25525,0.002438285620883107
0.6965986394557824,626.7706,0.002460275776684284
0.7198185941043084,2778.385,0.0023585024755448103
0.7430385487528345,2772.2844,0.001948550925590098
0.7662585034013606,2859.505,0.002838020445778966
0.7894784580498866,648.3384,0.0034105805680155754
0.8126984126984127,2920.3635,0.004461218137294054
0.8359183673469388,2923.3264,0.005253379698842764
0.8591383219954649,2900.6765,0.00488622160628438
0.8823582766439909,2853.842,0.004241706803441048
0.905578231292517,400.14822,0.004738187417387962
0.9287981859410431,2782.841,0.004541442729532719
0.9520181405895691,2840.237,0.004258365370333195
0.9752380952380952,2916.9783,0.0037722482811659575
0.9984580498866213,2843.5522,0.0038396520540118217
1.0216780045351475,2862.1448,0.004861895926296711
1.0448979591836736,2766.7437,0.004832686856389046
1.0681179138321997,2674.9475,0.003644307143986225
1.0913378684807256,2705.088,0.0034360322169959545
1.1145578231292517,2719.591,0.0030306775588542223
1.1377777777777778,2739.6494,0.003021647222340107
1.1609977324263039,2788.9688,0.004015497863292694
1.18421768707483,529.1826,0.004515213891863823
1.207437641723356,511.91293,0.00357635086402297
1.2306575963718822,518.0044,0.0033159838058054447
1.253877551020408,2778.8223,0.003417768981307745
1.2770975056689342,2810.2717,0.003443809226155281
1.3003174603174603,2777.8164,0.0032640250865370035
1.3235374149659864,2784.2983,0.002742503071203828
1.3467573696145125,2844.1545,0.002363220788538456
1.3699773242630386,445.96558,0.0023965605068951845
1.3931972789115648,2881.2576,0.0020072306506335735
1.4164172335600906,2862.76,0.0013510070275515318
1.4396371882086167,2764.5935,0.0008319962653331459
1.4628571428571429,2863.7163,0.0005980823189020157
1.486077097505669,174.31621,0.0006982097402215004
1.509297052154195,2799.7852,0.0007104842225089669
1.5325170068027212,2695.884,0.000616934965364635
1.5557369614512473,2694.9392,0.0005939705297350883
1.5789569160997732,2691.034,0.0005992422811686993
1.6021768707482993,2696.5154,0.0006048801587894559
1.6253968253968254,2710.2283,0.0006445376202464104
1.6486167800453515,2746.1233,0.0007326127379201353
1.6718367346938776,366.57452,0.0008092187345027924
1.6950566893424037,408.74487,0.000688745582010597
1.7182766439909298,418.70673,0.000792865757830441
1.7414965986394557,413.54538,0.0007410243852064013
1.7647165532879818,2713.2993,0.0006853140657767653
1.787936507936508,2705.5166,0.0007635353249497712
1.811156462585034,508.0011,0.000718248134944588
1.8343764172335602,2723.125,0.0009616322349756956
1.8575963718820863,2648.7598,0.000755852204747498
1.8808163265306124,2683.982,0.0008594549726694822
1.9040362811791383,2664.502,0.0007258399855345488
1.9272562358276644,2696.762,0.0007185083231888711
1.9504761904761905,495.00714,0.000846158480271697
1.9736961451247166,2666.982,0.0009009934728965163
1.9969160997732427,495.07477,0.0008909954340197146
2.020136054421769,499.4024,0.0007485842797905207
2.043356009070295,2695.5178,0.0005871548783034086
2.066575963718821,2715.7717,0.0004041177744511515
2.089795918367347,415.54126,6.097362347645685e-05
2.1130158730158732,175.60957,1.8072081729769707e-05
2.1362358276643993,0.0,9.885397957987152e-07
2.159455782312925,0.0,2.819051587721333e-07
2.182675736961451,0.0,1.225198502652347e-07
2.2058956916099772,0.0,2.4837481760187075e-07
2.2291156462585033,0.0,1.760781742632389e-07
2.2523356009070294,0.0,3.394079612917267e-07
2.2755555555555556,0.0,1.8460923456586897e-07
2.2987755102040817,0.0,3.1021409085951746e-07
2.3219954648526078,0.0,2.83916961052455e-07
2.345215419501134,0.0,1.1583051673369482e-07
2.36843537414966,0.0,2.2857420844957232e-08
