0.0,0.0,6.507721991511062e-06
0.023219954648526078,0.0,1.728234565234743e-06
0.046439909297052155,0.0,3.8713460526196286e-07
0.06965986394557823,0.0,5.000338205718435e-07
0.09287981859410431,0.0,1.2469763532862999e-06
0.11609977324263039,0.0,1.69992108567385e-06
0.13931972789115646,2699.1208,2.1038471459178254e-05
0.16253968253968254,166.28722,0.0002999040298163891
0.18575963718820862,2470.8823,0.0008667083457112312
0.2089795918367347,2419.4556,0.0008761757053434849
0.23219954648526078,2330.5437,0.0013644569553434849
0.25541950113378686,2297.1814,0.0015687826089560986
0.2786394557823129,2351.5928,0.0023114336654543877
0.301859410430839,2299.484,0.003101642709225416
0.3250793650793651,2281.2163,0.00471911858767271
0.3482993197278912,2294.2068,0.003988445736467838
0.37151927437641724,2334.6912,0.00252331979572773
0.3947392290249433,2342.2888,0.0017705028876662254
0.4179591836734694,2384.133,0.002054961398243904
0.44117913832199546,2320.0654,0.0023476453498005867
0.46439909297052157,2318.7776,0.002944405423477292
0.4876190476190476,2321.2368,0.005093766376376152
0.5108390022675737,2377.5466,0.008239530958235264
0.5340589569160998,2385.466,0.008823441341519356
0.5572789115646258,2434.6707,0.007803166285157204
0.5804988662131519,2350.8203,0.008101781830191612
0.603718820861678,2358.424,0.009680941700935364
0.626938775510204,2419.8103,0.011314830742776394
0.6501587301587302,2303.8691,0.010108733549714088
0.6733786848072563,2430.9968,0.01038654800504446
0.6965986394557824,2404.1345,0.011355551891028881
0.7198185941043084,2398.0383,0.012148058041930199
0.7430385487528345,2473.8345,0.011887148953974247
0.7662585034013606,2525.6462,0.011498844251036644
0.7894784580498866,2546.6218,0.012552933767437935
0.8126984126984127,2413.53,0.011600689962506294
0.8359183673469388,2321.1143,0.011746769770979881
0.8591383219954649,2452.0254,0.021208561956882477
0.8823582766439909,2207.211,0.016017155721783638
0.905578231292517,2441.8062,0.01650015264749527
0.9287981859410431,2430.402,0.013474239967763424
0.9520181405895691,2429.2026,0.011863280087709427
0.9752380952380952,2472.0051,0.014836179092526436
0.9984580498866213,2506.4148,0.015126909129321575
1.0216780045351475,2478.005,0.012728224508464336
1.0448979591836736,2400.4844,0.012535717338323593
1.0681179138321997,2387.6704,0.013154847547411919
1.0913378684807256,2156.502,0.011598894372582436
1.1145578231292517,2357.5454,0.007677590474486351
1.1377777777777778,2400.28,0.007617062423378229
1.1609977324263039,2459.4443,0.009272380731999874
1.18421768707483,2503.5542,0.009844757616519928
1.207437641723356,2419.5498,0.00939261820167303
1.2306575963718822,2407.4343,0.008461285382509232
1.253877551020408,2443.4878,0.009418214671313763
1.2770975056689342,2336.67,0.010270165279507637
1.3003174603174603,2309.4014,0.006280929781496525
1.3235374149659864,2364.6443,0.007094468921422958
1.3467573696145125,2258.681,0.006973184645175934
1.3699773242630386,2319.418,0.007163229398429394
1.3931972789115648,2348.1907,0.006617192178964615
1.4164172335600906,2283.2708,0.005820226855576038
1.4396371882086167,2371.9429,0.006702681537717581
1.4628571428571429,2416.9346,0.006095873191952705
1.486077097505669,2340.3838,0.005669999867677689
1.509297052154195,2405.924,0.004824525211006403
1.5325170068027212,2346.295,0.004668308421969414
1.5557369614512473,2352.4648,0.005467808805406094
1.5789569160997732,2391.913,0.004874402657151222
1.6021768707482993,2543.4475,0.004629774019122124
1.6253968253968254,2619.0813,0.0038756798021495342
1.6486167800453515,2619.1677,0.0034215583000332117
1.6718367346938776,2634.4202,0.003498414531350136
1.6950566893424037,2596.978,0.004940359853208065
1.7182766439909298,2517.029,0.005315079819411039
1.7414965986394557,2354.209,0.0049387002363801
1.7647165532879818,2381.0654,0.005087483208626509
1.787936507936508,2466.5916,0.0051021333783864975
1.811156462585034,2476.0847,0.004213315900415182
1.8343764172335602,2518.2454,0.0038503482937812805
1.8575963718820863,2516.1138,0.0035460665822029114
1.8808163265306124,2410.3345,0.004531859420239925
1.9040362811791383,2412.1843,0.004889965057373047
1.9272562358276644,2437.1711,0.004581483080983162
1.9504761904761905,2542.33,0.004778574220836163
1.9736961451247166,2382.946,0.004964080639183521
1.9969160997732427,2392.9253,0.0045743356458842754
2.020136054421769,2461.0002,0.004757131915539503
2.043356009070295,2341.6348,0.003900248557329178
2.066575963718821,2492.5527,0.0033046756871044636
2.089795918367347,2456.1018,0.0024943379685282707
2.1130158730158732,2463.1562,0.0028190594166517258
2.1362358276643993,2411.3467,0.0030319364741444588
2.159455782312925,2314.8965,0.0014186393236741424
2.182675736961451,2679.5532,0.0001729906944092363
2.2058956916099772,2239.9475,8.132738003041595e-05
2.2291156462585033,172.78815,1.1102252756245434e-05
2.2523356009070294,0.0,1.0149187801289372e-06
2.2755555555555556,0.0,4.298271960578859e-07
2.2987755102040817,0.0,2.1645792003255337e-07
2.3219954648526078,0.0,3.0754290492041036e-07
2.345215419501134,0.0,1.2704822438536212e-07
2.36843537414966,0.0,8.437928045168519e-08
2.391655328798186,0.0,1.3544195098802447e-07
2.414875283446712,0.0,1.2952750694239512e-07
2.4380952380952383,0.0,1.3604858395410702e-07
2.4613151927437644,0.0,3.851164365187287e-08
