0.0,0.0,1.2671807780861855e-07
0.023219954648526078,0.0,8.90186129254289e-08
0.046439909297052155,0.0,4.709818313131109e-08
0.06965986394557823,0.0,1.3774388207821175e-07
0.09287981859410431,0.0,6.138725439086556e-08
0.11609977324263039,0.0,1.2555938155855983e-07
0.13931972789115646,0.0,5.245328793535009e-08
0.16253968253968254,0.0,9.081213647732511e-08
0.18575963718820862,0.0,1.6344165487680584e-07
0.2089795918367347,0.0,1.899970811791718e-07
0.23219954648526078,0.0,1.8240916688228026e-07
0.25541950113378686,25143.182,6.471511005656794e-05
0.2786394557823129,487.73636,0.0002971201320178807
0.301859410430839,533.62646,0.0006802098941989243
0.3250793650793651,2088.6892,0.0013195264618843794
0.3482993197278912,2157.6082,0.001602452713996172
0.37151927437641724,2178.1968,0.002099200151860714
0.3947392290249433,2133.735,0.0026611993089318275
0.4179591836734694,2050.5571,0.0021811837796121836
0.44117913832199546,2048.955,0.0016285632736980915
0.46439909297052157,2054.3848,0.0012458204291760921
0.4876190476190476,2154.7373,0.002586797811090946
0.5108390022675737,2084.7761,0.002742546144872904
0.5340589569160998,2036.3423,0.0021214797161519527
0.5572789115646258,2035.4061,0.0019552200101315975
0.5804988662131519,2159.0083,0.0018496039556339383
0.603718820861678,2208.8098,0.002166406949982047
0.626938775510204,2195.261,0.0021034686360508204
0.6501587301587302,2196.2524,0.0026447507552802563
0.6733786848072563,2127.4048,0.004846684634685516
0.6965986394557824,2006.822,0.004307916387915611
0.7198185941043084,2058.009,0.005153323523700237
0.7430385487528345,2159.0034,0.005700957495719194
0.7662585034013606,2123.0693,0.005576001480221748
0.7894784580498866,2046.0342,0.005891295149922371
0.8126984126984127,2041.5294,0.005371877923607826
0.8359183673469388,2131.8516,0.004780296701937914
0.8591383219954649,2252.221,0.006753221154212952
0.8823582766439909,2060.281,0.010493675246834755
0.905578231292517,2080.4124,0.008324497379362583
0.9287981859410431,2045.9856,0.00751380855217576
0.9520181405895691,2217.1265,0.0072631631046533585
0.9752380952380952,2305.8132,0.00938308984041214
0.9984580498866213,2082.2976,0.010132838040590286
1.0216780045351475,2099.6675,0.0069157700054347515
1.0448979591836736,2263.1433,0.006083094980567694
1.0681179138321997,2276.9373,0.006905731745064259
1.0913378684807256,2209.2163,0.007823113352060318
1.1145578231292517,2274.1096,0.007409302517771721
1.1377777777777778,2333.2278,0.007046965416520834
1.1609977324263039,2282.7068,0.007546775043010712
1.18421768707483,2230.9497,0.008305943571031094
1.207437641723356,2265.835,0.009478862397372723
1.2306575963718822,2144.7188,0.010340074077248573
1.253877551020408,2133.449,0.00735141197219491
1.2770975056689342,2170.0488,0.00950436107814312
1.3003174603174603,2139.0222,0.01208859495818615
1.3235374149659864,2155.6953,0.011403998360037804
1.3467573696145125,2156.5183,0.006620763801038265
1.3699773242630386,2127.6316,0.006672812160104513
1.3931972789115648,2244.8254,0.013464618474245071
1.4164172335600906,2155.5938,0.016864845529198647
1.4396371882086167,2076.28,0.0182646494358778
1.4628571428571429,2098.475,0.017257602885365486
1.486077097505669,2141.0557,0.013582715764641762
1.509297052154195,2135.7793,0.015400076285004616
1.5325170068027212,2141.8777,0.01654663123190403
1.5557369614512473,2099.8328,0.014163882471621037
1.5789569160997732,2121.6843,0.01597599685192108
1.6021768707482993,2036.729,0.016679640859365463
1.6253968253968254,2137.4502,0.013248780742287636
1.6486167800453515,2134.6973,0.014821941033005714
1.6718367346938776,2147.3232,0.016629837453365326
1.6950566893424037,2146.565,0.01269916445016861
1.7182766439909298,2144.3657,0.01291192788630724
1.7414965986394557,2191.8513,0.015496842563152313
1.7647165532879818,2364.902,0.018772657960653305
1.787936507936508,2317.981,0.020450269803404808
1.811156462585034,2181.0437,0.02483157068490982
1.8343764172335602,2211.654,0.02723529376089573
1.8575963718820863,2159.7378,0.025438789278268814
1.8808163265306124,2128.1318,0.02460271492600441
1.9040362811791383,2154.3389,0.025599271059036255
1.9272562358276644,2058.4536,0.02826634794473648
1.9504761904761905,2106.8499,0.027150806039571762
1.9736961451247166,2135.8723,0.023379089310765266
1.9969160997732427,2297.4497,0.021418685093522072
2.020136054421769,2443.3135,0.012618894688785076
2.043356009070295,2174.8726,0.015914686024188995
2.066575963718821,2157.2861,0.016406334936618805
2.089795918367347,2159.7869,0.0160381980240345
2.1130158730158732,2125.0967,0.015838148072361946
2.1362358276643993,2066.1975,0.017216185107827187
2.159455782312925,1982.2994,0.01581626385450363
2.182675736961451,2065.4702,0.016197241842746735
2.2058956916099772,2243.807,0.015748444944620132
2.2291156462585033,2282.0286,0.014743732288479805
2.2523356009070294,2212.59,0.011672450229525566
2.2755555555555556,2119.2751,0.014324832707643509
2.2987755102040817,1837.6019,0.013801202178001404
2.3219954648526078,1750.9918,0.013848736882209778
2.345215419501134,2081.3103,0.014751020818948746
2.36843537414966,2242.3457,0.006835976615548134
2.391655328798186,2339.0254,0.007860390469431877
2.414875283446712,2203.545,0.009486734867095947
2.4380952380952383,2254.8599,0.008158553391695023
2.4613151927437644,2231.3875,0.005497097037732601
2.48453514739229,2191.049,0.0051079243421554565
2.507755102040816,2228.2156,0.007510346360504627
2.5309750566893423,2140.1072,0.01110352948307991
2.5541950113378684,2218.8286,0.009359827265143394
2.5774149659863945,2233.7078,0.00727007444947958
2.6006349206349206,2444.7563,0.007144026458263397
2.6238548752834467,2409.9429,0.006625320762395859
2.647074829931973,2344.3098,0.006147915963083506
2.670294784580499,2428.9438,0.006367038935422897
2.693514739229025,2441.2314,0.007623627316206694
2.716734693877551,2481.2527,0.008518243208527565
2.7399546485260773,2423.5312,0.010259898379445076
2.7631746031746034,2109.135,0.012339083477854729
2.7863945578231295,2393.171,0.009470841847360134
2.809614512471655,2477.1802,0.006539428140968084
2.8328344671201813,2440.139,0.00586325116455555
2.8560544217687074,2412.901,0.004917159676551819
2.8792743764172335,2395.6995,0.005956834182143211
2.9024943310657596,2406.7783,0.007508876733481884
2.9257142857142857,2430.7903,0.005357328802347183
2.948934240362812,2360.0574,0.006335134617984295
2.972154195011338,2294.8552,0.00786074623465538
2.995374149659864,2223.6934,0.008443828672170639
3.01859410430839,2227.1702,0.008168261498212814
3.0418140589569163,2192.5237,0.00784585066139698
3.0650340136054424,2229.1772,0.00725750345736742
3.0882539682539685,2148.3464,0.008278490044176579
3.1114739229024946,2188.1465,0.008107299916446209
3.1346938775510207,2225.734,0.004751922562718391
3.1579138321995464,2300.1282,0.004777711816132069
3.1811337868480725,2341.2869,0.003434165380895138
3.2043537414965986,2330.512,0.0032632898073643446
3.2275736961451247,2354.0273,0.004124719649553299
3.250793650793651,2361.5151,0.0038732513785362244
3.274013605442177,2343.0027,0.004318236373364925
3.297233560090703,2225.6675,0.004793873988091946
3.320453514739229,2107.1702,0.004050123505294323
3.3436734693877552,2113.3428,0.004767391365021467
3.3668934240362813,2180.4382,0.003829832887277007
3.3901133786848074,2337.0554,0.003561632242053747
3.4133333333333336,2358.9385,0.0035442481748759747
3.4365532879818597,2359.705,0.0033027613535523415
3.4597732426303858,2350.7815,0.003330688690766692
3.4829931972789114,2276.4258,0.0033230227418243885
3.5062131519274375,2317.3425,0.0029837575275450945
3.5294331065759637,2272.8628,0.0029779549222439528
3.5526530612244898,2284.912,0.0026977541856467724
3.575873015873016,2227.3555,0.0029712615069001913
3.599092970521542,2258.5337,0.0031035924330353737
3.622312925170068,2310.3904,0.003364660544320941
3.645532879818594,2315.0442,0.003252921160310507
3.6687528344671203,2334.706,0.002832589205354452
3.6919727891156464,2318.6172,0.0020309165120124817
3.7151927437641725,2315.7332,0.0023516176734119654
3.7384126984126986,2277.5735,0.002736743539571762
3.7616326530612247,2259.5427,0.001667400705628097
3.784852607709751,2238.8848,0.001098213135264814
3.8080725623582765,2240.4766,0.0012688986025750637
3.8312925170068026,2172.4534,0.0013662597630172968
3.8545124716553287,2150.7373,0.0013849206734448671
3.877732426303855,2131.2927,0.0019169461447745562
3.900952380952381,2218.1238,0.001232795650139451
3.924172335600907,2240.6948,0.0016423007473349571
3.947392290249433,2248.7712,0.0015840111300349236
3.9706122448979593,2319.1233,0.0012773132184520364
3.9938321995464854,505.06113,0.000900541665032506
4.017052154195011,2243.678,0.0008226820500567555
4.040272108843538,2225.5715,0.0008233030093833804
4.063492063492063,2140.6328,0.0007710870122537017
4.08671201814059,2129.0337,0.0007520666113123298
4.1099319727891155,2245.9998,0.0007660961127839983
4.133151927437642,2277.7817,0.0012233105953782797
4.156371882086168,2380.7256,0.0009842648869380355
4.179591836734694,2425.1772,0.0010697627440094948
4.20281179138322,2404.6187,0.0007460798369720578
4.2260317460317465,2326.9453,0.0005142990848980844
4.249251700680272,513.0113,0.00025350137730129063
4.272471655328799,513.39514,4.3560365156736225e-05
4.295691609977324,0.0,4.786506906384602e-06
4.31891156462585,0.0,6.61786543787457e-07
4.342131519274377,0.0,2.0404422684805468e-07
4.365351473922902,0.0,2.400520315859467e-07
4.388571428571429,0.0,1.5382556739496067e-07
4.4117913832199545,0.0,3.527911758283153e-07
4.435011337868481,0.0,3.843051672447473e-07
4.458231292517007,0.0,2.3123175196815282e-07
4.481451247165533,0.0,1.20508047984913e-07
