0.0,0.0,1.3547924027079716e-07
0.023219954648526078,0.0,6.854133971501142e-08
0.046439909297052155,0.0,4.931916919304058e-08
0.06965986394557823,0.0,1.5977366274455562e-07
0.09287981859410431,0.0,1.3773751561529934e-07
0.11609977324263039,0.0,3.4619915822986513e-08
0.13931972789115646,0.0,6.837035471107811e-08
0.16253968253968254,0.0,8.549024641979486e-06
0.18575963718820862,88200.0,0.002317639999091625
0.2089795918367347,615.90704,0.005474743898957968
0.23219954648526078,617.2982,0.00812038779258728
0.25541950113378686,607.1931,0.009623246267437935
0.2786394557823129,605.0974,0.013074931688606739
0.301859410430839,608.1289,0.018329909071326256
0.3250793650793651,604.315,0.01684446632862091
0.3482993197278912,584.1663,0.01371726207435131
0.37151927437641724,614.8235,0.01544087566435337
0.3947392290249433,603.19305,0.02006288431584835
0.4179591836734694,539.87317,0.023377196863293648
0.44117913832199546,539.2427,0.02228930965065956
0.46439909297052157,537.3826,0.017222676426172256
0.4876190476190476,603.67944,0.016057787463068962
0.5108390022675737,529.358,0.017658837139606476
0.5340589569160998,529.84674,0.017421765252947807
0.5572789115646258,535.2655,0.01765003614127636
0.5804988662131519,533.68195,0.01746693067252636
0.603718820861678,533.8815,0.017021872103214264
0.626938775510204,533.6869,0.015200730413198471
0.6501587301587302,532.7013,0.014831977896392345
0.6733786848072563,545.2793,0.018415085971355438
0.6965986394557824,587.00336,0.021691083908081055
0.7198185941043084,611.9974,0.011635994538664818
0.7430385487528345,617.59143,0.012478705495595932
0.7662585034013606,617.44147,0.017125317826867104
0.7894784580498866,604.37354,0.02276906557381153
0.8126984126984127,613.1925,0.029178624972701073
0.8359183673469388,621.39343,0.029579756781458855
0.8591383219954649,616.88104,0.02690587006509304
0.8823582766439909,601.3147,0.025508739054203033
0.905578231292517,601.6611,0.021604076027870178
0.9287981859410431,604.6431,0.017103692516684532
0.9520181405895691,622.47705,0.015286972746253014
0.9752380952380952,629.64075,0.02518470585346222
0.9984580498866213,522.15424,0.03766269236803055
1.0216780045351475,520.9635,0.045386336743831635
1.0448979591836736,521.62384,0.03975478932261467
1.0681179138321997,518.33295,0.0383329913020134
1.0913378684807256,518.23004,0.04547310620546341
1.1145578231292517,522.45807,0.04602979123592377
1.1377777777777778,523.35724,0.04352820664644241
1.1609977324263039,523.4734,0.04465409368276596
1.18421768707483,531.6164,0.05775384232401848
1.207437641723356,550.3855,0.07144401967525482
1.2306575963718822,575.1818,0.12181888520717621
1.253877551020408,620.47894,0.14077919721603394
1.2770975056689342,653.80585,0.14773106575012207
1.3003174603174603,670.69525,0.18241611123085022
1.3235374149659864,671.38525,0.19568780064582825
1.3467573696145125,667.8818,0.19488486647605896
1.3699773242630386,670.96027,0.2029462605714798
1.3931972789115648,675.34,0.17626243829727173
1.4164172335600906,683.462,0.12943151593208313
1.4396371882086167,691.1982,0.11280658096075058
1.4628571428571429,691.0315,0.14230099320411682
1.486077097505669,672.8402,0.23233890533447266
1.509297052154195,625.3315,0.09817226976156235
1.5325170068027212,553.7417,0.05760345980525017
1.5557369614512473,526.72327,0.04300858825445175
1.5789569160997732,523.1522,0.04607144743204117
1.6021768707482993,520.54333,0.06454454362392426
1.6253968253968254,526.9542,0.07203096896409988
1.6486167800453515,533.041,0.06536306440830231
1.6718367346938776,530.5203,0.03869614750146866
1.6950566893424037,525.70483,0.028181325644254684
1.7182766439909298,656.22095,0.050125014036893845
1.7414965986394557,628.3045,0.05388612300157547
1.7647165532879818,624.1461,0.04021073877811432
1.787936507936508,634.88684,0.02628462389111519
1.811156462585034,640.5384,0.025363530963659286
1.8343764172335602,647.06177,0.025631550699472427
1.8575963718820863,647.7631,0.02515004202723503
1.8808163265306124,650.4909,0.025459032505750656
1.9040362811791383,644.30554,0.0392959862947464
1.9272562358276644,625.6533,0.0382939912378788
1.9504761904761905,565.09204,0.02360697090625763
1.9736961451247166,570.3793,0.017277194187045097
1.9969160997732427,635.9221,0.015214639715850353
2.020136054421769,634.69366,0.014732429757714272
2.043356009070295,626.91144,0.01491527073085308
2.066575963718821,547.8991,0.01447729580104351
2.089795918367347,546.50574,0.0124801155179739
2.1130158730158732,632.40857,0.010211678221821785
2.1362358276643993,643.04047,0.011566894128918648
2.159455782312925,636.81256,0.01256055198609829
2.182675736961451,552.93854,0.013820640742778778
2.2058956916099772,546.199,0.012203098274767399
2.2291156462585033,625.9987,0.012506655417382717
2.2523356009070294,551.3458,0.013141553848981857
2.2755555555555556,619.2495,0.01163488905876875
2.2987755102040817,640.09186,0.011995870620012283
2.3219954648526078,636.3839,0.012755077332258224
2.345215419501134,552.109,0.013854713179171085
2.36843537414966,544.3159,0.011359211057424545
2.391655328798186,620.6712,0.011350966989994049
2.414875283446712,545.43634,0.010915087535977364
2.4380952380952383,627.9149,0.008162555284798145
2.4613151927437644,635.4331,0.009622840210795403
2.48453514739229,628.53564,0.011846954002976418
2.507755102040816,545.0205,0.012673014774918556
2.5309750566893423,545.4014,0.01211298443377018
2.5541950113378684,551.6142,0.010558340698480606
2.5774149659863945,540.40424,0.01031950768083334
2.6006349206349206,542.3612,0.007759452797472477
2.6238548752834467,623.59534,0.009794292971491814
2.647074829931973,542.7213,0.01166064478456974
2.670294784580499,540.6463,0.013384810648858547
2.693514739229025,538.3081,0.010610360652208328
2.716734693877551,539.36316,0.009091367945075035
2.7399546485260773,538.4885,0.008449643850326538
2.7631746031746034,538.5768,0.006304043810814619
2.7863945578231295,626.9453,0.005714163184165955
2.809614512471655,544.2888,0.005283481441438198
2.8328344671201813,538.64777,0.00349779287353158
2.8560544217687074,545.8081,0.00043752643978223205
2.8792743764172335,181.24593,7.226085290312767e-05
2.9024943310657596,173.3735,1.2235849681019317e-05
2.9257142857142857,0.0,1.5206423995550722e-06
2.948934240362812,0.0,7.833114068489522e-07
2.972154195011338,0.0,3.5252742236480117e-07
2.995374149659864,0.0,1.5663772501284257e-07
3.01859410430839,0.0,1.224962034029886e-07
3.0418140589569163,0.0,5.412493919720873e-08
