0.0,0.0,1.655735104577616e-08
0.023219954648526078,0.0,1.2712007446680218e-08
0.046439909297052155,0.0,1.816351868910715e-08
0.06965986394557823,22734.643,1.0598618246149272e-05
0.09287981859410431,137.24423,5.844798215548508e-05
0.11609977324263039,529.00085,9.63500133366324e-05
0.13931972789115646,523.5657,0.00012385600712150335
0.16253968253968254,522.67456,0.00015750262537039816
0.18575963718820862,524.6339,0.00020096325897611678
0.2089795918367347,531.59607,0.00024022007710300386
0.23219954648526078,614.5679,0.00027779751690104604
0.25541950113378686,612.0273,0.0002682561462279409
0.2786394557823129,535.2586,0.00022668708697892725
0.301859410430839,531.48346,0.0002162777236662805
0.3250793650793651,542.0139,0.0004106223932467401
0.3482993197278912,560.40247,0.00045452118501998484
0.37151927437641724,618.29785,0.00046567441313527524
0.3947392290249433,525.4994,0.0005438266089186072
0.4179591836734694,524.94604,0.0005241572507657111
0.44117913832199546,613.1283,0.0005271229892969131
0.46439909297052157,526.71606,0.00045103891170583665
0.4876190476190476,521.2812,0.0007095838664099574
0.5108390022675737,529.6349,0.0009328890591859818
0.5340589569160998,537.90936,0.0012718439102172852
0.5572789115646258,532.3758,0.001433633384294808
0.5804988662131519,534.1497,0.0012973211705684662
0.603718820861678,535.9645,0.0011516206432133913
0.626938775510204,532.6897,0.0010221581906080246
0.6501587301587302,537.7477,0.0010964770335704088
0.6733786848072563,545.3451,0.0016094829188659787
0.6965986394557824,584.27496,0.0009409519843757153
0.7198185941043084,577.1538,0.0005715175066143274
0.7430385487528345,553.238,0.0007031544228084385
0.7662585034013606,242.0439,0.0010353324469178915
0.7894784580498866,511.33737,0.0011578171979635954
0.8126984126984127,532.94293,0.001195842050947249
0.8359183673469388,540.73016,0.001632279483601451
0.8591383219954649,537.8618,0.002726989798247814
0.8823582766439909,1047.0427,0.0034799694549292326
0.905578231292517,1072.3096,0.002881655003875494
0.9287981859410431,1063.8948,0.0013413288397714496
0.9520181405895691,498.07263,0.0020596361719071865
0.9752380952380952,566.5044,0.0029683460015803576
0.9984580498866213,555.46344,0.0016530434368178248
1.0216780045351475,636.2879,0.0018077414715662599
1.0448979591836736,549.59937,0.0017287492519244552
1.0681179138321997,544.8773,0.0015358970267698169
1.0913378684807256,543.8358,0.0011866630520671606
1.1145578231292517,543.16254,0.0009777145460247993
1.1377777777777778,544.407,0.000757622008677572
1.1609977324263039,647.0438,0.0007381096947938204
1.18421768707483,642.89276,0.0006863735616207123
1.207437641723356,645.55145,0.0006554201245307922
1.2306575963718822,641.68427,0.0005880946991965175
1.253877551020408,640.772,0.0005244959611445665
1.2770975056689342,638.33966,0.0006081208121031523
1.3003174603174603,641.6779,0.0008986349566839635
1.3235374149659864,626.27966,0.0005355750326998532
1.3467573696145125,551.04834,0.0004253059742040932
1.3699773242630386,644.4003,0.000382266181986779
1.3931972789115648,635.18,0.000322705483995378
1.4164172335600906,638.3875,0.0003267329593654722
1.4396371882086167,636.14453,0.0002862302353605628
1.4628571428571429,638.0239,0.0003000516735482961
1.486077097505669,634.52814,0.00027947608032263815
1.509297052154195,633.4909,0.00027110340306535363
1.5325170068027212,633.30774,0.00033518526470288634
1.5557369614512473,631.4766,0.00045819993829354644
1.5789569160997732,546.59515,0.0004492539446800947
1.6021768707482993,544.9938,0.00031480551115237176
1.6253968253968254,639.3613,0.00034234891063533723
1.6486167800453515,634.9614,0.0002864116686396301
1.6718367346938776,560.9414,0.0003478902217466384
1.6950566893424037,638.02875,0.0003170021518599242
1.7182766439909298,645.19415,0.00030564964981749654
1.7414965986394557,641.8214,0.00028552309959195554
1.7647165532879818,641.3168,0.00026111630722880363
1.787936507936508,645.1173,0.0002727924147620797
1.811156462585034,645.2531,0.000266060174908489
1.8343764172335602,645.0834,0.0002762008225545287
1.8575963718820863,646.1604,0.00023337494349107146
1.8808163265306124,642.8117,0.000262439192738384
1.9040362811791383,638.7693,0.0002226024807896465
1.9272562358276644,639.19086,0.00021026736067142338
1.9504761904761905,643.72125,0.00020556880917865783
1.9736961451247166,645.2424,0.00018157238082494587
1.9969160997732427,647.25244,0.00021141475008334965
2.020136054421769,645.8921,0.00018816112424246967
2.043356009070295,643.3984,0.00017826237308327109
2.066575963718821,637.2206,0.00013845022476743907
2.089795918367347,638.5784,0.0001252175134140998
2.1130158730158732,638.9112,0.00010556389315752313
2.1362358276643993,549.0514,7.207093585748225e-05
2.159455782312925,546.4568,2.9941975299152546e-05
2.182675736961451,0.0,6.641421350650489e-06
2.2058956916099772,0.0,9.833429430727847e-07
2.2291156462585033,0.0,1.3034332368988544e-07
2.2523356009070294,0.0,1.7090314941015095e-08
2.2755555555555556,0.0,1.8241735233459622e-08
2.2987755102040817,0.0,9.522409527562559e-09
