0.0,0.0,6.729806045768782e-08
0.023219954648526078,0.0,1.785883796401322e-08
0.046439909297052155,0.0,2.9915099730715156e-08
0.06965986394557823,0.0,1.9344952306710184e-08
0.09287981859410431,0.0,4.1155544749926776e-08
0.11609977324263039,0.0,2.4377186491619796e-08
0.13931972789115646,0.0,2.7146597858518362e-08
0.16253968253968254,0.0,3.6648998502641916e-08
0.18575963718820862,0.0,6.840591595391743e-07
0.2089795918367347,24175.504,3.119580651400611e-05
0.23219954648526078,718.14185,6.830518395872787e-05
0.25541950113378686,730.00586,0.00012448617781046778
0.2786394557823129,756.0052,0.00017321016639471054
0.301859410430839,727.874,0.0002254049468319863
0.3250793650793651,702.8266,0.00023315557336900383
0.3482993197278912,892.3965,0.0002147868217434734
0.37151927437641724,903.00555,0.00015176416491158307
0.3947392290249433,741.1051,0.00014098314568400383
0.4179591836734694,744.01196,0.00018492795061320066
0.44117913832199546,696.19257,0.00020057958317920566
0.46439909297052157,859.9659,0.0003839359269477427
0.4876190476190476,707.0816,0.0004302964953240007
0.5108390022675737,689.2713,0.000191082974197343
0.5340589569160998,748.5364,0.00010730799112934619
0.5572789115646258,901.4883,0.0002724694786593318
0.5804988662131519,712.68396,0.0005061285919509828
0.603718820861678,711.54675,0.0004009561671409756
0.626938775510204,737.8974,0.00045859458623453975
0.6501587301587302,743.73834,0.0004951446317136288
0.6733786848072563,738.5884,0.0004727993509732187
0.6965986394557824,735.43634,0.00042049845797009766
0.7198185941043084,741.7498,0.00042002828558906913
0.7430385487528345,733.24475,0.0003416651161387563
0.7662585034013606,713.3529,0.0001941174123203382
0.7894784580498866,712.8759,0.0003687215503305197
0.8126984126984127,618.62494,0.000587402144446969
0.8359183673469388,697.03174,0.00046515261055901647
0.8591383219954649,879.5917,0.0008513383800163865
0.8823582766439909,950.16656,0.0009857516270130873
0.905578231292517,952.1314,0.0009265143307857215
0.9287981859410431,961.90375,0.0011541307903826237
0.9520181405895691,967.56885,0.0015051283407956362
0.9752380952380952,962.9601,0.0016508372500538826
0.9984580498866213,961.69904,0.0013283551670610905
1.0216780045351475,738.3045,0.002276454819366336
1.0448979591836736,619.1066,0.0020714132115244865
1.0681179138321997,730.0175,0.0013838805025443435
1.0913378684807256,742.38434,0.0014008498983457685
1.1145578231292517,732.70593,0.0015825944719836116
1.1377777777777778,724.4519,0.001132111414335668
1.1609977324263039,742.00476,0.000981929711997509
1.18421768707483,951.0444,0.001203221152536571
1.207437641723356,751.5879,0.0017783344956114888
1.2306575963718822,729.21844,0.0020235285628587008
1.253877551020408,675.11255,0.0015837304526939988
1.2770975056689342,640.6157,0.0013038606848567724
1.3003174603174603,635.29803,0.0017044886481016874
1.3235374149659864,665.7638,0.002215059008449316
1.3467573696145125,696.7805,0.0017368842381983995
1.3699773242630386,686.89746,0.0011252174153923988
1.3931972789115648,654.5311,0.0005917291855439544
1.4164172335600906,652.9312,0.000384145270800218
1.4396371882086167,702.5966,0.0003099447931163013
1.4628571428571429,698.837,0.0002668931265361607
1.486077097505669,602.3875,0.00040598565828986466
1.509297052154195,713.60535,0.000515718711540103
1.5325170068027212,702.958,0.0006219833740033209
1.5557369614512473,699.4977,0.0006256476044654846
1.5789569160997732,692.4409,0.00045140160364098847
1.6021768707482993,692.7516,0.00031392183154821396
1.6253968253968254,904.75696,0.00028452611877582967
1.6486167800453515,917.96814,0.00028031389228999615
1.6718367346938776,907.0985,0.0003772141062654555
1.6950566893424037,686.3122,0.0005666504148393869
1.7182766439909298,682.66077,0.0005373494350351393
1.7414965986394557,689.8928,0.0005341595970094204
1.7647165532879818,687.3101,0.0006604337831959128
1.787936507936508,658.27026,0.0003060232847929001
1.811156462585034,609.8109,0.00024029033374972641
1.8343764172335602,686.10095,0.00019411319226492196
1.8575963718820863,705.98645,0.00023568632605019957
1.8808163265306124,624.8579,0.00031749281333759427
1.9040362811791383,621.3069,0.0003069163067266345
1.9272562358276644,621.52277,0.00045143571333028376
1.9504761904761905,650.2491,0.000589815666899085
1.9736961451247166,645.6541,0.0003165311645716429
1.9969160997732427,616.365,0.00024151292745955288
2.020136054421769,648.73236,0.00019590844749473035
2.043356009070295,683.167,0.0001762143219821155
2.066575963718821,670.7545,0.00015829293988645077
2.089795918367347,629.00305,0.0002451005857437849
2.1130158730158732,627.8623,0.0002703505160752684
2.1362358276643993,636.81055,0.00028991815634071827
2.159455782312925,638.4074,0.00023333645367529243
2.182675736961451,850.75684,0.0002305699890712276
2.2058956916099772,647.06866,0.00017555180238559842
2.2291156462585033,686.5583,0.00013595096243079752
2.2523356009070294,704.9625,0.00012253885506652296
2.2755555555555556,782.9268,0.00020145572489127517
2.2987755102040817,631.2529,0.00020924207638017833
2.3219954648526078,641.28754,0.0003410315839573741
2.345215419501134,666.85657,0.00032553388155065477
2.36843537414966,674.20935,0.0003477872523944825
2.391655328798186,660.02686,0.00020479575323406607
2.414875283446712,788.4513,0.00018590143008623272
2.4380952380952383,642.19794,0.00015122411423362792
2.4613151927437644,658.1398,0.0001409430697094649
2.48453514739229,629.0318,0.00017411363660357893
2.507755102040816,622.359,0.00017294615099672228
2.5309750566893423,627.97705,0.0002038589445874095
2.5541950113378684,633.6996,0.00027079222491011024
2.5774149659863945,645.72394,0.0001707964693196118
2.6006349206349206,805.48267,0.00015246729890350252
2.6238548752834467,647.9497,0.00017090883920900524
2.647074829931973,660.3753,0.00015054050891194493
2.670294784580499,664.11084,0.0001193374628201127
2.693514739229025,621.022,0.00010838180605787784
2.716734693877551,655.1556,1.007779883366311e-05
2.7399546485260773,0.0,5.425654308055528e-07
2.7631746031746034,0.0,7.062317308736965e-08
2.7863945578231295,0.0,5.3501935326494277e-08
2.809614512471655,0.0,4.9659320211503655e-08
2.8328344671201813,0.0,6.27869667368941e-08
2.8560544217687074,0.0,4.9249138101004064e-08
2.8792743764172335,0.0,2.3259417503140867e-08
2.9024943310657596,0.0,4.117282514926046e-08
2.9257142857142857,0.0,1.3878889149054885e-09
