0.0,0.0,3.529385139700025e-08
0.023219954648526078,0.0,1.966964191524312e-08
0.046439909297052155,0.0,3.879904397763312e-08
0.06965986394557823,0.0,2.8320755518507212e-08
0.09287981859410431,0.0,3.279910743003711e-08
0.11609977324263039,0.0,1.487114786868915e-08
0.13931972789115646,0.0,3.8598955143243074e-08
0.16253968253968254,0.0,5.4101219575386494e-06
0.18575963718820862,388.14966,4.894623998552561e-05
0.2089795918367347,365.13718,0.0001291161752305925
0.23219954648526078,370.82718,0.00018667263793759048
0.25541950113378686,345.3145,0.00020585261518135667
0.2786394557823129,378.73206,0.00026090076426044106
0.301859410430839,382.21457,0.0004211203777231276
0.3250793650793651,377.17575,0.0006345446454361081
0.3482993197278912,365.09503,0.0007917562033981085
0.37151927437641724,343.85315,0.0008891659672372043
0.3947392290249433,343.5861,0.0010111614828929305
0.4179591836734694,345.99097,0.0007968703284859657
0.44117913832199546,391.49655,0.0005291044362820685
0.46439909297052157,389.8021,0.0007814592681825161
0.4876190476190476,392.19778,0.00038849562406539917
0.5108390022675737,390.29218,0.0003812082577496767
0.5340589569160998,447.65625,0.00046715239295735955
0.5572789115646258,395.6672,0.0010284670861437917
0.5804988662131519,427.72757,0.000885364250279963
0.603718820861678,459.95825,0.0008469889871776104
0.626938775510204,465.89615,0.0010706272441893816
0.6501587301587302,455.62262,0.0016000992618501186
0.6733786848072563,446.37946,0.0018624532967805862
0.6965986394557824,449.83356,0.0015285080298781395
0.7198185941043084,465.60846,0.0012003765441477299
0.7430385487528345,487.0815,0.000816693645901978
0.7662585034013606,496.6924,0.0008785754907876253
0.7894784580498866,499.10822,0.0006114314310252666
0.8126984126984127,545.30963,0.0002850080491043627
0.8359183673469388,552.6276,0.000459936389233917
0.8591383219954649,563.69586,0.000705694779753685
0.8823582766439909,598.78033,0.0006120668258517981
0.905578231292517,558.23395,0.0008097017416730523
0.9287981859410431,558.10803,0.0009860454592853785
0.9520181405895691,604.83496,0.0011747885728254914
0.9752380952380952,598.7971,0.0010444101644679904
0.9984580498866213,599.33057,0.0006382015417329967
1.0216780045351475,275.78027,0.0004825213400181383
1.0448979591836736,471.74368,0.0005437477957457304
1.0681179138321997,471.29617,0.0010911719873547554
1.0913378684807256,392.4952,0.0012631183490157127
1.1145578231292517,397.03503,0.001394336810335517
1.1377777777777778,337.37982,0.0010253677610307932
1.1609977324263039,328.77316,0.000772913102991879
1.18421768707483,327.61646,0.0010535498149693012
1.207437641723356,332.26648,0.0012282091192901134
1.2306575963718822,333.21603,0.0010146426502615213
1.253877551020408,358.1432,0.0014112778007984161
1.2770975056689342,899.73114,0.0012087973300367594
1.3003174603174603,486.72168,0.0007701176218688488
1.3235374149659864,513.9411,0.0007133441977202892
1.3467573696145125,501.26666,0.0006379814585670829
1.3699773242630386,510.33698,0.0005230162059888244
1.3931972789115648,511.4615,0.0006198286428116262
1.4164172335600906,505.00107,0.0011609115172177553
1.4396371882086167,493.4519,0.0017836838960647583
1.4628571428571429,473.90732,0.001887539867311716
1.486077097505669,446.73367,0.0015640428755432367
1.509297052154195,428.34546,0.0012614734005182981
1.5325170068027212,435.15826,0.0013737770495936275
1.5557369614512473,425.91812,0.0015217678155750036
1.5789569160997732,427.50623,0.001532244379632175
1.6021768707482993,428.2535,0.001352390507236123
1.6253968253968254,426.6636,0.0010066898539662361
1.6486167800453515,401.61017,0.0002988050691783428
1.6718367346938776,391.12872,0.00023411278380081058
1.6950566893424037,412.25388,0.00024816082441248
1.7182766439909298,396.60626,0.0003013648674823344
1.7414965986394557,389.8627,0.0003657461784314364
1.7647165532879818,386.34537,0.00043189380085095763
1.787936507936508,372.97812,0.0004158936790190637
1.811156462585034,421.2759,0.00040192267624661326
1.8343764172335602,388.8551,0.00046018732246011496
1.8575963718820863,381.28903,0.000385001243557781
1.8808163265306124,438.2142,0.00031187955755740404
1.9040362811791383,440.4907,0.0003859149292111397
1.9272562358276644,389.02686,0.0005656362627632916
1.9504761904761905,379.94135,0.00047087622806429863
1.9736961451247166,433.99756,0.00037110887933522463
1.9969160997732427,396.64557,0.000456725392723456
2.020136054421769,376.0468,0.0003432388184592128
2.043356009070295,338.42175,0.00022312233340926468
2.066575963718821,386.62332,0.00032400345662608743
2.089795918367347,337.08627,0.00048616761341691017
2.1130158730158732,341.24512,0.0004756044363602996
2.1362358276643993,387.42566,0.0003728742303792387
2.159455782312925,401.9174,0.00038662023143842816
2.182675736961451,400.46326,0.0003968680975958705
2.2058956916099772,387.9377,0.00043413101229816675
2.2291156462585033,336.53763,0.0002075286756735295
2.2523356009070294,342.0307,0.00026772244018502533
2.2755555555555556,339.58163,0.00043968961108475924
2.2987755102040817,336.32202,0.0005247685476206243
2.3219954648526078,345.1598,0.0005476223304867744
2.345215419501134,383.28625,0.00045610283268615603
2.36843537414966,392.92908,0.0003812458598986268
2.391655328798186,345.0814,0.00040497450390830636
2.414875283446712,334.77017,0.00018305261619389057
2.4380952380952383,313.26706,0.00021557201398536563
2.4613151927437644,330.0939,0.0002700987388379872
2.48453514739229,333.4569,0.0004452279827091843
2.507755102040816,340.14456,0.0004572276375256479
2.5309750566893423,384.44452,0.00034430710365995765
2.5541950113378684,438.03192,0.0003236045886296779
2.5774149659863945,383.92816,0.00035809565451927483
2.6006349206349206,337.59152,0.00027644200599752367
2.6238548752834467,330.41092,0.00016757316188886762
2.647074829931973,328.9074,0.00029163272120058537
2.670294784580499,331.28436,0.00042507864418439567
2.693514739229025,338.7597,0.00042830497841350734
2.716734693877551,382.2176,0.00034027063520625234
2.7399546485260773,431.3574,0.00029188880580477417
2.7631746031746034,429.94952,0.00031094919540919363
2.7863945578231295,336.0001,0.00016786307969596237
2.809614512471655,326.05353,0.0001230627385666594
2.8328344671201813,324.26257,0.00013538602797780186
2.8560544217687074,329.25333,0.00028598689823411405
2.8792743764172335,336.7823,0.00036570982774719596
2.9024943310657596,379.82227,0.00032550145988352597
2.9257142857142857,427.35843,0.00025582980015315115
2.948934240362812,428.58902,0.0002596510457806289
2.972154195011338,334.52103,0.000163713819347322
2.995374149659864,330.52548,8.762125798966736e-05
3.01859410430839,373.9072,8.712264389032498e-05
3.0418140589569163,325.47852,0.0002231095713796094
3.0650340136054424,336.6797,0.00028626099810935557
3.0882539682539685,350.82086,7.54833163227886e-05
3.1114739229024946,339.73062,1.5437490219483152e-05
3.1346938775510207,0.0,2.72293618763797e-06
3.1579138321995464,0.0,5.399788278737105e-07
3.1811337868480725,0.0,1.5287605492630973e-07
3.2043537414965986,0.0,5.268884706310928e-08
3.2275736961451247,0.0,4.194316716166213e-08
3.250793650793651,0.0,6.383561412803829e-08
3.274013605442177,0.0,3.1371200748253614e-08
3.297233560090703,0.0,3.6297933547757566e-08
3.320453514739229,0.0,2.2861968318466097e-08
3.3436734693877552,0.0,7.472590368706733e-08
3.3668934240362813,0.0,2.6943780540023e-08
