0.0,0.0,5.391939339460805e-08
0.023219954648526078,0.0,3.96730683860369e-08
0.046439909297052155,0.0,4.409594112075865e-08
0.06965986394557823,0.0,3.343302523717284e-08
0.09287981859410431,0.0,4.3199179344810545e-08
0.11609977324263039,22615.955,2.7464016966405325e-05
0.13931972789115646,476.54074,0.00012527129729278386
0.16253968253968254,475.91974,0.00020844925893470645
0.18575963718820862,484.75778,0.00025698408717289567
0.2089795918367347,504.89783,0.00031919998582452536
0.23219954648526078,512.62555,0.00032831827411428094
0.25541950113378686,519.40137,0.0005077038076706231
0.2786394557823129,507.07455,0.0007737550185993314
0.301859410430839,493.34998,0.0008208667859435081
0.3250793650793651,478.59488,0.000623197527602315
0.3482993197278912,451.49417,0.000361844664439559
0.37151927437641724,496.0378,0.0004473974113352597
0.3947392290249433,571.2238,0.0004720469005405903
0.4179591836734694,413.51675,0.0005362083320505917
0.44117913832199546,448.4821,0.0005596354603767395
0.46439909297052157,914.7258,0.0005720448098145425
0.4876190476190476,917.88293,0.000766750774346292
0.5108390022675737,452.80783,0.0011333210859447718
0.5340589569160998,463.4324,0.0014275836292654276
0.5572789115646258,659.2495,0.0010688622714951634
0.5804988662131519,685.88257,0.0009486208437010646
0.603718820861678,692.5264,0.0013144909171387553
0.626938775510204,681.0297,0.0020607581827789545
0.6501587301587302,659.1854,0.001660176320001483
0.6733786848072563,548.9581,0.0016721562715247273
0.6965986394557824,671.08997,0.004743389319628477
0.7198185941043084,659.6528,0.004154498223215342
0.7430385487528345,660.3366,0.003363143652677536
0.7662585034013606,645.05414,0.0026693048421293497
0.7894784580498866,551.9484,0.0017171031795442104
0.8126984126984127,567.96985,0.0015688375569880009
0.8359183673469388,862.53625,0.002460959367454052
0.8591383219954649,680.74445,0.002390306442975998
0.8823582766439909,715.138,0.0032625761814415455
0.905578231292517,699.8635,0.005526725202798843
0.9287981859410431,871.483,0.006125208921730518
0.9520181405895691,893.8658,0.00546417199075222
0.9752380952380952,915.9213,0.0036969745997339487
0.9984580498866213,995.4653,0.005489169154316187
1.0216780045351475,945.9752,0.004505883902311325
1.0448979591836736,924.51514,0.002687247237190604
1.0681179138321997,571.6513,0.004966550972312689
1.0913378684807256,551.95166,0.003500760765746236
1.1145578231292517,557.8314,0.0036141350865364075
1.1377777777777778,564.6582,0.003854973241686821
1.1609977324263039,562.5374,0.003981648478657007
1.18421768707483,564.14276,0.003378134686499834
1.207437641723356,551.32263,0.001558241667225957
1.2306575963718822,484.3886,0.001701202243566513
1.253877551020408,920.9525,0.000573977769818157
1.2770975056689342,477.13824,0.0004901850479654968
1.3003174603174603,478.42648,0.0006280882516875863
1.3235374149659864,443.81964,0.0007196251535788178
1.3467573696145125,925.38214,0.0007742142188362777
1.3699773242630386,923.5214,0.0009526980575174093
1.3931972789115648,920.9591,0.0006359065300785005
1.4164172335600906,420.41354,0.0003261608362663537
1.4396371882086167,477.85757,0.0005022004479542375
1.4628571428571429,502.98218,0.000384627579478547
1.486077097505669,464.72455,0.00045988569036126137
1.509297052154195,457.53662,0.00046487472718581557
1.5325170068027212,480.2654,0.0005500074476003647
1.5557369614512473,472.4283,0.0005157750565558672
1.5789569160997732,476.2826,0.00046725483844056726
1.6021768707482993,479.31735,0.0005093225045129657
1.6253968253968254,455.43686,0.0004563813272397965
1.6486167800453515,464.52908,0.00040673965122550726
1.6718367346938776,491.66077,0.0005994763923808932
1.6950566893424037,482.2546,0.0010079392232000828
1.7182766439909298,485.57248,0.0011662727920338511
1.7414965986394557,481.5094,0.0005936577799730003
1.7647165532879818,480.84247,0.0004947911947965622
1.787936507936508,460.02377,0.00044300121953710914
1.811156462585034,458.70352,0.0005502332933247089
1.8343764172335602,474.06592,0.0005609599174931645
1.8575963718820863,489.291,0.0007594706839881837
1.8808163265306124,491.15485,0.0007380142924375832
1.9040362811791383,486.0936,0.0007863172213546932
1.9272562358276644,488.4025,0.0006721143145114183
1.9504761904761905,494.807,0.0005021596443839371
1.9736961451247166,482.31564,0.0005004988634027541
1.9969160997732427,467.89426,0.0005065317382104695
2.020136054421769,481.32352,0.00047011219430714846
2.043356009070295,496.54028,0.0006505227065645158
2.066575963718821,493.16666,0.0006421025609597564
2.089795918367347,486.23953,0.0006361667765304446
2.1130158730158732,491.4143,0.0006806422024965286
2.1362358276643993,493.51715,0.00047175545478239655
2.159455782312925,475.87112,0.00041261501610279083
2.182675736961451,453.00476,0.0004563727998174727
2.2058956916099772,469.57727,0.0004995095077902079
2.2291156462585033,492.07288,0.000522488378919661
2.2523356009070294,493.03635,0.0006792123895138502
2.2755555555555556,489.2685,0.0006967653171159327
2.2987755102040817,488.26157,0.0006193616427481174
2.3219954648526078,494.40094,0.00042628616211004555
2.345215419501134,484.13562,0.00041131756734102964
2.36843537414966,463.321,0.0003846969921141863
2.391655328798186,477.28522,0.0003527362132444978
2.414875283446712,495.5336,0.0004291754448786378
2.4380952380952383,490.66025,0.0005019917152822018
2.4613151927437644,474.3627,0.0005304596270434558
2.48453514739229,488.24054,0.00046227380516938865
2.507755102040816,492.38623,0.00032985463622026145
2.5309750566893423,477.76007,0.00033009727485477924
2.5541950113378684,476.3027,0.0003307484439574182
2.5774149659863945,496.07785,0.0002869653981178999
2.6006349206349206,490.89282,2.6207470000372268e-05
2.6238548752834467,0.0,1.6036001397878863e-06
2.647074829931973,0.0,1.5264595276676118e-07
2.670294784580499,0.0,1.1082101991632953e-07
2.693514739229025,0.0,5.506262823473662e-08
2.716734693877551,0.0,7.864582585170865e-08
2.7399546485260773,0.0,3.6291567084845155e-08
2.7631746031746034,0.0,4.609137249644846e-08
2.7863945578231295,0.0,4.5341948862187564e-08
2.809614512471655,0.0,6.186473910929635e-08
2.8328344671201813,0.0,4.8739821068011224e-09
