0.0,0.0,3.58231773134321e-08
0.023219954648526078,0.0,2.430078893667087e-08
0.046439909297052155,0.0,1.9706021703314036e-08
0.06965986394557823,0.0,1.6487319953739643e-08
0.09287981859410431,0.0,1.400167093379423e-08
0.11609977324263039,0.0,2.6119778340216726e-08
0.13931972789115646,0.0,2.1620962797896937e-07
0.16253968253968254,22902.986,1.8047612684313208e-05
0.18575963718820862,2564.323,4.9671991291688755e-05
0.2089795918367347,2565.9631,0.0001002487915684469
0.23219954648526078,2554.2231,0.00018657231703400612
0.25541950113378686,2545.603,0.0003002217272296548
0.2786394557823129,2515.7666,0.00046683952677994967
0.301859410430839,2534.7034,0.0005306830280460417
0.3250793650793651,2476.6096,0.0006454683607444167
0.3482993197278912,2474.2603,0.0006242707604542375
0.37151927437641724,2463.7817,0.00043973844731226563
0.3947392290249433,2414.655,0.00034599064383655787
0.4179591836734694,2405.8894,0.0002382355451118201
0.44117913832199546,2374.0002,0.00037512416020035744
0.46439909297052157,2399.5713,0.0006442602025344968
0.4876190476190476,2440.9072,0.0007266588509082794
0.5108390022675737,2415.4763,0.0006448649801313877
0.5340589569160998,2430.4165,0.00048135610995814204
0.5572789115646258,2447.0303,0.000423743505962193
0.5804988662131519,2344.868,0.0006810901686549187
0.603718820861678,2221.4373,0.0007857565069571137
0.626938775510204,2303.0388,0.0009376090602017939
0.6501587301587302,2481.6904,0.0011062724515795708
0.6733786848072563,2097.6262,0.001326714875176549
0.6965986394557824,1916.159,0.001491202274337411
0.7198185941043084,1912.9542,0.0013159697409719229
0.7430385487528345,2227.9482,0.0015876299003139138
0.7662585034013606,2559.9585,0.0018201845232397318
0.7894784580498866,2288.0557,0.001140485517680645
0.8126984126984127,1951.1722,0.0010910716373473406
0.8359183673469388,1823.6213,0.0008312936406582594
0.8591383219954649,2225.7373,0.0025395371485501528
0.8823582766439909,1831.0062,0.002993024419993162
0.905578231292517,1801.7916,0.00559989782050252
0.9287981859410431,1727.5433,0.004765577148646116
0.9520181405895691,1709.6785,0.0034966974053531885
0.9752380952380952,1717.5521,0.0038879141211509705
0.9984580498866213,1745.1946,0.0029272823594510555
1.0216780045351475,1829.196,0.0032828461844474077
1.0448979591836736,1801.346,0.002794115338474512
1.0681179138321997,2197.478,0.0012540549505501986
1.0913378684807256,1874.2745,0.001160917105153203
1.1145578231292517,2152.5032,0.0008011215832084417
1.1377777777777778,2201.8296,0.0011258056620135903
1.1609977324263039,2349.2446,0.001162392320111394
1.18421768707483,2370.1519,0.0009407969191670418
1.207437641723356,2337.228,0.0008068870520219207
1.2306575963718822,2192.753,0.0006643563974648714
1.253877551020408,2247.684,0.0005842030514031649
1.2770975056689342,2274.3228,0.0007469561533071101
1.3003174603174603,568.7204,0.0007273469236679375
1.3235374149659864,563.5855,0.0006584103684872389
1.3467573696145125,2095.2402,0.0005342673393897712
1.3699773242630386,2155.9475,0.0005271893460303545
1.3931972789115648,2143.0278,0.0004590258758980781
1.4164172335600906,2255.3027,0.00033574693952687085
1.4396371882086167,2444.128,0.0003474027616903186
1.4628571428571429,2480.942,0.000342898623785004
1.486077097505669,2612.4136,0.00038826168747618794
1.509297052154195,397.08093,0.0005174255347810686
1.5325170068027212,2382.2263,0.0005600195145234466
1.5557369614512473,2407.2961,0.0005911069456487894
1.5789569160997732,2480.59,0.0005220478633418679
1.6021768707482993,2499.372,0.00041747279465198517
1.6253968253968254,2451.8513,0.00042562646558508277
1.6486167800453515,2481.8997,0.0004784605116583407
1.6718367346938776,2481.6902,0.0005659149028360844
1.6950566893424037,2464.1753,0.0006102359038777649
1.7182766439909298,2445.5012,0.0005745003581978381
1.7414965986394557,2448.334,0.0006526123033836484
1.7647165532879818,2534.163,0.00043320650001987815
1.787936507936508,2502.0483,0.0003203482774551958
1.811156462585034,2596.1924,0.0003816095704678446
1.8343764172335602,2499.579,0.0005273545393720269
1.8575963718820863,2526.0366,0.00047073655878193676
1.8808163265306124,2492.4204,0.0004696602118201554
1.9040362811791383,2505.4219,0.0005678163724951446
1.9272562358276644,2524.9963,0.000561506487429142
1.9504761904761905,2555.174,0.00038955319905653596
1.9736961451247166,2556.842,0.0003822834696620703
1.9969160997732427,2527.8684,0.00042292012949474156
2.020136054421769,2513.607,0.0005163749447092414
2.043356009070295,2551.0332,0.0005039162933826447
2.066575963718821,2535.3708,0.00046908576041460037
2.089795918367347,2564.5083,0.00048251135740429163
2.1130158730158732,2526.211,0.0005519369151443243
2.1362358276643993,2587.468,0.0003991748089902103
2.159455782312925,2579.4824,0.000291830045171082
2.182675736961451,2579.5125,0.00027154278359375894
2.2058956916099772,2566.2239,0.00040266464930027723
2.2291156462585033,2586.325,0.0004067422996740788
2.2523356009070294,2582.6853,0.00043111550621688366
2.2755555555555556,2592.268,0.00043825688771903515
2.2987755102040817,2656.9565,0.0004523114475887269
2.3219954648526078,2621.803,0.0002296351594850421
2.345215419501134,2634.8699,0.0002077632088912651
2.36843537414966,2650.601,0.00022275763330981135
2.391655328798186,2620.0022,0.0002615030389279127
2.414875283446712,2636.224,4.327986971475184e-05
2.4380952380952383,0.0,6.233737622096669e-06
2.4613151927437644,0.0,6.563404895132408e-07
2.48453514739229,0.0,1.0723579180194065e-07
2.507755102040816,0.0,3.96294126403518e-08
2.5309750566893423,0.0,2.86772774416022e-08
2.5541950113378684,0.0,3.9903170545585454e-08
2.5774149659863945,0.0,6.808477337472141e-09
