0.0,0.0,3.925379132851958e-08
0.023219954648526078,0.0,5.159381544217467e-08
0.046439909297052155,0.0,3.243440005462617e-08
0.06965986394557823,0.0,3.3561263990122825e-08
0.09287981859410431,0.0,2.990327629959211e-08
0.11609977324263039,0.0,3.3322066883556545e-08
0.13931972789115646,0.0,5.6806129578035325e-08
0.16253968253968254,0.0,1.9087692635366693e-06
0.18575963718820862,0.0,8.357203114428557e-06
0.2089795918367347,131.37921,2.5328910851385444e-05
0.23219954648526078,2715.4558,4.9917154683498666e-05
0.25541950113378686,2682.9053,9.424333984497935e-05
0.2786394557823129,2685.9219,0.0001251119829248637
0.301859410430839,2701.116,0.0001528738357592374
0.3250793650793651,2701.2078,0.00016882122145034373
0.3482993197278912,2692.9485,0.00017472109175287187
0.37151927437641724,2707.0286,0.00015725000412203372
0.3947392290249433,2750.7612,0.00011615634139161557
0.4179591836734694,2748.9832,7.876616291468963e-05
0.44117913832199546,2751.3706,6.131132249720395e-05
0.46439909297052157,2719.1807,8.234778215410188e-05
0.4876190476190476,2701.2122,9.595807205187157e-05
0.5108390022675737,2721.8752,0.00013018681784160435
0.5340589569160998,2784.468,9.34637791942805e-05
0.5572789115646258,2717.1387,5.968321056570858e-05
0.5804988662131519,2683.9783,6.686002598144114e-05
0.603718820861678,2635.0442,8.410861482843757e-05
0.626938775510204,2605.8867,0.00012407131725922227
0.6501587301587302,2564.3853,0.00017941644182428718
0.6733786848072563,2662.574,0.00020270957611501217
0.6965986394557824,2649.4014,0.00017940890393219888
0.7198185941043084,2523.4653,0.00019414907728787512
0.7430385487528345,2503.5186,0.0003402481088414788
0.7662585034013606,2433.722,0.00041766336653381586
0.7894784580498866,2249.1023,0.0003508614609017968
0.8126984126984127,2421.7366,0.00023903205874376
0.8359183673469388,2467.87,0.00012548378435894847
0.8591383219954649,465.8015,7.6555777923204e-05
0.8823582766439909,210.98907,0.00010087008558912203
0.905578231292517,229.08682,0.00021250284044072032
0.9287981859410431,286.019,0.0002441902761347592
0.9520181405895691,295.0693,0.00039644286152906716
0.9752380952380952,291.75992,0.0003970694961026311
0.9984580498866213,2030.1615,0.00032479618676006794
1.0216780045351475,1954.7125,0.0003260236408095807
1.0448979591836736,2093.013,0.00043688598088920116
1.0681179138321997,2057.0718,0.0004069425049237907
1.0913378684807256,589.9382,0.00045362062519416213
1.1145578231292517,2458.1194,0.0004956547636538744
1.1377777777777778,2432.7512,0.00047370471293106675
1.1609977324263039,2513.2246,0.00044767235522158444
1.18421768707483,2446.878,0.0004125206032767892
1.207437641723356,2209.0796,0.0004311101511120796
1.2306575963718822,2155.066,0.00035347792436368763
1.253877551020408,2199.6208,0.00032775424188002944
1.2770975056689342,2489.821,0.0003285271814092994
1.3003174603174603,2533.9548,0.00030676278402097523
1.3235374149659864,2569.407,0.00021955360716674477
1.3467573696145125,2608.491,0.0001906348334159702
1.3699773242630386,2562.019,0.00022717259707860649
1.3931972789115648,2385.4263,0.00019781591254286468
1.4164172335600906,2434.2864,0.00017600982391741127
1.4396371882086167,2335.2444,0.00010245393787045032
1.4628571428571429,2421.4739,9.548674279358238e-05
1.486077097505669,2449.3425,9.872709779301658e-05
1.509297052154195,2617.5083,0.00010842848860193044
1.5325170068027212,2577.2393,0.0001249144843313843
1.5557369614512473,2528.4138,0.00013125044642947614
1.5789569160997732,2447.4993,0.00015999539755284786
1.6021768707482993,2552.531,0.0001602473494131118
1.6253968253968254,2575.092,9.732497710501775e-05
1.6486167800453515,2670.184,9.804927685763687e-05
1.6718367346938776,2691.6775,0.00010675874364096671
1.6950566893424037,2698.1926,0.00014311724225990474
1.7182766439909298,2612.5115,0.00015374005306512117
1.7414965986394557,2706.9639,0.00020883035904262215
1.7647165532879818,2682.6807,0.00019894560682587326
1.787936507936508,2668.9512,0.00014054727216716856
1.811156462585034,2642.063,0.00011691323015838861
1.8343764172335602,2672.724,0.00011157621338497847
1.8575963718820863,2545.2205,9.728997974889353e-05
1.8808163265306124,2552.5027,0.00011774460290325806
1.9040362811791383,2613.4065,0.00011257084406679496
1.9272562358276644,2724.4087,0.0001320822921115905
1.9504761904761905,2627.8206,0.0001340807939413935
1.9736961451247166,2544.3188,0.0001317130372626707
1.9969160997732427,2629.7063,9.428738849237561e-05
2.020136054421769,2652.351,8.13392543932423e-05
2.043356009070295,2794.4521,7.340385491261259e-05
2.066575963718821,2784.171,6.69051514705643e-05
2.089795918367347,2721.686,8.13691585790366e-05
2.1130158730158732,2604.8972,8.467232692055404e-05
2.1362358276643993,2707.194,9.47096268646419e-05
2.159455782312925,2668.0605,8.500720286974683e-05
2.182675736961451,2675.4702,7.693770021433011e-05
2.2058956916099772,2689.5195,8.938182145357132e-05
2.2291156462585033,2696.6418,6.674963515251875e-05
2.2523356009070294,2788.0479,6.932577525731176e-05
2.2755555555555556,2755.3635,7.823680061846972e-05
2.2987755102040817,2685.5762,8.260057074949145e-05
2.3219954648526078,2742.3528,8.186024206224829e-05
2.345215419501134,2725.708,8.658014849061146e-05
2.36843537414966,2692.7554,8.587048796471208e-05
2.391655328798186,2731.3184,7.943493983475491e-05
2.414875283446712,2721.9392,9.028670319821686e-05
2.4380952380952383,2684.1304,6.539450259879231e-05
2.4613151927437644,2702.8794,5.8137862652074546e-05
2.48453514739229,2720.4885,6.530505197588354e-05
2.507755102040816,2701.9722,4.275274841347709e-05
2.5309750566893423,2705.5012,1.086964039131999e-05
2.5541950113378684,0.0,1.0106987247127108e-06
2.5774149659863945,0.0,2.3658958525629714e-07
2.6006349206349206,0.0,1.2530745152616873e-07
2.6238548752834467,0.0,7.72297426010482e-08
2.647074829931973,0.0,5.0339622248429805e-08
2.670294784580499,0.0,7.62420313549228e-08
2.693514739229025,0.0,2.891374606406316e-08
