0.0,0.0,4.0763552533462644e-08
0.023219954648526078,0.0,6.214122549863532e-08
0.046439909297052155,0.0,2.939123078249395e-08
0.06965986394557823,0.0,2.85563146462664e-08
0.09287981859410431,0.0,3.966033546021208e-08
0.11609977324263039,0.0,3.0685441743116826e-08
0.13931972789115646,0.0,1.3542376109398901e-08
0.16253968253968254,0.0,1.6777448763605207e-08
0.18575963718820862,0.0,9.879295248538256e-08
0.2089795918367347,0.0,8.799543138593435e-08
0.23219954648526078,0.0,1.050202627084218e-07
0.25541950113378686,0.0,4.509456630330533e-08
0.2786394557823129,0.0,2.4228938855230808e-08
0.301859410430839,0.0,1.8419086700305343e-08
0.3250793650793651,0.0,3.1036506698001176e-08
0.3482993197278912,0.0,7.880316843511537e-08
0.37151927437641724,0.0,8.994084055302665e-08
0.3947392290249433,0.0,1.1542670108610764e-07
0.4179591836734694,0.0,6.797381502110511e-08
0.44117913832199546,0.0,9.529230737825856e-08
0.46439909297052157,0.0,6.638223567279056e-06
0.4876190476190476,122.48644,3.6794190236832947e-05
0.5108390022675737,120.641594,5.8330362662672997e-05
0.5340589569160998,150.51186,7.978356734383851e-05
0.5572789115646258,156.49019,0.00011055908544221893
0.5804988662131519,161.44788,0.0001615441287867725
0.603718820861678,1517.9083,0.0001939948124345392
0.626938775510204,1511.6542,0.00023167839390225708
0.6501587301587302,723.9136,0.00018675916362553835
0.6733786848072563,726.97437,9.638832125347108e-05
0.6965986394557824,729.1449,3.277401265222579e-05
0.7198185941043084,127.70263,2.066982960968744e-05
0.7430385487528345,0.0,7.019612894509919e-06
0.7662585034013606,0.0,5.481620974023826e-06
0.7894784580498866,136.5519,3.5732915421249345e-05
0.8126984126984127,151.93047,8.865263953339309e-05
0.8359183673469388,154.86436,0.00013456068700179458
0.8591383219954649,226.89447,0.00018089389777742326
0.8823582766439909,518.1017,0.0001750693772919476
0.905578231292517,217.21733,0.00017482410476077348
0.9287981859410431,714.94653,0.00012978471932001412
0.9520181405895691,735.37604,9.705594857223332e-05
0.9752380952380952,728.32983,3.5751028917729855e-05
0.9984580498866213,148.48253,2.081053207803052e-05
1.0216780045351475,151.29472,1.6677829989930615e-05
1.0448979591836736,207.77844,2.2038884708308615e-05
1.0681179138321997,188.3202,4.274985258234665e-05
1.0913378684807256,175.78133,7.234767690533772e-05
1.1145578231292517,175.73576,0.0001036027679219842
1.1377777777777778,526.07526,0.00016434930148534477
1.1609977324263039,735.6583,0.00019545038230717182
1.18421768707483,743.5937,0.0001523850078228861
1.207437641723356,745.674,0.00012224931560922414
1.2306575963718822,1596.5397,4.0983271901495755e-05
1.253877551020408,212.80803,1.4535973605234176e-05
1.2770975056689342,0.0,4.3506106521817856e-06
1.3003174603174603,0.0,5.530289854505099e-06
1.3235374149659864,186.5083,3.528571323840879e-05
1.3467573696145125,727.98474,0.0001336950808763504
1.3699773242630386,722.6693,0.00029881548834964633
1.3931972789115648,723.82806,0.00035651211510412395
1.4164172335600906,722.5344,0.0002671767142601311
1.4396371882086167,722.37103,0.00026145478477701545
1.4628571428571429,721.43866,0.0003229090361855924
1.486077097505669,724.57996,0.00026392971631139517
1.509297052154195,721.2363,4.834154970012605e-05
1.5325170068027212,748.74585,1.0424332685943227e-05
1.5557369614512473,0.0,3.044381628569681e-06
1.5789569160997732,0.0,8.162605809047818e-07
1.6021768707482993,195.41547,3.092101542279124e-05
1.6253968253968254,723.2839,0.00019272821373306215
1.6486167800453515,724.48956,0.00043398834532126784
1.6718367346938776,722.5914,0.0005421153618954122
1.6950566893424037,715.1101,0.0005357980262488127
1.7182766439909298,706.76685,0.000515478546731174
1.7414965986394557,701.4717,0.0003984192735515535
1.7647165532879818,700.3239,0.00018544119666330516
1.787936507936508,709.1151,3.910583473043516e-05
1.811156462585034,0.0,2.396190211584326e-06
1.8343764172335602,0.0,1.036035428114701e-06
1.8575963718820863,0.0,6.585731171071529e-06
1.8808163265306124,236.3052,5.5845222959760576e-05
1.9040362811791383,722.66486,0.00017311879491899163
1.9272562358276644,717.2073,0.0002724120859056711
1.9504761904761905,705.63367,0.00032147899037227035
1.9736961451247166,707.0657,0.0002740093623287976
1.9969160997732427,709.6892,0.00023008364951238036
2.020136054421769,719.914,0.0001951639133039862
2.043356009070295,722.9107,0.00011335114686517045
2.066575963718821,724.1186,4.9950391257880256e-05
2.089795918367347,0.0,9.458052772970404e-06
2.1130158730158732,0.0,5.981510184938088e-07
2.1362358276643993,0.0,1.3370299711823463e-07
2.159455782312925,0.0,1.0526464393478818e-06
2.182675736961451,309.26544,8.201003220165148e-05
2.2058956916099772,258.82874,0.0003360984264872968
2.2291156462585033,734.64374,0.0006722527323290706
2.2523356009070294,740.07996,0.0008910798933357
2.2755555555555556,740.0717,0.001200208906084299
2.2987755102040817,743.3882,0.0011922665871679783
2.3219954648526078,1538.6187,0.0009892152156680822
2.345215419501134,1524.3723,0.0006893951212987304
2.36843537414966,1517.2766,0.0003500791499391198
2.391655328798186,739.5834,9.935621346812695e-05
2.414875283446712,738.46936,1.0256316272716504e-05
2.4380952380952383,0.0,1.8881337382481433e-06
2.4613151927437644,0.0,6.037183084117714e-06
2.48453514739229,271.37482,0.00021252327132970095
2.507755102040816,697.49536,0.0008800995419733226
2.5309750566893423,699.327,0.0011943337740376592
2.5541950113378684,708.67755,0.0012926941271871328
2.5774149659863945,708.3375,0.0012241636868566275
2.6006349206349206,697.3156,0.001065810676664114
2.6238548752834467,693.4327,0.00046512848348356783
2.647074829931973,695.1628,0.000231535334023647
2.670294784580499,267.8431,0.000176230474608019
2.693514739229025,314.5749,0.00010613985796226189
2.716734693877551,261.28427,2.9568998797913082e-05
2.7399546485260773,0.0,2.6477173378225416e-06
2.7631746031746034,0.0,7.594471753691323e-07
2.7863945578231295,273.4021,4.477949914871715e-05
2.809614512471655,679.9898,0.0008630596566945314
2.8328344671201813,676.9535,0.0023489873856306076
2.8560544217687074,617.18823,0.0032754295971244574
2.8792743764172335,628.3852,0.0034240582026541233
2.9024943310657596,663.44464,0.0034036505967378616
2.9257142857142857,696.42395,0.0029913701582700014
2.948934240362812,715.1667,0.002204685937613249
2.972154195011338,715.9622,0.00119017215911299
2.995374149659864,711.67944,0.0003633979649748653
3.01859410430839,702.7558,2.6773024728754535e-05
3.0418140589569163,0.0,2.564741407695692e-06
3.0650340136054424,0.0,3.8278085412457585e-07
3.0882539682539685,0.0,1.981979949050583e-07
3.1114739229024946,0.0,6.420850695576519e-08
3.1346938775510207,308.13983,0.00012764516577590257
3.1579138321995464,532.09766,0.0007431249832734466
3.1811337868480725,741.8094,0.0012493353569880128
3.2043537414965986,728.68384,0.0011975084198638797
3.2275736961451247,718.9296,0.001040114089846611
3.250793650793651,705.2798,0.0008039668318815529
3.274013605442177,709.4896,0.0005330157000571489
3.297233560090703,733.7886,0.00015077357238624245
3.320453514739229,511.86163,2.651509566931054e-05
3.3436734693877552,0.0,3.6623769119614735e-06
3.3668934240362813,0.0,1.3691305866814218e-06
3.3901133786848074,236.06326,3.1591171136824414e-05
3.4133333333333336,377.35983,0.00015696558693889529
3.4365532879818597,739.78564,0.00033137534046545625
3.4597732426303858,735.4305,0.0005439892411231995
3.4829931972789114,732.0271,0.0007351262029260397
3.5062131519274375,735.134,0.000702314602676779
3.5294331065759637,733.3689,0.0006239416543394327
3.5526530612244898,723.97455,0.0004710687790066004
3.575873015873016,714.6394,0.00030497030820697546
3.599092970521542,703.65027,0.00012615637388080359
3.622312925170068,720.242,1.97512999875471e-05
3.645532879818594,0.0,2.14053852687357e-06
3.6687528344671203,0.0,4.5685919758398086e-07
3.6919727891156464,0.0,2.3604843590874225e-07
3.7151927437641725,25014.127,3.4872071410063654e-05
3.7384126984126986,706.0182,0.00021523344912566245
3.7616326530612247,713.3233,0.00028592758462764323
3.784852607709751,703.47986,0.000262533692875877
3.8080725623582765,718.337,0.0003881489101331681
3.8312925170068026,725.19904,0.00046056622522883117
3.8545124716553287,738.3736,0.000437406066339463
3.877732426303855,753.91766,0.0004201819247100502
3.900952380952381,744.2735,0.0001389611861668527
3.924172335600907,712.3734,1.0174260751227848e-05
3.947392290249433,0.0,7.447551979566924e-07
3.9706122448979593,0.0,1.7638012650422752e-07
3.9938321995464854,0.0,3.688858669192996e-06
4.017052154195011,196.30418,0.00017280507017858326
4.040272108843538,725.39636,0.0003678281791508198
4.063492063492063,731.94354,0.0005858195363543928
4.08671201814059,1737.9348,0.000555131584405899
4.1099319727891155,730.0648,0.0005244436906650662
4.133151927437642,728.89044,0.0004736256960313767
4.156371882086168,724.2413,0.00015576128498651087
4.179591836734694,0.0,7.155175808293279e-06
4.20281179138322,0.0,1.453614459023811e-06
4.2260317460317465,0.0,5.345600584405474e-07
4.249251700680272,0.0,3.801314960583113e-07
4.272471655328799,25347.732,1.6306501493090764e-05
4.295691609977324,727.82733,7.8478769864887e-05
4.31891156462585,735.35675,0.0001481588406022638
4.342131519274377,734.59174,0.00017409426800440997
4.365351473922902,2022.4038,0.00020360708003863692
4.388571428571429,2104.7188,0.00020377029431983829
4.4117913832199545,2129.02,0.0001167675873148255
4.435011337868481,734.3111,4.8793433961691335e-05
4.458231292517007,0.0,9.833670446823817e-06
4.481451247165533,0.0,1.3764793038717471e-06
4.504671201814059,0.0,1.5347632142947987e-07
4.527891156462585,0.0,6.020400178385898e-08
4.551111111111111,0.0,3.817785909632221e-08
4.574331065759638,0.0,9.694545951788314e-06
4.597551020408163,708.993,0.0001025366727844812
4.62077097505669,738.9781,0.00021679094061255455
4.6439909297052155,739.86005,0.0002371384180150926
4.667210884353741,737.37646,0.00023579676053486764
4.690430839002268,737.79926,0.00023384153610095382
4.713650793650793,1660.3345,0.00020193801901768893
4.73687074829932,738.1724,0.00019184249686077237
4.760090702947846,732.76025,0.00011300452752038836
4.783310657596372,722.2274,1.9880790205206722e-05
4.806530612244898,0.0,2.1266705516609363e-06
4.829750566893424,0.0,3.9717633626423776e-07
4.85297052154195,0.0,2.2896892915014178e-07
4.876190476190477,0.0,8.448023436358199e-08
4.899410430839002,23220.188,1.5609224647050723e-05
4.922630385487529,730.889,8.764727681409568e-05
4.9458503401360545,740.67694,0.00012965977657586336
4.96907029478458,739.6892,0.00011756995809264481
4.992290249433107,723.02423,0.00017291515541728586
5.015510204081632,724.4753,0.0001959607470780611
5.038730158730159,728.2306,0.00018277896742802113
5.061950113378685,733.66327,0.00014691619435325265
5.085170068027211,738.83136,0.00011031814210582525
5.108390022675737,741.0991,3.1010902603156865e-05
5.131609977324263,0.0,4.702111255028285e-06
5.154829931972789,0.0,2.4023484002100304e-07
5.178049886621316,0.0,1.307380443904549e-07
5.201269841269841,0.0,8.855204214341938e-08
5.224489795918368,0.0,1.0083567758556455e-07
5.2477097505668935,0.0,4.931553121423349e-08
5.27092970521542,0.0,6.05781860940624e-06
5.294149659863946,137.22443,4.143675687373616e-05
5.317369614512471,738.90906,7.959499635035172e-05
5.340589569160998,738.00464,0.00011159337009303272
5.363809523809524,734.35535,0.00012483575846999884
5.38702947845805,727.9219,0.00012143664935138077
5.410249433106576,732.8675,8.699283353053033e-05
5.433469387755102,731.46136,9.443510498385876e-05
5.456689342403628,740.4737,0.00011853440082632005
5.479909297052155,736.6718,0.000119027252367232
5.50312925170068,736.78516,0.0001318603754043579
5.526349206349207,740.96844,0.00014278231537900865
5.5495691609977325,1679.5729,0.00015136096044443548
5.572789115646259,1647.7992,0.00014956912491470575
5.596009070294785,1705.3152,0.00017335164011456072
5.61922902494331,1640.5441,0.00016964427777566016
5.642448979591837,738.2973,0.00012203928781673312
5.6656689342403626,729.02527,8.593039092374966e-05
5.688888888888889,733.2593,7.92859063949436e-05
5.712108843537415,1643.9048,8.837884524837136e-05
5.735328798185941,1663.3641,0.00010212069901172072
5.758548752834467,734.3334,0.00011996940156677738
5.7817687074829935,740.1246,0.00011809552961494774
5.804988662131519,739.6565,0.00010794445552164689
5.828208616780046,733.64636,7.995936903171241e-05
5.851428571428571,1719.3759,6.0631908127106726e-05
5.874648526077098,1689.9498,4.320998414186761e-05
5.897868480725624,1644.5563,5.7453406043350697e-05
5.92108843537415,740.93427,8.461024845018983e-05
5.944308390022676,1749.498,5.790014984086156e-05
5.9675283446712015,1906.7273,5.865770799573511e-05
5.990748299319728,1764.6519,5.1450133469188586e-05
6.013968253968254,732.4895,5.6344848417211324e-05
6.03718820861678,1768.5879,3.2110405300045386e-05
6.060408163265306,1824.4265,1.7213571481988765e-05
6.0836281179138325,150.69514,1.4872843166813254e-05
6.106848072562358,152.94461,1.4356000065163244e-05
6.130068027210885,146.28542,1.5703255485277623e-05
6.15328798185941,141.41382,1.3663948266184889e-05
6.176507936507937,0.0,9.84977486950811e-06
6.199727891156463,214.21574,1.1092543900304008e-05
6.222947845804989,0.0,4.299599822843447e-06
6.246167800453515,0.0,2.647423571033869e-06
6.269387755102041,0.0,1.637302375456784e-06
6.292607709750567,0.0,2.142569428542629e-07
6.315827664399093,0.0,1.3426597433863208e-07
6.339047619047619,0.0,5.554102244786918e-08
6.362267573696145,0.0,6.693335308227688e-08
6.3854875283446715,0.0,7.25331119610928e-08
6.408707482993197,0.0,3.771219780901447e-08
6.431927437641724,0.0,3.409695636946708e-08
6.455147392290249,0.0,4.51727828476578e-08
6.478367346938776,0.0,4.4055923353880644e-08
6.501587301587302,0.0,5.612400855170563e-08
6.524807256235828,0.0,8.476672519464046e-08
6.548027210884354,0.0,1.3192220649216324e-08
