0.0,0.0,1.2268264981685206e-07
0.023219954648526078,0.0,1.8988066585734487e-07
0.046439909297052155,0.0,3.977065716753714e-07
0.06965986394557823,0.0,3.04969034914393e-07
0.09287981859410431,0.0,1.437156242900528e-07
0.11609977324263039,0.0,2.951946953544393e-07
0.13931972789115646,0.0,2.7235455490881577e-07
0.16253968253968254,0.0,2.5383451429661363e-07
0.18575963718820862,0.0,4.805506250704639e-07
0.2089795918367347,0.0,6.506115823867731e-07
0.23219954648526078,0.0,1.0400272003607824e-06
0.25541950113378686,0.0,1.0635785656631924e-06
0.2786394557823129,23332.277,1.2472596608859021e-05
0.301859410430839,160.86707,0.000113543079351075
0.3250793650793651,131.93784,0.00021144472702872008
0.3482993197278912,204.36877,0.00018601218471303582
0.37151927437641724,375.74377,0.00013597858196590096
0.3947392290249433,126.97466,7.523507520090789e-05
0.4179591836734694,125.50671,2.5740435376064852e-05
0.44117913832199546,0.0,6.270826816034969e-06
0.46439909297052157,0.0,1.511891241534613e-06
0.4876190476190476,0.0,5.182637323741801e-07
0.5108390022675737,0.0,5.777455953648314e-07
0.5340589569160998,0.0,2.943352228612639e-07
0.5572789115646258,27230.812,0.000185865763342008
0.5804988662131519,166.17668,0.0005158765707165003
0.603718820861678,167.4277,0.0005729629192501307
0.626938775510204,165.17775,0.0004007801762782037
0.6501587301587302,164.07683,0.0002932515344582498
0.6733786848072563,165.1822,0.000141453230753541
0.6965986394557824,163.62091,3.611916326917708e-05
0.7198185941043084,0.0,6.860973371658474e-06
0.7430385487528345,0.0,2.2952717699809e-06
0.7662585034013606,0.0,8.777797120274045e-07
0.7894784580498866,0.0,3.1930667319102213e-06
0.8126984126984127,88200.0,0.0005498318932950497
0.8359183673469388,213.73631,0.0005810883594676852
0.8591383219954649,206.63599,0.00046734994975849986
0.8823582766439909,202.15308,0.00038084457628428936
0.905578231292517,202.09833,0.00022759070270694792
0.9287981859410431,201.31612,9.650009451434016e-05
0.9520181405895691,0.0,3.4585536923259497e-06
0.9752380952380952,0.0,5.603897079708986e-07
0.9984580498866213,0.0,5.926276571699418e-07
1.0216780045351475,0.0,5.802849045721814e-07
1.0448979591836736,0.0,7.296466719708405e-07
1.0681179138321997,88199.94,0.0025353485252708197
1.0913378684807256,268.93085,0.005555230192840099
1.1145578231292517,260.78003,0.005422379821538925
1.1377777777777778,256.22247,0.005211507901549339
1.1609977324263039,257.60718,0.0037649548612535
1.18421768707483,265.128,0.002188194077461958
1.207437641723356,265.64984,0.00040372880175709724
1.2306575963718822,0.0,8.513570719514973e-06
1.253877551020408,0.0,5.315158887242433e-06
1.2770975056689342,0.0,1.221185812028125e-06
1.3003174603174603,0.0,7.586413630633615e-07
1.3235374149659864,275.98843,2.8743215807480738e-05
1.3467573696145125,230.14253,0.0007767541101202369
1.3699773242630386,208.06429,0.0007527784910053015
1.3931972789115648,202.13963,0.0006870636716485023
1.4164172335600906,199.52307,0.0005237006698735058
1.4396371882086167,198.89946,0.00018450646894052625
1.4628571428571429,192.25917,1.1349893611622974e-05
1.486077097505669,0.0,2.822671376634389e-06
1.509297052154195,0.0,1.3478893379215151e-06
1.5325170068027212,0.0,1.511534719611518e-07
1.5557369614512473,0.0,3.734230631380342e-07
1.5789569160997732,24702.287,0.0001709120551822707
1.6021768707482993,173.52243,0.00047652891953475773
1.6253968253968254,168.65617,0.0006519331363961101
1.6486167800453515,170.14825,0.0005835532210767269
1.6718367346938776,170.82816,0.0003303343546576798
1.6950566893424037,169.81906,0.00018521604943089187
1.7182766439909298,166.06749,0.00011325125524308532
1.7414965986394557,162.57187,3.786231900448911e-05
1.7647165532879818,164.43109,1.0264046068186872e-05
1.787936507936508,0.0,3.9845090213930234e-06
1.811156462585034,0.0,1.2191676432848908e-06
1.8343764172335602,0.0,1.3648577805724926e-06
1.8575963718820863,22817.062,5.774717647000216e-05
1.8808163265306124,150.09315,0.00012106374197173864
1.9040362811791383,137.13588,0.0001810937246773392
1.9272562358276644,138.1204,0.00020997023966629058
1.9504761904761905,135.81627,0.0001764597836881876
1.9736961451247166,134.02483,0.0001719029969535768
1.9969160997732427,134.5644,0.00018811551854014397
2.020136054421769,135.25386,0.00021927159104961902
2.043356009070295,134.46536,0.00022938469192013144
2.066575963718821,133.42676,0.00023031393357086927
2.089795918367347,133.4632,0.0002410509914625436
2.1130158730158732,133.18794,0.0002552592195570469
2.1362358276643993,132.61392,0.00023559140390716493
2.159455782312925,132.78647,0.00026296821306459606
2.182675736961451,132.81418,0.00024760590167716146
2.2058956916099772,133.18256,0.0002808851422742009
2.2291156462585033,277.7968,0.0002684979699552059
2.2523356009070294,132.53072,0.0002617274585645646
2.2755555555555556,133.1524,0.0002663810446392745
2.2987755102040817,282.80185,0.0002685511717572808
2.3219954648526078,132.93399,0.0002739068877417594
2.345215419501134,270.5461,0.00027945992769673467
2.36843537414966,283.12808,0.00029073673067614436
2.391655328798186,293.22595,0.0002925342123489827
2.414875283446712,285.92737,0.0002747239195741713
2.4380952380952383,133.34564,0.0002652951516211033
2.4613151927437644,133.78087,0.00028555263997986913
2.48453514739229,134.29805,0.00028122164076194167
2.507755102040816,134.3721,0.00010229694453300908
2.5309750566893423,0.0,8.894803613657132e-06
2.5541950113378684,0.0,6.012144694977906e-06
2.5774149659863945,0.0,3.457150342001114e-06
2.6006349206349206,0.0,4.667851499107201e-06
2.6238548752834467,0.0,2.4746350391069427e-06
2.647074829931973,0.0,2.487122401362285e-06
2.670294784580499,0.0,4.035588972328696e-06
2.693514739229025,0.0,2.666195541678462e-06
2.716734693877551,0.0,1.3633289199788123e-06
2.7399546485260773,0.0,1.035218701872509e-06
2.7631746031746034,0.0,9.160812624031678e-07
2.7863945578231295,0.0,1.3935768947703764e-06
2.809614512471655,0.0,1.105059709516354e-06
2.8328344671201813,0.0,5.86438545724377e-07
2.8560544217687074,0.0,6.17071236774791e-07
2.8792743764172335,0.0,6.964337444514968e-07
2.9024943310657596,0.0,5.582323865382932e-07
2.9257142857142857,0.0,3.2507159630768e-07
2.948934240362812,0.0,3.973136699642055e-07
2.972154195011338,0.0,1.6555350157432258e-07
2.995374149659864,0.0,6.60456862533465e-08
