0.0,0.0,9.888481145026162e-08
0.023219954648526078,0.0,2.99189196084626e-07
0.046439909297052155,0.0,3.2639763958286494e-07
0.06965986394557823,0.0,5.866404535481706e-07
0.09287981859410431,0.0,6.89135049469769e-07
0.11609977324263039,0.0,1.45697413245216e-07
0.13931972789115646,0.0,3.1707713787909597e-07
0.16253968253968254,0.0,9.507766662864015e-08
0.18575963718820862,0.0,5.5147484090412036e-06
0.2089795918367347,143.8161,2.0826833861065097e-05
0.23219954648526078,141.13583,2.8271540941204876e-05
0.25541950113378686,154.89166,4.890498166787438e-05
0.2786394557823129,171.99677,4.2247371311532333e-05
0.301859410430839,193.50687,3.0400253308471292e-05
0.3250793650793651,3630.5881,2.729982224991545e-05
0.3482993197278912,3441.1143,2.520389716664795e-05
0.37151927437641724,3347.183,1.5683453966630623e-05
0.3947392290249433,443.6234,1.690456883807201e-05
0.4179591836734694,442.124,2.373586903559044e-05
0.44117913832199546,436.5907,4.442142017069273e-05
0.46439909297052157,387.59152,5.459961903397925e-05
0.4876190476190476,389.12375,6.669484719168395e-05
0.5108390022675737,390.42206,5.6155047786887735e-05
0.5340589569160998,423.5219,5.724490256397985e-05
0.5572789115646258,507.3019,7.669069600524381e-05
0.5804988662131519,505.32037,9.927849168889225e-05
0.603718820861678,387.52414,0.0001274554233532399
0.626938775510204,391.19144,0.0001516742049716413
0.6501587301587302,384.22223,9.272382885683328e-05
0.6733786848072563,390.34177,8.00794514361769e-05
0.6965986394557824,491.74374,8.034503844100982e-05
0.7198185941043084,427.17682,0.00010544355609454215
0.7430385487528345,387.72485,0.0001389185490552336
0.7662585034013606,378.6846,0.00013401953037828207
0.7894784580498866,385.77695,7.285270112333819e-05
0.8126984126984127,391.2296,4.86218195874244e-05
0.8359183673469388,3620.5767,4.6455312258331105e-05
0.8591383219954649,3657.065,5.094505468150601e-05
0.8823582766439909,430.5288,7.511142030125484e-05
0.905578231292517,382.49545,8.360022911801934e-05
0.9287981859410431,371.065,6.963098712731153e-05
0.9520181405895691,384.3888,5.816879274789244e-05
0.9752380952380952,382.83618,5.9298399719409645e-05
0.9984580498866213,385.04407,7.084399840096012e-05
1.0216780045351475,384.68588,9.408220648765564e-05
1.0448979591836736,177.49391,8.868266741046682e-05
1.0681179138321997,173.68814,0.00017398217460140586
1.0913378684807256,391.58536,0.00019229590543545783
1.1145578231292517,512.1637,0.00023595111269969493
1.1377777777777778,509.9744,0.0002750801504589617
1.1609977324263039,494.80695,0.0002664717030711472
1.18421768707483,472.9903,0.00027654756559059024
1.207437641723356,496.04443,0.00029286538483574986
1.2306575963718822,489.09048,0.0005299533368088305
1.253877551020408,266.7236,0.0010004021460190415
1.2770975056689342,287.9269,0.0009167477255687118
1.3003174603174603,3106.8774,0.0005938829854130745
1.3235374149659864,3177.9387,0.0006444053142331541
1.3467573696145125,3038.2095,0.0011168316705152392
1.3699773242630386,3045.5598,0.0019088820554316044
1.3931972789115648,2923.8557,0.0029644686728715897
1.4164172335600906,298.5344,0.0019104768289253116
1.4396371882086167,279.3279,0.001737634651362896
1.4628571428571429,3090.0667,0.0016377187566831708
1.486077097505669,3122.11,0.002067598979920149
1.509297052154195,305.63287,0.00302855740301311
1.5325170068027212,293.55374,0.0026395092718303204
1.5557369614512473,2650.1023,0.0032511656172573566
1.5789569160997732,317.21915,0.004546303302049637
1.6021768707482993,307.60535,0.0038440905045717955
1.6253968253968254,309.60916,0.00317660765722394
1.6486167800453515,340.69794,0.0021347408182919025
1.6718367346938776,635.29987,0.0017913042102009058
1.6950566893424037,655.8372,0.003209110349416733
1.7182766439909298,2616.5718,0.0029829712584614754
1.7414965986394557,2608.1907,0.0022724776063114405
1.7647165532879818,2700.5486,0.001721572014503181
1.787936507936508,633.3777,0.005440292414277792
1.811156462585034,396.61017,0.007587432395666838
1.8343764172335602,403.14423,0.006571999751031399
1.8575963718820863,399.45294,0.006297691725194454
1.8808163265306124,396.13977,0.0056762066669762135
1.9040362811791383,401.83737,0.005313077941536903
1.9272562358276644,405.06396,0.008778555318713188
1.9504761904761905,423.8178,0.0130662452429533
1.9736961451247166,447.77686,0.012565230950713158
1.9969160997732427,474.52277,0.009681109338998795
2.020136054421769,437.27158,0.008656834252178669
2.043356009070295,449.70013,0.005793762393295765
2.066575963718821,484.13748,0.0074785747565329075
2.089795918367347,495.51663,0.006994456052780151
2.1130158730158732,494.01996,0.008657775819301605
2.1362358276643993,503.39758,0.0049448031932115555
2.159455782312925,431.69513,0.0036884548608213663
2.182675736961451,411.08112,0.003147076815366745
2.2058956916099772,410.6712,0.003839893499389291
2.2291156462585033,428.4234,0.004800107330083847
2.2523356009070294,374.3708,0.005010940134525299
2.2755555555555556,407.9003,0.003687518648803234
2.2987755102040817,629.77356,0.0024696483742445707
2.3219954648526078,664.84467,0.0037856888957321644
2.345215419501134,2972.535,0.00456898333504796
2.36843537414966,3024.2163,0.005833541974425316
2.391655328798186,3079.028,0.00564156100153923
2.414875283446712,2875.4895,0.0030686878599226475
2.4380952380952383,3018.6,0.002820508787408471
2.4613151927437644,2888.5134,0.0019843541085720062
2.48453514739229,2983.6306,0.0014955466613173485
2.507755102040816,660.246,0.0021470561623573303
2.5309750566893423,654.3667,0.0028022080659866333
2.5541950113378684,2951.833,0.0032111823093146086
2.5774149659863945,3058.3767,0.0025183111429214478
2.6006349206349206,3093.804,0.002514658262953162
2.6238548752834467,2974.7927,0.0020601321011781693
2.647074829931973,3244.6924,0.0021416409872472286
2.670294784580499,3071.7537,0.002378008561208844
2.693514739229025,3029.9146,0.0013974294997751713
2.716734693877551,3056.417,0.001448543043807149
2.7399546485260773,2982.3806,0.0016204479616135359
2.7631746031746034,3055.2053,0.0011099018156528473
2.7863945578231295,3037.756,0.001334599917754531
2.809614512471655,3043.184,0.0009626597166061401
2.8328344671201813,2993.7944,0.0006543994531966746
2.8560544217687074,501.08444,0.0006053477991372347
2.8792743764172335,3070.697,0.0008145780302584171
2.9024943310657596,2997.4329,0.0012757086660712957
2.9257142857142857,3049.6206,0.0007802271284162998
2.948934240362812,3026.254,0.0005943002761341631
2.972154195011338,3103.272,0.000458695983979851
2.995374149659864,505.12936,0.0004196364607196301
3.01859410430839,532.268,0.0004210542538203299
3.0418140589569163,3124.386,0.00037309020990505815
3.0650340136054424,410.789,0.00029240400181151927
3.0882539682539685,401.3321,0.00030891268397681415
3.1114739229024946,389.9018,0.0002691185218282044
3.1346938775510207,358.9397,0.00019328383496031165
3.1579138321995464,374.02148,0.00011351874854881316
3.1811337868480725,399.89093,0.00010140099038835615
3.2043537414965986,395.34143,0.00011566077591851354
3.2275736961451247,373.3347,0.00011352532601449639
3.250793650793651,373.83475,0.00011440322123235092
3.274013605442177,371.89923,0.00012197461910545826
3.297233560090703,372.99194,0.00012128395610488951
3.320453514739229,389.7786,0.00013337854761630297
3.3436734693877552,372.58014,0.00015013599477242678
3.3668934240362813,361.40265,0.00015996645379345864
3.3901133786848074,361.184,0.00017300923354923725
3.4133333333333336,367.12277,0.00015111551329027861
3.4365532879818597,374.97845,0.00011101018753834069
3.4597732426303858,389.8977,0.00010901464702328667
3.4829931972789114,394.14746,0.00014588535123039037
3.5062131519274375,378.88995,0.00018932957027573138
3.5294331065759637,362.29007,0.00018183107022196054
3.5526530612244898,364.908,0.0001634386571822688
3.575873015873016,373.6785,0.0001352655526716262
3.599092970521542,392.65054,0.00011339971388224512
3.622312925170068,389.51068,0.00014731325791217387
3.645532879818594,381.64594,0.0001656085078138858
3.6687528344671203,371.47147,0.00017086652223952115
3.6919727891156464,366.9928,0.00014756225573364645
3.7151927437641725,377.9563,0.00013001778279431164
3.7384126984126986,389.38348,0.00016045052325353026
3.7616326530612247,387.0811,0.00011349356645951048
3.784852607709751,389.7596,2.6027357307611965e-05
3.8080725623582765,187.07462,1.2190934285172261e-05
3.8312925170068026,0.0,4.159069248999003e-06
3.8545124716553287,0.0,5.66147718927823e-07
3.877732426303855,0.0,1.8595073925098404e-07
3.900952380952381,0.0,2.2017866285750642e-07
3.924172335600907,0.0,3.320237738080323e-07
3.947392290249433,0.0,4.1453586163697764e-07
3.9706122448979593,0.0,4.868988980888389e-07
3.9938321995464854,0.0,2.1323285182006657e-07
4.017052154195011,0.0,2.0213337847962976e-07
4.040272108843538,0.0,2.762744770734571e-07
4.063492063492063,0.0,2.7056466933572665e-07
4.08671201814059,0.0,4.062285370309837e-07
4.1099319727891155,0.0,2.850429154932499e-07
4.133151927437642,0.0,3.974309947807342e-08
4.156371882086168,0.0,7.403195922961459e-08
4.179591836734694,0.0,6.693426257697865e-08
4.20281179138322,0.0,9.255563782062382e-08
4.2260317460317465,0.0,1.5199293557088822e-07
4.249251700680272,0.0,6.037571438355371e-07
4.272471655328799,0.0,5.531228453037329e-07
4.295691609977324,0.0,4.0260511013912037e-07
4.31891156462585,0.0,1.326501660514623e-06
4.342131519274377,0.0,8.271499609691091e-07
4.365351473922902,0.0,8.579936547903344e-07
4.388571428571429,0.0,9.396881068823859e-07
4.4117913832199545,0.0,8.348943083547056e-07
4.435011337868481,0.0,1.247693035111297e-06
4.458231292517007,0.0,1.212673851114232e-06
4.481451247165533,0.0,2.050310285994783e-06
4.504671201814059,0.0,3.743883098650258e-06
4.527891156462585,0.0,4.2284682422177866e-07
