0.0,0.0,1.595726644154638e-07
0.023219954648526078,0.0,4.259163688402623e-08
0.046439909297052155,0.0,7.112612365745008e-08
0.06965986394557823,0.0,5.528363544726744e-08
0.09287981859410431,0.0,1.6781177691882476e-07
0.11609977324263039,23666.414,1.9446682927082293e-05
0.13931972789115646,150.90022,9.272590250475332e-05
0.16253968253968254,121.964836,0.00026829293346963823
0.18575963718820862,259.04147,0.0004288196796551347
0.2089795918367347,278.85886,0.0004978708457201719
0.23219954648526078,273.67596,0.00031209143344312906
0.25541950113378686,280.49786,0.00036067242035642266
0.2786394557823129,260.64493,0.0003441633307375014
0.301859410430839,279.3588,0.00022278611140791327
0.3250793650793651,326.45648,0.0002034736389759928
0.3482993197278912,156.73839,0.00020015164045616984
0.37151927437641724,159.07924,0.00019847735529765487
0.3947392290249433,158.71777,0.00025745935272425413
0.4179591836734694,161.64641,0.000515419989824295
0.44117913832199546,333.92117,0.0008107137400656939
0.46439909297052157,343.82828,0.0007979994989000261
0.4876190476190476,344.38773,0.0005949096521362662
0.5108390022675737,168.10558,0.0005374460597522557
0.5340589569160998,170.85489,0.0004884181544184685
0.5572789115646258,356.7748,0.0002936823875643313
0.5804988662131519,196.76913,0.0002806702977977693
0.603718820861678,223.83783,0.0003530497779138386
0.626938775510204,227.93437,0.0004234715015627444
0.6501587301587302,207.67126,0.0006467928760685027
0.6733786848072563,401.78607,0.0006766199367120862
0.6965986394557824,397.2491,0.0004207866149954498
0.7198185941043084,407.0585,0.0003428329073358327
0.7430385487528345,244.88821,0.000579426996409893
0.7662585034013606,282.548,0.0008991438080556691
0.7894784580498866,293.72678,0.0015655250754207373
0.8126984126984127,296.1433,0.001703352201730013
0.8359183673469388,260.0705,0.0015130413230508566
0.8591383219954649,324.59448,0.0010690201306715608
0.8823582766439909,284.1277,0.0010666272137314081
0.905578231292517,321.75742,0.0006875752005726099
0.9287981859410431,324.27576,0.0005137961125001311
0.9520181405895691,276.97986,0.00045856228098273277
0.9752380952380952,233.24757,0.0006815921515226364
0.9984580498866213,203.32886,0.0007752507226541638
1.0216780045351475,191.10213,0.0005676758009940386
1.0448979591836736,204.73949,0.0004742393794003874
1.0681179138321997,194.84656,0.0004195105575490743
1.0913378684807256,190.11671,0.0004803135816473514
1.1145578231292517,338.52017,0.00029504456324502826
1.1377777777777778,152.67824,0.00022680118854623288
1.1609977324263039,155.97989,0.0003277187352068722
1.18421768707483,336.4963,0.0006818934343755245
1.207437641723356,342.67612,0.0008582108421251178
1.2306575963718822,344.58902,0.00070803432026878
1.253877551020408,326.4377,0.0003460759180597961
1.2770975056689342,292.34903,0.00033814809285104275
1.3003174603174603,121.65797,0.0002830290759447962
1.3235374149659864,121.89232,0.00038070467417128384
1.3467573696145125,128.27745,0.0003584324149414897
1.3699773242630386,267.44354,0.0005059114191681147
1.3931972789115648,277.13528,0.0005074974615126848
1.4164172335600906,278.6978,0.0005077242385596037
1.4396371882086167,264.10635,0.0004082376544829458
1.4628571428571429,286.46848,0.00028295122319832444
1.486077097505669,126.73772,0.00024177330487873405
1.509297052154195,130.23105,0.0003138986648991704
1.5325170068027212,283.20374,0.00038280634908005595
1.5557369614512473,281.50986,0.000331329763866961
1.5789569160997732,289.25607,0.0003206600376870483
1.6021768707482993,333.70673,0.00029815538437105715
1.6253968253968254,330.94077,0.000223315175389871
1.6486167800453515,344.4964,0.00021113772527314723
1.6718367346938776,342.58948,9.176202001981437e-05
1.6950566893424037,120.34938,0.00012988033995497972
1.7182766439909298,127.248505,6.328265590127558e-05
1.7414965986394557,141.47198,1.0633877536747605e-05
1.7647165532879818,0.0,1.3845292414771393e-06
1.787936507936508,0.0,2.273927748319693e-07
1.811156462585034,0.0,2.923497959272936e-07
1.8343764172335602,0.0,2.5657573132775724e-07
1.8575963718820863,0.0,8.357073966180906e-08
1.8808163265306124,0.0,5.737365427194163e-08
