0.0,0.0,4.2439660319359973e-07
0.023219954648526078,0.0,3.969234967371449e-07
0.046439909297052155,0.0,5.524052539840341e-07
0.06965986394557823,0.0,6.342534106806852e-07
0.09287981859410431,0.0,7.97763277660124e-07
0.11609977324263039,23445.76,1.655790583754424e-05
0.13931972789115646,133.95137,0.0002249807002954185
0.16253968253968254,446.54416,0.0006634809542447329
0.18575963718820862,404.1327,0.0011021529790014029
0.2089795918367347,413.28186,0.0009515359997749329
0.23219954648526078,422.11472,0.000621891813352704
0.25541950113378686,423.21793,0.00047113143955357373
0.2786394557823129,450.79758,0.0003390861093066633
0.301859410430839,450.61453,0.0006196584436111152
0.3250793650793651,441.4745,0.0012565113138407469
0.3482993197278912,440.56738,0.0027398429811000824
0.37151927437641724,454.8055,0.0028705368749797344
0.3947392290249433,463.71402,0.0016824521590024233
0.4179591836734694,448.9298,0.0006726891733705997
0.44117913832199546,436.76312,0.0004932268057018518
0.46439909297052157,425.80646,0.000747550162486732
0.4876190476190476,444.08255,0.0010680563282221556
0.5108390022675737,466.213,0.0020435298793017864
0.5340589569160998,476.14618,0.0023974268697202206
0.5572789115646258,474.06357,0.0022506355307996273
0.5804988662131519,467.69736,0.0024259178899228573
0.603718820861678,476.0888,0.0023317832965403795
0.626938775510204,480.56375,0.001985233975574374
0.6501587301587302,475.576,0.001080466783605516
0.6733786848072563,471.66272,0.0009874252136796713
0.6965986394557824,460.34628,0.0023966627195477486
0.7198185941043084,466.8475,0.0024694320745766163
0.7430385487528345,849.0129,0.0020391521975398064
0.7662585034013606,471.62762,0.002454255009070039
0.7894784580498866,466.03854,0.003279035910964012
0.8126984126984127,457.43805,0.0012488403590396047
0.8359183673469388,440.48798,0.0015225647948682308
0.8591383219954649,411.8571,0.0018757737707346678
0.8823582766439909,420.95996,0.0011634647380560637
0.905578231292517,418.8059,0.001913510262966156
0.9287981859410431,498.3134,0.003829333931207657
0.9520181405895691,470.07803,0.0019886346999555826
0.9752380952380952,448.3124,0.00493242871016264
0.9984580498866213,451.1326,0.007162219379097223
1.0216780045351475,470.69772,0.007756599225103855
1.0448979591836736,477.0148,0.008445855230093002
1.0681179138321997,457.48264,0.005761453881859779
1.0913378684807256,311.8349,0.0049807969480752945
1.1145578231292517,222.9995,0.0051279147155582905
1.1377777777777778,477.3789,0.006330339703708887
1.1609977324263039,536.062,0.007386138662695885
1.18421768707483,533.6649,0.005115666892379522
1.207437641723356,511.36142,0.007124289404600859
1.2306575963718822,782.2162,0.006392277777194977
1.253877551020408,350.57675,0.004837774205952883
1.2770975056689342,523.8812,0.012044530361890793
1.3003174603174603,1061.6473,0.01274339109659195
1.3235374149659864,1077.3278,0.007086970843374729
1.3467573696145125,523.7002,0.0034380415454506874
1.3699773242630386,254.07135,0.004083346575498581
1.3931972789115648,532.78656,0.008064999245107174
1.4164172335600906,565.8103,0.018624940887093544
1.4396371882086167,640.12317,0.023800617083907127
1.4628571428571429,647.1997,0.011767037212848663
1.486077097505669,611.81213,0.006741871125996113
1.509297052154195,1083.736,0.0038648475892841816
1.5325170068027212,260.75635,0.004638198763132095
1.5557369614512473,560.68054,0.0045942626893520355
1.5789569160997732,616.6565,0.0036617990117520094
1.6021768707482993,570.6376,0.00437899399548769
1.6253968253968254,557.60895,0.004951045848429203
1.6486167800453515,701.9285,0.004957091994583607
1.6718367346938776,684.7405,0.002884772140532732
1.6950566893424037,260.1136,0.0042864494025707245
1.7182766439909298,548.2767,0.0048492481000721455
1.7414965986394557,1066.6874,0.0027664247900247574
1.7647165532879818,366.5333,0.004535870626568794
1.787936507936508,680.07,0.00457408744841814
1.811156462585034,662.99164,0.0031607290729880333
1.8343764172335602,743.71704,0.0021899305284023285
1.8575963718820863,250.89188,0.0023391058202832937
1.8808163265306124,243.11877,0.00450378842651844
1.9040362811791383,694.08405,0.0038465196266770363
1.9272562358276644,560.0055,0.004309681244194508
1.9504761904761905,571.30164,0.0040801167488098145
1.9736961451247166,665.52856,0.004648501984775066
1.9969160997732427,742.41595,0.004179915878921747
2.020136054421769,760.84106,0.0034141973592340946
2.043356009070295,644.8331,0.002544670831412077
2.066575963718821,554.4686,0.002192419022321701
2.089795918367347,499.44138,0.0020772074349224567
2.1130158730158732,200.31876,0.0027410066686570644
2.1362358276643993,601.66797,0.002371962880715728
2.159455782312925,560.4136,0.004434407688677311
2.182675736961451,512.4192,0.002493551466614008
2.2058956916099772,606.3143,0.0023411873262375593
2.2291156462585033,563.4741,0.0032200319692492485
2.2523356009070294,539.13605,0.0028944737277925014
2.2755555555555556,535.1824,0.0030580824241042137
2.2987755102040817,530.9539,0.0030848789028823376
2.3219954648526078,534.5611,0.0013479834888130426
2.345215419501134,486.49454,0.0013867088127881289
2.36843537414966,499.62198,0.002993852598592639
2.391655328798186,523.68915,0.004040105268359184
2.414875283446712,514.36554,0.003706888761371374
2.4380952380952383,514.22076,0.00189595902338624
2.4613151927437644,490.66696,0.001364520052447915
2.48453514739229,507.82355,0.0015024917665868998
2.507755102040816,524.5861,0.0013739382848143578
2.5309750566893423,529.8166,0.0014007934369146824
2.5541950113378684,532.0585,0.0012835520319640636
2.5774149659863945,286.9758,0.001347159966826439
2.6006349206349206,512.6393,0.0014671729877591133
2.6238548752834467,513.67487,0.0006663805106654763
2.647074829931973,475.75296,0.0006336922524496913
2.670294784580499,495.58493,0.000642487604636699
2.693514739229025,481.68744,0.0011906761210411787
2.716734693877551,487.53528,0.0014151742216199636
2.7399546485260773,516.0206,0.0009497945429757237
2.7631746031746034,516.9742,0.0010441383346915245
2.7863945578231295,511.1567,0.0012642225483432412
2.809614512471655,487.737,0.0008357023471035063
2.8328344671201813,452.98868,0.0007260834099724889
2.8560544217687074,459.44983,0.000729417079128325
2.8792743764172335,486.5167,0.000745418481528759
2.9024943310657596,135.80345,0.0006068159709684551
2.9257142857142857,408.04932,0.00030361415701918304
2.948934240362812,269.8279,7.601776451338083e-05
2.972154195011338,112.642075,1.902698386402335e-05
2.995374149659864,0.0,1.3817316357744858e-06
3.01859410430839,0.0,1.1116862879134715e-06
3.0418140589569163,0.0,1.5302248357329518e-07
3.0650340136054424,0.0,9.757786756381392e-08
