0.0,0.0,5.410684025264345e-07
0.023219954648526078,0.0,3.4232834877911955e-07
0.046439909297052155,0.0,1.8110222299583256e-07
0.06965986394557823,0.0,4.094108589924872e-07
0.09287981859410431,0.0,2.8039539756719023e-07
0.11609977324263039,0.0,8.304814400617033e-07
0.13931972789115646,0.0,8.116558092297055e-07
0.16253968253968254,0.0,4.357261786935851e-07
0.18575963718820862,1044.1399,0.00034591820440255105
0.2089795918367347,708.7509,0.005425640847533941
0.23219954648526078,739.5864,0.010870268568396568
0.25541950113378686,741.7413,0.014058376662433147
0.2786394557823129,748.6685,0.007789927069097757
0.301859410430839,767.26855,0.003708952572196722
0.3250793650793651,776.33575,0.007031436078250408
0.3482993197278912,758.00415,0.012419994920492172
0.37151927437641724,734.43024,0.006560273934155703
0.3947392290249433,763.37366,0.005820452235639095
0.4179591836734694,826.2122,0.008681043982505798
0.44117913832199546,733.0806,0.011221976950764656
0.46439909297052157,713.6368,0.00750489067286253
0.4876190476190476,729.85315,0.0036923643201589584
0.5108390022675737,767.73615,0.0041739800944924355
0.5340589569160998,676.4899,0.007458558771759272
0.5572789115646258,641.3466,0.012227313593029976
0.5804988662131519,643.8608,0.014857932925224304
0.603718820861678,641.4477,0.010127270594239235
0.626938775510204,658.5401,0.003823852865025401
0.6501587301587302,763.66797,0.006269046105444431
0.6733786848072563,665.30176,0.008613982237875462
0.6965986394557824,672.10535,0.0050338516011834145
0.7198185941043084,770.0846,0.005870969500392675
0.7430385487528345,769.312,0.008934501558542252
0.7662585034013606,701.0244,0.007278623059391975
0.7894784580498866,665.80615,0.006962040439248085
0.8126984126984127,671.1559,0.003016469534486532
0.8359183673469388,768.6602,0.0053376248106360435
0.8591383219954649,562.81885,0.010739368386566639
0.8823582766439909,569.49994,0.00836506113409996
0.905578231292517,1054.955,0.006577881518751383
0.9287981859410431,808.2932,0.007601602468639612
0.9520181405895691,757.2203,0.004286025185137987
0.9752380952380952,814.05646,0.010305576957762241
0.9984580498866213,607.43463,0.02194357104599476
1.0216780045351475,635.2595,0.023808874189853668
1.0448979591836736,641.9757,0.018312569707632065
1.0681179138321997,623.43335,0.015225515700876713
1.0913378684807256,606.1098,0.009076736867427826
1.1145578231292517,604.76984,0.014787964522838593
1.1377777777777778,631.2337,0.034620486199855804
1.1609977324263039,672.7568,0.0531768724322319
1.18421768707483,678.35944,0.03337714448571205
1.207437641723356,664.3295,0.011691603809595108
1.2306575963718822,641.3614,0.00961991585791111
1.253877551020408,623.2927,0.015182467177510262
1.2770975056689342,652.7927,0.052828505635261536
1.3003174603174603,687.96906,0.05569925904273987
1.3235374149659864,706.9688,0.0442260280251503
1.3467573696145125,703.14764,0.04940729960799217
1.3699773242630386,689.47375,0.0424082949757576
1.3931972789115648,676.322,0.031822703778743744
1.4164172335600906,688.7537,0.04144397750496864
1.4396371882086167,731.78625,0.048486195504665375
1.4628571428571429,779.5074,0.0688198059797287
1.486077097505669,794.3891,0.06593918800354004
1.509297052154195,784.4713,0.06588508188724518
1.5325170068027212,761.21765,0.05270983651280403
1.5557369614512473,731.6258,0.05477045476436615
1.5789569160997732,734.65186,0.042425487190485
1.6021768707482993,760.34814,0.04050051420927048
1.6253968253968254,763.62427,0.0452185794711113
1.6486167800453515,742.04315,0.04453495889902115
1.6718367346938776,700.21344,0.017521752044558525
1.6950566893424037,631.16693,0.021784678101539612
1.7182766439909298,669.98627,0.04947720468044281
1.7414965986394557,690.6185,0.04085960611701012
1.7647165532879818,705.4471,0.028481919318437576
1.787936507936508,689.8499,0.01559491828083992
1.811156462585034,650.9199,0.00545855239033699
1.8343764172335602,633.0236,0.006716124713420868
1.8575963718820863,623.9273,0.013704684562981129
1.8808163265306124,663.4936,0.025515764951705933
1.9040362811791383,666.4217,0.01409453060477972
1.9272562358276644,654.543,0.007170853205025196
1.9504761904761905,630.0982,0.004620613530278206
1.9736961451247166,274.96542,0.004114380571991205
1.9969160997732427,277.8429,0.005717921070754528
2.020136054421769,618.2855,0.010168907232582569
2.043356009070295,618.63855,0.009809428825974464
2.066575963718821,611.3171,0.005487377289682627
2.089795918367347,624.42395,0.004536914173513651
2.1130158730158732,805.1989,0.0052823820151388645
2.1362358276643993,726.9662,0.0033689546398818493
2.159455782312925,779.0877,0.0031956625171005726
2.182675736961451,280.71445,0.003887777216732502
2.2058956916099772,604.6401,0.004589756950736046
2.2291156462585033,794.48615,0.010388442315161228
2.2523356009070294,706.03595,0.006094120442867279
2.2755555555555556,674.6845,0.004015946760773659
2.2987755102040817,697.82965,0.009818471036851406
2.3219954648526078,680.0519,0.012778352946043015
2.345215419501134,690.2325,0.01013757660984993
2.36843537414966,683.4447,0.002829850884154439
2.391655328798186,701.9254,0.002198358066380024
2.414875283446712,738.95355,0.0018432473298162222
2.4380952380952383,766.0269,0.00240228115580976
2.4613151927437644,673.63617,0.00357408681884408
2.48453514739229,685.5786,0.0026958261150866747
2.507755102040816,700.6842,0.0018489479552954435
2.5309750566893423,704.8576,0.001484361244365573
2.5541950113378684,746.6236,0.002398107200860977
2.5774149659863945,735.07526,0.0020023055840283632
2.6006349206349206,739.0988,0.0016135083278641105
2.6238548752834467,743.81683,0.0013914157170802355
2.647074829931973,788.58984,0.0014193542301654816
2.670294784580499,730.7436,0.002233280800282955
2.693514739229025,703.8004,0.002001100452616811
2.716734693877551,704.69794,0.0012362977722659707
2.7399546485260773,676.435,0.00224479753524065
2.7631746031746034,675.2985,0.004851208068430424
2.7863945578231295,672.9327,0.0041350992396473885
2.809614512471655,685.8187,0.004339589271694422
2.8328344671201813,681.9652,0.004920369945466518
2.8560544217687074,672.05743,0.0044014062732458115
2.8792743764172335,660.881,0.0038108685985207558
2.9024943310657596,660.8499,0.003925731405615807
2.9257142857142857,669.8544,0.004078627098351717
2.948934240362812,677.3351,0.001944947987794876
2.972154195011338,735.53595,0.003051252104341984
2.995374149659864,728.3711,0.0024348911829292774
3.01859410430839,687.7685,0.002938751829788089
3.0418140589569163,666.0821,0.0013333768583834171
3.0650340136054424,685.1298,0.0008553052321076393
3.0882539682539685,650.0662,0.001323323929682374
3.1114739229024946,660.01843,0.001400706940330565
3.1346938775510207,705.73553,0.001093893893994391
3.1579138321995464,743.557,0.001558990916237235
3.1811337868480725,681.02875,0.002344513311982155
3.2043537414965986,658.76385,0.0010642057750374079
3.2275736961451247,668.4014,0.00048205332132056355
3.250793650793651,686.03723,0.00011075371003244072
3.274013605442177,233.57085,1.376058116875356e-05
3.297233560090703,0.0,3.931912033294793e-06
3.320453514739229,0.0,7.608405212522484e-07
3.3436734693877552,0.0,3.748200469999574e-07
3.3668934240362813,0.0,2.8035810828441754e-07
3.3901133786848074,0.0,1.615517248865217e-07
3.4133333333333336,0.0,2.6036559575004503e-07
3.4365532879818597,0.0,2.150491127395071e-07
3.4597732426303858,0.0,7.641256161150523e-07
3.4829931972789114,0.0,7.619701136718504e-07
3.5062131519274375,0.0,3.2333718991139904e-07
