0.0,0.0,1.1018528311979026e-08
0.023219954648526078,0.0,8.422830433119088e-09
0.046439909297052155,0.0,8.905772119760513e-09
0.06965986394557823,0.0,1.2139025784563273e-08
0.09287981859410431,0.0,1.0237818059977144e-06
0.11609977324263039,527.6214,3.737593215191737e-05
0.13931972789115646,538.7265,8.752774738240987e-05
0.16253968253968254,540.10596,0.0001427067327313125
0.18575963718820862,542.14386,0.00015888450434431434
0.2089795918367347,548.25507,0.00019525529933162034
0.23219954648526078,548.81665,0.00020221504382789135
0.25541950113378686,550.6407,0.0002207907527917996
0.2786394557823129,543.254,0.00018465262837707996
0.301859410430839,555.98975,0.00017765318625606596
0.3250793650793651,552.2327,0.0001708058116491884
0.3482993197278912,548.06366,0.00012838849215768278
0.37151927437641724,548.03,0.00012834861990995705
0.3947392290249433,760.2746,0.00016074180894065648
0.4179591836734694,766.6454,0.00018682342488318682
0.44117913832199546,1978.2712,0.0002494251821190119
0.46439909297052157,1844.6677,0.00017886076238937676
0.4876190476190476,2113.6191,0.00020865527039859444
0.5108390022675737,2125.773,0.00020662599126808345
0.5340589569160998,2176.0413,0.0001788296503946185
0.5572789115646258,2122.5095,0.00019314860401209444
0.5804988662131519,759.2236,0.0003135698498226702
0.603718820861678,547.218,0.0002610707306303084
0.626938775510204,750.833,0.0002941172569990158
0.6501587301587302,759.267,0.0003536010626703501
0.6733786848072563,762.93774,0.00039037675014697015
0.6965986394557824,2245.6382,0.0004134023911319673
0.7198185941043084,2210.7698,0.00040722268749959767
0.7430385487528345,2217.4656,0.0004922060761600733
0.7662585034013606,2199.3452,0.0004334023979026824
0.7894784580498866,2155.7495,0.00047774246195331216
0.8126984126984127,748.3331,0.0004334127006586641
0.8359183673469388,742.14655,0.00044318605796433985
0.8591383219954649,728.6415,0.0010499742347747087
0.8823582766439909,743.44434,0.0013269172050058842
0.905578231292517,518.50323,0.0017497010994702578
0.9287981859410431,521.11975,0.0017809324199333787
0.9520181405895691,542.3916,0.0022389269433915615
0.9752380952380952,533.48785,0.0031097102910280228
0.9984580498866213,535.87274,0.0028492016717791557
1.0216780045351475,545.9268,0.002505277283489704
1.0448979591836736,746.0257,0.002172245644032955
1.0681179138321997,736.2024,0.0010823365300893784
1.0913378684807256,744.93317,0.0008355232421308756
1.1145578231292517,743.84143,0.00045086449244990945
1.1377777777777778,737.1994,0.0005033728666603565
1.1609977324263039,727.2607,0.0005479247192852199
1.18421768707483,730.84247,0.0005670662503689528
1.207437641723356,726.6271,0.0004955739132128656
1.2306575963718822,727.60266,0.00046008883509784937
1.253877551020408,740.948,0.0007017608731985092
1.2770975056689342,729.20917,0.00043971752165816724
1.3003174603174603,746.61957,0.00041472932207398117
1.3235374149659864,744.8286,0.00034256905200891197
1.3467573696145125,742.36615,0.0003307420411147177
1.3699773242630386,545.9537,0.0005213976255618036
1.3931972789115648,534.73126,0.0005724291549995542
1.4164172335600906,539.24713,0.0004181952099315822
1.4396371882086167,543.8858,0.00034668436273932457
1.4628571428571429,544.01117,0.0003326828882563859
1.486077097505669,740.87415,0.00023373731528408825
1.509297052154195,747.0813,0.00017793626466300339
1.5325170068027212,546.15717,0.0002492991043254733
1.5557369614512473,537.1227,0.00015149972750805318
1.5789569160997732,518.9133,0.00015117600560188293
1.6021768707482993,533.87695,0.00020971594494767487
1.6253968253968254,529.1212,0.00020528971799649298
1.6486167800453515,536.3185,0.00019824964692816138
1.6718367346938776,729.4501,0.00018340095994062722
1.6950566893424037,733.07355,0.00017823479720391333
1.7182766439909298,733.3858,0.00018486654153093696
1.7414965986394557,726.2155,0.0001728097122395411
1.7647165532879818,530.61896,0.00015958718722686172
1.787936507936508,531.45435,0.00015370643814094365
1.811156462585034,715.6275,0.0001072629529517144
1.8343764172335602,730.3788,9.873046656139195e-05
1.8575963718820863,528.9322,9.500436135567725e-05
1.8808163265306124,533.27264,8.889407035894692e-05
1.9040362811791383,525.4337,9.328655141871423e-05
1.9272562358276644,532.4159,8.223578333854675e-05
1.9504761904761905,528.2249,7.457142055500299e-05
1.9736961451247166,525.93787,4.599846215569414e-05
1.9969160997732427,531.87634,2.4728404241614044e-05
2.020136054421769,145.52693,1.529689325252548e-05
2.043356009070295,0.0,5.401913767855149e-06
2.066575963718821,0.0,1.4940824257791974e-06
2.089795918367347,0.0,1.1572956282179803e-07
2.1130158730158732,0.0,3.0964656616561115e-08
2.1362358276643993,0.0,2.5842382456175983e-08
2.159455782312925,0.0,1.5104888007044792e-08
2.182675736961451,0.0,1.6810190572869033e-08
2.2058956916099772,0.0,1.0168150765821338e-08
