0.0,0.0,1.2113559932913631e-08
0.023219954648526078,0.0,1.4223587641026825e-08
0.046439909297052155,0.0,1.9891558622475713e-08
0.06965986394557823,0.0,1.3512362784240395e-08
0.09287981859410431,0.0,1.0674739314708859e-08
0.11609977324263039,0.0,1.1064912541769445e-08
0.13931972789115646,22545.73,1.9548358977772295e-05
0.16253968253968254,613.00464,0.0001182393534691073
0.18575963718820862,671.4501,0.00020539434626698494
0.2089795918367347,679.9264,0.0001946177362697199
0.23219954648526078,673.34143,0.00023218522255774587
0.25541950113378686,669.22144,0.0002419951488263905
0.2786394557823129,665.89435,0.0002942152204923332
0.301859410430839,611.87103,0.0002700702170841396
0.3250793650793651,572.3272,0.00029233930399641395
0.3482993197278912,583.35785,0.0003133728459943086
0.37151927437641724,663.81726,0.00029084444395266473
0.3947392290249433,630.8364,0.00034035913995467126
0.4179591836734694,693.5591,0.0004702630976680666
0.44117913832199546,584.2418,0.0005841125384904444
0.46439909297052157,670.4172,0.000540552253369242
0.4876190476190476,686.62885,0.0006371238268911839
0.5108390022675737,687.43024,0.0007462581852450967
0.5340589569160998,677.27136,0.000753842992708087
0.5572789115646258,607.6932,0.000790907652117312
0.5804988662131519,579.1829,0.0009487419156357646
0.603718820861678,672.74567,0.000863368739373982
0.626938775510204,719.8248,0.0004946483531966805
0.6501587301587302,274.2647,0.0006819138070568442
0.6733786848072563,704.996,0.0007897141622379422
0.6965986394557824,994.5671,0.0008565742755308747
0.7198185941043084,969.9875,0.0008940546540543437
0.7430385487528345,890.5164,0.0012275481130927801
0.7662585034013606,730.44934,0.0011786561226472259
0.7894784580498866,737.25275,0.0014227150240913033
0.8126984126984127,576.4521,0.0018535414710640907
0.8359183673469388,718.9553,0.0008594406535848975
0.8591383219954649,808.61847,0.001173354801721871
0.8823582766439909,1003.7412,0.0017280940664932132
0.905578231292517,1067.1755,0.0018766997382044792
0.9287981859410431,1062.5675,0.0020885600242763758
0.9520181405895691,1061.8813,0.0023864279501140118
0.9752380952380952,1074.7365,0.002313003409653902
0.9984580498866213,1072.3475,0.0021645380184054375
1.0216780045351475,1052.1864,0.001708412659354508
1.0448979591836736,758.9394,0.0036113744135946035
1.0681179138321997,695.6612,0.0026703951880335808
1.0913378684807256,721.78973,0.002919195918366313
1.1145578231292517,731.8698,0.0010527262929826975
1.1377777777777778,1002.0016,0.0013336179545149207
1.1609977324263039,714.9576,0.001318668364547193
1.18421768707483,535.59753,0.001148344250395894
1.207437641723356,535.63257,0.0011870425660163164
1.2306575963718822,776.9059,0.001256952527910471
1.253877551020408,725.24225,0.0026243722531944513
1.2770975056689342,728.3356,0.0020168153569102287
1.3003174603174603,692.0948,0.0015091763343662024
1.3235374149659864,920.16925,0.0012471635127440095
1.3467573696145125,869.70325,0.0012779003009200096
1.3699773242630386,885.8465,0.0013983274111524224
1.3931972789115648,575.26,0.0014282645424827933
1.4164172335600906,610.8171,0.0012325048446655273
1.4396371882086167,613.1367,0.0013691573403775692
1.4628571428571429,617.55316,0.001291343942284584
1.486077097505669,985.6145,0.0008492429042235017
1.509297052154195,689.11005,0.0008257761946879327
1.5325170068027212,653.8471,0.0007146624848246574
1.5557369614512473,700.5471,0.0004928043344989419
1.5789569160997732,655.29114,0.0004632005875464529
1.6021768707482993,618.32135,0.0004164684214629233
1.6253968253968254,622.80396,0.0004148790321778506
1.6486167800453515,635.8825,0.00042591572855599225
1.6718367346938776,636.7541,0.0003995657607447356
1.6950566893424037,645.242,0.00038838916225358844
1.7182766439909298,645.45074,0.00037094258004799485
1.7414965986394557,666.3652,0.0003469239454716444
1.7647165532879818,679.3487,0.00028550077695399523
1.787936507936508,681.0277,0.0002861588727682829
1.811156462585034,675.4566,0.000256716477451846
1.8343764172335602,664.30273,0.00024539808509871364
1.8575963718820863,664.7081,0.00022091719438321888
1.8808163265306124,655.1992,0.00018146171350963414
1.9040362811791383,658.7588,0.00014754121366422623
1.9272562358276644,654.95135,0.00016659387620165944
1.9504761904761905,649.94147,5.678584784618579e-05
1.9736961451247166,0.0,2.209985723311547e-06
1.9969160997732427,0.0,2.6706675271270797e-07
2.020136054421769,0.0,4.676076059695333e-08
2.043356009070295,0.0,2.5172994355671108e-08
2.066575963718821,0.0,1.6039848560467362e-08
2.089795918367347,0.0,1.1792508303187788e-08
2.1130158730158732,0.0,1.909211277961731e-08
2.1362358276643993,0.0,1.2410964700393379e-08
2.159455782312925,0.0,1.9525941752362996e-08
2.182675736961451,0.0,1.1964402801822871e-08
