0.0,0.0,3.8447069528046995e-08
0.023219954648526078,0.0,1.2835062079830095e-07
0.046439909297052155,0.0,1.2063719623256475e-07
0.06965986394557823,0.0,1.631678969715722e-07
0.09287981859410431,0.0,7.38737071515061e-08
0.11609977324263039,0.0,4.627599992090836e-08
0.13931972789115646,0.0,2.4885594029910862e-08
0.16253968253968254,0.0,1.0789062798721716e-07
0.18575963718820862,23090.137,1.502037684986135e-05
0.2089795918367347,2890.5024,7.776850543450564e-05
0.23219954648526078,2811.5784,0.00011873319454025477
0.25541950113378686,272.26385,0.00021298609499353915
0.2786394557823129,254.4473,0.00024774816120043397
0.301859410430839,272.72787,0.00028149160789325833
0.3250793650793651,269.03516,0.000318547070492059
0.3482993197278912,315.998,0.0003088020021095872
0.37151927437641724,2550.5908,0.0003528023371472955
0.3947392290249433,276.4371,0.0004490406718105078
0.4179591836734694,309.55264,0.00027904624585062265
0.44117913832199546,309.87302,0.00030483939917758107
0.46439909297052157,374.87946,0.0004022665088996291
0.4876190476190476,374.80493,0.0003880659060087055
0.5108390022675737,2645.87,0.00045236421283334494
0.5340589569160998,2643.7432,0.00041061826050281525
0.5572789115646258,2628.8467,0.00030627925298176706
0.5804988662131519,379.51443,0.00014277739683166146
0.603718820861678,2476.9097,0.0001278111303690821
0.626938775510204,2409.3364,0.00016139612125698477
0.6501587301587302,2603.827,0.00022087807883508503
0.6733786848072563,2587.0718,0.0003026978811249137
0.6965986394557824,2335.6582,0.00033092015655711293
0.7198185941043084,2181.3865,0.00031781161669641733
0.7430385487528345,2256.156,0.00028786412440240383
0.7662585034013606,2459.5645,0.00028660439420491457
0.7894784580498866,2550.2212,0.0002964795858133584
0.8126984126984127,2689.2468,0.0003670605947263539
0.8359183673469388,2656.243,0.00046065470087341964
0.8591383219954649,2388.423,0.000711744069121778
0.8823582766439909,2209.0671,0.000781636917963624
0.905578231292517,2206.7737,0.000494697131216526
0.9287981859410431,2480.71,0.0003599708725232631
0.9520181405895691,2542.142,0.00036580892628990114
0.9752380952380952,2648.1108,0.0005032822373323143
0.9984580498866213,2650.3123,0.0005907706217840314
1.0216780045351475,2587.1912,0.000746595615055412
1.0448979591836736,2508.032,0.0005831147427670658
1.0681179138321997,2290.9387,0.0006331984186545014
1.0913378684807256,2463.007,0.0005734088481403887
1.1145578231292517,2446.2417,0.0006803296273574233
1.1377777777777778,2471.2844,0.0007622813573107123
1.1609977324263039,2582.4644,0.0009653697488829494
1.18421768707483,2477.8289,0.0012320447713136673
1.207437641723356,2481.225,0.0013989483704790473
1.2306575963718822,2444.3096,0.001462405314669013
1.253877551020408,2477.539,0.000988504965789616
1.2770975056689342,2451.318,0.0014208940556272864
1.3003174603174603,2471.4087,0.0020270494278520346
1.3235374149659864,1664.9216,0.0021204533986747265
1.3467573696145125,2053.4458,0.0028974763117730618
1.3699773242630386,2098.7627,0.0035209376364946365
1.3931972789115648,1721.5771,0.0035189460031688213
1.4164172335600906,1693.7021,0.002831675112247467
1.4396371882086167,1846.7485,0.0025352141819894314
1.4628571428571429,2287.367,0.003915214445441961
1.486077097505669,2469.3777,0.005696406122297049
1.509297052154195,2560.273,0.006204873323440552
1.5325170068027212,2514.98,0.005777839105576277
1.5557369614512473,2302.8533,0.006147055421024561
1.5789569160997732,2227.2285,0.005443074740469456
1.6021768707482993,2305.931,0.006492934189736843
1.6253968253968254,2083.225,0.004735213238745928
1.6486167800453515,1822.6711,0.0043409764766693115
1.6718367346938776,2282.2026,0.005385582335293293
1.6950566893424037,2374.7834,0.007398486137390137
1.7182766439909298,2240.0847,0.00967918150126934
1.7414965986394557,1975.6757,0.010442569851875305
1.7647165532879818,1925.9058,0.010367948561906815
1.787936507936508,1969.89,0.00901478435844183
1.811156462585034,2083.9253,0.008213413879275322
1.8343764172335602,2024.2676,0.007862616330385208
1.8575963718820863,1853.3956,0.012260173447430134
1.8808163265306124,1693.0746,0.009102809242904186
1.9040362811791383,2509.3782,0.00596465403214097
1.9272562358276644,2389.691,0.004250590689480305
1.9504761904761905,2417.1445,0.0031056131701916456
1.9736961451247166,2392.5518,0.002769195009022951
1.9969160997732427,2394.4038,0.002933989744633436
2.020136054421769,2422.6997,0.003082157112658024
2.043356009070295,2509.4111,0.00289536127820611
2.066575963718821,2348.9097,0.0029578793328255415
2.089795918367347,2119.0066,0.0026332600973546505
2.1130158730158732,2233.8938,0.002404171507805586
2.1362358276643993,345.2071,0.0027849418111145496
2.159455782312925,2323.5698,0.002325938083231449
2.182675736961451,2528.1533,0.0017864573746919632
2.2058956916099772,2529.3076,0.001482851686887443
2.2291156462585033,2521.2131,0.0010122384410351515
2.2523356009070294,2487.3909,0.0006721371901221573
2.2755555555555556,2511.6184,0.0009744908311404288
2.2987755102040817,2664.707,0.0010883263312280178
2.3219954648526078,2667.0586,0.0008856409112922847
2.345215419501134,2794.5227,0.0007764609763398767
2.36843537414966,2670.2083,0.0007856774027459323
2.391655328798186,2676.4412,0.0006513645639643073
2.414875283446712,2686.323,0.0007116108317859471
2.4380952380952383,2677.4226,0.0008238218142651021
2.4613151927437644,2751.0222,0.0009562426130287349
2.48453514739229,2728.3125,0.000959750497713685
2.507755102040816,2810.412,0.0009447725024074316
2.5309750566893423,2726.5945,0.0007699783891439438
2.5541950113378684,2711.4194,0.0009773538913577795
2.5774149659863945,2691.3381,0.0009432340157218277
2.6006349206349206,2650.2852,0.0009228023700416088
2.6238548752834467,2715.3335,0.0006976461736485362
2.647074829931973,2742.2234,0.0005772005533799529
2.670294784580499,2657.158,0.0004996670759283006
2.693514739229025,2673.08,0.000567189825233072
2.716734693877551,2566.8098,0.0004682481521740556
2.7399546485260773,2632.377,0.0005512120551429689
2.7631746031746034,2654.2715,0.0005382252857089043
2.7863945578231295,2707.0525,0.0005115686799399555
2.809614512471655,2672.272,0.0005155073013156652
2.8328344671201813,2807.126,0.0006207203841768205
2.8560544217687074,295.67532,0.0007144783157855272
2.8792743764172335,297.9111,0.0006817353423684835
2.9024943310657596,2735.0837,0.000625703833065927
2.9257142857142857,2680.3123,0.0006128301611170173
2.948934240362812,324.93164,0.0007204539724625647
2.972154195011338,354.7062,0.0005856298375874758
2.995374149659864,292.1993,0.0006086764624342322
3.01859410430839,2817.6877,0.0003288007283117622
3.0418140589569163,273.97537,0.0002121004363289103
3.0650340136054424,250.3204,0.00016320587019436061
3.0882539682539685,230.8859,0.00020286609651520848
3.1114739229024946,252.89734,0.0003475216217339039
3.1346938775510207,270.32312,0.00032328793895430863
3.1579138321995464,274.81638,0.00041004898957908154
3.1811337868480725,270.16925,0.00040147651452571154
3.2043537414965986,269.9255,0.00033106678165495396
3.2275736961451247,295.63885,0.00029088056180626154
3.250793650793651,299.15015,0.00027197861345484853
3.274013605442177,297.35413,0.000321070896461606
3.297233560090703,267.35443,0.00040187855483964086
3.320453514739229,295.12674,0.0004013636498712003
3.3436734693877552,294.75198,0.000401725759729743
3.3668934240362813,289.7854,0.0003999812761321664
3.3901133786848074,289.52142,0.0004122226091567427
3.4133333333333336,290.14755,0.00038399023469537497
3.4365532879818597,267.65198,0.00036848586751148105
3.4597732426303858,270.45273,0.0003643083618953824
3.4829931972789114,287.62106,0.0004397110897116363
3.5062131519274375,291.259,0.00041789590613916516
3.5294331065759637,289.59335,0.00041300052544102073
3.5526530612244898,267.54147,0.00037825811887159944
3.575873015873016,289.45718,0.0003563194186426699
3.599092970521542,287.64807,0.0003473841934464872
3.622312925170068,289.8319,0.000324234802974388
3.645532879818594,264.95312,0.0002863266854546964
3.6687528344671203,263.71384,0.00027198976022191346
3.6919727891156464,291.1766,0.00022997094492893666
3.7151927437641725,283.61533,8.529674232704565e-05
3.7384126984126986,267.4404,1.4004226613906212e-05
3.7616326530612247,0.0,1.2673781384364702e-06
3.784852607709751,0.0,3.8533107726834714e-07
3.8080725623582765,0.0,1.1429074220359325e-07
3.8312925170068026,0.0,1.1467182048363611e-07
3.8545124716553287,0.0,9.451650839764625e-08
3.877732426303855,0.0,1.1259817256359383e-07
3.900952380952381,0.0,1.1134579835925251e-07
