0.0,0.0,3.374589141458273e-08
0.023219954648526078,0.0,4.329649527790025e-08
0.046439909297052155,0.0,7.67831807024777e-08
0.06965986394557823,0.0,3.177046892233193e-08
0.09287981859410431,0.0,5.0585185817908496e-08
0.11609977324263039,0.0,8.73387762112543e-08
0.13931972789115646,0.0,8.68689767230535e-06
0.16253968253968254,2561.697,1.6832342225825414e-05
0.18575963718820862,2386.7876,3.5798024327959865e-05
0.2089795918367347,2381.9666,4.653112409869209e-05
0.23219954648526078,2371.0525,5.6644414144102484e-05
0.25541950113378686,2437.0444,6.289298471529037e-05
0.2786394557823129,2458.1436,5.6012580898823217e-05
0.301859410430839,2470.21,4.759387593367137e-05
0.3250793650793651,2465.0005,4.359804006526247e-05
0.3482993197278912,2531.629,2.5994817406171933e-05
0.37151927437641724,2564.1392,4.765464836964384e-05
0.3947392290249433,2654.415,8.372402226086706e-05
0.4179591836734694,2545.8198,6.296203355304897e-05
0.44117913832199546,2597.346,0.000109561558929272
0.46439909297052157,2621.9695,0.00010035507148131728
0.4876190476190476,2528.5557,0.00012447436165530235
0.5108390022675737,2544.1228,0.00014220806770026684
0.5340589569160998,2550.9685,9.560882608639076e-05
0.5572789115646258,2520.2964,0.0001038857881212607
0.5804988662131519,2564.6846,7.851905684219673e-05
0.603718820861678,2589.8103,0.00013424755888991058
0.626938775510204,2581.5063,0.0001251273206435144
0.6501587301587302,2557.7073,0.00016628981393296272
0.6733786848072563,2547.309,0.00015807189629413188
0.6965986394557824,2570.9675,0.000146850710734725
0.7198185941043084,2556.9253,0.00016109924763441086
0.7430385487528345,2536.1902,0.0001600372779648751
0.7662585034013606,2583.4812,0.00017141638090834022
0.7894784580498866,2565.2302,0.0002505344746168703
0.8126984126984127,2639.221,0.00026856217300519347
0.8359183673469388,2582.541,0.00028639374068006873
0.8591383219954649,2546.0413,0.0002734057779889554
0.8823582766439909,2578.0137,0.0002334349264856428
0.905578231292517,2592.01,0.00022412494581658393
0.9287981859410431,2554.5295,0.0002942139399237931
0.9520181405895691,2587.6892,0.0002813860774040222
0.9752380952380952,2616.5032,0.0004025451489724219
0.9984580498866213,2548.1768,0.00042220542673021555
1.0216780045351475,2507.0266,0.0005150450160726905
1.0448979591836736,2564.8914,0.0004353333788458258
1.0681179138321997,2560.8857,0.0004447786486707628
1.0913378684807256,2537.7139,0.00046185372048057616
1.1145578231292517,2483.6418,0.0003099850728176534
1.1377777777777778,2570.107,0.0002721494238357991
1.1609977324263039,2418.0747,0.000271612370852381
1.18421768707483,2511.5732,0.0002476614317856729
1.207437641723356,2431.8718,0.00031954614678397775
1.2306575963718822,2451.3713,0.00044547906145453453
1.253877551020408,2507.6526,0.0003700865781866014
1.2770975056689342,2439.614,0.00040706899017095566
1.3003174603174603,2507.2817,0.0002549124474171549
1.3235374149659864,2348.4165,0.0002438205701764673
1.3467573696145125,2455.5815,0.0003186108951922506
1.3699773242630386,2308.2021,0.0003604287630878389
1.3931972789115648,2304.6216,0.0005081723793409765
1.4164172335600906,2441.8855,0.0005004503764212132
1.4396371882086167,2514.186,0.00046436244156211615
1.4628571428571429,2500.7664,0.0005939995171502233
1.486077097505669,2468.2263,0.0004453921574167907
1.509297052154195,2337.8755,0.0003691724268719554
1.5325170068027212,2546.7104,0.0003951640101149678
1.5557369614512473,2481.1328,0.000612488598562777
1.5789569160997732,2500.8306,0.0007007606327533722
1.6021768707482993,2516.7996,0.0007537588244304061
1.6253968253968254,2558.6038,0.000812238547950983
1.6486167800453515,2550.9019,0.0008970428607426584
1.6718367346938776,2556.8508,0.0006859520799480379
1.6950566893424037,2444.2415,0.0005641629104502499
1.7182766439909298,2518.6558,0.0005830122390761971
1.7414965986394557,2429.6143,0.0008366677793674171
1.7647165532879818,2456.4268,0.0008672744152136147
1.787936507936508,2412.2852,0.0010448538232594728
1.811156462585034,2476.14,0.0011915890499949455
1.8343764172335602,2478.693,0.001138920895755291
1.8575963718820863,2487.174,0.0010274320375174284
1.8808163265306124,2473.3452,0.0008374366443604231
1.9040362811791383,2269.9736,0.0009441608563065529
1.9272562358276644,2397.5325,0.0007397488225251436
1.9504761904761905,2465.1814,0.0010354078840464354
1.9736961451247166,2511.5647,0.0008299960754811764
1.9969160997732427,2576.7349,0.0006926290225237608
2.020136054421769,2600.646,0.0006545609794557095
2.043356009070295,2567.6245,0.0005886361468583345
2.066575963718821,2579.4678,0.0004985158448107541
2.089795918367347,2519.9055,0.0006078291917219758
2.1130158730158732,2336.4255,0.0006984321516938508
2.1362358276643993,2387.0269,0.00047829526010900736
2.159455782312925,2473.841,0.0004603500128723681
2.182675736961451,2484.118,0.0005056316731497645
2.2058956916099772,2392.8525,0.0004594385391101241
2.2291156462585033,2288.5564,0.0004171679029241204
2.2523356009070294,2340.746,0.00041310981032438576
2.2755555555555556,2447.7253,0.00038293664692901075
2.2987755102040817,2434.8955,0.00046441127778962255
2.3219954648526078,2369.628,0.000480479298857972
2.345215419501134,2261.704,0.00046815461246296763
2.36843537414966,2452.2966,0.0004450201231520623
2.391655328798186,2447.5833,0.00033109867945313454
2.414875283446712,2448.6196,0.00041543488623574376
2.4380952380952383,2460.313,0.0005037733353674412
2.4613151927437644,2452.0723,0.0004479787312448025
2.48453514739229,2439.4016,0.0005234761629253626
2.507755102040816,2486.1377,0.0004824289935640991
2.5309750566893423,2427.4343,0.0005494526121765375
2.5541950113378684,2501.5278,0.0004469298291951418
2.5774149659863945,2438.8167,0.0004311162047088146
2.6006349206349206,2485.5862,0.0004544649855233729
2.6238548752834467,2498.4927,0.00031279580434784293
2.647074829931973,2448.6492,0.00029088399605825543
2.670294784580499,2357.8984,0.0003531581605784595
2.693514739229025,2447.1687,0.00034275936195626855
2.716734693877551,2443.391,0.00035401451168581843
2.7399546485260773,2495.806,0.00036681018536910415
2.7631746031746034,2447.5835,0.0003934848355129361
2.7863945578231295,2501.4802,0.0003125592484138906
2.809614512471655,2469.7952,0.00022449815878644586
2.8328344671201813,2483.0793,0.0002709844848141074
2.8560544217687074,2458.033,0.00025813651154749095
2.8792743764172335,2479.3616,0.0002128886990249157
2.9024943310657596,2396.1091,0.0002575133112259209
2.9257142857142857,2495.4338,0.0001911650615511462
2.948934240362812,2463.8237,0.00019661185797303915
2.972154195011338,2497.1045,8.767493272898719e-05
2.995374149659864,2505.5288,8.236325811594725e-05
3.01859410430839,2479.5706,0.00011050657485611737
3.0418140589569163,2439.7866,0.00011580766295082867
3.0650340136054424,2379.8447,0.00011163701128680259
3.0882539682539685,2416.8088,0.00013857439626008272
3.1114739229024946,2453.5264,0.00010391627438366413
3.1346938775510207,2434.0576,0.00010377881699241698
3.1579138321995464,2439.2822,0.00010572720202617347
3.1811337868480725,2474.4214,8.65973488544114e-05
3.2043537414965986,2468.1802,6.740920071024448e-05
3.2275736961451247,2474.0493,5.633304317598231e-05
3.250793650793651,2394.444,6.139400647953153e-05
3.274013605442177,2374.2275,4.329415605752729e-05
3.297233560090703,2330.5813,4.549977893475443e-05
3.320453514739229,2362.929,4.27375671279151e-05
3.3436734693877552,2352.7175,4.735726543003693e-05
3.3668934240362813,2374.6228,4.890187847195193e-05
3.3901133786848074,2381.597,5.055008296039887e-05
3.4133333333333336,2433.5066,4.63789765490219e-05
3.4365532879818597,2422.183,4.003014328191057e-05
3.4597732426303858,2402.3596,4.306210030335933e-05
3.4829931972789114,2358.904,3.988962998846546e-05
3.5062131519274375,2410.8152,4.684834857471287e-05
3.5294331065759637,2462.579,5.047245940659195e-05
3.5526530612244898,2421.2017,5.687367229256779e-05
3.575873015873016,2436.6484,6.349110481096432e-05
3.599092970521542,2420.827,5.9153258916921914e-05
3.622312925170068,2441.419,5.5410222557839006e-05
3.645532879818594,2423.913,4.950234870193526e-05
3.6687528344671203,2439.637,5.4773379815742373e-05
3.6919727891156464,2438.9934,4.2859173845499754e-05
3.7151927437641725,2435.331,5.375722321332432e-05
3.7384126984126986,2446.0825,5.942571078776382e-05
3.7616326530612247,2469.589,4.979486402589828e-05
3.784852607709751,2407.043,5.220180901233107e-05
3.8080725623582765,2423.7405,5.144403985468671e-05
3.8312925170068026,2438.023,5.0105591071769595e-05
3.8545124716553287,2425.7063,6.380923150572926e-05
3.877732426303855,2496.9805,5.678697561961599e-05
3.900952380952381,2478.769,5.1877705118386075e-05
3.924172335600907,2505.6545,3.7877936847507954e-05
3.947392290249433,2493.9946,4.4461638026405126e-05
3.9706122448979593,2559.7534,2.148249768652022e-05
3.9938321995464854,0.0,5.159126885700971e-06
4.017052154195011,0.0,7.840399121050723e-07
4.040272108843538,0.0,3.741915861610323e-07
4.063492063492063,0.0,4.947423803969286e-07
4.08671201814059,0.0,1.6581998352194205e-07
4.1099319727891155,0.0,5.1780261856038123e-08
4.133151927437642,0.0,4.336925485404208e-08
4.156371882086168,0.0,3.930927050532773e-08
4.179591836734694,0.0,1.747412170516327e-08
