0.0,0.0,5.9095327742397785e-08
0.023219954648526078,0.0,4.433150024851784e-08
0.046439909297052155,0.0,2.6125235308427364e-08
0.06965986394557823,0.0,7.492781151086092e-08
0.09287981859410431,0.0,3.1393028621096164e-08
0.11609977324263039,0.0,3.889817890012637e-08
0.13931972789115646,0.0,1.615444489289075e-08
0.16253968253968254,0.0,1.1123120202682912e-08
0.18575963718820862,0.0,1.8160426407121122e-07
0.2089795918367347,3703.6775,0.00014710205141454935
0.23219954648526078,686.03436,0.00030272529693320394
0.25541950113378686,736.56433,0.00032327004009857774
0.2786394557823129,727.45605,0.0003538454184308648
0.301859410430839,744.7465,0.0004399251192808151
0.3250793650793651,760.8402,0.00043604953680187464
0.3482993197278912,755.06415,0.0003113180573564023
0.37151927437641724,663.2544,0.00040277920197695494
0.3947392290249433,664.2635,0.0004037095350213349
0.4179591836734694,681.1195,0.00032203932642005384
0.44117913832199546,714.50824,0.0003863092279061675
0.46439909297052157,663.56757,0.000545988033991307
0.4876190476190476,689.0413,0.0005517887184396386
0.5108390022675737,727.35175,0.000565299647860229
0.5340589569160998,741.16077,0.0005901538534089923
0.5572789115646258,789.45624,0.0007219272665679455
0.5804988662131519,799.3268,0.0008787256083451211
0.603718820861678,740.1984,0.001035293797031045
0.626938775510204,748.449,0.0010780026204884052
0.6501587301587302,745.5048,0.0009081624448299408
0.6733786848072563,771.44196,0.0008714350406080484
0.6965986394557824,618.5032,0.0011180280707776546
0.7198185941043084,633.1162,0.0013915877789258957
0.7430385487528345,624.35187,0.0011907797306776047
0.7662585034013606,749.5087,0.0012467323103919625
0.7894784580498866,719.05994,0.001230567111633718
0.8126984126984127,748.1188,0.0013930071145296097
0.8359183673469388,762.94244,0.0020038364455103874
0.8591383219954649,660.7141,0.0015070410445332527
0.8823582766439909,681.7987,0.0014773234724998474
0.905578231292517,728.19836,0.0022756531834602356
0.9287981859410431,722.09784,0.002152838045731187
0.9520181405895691,694.50836,0.0022436557337641716
0.9752380952380952,645.2486,0.002710095141083002
0.9984580498866213,672.588,0.0022422620095312595
1.0216780045351475,728.35187,0.0013814530102536082
1.0448979591836736,797.5517,0.0016327386256307364
1.0681179138321997,796.95905,0.0018952302634716034
1.0913378684807256,825.71924,0.002554509788751602
1.1145578231292517,813.5094,0.002748630940914154
1.1377777777777778,772.5986,0.0029754869174212217
1.1609977324263039,790.6719,0.0020209685899317265
1.18421768707483,790.82196,0.001872422406449914
1.207437641723356,665.2586,0.0031432253308594227
1.2306575963718822,591.45636,0.004302550107240677
1.253877551020408,601.026,0.004146276973187923
1.2770975056689342,534.4018,0.003083370625972748
1.3003174603174603,670.2575,0.0034566340036690235
1.3235374149659864,653.24426,0.005056855734437704
1.3467573696145125,627.4621,0.005099969916045666
1.3699773242630386,710.64526,0.004918999969959259
1.3931972789115648,747.8156,0.005469300784170628
1.4164172335600906,765.96246,0.00922164786607027
1.4396371882086167,725.6838,0.013744247145950794
1.4628571428571429,706.58636,0.013590505346655846
1.486077097505669,710.87177,0.009214259684085846
1.509297052154195,738.57556,0.0057841455563902855
1.5325170068027212,840.64703,0.008398346602916718
1.5557369614512473,1024.4319,0.013526299968361855
1.5789569160997732,1101.568,0.016909794881939888
1.6021768707482993,1067.0403,0.02040335349738598
1.6253968253968254,888.6786,0.018191540613770485
1.6486167800453515,820.9528,0.020901847630739212
1.6718367346938776,946.82764,0.010008606128394604
1.6950566893424037,568.08325,0.011711832135915756
1.7182766439909298,601.9974,0.01810806803405285
1.7414965986394557,613.7094,0.02390838786959648
1.7647165532879818,614.0185,0.02346525341272354
1.787936507936508,607.21344,0.02077186107635498
1.811156462585034,602.2408,0.02273677848279476
1.8343764172335602,605.19055,0.023001544177532196
1.8575963718820863,606.74603,0.024172058328986168
1.8808163265306124,607.04877,0.01900969073176384
1.9040362811791383,591.90765,0.019825976341962814
1.9272562358276644,1060.8442,0.02420361340045929
1.9504761904761905,839.94653,0.015739554539322853
1.9736961451247166,807.0273,0.016730867326259613
1.9969160997732427,863.0701,0.0159306637942791
2.020136054421769,919.83685,0.015690354630351067
2.043356009070295,855.4587,0.012333011254668236
2.066575963718821,798.16516,0.012683715671300888
2.089795918367347,802.00104,0.011260910890996456
2.1130158730158732,804.0445,0.010117823258042336
2.1362358276643993,827.74725,0.01011563092470169
2.159455782312925,819.77325,0.010910051874816418
2.182675736961451,822.07074,0.01081182062625885
2.2058956916099772,779.40765,0.009149584919214249
2.2291156462585033,671.5929,0.00989145040512085
2.2523356009070294,766.88837,0.007894321344792843
2.2755555555555556,612.39343,0.0057995133101940155
2.2987755102040817,643.02075,0.00409266073256731
2.3219954648526078,661.74615,0.004572451580315828
2.345215419501134,643.44476,0.007503356784582138
2.36843537414966,620.4122,0.006457473151385784
2.391655328798186,811.72876,0.005104496609419584
2.414875283446712,779.9822,0.004962403327226639
2.4380952380952383,789.90985,0.005133099853992462
2.4613151927437644,799.8655,0.005812555551528931
2.48453514739229,811.12103,0.005643617361783981
2.507755102040816,786.27924,0.009172750636935234
2.5309750566893423,743.40063,0.0058714705519378185
2.5541950113378684,742.625,0.004935362376272678
2.5774149659863945,775.67505,0.0041442858055233955
2.6006349206349206,627.57117,0.0039030034095048904
2.6238548752834467,681.4574,0.004203442018479109
2.647074829931973,725.0216,0.004372019786387682
2.670294784580499,695.6933,0.004868574906140566
2.693514739229025,625.60614,0.004612681455910206
2.716734693877551,774.1501,0.003812206443399191
2.7399546485260773,776.98724,0.00320512056350708
2.7631746031746034,626.76245,0.0037400054279714823
2.7863945578231295,637.63654,0.0027065477333962917
2.809614512471655,641.2197,0.0013390647945925593
2.8328344671201813,644.4752,0.0014381504151970148
2.8560544217687074,750.3337,0.0011719679459929466
2.8792743764172335,632.13654,0.0013327577617019415
2.9024943310657596,598.4151,0.0012198371114209294
2.9257142857142857,674.9769,0.001973280217498541
2.948934240362812,678.84735,0.0016781294252723455
2.972154195011338,706.0499,0.002066848799586296
2.995374149659864,715.97534,0.0011815158650279045
3.01859410430839,689.0639,0.00041433543083257973
3.0418140589569163,356.14282,0.0006053181132301688
3.0650340136054424,760.42303,0.0007965666591189802
3.0882539682539685,680.23645,0.0005642212345264852
3.1114739229024946,690.09845,0.0005617404822260141
3.1346938775510207,675.1755,0.0006446603802032769
3.1579138321995464,678.4514,0.0005987563054077327
3.1811337868480725,658.5167,0.0005453228950500488
3.2043537414965986,661.4258,0.0005925828590989113
3.2275736961451247,665.00244,0.0006569011020474136
3.250793650793651,659.9824,0.0006339979590848088
3.274013605442177,793.56964,0.0006635651807300746
3.297233560090703,790.44904,0.0006511934916488826
3.320453514739229,813.2989,0.0005435129278339446
3.3436734693877552,652.5573,0.0005206330679357052
3.3668934240362813,660.80096,0.0005625290796160698
3.3901133786848074,662.5857,0.0005283630453050137
3.4133333333333336,660.4888,0.0005435924977064133
3.4365532879818597,658.46497,0.0005345569807104766
3.4597732426303858,651.7615,0.0004717723932117224
3.4829931972789114,655.7482,0.0004731639928650111
3.5062131519274375,661.54333,0.0005082903080619872
3.5294331065759637,658.55304,0.0004666818422265351
3.5526530612244898,661.4299,0.0005010093445889652
3.575873015873016,657.74725,0.0004867676179856062
3.599092970521542,661.06323,0.000429641455411911
3.622312925170068,659.21027,0.00040115939918905497
3.645532879818594,659.6813,0.00032832424039952457
3.6687528344671203,658.7316,3.595153975766152e-05
3.6919727891156464,0.0,2.999363459821325e-06
3.7151927437641725,0.0,5.606716513284482e-07
3.7384126984126986,0.0,1.0846451914403588e-07
3.7616326530612247,0.0,7.999278750503436e-08
3.784852607709751,0.0,1.0302755981683731e-07
3.8080725623582765,0.0,1.1646261555142701e-07
3.8312925170068026,0.0,5.1650204113684595e-08
3.8545124716553287,0.0,5.477340891957283e-08
3.877732426303855,0.0,2.147498889826238e-08
