0.0,0.0,5.207384674577042e-07
0.023219954648526078,0.0,2.651804607012309e-07
0.046439909297052155,0.0,1.5487057680729777e-07
0.06965986394557823,0.0,2.1453797671711072e-07
0.09287981859410431,0.0,2.425067577860318e-07
0.11609977324263039,0.0,2.3069969756761566e-07
0.13931972789115646,0.0,4.138892109040171e-07
0.16253968253968254,0.0,3.067825673497282e-07
0.18575963718820862,23696.24,1.2195499948575161e-05
0.2089795918367347,268.08978,0.0004089200810994953
0.23219954648526078,804.47894,0.00036932461080141366
0.25541950113378686,405.77176,0.0005228203954175115
0.2786394557823129,810.1428,0.0004887809045612812
0.301859410430839,788.6267,0.00027862476417794824
0.3250793650793651,777.4924,1.625888398848474e-05
0.3482993197278912,0.0,1.6647009033476934e-06
0.37151927437641724,0.0,2.553742888267152e-07
0.3947392290249433,0.0,2.0773495634784922e-07
0.4179591836734694,0.0,2.3090915419743396e-06
0.44117913832199546,371.74216,0.0011043164413422346
0.46439909297052157,703.93964,0.0010884769726544619
0.4876190476190476,691.0915,0.0003498648584354669
0.5108390022675737,327.9914,7.659224502276629e-05
0.5340589569160998,0.0,6.617927283514291e-06
0.5572789115646258,0.0,1.0315088729839772e-06
0.5804988662131519,0.0,1.117143256124109e-06
0.603718820861678,7214.4517,0.0002927489404100925
0.626938775510204,422.47144,0.0035131797194480896
0.6501587301587302,854.20135,0.004822360351681709
0.6733786848072563,851.9848,0.004633935168385506
0.6965986394557824,852.84015,0.00276897638104856
0.7198185941043084,841.35736,0.00047513050958514214
0.7430385487528345,408.147,1.1084476682299282e-05
0.7662585034013606,0.0,9.100185707211494e-07
0.7894784580498866,0.0,9.789455361897126e-07
0.8126984126984127,505.14212,0.0033822786062955856
0.8359183673469388,535.02106,0.007610610220581293
0.8591383219954649,550.52466,0.011094659566879272
0.8823582766439909,554.4537,0.009553978219628334
0.905578231292517,551.18274,0.004511133302003145
0.9287981859410431,535.5657,0.006448307074606419
0.9520181405895691,1006.1237,0.00041362305637449026
0.9752380952380952,0.0,6.285562449193094e-06
0.9984580498866213,0.0,1.0972080417559482e-06
1.0216780045351475,0.0,1.154957317339722e-06
1.0448979591836736,8177.979,0.0008662443142384291
1.0681179138321997,811.5351,0.002489832229912281
1.0913378684807256,795.5675,0.002464407356455922
1.1145578231292517,783.08374,0.0018337611109018326
1.1377777777777778,777.6219,0.0007752454839646816
1.1609977324263039,768.95667,0.0001920817157952115
1.18421768707483,0.0,7.015291885181796e-06
1.207437641723356,0.0,7.178405212471262e-07
1.2306575963718822,0.0,3.3211836125701666e-07
1.253877551020408,0.0,4.808398443856277e-07
1.2770975056689342,7784.146,0.00011239446757826954
1.3003174603174603,339.7587,0.003040914423763752
1.3235374149659864,988.9043,0.003151899203658104
1.3467573696145125,971.30316,0.004107537679374218
1.3699773242630386,951.2927,0.0038617567624896765
1.3931972789115648,938.9859,0.0025298502296209335
1.4164172335600906,952.8182,0.0004903882509097457
1.4396371882086167,976.8291,5.46108276466839e-05
1.4628571428571429,0.0,2.6257357603753917e-06
1.486077097505669,0.0,4.5335855247685686e-07
1.509297052154195,0.0,3.0694263841724023e-07
1.5325170068027212,0.0,2.543702066759579e-07
1.5557369614512473,0.0,6.089658199925907e-07
1.5789569160997732,6728.3887,1.388600139762275e-05
1.6021768707482993,299.58093,0.0005500289844349027
1.6253968253968254,793.8923,0.0005959449335932732
1.6486167800453515,811.83655,0.0003303917474113405
1.6718367346938776,245.26794,0.00041224859887734056
1.6950566893424037,245.21892,0.0005306522361934185
1.7182766439909298,253.19307,0.0005654923152178526
1.7414965986394557,794.8782,0.0005458009545691311
1.7647165532879818,799.2772,0.0005519593833014369
1.787936507936508,393.9025,0.0004331363015808165
1.811156462585034,251.58987,0.0003262904938310385
1.8343764172335602,244.78188,0.0003736794169526547
1.8575963718820863,244.95396,0.0003783660940825939
1.8808163265306124,249.45985,0.0003429250791668892
1.9040362811791383,254.91644,0.00028339948039501905
1.9272562358276644,393.29214,0.00027734972536563873
1.9504761904761905,779.3082,0.00022839909070171416
1.9736961451247166,254.38252,0.00018008038750849664
1.9969160997732427,249.55122,0.0001919889182318002
2.020136054421769,248.71884,0.00020139214757364243
2.043356009070295,250.55148,0.00018412192002870142
2.066575963718821,253.96198,0.0001674696250120178
2.089795918367347,259.9431,0.00018368137534707785
2.1130158730158732,263.68933,0.00019859625899698585
2.1362358276643993,261.2134,0.00014274266141001135
2.159455782312925,251.82628,0.00011006930435542017
2.182675736961451,240.46117,0.0001185746950795874
2.2058956916099772,239.74054,9.830374619923532e-05
2.2291156462585033,242.89268,0.00010813053813762963
2.2523356009070294,253.03539,9.366582526126876e-05
2.2755555555555556,263.574,8.862991671776399e-05
2.2987755102040817,269.90536,0.00011638108117040247
2.3219954648526078,267.76987,9.022731683216989e-05
2.345215419501134,259.76678,4.8536898248130456e-05
2.36843537414966,247.74191,4.519901267485693e-05
2.391655328798186,241.07042,3.377077518962324e-05
2.414875283446712,241.33821,2.0763964130310342e-05
2.4380952380952383,247.49539,1.0220864169241395e-05
2.4613151927437644,0.0,2.695182047318667e-06
2.48453514739229,0.0,5.763677108916454e-07
2.507755102040816,0.0,5.107767719891854e-07
2.5309750566893423,0.0,3.6441815609578043e-07
2.5541950113378684,0.0,5.276860974845476e-07
2.5774149659863945,0.0,3.2260777516057715e-07
