0.0,0.0,4.5901651901658624e-07
0.023219954648526078,0.0,1.996158971451223e-07
0.046439909297052155,0.0,4.0916711441241205e-07
0.06965986394557823,0.0,2.410315573797561e-07
0.09287981859410431,0.0,1.814532879507169e-07
0.11609977324263039,0.0,9.161331036011688e-07
0.13931972789115646,11484.126,5.538158438866958e-05
0.16253968253968254,266.5301,0.0001395393192069605
0.18575963718820862,264.1692,0.00014277282753027976
0.2089795918367347,265.46057,0.0001843050413299352
0.23219954648526078,267.21597,0.00019074106239713728
0.25541950113378686,266.17618,0.0001825504587031901
0.2786394557823129,266.40582,0.00011564481246750802
0.301859410430839,264.58603,0.00015845661982893944
0.3250793650793651,280.61853,0.00017186455079354346
0.3482993197278912,294.58835,0.00017322222993243486
0.37151927437641724,303.48175,0.00014138699043542147
0.3947392290249433,307.89294,0.00015799848188180476
0.4179591836734694,305.3892,0.00019383165636099875
0.44117913832199546,296.99286,0.0002251010446343571
0.46439909297052157,297.0416,0.00017909807502292097
0.4876190476190476,315.71936,0.0003360837581567466
0.5108390022675737,327.32388,0.0006752611370757222
0.5340589569160998,332.1705,0.000943251303397119
0.5572789115646258,333.23877,0.001087869517505169
0.5804988662131519,330.8676,0.0011222116881981492
0.603718820861678,331.30945,0.0009213496232405305
0.626938775510204,327.57935,0.0012356708757579327
0.6501587301587302,338.56827,0.0015216825995594263
0.6733786848072563,355.04718,0.0017395531758666039
0.6965986394557824,355.2067,0.0017836964689195156
0.7198185941043084,355.59055,0.0017771831480786204
0.7430385487528345,352.50858,0.0017727373633533716
0.7662585034013606,354.84113,0.0017672883113846183
0.7894784580498866,360.36282,0.0017769425176084042
0.8126984126984127,368.61096,0.0021088039502501488
0.8359183673469388,389.91208,0.0031883413903415203
0.8591383219954649,387.98688,0.0030020626727491617
0.8823582766439909,386.0091,0.0029762438498437405
0.905578231292517,384.3662,0.0033772196620702744
0.9287981859410431,388.14868,0.0031887509394437075
0.9520181405895691,389.81268,0.0032822461798787117
0.9752380952380952,406.07834,0.005665064323693514
0.9984580498866213,429.854,0.006751763168722391
1.0216780045351475,440.6584,0.009180722758173943
1.0448979591836736,447.8533,0.01032415684312582
1.0681179138321997,450.39566,0.011434369720518589
1.0913378684807256,454.67566,0.011845430359244347
1.1145578231292517,460.95398,0.012605629861354828
1.1377777777777778,467.04904,0.019299525767564774
1.1609977324263039,480.6812,0.01274791732430458
1.18421768707483,499.05942,0.009941080585122108
1.207437641723356,507.17038,0.009498508647084236
1.2306575963718822,505.2433,0.009495371952652931
1.253877551020408,503.61133,0.011357350274920464
1.2770975056689342,500.54593,0.016318844631314278
1.3003174603174603,500.8559,0.033974938094615936
1.3235374149659864,1038.58,0.040449999272823334
1.3467573696145125,1076.7825,0.046237774193286896
1.3699773242630386,1098.7361,0.04251027852296829
1.3931972789115648,1103.938,0.03265279531478882
1.4164172335600906,1090.4927,0.02224920317530632
1.4396371882086167,533.78973,0.024662557989358902
1.4628571428571429,1075.7194,0.03141424059867859
1.486077097505669,1114.4045,0.03959880769252777
1.509297052154195,570.4202,0.019207634031772614
1.5325170068027212,598.6273,0.0351736918091774
1.5557369614512473,604.7522,0.029291464015841484
1.5789569160997732,595.2227,0.02268405258655548
1.6021768707482993,576.494,0.039410531520843506
1.6253968253968254,558.4041,0.03483867645263672
1.6486167800453515,1084.8964,0.03966255113482475
1.6718367346938776,1061.3854,0.061424702405929565
1.6950566893424037,1050.8439,0.06666000187397003
1.7182766439909298,1045.0968,0.04802462458610535
1.7414965986394557,1035.629,0.03896130248904228
1.7647165532879818,1031.8832,0.020287415012717247
1.787936507936508,492.4683,0.02330627664923668
1.811156462585034,490.68878,0.02539949119091034
1.8343764172335602,491.64224,0.020521942526102066
1.8575963718820863,487.51315,0.01645495370030403
1.8808163265306124,481.21405,0.01462959311902523
1.9040362811791383,472.36963,0.009925007820129395
1.9272562358276644,459.37906,0.007361001335084438
1.9504761904761905,443.36255,0.007680992130190134
1.9736961451247166,432.0764,0.004981881007552147
1.9969160997732427,420.98398,0.005085080396384001
2.020136054421769,418.8445,0.005231453105807304
2.043356009070295,414.8506,0.004699482582509518
2.066575963718821,415.24023,0.004240403883159161
2.089795918367347,411.1584,0.004298894200474024
2.1130158730158732,404.86072,0.0032626239117234945
2.1362358276643993,394.34177,0.002155955880880356
2.159455782312925,381.22925,0.002212424296885729
2.182675736961451,384.9411,0.0021748882718384266
2.2058956916099772,386.00403,0.001964160241186619
2.2291156462585033,387.205,0.0019341630395501852
2.2523356009070294,384.6903,0.0017349545378237963
2.2755555555555556,375.93976,0.0015024245949462056
2.2987755102040817,362.26685,0.0013442060444504023
2.3219954648526078,348.0812,0.0009305970743298531
2.345215419501134,356.50143,0.000953068898525089
2.36843537414966,355.1791,0.0008038112428039312
2.391655328798186,355.86624,0.0007464901427738369
2.414875283446712,352.9593,0.000778195564635098
2.4380952380952383,342.3902,0.0013727403711527586
2.4613151927437644,335.04837,0.001589386723935604
2.48453514739229,326.9297,0.0015805271686986089
2.507755102040816,329.4391,0.0013760735746473074
2.5309750566893423,330.73233,0.0012274462496861815
2.5541950113378684,328.52917,0.0010474143782630563
2.5774149659863945,323.66693,0.0007517875637859106
2.6006349206349206,981.4544,0.00044687726767733693
2.6238548752834467,300.61362,0.0005853588809259236
2.647074829931973,290.8239,0.000564158777706325
2.670294784580499,290.2034,0.0006072985706850886
2.693514739229025,298.37143,0.0004799850285053253
2.716734693877551,302.00424,0.000512098369654268
2.7399546485260773,436.22455,0.0005704697105102241
2.7631746031746034,295.22305,0.000532038975507021
2.7863945578231295,288.01318,0.0004562984686344862
2.809614512471655,281.68045,0.00034417450660839677
2.8328344671201813,276.83585,0.00026010163128376007
2.8560544217687074,265.8889,0.00018862198339775205
2.8792743764172335,253.69891,0.00018901382281910628
2.9024943310657596,254.98972,0.000155555026140064
2.9257142857142857,264.95346,0.00020860842778347433
2.948934240362812,266.99997,0.00022518043988384306
2.972154195011338,265.80875,0.00020414276514202356
2.995374149659864,263.3774,0.00018428999464958906
3.01859410430839,259.95184,0.00015368746244348586
3.0418140589569163,260.5554,0.0001711432123556733
3.0650340136054424,265.13818,0.00022731185890734196
3.0882539682539685,268.41092,0.00021599687170237303
3.1114739229024946,267.43176,0.00019125372637063265
3.1346938775510207,264.1081,0.00014557404210790992
3.1579138321995464,258.86154,0.00011280525359325111
3.1811337868480725,258.64548,0.0001176435180241242
3.2043537414965986,262.20285,0.00014220715092960745
3.2275736961451247,266.00888,0.00016901729395613074
3.250793650793651,268.9053,0.00014727030065841973
3.274013605442177,264.43326,0.00010168642620556056
3.297233560090703,256.8829,6.445292092394084e-05
3.320453514739229,253.1806,5.400805821409449e-05
3.3436734693877552,253.91563,5.148936907062307e-05
3.3668934240362813,257.83087,5.3080708312336355e-05
3.3901133786848074,263.27316,8.284131763502955e-05
3.4133333333333336,265.47186,9.566535300109535e-05
3.4365532879818597,266.5925,0.00010409398237243295
3.4597732426303858,264.06342,8.915810758480802e-05
3.4829931972789114,257.72137,4.064173481310718e-05
3.5062131519274375,246.40932,4.2841173126362264e-05
3.5294331065759637,245.34445,5.3723197197541595e-05
3.5526530612244898,247.8594,4.6685039706062526e-05
3.575873015873016,255.2755,3.6410667235031724e-05
3.599092970521542,272.98322,4.605678259395063e-05
3.622312925170068,275.85297,1.445408179279184e-05
3.645532879818594,0.0,3.048471626243554e-06
3.6687528344671203,0.0,3.5370703699300066e-07
3.6919727891156464,0.0,7.072294465615414e-07
3.7151927437641725,0.0,4.899447958450764e-07
3.7384126984126986,0.0,5.085494194645435e-07
3.7616326530612247,0.0,7.293292583199218e-07
3.784852607709751,0.0,4.401745172799565e-07
3.8080725623582765,0.0,1.1319971235934645e-06
3.8312925170068026,0.0,7.200351319625042e-07
3.8545124716553287,0.0,1.615007931832224e-07
