0.0,0.0,3.860441211145371e-07
0.023219954648526078,0.0,1.2412247087922879e-06
0.046439909297052155,0.0,5.301180863170885e-07
0.06965986394557823,0.0,1.8011178326560184e-07
0.09287981859410431,0.0,2.550450517446734e-07
0.11609977324263039,0.0,1.1167003322043456e-06
0.13931972789115646,6680.775,4.343783439253457e-05
0.16253968253968254,260.6677,0.00013395206769928336
0.18575963718820862,260.81854,0.0001378364977426827
0.2089795918367347,264.55545,0.00019490160048007965
0.23219954648526078,265.76642,0.0002133175585186109
0.25541950113378686,265.24326,8.970636554295197e-05
0.2786394557823129,253.80219,5.504937143996358e-05
0.301859410430839,264.77832,0.0001939131907420233
0.3250793650793651,283.78278,0.00019705563317984343
0.3482993197278912,291.61783,0.00025224947603419423
0.37151927437641724,294.12302,0.0002615505363792181
0.3947392290249433,298.54477,0.00019296394020784646
0.4179591836734694,303.94473,0.00016796911950223148
0.44117913832199546,298.32092,0.0001522048405604437
0.46439909297052157,302.38516,0.00019068256369791925
0.4876190476190476,326.12213,0.0005153622478246689
0.5108390022675737,335.2022,0.0005559643032029271
0.5340589569160998,332.5784,0.0005756370956078172
0.5572789115646258,334.43103,0.0006318328669294715
0.5804988662131519,334.55713,0.000701433455105871
0.603718820861678,334.0746,0.0006899783620610833
0.626938775510204,334.59543,0.0009261947125196457
0.6501587301587302,347.64178,0.0012578400783240795
0.6733786848072563,357.67996,0.0014058479573577642
0.6965986394557824,357.52347,0.0013156728819012642
0.7198185941043084,353.04337,0.0012069973163306713
0.7430385487528345,353.07745,0.0015851673670113087
0.7662585034013606,359.06616,0.0016811788082122803
0.7894784580498866,359.37143,0.0020177308470010757
0.8126984126984127,373.27628,0.0016038103494793177
0.8359183673469388,431.7179,0.0014053222257643938
0.8591383219954649,382.3408,0.0016204423736780882
0.8823582766439909,386.09067,0.001739678904414177
0.905578231292517,390.49777,0.001993547659367323
0.9287981859410431,400.6459,0.00244887825101614
0.9520181405895691,410.88654,0.0036614250857383013
0.9752380952380952,427.28253,0.002746924292296171
0.9984580498866213,433.07587,0.002419393742457032
1.0216780045351475,438.23227,0.002909233095124364
1.0448979591836736,442.5289,0.00391025934368372
1.0681179138321997,449.6144,0.004170726519078016
1.0913378684807256,445.88898,0.006345018278807402
1.1145578231292517,471.79034,0.015131913125514984
1.1377777777777778,2419.4744,0.011959092691540718
1.1609977324263039,2321.8467,0.011221866123378277
1.18421768707483,2256.4966,0.010847634635865688
1.207437641723356,2271.7617,0.011872046627104282
1.2306575963718822,2215.6816,0.011923031881451607
1.253877551020408,641.549,0.010016830638051033
1.2770975056689342,685.8811,0.013094554655253887
1.3003174603174603,2119.2986,0.010927421040832996
1.3235374149659864,735.4627,0.007336707320064306
1.3467573696145125,735.954,0.00803722906857729
1.3699773242630386,714.60156,0.010257869027554989
1.3931972789115648,708.56824,0.01349944993853569
1.4164172335600906,2194.6724,0.018130797892808914
1.4396371882086167,2194.5784,0.0369018018245697
1.4628571428571429,2237.7793,0.03325833007693291
1.486077097505669,2337.474,0.03178056702017784
1.509297052154195,2411.4543,0.029615553095936775
1.5325170068027212,785.74994,0.02961971051990986
1.5557369614512473,801.61237,0.03513289988040924
1.5789569160997732,800.07886,0.023120712488889694
1.6021768707482993,2430.802,0.023589299991726875
1.6253968253968254,733.5255,0.015604877844452858
1.6486167800453515,2494.1453,0.013229785487055779
1.6718367346938776,699.98346,0.012879119254648685
1.6950566893424037,724.4412,0.010349683463573456
1.7182766439909298,724.9405,0.008739389479160309
1.7414965986394557,716.36926,0.00931126344949007
1.7647165532879818,702.124,0.015516609884798527
1.787936507936508,668.41046,0.016261741518974304
1.811156462585034,2540.0781,0.016585180535912514
1.8343764172335602,2509.4697,0.019110053777694702
1.8575963718820863,2444.8088,0.013736320659518242
1.8808163265306124,2436.2393,0.013880927115678787
1.9040362811791383,2431.1099,0.00932939164340496
1.9272562358276644,606.19824,0.008206639438867569
1.9504761904761905,466.06726,0.004825449548661709
1.9736961451247166,448.411,0.008106647059321404
1.9969160997732427,449.55896,0.007900825701653957
2.020136054421769,445.11755,0.006109151989221573
2.043356009070295,437.23334,0.003930380102247
2.066575963718821,429.64258,0.00398002564907074
2.089795918367347,426.5969,0.0030083893798291683
2.1130158730158732,414.98047,0.0015160564798861742
2.1362358276643993,389.06116,0.0017859451472759247
2.159455782312925,392.0059,0.00313344388268888
2.182675736961451,397.18997,0.0030510947108268738
2.2058956916099772,393.1191,0.0026655010879039764
2.2291156462585033,386.04355,0.002204370219260454
2.2523356009070294,378.7374,0.0016777494456619024
2.2755555555555556,370.0774,0.0010651778429746628
2.2987755102040817,403.59897,0.0013813129626214504
2.3219954648526078,357.06714,0.0018850467167794704
2.345215419501134,364.7231,0.0017634878167882562
2.36843537414966,360.09186,0.001360294409096241
2.391655328798186,354.9706,0.0005353479646146297
2.414875283446712,346.88388,0.0003382568247616291
2.4380952380952383,341.17996,0.000724569836165756
2.4613151927437644,384.92798,0.001057543558999896
2.48453514739229,375.34668,0.0014349231496453285
2.507755102040816,380.96558,0.0014142792206257582
2.5309750566893423,375.711,0.001129915937781334
2.5541950113378684,365.4343,0.0008658855222165585
2.5774149659863945,326.41113,0.0006555705331265926
2.6006349206349206,356.12122,0.00031589396530762315
2.6238548752834467,333.77994,0.0005175811820663512
2.647074829931973,321.19107,0.0006154896691441536
2.670294784580499,330.10648,0.0005815246840938926
2.693514739229025,333.41013,0.00044074770994484425
2.716734693877551,331.6938,0.0003433481033425778
2.7399546485260773,328.65756,0.00043521710904315114
2.7631746031746034,329.42422,0.0004969814326614141
2.7863945578231295,323.15625,0.00037075072759762406
2.809614512471655,278.14212,0.0002531644713599235
2.8328344671201813,265.93726,0.00019238077220506966
2.8560544217687074,254.39299,0.00015250312571879476
2.8792743764172335,244.39368,0.0002714438596740365
2.9024943310657596,249.84229,0.00023864657850936055
2.9257142857142857,260.11948,0.00015628125402145088
2.948934240362812,264.835,0.0002567549527157098
2.972154195011338,261.7572,0.00022834497212897986
2.995374149659864,259.54132,0.00018626499513629824
3.01859410430839,282.15732,0.00016642120317555964
3.0418140589569163,285.2591,0.000178717658855021
3.0650340136054424,267.5694,0.00027734789182431996
3.0882539682539685,270.8722,0.0002223630581283942
3.1114739229024946,265.58252,0.00016711128409951925
3.1346938775510207,256.01886,0.00011336457828292623
3.1579138321995464,249.38153,0.0001216702803503722
3.1811337868480725,250.3278,0.00012438616249710321
3.2043537414965986,259.47067,0.00010146517888642848
3.2275736961451247,267.75903,0.00016241311095654964
3.250793650793651,266.21426,0.00011617376731010154
3.274013605442177,260.5606,7.192129851318896e-05
3.297233560090703,249.83899,6.314936035778373e-05
3.320453514739229,247.97937,9.728681470733136e-05
3.3436734693877552,250.87796,6.932101678103209e-05
3.3668934240362813,258.75388,4.0899612940847874e-05
3.3901133786848074,270.1674,5.5071468523237854e-05
3.4133333333333336,268.3941,1.9238579625380225e-05
3.4365532879818597,0.0,3.4995682653971016e-06
3.4597732426303858,0.0,1.2069158401573077e-06
3.4829931972789114,0.0,2.6923680707113817e-07
3.5062131519274375,0.0,1.772405084921047e-07
3.5294331065759637,0.0,2.5011831894516945e-07
3.5526530612244898,0.0,1.3298995327204466e-07
3.575873015873016,0.0,5.951860657660291e-07
3.599092970521542,0.0,6.135214789537713e-07
3.622312925170068,0.0,2.7300393412588164e-07
